230,5312,2988
5-1,Uninfected,No_comment,Polygon,9,2640.3,27.5,2701.55,27.5,2734.05,67.55,2727.8,116.3,2692.8,145.05,2692.8,145.05,2650.3,147.55,2610.3,110.05,2616.55,53.75
5-2,Uninfected,No_comment,Polygon,9,2754.05,115.05,2802.8,80.05,2844.05,81.3,2890.3,123.8,2886.55,156.3,2831.55,210.05,2790.3,212.55,2746.55,178.8,2741.55,145.05
5-3,Uninfected,No_comment,Polygon,8,2846.55,211.3,2882.8,176.3,2915.3,173.8,2947.85,192.55,2947.85,270.05,2909.05,305.05,2864.05,305.05,2835.3,261.3
5-4,Uninfected,No_comment,Polygon,9,2981.6,173.8,3010.35,162.55,3057.85,165.05,3085.35,210.05,3077.85,252.55,3035.35,288.8,3001.6,288.8,2972.85,258.8,2970.35,202.55
5-5,Uninfected,No_comment,Polygon,9,3172.85,243.8,3197.85,211.3,3241.6,198.8,3284.1,208.8,3309.1,261.3,3291.6,316.3,3251.6,335.05,3210.35,335.05,3172.85,296.3
5-6,Uninfected,No_comment,Polygon,10,3312.85,201.3,3327.85,167.55,3327.85,167.55,3376.6,152.55,3421.65,171.3,3446.65,240.05,3436.65,268.8,3436.65,268.75,3382.85,283.8,3335.35,267.55
5-7,Uninfected,No_comment,Polygon,9,3481.65,117.55,3510.4,112.55,3550.4,132.55,3566.65,173.8,3545.4,225.05,3506.65,243.8,3471.65,233.8,3446.65,173.8,3451.65,142.55
5-8,Uninfected,No_comment,Polygon,11,3610.4,150.05,3570.4,217.55,3572.9,253.8,3595.4,276.3,3636.6,272.55,3636.6,272.55,3677.9,245.05,3677.9,245.05,3694.15,200.05,3669.15,157.55,3645.4,146.3
5-9,Uninfected,No_comment,Polygon,12,3637.85,318.8,3646.65,281.3,3691.65,256.3,3691.6,256.3,3739.15,261.3,3739.1,261.3,3764.15,296.3,3764.1,296.3,3755.4,347.55,3722.9,376.3,3666.65,371.3,3666.6,371.3
5-10,Uninfected,No_comment,Polygon,9,3455.4,326.3,3491.65,300.05,3534.15,308.8,3561.65,340.05,3566.65,377.55,3544.15,422.55,3495.4,436.3,3456.65,416.3,3439.15,375.05
5-11,Uninfected,No_comment,Polygon,9,3740.4,422.55,3766.65,400.05,3827.9,405.05,3859.15,435.05,3866.65,475.05,3834.15,526.3,3776.65,531.3,3742.9,502.55,3730.4,456.3
5-12,Uninfected,No_comment,Polygon,10,3511.65,468.8,3520.4,447.55,3559.15,420.05,3606.65,415.05,3637.85,438.8,3649.15,490.05,3629.15,528.8,3589.15,542.6,3540.4,530.05,3516.65,497.55
5-13,Uninfected,No_comment,Polygon,10,3240.35,423.8,3252.85,387.55,3289.1,370.05,3336.6,378.8,3362.85,415.05,3362.85,465.05,3341.6,493.8,3301.6,511.3,3270.35,500.05,3245.35,468.8
5-14,Uninfected,No_comment,Polygon,10,3181.6,457.55,3217.85,452.55,3256.6,488.8,3267.85,542.6,3267.85,542.6,3247.85,572.6,3196.6,583.85,3162.8,562.6,3149.1,521.3,3159.05,481.3
5-15,Uninfected,No_comment,Polygon,9,2950.35,453.8,2961.6,511.3,2990.35,535.1,3024.1,530.05,3057.85,501.3,3060.35,455.05,3046.6,426.3,3004.1,410.05,2969.1,422.55
5-16,Uninfected,No_comment,Polygon,9,3306.6,528.8,3340.35,508.8,3385.35,512.55,3425.4,546.35,3421.65,586.35,3396.6,617.6,3352.85,627.6,3317.85,616.35,3296.6,573.85
5-17,Uninfected,No_comment,Polygon,9,3459.15,540.1,3501.65,523.8,3541.65,540.1,3566.65,576.35,3557.9,618.85,3527.9,643.85,3485.4,651.35,3446.65,628.85,3439.15,582.6
5-18,Uninfected,No_comment,Polygon,10,4207.95,623.85,4179.2,576.35,4132.95,568.85,4080.45,590.1,4059.2,632.6,4069.2,678.85,4110.45,703.85,4110.45,703.85,4159.2,701.35,4202.95,663.85
5-19,Uninfected,No_comment,Polygon,11,3917.95,647.6,3956.7,617.6,3997.95,620.1,3997.95,620.15,4039.2,640.1,4050.45,690.1,4032.95,727.6,3976.7,752.6,3936.7,746.35,3907.95,720.1,3900.45,680.1
5-20,Uninfected,No_comment,Polygon,10,3747.9,673.85,3716.65,696.35,3705.4,748.85,3715.4,788.85,3749.15,802.6,3749.15,802.6,3795.4,793.85,3819.15,760.1,3821.65,703.85,3787.9,672.6
5-21,Uninfected,No_comment,Polygon,9,3567.9,671.35,3606.65,633.85,3651.65,630.1,3689.15,647.6,3699.15,681.35,3680.4,750.1,3640.35,772.6,3591.65,761.35,3565.4,720.1
5-22,Uninfected,No_comment,Polygon,8,2864.05,457.55,2841.55,498.8,2850.3,542.6,2884.05,556.35,2920.3,543.85,2940.35,507.55,2936.6,471.3,2909.05,451.3
5-23,Uninfected,No_comment,Polygon,8,2682.75,322.55,2661.55,353.8,2677.8,412.55,2720.3,427.55,2751.55,416.3,2772.8,371.3,2759.05,331.3,2730.3,316.3
5-24,Uninfected,No_comment,Polygon,9,2724.05,483.8,2701.55,521.3,2725.3,570.1,2755.3,582.6,2796.55,561.35,2796.55,561.35,2809.05,518.8,2780.3,475.05,2757.8,468.8
5-25,Uninfected,No_comment,Polygon,9,2367.75,98.8,2384,83.8,2427.75,86.3,2452.8,111.3,2452.8,111.3,2454.05,168.8,2425.25,193.8,2385.25,188.8,2354,137.55
5-26,Uninfected,No_comment,Polygon,10,2417.75,215.05,2459.05,192.55,2501.55,198.8,2522.8,231.3,2521.55,277.55,2511.55,297.55,2481.55,313.8,2446.5,307.55,2422.75,266.3,2411.5,236.3
5-27,Uninfected,No_comment,Polygon,12,2299,235.05,2332.75,213.8,2332.75,213.8,2375.25,218.8,2397.75,257.55,2397.75,257.5,2409,307.55,2371.5,347.55,2339,346.3,2306.5,323.8,2287.75,277.55,2287.8,277.5
5-28,Uninfected,No_comment,Polygon,10,2471.55,361.3,2491.55,328.8,2534.05,303.8,2572.8,310.05,2609.05,343.8,2601.55,383.8,2580.3,407.55,2550.3,420.05,2521.55,428.8,2486.55,410.05
5-29,Uninfected,No_comment,Polygon,9,2524.05,457.55,2516.55,508.8,2541.55,547.6,2575.3,550.1,2627.8,527.55,2645.3,491.3,2639.05,456.3,2606.55,432.55,2564.05,435.05
5-30,Uninfected,No_comment,Polygon,10,2414,423.8,2442.75,402.55,2475.3,410.05,2502.8,437.55,2505.3,473.8,2489.05,505.05,2489.05,505.05,2455.3,515.05,2421.5,498.8,2402.75,465.05
5-31,Uninfected,No_comment,Polygon,9,2047.85,342.9,2011.35,373.05,2008.2,425.45,2027.25,450.85,2073.25,468.3,2130.4,457.2,2149.45,427.05,2141.55,390.55,2098.65,350.85
5-32,Uninfected,No_comment,Polygon,9,2208.2,441.35,2178.05,468.3,2160.6,514.35,2181.2,544.5,2217.75,558.8,2259,547.7,2289.15,501.65,2292.35,460.4,2254.25,436.55
5-33,Uninfected,No_comment,Polygon,9,3136.9,638.2,3167.05,615.95,3208.3,608,3243.25,631.85,3249.6,676.3,3228.95,714.4,3195.6,725.5,3154.35,717.55,3132.1,676.3
5-34,Uninfected,No_comment,Polygon,9,2330.45,474.65,2306.65,493.7,2290.75,539.75,2303.45,573.1,2352.65,595.3,2387.6,592.15,2413,565.15,2416.15,527.05,2376.5,477.85
5-35,Uninfected,No_comment,Polygon,8,2771.75,641.35,2806.7,625.5,2854.3,635,2881.3,674.7,2871.75,711.2,2830.5,728.65,2774.95,711.2,2759.05,668.35
5-36,Uninfected,No_comment,Polygon,10,2238.75,2762.25,2270.45,2736.4,2303.45,2724.6,2303.45,2724.6,2332.8,2748.15,2338.75,2789.3,2325.75,2831.7,2299.9,2846.95,2257.5,2839.85,2232.8,2803.45
5-37,Uninfected,No_comment,Polygon,9,2030.45,2661.1,2068.1,2650.5,2111.7,2658.75,2125.75,2694.05,2123.4,2742.25,2087,2768.15,2035.2,2764.6,2011.7,2729.35,2009.35,2691.7
5-38,Uninfected,No_comment,Polygon,8,2152.8,2661.1,2179.9,2631.7,2230.45,2632.8,2268.1,2651.7,2276.4,2701.1,2224.6,2750.5,2182.25,2751.7,2151.7,2722.25
5-39,Uninfected,No_comment,Polygon,11,2405.8,2683.45,2434.05,2661.1,2472.8,2668.15,2497.5,2691.7,2503.45,2729.35,2484.6,2769.3,2459.85,2784.6,2459.95,2784.65,2431.7,2788.15,2395.15,2766.95,2389.35,2717.5
5-40,Uninfected,No_comment,Polygon,11,1882.3,2527,1921.05,2497.55,1961.05,2492.8,1985.75,2509.35,2002.3,2550.45,1994.05,2595.15,1955.2,2621.1,1919.9,2621.1,1879.95,2589.35,1880,2589.35,1876.4,2549.35
5-41,Uninfected,No_comment,Polygon,9,1808.1,2461.1,1819.95,2435.15,1855.2,2414.05,1890.45,2419.9,1904.65,2448.1,1903.4,2484.6,1877.55,2514.05,1843.4,2523.45,1814.05,2502.25
5-42,Uninfected,No_comment,Polygon,12,2492.8,2534.05,2458.75,2568.15,2454.05,2625.8,2475.15,2650.5,2475.15,2650.5,2528.15,2661.1,2557.5,2638.75,2558.65,2638.75,2577.5,2601.1,2577.5,2556.4,2552.8,2531.7,2528.15,2527
5-43,Uninfected,No_comment,Polygon,10,2098.75,2412.8,2098.75,2465.8,2121.1,2495.15,2164.6,2508.1,2198.75,2488.1,2221.1,2443.45,2217.55,2404.65,2192.8,2382.25,2165.75,2376.4,2125.75,2384.65
5-44,Uninfected,No_comment,Polygon,11,1947,2424.65,1961.05,2397.55,2015.2,2369.35,2015.2,2369.4,2050.45,2381.1,2079.9,2409.35,2078.75,2442.25,2064.65,2470.45,2032.8,2490.45,2001.05,2491.7,1965.75,2471.7
5-45,Uninfected,No_comment,Polygon,10,2369.35,2409.35,2396.4,2388.1,2434.05,2381.1,2463.45,2403.45,2469.3,2447,2455.15,2482.25,2426.95,2496.4,2386.95,2487,2386.95,2487,2363.45,2451.7
5-46,Uninfected,No_comment,Polygon,9,2621.1,2716.4,2644.55,2688.15,2686.95,2678.75,2722.2,2698.75,2742.2,2730.5,2736.4,2759.85,2715.15,2779.85,2674.05,2788.15,2636.4,2765.8
5-47,Uninfected,No_comment,Polygon,8,2758.75,2724.6,2794,2706.95,2838.75,2725.8,2854,2771.7,2843.45,2799.85,2814,2817.5,2774,2810.5,2751.65,2764.6
5-48,Uninfected,No_comment,Polygon,10,2866.9,2724.6,2877.5,2772.8,2914,2797.5,2955.2,2790.5,2974,2758.75,2977.5,2712.8,2977.4,2712.8,2959.85,2681.1,2917.5,2669.35,2878.75,2682.25
5-49,Uninfected,No_comment,Polygon,10,2883.45,2846.95,2899.85,2823.45,2943.45,2817.5,2983.45,2841.1,2997.5,2883.45,2992.85,2919.85,2958.75,2949.3,2926.9,2946.95,2885.8,2916.4,2877.5,2881.1
5-50,Uninfected,No_comment,Polygon,9,2598.75,2508.1,2619.85,2479.9,2661.1,2471.7,2696.4,2484.6,2718.75,2519.9,2712.8,2554.05,2679.85,2585.8,2637.5,2582.25,2602.2,2557.5
5-51,Uninfected,No_comment,Polygon,9,2751.65,2501.1,2790.5,2478.75,2834,2483.45,2855.15,2514.05,2857.5,2565.8,2841.1,2592.8,2809.3,2607,2764.55,2596.4,2742.2,2549.35
5-52,Uninfected,No_comment,Polygon,8,2870.5,2484.6,2889.3,2457.55,2936.35,2441.1,2985.8,2464.65,2999.85,2517.55,2979.85,2559.9,2936.35,2574.05,2883.45,2544.6
5-53,Uninfected,No_comment,Polygon,9,2603.45,2383.45,2625.8,2349.35,2657.5,2342.3,2708.15,2358.75,2726.95,2396.4,2715.15,2436.4,2691.65,2454.05,2637.5,2455.15,2605.8,2424.65
5-54,Uninfected,No_comment,Polygon,10,2035.2,2314.05,2061.05,2288.1,2116.4,2264.65,2158.75,2271.7,2184.6,2307,2179.9,2345.75,2149.35,2369.35,2098.75,2385.8,2061.05,2378.75,2035.2,2354.05
5-55,Uninfected,No_comment,Polygon,11,1879.95,2281.1,1903.4,2221.1,1941.05,2190.45,1985.75,2196.4,2005.75,2221.1,2002.3,2281.1,2002.3,2281.1,1972.8,2322.3,1930.45,2337.55,1903.4,2328.1,1883.4,2305.75
5-56,Uninfected,No_comment,Polygon,8,1771.7,2228.1,1787,2267,1823.4,2287,1856.4,2265.75,1874.05,2221.1,1854.05,2178.75,1810.5,2172.85,1777.55,2190.45
5-57,Uninfected,No_comment,Polygon,10,1630.5,2235.2,1651.7,2201.1,1696.35,2178.75,1744.65,2195.2,1756.35,2254.05,1756.3,2254,1744.65,2283.45,1703.4,2301.1,1669.35,2295.2,1639.95,2272.85
5-58,Uninfected,No_comment,Polygon,8,2023.4,2202.3,2018.75,2254.05,2038.75,2275.2,2104.65,2259.9,2131.7,2221.1,2128.1,2189.35,2096.4,2164.65,2058.75,2167
5-59,Uninfected,No_comment,Polygon,10,2183.4,2231.7,2208.1,2202.3,2249.35,2194.05,2292.8,2210.45,2306.95,2236.4,2306.95,2236.4,2297.5,2278.75,2262.25,2309.35,2217.55,2310.45,2183.4,2275.2
5-60,Uninfected,No_comment,Polygon,10,2338.75,2232.85,2336.4,2278.75,2358.75,2298.75,2406.95,2303.45,2435.15,2275.2,2439.85,2236.4,2424.6,2211.7,2385.8,2202.3,2356.4,2212.85,2356.4,2212.85
5-61,Uninfected,No_comment,Polygon,9,2477.5,2264.65,2483.45,2232.85,2536.4,2208.1,2572.8,2229.35,2592.8,2271.7,2578.75,2298.75,2552.8,2317.55,2511.7,2316.4,2486.95,2294.05
5-62,Uninfected,No_comment,Polygon,10,2637.5,2279.9,2654.05,2245.75,2690.5,2228.1,2725.8,2234.05,2751.65,2259.9,2758.75,2295.2,2742.2,2323.45,2710.5,2336.4,2670.5,2330.45,2642.2,2305.75
5-63,Uninfected,No_comment,Polygon,11,2979.85,2655.15,2989.25,2628.15,3005.8,2608.15,3006.85,2608.1,3041.1,2605.8,3071.6,2623.45,3092.85,2656.4,3089.25,2690.5,3065.8,2718.75,3028.15,2719.85,2991.65,2689.35
5-64,Uninfected,No_comment,Polygon,9,2998.9,2782.85,2990.9,2825.55,3021.55,2873.55,3057.55,2885.55,3092.2,2880.2,3114.9,2842.85,3100.2,2785.55,3056.15,2756.2,3028.15,2760.2
5-65,Uninfected,No_comment,Polygon,9,2250.8,2122.8,2252.15,2157.5,2269.5,2185.5,2305.5,2204.15,2352.15,2196.15,2382.85,2154.8,2368.15,2110.8,2328.15,2082.8,2290.8,2088.15
5-66,Uninfected,No_comment,Polygon,9,2569.5,2186.75,2565.5,2148.15,2597.45,2108.15,2637.5,2105.5,2673.5,2132.15,2685.5,2180.15,2678.85,2208.15,2642.85,2233.5,2604.2,2230.8
5-67,Uninfected,No_comment,Polygon,9,1657.1,2077.9,1670.95,2040.4,1707.1,2007.05,1750.15,2007.05,1780.7,2025.1,1797.35,2062.6,1783.5,2108.45,1741.8,2132.05,1694.6,2127.9
5-68,Uninfected,No_comment,Polygon,9,3005.8,2439.1,3041.9,2403,3087.75,2396.05,3126.65,2408.55,3133.6,2446.05,3111.35,2490.5,3078,2512.65,3033.6,2509.95,3008.55,2476.6
5-69,Uninfected,No_comment,Polygon,11,3137.55,2438.65,3137.55,2438.65,3109.3,2490.25,3118.95,2529.3,3118.95,2529.4,3150.35,2563.05,3187.55,2565.35,3222.45,2531.65,3239.9,2482.8,3224.85,2445.6,3182.9,2430.45
5-70,Uninfected,No_comment,Polygon,9,3216.7,2572.35,3231.75,2540.95,3270.2,2518.85,3314.35,2528.15,3342.3,2560.7,3339.9,2600.3,3314.35,2627,3259.65,2625.85,3216.7,2600.3
5-71,Uninfected,No_comment,Polygon,9,3188.8,2665.4,3213.15,2637.45,3258.5,2635.15,3303.85,2656.1,3315.55,2686.4,3306.25,2725.85,3267.8,2752.6,3217.8,2743.3,3186.4,2707.25
5-72,Uninfected,No_comment,Polygon,10,3163.15,2781.7,3185.3,2764.25,3232.9,2764.25,3268.95,2781.7,3280.6,2815.4,3264.3,2856.1,3236.4,2873.55,3192.2,2877.05,3170.1,2854.95,3159.65,2827.05
5-73,Uninfected,No_comment,Polygon,9,3345.75,2723.55,3379.45,2707.25,3420.15,2710.75,3446.9,2743.3,3455.1,2799.1,3428.35,2834.05,3384.1,2839.85,3336.4,2814.25,3328.35,2758.5
5-74,Uninfected,No_comment,Polygon,9,3443.4,2848,3477.2,2821.3,3517.9,2823.55,3551.55,2850.3,3565.5,2893.4,3553.95,2931.7,3524.8,2950.3,3471.3,2946.85,3441.15,2906.15
5-75,Uninfected,No_comment,Polygon,10,3445.8,2693.3,3458.6,2747.95,3495.8,2781.7,3532.95,2784,3564.35,2767.7,3587.6,2721.2,3582.95,2670.05,3556.2,2650.35,3508.6,2644.45,3466.65,2659.55
5-76,Uninfected,No_comment,Polygon,10,3665.6,2687.5,3622.5,2700.25,3601.55,2742.15,3598.15,2785.25,3621.4,2817.75,3655.05,2823.55,3692.35,2806.1,3708.55,2761.9,3708.55,2718.9,3691.1,2695.6
5-77,Uninfected,No_comment,Polygon,9,3769.1,2717.8,3738.8,2739.85,3727.15,2788.65,3736.45,2828.2,3778.4,2850.3,3827.25,2838.7,3845.85,2795.65,3846.95,2757.25,3807.4,2725.85
5-78,Uninfected,No_comment,Polygon,11,3774.85,2659.55,3797,2645.65,3845.85,2639.8,3888.8,2652.6,3910.9,2685.15,3910.9,2685.1,3906.25,2724.7,3872.6,2741,3823.8,2734,3781.85,2713.1,3769.1,2681.7
5-79,Uninfected,No_comment,Polygon,11,3723.75,2572.35,3734.15,2544.45,3772.5,2525.85,3823.75,2543.3,3822.65,2543.3,3844.6,2578.2,3843.45,2615.4,3822.6,2636.35,3780.65,2639.8,3742.35,2624.7,3726,2596.75
5-80,Uninfected,No_comment,Polygon,11,3833,2494.45,3849.3,2465.4,3892.3,2447.95,3937.65,2463.05,3970.2,2488.7,3985.4,2517.7,3974.85,2549.1,3944.7,2563.05,3898.1,2566.55,3858.65,2550.25,3834.15,2525.85
5-81,Uninfected,No_comment,Polygon,12,4139.15,2244,4192.85,2228.15,4234.3,2229.35,4277,2242.75,4276.9,2242.8,4305.05,2270.8,4314.8,2308.6,4302.6,2325.65,4256.25,2340.35,4197.7,2335.45,4152.6,2311.05,4130.65,2279.35
5-82,Uninfected,No_comment,Polygon,11,3707.45,2363.5,3722.1,2336.65,3751.35,2313.5,3795.25,2303.8,3834.3,2317.15,3859.9,2339.1,3868.45,2386.7,3850.15,2408.65,3800.8,2418.5,3750.15,2414.75,3714.75,2392.75
5-83,Uninfected,No_comment,Polygon,10,3587.9,2470.85,3601.35,2437.85,3637.95,2420.85,3676.95,2424.5,3706.2,2454.95,3708.65,2497.65,3694.05,2529.35,3657.45,2547.65,3615.95,2542.8,3589.15,2512.35
5-84,Uninfected,No_comment,Polygon,9,3487.9,2379.35,3518.45,2367.15,3556.2,2378.15,3578.15,2402.55,3580.65,2437.85,3562.3,2470.85,3528.15,2485.45,3490.4,2478.2,3465.95,2442.8
5-85,Uninfected,No_comment,Polygon,10,3334.25,2361.05,3350.15,2337.95,3350.1,2337.85,3395.25,2317.15,3439.15,2324.5,3467.2,2364.7,3456.25,2415.9,3415.95,2441.55,3372.1,2436.7,3336.7,2396.45
5-86,Uninfected,No_comment,Polygon,9,3293,2213.85,3270.75,2243,3265.2,2281.9,3287.45,2327.75,3320.75,2336.1,3369.4,2313.85,3386.05,2270.8,3368,2231.9,3333.25,2208.3
5-87,Uninfected,No_comment,Polygon,10,3143,2294.4,3162.45,2265.25,3204.1,2247.2,3245.75,2255.5,3259.65,2288.85,3259.65,2338.85,3234.65,2361.1,3187.45,2370.8,3187.35,2370.75,3148.55,2343
5-88,Uninfected,No_comment,Polygon,10,3152.7,2183.3,3176.35,2148.6,3215.2,2124.95,3256.9,2130.55,3281.9,2158.3,3281.9,2204.15,3254.1,2237.45,3219.3,2247.2,3180.5,2247.2,3151.35,2222.2
5-89,Uninfected,No_comment,Polygon,9,2931.9,2295.8,2961.05,2274.95,3012.45,2272.2,3054.1,2291.65,3068,2327.75,3047.15,2366.65,3008.3,2390.25,2968,2387.45,2929.1,2354.15
5-90,Uninfected,No_comment,Polygon,8,3079.2,2082.35,3064.7,2130.75,3087.25,2164.6,3127.6,2175.9,3163.05,2151.7,3188.9,2111.4,3167.9,2077.5,3135.65,2066.25
5-91,Uninfected,No_comment,Polygon,9,2840.45,2184,2864.65,2150.1,2914.65,2150.1,2948.55,2174.3,2959.85,2213,2955,2250.1,2922.75,2275.9,2877.55,2272.7,2848.55,2245.25
5-92,Uninfected,No_comment,Polygon,9,3617.95,2143.65,3667.95,2124.3,3713.1,2135.6,3737.3,2169.45,3734.05,2211.4,3706.65,2245.25,3659.85,2253.35,3613.5,2233.65,3600.2,2179.15
5-93,Uninfected,No_comment,Polygon,10,3787.3,2127.5,3817.95,2100.1,3858.25,2101.7,3900.2,2127.5,3921.15,2163,3909.9,2198.5,3879.25,2221.1,3845.35,2222.7,3808.25,2213,3779.25,2179.15
5-94,Uninfected,No_comment,Polygon,9,3375.3,2042.85,3404.15,2022.5,3443.1,2022.5,3487.2,2042.85,3500.75,2085.2,3485.5,2120.8,3446.5,2137.75,3404.15,2129.3,3370.2,2092
5-95,Uninfected,No_comment,Polygon,10,3685.55,2017.4,3709.3,2002.15,3758.45,2002.15,3797.45,2024.2,3817.8,2064.85,3805.9,2095.4,3772,2114.05,3721.15,2119.1,3680.45,2098.8,3663.5,2058.1
5-96,Uninfected,No_comment,Polygon,11,3856.75,2034.35,3872.05,2008.95,3912.7,1998.75,3968.65,2012.3,3994.1,2049.6,3994.1,2049.6,3989,2081.85,3961.9,2110.65,3914.4,2119.1,3872.05,2093.7,3856.75,2071.65
5-97,Uninfected,No_comment,Polygon,10,3960.2,2129.3,3977.15,2108.95,4016.15,2083.5,4056.8,2083.5,4082.25,2103.85,4089,2146.25,4072.05,2183.55,4036.45,2205.6,3992.4,2198.8,3958.5,2166.6
5-98,Uninfected,No_comment,Polygon,10,4111.05,2122.5,4095.8,2158.1,4092.4,2198.8,4133.1,2224.25,4180.55,2222.55,4212.8,2203.9,4228.05,2166.6,4212.8,2131,4168.7,2103.85,4144.95,2103.85
5-99,Uninfected,No_comment,Polygon,9,4194,2034.5,4226.15,2011.3,4274.45,2011.3,4306.6,2039.85,4319.1,2088.1,4304.75,2129.2,4260.2,2132.75,4211.85,2109.55,4186.85,2070.25
5-100,Uninfected,No_comment,Polygon,10,4333.4,2041.65,4349.4,2018.45,4392.35,2007.7,4437,2018.45,4460.15,2054.15,4449.5,2109.55,4417.35,2132.75,4374.4,2129.2,4336.9,2105.95,4329.75,2080.95
5-101,Uninfected,No_comment,Polygon,11,4277.95,1913.05,4277.95,1913.05,4301.25,1891.6,4353.05,1884.45,4410.2,1898.75,4428,1929.15,4428,1970.2,4392.35,1989.85,4331.65,2004.15,4288.65,1984.5,4272.7,1947
5-102,Uninfected,No_comment,Polygon,10,4138.65,1828.95,4154.05,1800.1,4190.5,1782.8,4242.5,1786.65,4269.35,1819.35,4273.2,1871.15,4259.85,1898.2,4223.2,1909.65,4167.5,1898.2,4142.5,1865.5
5-103,Uninfected,No_comment,Polygon,11,1644.4,674.15,1648.3,653.35,1674.3,624.75,1715.85,619.6,1744.4,633.85,1767.8,667.65,1769.1,713.1,1749.6,742.95,1708.05,752.05,1665.2,722.2,1650.9,704
5-104,Uninfected,No_comment,Polygon,10,1848.35,632.55,1869.1,613.1,1902.9,604,1939.25,619.6,1962.65,650.75,1961.35,688.4,1937.95,715.65,1892.5,724.8,1862.6,706.6,1843.15,665.05
5-105,Uninfected,No_comment,Polygon,10,2054.85,466.3,2032.75,476.7,2013.3,510.45,2025,550.75,2057.45,565,2091.2,570.2,2122.4,554.65,2132.8,524.75,2117.2,489.7,2088.65,471.5
5-106,Uninfected,No_comment,Polygon,11,2922.5,659.8,2896.55,667.65,2875.7,698.5,2869.25,745.55,2878.35,778,2910.8,800.1,2948.5,792.35,2970.55,759.85,2984.85,718.25,2977.05,685.8,2948.5,663.75
5-107,Uninfected,No_comment,Polygon,11,3001.75,868.95,3010.85,841.7,3040.7,822.2,3078.4,827.4,3077,827.45,3103.05,845.6,3109.55,880.65,3099.15,918.3,3071.9,932.6,3039.4,931.3,3012.15,905.35
5-108,Uninfected,No_comment,Polygon,10,1597.65,898.85,1618.45,878.05,1656.1,871.55,1691.15,884.55,1705.45,922.2,1698.95,959.9,1674.3,976.75,1641.8,978.05,1605.45,954.7,1593.75,927.4
5-109,Uninfected,No_comment,Polygon,9,2004.2,568.9,1980.8,589.7,1974.35,627.35,1997.7,655.95,2025,672.85,2062.65,666.35,2086.05,639.05,2087.35,605.3,2048.35,578
5-110,Uninfected,No_comment,Polygon,11,2236.7,589.7,2267.85,574.1,2312.35,576,2351,604,2357.5,644.25,2348.4,679.35,2326.3,698.8,2292.55,704,2253.6,691,2228.9,654.65,2228.9,619.6
5-111,Uninfected,No_comment,Polygon,11,2377,657.2,2377,657.2,2399.05,639.05,2440.65,639.05,2464,655.95,2474.4,693.6,2460.1,728.7,2434.15,745.55,2397.75,744.25,2369.2,724.8,2361.4,688.4
5-112,Uninfected,No_comment,Polygon,12,2532.85,631.25,2549.75,623.45,2583.35,622.7,2609.35,637,2626.25,664.2,2632.85,696.2,2623.75,726.1,2596.5,746.85,2558.8,752.05,2522.45,731.3,2509.45,689.7,2517.25,657.2
5-113,Uninfected,No_comment,Polygon,10,1727.55,840.4,1708.05,870.25,1714.55,910.55,1730.15,944.3,1763.9,963.8,1801.55,950.75,1821.05,914.4,1810.65,876.75,1788.6,843,1754.8,832.55
5-114,Uninfected,No_comment,Polygon,11,1628.8,1076.8,1641.8,1044.3,1682.1,1031.3,1683.35,1031.3,1726.25,1045.6,1747,1082,1749.6,1111.85,1731.45,1137.85,1696.35,1149.5,1656.1,1137.85,1636.6,1111.85
5-115,Uninfected,No_comment,Polygon,10,1841.85,818.3,1880.8,805.3,1913.3,807.9,1939.25,830,1944.45,865.05,1939.25,901.45,1910.7,920.9,1869.1,919.6,1834.05,896.25,1828.85,855.95
5-116,Uninfected,No_comment,Polygon,11,1992.5,843,2001.6,819.6,2037.95,802.7,2067.85,802.7,2097.7,822.2,2113.3,853.4,2106.8,891,2083.45,910.55,2039.25,918.3,2005.5,900.15,1992.5,874.15
5-117,Uninfected,No_comment,Polygon,12,2125,896.25,2132.8,845.6,2153.55,822.2,2195.15,815.7,2231.5,828.7,2247.1,866.35,2243.2,907.95,2218.5,933.9,2184.75,943,2152.25,936.5,2141.9,919.6,2141.8,919.6
5-118,Uninfected,No_comment,Polygon,11,2267.85,770.25,2243.2,798.8,2243.2,798.8,2241.9,835.15,2264,876.75,2295.15,887.15,2325,875.45,2341.9,840.4,2339.3,793.65,2310.75,770.25,2292.55,766.35
5-119,Uninfected,No_comment,Polygon,10,1810.65,958.6,1834.05,933.9,1863.9,927.4,1904.2,937.8,1927.55,966.4,1932.75,1006.65,1914.6,1030.05,1880.8,1033.9,1840.55,1027.45,1814.55,1000.15
5-120,Uninfected,No_comment,Polygon,11,2597.8,763.75,2634.15,739.05,2683.5,740.35,2713.4,759.85,2721.2,792.35,2716,820.9,2692.6,839.1,2662.75,848.2,2662.65,848.2,2631.55,841.7,2597.8,807.9
5-121,Uninfected,No_comment,Polygon,10,2343.2,876.75,2366.6,839.1,2397.75,824.8,2435.45,827.4,2456.2,857.25,2454.9,904.05,2427.65,933.9,2393.85,941.7,2362.7,932.6,2345.8,907.95
5-122,Uninfected,No_comment,Polygon,10,2512.05,871.55,2510.75,849.5,2531.55,822.2,2564,815.7,2593.9,826.1,2609.5,854.7,2609.5,887.15,2592.6,913.15,2558.8,918.3,2532.85,905.35
5-123,Uninfected,No_comment,Polygon,11,2201.65,958.6,2234.1,935.2,2288.65,927.4,2325,943,2340.6,965.1,2334.1,997.55,2332.8,997.55,2314.65,1020.95,2276.95,1032.6,2235.4,1027.45,2208.1,997.55
5-124,Uninfected,No_comment,Polygon,10,2402.95,983.25,2413.35,956,2447.1,940.4,2488.7,940.4,2521.15,962.5,2525.05,1001.45,2505.55,1032.6,2467.9,1044.3,2428.95,1031.3,2413.35,1010.5
5-125,Uninfected,No_comment,Polygon,10,2770.55,849.5,2813.4,836.45,2852.35,849.5,2873.15,884.55,2874.45,917,2856.25,945.6,2829,957.3,2793.9,958.6,2767.95,939.1,2749.75,891
5-126,Uninfected,No_comment,Polygon,11,2903.05,892.3,2938.1,872.85,2984.85,885.85,3009.55,937.8,3006.95,979.35,2977.05,1005.35,2943.3,1011.8,2908.2,991.05,2886.15,953.35,2891.35,922.2,2890.1,922.15
5-127,Uninfected,No_comment,Polygon,10,1482.05,1145.65,1504.15,1122.25,1549.6,1104.05,1587.25,1118.35,1606.75,1145.65,1602.85,1181.95,1587.25,1205.35,1549.6,1218.35,1514.5,1218.35,1491.15,1196.3
5-128,Uninfected,No_comment,Polygon,10,1543.1,1240.4,1574.25,1227.45,1621.05,1217.05,1648.3,1228.75,1654.8,1259.95,1641.8,1302.75,1622.35,1330.05,1582.05,1332.65,1550.9,1314.5,1532.7,1272.9
5-129,Uninfected,No_comment,Polygon,10,2321.15,1036.5,2343.2,1026.15,2383.45,1023.55,2406.85,1040.4,2413.35,1074.2,2400.35,1110.55,2371.8,1122.25,2338,1122.25,2313.35,1104.05,2306.85,1062.5
5-130,Uninfected,No_comment,Polygon,10,2097.7,1080.7,2126.3,1043,2180.85,1030.05,2223.7,1041.7,2241.9,1076.8,2238,1111.85,2213.3,1140.45,2178.25,1152.1,2135.4,1148.2,2106.8,1123.55
5-131,Uninfected,No_comment,Polygon,10,1948.35,1091.05,1986,1068.95,2043.15,1074.2,2054.85,1102.75,2057.45,1135.25,2032.75,1167.7,1996.4,1179.4,1958.75,1175.5,1943.15,1152.1,1935.35,1120.95
5-132,Uninfected,No_comment,Polygon,11,1750.9,1254.75,1756.1,1220.95,1795.1,1189.8,1836.65,1191.1,1871.7,1211.85,1884.7,1252.15,1882.1,1279.4,1856.15,1302.75,1821.05,1315.8,1788.6,1311.9,1761.3,1289.8
5-133,Uninfected,No_comment,Polygon,10,2988.75,1017.05,3012.15,1009.2,3055,1017.05,3084.85,1035.2,3091.35,1072.9,3087.45,1113.15,3057.6,1132.65,3031.6,1133.95,2990.05,1113.15,2971.85,1058.6
5-134,Uninfected,No_comment,Polygon,11,2630.25,1054.7,2634.15,1026.15,2658.85,1005.35,2701.7,1005.35,2730.3,1024.85,2745.85,1057.3,2736.75,1093.65,2713.4,1110.55,2684.8,1115.75,2657.55,1100.15,2638.05,1084.6
5-135,Uninfected,No_comment,Polygon,10,2564,1092.35,2592.6,1084.6,2623.75,1087.2,2653.65,1114.45,2661.45,1156,2644.55,1185.85,2612.1,1198.9,2575.7,1189.8,2545.85,1159.9,2548.45,1120.95
5-136,Uninfected,No_comment,Polygon,11,2448.4,1222.25,2467.9,1198.9,2499.1,1191.1,2534.15,1196.3,2554.95,1220.95,2560.1,1258.65,2545.85,1289.8,2521.15,1304.1,2490,1308,2464,1289.8,2441.9,1256.05
5-137,Uninfected,No_comment,Polygon,11,2304.25,1271.6,2310.75,1243,2344.5,1219.65,2382.2,1217.05,2414.65,1240.4,2428.95,1279.4,2425.05,1318.4,2397.75,1344.35,2357.5,1352.15,2318.55,1333.95,2304.25,1306.7
5-138,Uninfected,No_comment,Polygon,10,3005.65,1219.65,3027.7,1196.3,3068,1183.25,3097.85,1201.5,3116.05,1231.35,3112.15,1271.6,3078.4,1296.3,3036.8,1302.75,3016.05,1291.1,2999.15,1261.25
5-139,Uninfected,No_comment,Polygon,11,3091.35,1167.7,3087.45,1139.15,3116.05,1105.35,3157.6,1107.95,3194,1123.55,3214.75,1159.9,3206.95,1191.1,3191.4,1207.95,3153.7,1219.65,3122.55,1209.25,3101.75,1192.4
5-140,Uninfected,No_comment,Polygon,10,3210.85,1113.15,3231.65,1157.3,3265.4,1184.55,3300.5,1181.95,3319.95,1157.3,3327.75,1124.8,3313.5,1085.9,3286.2,1062.5,3247.25,1066.35,3217.35,1083.3
5-141,Uninfected,No_comment,Polygon,10,3235.55,946.9,3230.35,993.65,3247.25,1031.3,3283.6,1044.3,3317.35,1041.7,3351.15,1018.35,3362.85,981.95,3355.05,946.9,3331.65,923.5,3277.1,917
5-142,Uninfected,No_comment,Polygon,11,3346.1,685.8,3377.55,671.5,3409.05,668.65,3446.2,685.8,3460.4,720.1,3453.3,754.4,3427.55,780.1,3396.15,788.6,3363.25,781.55,3331.9,748.65,3330.4,721.5
5-143,Uninfected,No_comment,Polygon,12,3256.1,850.1,3264.7,817.25,3291.8,788.6,3326.1,782.95,3363.25,800.1,3381.9,841.55,3377.55,874.4,3367.6,892.9,3334.75,904.4,3306.1,898.7,3306.05,898.7,3270.45,882.9
5-144,Uninfected,No_comment,Polygon,10,3353.25,1041.55,3394.75,1027.3,3436.2,1035.85,3457.55,1063,3460.4,1104.45,3447.55,1133,3409.05,1148.65,3371.9,1145.85,3336.1,1115.85,3336.1,1075.85
5-145,Uninfected,No_comment,Polygon,11,3401.8,833.35,3398.6,876.15,3411.3,907.9,3444.65,928.6,3482.75,925.35,3511.35,898.45,3528.8,850.75,3517.7,814.3,3485.95,790.5,3452.6,788.9,3424,804.8
5-146,Uninfected,No_comment,Polygon,10,3499,936.85,3487.35,970.2,3504,1006.85,3539,1020.2,3587.35,1020.2,3617.35,995.2,3627.35,950.2,3605.6,906.85,3574,898.5,3534,906.85
5-147,Uninfected,No_comment,Polygon,10,1496.6,1510.2,1526.15,1481.85,1575,1476.1,1613.65,1505.65,1613.65,1505.7,1620.45,1549.95,1600,1583,1565.9,1594.35,1527.2,1592,1493.2,1555.65
5-148,Uninfected,No_comment,Polygon,9,1510.2,1672.7,1518.2,1630.65,1554.55,1610.2,1601.15,1610.2,1628.4,1631.85,1647.7,1674.95,1638.65,1701.1,1601.15,1721.55,1546.6,1719.35
5-149,Uninfected,No_comment,Polygon,10,1426.15,1813.6,1435.2,1784.05,1462.5,1759.05,1497.7,1758,1528.4,1769.35,1543.2,1796.55,1544.3,1822.7,1532.95,1844.35,1497.7,1865.95,1448.85,1856.85
5-150,Uninfected,No_comment,Polygon,10,1497.7,1904.5,1519.3,1874.95,1552.2,1858,1589.7,1863.6,1619.3,1884.05,1627.2,1921.55,1605.7,1964.75,1562.5,1978.45,1519.3,1972.7,1496.6,1943.15
5-151,Uninfected,No_comment,Polygon,11,1514.7,2054.5,1529.55,2024.95,1567.05,1999.95,1614.7,1996.55,1648.85,2019.35,1648.75,2019.3,1648.85,2052.25,1635.2,2081.85,1604.55,2101.1,1559.1,2110.2,1523.85,2088.6
5-152,Uninfected,No_comment,Polygon,10,1617.05,1742,1656.8,1720.5,1701.15,1730.65,1722.7,1749.95,1729.55,1793.15,1703.4,1831.85,1667.05,1842,1629.55,1830.65,1605.7,1797.7,1602.2,1767
5-153,Uninfected,No_comment,Polygon,10,1721.6,1837.45,1742.05,1794.35,1773.85,1784.05,1810.2,1792,1842.05,1820.5,1840.9,1853.45,1821.6,1879.5,1781.8,1890.95,1745.45,1880.65,1725,1861.4
5-154,Uninfected,No_comment,Polygon,11,1855.7,1939.75,1877.2,1915.95,1915.9,1902.25,1945.45,1910.2,1969.3,1929.5,1968.2,1960.2,1955.7,1988.6,1927.2,2010.2,1894.3,2009.05,1870.45,1993.15,1853.4,1967
5-155,Uninfected,No_comment,Polygon,11,2019.3,1897.7,1989.75,1922.7,1986.35,1971.55,1997.75,2004.5,2027.25,2018.15,2060.25,2018.15,2084.1,1998.9,2097.75,1967,2092.05,1931.85,2072.75,1899.95,2051.15,1894.35
5-156,Uninfected,No_comment,Polygon,10,2085.25,2046.55,2106.8,2021.55,2136.35,2013.6,2167.05,2023.9,2189.75,2056.85,2186.35,2083,2169.3,2115.95,2145.45,2128.45,2107.95,2126.1,2077.25,2092
5-157,Uninfected,No_comment,Polygon,10,2103.4,1888.6,2119.3,1861.4,2155.7,1849.95,2192.05,1862.45,2213.65,1896.55,2217.05,1937.45,2197.75,1963.6,2169.3,1976.1,2127.25,1964.75,2106.8,1929.5
5-158,Uninfected,No_comment,Polygon,10,2207.95,1838.6,2217.05,1813.6,2246.6,1798.9,2289.75,1803.45,2314.75,1822.7,2321.6,1849.95,2310.25,1887.45,2286.35,1910.2,2251.15,1909.05,2213.65,1878.45
5-159,Uninfected,No_comment,Polygon,11,2226.15,1970.5,2239.75,1951.1,2271.6,1940.95,2300,1945.5,2320.45,1969.35,2320.45,1998.9,2318.2,2017,2296.6,2035.2,2262.5,2042,2228.4,2027.25,2219.3,1993.15
5-160,Uninfected,No_comment,Polygon,10,2359.1,2005.65,2379.55,1972.7,2407.95,1958,2455.7,1964.75,2482.95,1994.35,2484.1,2033,2457.95,2063.6,2420.45,2076.1,2382.95,2068.15,2359.1,2040.95
5-161,Uninfected,No_comment,Polygon,12,2115.9,1706.85,2138.65,1685.2,2138.65,1685.3,2173.85,1681.85,2202.25,1694.35,2220.45,1722.7,2219.3,1754.5,2203.4,1784.05,2178.4,1796.55,2147.75,1792,2117.05,1776.1,2106.8,1738.6
5-162,Uninfected,No_comment,Polygon,12,2312.5,1904.5,2334.1,1865.95,2376.15,1839.75,2415.9,1845.5,2415.85,1845.5,2447.75,1862.45,2454.55,1894.35,2444.25,1928.45,2409.1,1945.5,2356.75,1962.45,2320.45,1951.1,2313.65,1930.65
5-163,Uninfected,No_comment,Polygon,11,2503.4,1902.25,2520.3,1869.35,2554.55,1845.5,2592.05,1851.1,2620.45,1869.35,2639.75,1897.7,2632.95,1929.5,2610.25,1956.85,2567.05,1971.55,2528.4,1965.95,2504.55,1937.45
5-164,Uninfected,No_comment,Polygon,10,2565.9,1987.45,2596.6,1968.15,2644.25,1959.05,2679.55,1972.7,2701.15,2005.65,2688.65,2040.95,2660.25,2067,2625,2074.95,2581.75,2060.2,2562.5,2021.55
5-165,Uninfected,No_comment,Polygon,10,1643.2,1534.05,1650,1515.95,1687.5,1497.7,1739.7,1504.5,1770.45,1538.6,1763.65,1570.5,1726.15,1597.7,1682.95,1601.1,1646.6,1586.4,1640.9,1563.6
5-166,Uninfected,No_comment,Polygon,9,2658.05,2088.05,2677.05,2060.05,2722.05,2041.05,2768.05,2052.05,2789.05,2091.05,2776.05,2132.05,2741.05,2156.05,2697.05,2146.05,2667.05,2118.05
5-167,Uninfected,No_comment,Polygon,10,2882.05,1904.05,2911.05,1886.05,2951.05,1887.05,2991.05,1902.05,3008.05,1932.05,3001.05,1974.05,2960.05,1998.05,2911.05,1990.05,2876.05,1959.05,2872.05,1932.05
5-168,Uninfected,No_comment,Polygon,9,3157.1,2008.05,3178.1,1978.05,3215.1,1965.05,3250.1,1972.05,3278.1,2009.05,3264.1,2047.05,3234.1,2069.05,3197.1,2071.05,3160.1,2050.05
5-169,Uninfected,No_comment,Polygon,10,3054.1,1910.05,3081.1,1876.05,3115.1,1867.05,3160.1,1882.05,3194.1,1926.05,3185.1,1951.05,3141.1,1987.05,3095.1,1991.05,3072.1,1981.05,3053.1,1947.05
5-170,Uninfected,No_comment,Polygon,9,3285.1,1858.05,3290.1,1894.05,3322.1,1923.05,3355.1,1917.05,3378.1,1883.05,3374.1,1849.05,3349.1,1824.05,3320.1,1825.05,3296.1,1835.05
5-171,Uninfected,No_comment,Polygon,10,3383.1,1800.05,3403.1,1770.05,3435.05,1762.05,3462.05,1771.05,3489.05,1795.05,3492.05,1837.05,3474.05,1863.05,3447.05,1874.05,3409.1,1867.05,3386.1,1836.05
5-172,Uninfected,No_comment,Polygon,12,3110.1,1756.05,3137.1,1740.05,3170.1,1744.05,3200.1,1766.05,3200.1,1766.05,3218.1,1792.05,3211.1,1834.05,3211.1,1834.05,3180.1,1855.05,3132.1,1856.05,3097.1,1832.05,3093.1,1793.05
5-173,Uninfected,No_comment,Polygon,10,2885.05,1784.05,2898.05,1764.05,2939.05,1744.05,2971.05,1760.05,2990.05,1806.05,2996.05,1856.05,2978.05,1873.05,2935.05,1878.05,2906.05,1862.05,2886.05,1820.05
5-174,Uninfected,No_comment,Polygon,10,2767.05,1800.05,2748.05,1849.05,2765.05,1889.05,2799.05,1907.05,2836.05,1908.05,2868.05,1888.05,2881.05,1847.05,2876.05,1812.05,2846.05,1785.05,2803.05,1778.05
5-175,Uninfected,No_comment,Polygon,9,3507.8,1840.9,3519.25,1795.05,3550.55,1777.35,3596.35,1785.6,3617.2,1817.95,3610.95,1867.95,3579.7,1895.05,3535.95,1888.8,3516.15,1874.2
5-176,Uninfected,No_comment,Polygon,10,3773.5,1877.35,3803.7,1857.55,3838.05,1855.4,3874.5,1873.2,3890.15,1914.85,3882.85,1951.25,3846.4,1980.5,3803.7,1980.5,3767.25,1950.25,3762,1912.7
5-177,Uninfected,No_comment,Polygon,12,3969.35,1819,3999.55,1794,4035,1790.85,4075.6,1807.55,4096.45,1824.15,4105.8,1858.6,4096.45,1890.9,4071.4,1908.6,4027.7,1913.8,3986,1893.95,3965.15,1858.6,3965.15,1858.55
5-178,Uninfected,No_comment,Polygon,10,4000.6,1708.55,4035,1665.85,4074.55,1658.5,4112.05,1669,4141.25,1701.3,4139.15,1745.05,4119.35,1770.05,4092.3,1781.5,4031.85,1771.1,4001.6,1734.55
5-179,Uninfected,No_comment,Polygon,9,3912.05,1576.25,3962.05,1574.2,3992.25,1604.4,4008.95,1648.15,3987.05,1702.3,3946.4,1711.7,3907.85,1701.3,3878.7,1669,3875.6,1615.85
5-180,Uninfected,No_comment,Polygon,10,3991.2,1528.35,3969.35,1557.5,3977.6,1599.2,4013.1,1640.85,4038.1,1646.05,4081.85,1639.8,4104.8,1613.7,4106.85,1565.85,4076.65,1534.6,4038.1,1527.3
5-181,Uninfected,No_comment,Polygon,10,4172.5,1513.75,4214.15,1493.95,4241.25,1496.05,4268.35,1515.85,4280.85,1551.25,4265.2,1591.9,4236.05,1606.45,4203.75,1605.45,4169.35,1583.55,4160,1551.25
5-182,Uninfected,No_comment,Polygon,9,3669.3,1664.75,3689.1,1638.75,3733.85,1622.1,3770.35,1630.45,3793.25,1659.6,3796.4,1704.4,3765.15,1740.8,3714.1,1746.1,3675.55,1716.9
5-183,Uninfected,No_comment,Polygon,12,3614.1,1560.65,3619.3,1529.4,3619.3,1529.45,3668.25,1496.05,3709.95,1495,3748.5,1514.8,3763.05,1547.1,3752.65,1597.1,3713.05,1614.8,3660.95,1619.95,3630.75,1598.15,3630.8,1598.15
5-184,Uninfected,No_comment,Polygon,9,3587,1578.35,3625.55,1618.95,3628.65,1659.6,3604.7,1685.65,3560.95,1698.15,3525.55,1683.5,3501.55,1638.75,3514.05,1593.95,3550.55,1571.05
5-185,Uninfected,No_comment,Polygon,12,1986.9,1302,1958.6,1327.45,1953.9,1366.15,1971.8,1398.2,2030.3,1429.35,2067.1,1425.6,2067.05,1425.6,2087.85,1397.3,2087.8,1397.3,2090.75,1357.6,2061.5,1314.2,2020.9,1300.1
5-186,Uninfected,No_comment,Polygon,10,1911.45,1449.15,1928.4,1420.85,1963.35,1402,2013.3,1414.25,2042.6,1451.05,2039.8,1488.8,2013.35,1519.95,1980.3,1528.4,1940.7,1509.55,1912.4,1475.6
5-187,Uninfected,No_comment,Polygon,11,1820.85,1543.5,1836,1515.2,1877.45,1494.45,1913.3,1500.1,1942.55,1524.65,1955.8,1559.55,1944.45,1582.15,1913.3,1608.6,1883.15,1609.55,1839.75,1593.5,1823.7,1575.6
5-188,Uninfected,No_comment,Polygon,9,2022.75,1552,2039.8,1588.8,2074.65,1600.15,2105.8,1598.25,2131.25,1574.65,2135.05,1545.4,2110.5,1502.95,2079.4,1494.45,2039.8,1511.45
5-189,Uninfected,No_comment,Polygon,11,2190.7,1407.65,2175.6,1452.95,2199.25,1489.75,2234.1,1502.95,2262.4,1488.8,2285.1,1460.5,2285,1460.4,2282.25,1422.75,2263.4,1400.1,2263.3,1400.1,2220.95,1392.55
5-190,Uninfected,No_comment,Polygon,9,2202.05,1566.15,2229.4,1535.05,2271.9,1532.2,2304.85,1552.95,2315.3,1589.75,2297.3,1622.75,2268.05,1637.85,2230.35,1629.4,2202.95,1605.8
5-191,Uninfected,No_comment,Polygon,12,2303.95,1655.8,2303.95,1655.8,2321.9,1628.45,2365.3,1615.2,2402.1,1629.4,2418.1,1669.95,2409.65,1705.8,2409.6,1705.8,2379.45,1727.5,2338.85,1724.65,2305.8,1696.35,2305.75,1696.4
5-192,Uninfected,No_comment,Polygon,10,2406.75,1598.25,2425.65,1570.9,2471.85,1551.05,2503.05,1559.55,2530.35,1586.9,2530.35,1627.5,2515.25,1651.1,2482.25,1665.25,2437.95,1662.4,2417.15,1636.9
5-193,Uninfected,No_comment,Polygon,9,2482.25,1691.65,2523.75,1664.3,2562.45,1668.05,2597.4,1695.4,2605.85,1732.2,2586.05,1766.2,2550.2,1784.1,2509.65,1778.45,2478.45,1740.7
5-194,Uninfected,No_comment,Polygon,9,2733.2,1839.75,2744.55,1818.05,2744.55,1775.6,2717.15,1754.85,2679.45,1752.95,2646.4,1781.3,2640.8,1823.75,2667.15,1853.95,2704.9,1858.65
5-195,Uninfected,No_comment,Polygon,10,2757.75,1678.45,2785.15,1654.8,2822.85,1654.8,2857.8,1680.3,2870,1721.85,2852.1,1755.8,2808.7,1764.3,2772.85,1754.85,2753.95,1720.9,2754,1720.9
5-196,Uninfected,No_comment,Polygon,11,2763.45,1537.85,2795.5,1523.7,2833.2,1530.3,2868.15,1555.8,2870.95,1598.25,2860.6,1627.5,2860.6,1627.4,2830.4,1637.85,2786.1,1625.55,2758.7,1590.7,2753.95,1558.6
5-197,Uninfected,No_comment,Polygon,9,2604.95,1433.15,2637,1403.9,2683.2,1400.1,2717.15,1419,2728.5,1451.95,2722.85,1486.9,2696.4,1506.7,2647.4,1510.5,2606.8,1484.1
5-198,Uninfected,No_comment,Polygon,9,2504.9,1341.6,2497.35,1383.15,2524.75,1426.55,2570,1429.35,2622.85,1399.15,2631.3,1359.55,2603,1320.85,2566.2,1305.75,2533.2,1316.15
5-199,Uninfected,No_comment,Polygon,10,2678.5,1296.35,2693.6,1279.35,2724.7,1276.5,2775.65,1293.5,2787.95,1323.7,2776.6,1360.5,2745.5,1374.65,2711.5,1378.4,2681.3,1362.35,2668.1,1325.55
5-200,Uninfected,No_comment,Polygon,9,2804.9,1311.4,2803.05,1355.75,2828.55,1387.85,2859.65,1389.75,2899.25,1367.1,2917.2,1333.1,2911.55,1297.25,2886.1,1272.75,2838.9,1272.75
5-201,Uninfected,No_comment,Polygon,10,2876.6,1402,2912.5,1384.05,2955.9,1385.95,2980.45,1401.05,2997.4,1454.85,2987,1480.3,2940.8,1499.2,2891.7,1487.85,2868.15,1458.6,2863.4,1426.55
5-202,Uninfected,No_comment,Polygon,9,3004.5,1368.2,3036.4,1342.65,3065.15,1342.65,3091.7,1369.25,3089.6,1422.45,3053.4,1449.05,3053.4,1449.05,3018.3,1439.45,2998.1,1394.8
5-203,Uninfected,No_comment,Polygon,9,3076.85,1449.05,3117.25,1426.7,3174.7,1432.05,3202.35,1467.15,3203.5,1498,3167.25,1535.25,3139.6,1536.3,3098.1,1522.45,3076.85,1485.2
5-204,Uninfected,No_comment,Polygon,9,3184.35,1535.25,3217.25,1509.7,3257.7,1508.65,3283.25,1539.5,3287.55,1586.3,3276.85,1611.85,3247.05,1625.65,3200.25,1612.9,3177.9,1568.2
5-205,Uninfected,No_comment,Polygon,9,3171.5,1690.55,3190.65,1657.6,3226.85,1641.55,3265.15,1657.6,3281.1,1702.2,3270.45,1737.35,3248.1,1755.45,3219.4,1752.2,3176.9,1720.35
5-206,Uninfected,No_comment,Polygon,9,3311.95,1613.95,3296,1649,3305.55,1686.3,3354.5,1704.4,3418.35,1684.2,3441.75,1654.4,3435.35,1623.55,3416.2,1607.55,3358.75,1607.55
5-207,Uninfected,No_comment,Polygon,11,3300.25,1518.2,3329,1496.95,3386.45,1485.2,3419.4,1502.25,3448.2,1543.75,3432.2,1583.1,3432.15,1583.05,3396,1600.15,3338.55,1599.05,3309.85,1581,3296,1541.6
5-208,Uninfected,No_comment,Polygon,10,3255.55,1333.1,3291.75,1306.5,3331.1,1301.1,3361.95,1324.5,3368.3,1365.65,3355.6,1402.25,3325.85,1423.45,3298.15,1423.45,3260.95,1388.4,3250.25,1371.4
5-209,Uninfected,No_comment,Polygon,9,3431.1,1460.75,3450.25,1429.9,3491.75,1419.25,3520.55,1434.15,3540.7,1471.4,3535.4,1507.5,3503.45,1525.65,3460.9,1522.45,3434.3,1498
5-210,Uninfected,No_comment,Polygon,10,3402.45,1263.95,3427.9,1230.95,3466.25,1221.3,3506.65,1237.35,3521.55,1274.5,3511.95,1317.1,3480.05,1341.6,3440.7,1346.9,3410.9,1325.65,3396,1294.8
5-211,Uninfected,No_comment,Polygon,9,3544.95,1417.15,3549.2,1459.7,3565.15,1494.8,3603.45,1506.5,3640.7,1492.6,3668.35,1448,3641.75,1402.25,3598.15,1382,3568.35,1392.65
5-212,Uninfected,No_comment,Polygon,11,3725.8,1395.85,3752.4,1376.7,3788.6,1376.7,3827.95,1399.05,3838.6,1423.45,3830.15,1460.75,3806.7,1482.05,3771.55,1492.6,3736.45,1480.9,3715.2,1448,3716.25,1417.15
5-213,Uninfected,No_comment,Polygon,11,3647.1,1203.3,3668.35,1166.05,3718.4,1150.1,3758.8,1165,3782.2,1205.4,3774.75,1253.3,3755.6,1280.95,3755.6,1280.95,3715.2,1290.55,3682.2,1281.95,3652.4,1242.65
5-214,Uninfected,No_comment,Polygon,11,3868.45,1421.4,3903.5,1406.5,3938.6,1404.3,3960.95,1427.75,3969.45,1466.05,3960.95,1504.35,3938.6,1522.45,3938.65,1522.45,3891.8,1526.65,3858.8,1503.3,3849.3,1460.75
5-215,Uninfected,No_comment,Polygon,11,4014.15,1386.3,4047.15,1380.95,4080.1,1395.85,4101.45,1437.35,4101.4,1437.35,4095,1487.35,4069.45,1517.15,4032.65,1527.25,3989.7,1513.95,3974.8,1470.35,3984.35,1412.9
5-216,Uninfected,No_comment,Polygon,9,4110.95,1367.15,4132.25,1341.6,4169.5,1337.35,4201.4,1351.1,4214.15,1377.7,4215.25,1407.55,4195,1428.85,4165.2,1436.3,4115.2,1422.45
5-217,Uninfected,No_comment,Polygon,10,3979.1,1241.6,4007.75,1210.75,4045,1205.4,4080.1,1220.3,4100.3,1252.2,4098.2,1292.65,4072.65,1323.5,4033.3,1326.7,4001.4,1309.7,3980.1,1275.65
5-218,Uninfected,No_comment,Polygon,10,4247.15,1345.85,4297.15,1325.65,4348.2,1327.75,4376.95,1348,4386.5,1373.5,4366.3,1418.2,4325.9,1432.05,4280.15,1432.05,4247.15,1411.8,4239.7,1376.7
5-219,Uninfected,No_comment,Polygon,12,4197.2,1163.85,4222.7,1134.15,4265.25,1126.7,4301.4,1139.45,4327,1172.45,4337.6,1205.4,4331.2,1242.65,4300.35,1265,4259.9,1274.5,4218.4,1258.6,4190.75,1210.75,4190.85,1211.7
5-220,Uninfected,No_comment,Polygon,10,3486.25,1058.75,3514.5,1035.95,3563.35,1034.85,3597.05,1063.1,3604.65,1104.4,3597.05,1139.2,3563.35,1155.5,3525.3,1150.05,3495.95,1129.45,3479.65,1091.45
5-221,Uninfected,No_comment,Polygon,11,3644.95,907.65,3644.95,907.65,3659.1,876.15,3699.3,848.95,3740.55,853.3,3767.8,877.2,3775.4,914.2,3764.45,940.25,3737.35,958.75,3698.15,965.35,3658,950.05
5-222,Uninfected,No_comment,Polygon,11,3772.15,980.5,3772.15,980.5,3824.25,953.3,3861.2,959.85,3890.6,980.5,3903.6,1025.05,3890.6,1058.75,3853.6,1087,3821,1087,3779.75,1067.45,3761.2,1027.25
5-223,Uninfected,No_comment,Polygon,10,3892.8,1084.85,3927.6,1043.55,3971,1031.6,4009.05,1041.35,4030.8,1075.05,4030.8,1114.2,3996,1149,3953.65,1159.85,3910.2,1145.75,3897.15,1122.9
5-224,Uninfected,No_comment,Polygon,9,4418.95,1278.35,4461.35,1263.15,4504.75,1272.9,4525.5,1301.2,4526.5,1345.75,4507,1372.95,4465.7,1381.7,4423.3,1364.25,4399.4,1322.9
5-225,Uninfected,No_comment,Polygon,10,4311.25,1037,4350.4,1017.45,4395.05,1028.4,4427.65,1059.85,4432,1105.5,4412.35,1132.7,4382,1144.65,4340.65,1140.3,4301.55,1106.6,4298.3,1063.1
5-226,Uninfected,No_comment,Polygon,11,4198.2,877.2,4226.55,845.7,4277.6,828.3,4317.85,846.8,4340.65,895.7,4338.45,931.65,4338.35,931.55,4314.6,962,4267.85,972.9,4229.8,961,4206.9,920.7
5-227,Uninfected,No_comment,Polygon,10,4087.4,981.6,4118.85,944.6,4156.9,933.75,4187.4,945.7,4216.75,981.6,4208,1028.4,4178.7,1059.85,4130.8,1064.2,4095,1035.95,4088.4,1010.95
5-228,Uninfected,No_comment,Polygon,15,3077.2,1819.85,3075.9,1794.45,3082.25,1772.85,3089.9,1755.15,3088.6,1734.75,3072.1,1722.05,3037.8,1710.7,3006.05,1723.4,2987,1742.45,2989.55,1774.2,3001,1810.95,3007.35,1825,3031.45,1844.05,3045.45,1845.25,3063.2,1837.7
5-229,Uninfected,No_comment,Polygon,14,2570.55,596.9,2570.55,577.85,2583.25,563.9,2616.25,547.4,2648,544.85,2692.4,552.45,2706.45,577.85,2712.8,610.9,2712.8,646.45,2692.4,660.4,2661.95,665.5,2640.4,659.15,2616.25,628.65,2584.5,614.7
5-230,Uninfected,No_comment,Polygon,13,3092.35,819.2,3053,811.1,3031.3,819.2,3017.75,824.65,2983.85,811.1,2977.05,783.95,2990.65,750.05,3024.55,718.85,3065.25,717.5,3099.15,729.7,3133.05,763.6,3139.85,783.95,3122.2,811.1