267,5312,2988
5-1,Parasitized,No_comment,Polygon,19,3472.55,1039.45,3472.95,1058.55,3476.35,1079.7,3470.45,1105.95,3459,1125.95,3444.6,1140.7,3426.35,1147.05,3397.95,1143.7,3372.55,1131.4,3360.7,1117.05,3351.8,1088.15,3353.45,1060.65,3368.3,1033.15,3392.05,1017.45,3409.4,1012.75,3434.4,1014,3447.55,1020.35,3459.4,1027.15,3465.75,1033.55
5-2,Uninfected,No_comment,Polygon,19,2237.5,2292.75,2235.8,2274.85,2243,2250.3,2252,2232.4,2265.95,2221.8,2287.15,2210.6,2312.3,2208.4,2345.85,2217.35,2360.9,2225.1,2369.3,2237.95,2372.05,2259.8,2375.45,2282.7,2372.7,2300,2355.35,2313.4,2328.5,2324.6,2303.95,2333.55,2274.3,2337.95,2255.35,2324.6,2245.85,2311.2
5-3,Uninfected,No_comment,Polygon,17,2388.9,2285.5,2394.45,2256.45,2393.9,2234.65,2413.95,2215.6,2433,2200,2464.25,2197.75,2495.6,2204.5,2517.35,2215.6,2527.45,2227.95,2529.05,2249.75,2520.15,2282.15,2493.9,2306.15,2472.1,2326.25,2447,2334.65,2425.15,2330.75,2407.85,2318.45,2399.45,2305.05
5-4,Uninfected,No_comment,Polygon,19,2459.85,2332.95,2459.25,2350.8,2470.95,2368.7,2493.9,2383.8,2521.8,2387.15,2540.85,2382.7,2553.15,2375.45,2564.85,2363.65,2578.8,2349.75,2588.9,2329.05,2593.9,2307.85,2587.75,2284.9,2577.1,2267.6,2564.85,2258.1,2536.9,2250.3,2511.3,2254.8,2482.8,2272.7,2466.05,2292.2,2459.9,2313.4
5-5,Uninfected,No_comment,Polygon,16,2589.4,2401.7,2586.1,2383.8,2592.25,2361.45,2606.15,2341.9,2627.45,2329.6,2641.9,2320.7,2678.8,2316.2,2694.4,2322.9,2704.5,2338.55,2710.1,2356.45,2703.4,2376.55,2691.65,2400.55,2673.2,2415.1,2640.85,2428.45,2616.8,2427.95,2602.25,2419
5-6,Uninfected,No_comment,Polygon,16,2707.25,2419,2715.1,2401.7,2724.1,2379.35,2749.8,2357.5,2769.35,2349.75,2792.75,2348.6,2809.5,2358.1,2821.3,2376.55,2829.65,2403.9,2831.85,2431.3,2820.1,2454.75,2792.25,2476.5,2767.05,2483.8,2740.85,2476,2725.15,2464.8,2714,2446.95
5-7,Uninfected,No_comment,Polygon,17,2694.4,2245.8,2691.65,2261.45,2700.6,2275.45,2708.95,2288.85,2724.1,2295.55,2742.5,2297.2,2764.25,2294.4,2779.9,2284.9,2790.55,2274.85,2797.25,2258.1,2797.25,2232.95,2789.4,2205.6,2774.85,2188.85,2740.85,2178.8,2718.45,2187.7,2700.6,2208.4,2698.4,2229.05
5-8,Uninfected,No_comment,Polygon,30,2698.85,2245.8,2715.05,2240.25,2731.8,2232.4,2741.85,2222.35,2735.15,2196.65,2731.3,2180.45,2730.8,2165.35,2727.95,2160.35,2720.7,2158.1,2712.3,2160.35,2706.15,2151.4,2698.4,2145.25,2680.45,2149.75,2673.2,2145.8,2665.35,2139.65,2652,2145.25,2639.7,2145.8,2616.8,2145.25,2612.3,2161.45,2605.1,2169.85,2597.25,2177.05,2601.75,2188.85,2611.25,2199.4,2617.35,2217.9,2626.3,2224.6,2638,2223.45,2640.3,2235.15,2650.35,2239.1,2658.15,2237.95,2669.35,2243.6
5-9,Uninfected,No_comment,Polygon,20,2506.75,2196.65,2498.95,2187.15,2484.4,2172.65,2480.45,2147.5,2481.55,2121.8,2489.4,2098.9,2509.5,2084.35,2541.35,2076.55,2555.35,2082.15,2576.55,2083.8,2588.9,2093.25,2599.45,2111.75,2601.75,2134.1,2598.4,2149.75,2583.25,2162,2578.2,2176.55,2573.2,2191.05,2562.05,2202.25,2540.85,2203.9,2525.7,2205.05
5-10,Uninfected,No_comment,Polygon,19,2292.25,2156.45,2295.6,2166.5,2302.8,2170.95,2314.55,2178.8,2328,2189.4,2348.05,2196.05,2372.7,2192.75,2397.25,2188.85,2408.95,2177.05,2424.05,2157,2434.15,2136.9,2429.65,2115.6,2412.85,2095,2378.25,2086.05,2347,2094.4,2335.8,2101.1,2319,2104.5,2302.3,2113.4,2293.3,2124.6
5-11,Uninfected,No_comment,Polygon,19,2295.1,2163.7,2301.2,2155.35,2313.5,2144.15,2320.2,2121.3,2319.05,2105.1,2322.95,2088.25,2313.95,2070.35,2301.75,2060.35,2259.85,2064.2,2246.35,2072.65,2239.15,2083.8,2225.7,2101.7,2205.1,2117.3,2210.65,2156.45,2214.55,2173.2,2225.7,2186.05,2249.2,2195.55,2278.25,2191.65,2289.45,2182.7
5-12,Uninfected,No_comment,Polygon,17,2130.15,2021.25,2131.35,2057.5,2136.9,2078.2,2148.05,2091.05,2175.4,2103.9,2192.8,2105.6,2207.3,2099.4,2217.3,2087.7,2226.85,2076.55,2240.85,2055.3,2250.85,2041.3,2243,2009.45,2230.8,1993.25,2215.65,1982.15,2187.15,1979.35,2160.4,1990.5,2146.35,2002.25
5-13,Uninfected,No_comment,Polygon,16,2022.35,2217.9,2026.85,2194.4,2035.2,2158.1,2054.75,2138,2078.8,2129.05,2104.45,2125.1,2119.55,2136.3,2132.4,2154.75,2135.2,2199.4,2128,2218.45,2115.65,2232.95,2093.3,2243,2074.3,2250.8,2058.1,2250.8,2040.85,2241.3,2030.2,2234.1
5-14,Uninfected,No_comment,Polygon,20,2384.9,2010.6,2379.9,2037.45,2385.55,2050.85,2392.25,2063.15,2405.1,2075.4,2415.65,2084.9,2431.85,2093.85,2455.85,2096.1,2476.55,2092.75,2492.75,2083.2,2503.95,2072.65,2516.8,2061.45,2513.45,2034.1,2505.6,2015.1,2494.4,2001.1,2467.05,1989.9,2435.2,1986.05,2414.6,1993.25,2406.75,2000,2396.1,2006.7
5-15,Uninfected,No_comment,Polygon,18,2012.85,2379.35,2005.05,2360.85,2010.05,2335.2,2022.9,2313.4,2034.7,2297.2,2048.6,2291.05,2069.3,2287.15,2089.45,2289.4,2102.8,2296.05,2115.15,2308.9,2126.3,2337.45,2131.85,2359.25,2125.7,2381,2112.3,2397.2,2093.85,2406.7,2067.1,2410.6,2049.7,2408.9,2034.1,2400
5-16,Uninfected,No_comment,Polygon,18,2204.45,2456.4,2196.65,2453.6,2183.25,2446.9,2171.5,2439.1,2162.05,2419.55,2152.55,2392.7,2159.8,2356.95,2172.05,2337.95,2187.75,2326.25,2217.9,2325.1,2240.25,2330.7,2272.65,2364.8,2283.25,2400.55,2281.6,2431.85,2272.05,2448.05,2253.05,2460.9,2235.2,2458.65,2221.85,2458.1
5-17,Uninfected,No_comment,Polygon,19,2141.9,2562.55,2140.85,2551.95,2150.3,2526.25,2163.15,2505,2175.4,2492.7,2188.85,2482.1,2213.4,2475.4,2236.85,2478.75,2254.75,2492.15,2268.15,2511.7,2274.9,2534.6,2270.95,2570.35,2254.75,2589.35,2229.65,2605.55,2205.05,2611.7,2187.15,2608.35,2164.8,2603.35,2154.75,2594.95,2146.95,2579.85
5-18,Uninfected,No_comment,Polygon,17,2119,2542.45,2129.05,2534.6,2136.35,2508.35,2134.1,2479.85,2126.25,2458.1,2106.7,2442.45,2074.3,2433.5,2040.8,2444.1,2021.85,2459.2,2012.85,2481.55,2017.3,2522.35,2028,2537.4,2041.35,2550.25,2058.1,2558.65,2076.6,2562.55,2094.95,2561.45,2109,2551.4
5-19,Uninfected,No_comment,Polygon,17,1907.3,2439.65,1894.95,2425.1,1884.35,2399.4,1881,2380.45,1890.5,2360.9,1909,2345.8,1923.5,2335.75,1954.75,2340.75,1968.75,2352.5,1981.6,2365.35,1994.45,2382.65,2001.15,2413.4,1985.45,2431.85,1969.85,2445.25,1951.4,2449.7,1936.35,2449.7,1922.9,2450.25
5-20,Uninfected,No_comment,Polygon,17,2311.85,2331.8,2301.7,2345.25,2293.85,2370.95,2294.45,2404.45,2304.45,2423.45,2321.8,2440.75,2353.7,2450.25,2373.25,2450.25,2388.25,2441.3,2411.8,2426.25,2421.8,2392.7,2416.2,2364.8,2403.95,2348.05,2379.9,2324,2353.7,2318.4,2326.35,2317.3,2316.85,2327.35
5-21,Uninfected,No_comment,Polygon,17,2344.25,2446.3,2341.9,2464.25,2344.7,2489.95,2358.1,2510.05,2373.75,2525.7,2404.45,2529.05,2430.75,2521.75,2449.2,2509.5,2463.7,2496.05,2479.4,2469.8,2477.65,2443.55,2469.3,2426.25,2451.95,2404.45,2430.15,2393.85,2391.7,2403.3,2368.8,2419.5,2355.95,2431.8
5-22,Uninfected,No_comment,Polygon,15,2415.65,2577.65,2421.8,2563.65,2434.15,2548.6,2445.85,2536.3,2464.8,2527.35,2492.75,2528.5,2513.45,2538.55,2525.7,2553.05,2529.05,2587.15,2526.3,2613.95,2497.25,2633.5,2460.9,2634.05,2444.2,2627.9,2429.65,2619.55,2422.35,2606.15
5-23,Uninfected,No_comment,Polygon,16,2602.2,2757.55,2604.45,2735.75,2613.4,2720.7,2624.55,2710.05,2651.4,2698.35,2682.1,2695,2714.5,2703.35,2725.15,2718.4,2733.5,2745.75,2728.5,2776,2716.75,2795.55,2686,2806.15,2652.5,2807.85,2628.5,2802.8,2616.75,2793.3,2608.9,2781.6
5-24,Uninfected,No_comment,Polygon,15,2442.45,2773.75,2431.25,2760.3,2430.15,2731.25,2438.55,2705.55,2445.25,2679.85,2464.25,2664.25,2484.35,2656.95,2512.3,2656.95,2537.4,2675.45,2549.7,2702.8,2549.7,2733.55,2536.85,2764.25,2517.85,2786,2490.5,2793.3,2467.6,2790.5
5-25,Uninfected,No_comment,Polygon,16,2276.5,2774.85,2270.95,2759.25,2273.15,2728.45,2283.8,2702.8,2307.25,2690.5,2334.05,2683.8,2362.55,2686,2390.5,2703.85,2400.55,2729.6,2401.65,2760.9,2394.4,2784.35,2379.3,2811.2,2348.6,2808.4,2328.45,2812.25,2308.35,2801.7,2299.4,2789.35
5-26,Uninfected,No_comment,Polygon,14,2284.35,2607.85,2289.35,2581,2300.55,2563.15,2321.75,2548.6,2348.6,2544.15,2378.2,2553.65,2397.2,2568.15,2405,2613.4,2396.05,2642.45,2371.5,2660.3,2347.45,2666.5,2324,2658.65,2300.55,2650.3,2288.8,2639.7
5-27,Uninfected,No_comment,Polygon,15,2106.7,2748.05,2106.7,2727.4,2113.4,2702.2,2124,2679.85,2138.55,2663.65,2156.4,2653.1,2178.2,2646.95,2205.55,2655.9,2223.45,2676,2230.7,2710.65,2219,2740.8,2198.85,2763.65,2172.05,2777.65,2148.05,2778.2,2127.35,2768.15
5-28,Uninfected,No_comment,Polygon,15,2178.75,2831.25,2187.7,2807.25,2210.6,2789.95,2232.4,2781,2259.2,2787.65,2282.65,2796.05,2293.85,2811.7,2300.55,2840.75,2295.5,2868.75,2280.45,2890.5,2246.35,2900,2216.75,2896.65,2196.05,2884.35,2182.65,2872.65,2175.4,2854.15
5-29,Uninfected,No_comment,Polygon,14,1984.9,2679.85,1974.85,2694.4,1967,2715.65,1972.6,2740.25,1985.45,2762,2016.2,2772.65,2043,2772.1,2065.35,2762.6,2079.3,2749.15,2087.7,2724.6,2092.7,2693.3,2079.3,2672.65,2041.3,2662.6,2009.5,2667
5-30,Uninfected,No_comment,Polygon,15,1975.4,2676.5,1967,2663.15,1965.35,2630.75,1974.85,2603.9,1983.8,2588.85,2000.55,2574.85,2034.05,2569.3,2065.35,2579.35,2079.3,2595.55,2082.65,2624.05,2074.3,2652.5,2062,2678.2,2041.9,2690.4,2020.1,2697.7,2005,2699.9
5-31,Uninfected,No_comment,Polygon,14,2926.85,2633.5,2926.85,2633.5,2930.25,2660.35,2948.1,2683.25,2976.55,2703.9,3019.6,2703.9,3048.65,2682.1,3076.55,2652.5,3077.7,2617.9,3064.85,2596.65,3043.1,2578.75,2997.8,2568.7,2955.9,2584.9,2930.8,2609.5
5-32,Uninfected,No_comment,Polygon,14,2715.65,2634.1,2720.15,2614.5,2737.5,2594.4,2761.5,2584.4,2790.55,2584.9,2819,2605.6,2828.5,2634.1,2824.65,2669.9,2815.65,2688.85,2771,2710.6,2747,2701.7,2729.65,2686.6,2715.65,2672.05,2713.45,2652.5
5-33,Uninfected,No_comment,Polygon,15,2587.75,2693.3,2574.9,2676.55,2564.85,2655.85,2565.35,2625.15,2573.75,2601.7,2585.55,2582.75,2617.95,2563.7,2675.45,2555.85,2690.55,2570.4,2701.15,2595.6,2695.6,2634.1,2663.2,2663.7,2644.7,2682.75,2615.65,2695.6,2593.9,2697.75
5-34,Uninfected,No_comment,Polygon,15,2767,2873.2,2748.6,2853.65,2742.45,2831.85,2750.3,2794.4,2757.55,2778.75,2777.65,2762,2807.85,2754.2,2826.85,2758.7,2842.45,2769.85,2853.1,2801.1,2845.25,2833.5,2834.6,2859.8,2821.25,2869.25,2802.2,2876,2779.85,2877.65
5-35,Uninfected,No_comment,Polygon,15,2865.95,2859.2,2869.8,2837.5,2876.5,2818.45,2892.2,2802.8,2937.4,2781.55,2966.45,2787.15,2986,2813.4,2993.3,2836.3,2996.65,2863.15,2989.95,2894.95,2965.4,2918.45,2940.25,2926.8,2905.05,2919.55,2889.35,2908.95,2871.5,2891.05
5-36,Uninfected,No_comment,Polygon,16,3063.7,2808.95,3054.2,2800.55,3044.75,2788.25,3039.7,2747.45,3049.2,2713.4,3058.7,2697.2,3073.2,2680.45,3097.25,2671.5,3118.45,2673.75,3135.25,2684.35,3156.45,2710.6,3161.5,2739.1,3152.55,2780.45,3138.6,2810.6,3115.7,2820.65,3083.85,2817.3
5-37,Uninfected,No_comment,Polygon,13,3009.55,2982.1,2999.45,2971.5,2990,2956.95,2989.4,2932.4,2998.35,2905,3009.55,2888.8,3040.25,2879.9,3069.85,2885.45,3091.1,2897.75,3107.85,2928.5,3103.95,2951.95,3086.05,2975.4,3074.9,2984.9
5-38,Uninfected,No_comment,Polygon,15,3139.15,2874.85,3134.1,2899.45,3130.75,2919.55,3139.7,2941.9,3153.1,2957.55,3168.75,2965.35,3184.95,2968.7,3227.95,2955.85,3242.5,2943,3254.2,2920.1,3243.05,2870.95,3225.15,2854.2,3208.4,2845.8,3183.85,2846.9,3155.9,2856.95
5-39,Uninfected,No_comment,Polygon,29,3267.05,2858.65,3282.15,2843,3290.55,2833.5,3292.2,2819.55,3290.55,2802.8,3306.2,2798.85,3320.15,2795.5,3345.85,2780.45,3355.35,2776.5,3360.35,2788.8,3362.05,2802.2,3376,2806.15,3387.2,2803.9,3390.55,2814.5,3388.85,2824.55,3397.8,2832.95,3402.85,2839.1,3392.2,2852.5,3395,2872.6,3397.25,2879.3,3377.15,2885.45,3368.75,2893.3,3354.25,2897.75,3343.05,2903.9,3321.25,2911.15,3312.35,2902.8,3291.65,2897.2,3279.35,2887.15,3272.1,2875.95
5-40,Uninfected,No_comment,Polygon,21,3221.25,2739.1,3234.1,2730.15,3226.85,2704.45,3250.3,2694.95,3284.4,2679.3,3291.1,2672.6,3303.95,2683.8,3319.6,2681,3326.3,2677.1,3320.7,2705.55,3336.9,2710.6,3341.4,2722.9,3336.9,2741.9,3341.95,2760.3,3330.2,2769.8,3315.1,2778.75,3297.8,2783.8,3274.9,2787.15,3250.3,2773.75,3230.75,2759.2,3222.95,2751.95
5-41,Uninfected,No_comment,Polygon,19,3467.2,2489.15,3469.4,2469.9,3477.65,2450.1,3487.5,2433.1,3503.5,2412.75,3527.1,2406.15,3546.9,2413.3,3566.65,2423.2,3578.2,2435.85,3587.5,2450.1,3592.45,2477.05,3591.35,2505.05,3584.8,2529.8,3561.2,2545.2,3538.05,2548.5,3516.65,2550.15,3489.15,2540.8,3476.55,2528.15,3468.85,2515.5
5-42,Uninfected,No_comment,Polygon,16,3436.4,2521,3439.2,2500.65,3428.15,2468.8,3405.1,2438.05,3377.6,2428.15,3347.45,2423.75,3319.9,2438.6,3298.5,2455.6,3291.95,2486.4,3301.25,2508.35,3318.3,2530.35,3346.35,2549.05,3372.65,2558.9,3394.7,2551.8,3414.45,2544.1,3428.7,2538.6
5-43,Uninfected,No_comment,Polygon,19,3291.4,2623.2,3299.6,2603.45,3294.15,2564.4,3284.8,2548.5,3269.35,2532.55,3251.8,2523.75,3232.05,2519.9,3208.4,2529.25,3197.95,2544.1,3190.25,2568.25,3187.55,2584.2,3188.6,2613.85,3200.7,2632,3217.7,2649.05,3231.5,2652.9,3250.15,2652.9,3261.7,2647.95,3277.1,2639.15,3284.8,2632
5-44,Uninfected,No_comment,Polygon,21,3314.45,2659.5,3311.7,2642.45,3312.8,2616.05,3318.8,2603.45,3334.8,2590.25,3346.35,2584.2,3355.65,2583.1,3369.95,2584.2,3391.95,2590.8,3409.5,2602.9,3419.95,2614.95,3427.05,2628.7,3432.55,2649.05,3425.95,2672.65,3415.55,2683.1,3404,2694.65,3388.1,2702.35,3374.3,2702.35,3353.45,2696.3,3340.85,2686.4,3327.05,2670.45
5-45,Uninfected,No_comment,Polygon,22,3460.6,2771.1,3445.8,2766.65,3428.2,2752.35,3421.05,2734.75,3417.25,2713.35,3422.7,2701.8,3426.55,2694.65,3426.55,2678.7,3430.4,2669.35,3435.85,2653.45,3445.8,2645.2,3465.55,2638.1,3479.85,2636.45,3488.6,2640.3,3502.95,2655.1,3515.55,2674.3,3525.45,2685.85,3529.85,2716.1,3521.1,2732,3509,2746.35,3495.8,2759.5,3481.5,2765.55
5-46,Uninfected,No_comment,Polygon,17,3521.1,2673.2,3538.6,2667.25,3562.3,2667.25,3590.85,2673.75,3608.45,2683.1,3621.05,2695.75,3631,2717.25,3634.8,2740.25,3629.35,2770.55,3576.05,2803.45,3555.15,2795.8,3538.6,2786.4,3519.4,2766.65,3508.9,2747.5,3505.1,2726.6,3504,2706.85,3508.35,2688.15
5-47,Uninfected,No_comment,Polygon,17,3678.25,2416.6,3688.7,2392.95,3702.45,2366.05,3732.1,2354.5,3756.85,2347.9,3778.25,2358.9,3792,2374.3,3804.1,2394.6,3811.8,2419.35,3810.15,2443.55,3795.85,2468.8,3772.75,2488.05,3754.1,2491.9,3723.85,2486.4,3710.7,2476.5,3686.5,2462.75,3683.2,2443
5-48,Uninfected,No_comment,Polygon,17,3885.95,2346.25,3884.3,2325.95,3893.1,2310.55,3905.2,2299,3931.55,2292.95,3959.05,2294.25,3982.6,2309.2,3998.15,2327.4,4006.65,2357.35,4014.2,2389.4,3998.15,2416.7,3983.15,2427.95,3958,2425.25,3933.4,2414,3919.5,2402.8,3901.85,2385.15,3889.55,2371.75
5-49,Uninfected,No_comment,Polygon,17,3692.25,2339.7,3691.65,2354.1,3682.65,2385.15,3655.85,2412.4,3637.7,2423.1,3619.55,2417.25,3587.4,2406.55,3567.05,2377.1,3559.05,2350.9,3565,2319.35,3584.25,2292.6,3606.65,2281.4,3620.05,2276.6,3654.25,2280.85,3668.75,2289.95,3678.35,2301.2,3683.65,2310.25
5-50,Uninfected,No_comment,Polygon,17,3658.1,2334.9,3637.15,2319.4,3628.15,2305.5,3619.55,2285.2,3609.3,2243.95,3620.55,2217.75,3637.1,2207.6,3647.8,2201.7,3665.45,2204.9,3693.8,2215.1,3712,2231.65,3723.2,2243.95,3736.6,2275.5,3735,2310.8,3723.2,2326.85,3715.25,2336.5,3699.7,2338.1
5-51,Uninfected,No_comment,Polygon,14,3488.5,2393.7,3469.2,2386.75,3444.6,2370.7,3434.95,2341.3,3436.05,2308.65,3441.9,2285.15,3457.5,2272.85,3483.65,2266.4,3509.85,2275,3532.35,2290.5,3545.65,2317.75,3548.95,2350.4,3532.85,2375,3519.45,2386.2
5-52,Uninfected,No_comment,Polygon,17,3733.4,2192.65,3742.55,2168.05,3754.25,2153.6,3774.55,2145.05,3795.4,2149.8,3815.75,2164.8,3829.65,2181.4,3840.35,2196.4,3843.6,2218.85,3842.55,2232.75,3821.7,2256.25,3809.85,2257.9,3787.95,2264.85,3768.75,2260.5,3753.15,2248.2,3739.25,2234.9,3736.6,2215.1
5-53,Uninfected,No_comment,Polygon,18,3828.65,2111.9,3831.3,2096.9,3836.65,2084.6,3839.25,2081.35,3859.6,2066.4,3887.45,2058.35,3907.8,2058.95,3932.4,2067.5,3945.15,2080.35,3956.4,2109.2,3960.65,2135.4,3953.2,2157.35,3934.45,2177.65,3911.45,2187.3,3884.2,2184.6,3862.85,2175,3846.3,2163.2,3828.65,2139.7
5-54,Uninfected,No_comment,Polygon,15,3931.3,2205.5,3945.7,2187.3,3957.45,2178.2,3982.6,2175.5,4012.55,2178.2,4032.35,2193.2,4045.15,2215.65,4049.45,2237.55,4041.95,2262.15,4023.85,2277.7,3996.55,2286.75,3973.55,2284.65,3947.85,2271.8,3934,2249.3,3930.2,2231.65
5-55,Uninfected,No_comment,Polygon,19,3987.95,2015.65,3998.15,1999.55,4010.95,1988.9,4044.65,1978.75,4069.75,1983,4097.65,1998,4118.45,2026.3,4125.4,2054.1,4118.95,2078.2,4103.45,2107.1,4074.05,2116.7,4061.2,2120.95,4042.5,2123.65,4021.65,2114.05,4008.85,2103.3,3992.8,2088.9,3984.75,2065.9,3984.25,2045.6,3984.25,2034.35
5-56,Uninfected,No_comment,Polygon,26,3822.7,2031.15,3814.1,2016.75,3812.5,1994.75,3815.2,1973.9,3825.9,1947.7,3848.9,1930.65,3883.65,1920.95,3897.55,1924.2,3904.5,1932.75,3915.75,1937.6,3936.05,1934.9,3953.15,1939.2,3970.3,1950.4,3982.05,1963.2,3986.35,1977.65,3978.85,1994.75,3970.8,2009.75,3964.95,2023.7,3961.2,2041.35,3952.1,2050.95,3939.25,2052.55,3926.45,2044.55,3902.35,2039.7,3880.95,2042.35,3854.75,2047.2,3837.1,2042.35
5-57,Uninfected,No_comment,Polygon,18,3625.9,1978.2,3618.4,1968.55,3614.1,1937.6,3614.65,1914.6,3626.95,1895.35,3643,1880.85,3673.45,1867.5,3702.9,1867.5,3733.9,1881.95,3751.55,1903.9,3763.3,1926.3,3763.3,1951.5,3758.5,1979.85,3746.2,2000.1,3713.6,2008.7,3679.9,2011.4,3657.95,2000.1,3639.8,1990.5
5-58,Uninfected,No_comment,Polygon,42,3872.95,1840.2,3873.5,1852.5,3882.05,1858.45,3889,1870.75,3867.6,1880.85,3880.95,1896.35,3892.2,1894.25,3898.6,1898,3905.05,1909.75,3909.3,1919.35,3920,1922.6,3929.1,1920.45,3938.75,1930.05,3949.45,1929.55,3956.9,1926.9,3966,1935.4,3974.05,1939.7,3986.85,1933.25,3995.4,1926.3,4010.95,1917.25,4030.7,1910.8,4033.4,1903.9,4028.05,1891,4019.5,1878.7,4013.05,1871.75,4015.2,1862.15,4021.6,1850.9,4018.4,1846.65,4009.85,1842.9,4000.75,1839.2,3983.1,1838.1,3970.3,1840.8,3974.05,1823.15,3963.35,1816.2,3947.3,1822.05,3939.25,1829,3932.3,1820.45,3919.5,1812.45,3906.1,1821.55,3905.55,1826.9,3884.7,1831.15,3877.75,1833.25
5-59,Uninfected,No_comment,Polygon,32,4049.95,1870.15,4049.45,1861.6,4063.85,1855.2,4068.15,1849.3,4072.95,1841.3,4087.4,1833.25,4101.85,1826.9,4110.95,1832.75,4122.7,1830.6,4130.7,1826.9,4139.3,1834.85,4146.75,1847.15,4153.7,1852,4168.7,1852.5,4176.2,1862.15,4168.7,1875,4174.55,1887.8,4171.35,1902.3,4175.65,1914.6,4175.1,1926.9,4166.55,1935.4,4159.05,1943.95,4158.55,1961.1,4151.05,1969.65,4128.6,1971.25,4107.2,1962.2,4084.75,1956.85,4070.85,1940.8,4062.25,1918.3,4053.7,1906,4048.35,1892.65,4049.45,1887.3
5-60,Uninfected,No_comment,Polygon,18,4039.3,1607.55,4048.9,1589.9,4069.75,1570.1,4095.95,1560.5,4117.35,1563.15,4143.05,1569.6,4158.55,1581.35,4166.55,1595.8,4169.75,1615.05,4168.15,1637.5,4154.8,1669.6,4135.55,1684.05,4107.25,1690.45,4083.65,1686.7,4060.65,1679.75,4046.25,1661.05,4038.2,1648.75,4035.05,1626.3
5-61,Uninfected,No_comment,Polygon,20,3863.85,1730.05,3868.7,1713.45,3880.45,1696.35,3893.8,1687.25,3917.9,1685.1,3940.9,1683.5,3969.2,1686.7,3984.2,1696.85,3993.3,1705.95,4004,1714,4008.8,1728.95,4014.15,1741.8,4014.15,1761.05,3993.3,1781.9,3963.35,1793.65,3943.6,1798.5,3901.35,1789.9,3884.2,1778.7,3873.5,1767.45,3866.55,1746.6
5-62,Uninfected,No_comment,Polygon,16,3722.2,1643.4,3718.4,1663.2,3725.9,1688.85,3740.85,1706.5,3774.55,1720.95,3791.15,1720.95,3820,1714.5,3847.3,1701.7,3858,1681.9,3857.5,1651.4,3847.3,1630,3835,1609.7,3813.05,1599,3781.5,1596.85,3755.3,1602.2,3735.5,1612.9
5-63,Uninfected,No_comment,Polygon,18,3815.75,1413.45,3822.7,1406.5,3837.15,1399.5,3855.85,1393.65,3872.95,1392.55,3902.45,1401.65,3919,1415.05,3927.05,1447.65,3922.15,1471.2,3914.75,1488.3,3892.2,1501.65,3868.7,1507.55,3845.2,1508.6,3829.1,1502.75,3816.8,1493.65,3807.2,1478.15,3798.7,1455.15,3801.3,1436.4
5-64,Uninfected,No_comment,Polygon,16,4133.45,1518.8,4128.6,1494.7,4137.7,1464.25,4147.85,1449.25,4170.3,1440.15,4200.8,1445.5,4223.3,1454.6,4239.3,1473.85,4243.05,1496.85,4236.1,1511.85,4237.2,1525.75,4234.5,1542.3,4224.3,1553.55,4205.65,1558.9,4177.8,1558.35,4151.1,1554.1
5-65,Uninfected,No_comment,Polygon,18,4192.25,1556.25,4190.7,1571.75,4192.75,1587.25,4193.35,1611.3,4212.6,1631.6,4232.95,1641.25,4263.35,1638.05,4280.45,1627.35,4297.6,1615.6,4305.6,1599.55,4305.05,1572.8,4302.45,1549.25,4292.75,1532.15,4272.5,1516.1,4254.85,1506.5,4227.55,1512.95,4211.5,1521.45,4204,1530
5-66,Uninfected,No_comment,Polygon,14,3724.8,1629.5,3713.05,1636.45,3683.1,1638.05,3664.4,1628.4,3642.45,1610.75,3630.75,1574.4,3641.95,1525.2,3671.9,1502.2,3702.35,1492.05,3737.65,1498.45,3752.65,1507.55,3767.05,1540.15,3763.35,1580.3,3753.15,1605.45
5-67,Uninfected,No_comment,Polygon,15,3943.2,1433.3,3939.9,1415.3,3947,1390.15,3967.25,1376.5,4002.2,1370.45,4033.9,1373.75,4050.3,1382.5,4065.05,1396.15,4073.8,1424,4066.15,1448.05,4043.75,1465.55,4013.7,1473.2,3992.4,1473.2,3965.05,1465,3951.95,1456.25
5-68,Uninfected,No_comment,Polygon,16,4077.1,1343.15,4089.65,1330.05,4104.95,1316.9,4136.1,1307.65,4160.15,1307.1,4177.65,1314.75,4197.3,1325.65,4235.55,1356.8,4225.15,1389.6,4214.25,1406.55,4185.85,1419.1,4148.65,1420.75,4108.25,1414.2,4090.75,1395.6,4081.45,1375.95,4077.65,1365.55
5-69,Uninfected,No_comment,Polygon,17,4177.65,1308.2,4178.7,1277.05,4173.25,1261.2,4186.35,1242.05,4201.15,1231.65,4216.45,1227.85,4239.4,1229.5,4257.95,1234.4,4272.15,1245.9,4286.35,1269.4,4297.85,1290.7,4298.95,1322.4,4285.85,1350.25,4260.7,1365,4228.45,1367.2,4203.85,1357.35,4188,1344.75
5-70,Uninfected,No_comment,Polygon,19,3683.1,1359.55,3680.35,1348.05,3681.45,1325.65,3692.35,1304.35,3706.6,1287.4,3727.35,1277.55,3750.3,1273.75,3778.7,1279.2,3797.85,1289.05,3813.7,1303.8,3829,1332.2,3832.25,1358.45,3821.35,1387.4,3802.2,1405.45,3774.9,1416.9,3748.65,1416.35,3723,1414.75,3702.75,1402.15,3688,1385.75
5-71,Uninfected,No_comment,Polygon,15,3797.3,1209.25,3801.1,1190.7,3812.6,1175.95,3827.9,1162.25,3859.05,1146.4,3895.1,1153,3912.05,1162.8,3929.55,1180.85,3942.1,1213.1,3924.6,1259,3900.05,1277.05,3864.5,1287.95,3833.35,1286.85,3811.5,1267.75,3801.65,1239.85
5-72,Uninfected,No_comment,Polygon,19,3557.4,1433.9,3542.65,1416.4,3530.05,1394.55,3531.75,1367.75,3539.95,1343.15,3550.9,1327.3,3565.6,1316.4,3585.3,1309.3,3603.85,1309.3,3620.8,1311.45,3639.95,1322.4,3650.3,1331.7,3661.2,1351.35,3666.7,1388,3660.15,1412,3649.75,1427.3,3628.45,1438.25,3608.8,1445.9,3577.65,1441.55
5-73,Uninfected,No_comment,Polygon,17,3414.2,1506.55,3410.95,1494,3413.15,1471.05,3422.4,1445.35,3438.85,1430.05,3460.15,1423.5,3479.3,1425.15,3498.9,1427.85,3514.75,1443.7,3529.55,1459.55,3539.95,1485.25,3539.4,1509.3,3524.1,1529.5,3490.2,1548.1,3467.25,1550.8,3443.75,1544.25,3427.9,1531.15
5-74,Uninfected,No_comment,Polygon,20,3418.1,1191.25,3408.8,1208.75,3413.7,1241,3410.4,1263.4,3415.35,1284.7,3428.45,1309.85,3439.95,1322.95,3454.15,1332.25,3472.15,1331.7,3487.5,1321.85,3502.25,1297.25,3503.3,1279.25,3503.3,1255.2,3500.6,1230.05,3492.95,1203.25,3485.85,1184.15,3477.1,1174.3,3464,1169.95,3441.05,1170.5,3427.9,1179.25
5-75,Uninfected,No_comment,Polygon,18,3636.65,1216.95,3626.3,1197.25,3614.8,1171.05,3610.45,1149.15,3630.1,1123.5,3636.65,1110.35,3643.25,1103.25,3665.1,1098.9,3693,1105.45,3708.25,1114.75,3726.85,1135.5,3731.8,1155.75,3724.7,1191.25,3712.65,1209.85,3697.9,1220.75,3685.35,1225.15,3667.25,1224.6,3653.05,1222.4
5-76,Uninfected,No_comment,Polygon,20,3560.15,1178.7,3543.75,1178.7,3528.45,1176.5,3509.35,1163.4,3501.2,1149.7,3493.55,1131.15,3493,1098.35,3500.1,1074.85,3511,1050.8,3526.3,1038.25,3556.35,1032.25,3574.4,1040.95,3591.85,1050.8,3609.9,1071.05,3613.15,1094.55,3611,1116.4,3598.95,1130.05,3594.6,1142.05,3588.05,1163.4,3580.4,1173.2
5-77,Uninfected,No_comment,Polygon,16,3683.65,1068.85,3678.8,1048.1,3688.55,1026.2,3701.2,1013.65,3731.2,994.5,3773.3,991.8,3795.15,1003.8,3811,1024.05,3820.3,1045.35,3814.25,1069.95,3805,1091.8,3780.95,1106.55,3753.05,1112.55,3735.05,1114.75,3713.7,1104.9,3703.35,1094.55
5-78,Uninfected,No_comment,Polygon,18,3844.35,1018.55,3841.05,1036.05,3836.15,1057.9,3827.35,1077.05,3823,1095.05,3834.5,1115.3,3853.05,1126.75,3887.5,1133.3,3911,1132.25,3929.55,1121.85,3960.7,1075.4,3978.8,1043.7,3974.95,1024.05,3956.9,1004.9,3925.25,991.8,3900.6,987.95,3880.4,992.9,3867.8,1003.25
5-79,Uninfected,No_comment,Polygon,18,3938.85,1121.3,3952.5,1098.35,3972.2,1080.85,3987,1069.95,4001.15,1062.3,4035.05,1059.55,4058.55,1072.65,4072.25,1084.7,4080.4,1110.35,4077.1,1134.95,4067.3,1163.95,4047.05,1192.35,4022.45,1203.8,3998.45,1206,3977.1,1204.35,3958.5,1194,3937.75,1168.3,3938.85,1138.25
5-80,Uninfected,No_comment,Polygon,16,3959.65,890.7,3949.8,903.25,3943.8,925.65,3942.15,949.7,3949.25,981.4,3965.65,996.7,3995.15,1005.45,4014.25,1000,4030.1,993.95,4044.85,970.45,4045.95,953,4042.7,932.2,4033.95,910.35,4017.6,889.05,3991.3,881.95,3970,885.2
5-81,Uninfected,No_comment,Polygon,16,3953.05,891.8,3952,870.45,3950.35,849.7,3960.7,827.85,3984.2,806.55,4001.15,800.5,4029.05,807.1,4044.35,812.55,4055.25,820.75,4065.65,832.2,4076.55,854.05,4078.8,901.05,4056.9,924.55,4030.7,936.6,4000.1,931.65,3972.75,920.75
5-82,Uninfected,No_comment,Polygon,15,4123,803.25,4114.25,813.65,4102.85,833.3,4096.8,855.7,4094.65,872.1,4103.9,896.7,4119.2,914.75,4139.95,921.3,4161.25,919.65,4182.6,914.2,4194.65,896.15,4197.9,885.75,4156.4,817.45,4148.2,810.9,4131.75,802.15
5-83,Uninfected,No_comment,Polygon,15,3805.55,809.25,3809.4,782.5,3820.3,770.45,3848.2,759,3872.2,750.25,3898.95,750.8,3915.35,767.2,3926.85,787.95,3926.85,810.35,3920.85,824,3894.1,839.85,3876,849.15,3855.3,851.35,3830.65,844.8,3812.65,828.95
5-84,Uninfected,No_comment,Polygon,16,3619.75,886.3,3621.9,862.25,3632.35,840.95,3652.5,820.75,3666.2,813.65,3686.4,806,3712.1,816.9,3735.05,831.65,3750.9,860.1,3754.15,890.7,3736.15,921.85,3715.9,932.75,3689.7,936.6,3666.7,932.2,3644.85,923.45,3632.35,904.35
5-85,Uninfected,No_comment,Polygon,17,3488.6,919.1,3473.3,893.4,3469.5,868.3,3483.65,843.7,3502.25,821.3,3514.8,814.2,3531.25,811.45,3575.45,818.55,3592.4,826.75,3606.05,848.6,3606.6,879.75,3601.2,902.15,3591.3,917.45,3572.7,930.6,3559.6,938.25,3539.45,940.95,3512.1,938.75
5-86,Uninfected,No_comment,Polygon,15,3769.95,747.55,3755.25,736.05,3744.3,706.55,3742.65,683.55,3749.25,660.1,3769.4,647,3795.15,640.45,3815.85,648.65,3838.25,665,3847,684.7,3846.45,706.55,3834.5,736.6,3825.75,750.25,3794.05,754.65,3780.9,757.35
5-87,Uninfected,No_comment,Polygon,17,3631.2,767.2,3622.4,755.75,3614.25,733.9,3617.55,711.45,3626.8,695.1,3643.25,685.25,3670,684.7,3693.5,685.25,3711.5,685.8,3722.4,708.2,3727.35,733.9,3721.35,755.75,3711.5,770.5,3687.5,780.85,3672.2,782.5,3663.45,782.5,3645.35,775.4
5-88,Uninfected,No_comment,Polygon,17,3911,721.3,3909.9,712.6,3909.35,692.9,3918.1,668.8,3938.3,653.5,3964.55,640.45,3986.95,639.9,3999.5,643.7,4014.25,649.15,4031.7,659.55,4042.15,684.1,4037.2,713.65,4029.05,735,4000.05,754.65,3972.75,766.65,3938.3,758.5,3927.9,738.8
5-89,Uninfected,No_comment,Polygon,15,3758.5,632.2,3738.3,614.15,3729.55,587.4,3727.4,545.85,3753.6,521.3,3785.3,502.7,3815.35,507.6,3837.2,510.9,3848.7,514.15,3860.15,530,3872.7,564.45,3868,594,3857.4,614.15,3818.6,634.95,3772.15,639.85
5-90,Uninfected,No_comment,Polygon,21,3826.25,630,3843.2,651.9,3861.25,656.8,3883.65,657.9,3904.95,648.6,3920.8,638.75,3937.2,624,3947.65,600.5,3947.65,583.55,3938.3,571,3918.6,556.8,3902.8,543.7,3878.25,527.3,3854.15,518,3833.35,525.65,3809.3,537.65,3798.35,552.95,3790.15,577.55,3797.25,599.4,3807.15,611.45,3814.8,618.55
5-91,Uninfected,No_comment,Polygon,22,3500,681.4,3507.65,674.3,3536.65,665.55,3564.5,669.4,3586.35,678.15,3597.3,689.05,3603.3,701.6,3599.45,719.1,3596.2,726.2,3602.2,738.8,3608.2,756.25,3606.05,767.2,3597.85,777.6,3581.45,791.25,3558.5,799.45,3517.5,792.35,3496.2,785.25,3484.7,776.5,3474.9,761.75,3469.4,741.5,3469.4,722.4,3477.05,707.65
5-92,Uninfected,No_comment,Polygon,17,3315.85,758.45,3306.55,744.8,3299.45,720.2,3304.95,693.95,3321.85,680.3,3347,657.9,3373.25,652.45,3395.1,651.35,3419.7,661.2,3438.8,682.5,3443.75,702.15,3437.7,735.5,3425.7,761.2,3390.7,779.2,3373.8,779.2,3353,777.6,3336.1,774.3
5-93,Uninfected,No_comment,Polygon,19,3214.75,568.3,3221.85,552.45,3238.8,538.25,3256.3,530.05,3277.05,530.6,3292.35,540.4,3307.65,548.6,3329.5,573.2,3351.4,595.05,3353.55,616.9,3343.2,643.15,3325.15,655.15,3302.2,666.1,3278.7,665.55,3260.1,660.1,3238.8,646.45,3227.9,617.45,3215.85,596.7,3215.85,578.1
5-94,Uninfected,No_comment,Polygon,17,3317.5,471,3310.95,487.4,3312.6,507.1,3318.6,530.05,3332.25,550.8,3349.75,571,3370.5,580.85,3388,579.2,3403.85,573.2,3419.15,563.35,3433.9,539.35,3438.25,508.2,3430.6,477.6,3401.65,454.1,3376.5,443.15,3354.1,450.25,3331.7,460.65
5-95,Uninfected,No_comment,Polygon,18,3598.9,455.7,3605.5,443.15,3616.95,428.4,3630.6,416.9,3641.55,412.55,3664.5,416.35,3683.1,427.3,3694,434.4,3706.05,450.8,3716.95,469.9,3722.95,488.5,3718.05,524.55,3710.4,539.35,3690.2,552.45,3653.55,552.45,3630.6,543.15,3608.75,520.75,3596.75,490.15
5-96,Uninfected,No_comment,Polygon,14,3754.1,284.15,3725.2,291.25,3707.65,309.8,3699.45,336,3695.15,358.45,3695.65,387.95,3702.25,401.1,3717.55,416.4,3740.5,411.45,3754.7,415.3,3774.35,408.2,3784.15,392.35,3795.15,361.2,3801.7,332.75
5-97,Uninfected,No_comment,Polygon,17,3522.95,280.3,3511.5,298.9,3503.85,326.2,3512.6,357.35,3526.8,375.35,3549.75,385.8,3584.15,384.7,3603.3,377.05,3620.25,369.95,3632.85,348.05,3638.8,331.15,3638.25,305.95,3626.8,286.85,3610.45,274.25,3588.55,266.6,3561.8,266.1,3542.1,275.95
5-98,Uninfected,No_comment,Polygon,19,3514.2,280.85,3502.75,266.1,3485.85,253,3480.9,222.95,3492.95,191.25,3508.8,174.8,3526.8,165,3561.8,161.2,3582.55,168.85,3596.2,180.3,3606.55,201.05,3614.2,221.85,3624.1,251.3,3618.55,278.65,3603.25,294.5,3579.2,306.5,3561.15,311.4,3542.05,308.65,3522.4,291.75
5-99,Uninfected,No_comment,Polygon,19,3378.75,390.1,3374.9,379.2,3373.8,354.1,3380.35,324.55,3400.6,297.75,3415.35,275.95,3447.05,263.9,3467.75,264.45,3482,275.95,3486.4,300.55,3491.8,332.75,3489.1,367.15,3488,382.45,3474.9,400,3460.65,414.75,3439.95,425.65,3419.7,427.85,3405.5,423.5,3393.5,415.3
5-100,Uninfected,No_comment,Polygon,18,3174.9,110.9,3170.5,137.15,3164.5,168.25,3156.85,205.45,3159.6,243.7,3171.05,265,3187.45,280.85,3206.6,286.85,3224.05,283.05,3242.65,279.2,3259.6,262.8,3270.5,249.7,3278.7,210.9,3268.35,177,3257.95,146.4,3233.35,118.55,3213.15,108.7,3191.3,102.7
5-101,Uninfected,No_comment,Polygon,14,3292.9,100.5,3288,119.65,3286.9,147.5,3304.4,171.55,3324.6,184.65,3356.85,190.15,3379.8,180.85,3398.95,169.9,3412.05,143.15,3413.15,112.55,3391.3,84.65,3367.25,73.2,3337.75,72.1,3319.15,79.75
5-102,Uninfected,No_comment,Polygon,16,3083.1,377,3084.7,359.55,3092.9,331.65,3113.7,314.75,3136.65,306,3161.75,300.5,3188.55,307.6,3204.4,327.3,3213.7,364.45,3209.3,389.6,3197.3,408.7,3178.7,422.9,3159.05,428.4,3121.35,424.55,3108.75,420.75,3094,409.25
5-103,Uninfected,No_comment,Polygon,18,2976.5,424,2966.7,419.1,2949.75,408.7,2944.3,395.05,2937.2,372.65,2933.9,345.35,2943.2,324,2953.55,306,2986.9,291.75,3008.2,293.4,3032.8,299.95,3054.65,315.8,3062.85,350.25,3068.35,380.3,3057.4,407.1,3039.35,421.85,3018.05,430.05,3000,427.3
5-104,Uninfected,No_comment,Polygon,15,2879.8,281.95,2871.6,268.3,2869.95,238.2,2885.8,201.05,2905.5,177,2942.65,162.25,2964.5,163.9,2982,172.1,2994.55,189.05,3003.85,210.35,2998.4,243.15,2983.1,275.4,2959.05,291.25,2926.8,299.95,2908.2,293.95
5-105,Uninfected,No_comment,Polygon,16,3043.75,260.65,3044.85,234.4,3044.85,216.9,3055.2,197.25,3071.6,184.1,3102.75,180.3,3127.9,189.6,3139.9,205.45,3143.75,230,3143.2,255.15,3133.35,281.4,3121.35,295.05,3104.4,302.7,3090.2,308.7,3069.4,300.5,3055.75,291.75
5-106,Uninfected,No_comment,Polygon,14,2894.6,46.4,2879.25,63.35,2875.5,90.65,2879.8,119.1,2894,138.2,2914.8,148.6,2947,143.65,2968.35,133.85,2988,94.5,2988.55,59.5,2979.8,32.2,2949.75,18,2921.35,16.35,2905.5,27.25
5-107,Uninfected,No_comment,Polygon,17,2740.45,199.95,2732.3,194.5,2726.25,184.1,2723,159.5,2729.55,137.65,2740.45,119.65,2754.65,108.15,2771.1,96.65,2794.55,95.05,2808.2,103.8,2819.15,112.5,2825.2,136,2827.9,157.35,2820.25,191.2,2805.5,204.85,2789.1,210.9,2759.05,210.9
5-108,Uninfected,No_comment,Polygon,20,2630.6,255.15,2622.95,250.8,2610.4,242.6,2604.4,232.2,2594.55,201.05,2591.3,181.9,2599.5,165,2605.55,153.5,2624.05,142.05,2642.65,132.2,2659.65,136.55,2667.8,142.6,2682,149.7,2692.9,151.85,2701.1,167.7,2704.95,195.05,2707.15,221.25,2694.55,236,2680.35,248.05,2668.35,254.05
5-109,Uninfected,No_comment,Polygon,16,2642.1,331.65,2643.75,312,2648.1,291.2,2659.55,274.3,2686.9,255.15,2704.95,250.25,2714.75,252.95,2731.15,269.35,2745.35,291.2,2752.45,307.6,2753.55,351.9,2742.1,380.3,2721.3,397.8,2688,393.95,2663.95,380.3,2652.45,357.35
5-110,Uninfected,No_comment,Polygon,40,2527.9,298.35,2543.75,296.15,2551.4,292.3,2549.2,301.6,2555.2,312,2568.85,318.55,2578.7,314.7,2585.8,308.15,2586.9,301.6,2592.9,299.4,2602.75,299.4,2603.85,291.2,2595.65,273.75,2600,263.9,2604.4,256.8,2594,245.85,2584.7,239.3,2579.8,234.4,2582.5,224,2575.95,217.45,2564.5,209.25,2556.3,201.05,2557.4,181.95,2537.15,179.2,2520.25,179.2,2509.3,168.25,2491.8,168.8,2492.35,178.65,2490.15,189.05,2475.95,197.8,2475.4,212,2484.7,220.75,2484.7,238.75,2483.6,248.6,2497.8,250.8,2501.65,254.05,2488.55,272.65,2501.65,281.4,2511.5,281.4,2518.6,284.1
5-111,Uninfected,No_comment,Polygon,19,2377.6,402.7,2375.95,385.2,2378.15,365,2398.35,345.85,2420.75,333.3,2447,322.35,2460.65,314.7,2463.4,308.7,2489.1,310.9,2499.45,320.2,2520.75,344.8,2526.8,382.5,2519.15,412,2492.9,440.95,2467.2,452.45,2444.8,452.95,2421.85,446.4,2403.85,440.4,2391.8,431.65
5-112,Uninfected,No_comment,Polygon,17,2349.75,285.2,2337.7,265,2336.6,235.5,2350.3,206.5,2371.6,184.1,2392.9,173.75,2419.15,170.45,2437.7,178.65,2447,189.05,2457.95,204.9,2465.6,225.65,2470.5,262.25,2464.5,289.6,2442.65,306.5,2419.7,320.75,2385.8,317.45,2369.95,308.7
5-113,Uninfected,No_comment,Polygon,17,2214.8,238.75,2204.4,226.75,2204.4,191.2,2213.15,160.6,2232.8,142.05,2262.3,137.1,2286.35,141.5,2301.7,148.05,2313.15,158.95,2323,187.4,2331.15,211.45,2324.1,236.55,2315.35,251.85,2291.3,260.05,2273.2,260.05,2248.65,251.85,2229.55,246.95
5-114,Uninfected,No_comment,Polygon,17,2061.2,192.3,2059.6,142.6,2076,116.9,2107.15,96.15,2141,98.85,2161.2,111.95,2177.65,127.3,2187.95,151.3,2187.95,174.8,2187.45,202.7,2179.25,238.75,2155.2,252.95,2133.35,247.5,2116.45,242.05,2096.75,236,2078.15,221.25,2072.65,212.5
5-115,Uninfected,No_comment,Polygon,16,2157.95,328.35,2161.75,313.05,2169.4,289.55,2181.45,271.55,2207.15,262.25,2237.75,262.8,2266.15,267.15,2287.45,281.9,2299.5,315.25,2298.95,337.1,2288,360.6,2266.7,380.3,2224.1,381.4,2192.35,374.8,2182.55,360.05,2167.25,343.15
5-116,Uninfected,No_comment,Polygon,16,2015.9,343.65,2015.9,316.35,2022.4,285.2,2035,269.9,2055.2,256.8,2079.8,250.25,2114.8,257.9,2130.6,271.55,2136.1,289.05,2138.8,310.35,2131.75,336,2122.45,352.4,2104.95,366.6,2072.65,372.65,2042.65,370.45,2032.25,360.6
5-117,Uninfected,No_comment,Polygon,20,1884.8,257.35,1886.95,243.7,1896.8,226.75,1906.1,219.1,1927.4,216.35,1950.35,225.1,1968.95,238.25,1981.5,258.45,1993,272.65,1995.15,299.45,1991.35,325.65,1993.55,354.1,1972.75,368.3,1958.55,370.5,1942.7,362.3,1928.5,350.8,1915.95,329.5,1903.9,311.45,1895.15,297.25,1886.4,283.05
5-118,Uninfected,No_comment,Polygon,19,1784.25,348.6,1784.25,330.05,1793,308.2,1804.45,297.8,1837.25,292.35,1861.3,297.25,1876.6,305.45,1893.55,326.2,1918.65,358.45,1927.95,369.4,1929.05,389.05,1920.85,416.4,1896.25,430.05,1879.3,431.7,1861.3,425.65,1846,408.75,1824.65,403.8,1796.8,386.35,1790.25,375.95
5-119,Uninfected,No_comment,Polygon,16,1672.2,429.5,1669.45,409.8,1670.55,389.6,1682.05,378.65,1696.25,367.2,1713.75,363.35,1741.05,371,1763.45,385.8,1779.85,409.3,1789.7,440.95,1782.6,459,1764,480.3,1752.55,484.15,1729.6,478.15,1705.55,466.65,1677.65,451.35
5-120,Uninfected,No_comment,Polygon,15,1729.6,478.15,1725.75,489.6,1726.85,504.35,1744.9,524.6,1779.85,537.15,1812.65,530.05,1832.85,521.85,1849.8,496.15,1853.1,454.65,1842.15,426.2,1798.45,407.65,1773.8,410.4,1753.1,421.9,1735,439.35,1726.25,461.2
5-121,Uninfected,No_comment,Polygon,18,2003.9,447.55,2006.65,425.15,2007.75,406.55,2026.3,389.6,2047.65,383.05,2071.7,384.15,2097.9,387.4,2114.3,394.5,2128.5,408.75,2139.45,426.75,2143.25,463.4,2130.15,495.6,2102.85,509.3,2076.6,508.75,2063.5,505.45,2042.7,496.15,2023.6,478.15,2007.75,461.75
5-122,Uninfected,No_comment,Polygon,20,1892.95,537.75,1892.95,512.55,1903.9,488.55,1918.1,469.95,1938.35,460.65,1963.45,463.95,1984.25,471.6,1997.35,481.95,2007.75,488,2019.75,499.45,2026.85,524.6,2021.95,547,2008.8,567.75,1998.45,575.4,1985.35,586.35,1970.55,596.25,1953.65,595.65,1934.5,590.7,1912.65,585.25,1902.25,559
5-123,Uninfected,No_comment,Polygon,20,1765.65,554.1,1748.7,567.2,1741.6,589.1,1745.4,611.5,1755.25,627.9,1777.1,657.95,1795.7,669.4,1818.1,671.6,1839.95,666.7,1855.25,661.2,1883.7,654.65,1898.45,639.35,1906.65,619.15,1902.25,589.1,1886.95,558.5,1874.95,547,1855.25,539.35,1824.65,544.8,1807.7,551.9,1791.3,549.2
5-124,Uninfected,No_comment,Polygon,14,1560.15,488,1553.05,500.55,1545.95,516.4,1548.7,548.1,1566.15,571.6,1584.2,584.7,1612.6,587.45,1642.7,578.7,1656.35,562.3,1659.6,536.05,1654.15,504.9,1638.85,483.05,1606.05,473.25,1583.1,472.7
5-125,Uninfected,No_comment,Polygon,25,1544.85,665.6,1560.15,659.05,1571.65,642.65,1581.45,628.95,1606.05,619.75,1624.65,621.3,1635.6,627.9,1648.7,639.9,1660.7,645.9,1668.35,657.95,1671.65,671.6,1672.2,690.2,1676,704.4,1664,718.05,1656.35,727.9,1646.5,737.7,1630.1,745.9,1608.8,754.1,1596.8,749.75,1574.9,738.8,1562.35,731.15,1554.15,725.15,1545.4,710.95,1550.85,695.65,1543.75,680.9
5-126,Uninfected,No_comment,Polygon,19,2258.6,644.8,2256.95,661.75,2236.25,685.25,2242.2,707.65,2250.95,715.85,2260.75,733.35,2273.35,743.75,2300.1,751.4,2315.95,757.95,2345.45,754.65,2356.95,744.3,2367.35,720.8,2366.8,700.55,2367.95,675.95,2356.45,654.1,2341.15,642.1,2317.1,630.05,2298.55,627.35,2274.5,630.6
5-127,Uninfected,No_comment,Polygon,16,2306.7,754.6,2307.75,768.85,2315.95,786.35,2328.55,800.55,2341.65,808.75,2359.7,811.5,2383.25,807.65,2400.65,800,2415.95,788.55,2426.4,765.05,2419.25,731.7,2408.3,707.65,2382.65,696.75,2349.85,699.95,2331.8,716.35,2321.45,728.4
5-128,Uninfected,No_comment,Polygon,17,1948.25,883.1,1943.25,877.05,1931.8,865.05,1922.5,847,1926.85,814.75,1937.25,790.2,1956.45,775.95,1979.95,770.5,1999.55,771.6,2024.7,783.6,2040,797.3,2046.55,828.45,2044.95,846.45,2035.05,865.6,2015.95,889.65,1994.7,895.1,1972.3,894.55
5-129,Uninfected,No_comment,Polygon,17,1814.85,738.8,1820.35,717.5,1828,698.9,1849.8,683.6,1875,676.5,1896.25,675.95,1931.8,692.9,1944.4,711.5,1946,735,1939.45,760.1,1927.4,779.25,1906.15,792.35,1889.15,797.3,1871.65,802.2,1849.8,795.1,1829.6,783.6,1819.8,759.05
5-130,Uninfected,No_comment,Polygon,20,1995.25,603.3,2008.3,595.1,2026.85,582.5,2044.35,574.85,2065.65,580.9,2077.7,590.15,2090.25,599.45,2113.75,609.3,2122.55,622.95,2129.6,653,2119.85,677.05,2107.25,684.7,2080.5,684.15,2063.5,692.9,2051.45,698.35,2030.2,692.9,2009.95,682,1999.05,662.85,1990.85,638.8,1990.85,618.05
5-131,Uninfected,No_comment,Polygon,17,2083.75,593.5,2101.2,582.5,2119.3,575.95,2139.45,578.15,2160.2,584.7,2179.35,596.75,2195.2,611.5,2207.2,627.35,2213.2,659.55,2202.85,692.35,2183.7,712.6,2158.1,719.15,2121.4,712.05,2098.45,686.9,2084.85,662.85,2073.35,632.8,2075.55,618.05
5-132,Uninfected,No_comment,Polygon,16,2120.9,989.15,2120.4,964.5,2113.75,940.45,2097.45,914.25,2073.4,894,2056.4,885.3,2035.6,890.75,2017.05,903.9,2005,936.65,2010.55,958,2025.85,988.6,2041.7,1003.3,2062.4,1014.8,2084.3,1019.75,2097.9,1015.95,2113.25,1006.05
5-133,Uninfected,No_comment,Polygon,17,2035.6,1088.55,2041.1,1073.25,2054.75,1048.7,2080.5,1036.15,2105.55,1032.85,2135.7,1043.8,2149.3,1057.4,2159.2,1076.55,2155.85,1100.6,2151.55,1124.1,2142.2,1146.5,2111.65,1159.65,2087,1157.95,2069.55,1152.55,2056.4,1143.8,2042.8,1131.75,2032.35,1108.25
5-134,Uninfected,No_comment,Polygon,17,1938.35,1075.45,1924.75,1070.6,1901.8,1060.7,1891.9,1049.2,1882.65,1025.75,1884.8,995.65,1904.45,972.15,1923.05,962.4,1962.4,962.9,1982.05,968.35,2004,985.9,2013.2,1002.75,2019.85,1023.6,2008.3,1041.05,1995.25,1055.3,1975.55,1065.05,1962.4,1073.85
5-135,Uninfected,No_comment,Polygon,18,1834.5,965.65,1824.2,948.65,1810,922.5,1809.45,891.3,1817.1,871.65,1828.55,859.05,1848.8,850.85,1874.45,849.75,1898.5,861.8,1911.55,872.75,1924.15,886.35,1932.95,907.2,1938.9,929,1930.15,948.65,1916.5,959.05,1899,972.75,1880.95,978.75,1867.35,980.95
5-136,Uninfected,No_comment,Polygon,17,1711.6,1045.95,1705,1033.9,1699.6,1004.45,1702.25,963.45,1721.4,942.7,1742.75,935.55,1780.4,940.45,1804.5,952.5,1820.35,975.45,1833.95,1001.7,1830.7,1023,1822.5,1041.05,1809.45,1055.85,1795.15,1064.55,1776.05,1069.45,1752,1071.15,1735.65,1061.8
5-137,Uninfected,No_comment,Polygon,18,1571.15,946.55,1560.25,925.15,1556.95,891.9,1561.8,858.5,1571.7,834.45,1591.95,837.8,1615.45,836.1,1653.15,846.5,1679.9,868.4,1693.55,902.2,1694.6,920.25,1691.35,949.8,1683.7,965.1,1670.55,980.4,1647.6,985.9,1624.65,990.75,1609.35,980.4,1591.95,970.05
5-138,Uninfected,No_comment,Polygon,16,1557.45,1055.85,1560.25,1079.3,1569.45,1103.85,1582.05,1123,1595.2,1135.55,1612.1,1143.8,1639.4,1144.9,1665.7,1139.4,1690.8,1129.05,1706.65,1087,1695.2,1053.6,1670.55,1023,1646.05,1011.55,1603.9,1013.15,1590.25,1016.5,1581.5,1019.75
5-139,Uninfected,No_comment,Polygon,27,1871.7,1208.25,1882.1,1221.95,1881.55,1238.35,1882.6,1253.1,1892.45,1252.55,1903.4,1261.3,1919.8,1260.2,1927.45,1269.5,1936.75,1274.9,1952.55,1270,1956.4,1265.7,1976.05,1260.75,1986.45,1256.95,1988.65,1246.5,1982.65,1228.45,1992.45,1208.8,2000.1,1198.45,1979.9,1188.1,1976.05,1165.65,1968.4,1155.25,1954.75,1148.75,1937.8,1139.4,1926.35,1148.75,1914.3,1154.15,1895.2,1152,1894.65,1165.65,1894.1,1178.75
5-140,Uninfected,No_comment,Polygon,18,1859.15,1199.55,1869.5,1185.3,1881.55,1156.4,1889.2,1127.35,1871.7,1102.3,1853.65,1088.05,1829.6,1078.25,1795.75,1084.75,1763.5,1091.85,1749.85,1100.05,1740.55,1126.85,1737.8,1142.7,1739.45,1158.5,1749.3,1191.35,1765.7,1209.35,1794.65,1220.3,1824.7,1220.8,1845.45,1214.85
5-141,Uninfected,No_comment,Polygon,23,1578.25,1325.2,1575.5,1317,1568.95,1296.3,1565.65,1280.45,1573.3,1272.25,1574.95,1256.95,1582.6,1250.9,1591.9,1246,1594.1,1229.05,1617.6,1229.05,1647.1,1227.4,1667.85,1232.85,1682.6,1248.15,1691.35,1259.1,1690.8,1279.3,1692.45,1300.65,1696.8,1317,1682.6,1326.9,1667.85,1338.35,1654.2,1345.4,1631.8,1347.6,1612.1,1348.15,1594.1,1339.95
5-142,Uninfected,No_comment,Polygon,17,1706.1,1264,1705,1292.95,1712.1,1321.4,1725.25,1338.9,1747.1,1354.2,1772.25,1368.35,1800.65,1367.85,1822.5,1353.65,1840,1341.05,1844.9,1324.1,1846,1300.65,1838.9,1271.65,1817.05,1250.9,1798.45,1234.55,1763.5,1231.2,1738.35,1239.95,1721.95,1249.85
5-143,Uninfected,No_comment,Polygon,19,1653.95,1486.95,1663.05,1508.5,1680.1,1531.8,1695.5,1540.35,1713.6,1542.05,1731.2,1537.5,1746.55,1530.7,1762.45,1521.6,1774.45,1508.5,1778.95,1493.2,1777.8,1468.75,1780.1,1442.6,1770.45,1421.6,1752.25,1400,1724.45,1394.3,1701.1,1398.85,1671,1417.6,1660.75,1434.1,1652.25,1458.5
5-144,Uninfected,No_comment,Polygon,16,1601.75,1482.4,1582.35,1467.05,1572.7,1445.45,1572.7,1409.65,1582.35,1390.9,1597.7,1377.85,1622.7,1369.9,1653.95,1368.75,1671,1375,1685.2,1396,1697.2,1411.4,1698.25,1451.2,1690.95,1478.45,1668.7,1491.45,1646,1490.9,1622.7,1490.35
5-145,Uninfected,No_comment,Polygon,17,1797.7,1435.8,1806.8,1414.2,1822.7,1401.7,1835.75,1393.2,1853.4,1387.5,1874.95,1387.5,1895.45,1392.6,1907.35,1397.15,1920.45,1414.2,1930.1,1433.5,1927.8,1464.75,1918.2,1485.2,1889.75,1506.8,1861.35,1518.75,1831.8,1509.65,1806.2,1496.6,1794.3,1472.15
5-146,Uninfected,No_comment,Polygon,29,1593.2,1771.6,1598.85,1764.75,1604,1755.7,1600.05,1745.5,1608.5,1740.9,1606.3,1734.1,1625.05,1723.3,1649.45,1711.95,1661.95,1706.8,1677.8,1709.1,1686.95,1710.8,1701.75,1718.2,1714.75,1717.6,1723.85,1733.5,1727.25,1748.3,1722.75,1760.25,1726.1,1773.85,1726.75,1789.2,1714.25,1797.15,1705.1,1806.8,1698.85,1820.45,1683.5,1824.45,1668.8,1827.25,1655.1,1828.4,1643.2,1830.1,1636.95,1825.55,1619.85,1818.2,1608.5,1811.95,1600.05,1797.15
5-147,Uninfected,No_comment,Polygon,24,1795.45,1652.25,1801.7,1674.45,1790.9,1689.25,1797.75,1699.45,1803.4,1708,1804.5,1726.75,1814.75,1736.35,1826.1,1741.5,1839.75,1750,1858.55,1753.4,1880.1,1748.85,1885.25,1733,1898.85,1718.2,1911.35,1705.1,1917,1696.6,1911.35,1676.15,1912.55,1663.05,1913.6,1651.75,1901.1,1629.55,1885.25,1610.8,1853.4,1604.55,1836.35,1614.25,1816.5,1627.85,1806.3,1636.95
5-148,Uninfected,No_comment,Polygon,19,1948.25,1574.45,1939.2,1585.25,1939.8,1610.25,1948.25,1626.75,1957.95,1646,1968.15,1663.65,1980.65,1672.15,1998.85,1673.85,2015.3,1671,2032.95,1665.9,2046.55,1658,2057.35,1646,2067.6,1629,2071.05,1601.75,2065.3,1580.7,2051.1,1564.75,2026.1,1550,2003.4,1546,1986.35,1552.85
5-149,Uninfected,No_comment,Polygon,31,1542.6,1597.75,1551.75,1581.8,1548.25,1569.3,1567,1569.9,1574.45,1564.75,1575.55,1556.8,1586.95,1546.6,1605.1,1543.2,1615.9,1544.9,1622.75,1536.35,1639.75,1534.1,1655.1,1535.8,1661.95,1543.2,1673.85,1546.6,1683.5,1558.5,1685.75,1571,1688.05,1579.55,1687.55,1596.6,1673.25,1603.4,1677.8,1619.9,1661.35,1621.6,1651.1,1631.25,1642.6,1642.6,1625.55,1641.5,1617.6,1642.05,1607.35,1648.3,1594.3,1645.5,1576.75,1648.85,1563.6,1646,1551.75,1633.5,1536.95,1616.5
5-150,Uninfected,No_comment,Polygon,17,1895.45,1756.9,1906.85,1732.4,1919.35,1715.9,1937.55,1705.7,1958.55,1696.6,1988.6,1692.6,2009.65,1702.35,2026.1,1719.9,2036.9,1743.8,2042.6,1781.3,2028.4,1805.7,1999.4,1818.8,1968.8,1826.7,1943.8,1824.45,1921.05,1810.25,1900.05,1792.6,1896.05,1776.7
5-151,Uninfected,No_comment,Polygon,17,1969.85,1868.2,1979,1848.35,2006.3,1828.4,2029,1820.45,2051.1,1821.1,2065.9,1827.85,2081.85,1840.9,2098.35,1860.25,2099.4,1889.85,2090.9,1915.35,2073.35,1936.35,2048.85,1946.1,2021.05,1943.2,2003.4,1939.2,1986.35,1926.7,1973.85,1911.35,1965.9,1891.5
5-152,Uninfected,No_comment,Polygon,19,1787.55,1881.3,1779,1868.2,1771.55,1848.35,1778.4,1821.1,1789.8,1805.1,1815.9,1790.9,1848.85,1783.6,1882.35,1792.6,1898.35,1814.2,1917.1,1834.65,1927.8,1854,1931.85,1873.35,1915.3,1900.65,1902.3,1914.2,1882.35,1928.4,1846.05,1938.15,1825.05,1923.35,1810.85,1905.7,1801.1,1892.1
5-153,Uninfected,No_comment,Polygon,18,1674.45,1991.5,1676.75,1975.65,1672.75,1957.95,1684.65,1934.65,1700.55,1913.65,1719.3,1903.4,1733,1896.1,1757.95,1892.1,1781.8,1904.6,1799.45,1923.35,1802.8,1948.35,1796.55,1973.85,1786.95,1996.6,1769.3,2015.9,1750.95,2030.45,1738.05,2034.1,1719.85,2025.65,1698.85,2017.1
5-154,Uninfected,No_comment,Polygon,14,1698.35,2013.65,1689.25,2032.4,1690.9,2060.25,1706.8,2081.3,1729.6,2096.6,1746.05,2099.45,1773.85,2094.9,1797.75,2078.4,1810.85,2057.95,1818.8,2033.6,1809.65,2003.4,1790.3,1984.7,1744.85,1981.9,1717.1,1990.4
5-155,Uninfected,No_comment,Polygon,20,1835.25,2001.7,1840.3,1986.95,1855.7,1964.85,1874.45,1945.45,1893.2,1941.5,1910.85,1940.35,1931.3,1942.1,1948.85,1952.85,1960.85,1964.2,1971.55,1988.15,1972.75,2012.55,1966.5,2050.05,1955.1,2064.85,1928.4,2079,1901.7,2082.4,1879,2074.45,1864.2,2067.1,1851.7,2056.9,1839.8,2042.1,1834.65,2022.75
5-156,Uninfected,No_comment,Polygon,18,1992.6,2036.35,2004,2017.6,2016.5,2002.35,2031.85,1995.45,2053.4,1995.45,2067.6,1996.6,2089.2,2009.1,2101.7,2020.45,2109.15,2038.15,2115.4,2073.85,2107.95,2092.1,2094.85,2108.6,2067.1,2117.1,2041.5,2115.9,2020.45,2109.1,2010.25,2098.35,2000.6,2076.15,1991.5,2057.95
5-157,Uninfected,No_comment,Polygon,18,1516.5,1961.95,1523.35,1940.9,1523.85,1912.55,1530.7,1898.35,1547.15,1879.6,1566.5,1865.9,1583.55,1857.95,1623.35,1856.3,1645.5,1870.45,1659.05,1891.5,1661.35,1919.9,1659.05,1942.6,1644.85,1960.25,1625.05,1972.75,1590.9,1984.65,1562.55,1991.5,1540.9,1985.25,1530.1,1979
5-158,Uninfected,No_comment,Polygon,17,1396.55,1981.9,1384.65,1963.15,1368.8,1951.15,1367.6,1924.45,1376.1,1904.6,1400.05,1890.9,1425.55,1882.95,1444.3,1879.6,1475.55,1886.95,1490.9,1895.45,1500.05,1909.65,1503.4,1936.35,1498.85,1964.2,1483,1983.6,1469.3,1993.2,1448.35,1996.1,1429,1998.35
5-159,Uninfected,No_comment,Polygon,16,2346,1711.95,2346.55,1696,2360.2,1672.7,2378.95,1659.65,2408.5,1655.7,2432.35,1664.2,2449.4,1678.4,2463.6,1702.25,2471.55,1725.55,2469.3,1753.95,2446.55,1771.6,2421.55,1780.7,2392.6,1776.15,2374.95,1770.45,2358.5,1758.5,2349.95,1740.35
5-160,Uninfected,No_comment,Polygon,16,2239.15,1685.2,2232.9,1666.45,2230.1,1644.9,2246,1619.9,2265.3,1603.4,2276.1,1596,2305.65,1592.05,2330.65,1603.4,2343.7,1618.2,2355.1,1651.7,2348.85,1677.25,2335.2,1692.6,2314.15,1706.8,2296.55,1711.95,2266.45,1709.65,2251.1,1698.85
5-161,Uninfected,No_comment,Polygon,17,2148.85,1781.25,2149.95,1765.35,2156.8,1748.3,2174.95,1727.85,2199.4,1717.6,2224.4,1713.05,2255.1,1719.9,2270.4,1735.2,2279.5,1753.4,2277.8,1782.4,2270.4,1800,2249.4,1816.45,2229.5,1823.85,2203.95,1823.3,2186.9,1816.45,2164.75,1809.65,2155.65,1799.45
5-162,Uninfected,No_comment,Polygon,15,2062.45,1748.85,2055.65,1740.35,2045.4,1718.75,2040.9,1693.75,2062.45,1659.65,2082.9,1650.55,2105.1,1651.15,2133.5,1659.65,2149.95,1678.95,2159.05,1702.25,2148.25,1725.55,2136.9,1743.75,2124.4,1757.4,2106.2,1763.05,2089.15,1761.95
5-163,Uninfected,No_comment,Polygon,15,2121,1630.1,2117.6,1614.2,2127.8,1578.4,2148.85,1563.65,2173.85,1551.15,2198.25,1544.3,2223.85,1544.9,2236.9,1553.4,2247.15,1570.45,2244.85,1592.6,2223.25,1624.45,2197.7,1635.8,2175.55,1646,2155.1,1647.15,2142.6,1643.75
5-164,Uninfected,No_comment,Polygon,18,2494.8,1675.05,2494.3,1656.9,2497.7,1632.4,2511.85,1613.65,2533.5,1601.15,2551.05,1597.75,2568.75,1596.6,2588.55,1611.35,2601.65,1631.3,2613.55,1648.85,2611.85,1674.45,2602.25,1693.2,2589.15,1709.65,2571.6,1717.6,2552.85,1719.4,2535.8,1714.25,2521.6,1706.9,2506.25,1697.15
5-165,Uninfected,No_comment,Polygon,16,2467.6,1648.85,2476.05,1642.1,2487.5,1626.75,2490.85,1614.25,2496,1581.3,2488.05,1561.95,2464.75,1536.95,2430.1,1530.1,2397.7,1537.55,2380.6,1560.85,2372.7,1577.85,2381.25,1617.1,2392.05,1632.4,2405.6,1644.4,2434.6,1653.4,2448.3,1654
5-166,Uninfected,No_comment,Polygon,18,2526.65,1795.45,2528.95,1777.35,2544.8,1754.6,2571,1741.5,2584.6,1736.35,2621,1743.8,2639.75,1758.6,2651.65,1790.9,2651.65,1809.1,2647.7,1838.65,2633.5,1856.3,2613.55,1868.8,2593.7,1875.05,2571.6,1868.8,2553.35,1859.1,2543.1,1851.15,2530.6,1823.85,2526.05,1813.65
5-167,Uninfected,No_comment,Polygon,17,2401.05,1853.4,2401.65,1840.9,2403.95,1815.35,2423.85,1797.75,2446.6,1787.55,2469.3,1785.25,2489.75,1794.4,2506.8,1807.4,2517.05,1833.6,2514.75,1854,2506.25,1869.9,2495.4,1884.1,2475.55,1893.8,2461.35,1900.65,2444.3,1898.85,2419.3,1888.15,2414.15,1883.6
5-168,Uninfected,No_comment,Polygon,18,2626.05,1639.25,2626.05,1669.4,2635.2,1697.75,2652.85,1719.9,2672.7,1728.4,2688.65,1729,2703.35,1729,2717.6,1724.45,2730.1,1716.5,2741.4,1705.7,2748.3,1679.6,2744.3,1656.3,2732.4,1633,2716.45,1618.2,2686.85,1609.1,2662.45,1610.25,2645.4,1621.1,2635.2,1629
5-169,Uninfected,No_comment,Polygon,15,2742.6,1797.15,2742.6,1779,2751.65,1755.7,2764.75,1741.5,2777.25,1734.1,2792.6,1730.7,2827.85,1739.25,2847.65,1751.15,2864.15,1775.65,2860.8,1807.4,2840.85,1835.25,2823.3,1846.1,2785.15,1848.35,2768.1,1840.35,2748.3,1826.7
5-170,Uninfected,No_comment,Polygon,19,2886.9,1548.85,2873.25,1567.6,2865.85,1588.05,2870.4,1608.5,2866.45,1622.15,2871.55,1645.5,2885.2,1664.75,2897.7,1673.85,2913.05,1677.85,2946,1673.3,2964.75,1655.1,2973.85,1634.65,2982.35,1614.25,2989.75,1597.75,2982.9,1569.3,2969.85,1549.45,2942.6,1535.8,2922.15,1535.8,2903.35,1541.5
5-171,Uninfected,No_comment,Polygon,19,2849.4,1551.15,2835.75,1535.8,2813.05,1527.85,2784.6,1525.55,2769.3,1530.7,2754.5,1541.5,2743.15,1560.25,2734.6,1575.55,2733.5,1597.15,2739.75,1623.3,2751.1,1635.25,2766.45,1646.6,2780.1,1651.75,2803.35,1654.55,2834.05,1644.3,2846.55,1631.8,2857.9,1617.6,2859.05,1594.3,2860.2,1571.6
5-172,Uninfected,No_comment,Polygon,22,2682.35,1401.15,2671,1408,2656.2,1417.05,2638.05,1427.25,2625.55,1439.25,2616.45,1455.1,2608.5,1469.9,2609.05,1499.45,2618.15,1515.9,2636.35,1529,2655.65,1538.65,2680.1,1539.25,2696,1540.35,2721,1531.8,2734.6,1522.8,2744.85,1510.8,2749.95,1490.35,2755.1,1467.6,2743.7,1443.2,2730.1,1429.55,2714.75,1421,2697.1,1414.25
5-173,Uninfected,No_comment,Polygon,19,2467,1513.65,2464.75,1504.55,2460.2,1483.5,2468.7,1462.5,2479.5,1446.6,2491.45,1435.8,2505.65,1427.85,2524.95,1420.5,2540.85,1415.9,2560.75,1427.25,2573.25,1445.5,2581.2,1467.6,2580.1,1504.05,2571,1525,2556.2,1535.8,2535.2,1545.5,2517.6,1546,2496.55,1538.05,2481.2,1530.1
5-174,Uninfected,No_comment,Polygon,17,2290.3,1527.85,2281.2,1513.65,2276.1,1476.15,2284.05,1451.75,2295.4,1438.05,2317,1426.75,2339.15,1422.15,2359.05,1432.4,2376.1,1446.6,2388.05,1463.65,2392.6,1483.5,2388.6,1507.4,2382.9,1522.15,2371.55,1531.8,2349.4,1539.75,2332.35,1542.05,2318.7,1541.5
5-175,Uninfected,No_comment,Polygon,20,2675.55,1247.7,2666.45,1230.1,2664.15,1200.55,2671,1178.95,2686.95,1161.9,2714.75,1148.85,2743.2,1143.7,2774.4,1145.9,2790.65,1163.3,2797.65,1181.35,2799.95,1198.8,2795.3,1216.25,2803.45,1235.4,2802.35,1255.2,2790.65,1269.15,2771.5,1280.75,2751.7,1283.1,2732.55,1280.75,2711,1272.6,2697.05,1264.5
5-176,Uninfected,No_comment,Polygon,20,2579.05,1339.5,2579.05,1315.05,2594.15,1296.45,2612.2,1287.75,2638.95,1284.85,2658.1,1281.9,2692.4,1288.9,2716.85,1295.9,2734.9,1311,2740.65,1320.9,2739.5,1335.4,2726.7,1349.95,2704.6,1357.5,2697.05,1361.55,2688.95,1372.6,2661,1377.25,2642.4,1377.85,2629.6,1379,2612.2,1371.45,2594.75,1363.3
5-177,Uninfected,No_comment,Polygon,17,2719.75,1359.25,2716.3,1372.05,2729.05,1391.2,2744.15,1406.9,2765.65,1420.85,2782.55,1424.35,2803.45,1422.05,2822.05,1409.85,2839.55,1387.75,2849.95,1358.1,2841.85,1322.05,2827.9,1299.95,2803.45,1289.5,2779.05,1290.05,2751.7,1301.7,2732.55,1313.35,2723.25,1329.65
5-178,Uninfected,No_comment,Polygon,18,2994.75,1272.05,3003.45,1259.85,3030.25,1249.95,3049.4,1245.3,3068,1245.3,3094.2,1259.25,3104.6,1285.4,3106.95,1308.1,3102.3,1327.25,3088.9,1351.7,3063.9,1370.9,3038.9,1376.1,3017.4,1374.35,3004.05,1366.2,2983.1,1345.3,2976.15,1327.25,2982.55,1301.7,2983.7,1284.85
5-179,Uninfected,No_comment,Polygon,17,3008.7,1067.95,2999.4,1054.6,2999.95,1027.9,3013.9,1005.8,3026.1,989.5,3043.6,978.45,3073.25,976.15,3107.5,980.15,3122,987.75,3129.6,1001.7,3139.5,1022.6,3137.7,1051.15,3124.35,1074.95,3102.3,1088.35,3081.3,1098.25,3055.75,1097.6,3030.75,1088.9
5-180,Uninfected,No_comment,Polygon,18,2940.05,1167.4,2949.95,1144.15,2959.85,1128.45,2973.25,1117.95,2987.7,1109.8,3015.05,1105.15,3043.6,1112.75,3059.85,1129.6,3074.95,1161,3068,1198.8,3056.3,1219.15,3037.15,1230.15,3010.4,1237.2,2990.65,1241.2,2972,1241.2,2956.3,1230.15,2941.8,1216.85,2939.5,1207.55
5-181,Uninfected,No_comment,Polygon,18,2811,1220.3,2808.05,1209.25,2811.6,1183.1,2818.6,1162.75,2829.05,1142.4,2839.5,1134.8,2863.35,1130.8,2884.25,1130.8,2907.5,1141.2,2919.75,1166.85,2919.1,1192.4,2913.9,1222.6,2903.4,1237.75,2881.3,1254.6,2866.8,1256.9,2851.1,1259.25,2832.5,1249.4,2822.65,1240.65
5-182,Uninfected,No_comment,Polygon,18,2815.05,1156.9,2801.65,1147.6,2790.1,1124.95,2786.6,1106.35,2797,1074.4,2812.15,1059.8,2829.05,1048.8,2847.65,1042.95,2883.7,1038.9,2901.1,1045.3,2914.5,1053.45,2923.75,1069.75,2926.1,1095.3,2915.05,1126.15,2903.95,1143.6,2885.35,1155.8,2867.3,1163.95,2842.3,1165.1
5-183,Uninfected,No_comment,Polygon,22,3195.9,1018.55,3184.85,1027.9,3176.1,1048.25,3174.95,1069.75,3180.75,1088.9,3195.9,1107.55,3205.2,1119.15,3215.05,1126.15,3229.05,1129.6,3244.15,1130.15,3256.95,1128.45,3272.65,1122.6,3284.25,1113.35,3295.9,1100.5,3304.6,1078.45,3304,1052.9,3293.55,1029.6,3272,1014.5,3258.7,1008.1,3237.15,1008.1,3223.2,1006.35,3208.05,1006.35
5-184,Uninfected,No_comment,Polygon,18,3151.65,1244.15,3157.55,1225.5,3184.85,1210.45,3203.4,1202.25,3224.95,1197.05,3247,1202.9,3264.5,1216.2,3273.2,1232.55,3277.3,1252.25,3275.55,1276.7,3270.3,1299.4,3247,1316.85,3219.7,1322.6,3186.6,1315.65,3166.8,1306.35,3154.05,1290.1,3147,1273.2,3149.95,1265.1
5-185,Uninfected,No_comment,Polygon,18,3062.75,880.85,3074.95,862.2,3088.35,849.45,3104.6,839.5,3126.7,837.2,3147.7,838.95,3159.9,846.55,3172.05,860.5,3181.35,879.1,3183.7,901.75,3171.5,938.95,3159.9,957.55,3138.95,967.45,3110.45,966.25,3084.25,955.85,3062.2,936.05,3058.1,916.85,3060.45,901.75
5-186,Uninfected,No_comment,Polygon,18,2976.7,791.85,2976.7,777.3,2976.15,761.6,2985.45,740.7,2998.8,729.1,3013.95,722.65,3041.85,720.9,3070.3,729.1,3087.2,739.5,3102.35,759.85,3107,788.95,3102.9,813.35,3088.35,829.6,3067.4,842.45,3040.1,844.15,3018,839.5,2998.8,829.6,2984.9,816.25
5-187,Uninfected,No_comment,Polygon,22,3188.9,940.15,3191.85,929.1,3197.05,911.05,3199.4,894.8,3215.1,881.95,3232,867.45,3247.65,859.25,3270.3,858.1,3291.3,859.85,3307,864.5,3327.9,880.85,3341.85,900.55,3342.4,927.3,3338.35,954.1,3322.65,972.1,3293.6,989.5,3276.7,994.8,3255.25,988.95,3239.55,987.75,3218,987.75,3204.6,981.4,3191.85,963.95
5-188,Uninfected,No_comment,Polygon,18,2791.85,1036.6,2773.8,1029.1,2757,1013.35,2748.8,996.5,2750.6,968,2765.1,943,2797.7,922.65,2818.05,917.45,2836,913.35,2863.95,933.75,2883.1,944.8,2896.5,956.95,2894.75,989.5,2888.95,1010.5,2869.15,1023.25,2845.3,1031.95,2818.6,1038.9,2808.1,1040.7
5-189,Uninfected,No_comment,Polygon,17,2177.25,983.1,2174.95,963.3,2173.8,943.6,2185.4,925.55,2196.45,913.95,2215.05,904.6,2245.3,905.2,2267.4,916.85,2284.25,934.3,2296.45,961,2297.05,995.85,2287.75,1020.85,2265.05,1037.75,2244.15,1044.15,2215.65,1029.6,2197.6,1020.3,2181.9,1005.8
5-190,Uninfected,No_comment,Polygon,18,2344.7,993.6,2322.05,1001.15,2311.55,1028.45,2312.75,1057.55,2317.95,1077.9,2324.35,1095.3,2334.8,1108.1,2345.3,1117.95,2356.35,1122.6,2370.85,1126.15,2390.65,1124.4,2416.8,1106.9,2429.6,1091.2,2434.8,1061,2426.1,1035.45,2409.8,1003.45,2387.15,988.95,2368.55,987.2
5-191,Uninfected,No_comment,Polygon,18,2458.65,1045.3,2465.65,1035.45,2475.5,1024.4,2487.15,1017.4,2511,1013.95,2526.7,1013.95,2541.8,1025.55,2558.1,1037.2,2571.45,1054.05,2576.7,1076.15,2569.1,1104.6,2556.35,1123.25,2536.55,1136,2509.8,1137.2,2472.6,1122.05,2463.3,1104.6,2455.15,1090.1,2454.6,1062.2
5-192,Uninfected,No_comment,Polygon,17,2611.9,897,2619.6,889.35,2644.45,891.15,2665.7,900,2688.25,926.65,2694.75,952.65,2695.35,973.4,2680.55,998.25,2663.4,1015.35,2642.7,1024.85,2617.8,1026.65,2597.7,1022.45,2574.05,1004.1,2564.55,978.7,2567.55,958.6,2580.55,927.8,2594.15,910.65
5-193,Uninfected,No_comment,Polygon,18,2614.2,904.65,2621.3,926.55,2620.7,952,2609.55,968.55,2585.85,979.8,2564,975.65,2540.3,969.85,2517.8,956.8,2501.85,937.3,2491.8,904.1,2496.5,876.95,2507.75,864.5,2518.95,856.2,2537.95,856.2,2555.1,856.2,2576.4,863.9,2588.25,872.8,2598.3,880.5
5-194,Uninfected,No_comment,Polygon,21,2459.25,755.65,2456.85,764.45,2449.75,782.2,2449.75,802.95,2451.55,821.3,2459.25,832.5,2471.65,846.7,2487.05,851.5,2504.2,845.55,2512.5,839.6,2521.95,835.5,2532.6,834.35,2542.1,830.8,2552.75,810.65,2562.2,787.6,2557.45,760.35,2540.9,747.95,2521.35,740.85,2503.6,747.35,2478.75,750.25,2467.55,752.65
5-195,Uninfected,No_comment,Polygon,18,2337.95,986.35,2333.2,966.9,2325.5,932.5,2337.95,910.65,2357.45,892.9,2381.7,887.6,2398.9,894.1,2411.9,901.2,2426.7,913.6,2439.1,934.35,2448,950.3,2444.45,979.25,2439.1,995.85,2421.35,1010.05,2400.25,1018.4,2380.2,1017.8,2357.1,1013.1,2350.55,1004.2
5-196,Uninfected,No_comment,Polygon,18,2590,850.25,2591.2,868.6,2604.2,871,2623.15,866.3,2652.15,863.3,2666.95,851.5,2678.2,841.45,2687.65,826.65,2690,811.85,2694.75,787.6,2669.9,763.9,2648.6,750.9,2617.25,755.65,2592.95,767.45,2575.2,790.55,2563.4,814.75,2568.7,839.05,2575.2,845.55
5-197,Uninfected,No_comment,Polygon,22,2850.85,904.65,2837.4,900,2826.3,888.9,2816.35,872.5,2813.45,849.1,2819.85,816.35,2835.65,798.25,2856.7,784.25,2874.25,779.5,2897.65,780.7,2922.2,790.1,2932.75,797.05,2942.1,809.4,2950.85,840.35,2956.15,869.05,2954,887.05,2941,901.9,2923.95,919.85,2902.35,932.2,2887.15,930.45,2873.65,923.4,2865.5,916.35
5-198,Uninfected,No_comment,Polygon,18,2916.3,922.15,2919.85,935.65,2925.15,948.55,2936.85,960.3,2951.45,969.6,2967.85,971.9,2988.9,969.05,3016.35,956.15,3028.05,945.6,3035.65,925.7,3039.75,905.85,3030.4,881.3,3018.1,864.95,2988.3,852.6,2963.75,851.5,2937.35,862.55,2922.75,878.95,2916.3,890.1
5-199,Uninfected,No_comment,Polygon,21,2805.9,609.75,2809.9,590.25,2821.4,571.25,2835.25,560.35,2861.05,552.85,2885.8,560.9,2899.55,566.1,2911.65,578.75,2924.3,593.7,2930.05,616.65,2930.05,636.2,2926,660.9,2905.3,675.3,2891.5,683.9,2870.25,684.5,2849.55,681.05,2832.95,675.3,2825.45,668.4,2817.4,659.75,2811.05,648.3,2805.9,633.9
5-200,Uninfected,No_comment,Polygon,17,2657.65,538.5,2673.75,524.15,2689.2,513.8,2705.9,502.3,2724.9,498.85,2743.8,508.05,2761.65,516.1,2781.8,540.2,2786.4,568.95,2765.1,606.3,2739.2,623.55,2713.4,631.6,2691.5,627,2676.55,618.4,2666.25,606.9,2656.45,593.1,2651.3,570.1
5-201,Uninfected,No_comment,Polygon,17,2962.8,500.55,2948.4,525.3,2950.2,555.15,2954.8,573,2972.55,594.25,2988.1,602.3,3004.15,606.9,3032.9,604.6,3061.05,593.1,3082.9,573,3090.95,551.15,3092.1,522.4,3077.15,495.4,3060.55,476.45,3038.65,467.8,3011.05,471.85,2990.95,479.3
5-202,Uninfected,No_comment,Polygon,17,3139.25,742.55,3150.75,720.7,3168.6,690.8,3185.8,680.45,3203.6,673.55,3227.8,671.85,3247.3,673,3262.25,683.35,3273.15,697.7,3281.8,716.65,3278.35,752.3,3263.4,779.3,3238.65,796.55,3211.1,808.05,3183.5,805.2,3158.2,790.25,3143.25,769.55
5-203,Uninfected,No_comment,Polygon,15,2566.75,696,2571.95,677.6,2573.1,658.7,2581.7,638.55,2604.1,624.15,2630,620.15,2663.3,631.65,2689.75,653.45,2696.65,673.6,2690.9,700.65,2670.8,725.9,2651.25,740.25,2621.95,737.4,2587.4,731.05,2574.8,713.8
5-204,Uninfected,No_comment,Polygon,16,2336.85,619,2329.4,598.85,2330.55,571.3,2339.15,551.75,2351.25,539.15,2378.25,528.8,2408.7,523,2429.4,538.55,2446.65,554.05,2454.7,579.35,2451.8,621.85,2434,639.1,2416.2,651.15,2386.85,648.9,2367.85,642,2356.4,634.5
5-205,Uninfected,No_comment,Polygon,14,2405.8,525.95,2418.45,510.95,2451.25,504.6,2475.35,505.75,2509.3,525.3,2527.1,548.85,2528.85,594.9,2516.2,615.55,2489.15,636.25,2459.85,641.45,2443.75,633.95,2421.85,610.45,2409.2,586.25,2408.65,558.1
5-206,Uninfected,No_comment,Polygon,15,2182.3,560.9,2178.85,542.5,2181.15,517.75,2203.55,495.95,2244.35,481.6,2265.6,481,2284,489.65,2300.65,505.15,2311,536.2,2302.95,566.65,2283.45,594.8,2258.7,605.75,2232.3,605.75,2217.35,601.15,2197.2,578.7
5-207,Uninfected,No_comment,Polygon,17,3493.6,536.5,3477.2,546.55,3457.1,557.8,3445.05,575.1,3433.4,599.6,3428.55,618.85,3431.8,637.75,3447.1,657.8,3456.25,661,3479.95,662.65,3502.9,655,3516.5,642.95,3528.55,622.45,3536.6,591.95,3530.55,567.45,3522.6,550.2,3511.7,533.3
5-208,Uninfected,No_comment,Polygon,20,3489.25,579.45,3500.05,565.8,3521.3,554.95,3543.8,550.2,3576.8,550.2,3602.85,556.6,3622.2,565.45,3637.8,578.3,3646.3,600,3643.85,614.05,3630.95,644.15,3612.5,658.2,3602.5,662.25,3592.8,656.2,3567.9,653,3544.65,655.4,3521.35,646.95,3504.45,634.05,3488.4,609.95,3482.8,588.7
5-209,Uninfected,No_comment,Polygon,14,3341.15,2077.3,3341.15,2060.15,3349.75,2041.7,3369.4,2033.7,3406.8,2042.35,3427.05,2057.1,3441.75,2078.55,3447.9,2108.55,3433.8,2130.05,3409.85,2141.15,3390.25,2136.15,3371.85,2133.7,3351.6,2123.95,3341.75,2106.75
5-210,Uninfected,No_comment,Polygon,14,3248.5,2211.65,3238.1,2195.05,3227.05,2176.1,3234.6,2138.65,3249.7,2124.25,3270.15,2107.35,3302.05,2104.95,3333.95,2121.85,3352.05,2155.55,3348.5,2181.45,3329.15,2208.6,3308.65,2222.45,3272.5,2225.4,3259.3,2218.2
5-211,Uninfected,No_comment,Polygon,18,3461.7,2107.35,3455.7,2136.3,3450.6,2161.7,3463,2182.4,3471.35,2196.65,3484.35,2209.65,3495.55,2212.6,3512.75,2217.95,3543.55,2221.5,3572.55,2211.4,3590.3,2192.5,3591.45,2170.05,3577.25,2146.35,3557.1,2115.55,3541.15,2101.35,3511.6,2094.25,3485.55,2091.9,3474.9,2100.15
5-212,Uninfected,No_comment,Polygon,18,3425.75,2018.5,3424.6,2007.25,3435.25,1985.35,3446.5,1970.55,3468.95,1959.9,3484.35,1949.85,3506.8,1952.25,3532.3,1964.65,3556.5,1991.3,3557.75,2025.6,3549.4,2043.95,3526.95,2065.25,3496.8,2078.25,3477.2,2074.7,3452.95,2067.05,3443.5,2056.95,3437,2044.55,3429.3,2038.6
5-213,Uninfected,No_comment,Polygon,23,3554.8,2077.7,3558.35,2055.8,3563.05,2039.2,3571.95,2025,3592.6,2012.6,3618.05,2010.8,3654.8,2020.3,3668.35,2026.25,3674.3,2042.15,3671.3,2067.6,3669,2085.95,3672.55,2087.15,3680.8,2077.1,3690.25,2078.85,3695,2080.65,3690.25,2092.45,3678.45,2104.3,3661.25,2114.35,3631.7,2125.6,3604.5,2123.85,3581.95,2118.5,3568.4,2109.05,3562.45,2097.8
5-214,Uninfected,No_comment,Polygon,17,3238.2,1985.95,3226.3,1963.45,3223.4,1935.65,3232.25,1909.6,3245.3,1896,3270.15,1885.95,3288.5,1884.15,3307.4,1890.1,3325.15,1900.75,3336.4,1914.35,3348.8,1938,3351.2,1967.6,3333.4,1990.7,3314.5,1998.95,3294.35,2006.65,3263.05,2001.95,3255.95,1995.4
5-215,Uninfected,No_comment,Polygon,16,3126.35,2053.4,3112.15,2045.7,3091.4,2026.25,3082.5,1984.75,3085.45,1961.1,3102.65,1929.2,3130.5,1919.7,3155.35,1917.3,3176,1925,3200.3,1944.55,3214.5,1963.45,3216.9,1994.25,3217.45,2009.6,3202.65,2030.95,3167.8,2053.4,3148.8,2051.05
5-216,Uninfected,No_comment,Polygon,16,3074.8,2209.65,3074.2,2181.2,3092.55,2156.35,3103.8,2143.95,3128.65,2137.45,3160,2138,3191.95,2148.1,3210.3,2170,3216.8,2202.5,3206.15,2233.3,3182.5,2254,3154.7,2262.9,3135.75,2265.25,3113.25,2257.55,3095.5,2242.75,3087.2,2233.9
5-217,Uninfected,No_comment,Polygon,14,3012.65,2184.75,2996.1,2175.9,2986.05,2161.7,2978.95,2126.8,2987.2,2100.15,2993.15,2080.6,3009.7,2061.7,3032.8,2057.55,3051.7,2069.95,3067.1,2100.75,3068.3,2127.35,3062.95,2153.4,3056.45,2171.15,3044,2181.8
5-218,Uninfected,No_comment,Polygon,18,2984.25,2317.35,2984.25,2292.5,2987.8,2275.3,3010.85,2261.7,3027.45,2257.55,3039.9,2255.2,3045.8,2247.5,3061.15,2242.75,3076.6,2260.5,3098.45,2274.7,3116.8,2291.9,3123.35,2312,3119.8,2329.75,3102.6,2345.15,3077.15,2355.2,3045.8,2358.15,3017.95,2349.3,2999.05,2340.4
5-219,Uninfected,No_comment,Polygon,16,2919.8,2419.1,2913.2,2401.95,2909.1,2381.85,2919.8,2357,2929.8,2339.25,2952.3,2335.1,2969.45,2336.85,2984.85,2348.7,2998.45,2361.7,3005.55,2391.3,3003.8,2410.25,2994.3,2427.4,2984.25,2439.25,2968.3,2442.8,2948.15,2438.65,2936.9,2432.75
5-220,Uninfected,No_comment,Polygon,16,2834.5,2217.9,2831.6,2233.9,2821.55,2244.55,2822.1,2270.6,2819.2,2284.8,2841.6,2320.3,2881.9,2326.2,2915.6,2317.9,2937.5,2299,2946.4,2275.3,2941.05,2249.85,2930.95,2226.2,2918,2215.55,2902,2205.5,2880.1,2197.8,2855.8,2207.25
5-221,Uninfected,No_comment,Polygon,14,2837.4,2219.65,2861.7,2224.95,2886.55,2221.4,2906.05,2213.75,2928,2201.95,2940.45,2166.45,2933.95,2126.8,2912.05,2091.3,2871.85,2090.7,2839.3,2100.15,2816.15,2118.5,2804.35,2148.7,2807.9,2176.5,2823.85,2210.2
5-222,Uninfected,No_comment,Polygon,16,3099.05,2437.5,3109.7,2410.9,3126.3,2393.7,3154.1,2380.65,3190.15,2384.8,3210.3,2399,3229.8,2419.15,3239.95,2447.55,3238.75,2471.8,3235.2,2494.3,3216.85,2513.2,3181.35,2528.6,3157.1,2522.7,3133.4,2512.05,3115,2481.85,3106.8,2462.35
5-223,Uninfected,No_comment,Polygon,17,2988.95,2537.5,2981.85,2526.85,2973.65,2508.5,2972.45,2483.65,2981.85,2465.3,2994.9,2455.8,3019.2,2446.35,3039.9,2444.6,3061.15,2451.7,3081.95,2465.9,3096.15,2490.15,3102.6,2511.5,3092.6,2535.7,3076,2552.85,3060.05,2557.6,3032.8,2555.85,3013.3,2549.3
5-224,Uninfected,No_comment,Polygon,18,2674.2,2078.85,2671.2,2061.1,2688.95,2039.8,2716.15,2023.8,2739.85,2021.45,2774.8,2020.25,2790.15,2037.45,2794.3,2052.8,2804.95,2064.05,2812.05,2083.6,2806.15,2111.4,2794.3,2126.8,2776,2139.8,2752.9,2146.3,2723.9,2145.15,2702.6,2138.05,2686,2128,2675.9,2100.75
5-225,Uninfected,No_comment,Polygon,21,2544.6,2045.15,2535.65,2036.25,2526.85,2019.1,2519.75,1986.55,2529.8,1952.8,2547.55,1930.35,2564.1,1916.7,2577.15,1913.15,2594.3,1914.95,2612.05,1920.85,2626.85,1933.9,2636.25,1948.65,2633.95,1965.85,2641.05,1978.85,2647.5,1992.45,2641.05,2018.5,2628.65,2034.5,2615.55,2049.25,2594.9,2058.75,2565.9,2057.55,2552.25,2055.2
5-226,Uninfected,No_comment,Polygon,16,2654.05,1901.35,2662.35,1889.5,2684.85,1878.25,2710.85,1868.8,2734.55,1875.3,2751.65,1887.15,2765.35,1906.05,2774.2,1924.4,2771.25,1952.8,2751.1,1976.5,2724.5,1990.1,2695.5,1984.75,2680.7,1984.2,2662.95,1972.35,2651.7,1947.5,2648.75,1923.2
5-227,Uninfected,No_comment,Polygon,15,2717.3,1921.45,2736.3,1910.2,2764.05,1910.8,2791.95,1917.9,2821.55,1930.9,2849.35,1966.4,2851.7,2004.3,2841.6,2022.05,2815.65,2036.85,2791.95,2042.15,2764.7,2034.5,2733.3,2016.15,2713.15,1987.75,2703.75,1953.4,2707.3,1935.65
5-228,Uninfected,No_comment,Polygon,17,2889.6,1897.8,2874.8,1906.65,2862.4,1924.4,2859.35,1954,2869.5,1985.95,2880.65,2000.75,2898.45,2011.4,2918.6,2012.6,2933.95,2012.6,2951.1,2006.05,2964.1,1998.4,2978.3,1980.65,2989.6,1955.75,2981.3,1932.7,2969.45,1909,2947,1892.45,2916.25,1887.15
5-229,Uninfected,No_comment,Polygon,16,2881.9,1825.55,2878.95,1809.6,2875.4,1791.25,2883.05,1773.5,2894.9,1755.75,2918,1740.95,2952.85,1745.1,2970.6,1753.95,2987.8,1768.15,2999.05,1801.3,2991.35,1821.4,2976,1848.65,2952.3,1861.05,2930.4,1861.05,2912.7,1858.1,2890.15,1844.5
5-230,Uninfected,No_comment,Polygon,24,3116.8,1855.15,3126.3,1843.3,3126.9,1833.2,3135.15,1826.75,3136.95,1811.35,3147.6,1800.1,3173.65,1794.8,3193.7,1797.75,3207.4,1800.7,3217.4,1811.95,3231.05,1817.85,3239.3,1833.2,3234,1849.25,3229.8,1858.7,3235.75,1867.55,3236.35,1881.8,3222.15,1890.05,3209.75,1901.9,3194.95,1906.05,3170.65,1902.5,3151.1,1902.5,3142.85,1893,3135.75,1875.25,3124.5,1869.3
5-231,Uninfected,No_comment,Polygon,18,3223.95,1705.45,3234.6,1688.25,3247.55,1675.85,3269.45,1671.1,3286.65,1671.65,3303.8,1682.95,3316.2,1696.55,3327.5,1721.4,3323.95,1746.25,3326.3,1768.15,3318,1792.4,3303.8,1808.4,3281.9,1820.8,3251.1,1811.95,3236.35,1795.95,3226.9,1778.8,3219.8,1753.95,3216.85,1730.3
5-232,Uninfected,No_comment,Polygon,18,3073.6,1696.55,3078.9,1682.95,3081.9,1662.25,3080.15,1648.05,3091.35,1631.45,3120.35,1619.05,3148.8,1610.75,3173.65,1617.25,3192.55,1633.85,3206.2,1661.65,3207.9,1686.5,3196.7,1715.5,3173.65,1737.4,3154.65,1749.2,3116.8,1752.75,3100.2,1742.7,3086.65,1731.45,3076.6,1718.4
5-233,Uninfected,No_comment,Polygon,17,3052.9,1722.6,3032.15,1726.15,3014.4,1724.35,3000.25,1717.25,2988.4,1701.9,2978.3,1682.3,2980.1,1648.05,2992.5,1626.75,3010.85,1616.65,3026.85,1607.8,3044.05,1610.15,3054.7,1616.65,3067.65,1626.75,3077.15,1640.95,3081.85,1665.15,3072.45,1693,3064.1,1709.55
5-234,Uninfected,No_comment,Polygon,20,3378.95,1835.05,3384.9,1804.25,3394.35,1788.3,3405.05,1775.8,3419.8,1766.4,3442.25,1762.85,3465.95,1766.4,3481.3,1775.8,3495.5,1785.3,3506.15,1798.35,3515.65,1829.1,3510.95,1862.85,3501.45,1881.8,3485.5,1893.6,3467.75,1904.25,3446.45,1900.7,3427.45,1898.35,3412.65,1891.25,3401.5,1878.25,3380.15,1861.05
5-235,Uninfected,No_comment,Polygon,19,3576,1746.3,3590.2,1731.55,3606.8,1720.9,3628.1,1712.55,3654.15,1709.6,3675.45,1713.8,3687.85,1725,3699.7,1745.1,3696.75,1769.35,3690.25,1785.95,3683.15,1798.35,3663.6,1811.4,3646.45,1816.7,3629.3,1820.25,3608,1817.95,3590.2,1810.2,3579.55,1800.75,3573.65,1789.5,3568.9,1769.95
5-236,Uninfected,No_comment,Polygon,16,3486.65,1759.3,3473.05,1749.25,3460.65,1733.25,3452.95,1714.95,3452.95,1694.8,3463.6,1670.6,3477.2,1654.55,3494.95,1646.9,3521,1649.25,3542.3,1655.75,3564.2,1684.15,3571.3,1706.05,3562.4,1729.7,3551.75,1751.05,3536.35,1759.9,3516.25,1762.85
5-237,Uninfected,No_comment,Polygon,31,2944.6,1529.1,2950.55,1526.75,2958.85,1522.6,2955.85,1509,2968.3,1497.15,2970.65,1477.6,2967.7,1456.3,2956.45,1446.25,2941.65,1439.15,2924.5,1436.2,2912.1,1438.55,2901.45,1435.6,2885.5,1438.55,2871.85,1443.9,2860.6,1448.05,2849.95,1458.1,2842.85,1468.15,2831,1478.8,2826.25,1495.35,2831,1506.6,2831,1517.85,2841.05,1527.9,2848.15,1531.45,2863.55,1542.1,2875.4,1542.1,2882.5,1535,2887.2,1540.35,2896.35,1545.3,2905.2,1544.75,2918.3,1540.6,2926,1536.45
5-238,Uninfected,No_comment,Polygon,26,3050.6,1523.2,3041.65,1532.05,3040.5,1547.45,3051.15,1562.85,3047.6,1576.45,3051.15,1588.3,3063.55,1592.4,3076.05,1601.9,3093.15,1603.05,3105,1603.65,3119.25,1595.4,3128.65,1581.75,3134.6,1576.45,3142.85,1572.3,3144.65,1546.25,3151.75,1527.9,3156.5,1510.75,3150.55,1492.4,3143.45,1477.05,3120.4,1468.75,3103.2,1466.95,3081.3,1466.4,3074.2,1481.15,3064.75,1488.25,3054.7,1500.1,3052.9,1513.7
5-239,Uninfected,No_comment,Polygon,23,3118,1416.65,3123.35,1410.15,3132.8,1387.65,3135.75,1365.2,3160.6,1352.15,3170.1,1346.85,3178.95,1339.15,3189,1336.8,3208.55,1343.3,3235.2,1344.45,3243.45,1346.25,3249.4,1355.7,3247.6,1378.8,3244.7,1400.1,3240.5,1416.1,3231.05,1426.15,3222.75,1436.8,3207.35,1448.6,3178.35,1461.05,3154.1,1465.2,3142.85,1460.45,3123.35,1446.85,3119.25,1432.05
5-240,Uninfected,No_comment,Polygon,17,3276.55,1382.95,3267.7,1369.35,3263,1351.6,3270.7,1321.4,3280.75,1302.45,3296.7,1288.85,3319.75,1281.15,3347,1287.1,3360.65,1295.35,3372.45,1306.6,3383.1,1332.65,3378.95,1355.7,3368.3,1377,3355.85,1390.1,3334.6,1394.8,3308,1397.75,3288.45,1392.4
5-241,Uninfected,No_comment,Polygon,17,2289.25,1968.25,2293.2,1981.25,2302.9,1991.55,2317.65,2000,2335.85,2002.3,2350.6,2002.3,2373.35,1993.25,2392.1,1981.85,2406.3,1960.8,2412,1931.85,2400.05,1902.3,2372.75,1884.7,2343.2,1881.25,2319.35,1884.1,2297.2,1900,2288.7,1929.55,2285.25,1947.2
5-242,Uninfected,No_comment,Polygon,17,2286.95,1968.25,2273.9,1977.85,2256.3,1979.55,2235.85,1975,2222.75,1962.5,2208,1947.8,2199.45,1925,2204.6,1894.35,2211.4,1875.6,2227.9,1858.55,2252.9,1851.2,2273.9,1852.3,2288.1,1858.55,2309.15,1874.5,2325.6,1914.3,2315.4,1942.7,2302.9,1955.2
5-243,Uninfected,No_comment,Polygon,20,2437.8,1241.9,2448.3,1229.65,2463.4,1217.45,2477.35,1207.6,2491.9,1202.3,2514,1203.5,2532,1206.95,2543.05,1214.5,2557,1230.85,2560.5,1255.85,2556.45,1277.95,2558.2,1293.65,2545.4,1319.2,2523.3,1331.95,2487.85,1334.9,2457,1319.8,2444.8,1301.75,2438.4,1280.85,2433.75,1261.6,2432.6,1249.45
5-244,Uninfected,No_comment,Polygon,19,2352.35,1257.6,2361.1,1235.5,2375.05,1218.05,2390.75,1207.6,2406.45,1204.1,2432,1204.65,2444.8,1210.5,2459.85,1223.9,2474.4,1240.8,2480.2,1261.6,2474.4,1287.25,2464.5,1306.4,2447.15,1323.3,2424.45,1331.95,2397.7,1328.5,2372.7,1316.25,2359.9,1298.85,2355.85,1285.5,2355.25,1265.15
5-245,Uninfected,No_comment,Polygon,34,2226.2,1183.15,2239.55,1172.1,2232.6,1151.2,2239.55,1138.95,2252.35,1132.55,2266.3,1137.8,2273.3,1131.4,2287.25,1126.2,2297.1,1126.2,2315.15,1136.05,2322.1,1130.2,2336.65,1129.65,2345.4,1137.8,2357.6,1147.1,2372.7,1156.4,2377.35,1166.9,2377.35,1177.3,2388.4,1184.3,2384.9,1192.45,2374.45,1192.45,2366.9,1205.2,2350.6,1220.9,2334.35,1230.2,2329.1,1234.3,2320.4,1240.15,2305.25,1237.8,2293.05,1231.95,2282.6,1240.7,2265.75,1240.7,2245.4,1230.2,2236.65,1221.55,2232.6,1210.5,2230.25,1198.85,2223.85,1190.7
5-246,Uninfected,No_comment,Polygon,28,2245.4,1384.9,2248.3,1377.95,2244.8,1361.6,2249.45,1354.65,2254.1,1340.7,2260.5,1326.75,2273.3,1319.2,2283.75,1312.25,2291.3,1308.7,2306.4,1310.5,2316.9,1315.15,2326.75,1310.5,2339.55,1307.6,2346.55,1319.2,2352.35,1335.5,2363.4,1359.35,2356.45,1370.35,2359.35,1382.6,2350.05,1399.4,2336.1,1411.05,2331.45,1419.75,2305.25,1430.25,2302.35,1419.75,2287.25,1429.05,2277.95,1418,2266.9,1415.7,2257.6,1409.35,2248.85,1398.85
5-247,Uninfected,No_comment,Polygon,30,2068.65,1288.35,2071.55,1279.65,2080.25,1272.1,2087.25,1261.6,2095.35,1251.75,2107,1250,2118.65,1248.85,2132,1241.9,2151.75,1247.1,2160.5,1256.95,2170.95,1260.5,2184.35,1268,2195.35,1284.3,2206.4,1295.9,2197.7,1316.25,2209.35,1331.4,2196.55,1344.8,2173.3,1349.45,2176.2,1361.6,2162.25,1364.55,2147.7,1362.25,2132.6,1362.8,2120.95,1360.5,2108.15,1356.95,2100,1345.9,2085.5,1341.25,2076.75,1334.35,2073.3,1320.9,2068.65,1308.7,2062.8,1300
5-248,Uninfected,No_comment,Polygon,21,2133.15,1476.2,2139.55,1456.4,2149.45,1441.3,2166.9,1429.7,2182.6,1420.95,2198.85,1419.2,2219.8,1415.15,2245.4,1423.3,2257,1435.5,2266.9,1465.75,2264,1486.65,2254.7,1508.15,2243.05,1523.3,2227.95,1527.95,2207.6,1526.75,2189.55,1533.7,2175.6,1530.8,2164.55,1525.05,2147.7,1514.55,2136.65,1502.95,2133.75,1482.6
5-249,Uninfected,No_comment,Polygon,17,1372.7,1581.4,1369.25,1559.9,1369.8,1532,1378.55,1509.9,1394.8,1497.1,1412.25,1489.55,1441.3,1488.95,1464.6,1495.35,1489.6,1507.55,1507,1536.65,1514,1563.35,1505.3,1591.3,1480.85,1612.2,1448.85,1622.1,1423.3,1620.95,1397.15,1612.8,1380.25,1598.25
5-250,Uninfected,No_comment,Polygon,18,1234.9,1598.85,1224.45,1589.55,1216.3,1572.7,1214,1552.9,1215.15,1534.3,1239.55,1508.7,1257,1496.5,1280.85,1488.35,1309.9,1490.1,1334.9,1506.4,1348.3,1531.4,1351.2,1558.15,1353.55,1578.5,1339.55,1598.25,1320.95,1612.2,1291.9,1618.05,1266.9,1613.95,1249.45,1607.55
5-251,Uninfected,No_comment,Polygon,15,1283.2,1377.3,1293,1363.95,1315.15,1345.35,1347.7,1336.05,1377.95,1341.85,1400.6,1361.05,1420.95,1388.95,1414.6,1436.05,1395.4,1457.55,1373.3,1468.6,1337.8,1469.2,1314.55,1465.1,1297.1,1452.3,1283.2,1429.65,1281.4,1404.65
5-252,Uninfected,No_comment,Polygon,15,1366.3,1294.8,1363.4,1274.45,1382.6,1230.85,1403.5,1217.45,1441.9,1213.4,1479.1,1225,1498.3,1244.8,1511.65,1276.2,1512.25,1304.7,1498.3,1326.75,1481.45,1341.3,1444.25,1347.65,1407,1341.9,1385.5,1327.3,1377.35,1314
5-253,Uninfected,No_comment,Polygon,17,1256.45,1304.1,1245.4,1294.2,1234.9,1281.4,1225.6,1259.9,1225.6,1238.4,1240.75,1210.5,1264,1188.95,1293.05,1181.95,1315.15,1188.4,1338.4,1202.3,1351.8,1227.3,1357,1246.55,1352.35,1269.2,1335.5,1297.1,1314.55,1311.05,1295.95,1317.45,1272.7,1313.35
5-254,Uninfected,No_comment,Polygon,17,1443.65,1091.25,1457,1083.75,1478.55,1080.2,1500.05,1084.3,1522.15,1095.35,1538.4,1106.4,1550.05,1121.55,1550.05,1155.2,1537.85,1186.6,1514.55,1198.85,1479.1,1201.75,1454.7,1193.05,1437.85,1179.65,1427.35,1158.15,1420.4,1138.4,1423.3,1111.05,1430.85,1100.55
5-255,Uninfected,No_comment,Polygon,17,1356.45,1079.1,1343.65,1088.95,1333.7,1101.2,1327.35,1121.55,1327.95,1143.05,1342.5,1177.3,1359.9,1195.9,1379.1,1204.65,1405.3,1206.95,1433.2,1188.4,1448.9,1155.75,1450.65,1130.2,1447.15,1105.75,1432.6,1079.65,1412.85,1068.6,1389.6,1065.15,1371.55,1070.35
5-256,Uninfected,No_comment,Polygon,15,1450.6,1791.9,1459.35,1770.4,1486.65,1751.2,1506.4,1744.85,1538.4,1750.05,1565.75,1765.75,1577.35,1782.6,1580.3,1797.75,1579.7,1822.75,1569.25,1837.25,1540.15,1855.9,1516.3,1863.45,1480.25,1861.1,1461.05,1843.65,1454.7,1820.4
5-257,Uninfected,No_comment,Polygon,18,1302.35,1824.5,1303.5,1805.85,1309.9,1776.2,1325.6,1756.45,1343.65,1744.25,1378.55,1744.25,1400.6,1754.7,1419.2,1769.25,1429.7,1789.6,1434.35,1818.1,1431.45,1837.85,1422.7,1857.6,1404.1,1872.15,1377.95,1882.6,1355.25,1879.15,1336.65,1872.75,1323.3,1864,1314.55,1853.55
5-258,Uninfected,No_comment,Polygon,28,1568.05,2004.7,1583.75,1998.9,1598.9,1992.5,1607.65,1986.1,1617.1,1973,1630.85,1973.3,1641.35,1986.7,1652.35,1995.4,1664.05,2004.7,1665.75,2019.25,1671,2030.9,1675.1,2046.6,1665.15,2063.45,1657.65,2078.55,1645.4,2087.85,1619.8,2097.75,1602.35,2109.95,1584.4,2108.8,1573.35,2098.9,1551.75,2091.95,1545.95,2082.05,1543.7,2068.1,1540.15,2056.45,1533.75,2043.65,1541.3,2036.1,1552.35,2029.15,1552.35,2016.95,1555.85,2009.35
5-259,Uninfected,No_comment,Polygon,19,1604.1,2144.25,1610.5,2125.65,1626.8,2112.85,1644.8,2105.3,1657.65,2103.55,1673.35,2104.15,1690.15,2106.45,1707.6,2120.4,1719.2,2133.8,1725.1,2158.8,1721,2182.65,1710.5,2200.65,1695.45,2209.95,1666.9,2211.1,1651.8,2210.55,1625.05,2202.4,1614.05,2193.7,1605.3,2184.35,1601.8,2167.5
5-260,Uninfected,No_comment,Polygon,17,1561.1,2309.35,1545.4,2308.8,1525.65,2298.95,1511.1,2278.55,1505.85,2259.35,1511.1,2236.1,1522.15,2215.75,1536.1,2205.35,1552.4,2197.75,1569.8,2196.6,1584.95,2199.5,1604.1,2207.05,1622.15,2231.45,1623.3,2266.4,1613.45,2290.75,1594.25,2303,1580.3,2305.9
5-261,Uninfected,No_comment,Polygon,22,1623.9,2378.55,1625.65,2360,1623.9,2345.4,1635.5,2325.05,1644.25,2312.85,1654.7,2303.55,1675.65,2297.75,1691.9,2297.75,1706.45,2298.95,1718.65,2301.25,1733.2,2311.1,1747.75,2335,1754.15,2360.5,1754.7,2381.45,1751.8,2398.35,1748.9,2411.1,1732.05,2422.15,1709.95,2433.8,1686.7,2434.4,1668.1,2425.7,1646,2408.8,1634.35,2395.4
5-262,Uninfected,No_comment,Polygon,19,1744.25,2506.45,1747.15,2481.45,1762.85,2457.1,1773.9,2446.55,1791.9,2437.85,1807.6,2430.35,1823.3,2426.2,1839.6,2428.55,1859.35,2439.05,1870.4,2451.2,1880.3,2464.05,1883.2,2500.1,1872.75,2520.45,1861.7,2535.55,1837.25,2546.6,1812.85,2554.75,1786.7,2553,1768.1,2540.2,1752.4,2527.45
5-263,Uninfected,No_comment,Polygon,19,1783.8,2272.15,1772.15,2290.75,1764,2314.65,1768.65,2343.1,1788.45,2369.85,1816.9,2383.8,1836.7,2380.35,1855.9,2372.8,1867.5,2361.1,1880.3,2348.35,1889,2335.5,1894.25,2323.35,1894.25,2305.35,1890.2,2288.45,1877.4,2289.65,1862.85,2298.35,1839.6,2303,1815.2,2296.6,1795.4,2281.45
5-264,Uninfected,No_comment,Polygon,19,1782.05,2265.2,1771.55,2249.45,1771,2223.95,1783.2,2196.6,1794.85,2188.45,1818.65,2179.15,1837.85,2179.15,1863.45,2185.55,1882.05,2198.3,1889.6,2207.65,1903.55,2223.3,1910.55,2241.4,1905.9,2263.45,1896.6,2280.35,1876.8,2293.1,1849.5,2300.05,1827.4,2296.6,1794.85,2283.2,1784.95,2272.75
5-265,Uninfected,No_comment,Polygon,19,1898.3,2182.05,1894.8,2168.1,1898.3,2141.35,1908.8,2119.25,1922.2,2105.3,1940.8,2091.95,1962.25,2089.6,1984.95,2096,2001.85,2103,2015.2,2120.4,2025.05,2142.5,2018.65,2169.25,2007,2197.75,2000.65,2211.1,1979.15,2223.9,1947.75,2228,1931.5,2220.4,1915.15,2207.05,1905.85,2195.4
5-266,Uninfected,No_comment,Polygon,17,1378.5,968.55,1369.7,959.7,1359.2,947.05,1351.45,924.35,1353.7,892.35,1360.85,868.5,1392.9,848.65,1423.8,841.45,1454.75,847.55,1470.8,863,1486.8,891.75,1491.25,917.15,1484.05,943.65,1469.7,965.2,1452.55,974.6,1427.7,980.7,1395.65,974.05
5-267,Uninfected,No_comment,Polygon,17,1460.3,1023.8,1465.8,1000.55,1475.2,987.85,1492.9,977.9,1524.4,974.6,1543.15,974.05,1559.2,976.25,1575.75,982.9,1586.8,998.35,1596.7,1015.55,1592.3,1036.55,1580.15,1055.85,1548.7,1063.05,1518.85,1063.05,1496.25,1060.8,1479.65,1053.6,1465.8,1043.65