226,5312,2988
3-1,White_Blood_Cell,No_comment,Polygon,22,3496.6,172.3,3468.95,215.15,3469.85,242.8,3460.9,259.8,3443.05,274.05,3417.15,308,3408.25,336.6,3412.7,349.95,3431.45,365.15,3455.55,384.8,3469.85,397.3,3488.6,408.9,3522.5,420.5,3601.1,408.9,3614.5,392.85,3618.05,382.1,3639.5,371.4,3650.2,352.65,3660.05,332.1,3671.65,316.95,3672.55,302.65,3671.65,289.25
3-2,Parasitized,No_comment,Polygon,23,2516.5,1183.5,2509.6,1194.25,2502.75,1206.9,2497,1221.45,2494.3,1238.7,2494.7,1256.7,2498.9,1272.8,2512.3,1284.3,2529.55,1292.7,2547.15,1294.25,2565.55,1292.35,2580.9,1287.35,2595.45,1277.8,2606.55,1265.5,2612.3,1249.05,2613.05,1230.25,2606.55,1208.8,2595.05,1188.5,2581.25,1178.55,2558.65,1176.65,2542.55,1176.65,2532.6,1180.45,2526.85,1180.45
3-3,Parasitized,No_comment,Polygon,30,1954.15,2186.3,1954.15,2198.2,1959.65,2212.9,1968.35,2230.75,1986.7,2243.15,2006.9,2246.35,2024.3,2246.35,2035.3,2239.5,2046.8,2232.6,2063.3,2226.65,2068.8,2211.95,2077.05,2195.9,2082.55,2180.75,2075.25,2172.5,2071.1,2168.4,2072,2156.45,2065.6,2146.35,2055.05,2135.35,2031.65,2128.95,2007.35,2128.5,1986.25,2131.25,1984.4,2135.35,1983.95,2149.1,1981.2,2156.9,1975.7,2161.5,1971.55,2161.5,1970.2,2168.4,1970.65,2172.5,1963.3,2172.95,1959.15,2174.8
3-4,Uninfected,No_comment,Polygon,20,2737.25,2375.75,2738.85,2351.8,2743.55,2319.25,2751.4,2293.4,2767.45,2273,2792.55,2261.2,2811,2258.1,2832.2,2263.95,2846.3,2273,2859.65,2286.7,2868.65,2302.4,2869.45,2321.2,2869.45,2338.1,2863.15,2361.2,2854.9,2377.3,2827.45,2390.65,2802.35,2395.35,2776.5,2393,2753.75,2398.5,2740.4,2396.9
3-5,Uninfected,No_comment,Polygon,21,2625.5,2403.95,2625.9,2386.7,2628.65,2362.8,2626.7,2337.3,2636.1,2312.6,2645.5,2300.85,2666.3,2289.05,2683.55,2282.4,2710.2,2283.55,2724.35,2300.45,2728.25,2314.95,2725.1,2329.85,2716.9,2349.85,2714.9,2369.45,2720.4,2385.95,2720.8,2409.85,2709.05,2422.8,2695.3,2432.6,2672.95,2434.55,2655.3,2431.8,2640.4,2424.35
3-6,Uninfected,No_comment,Polygon,17,2510.6,2383.2,2505.1,2362.4,2506.7,2335.75,2512.55,2311.4,2521.6,2297.3,2540.4,2287.1,2555.3,2282,2582.35,2285.95,2592.95,2296.9,2604.7,2309.85,2606.3,2329.05,2606.7,2346.7,2607.05,2368.3,2603.95,2380.85,2590.6,2394.95,2568.65,2401.6,2539.25,2399.65
3-7,Uninfected,No_comment,Polygon,20,2730.2,2431.4,2727.1,2449.05,2726.3,2464.35,2728.25,2477.3,2744.35,2486.7,2754.15,2494.55,2765.5,2506.7,2780,2514.55,2796.1,2514.95,2815.3,2511.05,2838.05,2496.5,2846.7,2472.2,2844.35,2447.9,2836.1,2422.8,2824.35,2412.2,2809.8,2411.8,2791,2412.6,2770.2,2415.35,2752.8,2414.95,2739.95,2420.05
3-8,Uninfected,No_comment,Polygon,16,2405.1,2439.65,2387.45,2423.6,2372.55,2391.8,2372.95,2357.7,2382.75,2333.75,2393.35,2319.65,2415.7,2307.9,2442.75,2306.7,2462.35,2315.75,2473.75,2325.95,2483.55,2349.05,2493.35,2380.45,2492.15,2401.2,2480.4,2423.2,2459.25,2436.15,2433.75,2445.95
3-9,Uninfected,No_comment,Polygon,17,2900.4,2567.9,2895.35,2550.25,2898.05,2519.25,2912.6,2489.45,2946.3,2474.95,2978.85,2476.5,2994.15,2483.55,3014.95,2504.35,3023.95,2524.75,3031.8,2550.65,3029.05,2573,3023.15,2591.05,3008.65,2603.6,2980.45,2612.2,2949.45,2610.65,2922.8,2603.6,2908.25,2587.1
3-10,Uninfected,No_comment,Polygon,15,2662.4,2575.35,2657.65,2556.5,2668.25,2520.05,2688.65,2504.35,2714.55,2496.5,2738.05,2504.75,2752.95,2519.25,2773.75,2545.15,2776.5,2571.05,2769.45,2592.6,2751.8,2617.3,2732.95,2627.1,2710.2,2628.3,2688.25,2616.5,2674.55,2601.2
3-11,Uninfected,No_comment,Polygon,16,2765.9,2623.6,2756.5,2636.5,2749.85,2654.55,2752.2,2675.35,2760.05,2688.7,2774.95,2707.5,2786.2,2718.95,2815.6,2720.2,2832.8,2711.35,2844.15,2693.7,2854.25,2661.35,2854.65,2643.3,2844.15,2624.8,2823.15,2608.85,2802.15,2601.7,2784.9,2607.6
3-12,Uninfected,No_comment,Polygon,16,2880.7,2649.6,2874.4,2666.4,2865.6,2684.9,2856.75,2708.85,2855.5,2728.6,2866.85,2749.2,2879.05,2756.75,2902.15,2757.15,2918.55,2750.85,2931.15,2734.5,2939.55,2714.3,2944.15,2685.3,2938.3,2663.45,2931.15,2649.6,2918.1,2641.2,2903.4,2640.8
3-13,Uninfected,No_comment,Polygon,16,2981.55,2632.8,2971.5,2639.1,2967.3,2653.4,2968.1,2672.7,2963.5,2692.05,2960.55,2714.3,2974.85,2736.6,3003.85,2744.55,3029.45,2741.6,3042.5,2727.75,3056.8,2703.8,3068.95,2676.1,3061.8,2650,3052.6,2637.4,3034.1,2624.4,3020.2,2620.6
3-14,Uninfected,No_comment,Polygon,13,3224.45,2484.9,3210.15,2513.05,3208.85,2534.1,3219,2555.95,3234.9,2577.4,3256.75,2587.45,3296.3,2579.9,3310.15,2556.35,3315.65,2518.5,3308.85,2489.95,3295.45,2475.25,3283.2,2471.05,3262.25,2471.05
3-15,Uninfected,No_comment,Polygon,17,3276.1,2445,3260.15,2453.8,3237.4,2455.55,3203,2461.4,3176.15,2450.05,3163.45,2428.2,3155.95,2395,3163.05,2376.1,3174.85,2358.45,3191.6,2351.7,3214.35,2346.25,3243.35,2355.9,3255.95,2369.8,3268.15,2386.2,3276.55,2400.05,3282,2421.45,3283.2,2433.7
3-16,Uninfected,No_comment,Polygon,16,3193.8,2509.7,3184.5,2532,3190.8,2544.55,3198,2569.8,3198.4,2592.45,3190.4,2605.5,3168.55,2630.3,3146.7,2632.8,3124.85,2629.85,3108.5,2618.6,3095.4,2602.55,3088.7,2569.8,3094.2,2547.5,3114.75,2525.7,3158.9,2505.95,3180.75,2505.55
3-17,Uninfected,No_comment,Polygon,16,3360.15,2525.7,3356.4,2532.8,3345.45,2546.25,3338.75,2563.05,3334.55,2578.2,3344.6,2601.75,3352.15,2616.9,3376.5,2628.2,3402.95,2630.7,3425.3,2623.6,3445.45,2617.25,3445.45,2601.75,3434.1,2563.5,3427.8,2532.8,3406.8,2517.25,3384.1,2517.25
3-18,Uninfected,No_comment,Polygon,17,3428.65,2320.2,3461.4,2303.85,3478.25,2300.05,3502.2,2308.05,3526.15,2319.75,3545.9,2339.1,3553.5,2352.55,3555.6,2379.05,3545.9,2397.1,3525.75,2408.05,3494.6,2415.15,3464.4,2411.4,3444.6,2396.25,3433.25,2382.4,3429.55,2361.4,3429.95,2346.2,3428.25,2335.35
3-19,Uninfected,No_comment,Polygon,18,3290.85,2320.65,3300.95,2306.75,3322.4,2297.1,3336.65,2295.8,3354.3,2300.9,3373.6,2308.05,3390.45,2325.25,3405.1,2358.45,3407.2,2378.6,3401.4,2408.45,3387.45,2423.15,3364.8,2434.5,3341.25,2433.65,3317.3,2429.05,3298.45,2411.8,3294.25,2392,3285.85,2368.55,3284.95,2349.2
3-20,Uninfected,No_comment,Polygon,18,3591.25,2271.9,3601.35,2251.3,3619,2231.95,3642.1,2222.3,3656.35,2211.8,3651.75,2181.55,3642.1,2160.9,3628.65,2144.6,3607.2,2134.05,3580.3,2129.85,3560.15,2143.25,3539.55,2158.8,3525.3,2176.5,3517.3,2201.3,3524,2234.05,3530.3,2252.5,3549.65,2271.9,3579.05,2283.25
3-21,Uninfected,No_comment,Polygon,14,3613.5,2259.7,3603.45,2277.75,3601.35,2304.6,3606.8,2322.75,3621.1,2334.9,3650.5,2343.7,3669.8,2345.8,3698.8,2344.15,3711.85,2319.75,3718.55,2301.3,3716.05,2271.9,3674.45,2236.6,3654.25,2238.3,3628.2,2248.35
3-22,Uninfected,No_comment,Polygon,18,3355.95,2192.9,3371.5,2190.4,3385.35,2185.75,3393.75,2176.95,3400.5,2163.5,3404.25,2146.25,3401.75,2126.1,3393.35,2103,3375.25,2090.75,3349.65,2083.65,3333.25,2088.65,3318.55,2097.95,3304.7,2106.75,3298.4,2121.9,3297.95,2144.6,3304.25,2160.5,3313.5,2176.5,3332,2190.8
3-23,Uninfected,No_comment,Polygon,20,3686.7,2053.4,3693.8,2039.95,3705.95,2025.7,3717.35,2008.05,3728.65,1995,3746.7,1988.3,3760.15,1985.35,3782.5,1987,3802.6,1993.75,3813.55,2005.1,3821.1,2023.15,3822.35,2049.65,3814.35,2064.35,3800.5,2076.5,3776.55,2089.55,3755.1,2095.45,3737.5,2097.1,3716.95,2094.15,3699.7,2087.45,3688.3,2069.4
3-24,Uninfected,No_comment,Polygon,25,3567.3,1987.45,3569.4,1975.25,3569.8,1963.9,3574.05,1947.5,3599.7,1928.6,3615.6,1922.3,3639.55,1917.7,3672.35,1918.55,3682.45,1925.25,3695.1,1935.35,3705.95,1947.1,3712.25,1958.45,3711.4,1975.7,3703.45,1995.85,3693.4,2009.7,3674.85,2021.05,3666.05,2041.65,3659.75,2056.35,3646.7,2060.95,3624.05,2053.4,3617.3,2037.45,3611,2018.1,3594.2,2005.95,3583.25,2002.15,3571.55,1997.55
3-25,Uninfected,No_comment,Polygon,23,3475.35,2058.85,3471.1,2050.9,3478.25,2031.55,3487.95,2020.65,3510.2,2010.15,3528.65,2003.4,3541.65,2003.85,3557.7,2013.05,3571.95,2022.3,3583.7,2035.35,3593.8,2046.7,3602.6,2060.15,3608.5,2073.6,3603.9,2097.1,3593,2110.55,3577.85,2118.95,3557.7,2124.4,3535.35,2124,3517.3,2116.45,3498.8,2109.3,3490.85,2101.75,3483.25,2089.95,3481.15,2077.35
3-26,Uninfected,No_comment,Polygon,18,3875.3,2019.8,3855.95,2040.8,3845.05,2065.15,3835,2094.15,3837.9,2118.1,3845.45,2132.4,3859.35,2159.7,3879.5,2171.9,3903.45,2179.9,3935.4,2175.7,3948.85,2165.2,3961,2149.2,3969,2115.6,3973.2,2090.4,3961,2059.3,3931.6,2042.05,3905.95,2032.4,3897.15,2024.85
3-27,Uninfected,No_comment,Polygon,16,3848.8,1927.8,3849.7,1913.45,3856.4,1894.25,3884.5,1885.3,3913.1,1879.05,3938.55,1883.15,3960.85,1892.45,3972,1917.45,3970.25,1945.6,3961.3,1970.15,3947.45,1981.8,3918.9,1992.45,3898.8,1993.85,3876.95,1985.35,3861.3,1974.15,3852.35,1951.4
3-28,Uninfected,No_comment,Polygon,17,3994.35,2016.6,3996.15,2000.55,4007.75,1981.8,4026.5,1968.4,4051.5,1961.65,4081.4,1967.45,4101.05,1981.35,4114,2004.95,4125.15,2029.95,4118.9,2062.6,4109.95,2079.95,4087.2,2085.35,4064.45,2089.35,4038.1,2082.25,4019.35,2072.45,4007.75,2059.95,4000.6,2039.8
3-29,Uninfected,No_comment,Polygon,17,4053.25,1824.15,4058.6,1807.2,4071.55,1788.45,4083.6,1773.25,4111.7,1767.9,4138.55,1765.25,4165.75,1778.2,4185.45,1800.5,4190.75,1826.4,4186.75,1857.2,4178.25,1878.2,4155.05,1887.1,4130.9,1893.8,4090.3,1888.9,4076.9,1878.2,4057.3,1860.35,4049.2,1841.15
3-30,Uninfected,No_comment,Polygon,18,3957.25,1774.6,3955,1754.5,3962.15,1733.1,3973.35,1713.45,3988.95,1698.7,4010.85,1688,4028.75,1691.55,4039.4,1705.4,4051.45,1726.85,4055.45,1748.7,4059.05,1771.95,4051.9,1794.25,4037.15,1816.15,4021.55,1825.95,4000.6,1830.85,3989.85,1825.5,3977.8,1816.15,3966.2,1797.4
3-31,Uninfected,No_comment,Polygon,24,3823.75,1818.35,3821.6,1835.35,3822.85,1849.15,3831.8,1867.9,3841.6,1873.7,3864.4,1870.15,3880.45,1863,3898.3,1857.2,3920.65,1859.9,3946.6,1866.15,3955.45,1867.45,3964.85,1863.45,3971.55,1855.85,3974.65,1841.6,3967.05,1829.1,3955.45,1820.6,3947.9,1807.65,3935.8,1792.9,3922.45,1783.55,3899.65,1774.6,3870.65,1770.15,3850.55,1781.3,3834.5,1790.25,3825.1,1801.85
3-32,Uninfected,No_comment,Polygon,24,3686.75,1760.75,3701.45,1750.95,3719.75,1734.9,3739.9,1721.5,3768.85,1713.9,3790.75,1709.45,3819.3,1714.35,3834.5,1718.8,3843.45,1726.4,3851.45,1740.25,3853.7,1751.4,3850.55,1766.15,3840.35,1776.4,3821.6,1790.7,3817.95,1807.2,3812.6,1820.6,3804.55,1842.9,3793.85,1850.05,3770.2,1848.3,3738.95,1842.9,3719.75,1827.3,3701.95,1809.9,3688.05,1792.9,3687.6,1774.15
3-33,Uninfected,No_comment,Polygon,23,3867.55,1629.05,3870.25,1617.45,3880.05,1604.5,3899.25,1586.2,3918,1578.2,3938.1,1579.5,3955.5,1589.35,3971.6,1596.95,3997.45,1603.6,4011.3,1610.3,4020.7,1629.05,4022.45,1646.05,4014.45,1658.1,4005.05,1667,3982.75,1676.85,3960.85,1689.8,3943.9,1698.7,3920.25,1705.4,3891.2,1698.25,3872.45,1688,3863.1,1675.95,3860.85,1662.55,3861.75,1647.4
3-34,Uninfected,No_comment,Polygon,17,3609.05,1613.9,3609.95,1591.55,3620.65,1571.95,3631.4,1554.5,3648.35,1543.8,3671.1,1534.4,3695.25,1535.3,3716.2,1544.25,3729.6,1554.5,3742.55,1578.2,3747,1604.05,3737.2,1636.2,3718.9,1652.75,3697.9,1663.9,3668.45,1669.25,3646.1,1665.25,3615.3,1647.4
3-35,Uninfected,No_comment,Polygon,15,3952.85,1499.6,3943.45,1513.9,3935.4,1536.65,3939.9,1554.05,3951.05,1574.6,3965.35,1584.85,3994.8,1588.45,4018,1580.85,4038.1,1565.25,4047.45,1538.9,4051.05,1516.1,4041.2,1494.25,4023.8,1479.05,3992.55,1477.75,3973.35,1483.1
3-36,Uninfected,No_comment,Polygon,18,3861.25,1355.45,3855.4,1371.5,3851.85,1396.5,3855.9,1429.5,3871.05,1460.3,3893.85,1471.95,3922,1471.95,3944.75,1465.2,3966.2,1457.15,3976.45,1438,3977.3,1417.45,3972.9,1400.5,3959.5,1391.55,3940.75,1388,3920.2,1381.75,3905.4,1369.2,3890.3,1357.6,3880,1354.5
3-37,Uninfected,No_comment,Polygon,15,3643.85,1468.85,3637.6,1446.45,3641.55,1421.95,3654.05,1398.7,3682.2,1386.2,3712.6,1384.85,3738.9,1395.55,3761.2,1408.5,3768.4,1435.3,3765.3,1463.85,3756.35,1488.45,3741.15,1500.1,3713.45,1506.35,3690.3,1506.35,3663.95,1492
3-38,Uninfected,No_comment,Polygon,23,3538,1339.75,3538.95,1354.05,3546.1,1365.25,3557.25,1377.25,3577.35,1403.2,3586.25,1415.2,3595.65,1426.35,3603.2,1433.05,3618.85,1434.45,3626.45,1425.9,3629.5,1407.15,3637.6,1398.7,3656.75,1383.5,3665.7,1375.9,3672.85,1361.2,3672.85,1337.55,3665.7,1317.45,3658.6,1302.75,3640.3,1290.65,3616.55,1286.7,3599.65,1292.45,3577.75,1302.75,3542.5,1326.8
3-39,Uninfected,No_comment,Polygon,18,4052.35,1350.5,4053.25,1333.95,4056.85,1317.9,4064.85,1301.3,4085.85,1285.25,4105.05,1277.7,4124.2,1279,4150.55,1281.75,4167.55,1291.5,4176.9,1302.25,4184.05,1318.8,4180.5,1341.95,4164.4,1368.35,4147.95,1381.3,4113.55,1390.65,4097,1391.55,4074.65,1384.85,4062.6,1373.2
3-40,Uninfected,No_comment,Polygon,17,3886.7,1327.7,3883.15,1312.55,3892.05,1290.65,3912.65,1264.75,3934.55,1253.6,3957.7,1247.75,3971.1,1248.2,3989.85,1261.2,4004.6,1282.55,4015.8,1307.15,4013.1,1336.65,4004.15,1354.9,3995.2,1366.1,3972.9,1374.15,3949.2,1371.9,3924.65,1366.1,3909.1,1346.9
3-41,Uninfected,No_comment,Polygon,19,3714.45,1359.4,3713.05,1346.9,3719.3,1326.75,3726.45,1308.95,3738.05,1284.85,3750.1,1266.5,3761.25,1262.55,3774.7,1267.45,3791.6,1277.25,3810.35,1287.1,3842.5,1324.6,3848.75,1344.65,3843.45,1368.8,3829.55,1391.55,3807.25,1401.35,3784.05,1403.6,3762.6,1398.25,3739.9,1386.15,3726,1375.05
3-42,Uninfected,No_comment,Polygon,24,3831.8,1185.75,3828.25,1193.8,3828.7,1210.7,3826,1229,3834.95,1253.15,3841.6,1272.35,3848.3,1300.5,3856.8,1311.65,3863.95,1313.8,3881.8,1309.4,3888.9,1294.25,3892.95,1272.35,3905,1253.15,3925.15,1240.2,3934.95,1235.7,3956.4,1233.5,3965.8,1227.7,3972.05,1217.9,3970.65,1202.7,3947.05,1188.35,3916.65,1169.2,3892.5,1160.25,3875.15,1161.2,3864.4,1168.35
3-43,Uninfected,No_comment,Polygon,19,3925.55,1116.95,3920.65,1096,3928.7,1074.55,3952.8,1051.35,3980.95,1043.3,3994.75,1041.05,4015.3,1043.3,4033.15,1048.2,4049.25,1067.4,4056.85,1092.85,4048.8,1120.55,4040.3,1140.65,4021.1,1156.7,4004.15,1168.3,3991.65,1174.1,3968.9,1172.75,3950.6,1165.65,3934.95,1151.8,3931.4,1146
3-44,Uninfected,No_comment,Polygon,17,3921.1,932.15,3925.15,919.65,3933.15,903.1,3951.9,888.4,3974.2,883.9,3998.35,885.7,4025.6,900,4035,917.85,4046.55,949.1,4041.7,971.85,4028.3,997.75,4010.45,1005.8,3985.85,1010.7,3960.85,1010.7,3938.1,997.75,3922.05,977.7,3917.5,952.25
3-45,Uninfected,No_comment,Polygon,22,3765.75,727.7,3766.65,743.3,3756.85,762.95,3744.35,789.3,3724.25,822.8,3725.15,839.75,3741.2,865.2,3755.05,875.9,3776.05,884.4,3797.9,890.2,3833.6,876.8,3848.8,862.45,3861.75,847.35,3869.35,830.35,3874.25,809.4,3871.1,787.95,3861.75,778.15,3831.4,768.25,3818.45,756.7,3806.4,746.45,3789.4,734.4,3772,725
3-46,Uninfected,No_comment,Polygon,17,3571.1,762.05,3576.9,738.4,3597.9,713.85,3608.15,704.5,3630.95,697.35,3652.35,700,3676,708.05,3691.2,725,3700.15,746.45,3708.15,784.4,3698.8,811.2,3682.25,827.25,3665.75,837.05,3632.25,835.3,3604.6,829.05,3582.7,814.3,3572,791.1
3-47,Uninfected,No_comment,Polygon,17,3508.15,945.1,3509.5,920.55,3529.6,900.45,3557.25,879.5,3585.85,864.3,3607.7,855.8,3636.3,852.65,3650.55,861.2,3661.3,875.9,3669.35,900,3664.4,926.8,3651,948.7,3613.05,975.45,3594.3,981.7,3568.45,989.3,3545.65,984.4,3520.2,972.8
3-48,Uninfected,No_comment,Polygon,22,3429.6,833.9,3431.8,820.1,3438.05,805.4,3440.75,791.1,3442.1,772.8,3453.7,766.1,3472,763.85,3482.25,745.95,3496.55,753.15,3513.05,773.7,3530.5,800.9,3541.65,833.05,3538.5,862.05,3528.7,876.8,3519.75,890.65,3505.05,905.4,3485.85,909.4,3475.1,907.6,3461.3,898.7,3450.55,880.4,3439.4,862.05,3432.25,848.25
3-49,Uninfected,No_comment,Polygon,21,3861.75,621.9,3854.15,636.6,3843.45,650.45,3835.85,665.2,3834.5,694.2,3843.9,713.4,3855.95,737.95,3867.1,745.95,3876.9,752.7,3901.05,754.95,3915.3,756.25,3926.9,746.9,3936.3,727.7,3944.35,710.75,3951.95,695.1,3957.75,677.25,3951.5,657.15,3939.85,642.4,3920.25,634.85,3897,626.8,3883.6,620.1
3-50,Uninfected,No_comment,Polygon,16,3563.05,597.3,3558.2,574.1,3566.6,541.5,3576.05,530.35,3584.5,519.6,3609.5,510.7,3648.3,519.6,3659.05,529,3672,554,3680.05,588.35,3672.85,617.4,3661.75,630.8,3644.3,640.15,3609.5,644.6,3589,638.35,3574.25,624.1
3-51,Uninfected,No_comment,Polygon,31,3502.8,528.55,3480.45,523.65,3470.65,523.65,3462.15,519.15,3459,505.35,3460.4,496.4,3451.05,487.05,3448.8,473.65,3456.35,466.05,3464.4,459.35,3471.5,447.3,3482.3,442.85,3490.3,444.6,3498.8,435.7,3516.65,434.8,3530.9,444.15,3543.85,440.15,3559.9,445.95,3564,455.35,3572,459.8,3582.75,466.95,3579.1,478.1,3580.05,486.6,3587.6,499.55,3580.9,508,3571.1,511.6,3565.3,529.45,3553.65,533.9,3526.95,529.9,3529.6,541.05,3517.1,538.35
3-52,Uninfected,No_comment,Polygon,18,3423.5,641,3420.45,624.25,3419.55,607.5,3429.2,587.25,3449.45,563,3468.45,549.8,3485.6,545.4,3510.7,553.3,3531.85,565.2,3552.6,592.95,3558.3,626.9,3553.9,657.75,3542.85,678.9,3507.6,692.1,3483.45,693,3461.8,686.8,3444.2,678,3430.95,662.15
3-53,Uninfected,No_comment,Polygon,21,3151.65,488.55,3169.75,484.6,3182.45,478.85,3204.5,468.75,3228.3,464.35,3260.05,468.3,3276.75,474.9,3287.3,489.45,3293.95,509.7,3289.1,532.6,3280.75,552.9,3266.65,566.1,3247.65,565.65,3230.55,568.75,3206.3,573.15,3187.35,565.2,3168.35,552.45,3158.7,539.2,3156.9,527.75,3157.4,516.3,3151.25,503.95
3-54,Uninfected,No_comment,Polygon,21,3154.75,540.1,3145.5,548.45,3144.2,569.6,3147.7,589.45,3156.05,608.85,3162.25,622.9,3171.05,632.15,3189.1,641.45,3201.45,652.45,3212,656.4,3241.55,660.8,3258.3,644.05,3266.65,634.4,3265.35,614.1,3266.15,597.8,3258.3,575.35,3246.8,559,3227.8,548.85,3212.8,541.8,3187.75,540.05,3171.85,535.2
3-55,Uninfected,No_comment,Polygon,21,3380.85,358.5,3376.05,370.3,3369.5,387.35,3358.6,406.55,3352.05,427.1,3342.85,449.35,3337.65,466.8,3332.85,488.2,3342.45,505.7,3358.15,516.15,3382.6,522.3,3408.4,514.4,3419.3,506.55,3431.1,486.9,3434.15,464.2,3429.8,441.5,3424.55,411.8,3419.75,386.05,3416.25,366.8,3405.3,355.45,3395.3,350.25
3-56,Uninfected,No_comment,Polygon,25,3131.95,317.05,3128.9,336.25,3131.5,350.65,3138.05,370.75,3145.95,378.6,3154.65,389.1,3162.95,412.25,3157.7,427.5,3151.15,442.35,3139.4,454.15,3116.25,460.25,3097.45,450.65,3090.05,441.05,3073.85,430.6,3061.2,420.1,3054.65,410.95,3042.85,381.65,3039.35,363.35,3037.2,344.1,3046.8,325.75,3060.75,310.9,3069.05,303.05,3078.65,301.3,3104,304.8,3111.85,308.3
3-57,Uninfected,No_comment,Polygon,22,3183.9,381.25,3174.3,398.7,3178.25,414.85,3183.05,427.5,3191.8,443.7,3212.75,452.85,3242,451.55,3249.85,449.8,3269.5,455.45,3287,458.95,3299.2,458.55,3308.8,453.3,3319.3,441.95,3327.6,420.95,3328.05,402.65,3320.6,383,3305.3,369.45,3283.05,358.5,3262.95,358.1,3226.9,360.75,3213.8,367.75,3193.95,374.25
3-58,Uninfected,No_comment,Polygon,21,3290.05,341.9,3288.75,327.05,3287.45,310,3294.85,283.8,3304.45,261.55,3320.6,247.1,3333.3,243.2,3347.25,243.65,3367.8,247.1,3386.1,253.25,3398.8,273.3,3404.45,291.25,3397.05,308.25,3388.75,318.3,3387,342.75,3385.25,352.35,3372.6,358.5,3357.75,365.45,3339.4,369.4,3320.6,365.05,3305.75,357.15
3-59,Uninfected,No_comment,Polygon,26,3197.45,261.55,3194,245.8,3194.4,230.95,3199.2,219.6,3201.4,205.65,3205.75,195.15,3213.2,188.6,3220.6,183.35,3227.15,171.55,3253.8,170.25,3270.4,170.7,3298.35,179.45,3310.15,188.15,3319.3,196.9,3326.3,211.3,3326.3,223.1,3321,246.75,3316.2,265.05,3307.45,278.6,3297,289.15,3286.1,292.55,3276.95,285.1,3260.35,278.55,3237.65,273.3,3225.85,272.9,3210.15,266.35
3-60,Uninfected,No_comment,Polygon,23,3181.75,376.4,3167.8,365.05,3155.55,347.1,3153.35,324.85,3160.35,306.95,3164.7,290.8,3172.6,284.7,3187,284.7,3197.45,284.25,3210.15,286.85,3229.8,290.35,3243.75,292.95,3252.5,299.95,3267.8,306.95,3273.9,318.3,3278.7,347.1,3275.15,359.5,3261.2,378.65,3251.55,384.35,3241.55,389.15,3223.6,390.9,3204.4,393.05,3190,382.1
3-61,Uninfected,No_comment,Polygon,21,2949,233.6,2943.75,226.15,2938.1,211.3,2938.95,200.4,2947.25,186.4,2961.65,177.7,2971.25,172.9,2987,175.05,3001.85,182.5,3015.35,197.75,3025,215.7,3027.6,241.45,3023.65,259.8,3013.2,274.2,3001.4,282.95,2984.35,282.5,2968.2,282.1,2956,273.3,2947.7,265.05,2945.95,257.6,2951.2,248.85
3-62,Uninfected,No_comment,Polygon,19,2848.55,251.5,2845.5,237.1,2838.05,213.95,2835,199.5,2842.45,175.95,2852.9,163.3,2868.2,155.85,2881.3,152.8,2899.2,155.4,2907.5,159.35,2921.9,172.9,2932.85,194.3,2939.4,222.25,2934.15,246.7,2925.4,258.9,2914.05,268.5,2893.55,275.5,2875.2,273.75,2866,268.5
3-63,Uninfected,No_comment,Polygon,19,2912.3,420.5,2909.7,404.35,2907.05,386.45,2908.4,362.85,2916.7,344.95,2929.8,324.4,2952.5,316.1,2971.7,316.1,2983.05,320.9,2994.85,327.05,3006.65,336.65,3017.1,355.05,3018,380.3,3012.75,397.35,2997.9,422.65,2985.7,433.6,2968.2,441.9,2952.5,445.8,2925.85,434.45
3-64,Uninfected,No_comment,Polygon,19,2707.05,210.9,2715.8,188.15,2735.45,177.25,2759.05,172,2780.85,173.3,2802.7,195.15,2813.6,216.1,2826.7,251.05,2828.05,269.4,2824.55,284.7,2814.05,296.9,2794.85,308.25,2768.2,311.75,2746.35,306.5,2725.4,292.95,2716.65,279,2708.8,263.3,2706.2,249.3,2707.5,234.45
3-65,Uninfected,No_comment,Polygon,21,2704.8,45,2720.95,23.15,2733.2,7,2755.05,1.75,2779.95,3.05,2792.2,1.3,2818.75,18.35,2833.2,40.6,2835.4,65.05,2828,87.35,2817.9,105.25,2806.55,117.05,2789.95,124.45,2776.85,125.75,2759.4,120.95,2744.95,112.65,2731,99.55,2723.2,86.9,2718.75,75.1,2713.15,68.1,2704.4,58.5
3-66,Uninfected,No_comment,Polygon,19,2557.25,186.05,2561.1,166.4,2570.75,145,2585.2,137.55,2602.15,130.55,2624.05,133.65,2649.75,141.9,2664.6,162.9,2676.45,183.4,2679.45,207.85,2678.2,234.95,2669.9,251.95,2658.55,261.15,2639.75,266.8,2617.5,263.35,2593.9,258.1,2580.8,247.15,2565.05,227.95,2557.65,210.5
3-67,Uninfected,No_comment,Polygon,19,2386.45,37.1,2377.75,43.65,2366.85,54.6,2358.5,71.2,2354.15,110.5,2364.2,126.65,2378.65,142.35,2395.2,162,2412.25,173.8,2434.5,178.6,2454.55,166.4,2472.5,156.75,2483.45,144.1,2483.85,117.9,2482.5,99.55,2473.35,79.5,2447.15,47.6,2432.3,37.55,2408.75,32.3
3-68,Uninfected,No_comment,Polygon,16,2398.65,368.35,2397.35,340.2,2399.05,319,2417.25,295.65,2442.8,282.65,2470.95,282.2,2498.65,295.2,2516.4,321.6,2525.05,343.25,2527.65,373.55,2514.65,402.1,2493,418.55,2467.45,422.45,2443.65,418.55,2424.2,405.15,2409.9,390
3-69,Uninfected,No_comment,Polygon,20,2268.75,199.1,2269.2,187.85,2281.75,171.4,2292.15,160.55,2305.15,154.5,2316.4,148.85,2348.4,151.45,2368.75,160.15,2384.8,183.5,2396.05,204.7,2393.45,231.1,2386.5,248.85,2361.4,272.7,2342.35,276.15,2319,280.05,2293,272.25,2278.3,263.15,2270.5,245.85,2266.15,228.95,2266.15,215.95
3-70,Uninfected,No_comment,Polygon,17,2132.45,336.4,2127.25,318.15,2125.05,294.35,2131.15,273.15,2146.7,259.7,2171.4,249.8,2207.35,251.9,2234.15,265.35,2249.3,282.7,2257.1,306.05,2256.65,329.4,2245.85,352.85,2229.4,362.3,2203.85,369.3,2187,374,2157.1,365.35,2143.25,353.2
3-71,Uninfected,No_comment,Polygon,16,2531.35,2122.55,2531.35,2090.6,2546.2,2071.6,2569.25,2056.3,2594.75,2051.55,2618.4,2062.2,2630.2,2071.05,2640.3,2086.45,2645.05,2107.75,2647.95,2129,2638.45,2153.85,2616,2174,2594.75,2179.95,2566.35,2175.8,2542.65,2158.65,2533.8,2143.85
3-72,Uninfected,No_comment,Polygon,17,2413,2064.5,2417.8,2092.35,2419.6,2111.3,2424.9,2131.45,2431.4,2146.2,2449.1,2155.7,2471.65,2159.25,2494.75,2152.7,2509.45,2130.25,2516.05,2094.15,2516.6,2066.35,2503.6,2046.2,2490,2034.95,2466.85,2026.1,2443.8,2030.8,2424.3,2041.45,2417.2,2046.75
3-73,Uninfected,No_comment,Polygon,20,2306.55,1965.75,2312.45,1976.4,2324.9,1992.9,2334.95,2003,2342.05,2019,2336.7,2030.25,2324.9,2043.25,2305.9,2053.3,2288.8,2068.05,2260.4,2074.6,2235.55,2071.05,2220.15,2059.25,2205.95,2040.9,2198.2,2018.4,2200.6,1993.55,2215.45,1976.4,2237.3,1962.75,2259.15,1953.9,2275.75,1951.55,2295.9,1955.1
3-74,Uninfected,No_comment,Polygon,26,2272.2,2123.75,2272.2,2114.25,2275.2,2098.3,2287.55,2087.65,2305.35,2078.7,2323.1,2068.7,2335.55,2056.85,2349.15,2036.15,2369.8,2034.95,2387.6,2043.25,2396.5,2052.15,2397.05,2071.6,2403,2095.3,2398.8,2116.05,2408.9,2135.55,2414.25,2149.75,2407.15,2163.95,2388.8,2178.75,2378.15,2184.1,2359.8,2178.75,2338.5,2165.75,2320.75,2165.75,2308.9,2168.7,2296.5,2163.35,2281.7,2151.55,2275.75,2140.3
3-75,Uninfected,No_comment,Polygon,17,2337.85,1907.75,2330.75,1919.6,2323.1,1946.15,2327.85,1972.25,2338.5,1989.35,2352.7,2001.85,2368.1,2014.2,2401.8,2016.6,2422.5,2010.1,2436.7,2000.65,2444.45,1989.35,2452.65,1966.3,2449.1,1937.35,2434.95,1910.65,2418.4,1893.55,2391.7,1884.05,2362.7,1891.15
3-76,Uninfected,No_comment,Polygon,17,2427.2,1813.05,2417.2,1834.4,2415.4,1853.25,2425.5,1874.55,2435.55,1886.45,2451.55,1900.65,2469.85,1920.2,2482.9,1923.75,2510.1,1921.3,2530.25,1908.95,2546.2,1885.85,2543.8,1859.25,2530.25,1819.55,2504.75,1793.55,2482.9,1788.2,2455.65,1793.55,2437.85,1799.4
3-77,Uninfected,No_comment,Polygon,16,2688.2,2085.8,2683.45,2107.15,2676.35,2127.3,2684.65,2157.4,2706,2181.7,2736.75,2193.5,2779.35,2187.65,2795.85,2177,2804.8,2157.4,2816.65,2133.8,2817.2,2108.35,2805.35,2084.1,2784.7,2065.15,2758.6,2057.4,2733.75,2061.6,2709.55,2071.6
3-78,Uninfected,No_comment,Polygon,17,2027.25,1833.8,2032.6,1815.45,2045,1797.7,2066.3,1785.85,2092.95,1783.5,2116.6,1785.2,2134.35,1790.6,2152.15,1810.7,2158.05,1833.8,2159.8,1858.05,2149.75,1878.15,2130.8,1900.65,2102.4,1908.35,2061,1903.6,2040.3,1891.15,2030.25,1871.65,2027.85,1853.9
3-79,Uninfected,No_comment,Polygon,15,2428.25,1618.95,2431.15,1600.6,2445.1,1582.7,2472.15,1572.1,2489.1,1567.75,2510.8,1571.1,2527.25,1583.65,2543.2,1614.6,2541.75,1632.95,2534.5,1648.4,2519.1,1665.8,2477,1675.95,2447.6,1667.25,2431.6,1646.95,2426.25,1632.95
3-80,Uninfected,No_comment,Polygon,18,2567.85,1652.75,2580.9,1628.1,2601.65,1609.75,2629.65,1602.05,2649.5,1601.05,2668.8,1607.35,2688.15,1623.3,2695.4,1645.05,2694.9,1670.15,2678.95,1686.6,2670.75,1704.45,2659.15,1717,2631.6,1724.75,2611.8,1723.3,2587.65,1719.45,2571.2,1709.75,2563.55,1683.7,2566.45,1665.3
3-81,Uninfected,No_comment,Polygon,18,2544.65,1428.6,2537.9,1456.6,2531.1,1481.25,2534.5,1503.95,2551.4,1521.35,2566.45,1528.1,2581.4,1529.55,2602.2,1526.65,2618.55,1519.4,2635.95,1504.9,2644.65,1489,2656.75,1463.35,2658.2,1439.7,2642.3,1415.05,2621.5,1403.45,2596.35,1400.55,2582.3,1404.45,2558.65,1415.55
3-82,Uninfected,No_comment,Polygon,22,2638.85,1542.1,2643.2,1525.7,2653.85,1509.75,2661.6,1497.65,2664.5,1486.55,2677.5,1474.5,2689.1,1467.7,2706.05,1465.3,2722.5,1468.7,2732.6,1474.5,2742.7,1481.25,2749,1500.55,2751.9,1520.4,2749.5,1545.5,2742.25,1567.25,2731.15,1587.55,2715.65,1595.25,2692.95,1596.7,2676.55,1591.9,2660.15,1585.1,2649.95,1576.9,2640.3,1563.4
3-83,Uninfected,No_comment,Polygon,22,2743.7,1634.4,2741.8,1616.05,2749,1587.05,2760.6,1571.6,2773.65,1557.6,2792,1548.4,2817.15,1545,2838.45,1550.35,2857.75,1560.95,2865.9,1576.9,2869.3,1593.35,2873.15,1606.85,2865.45,1621.35,2856.3,1635.85,2846.6,1646.5,2838.85,1663.4,2825.8,1672.55,2811.35,1676.45,2799.8,1677.4,2778.5,1666.75,2766.4,1656.6,2755.3,1646.95
3-84,Uninfected,No_comment,Polygon,19,2830.15,1438.25,2817.65,1459.5,2811.35,1486.55,2819.1,1506.85,2831.6,1519.9,2847.1,1534.4,2866.9,1545.5,2878,1552.75,2895.9,1557.6,2911.8,1547.45,2925.85,1534.9,2934.55,1516.5,2936.95,1490.9,2924.85,1463.85,2912.8,1449.35,2892.5,1437.3,2872.2,1434.4,2856.3,1436.3,2845.65,1432.95
3-85,Uninfected,No_comment,Polygon,20,2842.25,1701.05,2844.65,1682.7,2850.95,1666.3,2860.65,1653.25,2872.2,1639.7,2904.1,1626.65,2929.2,1626.2,2945.65,1632,2962.05,1641.15,2978.05,1657.6,2985.25,1677.4,2984.75,1700.6,2979.95,1724.75,2952.4,1738.75,2926.8,1749.85,2910.35,1752.75,2892,1753.75,2873.15,1745.5,2855.8,1737.3,2845.15,1723.3
3-86,Uninfected,No_comment,Polygon,20,2753.8,1386.6,2764.45,1365.8,2775.05,1335.85,2787.65,1314.55,2802.6,1286.05,2829.65,1273.5,2841.25,1282.7,2855.25,1298.65,2868.3,1317.45,2875.05,1339.65,2877,1358.55,2864.95,1380.8,2850.9,1400.1,2836.9,1414.6,2820.95,1424.2,2794.85,1433.9,2776.5,1428.55,2765.4,1423.8,2756.7,1411.2,2755.25,1398.15
3-87,Uninfected,No_comment,Polygon,22,2625.8,1312.15,2627.25,1339.65,2630.6,1356.1,2637.35,1376.85,2649.45,1397.65,2660.55,1408.3,2678.45,1418,2688.1,1422.75,2705,1420.4,2719,1418.4,2733.5,1408.3,2740.75,1395.25,2746.1,1379.35,2745.1,1358.05,2741.25,1336.35,2730.6,1316,2716.1,1311.65,2691,1295.2,2674.1,1287.05,2651.85,1288.5,2635.9,1296.65,2629.65,1303.5
3-88,Uninfected,No_comment,Polygon,22,2680.35,1208.75,2674.1,1219.35,2668.3,1232.9,2672.15,1256.15,2681.8,1274.45,2690.5,1279.3,2702.6,1285.1,2721.45,1295.2,2739.3,1303.9,2753.3,1306.4,2774.6,1299.15,2784.75,1289.95,2792.95,1278.8,2800.65,1260.5,2806.45,1232.9,2800.2,1210.7,2783.3,1189.95,2766.35,1179.25,2738.85,1174.9,2719,1181.75,2708.9,1189.4,2692.45,1201.5
3-89,Uninfected,No_comment,Polygon,23,2991.5,1455.2,2985.7,1440.65,2983.8,1426.7,2984.75,1412.6,2991,1396.2,3004.05,1385.15,3020,1378.3,3035.45,1373.55,3057.7,1373.55,3072.65,1380.3,3091.05,1391.85,3097.8,1401.05,3110.35,1411.7,3122.45,1426.2,3125.8,1444.55,3118.1,1460.5,3109.4,1478.35,3090.05,1484.65,3075.55,1484.65,3060.6,1479.8,3031.6,1474.95,3013.75,1475.45,3001.65,1465.75
3-90,Uninfected,No_comment,Polygon,17,3093.05,1123.9,3096.1,1103.05,3102.2,1084.3,3116.95,1069.05,3135.7,1058.9,3160.6,1057.4,3179.9,1062.95,3197.65,1073.65,3206.8,1092.9,3213.4,1116.25,3204.75,1139.55,3194.6,1158.4,3170.75,1172.6,3142.8,1177.2,3123,1172.1,3109.3,1161.95,3102.2,1149.25
3-91,Uninfected,No_comment,Polygon,20,2949.4,1173.1,2950.4,1150.3,2958.55,1123.9,2972.25,1107.15,2988.5,1096.4,3010.85,1090.9,3032.65,1091.85,3052.95,1103.05,3064.65,1114.25,3072.25,1127.95,3080.9,1148.2,3087.5,1169.5,3082.9,1188.85,3072.25,1211.15,3055.5,1225.9,3034.2,1232,3000.15,1230.95,2976.3,1220.85,2964.15,1209.65,2953.45,1192.4
3-92,Uninfected,No_comment,Polygon,19,3077.35,1324.4,3076.85,1311.2,3081.9,1283.8,3090,1265.5,3104.25,1254.3,3121.5,1249.2,3139.75,1256.9,3163.65,1278.7,3175.3,1300.05,3183.95,1316.8,3194.1,1331,3196.65,1348.7,3187,1366.05,3175.3,1381.25,3151.95,1389.9,3126.05,1393.9,3109.8,1386.35,3097.65,1373.6,3084.45,1345.65
3-93,Uninfected,No_comment,Polygon,17,3185.45,1278.7,3183.45,1251.8,3190.05,1230.5,3206.3,1212.65,3230.15,1201.55,3258.05,1204.1,3293.1,1230.5,3301.7,1264.45,3299.7,1296.5,3283.45,1321.35,3260.6,1333.55,3236.25,1338.6,3219.45,1336.1,3208.3,1328.9,3201.2,1319.85,3193.6,1304.6,3190.55,1290.4
3-94,Uninfected,No_comment,Polygon,17,3255.5,1515.3,3258.55,1495.5,3271.2,1472.15,3287.45,1460.95,3305.25,1456.4,3336.2,1454.9,3357.5,1460.95,3379.35,1472.15,3389.5,1496.5,3386.95,1522.9,3376.3,1543.7,3354.45,1562.5,3318.45,1568.6,3296.1,1568.6,3278.35,1563.5,3263.1,1555.4,3255.5,1533.55
3-95,Uninfected,No_comment,Polygon,20,3405.25,1444.7,3413.85,1426.45,3420.45,1409.2,3434.15,1383.8,3447.35,1369.1,3463.1,1361.45,3484.95,1355.4,3510.85,1355.4,3524.05,1366.05,3536.2,1385.35,3554.5,1405.15,3573.25,1427.95,3576.3,1447.25,3568.7,1459.95,3552.45,1470.6,3517.95,1478.25,3481.9,1483.8,3439.25,1475.7,3413.35,1469.1,3407.25,1465.55
3-96,Uninfected,No_comment,Polygon,22,3392.05,1431,3399.65,1420.85,3405.25,1405.65,3407.25,1383.8,3401.15,1368.05,3393.05,1354.35,3373.75,1348.8,3345.85,1343.2,3323,1337.1,3286.45,1342.7,3272.25,1354.85,3266.65,1370.6,3265.15,1399.05,3275.3,1419.85,3289,1432.55,3304.2,1437.6,3323.5,1443.7,3338.75,1440.65,3348.4,1440.65,3358.55,1444.7,3368.7,1447.25,3379.85,1444.2
3-97,Uninfected,No_comment,Polygon,18,3319.95,1286.85,3319.45,1269.6,3323.5,1250.3,3335.2,1227.95,3353.45,1210.7,3365.65,1200.05,3386.45,1203.1,3403.2,1210.2,3423,1233.05,3431.15,1263,3430.6,1279.25,3426.05,1309.2,3413.85,1323.4,3397.6,1333.55,3374.8,1329.5,3350.4,1323.4,3337.2,1320.35,3327.05,1306.65
3-98,Uninfected,No_comment,Polygon,18,3449.9,1283.8,3449.4,1267.55,3452.45,1245.75,3459.05,1225.95,3474.3,1212.75,3495.1,1202.05,3514.4,1198.5,3531.15,1205.1,3541.8,1217.8,3551.95,1238.1,3554.5,1270.6,3555,1293.45,3543.3,1307.15,3523,1318.3,3499.65,1327.95,3484.45,1327.45,3469.2,1321.35,3454.5,1306.65
3-99,Uninfected,No_comment,Polygon,16,3109.8,1654.9,3110.8,1639.25,3112.85,1618.35,3122,1603.15,3141.25,1591,3163.1,1583.35,3187.45,1590.45,3208.3,1598.05,3220.45,1622.5,3223.5,1640.2,3218.95,1659.05,3204.75,1676.75,3184.4,1690.95,3163.1,1696.55,3138.75,1690.95,3120.95,1677.75
3-100,Uninfected,No_comment,Polygon,17,2989.5,1604.65,2971.2,1594,2952.95,1566.6,2957.5,1535.6,2973.75,1522.4,2984.9,1506.25,3004.2,1498.55,3023.5,1495,3055.5,1498.55,3081.9,1507.2,3091.5,1528.05,3099.15,1547.3,3096.6,1575.2,3083.9,1597.6,3063.1,1609.3,3033.65,1615.3,3010.3,1614.8
3-101,Uninfected,No_comment,Polygon,18,3110.8,1523.95,3111.85,1505.65,3121.45,1479.25,3141.25,1466.05,3164.6,1457.45,3181.9,1453.9,3204.2,1461.55,3225.05,1473.25,3236.7,1498.1,3239.75,1532.6,3239.25,1554.9,3226.55,1569.15,3207.75,1572.75,3177.8,1567.1,3155.5,1570.15,3141.25,1570.65,3123.5,1558.95,3111.3,1535.6
3-102,Uninfected,No_comment,Polygon,17,3311.35,1853.9,3299.7,1841.2,3296.65,1805.7,3303.75,1777.75,3317.95,1763.05,3345.9,1750.85,3379.4,1750.85,3410.85,1772.2,3418.5,1800.6,3421.55,1828,3414.4,1845.3,3401.75,1864.05,3379.4,1879.8,3364.15,1883.85,3349.45,1883.85,3337.25,1877.75,3324.05,1867.6
3-103,Uninfected,No_comment,Polygon,18,3141.3,1834.1,3125.55,1820.4,3109.85,1801.1,3102.2,1783.85,3102.75,1768.1,3103.75,1747.3,3112.35,1734.6,3124.05,1728,3140.8,1728.5,3161.6,1732.05,3182.95,1748.3,3198.15,1771.65,3207.8,1789.95,3211.35,1815.85,3210.35,1831.55,3197.15,1840.2,3176.85,1842.75,3164.65,1840.7
3-104,Uninfected,No_comment,Polygon,23,3202.2,1914.3,3206.8,1898.6,3214.4,1877.75,3225.05,1859.5,3243.35,1846.3,3257.55,1835.1,3269.25,1816.35,3273.3,1826.5,3279.9,1845.8,3291.55,1867.1,3303.25,1880.3,3321.5,1899.6,3328.65,1902.65,3334.7,1911.25,3334.7,1927.5,3325.6,1944.25,3317.45,1956.45,3300.2,1964.05,3284.45,1971.15,3267.7,1972.2,3237.75,1963.05,3216.95,1952.9,3204.75,1934.6
3-105,Uninfected,No_comment,Polygon,20,3391.05,1898.05,3407.8,1888.95,3421,1872.7,3430.15,1861.5,3437.25,1830.05,3440.3,1826.5,3450.95,1830.55,3470.75,1832.1,3480.4,1831.55,3490.55,1846.3,3502.25,1869.15,3505.8,1908.25,3497.15,1930.05,3483.95,1947.8,3468.25,1958,3453,1962.05,3427.6,1955.45,3405.3,1943.75,3393.6,1926,3389.05,1915.35
3-106,Uninfected,No_comment,Polygon,16,3436.25,1713.8,3437.75,1699.1,3456.05,1679.8,3472.3,1669.65,3492.1,1667.6,3516.45,1668.1,3535.25,1676.25,3554,1703.65,3559.6,1735.65,3551.5,1757.95,3525.6,1777.75,3488.05,1783.35,3465.2,1776.25,3449.95,1765.05,3436.25,1753.4,3435.75,1737.15
3-107,Uninfected,No_comment,Polygon,19,3059.6,1926.5,3066.7,1904.65,3076.85,1889.95,3089,1880.3,3111.35,1871.7,3140.3,1872.7,3159.6,1880.8,3172.8,1894,3184.95,1916.35,3190.05,1933.1,3184.95,1951.4,3169.25,1972.2,3155,1984.9,3129.1,1990.95,3107.3,1988.45,3092.05,1981.35,3077.35,1973.7,3066.7,1961.55,3059.6,1945.3
3-108,Uninfected,No_comment,Polygon,22,3319.5,2040.7,3313.4,2024.45,3318.45,1999.1,3324.05,1985.9,3335.7,1974.7,3351.95,1968.15,3377.85,1965.6,3393.1,1965.1,3408.3,1964.05,3420,1961,3426.6,1975.25,3426.6,1994,3434.2,2020.9,3444.35,2047.85,3434.2,2076.25,3423.05,2085.9,3405.25,2091.5,3386,2085.4,3367.2,2076.75,3354,2068.15,3341.3,2068.15,3332.6,2063.55
3-109,Uninfected,No_comment,Polygon,19,3180.9,2083.35,3174.75,2070.65,3171.25,2055.95,3168.7,2035.15,3179.35,2013.8,3191.5,1995.05,3207.8,1981.85,3231.15,1978.8,3250.45,1982.85,3268.2,1988.95,3284.95,2004.7,3293.6,2025,3296.05,2056.45,3291,2075.75,3279.3,2091.5,3268.2,2100.6,3246.4,2107.75,3227.1,2109.25,3206.8,2101.65
3-110,Uninfected,No_comment,Polygon,20,3068.2,2221.95,3065.65,2204.7,3065.15,2187.95,3073.25,2170.15,3099.15,2141.25,3106.7,2136.65,3126.55,2121.45,3143.25,2126.5,3165.15,2138.2,3184.95,2161.55,3191.5,2174.25,3198.1,2201.15,3191.05,2239.2,3174.75,2255.95,3157.05,2267.15,3136.65,2273.2,3118.4,2272.2,3105.2,2262.55,3096.6,2250.4,3079.85,2241.25
3-111,Uninfected,No_comment,Polygon,16,2913.85,2153.85,2909.75,2140.2,2911.3,2114.25,2920.45,2090.45,2933.65,2075.7,2971.7,2064.05,2993.55,2065.05,3016.4,2081.25,3034.65,2112.7,3036.2,2142.2,3023,2167.1,3006.75,2182.25,2990,2188.85,2960.05,2190.9,2942.25,2183.8,2926.55,2175.65
3-112,Uninfected,No_comment,Polygon,15,2987.95,2332.1,2982.35,2313.75,2988.45,2287.9,3002.15,2267.05,3018.9,2257.45,3039.2,2246.75,3068.15,2256.45,3086.45,2268.55,3105.7,2303.6,3103.7,2324.9,3085.4,2354.4,3063.1,2364.55,3044.3,2369.6,3023.5,2366.55,3004.2,2357.95
3-113,Uninfected,No_comment,Polygon,17,3562.5,2593.45,3561.6,2579.5,3562.05,2564.65,3570.35,2546.35,3588.7,2535.45,3608.8,2534.1,3625.8,2537.2,3641.55,2548.95,3655.5,2569.95,3657.7,2582.1,3657.25,2599.15,3645.45,2616.2,3634.55,2625.4,3624.5,2627.55,3601.8,2626.7,3586.95,2620.55,3571.65,2611.85
3-114,Uninfected,No_comment,Polygon,25,3489.15,2600.9,3479.5,2593.05,3464.25,2574.7,3455.5,2553.75,3453.3,2528.9,3455.5,2506.15,3462.5,2486.05,3473.85,2467.25,3483,2454.15,3507.45,2444.15,3526.25,2446.35,3547.2,2452.4,3569.05,2468.6,3581.25,2486.9,3585.2,2507.05,3578.65,2521.9,3560.3,2535,3549.85,2548.1,3545.9,2557.25,3543.3,2567.75,3543.7,2579.95,3544.15,2596.15,3533.65,2604.85,3524.95,2611.4,3508.35,2608.8
3-115,Uninfected,No_comment,Polygon,18,3675.6,2439.8,3678.2,2462.05,3670.35,2494.4,3670.8,2517.45,3676.45,2536.25,3680.85,2551.15,3689.15,2565.55,3701.8,2579.95,3717.1,2588.25,3744.15,2591.75,3794.4,2544.15,3797.85,2520.55,3792.2,2505.7,3768.6,2485.65,3749.4,2473.8,3720.6,2458.55,3702.65,2445.45,3686.1,2434.5
3-116,Uninfected,No_comment,Polygon,22,3390.85,2646.35,3407.05,2649.85,3427.1,2643.75,3454.65,2633.65,3468.6,2626.7,3486.05,2626.25,3498.3,2628.45,3514,2638.85,3525.8,2654.15,3531.95,2674.7,3533.65,2696.1,3528.85,2714,3514.9,2732.8,3502.65,2741.95,3488.25,2746.35,3438.45,2748.5,3427.1,2741.1,3415.75,2730.6,3404.85,2712.3,3398.3,2693,3397.85,2672.55,3395.7,2658.6
3-117,Uninfected,No_comment,Polygon,18,3736.75,2407.9,3739.8,2394.8,3744.6,2381.7,3756.85,2369.95,3773.85,2363.4,3800.95,2359.9,3829.35,2362.95,3850.75,2380.85,3866,2400,3870.8,2422.75,3868.65,2439.35,3859,2455.5,3845.9,2467.3,3819.7,2474.75,3790.45,2480.85,3769.5,2471.7,3750.7,2455.1,3742.45,2432.8
3-118,Uninfected,No_comment,Polygon,18,3828,2307.05,3831.5,2285.65,3844.6,2271.25,3858.15,2258.55,3869.05,2252,3881.75,2252.9,3905.75,2256.35,3927.6,2274.75,3936.75,2290.85,3942.85,2315.35,3945.95,2337.15,3942.85,2355.5,3931.1,2369.95,3911.85,2377.35,3886.55,2372.1,3866,2368.2,3843.75,2352.9,3832.4,2336.3
3-119,Uninfected,No_comment,Polygon,17,3733.25,2179.1,3733.25,2199.2,3735,2219.25,3745.05,2240.25,3758.15,2253.75,3776.5,2261.65,3794.4,2262.9,3817.1,2260.3,3834.15,2251.6,3855.95,2234.55,3874.75,2222.75,3866.45,2195.65,3852.9,2169.9,3818.85,2157.2,3804.45,2154.65,3775.2,2157.7,3752.9,2164.25
3-120,Uninfected,No_comment,Polygon,21,3191.9,2658.9,3198.25,2637.1,3206.85,2618.55,3229.9,2605.45,3266.55,2598.2,3300.05,2606.35,3334,2624,3351.2,2659.75,3356.15,2690.5,3350.25,2705,3336.7,2709.5,3319.95,2709.5,3301.85,2702.3,3280.15,2697.3,3262.05,2708.2,3250.25,2716.3,3238.5,2720.4,3228.1,2719,3210.45,2710.85,3197.8,2699.55,3192.8,2681.45
3-121,Uninfected,No_comment,Polygon,16,3001.4,2835.3,3000.5,2822.65,3001.85,2798.7,3010.45,2778.3,3024,2766.1,3043.5,2759.3,3075.15,2759.3,3097.8,2773.75,3105.9,2796.85,3111.35,2819,3103.65,2843.95,3093.7,2860.65,3071.1,2871.1,3056.6,2875.6,3031.25,2869.7,3015.4,2860.65
3-122,Uninfected,No_comment,Polygon,17,2714.15,2895.45,2716,2881.45,2719.8,2855.25,2734.7,2830.5,2752,2811.8,2785.65,2807.15,2812.25,2816.5,2831.9,2832.35,2840.3,2865.55,2838.9,2888.45,2838.5,2906.2,2826.35,2925.85,2810.85,2941.25,2783.3,2950.15,2752.9,2950.15,2739.85,2944.5,2722.05,2926.3
3-123,Uninfected,No_comment,Polygon,18,2511.8,2682.8,2505.25,2702.45,2506.2,2720.2,2516,2741.25,2528.6,2759.45,2547.3,2770.7,2567.4,2775.8,2588.9,2777.2,2623,2746.4,2636.55,2724.9,2638.4,2690.3,2627.25,2661.8,2608.5,2644.95,2594.05,2634.7,2569.75,2632.8,2544.05,2636.55,2530.5,2649.65,2519.75,2663.2
3-124,Uninfected,No_comment,Polygon,18,2249.6,2815.55,2247.25,2807.6,2240.7,2792.2,2234.65,2771.15,2243.05,2747.8,2257.1,2730.05,2271.1,2719.3,2285.6,2713.65,2310.35,2709.45,2337,2717.9,2351.45,2732.35,2360.35,2750.1,2364.55,2770.7,2355.7,2797.8,2343.05,2816,2328.1,2830.5,2301,2840.3,2275.3,2835.65
3-125,Uninfected,No_comment,Polygon,20,2392.15,2653.85,2394.45,2640.75,2403.8,2623,2415.05,2608.55,2424.85,2595.45,2444.95,2587.5,2465.95,2595,2480,2603.85,2495.4,2622.55,2500.1,2648.25,2501.95,2665.05,2491.65,2680.05,2483.25,2699.2,2474.85,2713.65,2461.3,2721.15,2443.05,2725.35,2426.7,2720.7,2413.15,2714.15,2402.9,2702.95,2394.95,2686.55
3-126,Uninfected,No_comment,Polygon,18,2293.55,2596.4,2291.2,2586.55,2288.4,2564.6,2290.25,2539.85,2304.75,2519.25,2327.65,2507.6,2354.75,2507.1,2377.15,2506.65,2394.45,2519.25,2402.9,2532.8,2411.75,2550.6,2415.05,2564.6,2404.75,2592.65,2396.35,2614.6,2379.05,2624.9,2360.35,2627.7,2329.5,2627.2,2313.6,2617.4
3-127,Uninfected,No_comment,Polygon,24,2227.15,2421.6,2256.15,2437.5,2270.15,2448.7,2285.6,2464.15,2296.8,2480.5,2308,2493.6,2318.75,2494.5,2328.6,2491.25,2338.85,2491.25,2352.9,2493.6,2378.1,2489.35,2389.8,2480.95,2393.05,2464.65,2387.45,2455.75,2379.05,2438.45,2361.75,2413.65,2340.75,2393.55,2317.35,2379.1,2292.6,2370.65,2272.5,2369.75,2251,2378.15,2237,2387.5,2230.9,2395.45,2228.1,2403.9
3-128,Uninfected,No_comment,Polygon,20,2149.6,2548.7,2138.85,2531.5,2130.9,2496.45,2140.25,2467.4,2157.05,2447.3,2170.65,2436.55,2184.65,2428.6,2205.7,2427.7,2226.25,2436.1,2253.8,2454.3,2271.1,2472.55,2286.05,2494.05,2289.8,2507.2,2285.1,2524.4,2272.5,2544.05,2261.75,2552.95,2237.9,2563.65,2221.55,2566,2202.85,2563.65,2164.1,2558.05
3-129,Uninfected,No_comment,Polygon,22,2154.25,2324.9,2167.8,2306.2,2180.9,2290.3,2194,2279.15,2216.9,2261.8,2239.8,2255.7,2252.85,2257.1,2273.45,2263.65,2289.8,2272.55,2308.95,2282.35,2319.25,2293.55,2314.55,2305.25,2304.75,2323.95,2290.75,2343.1,2270.65,2354.3,2250.05,2360.85,2222.05,2374.4,2205.2,2379.1,2189.3,2379.6,2170.65,2371.15,2160.8,2357.1,2151.45,2341.3
3-130,Uninfected,No_comment,Polygon,17,1878.6,2345.45,1876.25,2330.5,1877.6,2309.45,1889.75,2291.25,1906.15,2280.95,1928.15,2278.6,1946.8,2280.5,1963.65,2287.5,1973.4,2297.75,1979.05,2319.75,1974.85,2340.75,1966.9,2353.4,1950.55,2371.15,1939.35,2377.2,1927.65,2377.2,1907.55,2369.25,1890.75,2362.25
3-131,Uninfected,No_comment,Polygon,23,1831.85,2218.3,1829.5,2202.45,1842.6,2181.85,1856.65,2158.5,1871.1,2147.75,1893.1,2146.35,1911.75,2154.3,1926.7,2165.05,1943.55,2183.75,1948.2,2204.3,1947.75,2220.2,1957.55,2235.6,1963.65,2246.85,1962.7,2258.05,1955.25,2264.1,1943.55,2265.05,1929.05,2262.7,1913.15,2265.05,1896.8,2271.15,1879.05,2273.45,1865.95,2269.75,1851.95,2259.9,1837.95,2245.45
3-132,Uninfected,No_comment,Polygon,25,2005.7,2343.55,2006.15,2325.8,2011.8,2301.05,2023,2285.15,2035.15,2274.4,2045.4,2262.25,2055.7,2249.15,2064.1,2237.5,2069.7,2243.1,2069.25,2254.8,2081.85,2254.8,2089.35,2258.5,2103.85,2271.15,2110.4,2291.7,2112.25,2310.85,2110.85,2331.4,2108.05,2350.1,2099.15,2377.2,2091.7,2391.25,2082.8,2399.65,2063.2,2401.5,2048.25,2402.45,2029.05,2396.35,2018.8,2387,2009.85,2370.65
3-133,Uninfected,No_comment,Polygon,17,1774.15,2450.65,1768.75,2430.55,1760.4,2412.45,1773.15,2384.5,1792.25,2371.25,1806,2360.95,1822.65,2350.15,1849.15,2351.65,1876.1,2367.35,1890.8,2387.45,1899.15,2410.45,1893.25,2441.35,1883.95,2457.55,1867.75,2473.2,1843.75,2485,1814.35,2486.45,1791.3,2479.1
3-134,Uninfected,No_comment,Polygon,19,1752.05,2434,1753.55,2442.8,1759.4,2462.45,1766.8,2474.2,1771.2,2485.95,1766.8,2501.65,1759.4,2523.2,1746.2,2539.4,1726.6,2549.7,1706.5,2559.5,1679,2562.45,1657.45,2543.3,1646.65,2516.85,1656.95,2475.65,1671.65,2451.15,1699.1,2434,1713.35,2426.15,1727.05,2423.7,1735.4,2423.2
3-135,Uninfected,No_comment,Polygon,16,1633.65,2193.65,1637.05,2174.6,1650.25,2147.8,1673.65,2132.65,1701.45,2126.3,1723.4,2130.25,1747.8,2153.65,1756.6,2180,1758.05,2205.85,1750.75,2229.25,1736.1,2245.85,1714.15,2253.65,1690.25,2252.65,1664.9,2248.75,1651.2,2238.5,1638.55,2217.05
3-136,Uninfected,No_comment,Polygon,18,1510.25,2141.45,1508.3,2126.3,1510.25,2107.8,1522.9,2086.3,1545.85,2073.65,1567.3,2069.75,1604.4,2079,1625.35,2096.1,1633.65,2117.05,1630.75,2139.5,1622.9,2163.9,1613.15,2184.35,1593.65,2192.65,1574.65,2197.05,1552.2,2193.65,1538.05,2183.4,1524.85,2172.2,1517.55,2163.4
3-137,Uninfected,No_comment,Polygon,18,1454.15,2257.05,1460.95,2236.1,1476.6,2220.45,1506.85,2205.35,1523.9,2205.85,1537.55,2210.25,1563.4,2217.55,1577.05,2223.9,1582.45,2243.9,1579,2272.2,1569.25,2296.1,1560.95,2308.3,1544.85,2322.9,1517.55,2335.6,1490.25,2334.15,1477.55,2325.35,1469.25,2312.65,1459.5,2289.75
3-138,Uninfected,No_comment,Polygon,14,1630.25,2030.2,1641.95,2008.25,1668.3,1980,1694.15,1970.2,1728.3,1978.5,1752.2,1998.5,1758.05,2026.8,1754.65,2052.65,1741.95,2079,1716.6,2100.45,1677.55,2105.85,1657.05,2095.1,1642.9,2080.95,1636.6,2066.3
3-139,Uninfected,No_comment,Polygon,16,1821.95,2011.7,1837.55,1979.5,1867.3,1962.4,1899.05,1952.65,1924.4,1953.65,1947.3,1961.45,1961.45,1980.95,1969.25,2007.8,1964.9,2042.4,1953.15,2063.9,1932.7,2079.5,1891.2,2089.25,1864.9,2087.3,1843.4,2074.6,1833.65,2059.5,1824.4,2036.55
3-140,Uninfected,No_comment,Polygon,17,1578.5,1802.75,1605.9,1786.45,1632.7,1780.15,1668.5,1775.9,1689.05,1790.15,1703.25,1809.6,1709.55,1826.45,1709.05,1855.4,1697.45,1878.05,1672.75,1899.6,1649.55,1908.55,1620.1,1905.4,1606.4,1896.45,1588.5,1877,1575.35,1854.85,1572.7,1834.85,1573.75,1820.65
3-141,Uninfected,No_comment,Polygon,16,1450.6,1910.65,1451.65,1893.85,1464.3,1877.5,1489.55,1861.7,1518,1857.5,1539.05,1857,1557.45,1865.95,1573.75,1881.2,1586.95,1901.2,1592.2,1918.55,1581.65,1942.8,1559.05,1958.05,1532.2,1970.15,1498,1970.15,1468.5,1954.35,1453.25,1934.9
3-142,Uninfected,No_comment,Polygon,15,1395.35,1727.5,1406.4,1712.25,1419.55,1698,1444.3,1682.75,1470.1,1679.05,1505.85,1687.5,1515.85,1707.5,1516.95,1741.2,1503.75,1760.15,1491.15,1781.7,1463.75,1793.8,1439.55,1795.4,1417.95,1790.15,1403.75,1779.6,1394.8,1758
3-143,Uninfected,No_comment,Polygon,16,1551.15,1680.1,1548.5,1700.65,1547.45,1724.35,1554.3,1740.15,1567.45,1754.35,1583.75,1759.1,1599.05,1763.8,1632.2,1757.5,1649.05,1751.2,1667.45,1737.5,1676.4,1712.75,1674.85,1686.45,1651.65,1651.15,1624.3,1641.7,1590.6,1647.5,1570.6,1657.5
3-144,Uninfected,No_comment,Polygon,15,1735.9,1938.05,1731.15,1921.2,1736.95,1888.05,1751.7,1868.55,1773.8,1852.75,1795.35,1852.25,1819.05,1863.8,1843.25,1885.4,1852.2,1909.6,1849.6,1933.85,1834.85,1963.3,1809.05,1977.5,1783.8,1979.6,1761.15,1968.55,1744.3,1959.1
3-145,Uninfected,No_comment,Polygon,15,1892.25,1894.85,1888,1873.3,1889.6,1849.6,1910.1,1834.35,1936.45,1825.9,1956.95,1825.9,1979.6,1833.3,1996.45,1858.55,2005.9,1881.7,2005.9,1901.7,1992.25,1916.95,1973.8,1927.5,1954.85,1937,1926.45,1932.75,1904.35,1918.55
3-146,Uninfected,No_comment,Polygon,16,1922.75,1762.75,1920.1,1739.05,1923.8,1712.2,1943.8,1692.75,1965.4,1683.8,1990.15,1680.1,2014.35,1689.05,2031.7,1711.15,2039.6,1734.85,2038.05,1761.15,2027,1778,2008.55,1789.05,1992.75,1799.05,1969.1,1800.65,1950.65,1795.4,1936.95,1785.4
3-147,Uninfected,No_comment,Polygon,17,1754.85,1636.95,1770.65,1624.85,1781.7,1608.5,1786.45,1590.6,1783.3,1569.05,1780.65,1546.35,1759.05,1520.1,1730.65,1510.1,1702.75,1511.15,1668,1536.35,1658,1555.3,1659.05,1585.85,1666.95,1609.05,1680.1,1627.45,1693.3,1638.5,1712.75,1646.4,1729.6,1643.75
3-148,Uninfected,No_comment,Polygon,17,1809.6,1641.65,1809.6,1625.35,1812.75,1604.25,1824.85,1585.85,1847.5,1575.85,1871.7,1568.5,1893.3,1571.65,1922.75,1585.3,1940.15,1601.65,1954.9,1623.2,1960.15,1641.65,1955.4,1665.9,1943.3,1678.5,1915.95,1690.05,1882.75,1694.85,1850.65,1685.9,1818.55,1669.05
3-149,Uninfected,No_comment,Polygon,16,1974.35,1561.15,1985.95,1549.55,2003.3,1541.15,2023.85,1539.55,2058.05,1548,2075.4,1565.3,2087.5,1586.95,2083.85,1603.75,2073.85,1622.7,2048.55,1640.1,2021.75,1650.1,1995.95,1642.15,1979.6,1632.15,1970.15,1615.9,1967,1600.6,1968.05,1586.4
3-150,Uninfected,No_comment,Polygon,23,2059.1,1492.7,2062.25,1482.2,2073.85,1469.5,2094.35,1458.45,2122.25,1458.45,2143.3,1466.9,2155.95,1480.6,2164.35,1500.1,2174.35,1523.75,2183.85,1538,2190.15,1550.6,2187.55,1572.2,2179.65,1587.45,2164.35,1601.65,2135.4,1604.25,2112.25,1603.2,2102.8,1589.05,2099.65,1570.6,2093.85,1560.1,2084.35,1545.3,2069.6,1536.35,2060.7,1529.55,2055.95,1515.35
3-151,Uninfected,No_comment,Polygon,18,2233.85,1671.2,2234.9,1660.15,2246.45,1637.5,2260.7,1624.35,2280.15,1620.15,2301.75,1618,2333.3,1621.7,2344.9,1632.25,2354.4,1646.45,2355.45,1670.65,2351.2,1691.7,2341.75,1710.65,2322.8,1724.85,2303.85,1731.2,2278.05,1732.75,2256.45,1723.3,2245.95,1712.75,2235.4,1697
3-152,Uninfected,No_comment,Polygon,19,2243.3,1542.75,2248.05,1524.35,2257.55,1508.55,2279.1,1498,2294.9,1492.2,2320.15,1495.4,2328.05,1490.1,2332.8,1498,2342.25,1514.85,2354.9,1541.15,2352.8,1570.65,2349.65,1584.85,2343.85,1594.35,2332.8,1600.65,2303.3,1599.05,2277.55,1601.7,2266.45,1601.7,2251.75,1579.05,2241.2,1562.25
3-153,Uninfected,No_comment,Polygon,20,2366.5,1591.2,2371.2,1563.8,2381.2,1525.9,2394.4,1508,2410.7,1494.85,2434.9,1489.05,2458.05,1497.5,2481.25,1504.35,2497,1519.05,2497,1535.9,2494.4,1552.75,2473.85,1558.55,2448.6,1569.05,2424.4,1587.5,2421.75,1599.6,2418.6,1613.3,2408.6,1620.15,2395.45,1623.3,2378.6,1621.7,2372.25,1612.75
3-154,Uninfected,No_comment,Polygon,23,2166.45,1462.75,2164.9,1446.95,2167,1418.55,2175.4,1396.95,2186.45,1383.25,2204.9,1375.35,2234.35,1375.9,2256.45,1385.9,2268.6,1402.2,2275.95,1426.95,2276.5,1454.85,2273.3,1470.1,2263.85,1481.15,2247.55,1491.7,2242.25,1506.45,2237.5,1519.05,2224.35,1526.95,2205.4,1528,2197,1521.7,2190.15,1511.7,2181.75,1497.5,2176.45,1480.1,2171.2,1472.75
3-155,Uninfected,No_comment,Polygon,21,2434.4,1373.8,2448.6,1368.55,2462.8,1358.55,2485.95,1355.9,2511.25,1366.95,2525.95,1385.35,2535.45,1412.75,2531.75,1433.8,2525.45,1452.2,2521.25,1472.2,2520.2,1488,2511.75,1499.6,2502.3,1499.6,2485.45,1490.65,2463.85,1484.35,2451.25,1471.7,2440.7,1460.65,2437.55,1436.95,2439.65,1416.95,2440.15,1403.25,2433.35,1388.55
3-156,Uninfected,No_comment,Polygon,15,2304.35,1408,2310.15,1386.4,2317.55,1365.9,2342.8,1344.85,2366.5,1336.95,2394.9,1341.15,2411.75,1352.75,2422.8,1374.85,2422.3,1401.7,2408.05,1422.75,2397,1438,2380.15,1448.55,2357.55,1448.55,2335.45,1445.4,2314.35,1436.45
3-157,Uninfected,No_comment,Polygon,17,2280.7,1256.4,2283.85,1234.3,2291.75,1209.05,2307.05,1193.25,2324.4,1186.9,2349.15,1189.05,2373.85,1211.65,2384.45,1245.85,2386.55,1262.2,2391.75,1279.05,2390.2,1300.1,2369.65,1318,2350.2,1324.85,2319.15,1324.85,2297.05,1320.1,2284.9,1302.2,2279.7,1281.15
3-158,Uninfected,No_comment,Polygon,16,2149.65,1205.85,2142.3,1180.1,2148.05,1157.45,2162.3,1136.4,2188.05,1127.95,2214.9,1130.05,2241.75,1144.8,2263.35,1174.3,2272.8,1211.15,2264.4,1246.4,2244.9,1259.05,2222.8,1258,2201.25,1243.75,2180.15,1238,2163.35,1229.55,2158.05,1221.15
3-159,Uninfected,No_comment,Polygon,17,2111.2,1305.35,2112.85,1282.2,2127.55,1264.8,2144.9,1249.55,2161.8,1243.75,2184.4,1251.65,2204.4,1260.1,2222.8,1271.65,2237,1288.5,2237,1311.15,2231.75,1333.25,2213.85,1350.1,2189.1,1360.1,2167.55,1360.6,2146.5,1353.8,2127,1343.8,2117.55,1333.25
3-160,Uninfected,No_comment,Polygon,18,1930.7,1224.3,1932.25,1206.4,1935.4,1190.6,1948.6,1174.8,1967,1161.65,1987.55,1158.5,2008.6,1160.1,2028.6,1170.6,2039.1,1181.15,2051.2,1202.2,2051.2,1229.05,2043.3,1255.35,2024.9,1274.8,2007.55,1281.65,1978.1,1282.2,1955.4,1275.9,1944.9,1264.8,1938.55,1253.25
3-161,Uninfected,No_comment,Polygon,21,2431.75,1116.9,2417.55,1134.8,2402.8,1172.7,2402.3,1207.45,2403.4,1243.75,2408.1,1268.5,2428.6,1286.95,2452.85,1291.15,2470.7,1290.6,2482.35,1281.65,2487.55,1272.2,2487.55,1243.75,2490.25,1216.9,2498.6,1197.45,2508.6,1185.85,2528.1,1174.8,2529.7,1152.7,2514.95,1132.2,2493.9,1119,2467.55,1113.75,2446,1113.75
3-162,Uninfected,No_comment,Polygon,23,2514.6,1026.5,2508.9,1045.25,2508.35,1073.95,2516.65,1099.95,2526.05,1119.7,2537.55,1139.55,2555.75,1149.45,2566.2,1148.95,2584.45,1143.2,2595.3,1134.85,2602.1,1122.85,2606.8,1112.45,2615.1,1098.35,2620.85,1080.2,2621.35,1063,2613.55,1046.85,2594.8,1022.85,2583.9,1009.35,2567.2,992.7,2553.7,990.6,2539.6,997.35,2528.7,1006.75,2519.8,1016.1
3-163,Uninfected,No_comment,Polygon,22,2607.8,1128.6,2622.9,1104.6,2636.45,1081.2,2647.9,1066.1,2673.95,1053.6,2692.2,1050.5,2714.05,1064,2722.9,1087.45,2725.55,1100.5,2725.05,1113.45,2723.95,1128.6,2727.1,1142.1,2722.45,1152.05,2708.35,1166.6,2683.85,1186.95,2672.45,1194.25,2651.05,1193.2,2637.55,1189.55,2628.7,1184.35,2612.55,1175.5,2609.45,1160.85,2607.3,1142.7
3-164,Uninfected,No_comment,Polygon,18,2332.3,1009.85,2342.7,989,2355.2,974.95,2377.65,968.7,2399.5,972.35,2420.3,980.7,2444.8,1011.95,2450.05,1033.3,2448.45,1057.2,2442.2,1074.45,2429.15,1085.85,2416.2,1093.7,2393.25,1092.1,2383.35,1090.6,2366.2,1083.8,2351.55,1072.35,2340.15,1057.75,2330.75,1034.85
3-165,Uninfected,No_comment,Polygon,16,2829.85,952.55,2838.1,930.45,2854.1,908.8,2879.85,896.4,2909.75,908.8,2925.75,921.65,2940.2,935.55,2945.85,953.6,2943.25,977.9,2931.95,998.95,2902.55,1018.05,2877.8,1021.15,2860.8,1019.05,2844.3,1009.25,2834.5,999.55,2825.75,973.75
3-166,Uninfected,No_comment,Polygon,16,2741.2,1094.3,2737.6,1125.25,2746.35,1145.85,2761.3,1161.85,2788.1,1167.5,2810.3,1158.8,2822.15,1148.45,2835,1137.15,2840.2,1120.1,2840.2,1096.9,2829.35,1084.6,2816.45,1072.15,2803.6,1062.95,2792.75,1066.5,2773.15,1077.9,2754.6,1087.15
3-167,Uninfected,No_comment,Polygon,18,2607.7,946.9,2635,919.05,2648.95,913.9,2665.45,915.95,2680.9,926.8,2688.1,940.2,2688.65,955.15,2688.1,969.05,2691.2,981.45,2699.45,1002.55,2701,1021.15,2688.1,1036.05,2668,1041.3,2641.2,1037.6,2618,1025.25,2606.15,1007.7,2603.05,981.45,2602.05,965.95
3-168,Uninfected,No_comment,Polygon,19,2708.2,902.1,2725.75,892.25,2753.05,883,2770.6,881.95,2786.55,887.1,2796.9,895.85,2807.2,912.95,2811.3,931.95,2807.7,962.95,2791.2,986.6,2770.05,998.95,2752.05,1004.1,2736.55,1011.35,2719.55,1003.1,2706.65,992.75,2697.4,977.3,2691.2,954.1,2692.25,932.45,2696.9,913.9
3-169,Uninfected,No_comment,Polygon,17,3324.75,928.3,3322.45,908.2,3335.25,886.3,3349.4,872.15,3364,862.1,3387.3,863,3402.85,868,3417.45,878.5,3427.05,891.3,3433.9,906.4,3442.1,921.45,3441.2,951.6,3419.75,972.6,3395.05,984.9,3359,975.8,3337.55,963.45,3329.3,947.95
3-170,Uninfected,No_comment,Polygon,19,3191.85,810.05,3189.1,830.6,3185.95,850.65,3191.4,873.05,3195.05,884,3201.45,907.3,3207.85,921.9,3218.8,931.5,3234.8,934.65,3259,929.65,3278.15,917.8,3290.95,887.65,3292.3,859.8,3284.1,836.95,3270.85,816.4,3255.8,807.3,3236.6,799.55,3217.9,799.05,3200.1,801.8
3-171,Uninfected,No_comment,Polygon,18,3067.65,918.7,3075.9,894.05,3085.45,875.8,3098.7,859.8,3109.65,852.05,3121.55,846.55,3142.55,846.1,3161.75,861.65,3171.75,881.25,3177.25,898.15,3182.75,916.45,3176.35,942.45,3161.25,956.15,3141.65,965.3,3111.05,967.55,3090.05,961.2,3075.9,951.15,3065.4,933.8
3-172,Uninfected,No_comment,Polygon,19,3311.95,766.2,3320.65,748.4,3333.45,732.9,3347.15,720.1,3369.5,712.35,3390.05,714.15,3409.7,721,3424.75,737.9,3428.85,759.35,3427.5,779.9,3419.75,808.25,3402.85,826.95,3381.4,837.45,3358.1,835.6,3333,833.35,3325.2,825.1,3317.45,807.75,3311.5,791.8,3308.3,781.3
3-173,Uninfected,No_comment,Polygon,18,3099.2,735.6,3101,707.3,3107.85,687.65,3116.05,675.8,3135.7,661.65,3156.7,658.9,3177.7,663.95,3193.7,670.3,3208.75,687.2,3212.9,701.85,3214.7,723.75,3212.9,742.45,3202.4,759.35,3184.55,771.25,3159.9,777.15,3135.7,776.7,3115.6,766.65,3106.5,754.8
3-174,Uninfected,No_comment,Polygon,24,2968.55,818.25,2977.7,840.1,2984.55,866.65,2987.75,894.9,2985.9,921.45,2988.65,935.15,2998.75,945.15,3017.45,955.65,3037.05,948.4,3047.1,932.4,3053.95,905,3058.95,889.9,3069.05,878.5,3080.4,866.15,3082.75,847.9,3074.95,823.7,3067.2,813.2,3048.9,803.65,3025.65,803.15,3013.3,797.7,3002.8,791.7,2993.25,801.35,2984.05,811.85,2973.1,811.85
3-175,Uninfected,No_comment,Polygon,24,2857.65,830.55,2863.5,815.9,2872.65,804.05,2888.2,794.05,2901.4,788.5,2916.5,793.15,2929.3,796.8,2944.35,812.7,2955.35,834.25,2962.2,850.15,2972.2,880.35,2974.55,897.25,2972.7,916.9,2969,928.75,2955.75,931.45,2945.7,925.95,2937.5,909.55,2923.8,898.15,2907.8,891.7,2895.55,889,2879.05,882.15,2864.5,873.95,2856.65,857.45,2854.4,841.95
3-176,Uninfected,No_comment,Polygon,22,2681.3,832.85,2694.55,811.85,2715.1,800.85,2727.9,796.3,2742.95,793.15,2764,790.85,2776.8,788.5,2790,789.95,2798.7,797.2,2808.75,809.55,2811.9,826.9,2806.05,843.8,2796.85,857.95,2787.25,865.3,2768.15,863.45,2746.6,866.65,2732.45,876.7,2719.25,881.2,2706.45,880.8,2692.35,873.95,2683.65,860.25,2682.3,847.9
3-177,Uninfected,No_comment,Polygon,19,2889.15,505.45,2880.45,520.1,2876.35,539.7,2870.85,562.55,2869.5,583.1,2884.1,618.25,2896.9,631.5,2916.05,645.2,2944.4,652.5,2969.5,642,2982.3,626,2989.6,597.25,2989.15,566.65,2982.75,539.7,2964.95,516.45,2948.95,502.75,2935.7,496.8,2917,494.95,2900.1,500
3-178,Uninfected,No_comment,Polygon,19,2726.1,538.8,2732.95,511.85,2744.35,493.15,2771.75,479.9,2799.65,481.25,2822.9,489.95,2836.15,494.95,2852.15,504.1,2861.75,519.15,2857.6,548.85,2853.5,566.2,2850.3,582.65,2844.85,594.05,2821.1,605.95,2800.1,607.75,2778.6,603.65,2753.95,597.25,2740.7,581.25,2727.5,558
3-179,Uninfected,No_comment,Polygon,16,2590.95,511.85,2594.15,490.4,2609.2,473.05,2626.1,461.2,2650.3,455.25,2682.25,462.55,2694.15,470.75,2705.55,488.1,2710.1,516.45,2709.2,539.7,2695.95,556.6,2667.65,567.1,2639.8,573.95,2613.75,566.65,2601.9,552.95,2596.4,537.45
3-180,Uninfected,No_comment,Polygon,17,2727,669.85,2736.6,656.6,2751.2,645.65,2775.9,647.5,2787.75,655.7,2794.15,666.2,2805.1,681.25,2815.6,694.5,2825.65,717.8,2821.55,747.05,2801.9,764.4,2773.6,770.8,2750.75,768.95,2733.85,762.1,2723.35,740.2,2717.45,719.65,2721.1,690.4
3-181,Uninfected,No_comment,Polygon,16,2992.35,444.3,3004.65,431.05,3022,426,3045.75,429.65,3059.9,436.5,3070.85,449.3,3086.85,462.55,3089.6,482.65,3091.9,505.9,3083.65,522.8,3062.65,540.65,3039.8,541.55,3016.1,532.85,2996.45,503.2,2989.15,484.45,2985.5,459.35
3-182,Uninfected,No_comment,Polygon,20,2772.7,404.55,2783.2,379,2802.35,356.6,2829.3,346.55,2847.6,344.75,2865.85,352.05,2878.65,363,2884.1,372.6,2885.95,390.4,2886.85,405,2897.8,426.45,2901.9,448.4,2888.2,465.3,2875.45,476.25,2858.55,476.25,2838,471.2,2817.9,464.8,2802.85,460.7,2790.5,452.5,2776.35,435.6
3-183,Uninfected,No_comment,Polygon,17,2594.15,359.8,2591.85,341.05,2605.55,314.15,2624.3,296.3,2649.4,286.25,2682.25,285.8,2700.1,296.8,2710.1,307.3,2722.45,326.9,2728.4,351.1,2728.4,373.95,2720.65,394.5,2706.95,409.55,2680.9,418.25,2645.75,417.35,2618.8,405.45,2609.2,394.95
3-184,Uninfected,No_comment,Polygon,20,2469.65,707.45,2471.45,680.6,2481.15,658.55,2492.15,643.15,2505.35,630.75,2536.2,619.8,2555.15,620.2,2576.3,629.05,2585.55,640.05,2595.65,656.35,2598.75,677.95,2597.85,699.1,2588.6,724.15,2568.35,749.35,2559.1,766.5,2533.1,777.1,2511.55,779.3,2501.4,766.95,2492.15,750.65,2476.3,731.2
3-185,Uninfected,No_comment,Polygon,20,2543.7,804.85,2558.2,786.35,2568.35,768.65,2585.55,755.95,2596.55,747.5,2620.35,745.3,2635.3,748.4,2649.4,757.25,2662.2,773.05,2665.3,790.75,2667.5,819.35,2659.55,838.25,2642.35,856.4,2630.45,863,2609.75,865.15,2586.4,864.3,2569.7,857.7,2559.55,848.85,2552.05,834.75,2547.65,819.35
3-186,Uninfected,No_comment,Polygon,20,2359.1,829,2351.6,820.65,2344.1,797.3,2346.3,772.65,2350.75,755.05,2359.1,736.55,2381.1,727.7,2419,724.65,2446.75,731.2,2460,746.7,2472.75,759.9,2483.75,777.5,2481.15,799.55,2471.45,814.1,2461.3,823.3,2445.45,826,2430.45,825.5,2411.95,820.65,2384.65,825.1,2375.85,828.2
3-187,Uninfected,No_comment,Polygon,17,2339.7,879.75,2342.8,863,2351.15,846.2,2380.7,838.25,2423.4,834.35,2441.9,843.1,2459.55,865.15,2464.4,883.25,2462.65,903.1,2452.95,926.45,2438.85,939.6,2416.35,947.15,2388.6,942.3,2369.25,934.75,2355.15,926,2345,907.9,2339.7,899.05
3-188,Uninfected,No_comment,Polygon,22,2203.15,733.05,2206.25,755.45,2205.8,773.55,2216.8,798.6,2226.95,817.55,2239.7,827.7,2248.1,835.65,2258.65,845.3,2274.5,858.6,2282.9,863.8,2294.35,865.15,2308.85,862.5,2322.1,853.75,2332.2,841.8,2326.95,810.1,2322.55,779.3,2311.95,750.65,2293.9,730.8,2276.7,723.35,2256.45,718,2240.15,718.95,2219.45,730.4
3-189,Uninfected,No_comment,Polygon,16,2311.95,653.3,2312.85,631.25,2321.65,598.2,2348.1,580.15,2374.95,576.65,2397.9,585.45,2414.2,594.7,2432.7,618.5,2442.8,631.25,2450.3,664.7,2445.9,686.35,2434.45,701.75,2404.05,707.05,2369.25,707.5,2347.65,701.3,2329.6,681.95
3-190,Uninfected,No_comment,Polygon,17,2078.9,716.3,2064.4,697.3,2054.25,672.7,2054.25,637.45,2072.75,609.25,2092.6,592.45,2126.95,589.4,2157.35,602.2,2171.85,616.3,2184.65,642.3,2188.6,663,2188.15,684.55,2178.9,706.6,2165.7,719.35,2143.25,732.15,2116.8,736.1,2096.1,729
3-191,Uninfected,No_comment,Polygon,13,2215.95,464.75,2197.45,490.75,2197.45,522.45,2206.7,551.9,2226.05,569.15,2259.55,582.35,2300.95,568.7,2326.95,527.75,2326.05,492.05,2313.3,464.75,2282.9,448.45,2258.65,445.75,2236.65,448.9
3-192,Uninfected,No_comment,Polygon,17,2053.45,455.25,2066.25,428.3,2095.45,412.75,2120.1,412.75,2145.2,421.9,2164.85,444.3,2174.9,469.4,2178.55,495.4,2174.45,532.85,2156.65,547,2134.75,558,2114.15,562.55,2094.1,563,2076.75,551.6,2064.85,534.65,2053.45,516.9,2052.55,480.35
3-193,Uninfected,No_comment,Polygon,15,1761.2,436.95,1766.25,418.25,1775.8,404.1,1797.25,398.6,1821.45,401.35,1861.2,413.25,1886.8,429.2,1894.55,451.15,1890.9,473.5,1882.2,482.65,1857.1,490.85,1828.3,488.1,1802.75,478.5,1780.85,468.95,1768.95,460.25
3-194,Uninfected,No_comment,Polygon,23,1917.35,460.25,1916.9,445.65,1910.05,436.95,1896.8,417.8,1889.5,403.65,1890.45,384.9,1896.35,370.75,1907.35,358.45,1936.55,349.75,1952.55,350.2,1975.35,359.8,1996.85,372.6,2014.65,389.05,2026.95,398.15,2038.35,416.9,2037.9,434.7,2033.8,455.25,2018.3,464.85,2000,468.95,1981.75,468,1968.05,465.3,1941.1,465.75,1920.55,469.85
3-195,Uninfected,No_comment,Polygon,20,1890.9,517.8,1894.55,502.75,1910.5,487.65,1937.45,479.9,1959.85,479.9,1987.7,481.7,2005.5,479.9,2012.35,488.55,2022.4,499.05,2034.75,525.55,2039.3,538.8,2036.5,567.1,2022.4,585.85,1992.7,592.7,1974.45,596.35,1954.35,590.85,1922.4,577.55,1910.95,568.95,1898.2,554.8,1891.8,541.55
3-196,Uninfected,No_comment,Polygon,19,1840,637.95,1846.9,624.65,1859.7,613.3,1878.45,598.5,1885.85,580.25,1898.65,588.65,1914.4,595.55,1933.6,604.45,1960.2,615.8,1970.1,624.15,1979.45,652.75,1976.5,673.45,1963.65,697.1,1933.6,711.35,1899.15,712.8,1875.5,708.85,1857.25,703.9,1839.5,685.7,1833.6,662.05
3-197,Uninfected,No_comment,Polygon,21,1649.85,674.9,1672.5,654.7,1690.25,631.55,1700.1,616.7,1721.8,609.9,1745.45,613.75,1761.7,623.6,1773.5,639.45,1779.9,655.65,1784.35,681.8,1784.35,699.55,1765.15,714.8,1746.9,726.65,1740,738.95,1732.6,754.15,1721.3,762.1,1708.95,765.55,1690.75,763.6,1672,747.75,1661.2,724.6,1652.8,704.4
3-198,Uninfected,No_comment,Polygon,17,1595.15,598.5,1596.65,582.8,1597.15,564.05,1604.05,537.95,1621.3,514.75,1643.45,506.9,1661.7,508.9,1699.6,532.55,1706,550.2,1704.05,572.95,1695.65,592.65,1680.4,609.4,1670.05,622.7,1646.4,636.5,1632.1,640.9,1617.85,632.55,1606,623.2
3-199,Uninfected,No_comment,Polygon,21,1637.05,414.25,1629.15,432.05,1632.6,457.15,1641,475.9,1652.3,490.15,1663.15,493.05,1676.95,496.5,1688.75,506.9,1709.95,519.25,1722.25,529.1,1732.6,530.55,1759.7,522.7,1768.1,513.8,1774,502,1771.55,480.8,1758.25,461.05,1742.95,446.25,1726.7,422.2,1711.45,406.9,1685.8,397.05,1658.25,399.45
3-200,Uninfected,No_comment,Polygon,15,1743.05,766.15,1750.05,746.25,1768.35,731.2,1789.85,724.2,1818.85,724.75,1840.9,733.85,1853.8,754.85,1861.35,783.85,1851.15,816.65,1830.15,831.2,1803.8,835.5,1776.95,829.55,1755.45,819.35,1747.9,804.3,1739.85,791.95
3-201,Uninfected,No_comment,Polygon,20,1531.25,801.05,1538.75,784.4,1564,773.65,1593.05,765.6,1605.95,757.5,1615.65,750,1633.9,745.15,1658.1,751.6,1675.85,769.9,1687.15,784.95,1682.3,811.3,1669.95,828.5,1647.9,841.4,1617.25,846.25,1597.9,851.1,1572.65,853.75,1558.1,851.1,1546.3,845.7,1538.75,830.65,1531.75,820.95
3-202,Uninfected,No_comment,Polygon,21,1490.9,670.95,1483.35,682.25,1483.9,704.85,1486.05,731.2,1503.8,765.6,1517.8,774.2,1536.05,768.8,1552.75,758.6,1575.85,748.4,1598.95,741.95,1619.95,734.95,1637.15,726.9,1644.65,715.6,1644.65,692.45,1639.85,670.95,1626.4,661.8,1603.25,656.45,1583.9,658.6,1555.95,654.3,1534.45,649.45,1512.95,655.35
3-203,Uninfected,No_comment,Polygon,19,1826.95,866.65,1832.85,853.25,1847.35,839.25,1858.1,831.7,1870.5,821.5,1892.55,811.3,1915.65,810.2,1929.65,810.75,1945.75,821.5,1958.15,833.35,1968.9,864,1962.45,877.95,1955.45,893,1942.55,908.05,1914.05,920.95,1889.85,921.5,1869.95,921.5,1846.3,910.75,1835.55,893.55
3-204,Uninfected,No_comment,Polygon,18,1585.55,975.25,1567.25,966.65,1551.65,940.3,1549.5,916.65,1557.6,891.4,1568.35,883.85,1584.45,874.75,1612.95,866.65,1641.45,865.05,1659.2,875.8,1673.7,889.25,1682.85,900.55,1687.7,926.35,1667.8,950,1656.5,959.7,1644.7,972.6,1624.25,982.8,1608.65,988.15
3-205,Uninfected,No_comment,Polygon,17,1646.85,1033.35,1642.05,1006.45,1653.8,981.7,1666.2,968.3,1685.6,959.7,1704.35,959.15,1717.25,963.45,1731.25,975.25,1745.2,988.7,1758.1,1011.3,1766.25,1033.85,1762.4,1053.25,1742,1073.65,1725.9,1081.7,1704.9,1081.2,1682.85,1077.95,1655.95,1057.55
3-206,Uninfected,No_comment,Polygon,17,1625.85,1051.1,1619.95,1030.1,1601.15,1012.9,1572.65,1004.85,1543.6,1010.2,1522.1,1023.65,1507.1,1038.7,1503.25,1063.45,1510.25,1088.7,1519.95,1103.25,1537.15,1114.5,1564.05,1122.6,1583.9,1120.45,1602.75,1110.75,1612.4,1097.85,1623.15,1085.5,1626.4,1070.95
3-207,Uninfected,No_comment,Polygon,17,1326.4,1093.55,1331.2,1075.8,1344.7,1053.25,1372.6,1038.15,1404.9,1034.95,1433.95,1037.1,1456.5,1054.3,1474.8,1069.9,1484.45,1088.7,1480.15,1112.35,1473.7,1135.5,1464,1152.7,1425.85,1170.45,1387.65,1169.35,1358.1,1160.75,1344.1,1145.7,1330.7,1126.35
3-208,Uninfected,No_comment,Polygon,16,2015.65,1085,2022.1,1063.45,2045.75,1045.2,2068.85,1036.6,2089.3,1033.85,2108.1,1044.6,2123.2,1059.15,2135,1073.1,2138.75,1102.2,2129.65,1125.85,2107.6,1144.65,2089.3,1153.25,2064.05,1153.25,2042.55,1146.8,2023.15,1136.05,2013.5,1106.5
3-209,Uninfected,No_comment,Polygon,16,1955.95,1039.8,1944.65,1032.8,1923.7,1009.15,1914.05,987.65,1918.35,947.35,1936.6,932.3,1961.35,923.7,1986.05,921.55,2007.6,933.85,2023.7,948.9,2038.25,968.85,2051.15,992.45,2046.85,1014,2031.25,1029.55,2015.1,1044.15,1982.3,1051.1
3-210,Uninfected,No_comment,Polygon,15,2052.75,905.95,2046.3,922.55,2049,946.75,2057.6,976.35,2068.85,996.25,2086.6,1009.15,2115.1,1011.85,2143.05,1008.1,2162.45,979.05,2166.75,934.95,2151.15,901.65,2137.7,886.6,2117.25,877.45,2092.55,876.85,2076.4,881.75
3-211,Uninfected,No_comment,Polygon,18,2175.85,862.4,2171.55,889.8,2174.8,911.3,2184.45,941.95,2193.6,958.65,2214.6,973.7,2242.55,977.4,2263.5,970.45,2284.5,957.5,2300.05,938.75,2300.05,896.75,2289.3,880.15,2275.35,872.55,2259.75,865.6,2235,852.15,2222.1,841.95,2197.9,843.05,2186.6,848.9
3-212,Uninfected,No_comment,Polygon,14,1202.15,1522,1221.95,1512.1,1244.45,1509.35,1278,1512.1,1296.1,1521.45,1311.5,1532.95,1322.5,1546.75,1328,1564.3,1326.9,1586.8,1313.15,1613.2,1288.45,1623.65,1269.2,1627.45,1238.45,1619.8,1208.2,1597.85
3-213,Uninfected,No_comment,Polygon,20,1330.75,1440.65,1356,1418.7,1373.05,1413.2,1392.3,1407.15,1419.75,1409.35,1432.95,1424.75,1445.55,1448.4,1457.1,1467.05,1457.1,1498.95,1442.85,1523.7,1431.3,1540.65,1409.3,1556.05,1387.9,1563.2,1372.5,1567.05,1359.85,1557.15,1349.4,1542.3,1340.65,1526.35,1325.8,1507.15,1317.55,1485.15,1316.45,1467.05
3-214,Uninfected,No_comment,Polygon,17,1482.4,1425.25,1507.65,1410.45,1528,1395.65,1554.9,1388.45,1575.8,1391.2,1590.65,1400.6,1603.8,1414.3,1612.05,1437.9,1604.35,1468.7,1575.8,1503.85,1548.3,1515.4,1521.95,1520.35,1500.5,1515.95,1484.05,1503.85,1471.95,1487.35,1467,1465.4,1470.85,1445.65
3-215,Uninfected,No_comment,Polygon,21,1343.35,1275.8,1354.9,1256.05,1374.7,1226.35,1400.5,1208.8,1420.85,1200.05,1439.55,1198.95,1450.5,1204.4,1460.4,1225.8,1452.15,1242.85,1438.45,1256.05,1419.2,1266.5,1404.35,1286.8,1388.45,1311,1395,1338.45,1386.25,1373.7,1363.7,1381.85,1329.65,1378.55,1318.1,1368.7,1312.6,1351.15,1319.2,1314.85,1329.65,1296.75
3-216,Uninfected,No_comment,Polygon,18,1408.75,1291.75,1420.3,1279.1,1438.45,1265.95,1461.5,1259.35,1479.65,1263.75,1496.1,1276.9,1506.55,1297.3,1507.65,1322,1517.55,1350.05,1529.1,1369.25,1521.4,1380.2,1501.6,1393.95,1475.8,1403.85,1438.45,1400.05,1406,1384.6,1388.95,1357.65,1385.1,1342.3,1396.1,1311.55
3-217,Uninfected,No_comment,Polygon,17,1530.2,1281.85,1537.35,1267.05,1554.35,1255.5,1582.95,1253.85,1601.05,1262.1,1619.2,1275.25,1629.65,1290.65,1635.7,1319.25,1630.75,1340.1,1616.45,1359.35,1600.5,1367.05,1580.75,1373.15,1556,1368.7,1546.1,1357.7,1532.4,1336.25,1526.35,1312.1,1523.6,1298.95
3-218,Uninfected,No_comment,Polygon,15,1665.9,1275.8,1675.25,1265.95,1686.8,1258.25,1709.3,1253.85,1731.85,1256.6,1756,1273.7,1768.65,1300.05,1769.75,1328,1757.1,1351.7,1732.95,1367.05,1703.8,1370.35,1678.55,1365.4,1664.8,1352.2,1654.35,1330.2,1657.1,1302.2
3-219,Uninfected,No_comment,Polygon,16,1784.6,1342.3,1795.05,1323.7,1810.95,1301.15,1840.1,1298.4,1874.15,1298.4,1898.3,1315.4,1912.6,1333.5,1916.45,1355.5,1910.95,1381.3,1896.15,1400.05,1878,1412.65,1854.35,1420.35,1820.85,1419.8,1798.3,1409.9,1784.6,1388.45,1776.9,1369.25
3-220,Uninfected,No_comment,Polygon,19,2573.8,1855.15,2584.05,1831.45,2600.7,1809,2619.95,1794.95,2638.55,1788.5,2661.05,1789.75,2680.25,1800,2694.95,1810.3,2709.7,1823.1,2719.95,1841.05,2716.75,1855.85,2705.25,1885.3,2686.05,1905.15,2654.6,1914.75,2629,1919.9,2610.4,1912.2,2594.95,1900.65,2584.05,1888.5,2578.35,1875.05
3-221,Uninfected,No_comment,Polygon,16,2671.95,1989.15,2691.15,1976.3,2714.25,1952.65,2737.3,1935.3,2761.6,1930.8,2785.35,1935.3,2803.3,1950.65,2816.15,1978.25,2814.2,2006.5,2807.15,2027.65,2789.9,2043,2752.05,2051.3,2730.25,2045.6,2709.7,2027.65,2694.35,2014.15,2679,1996.2
3-222,Uninfected,No_comment,Polygon,16,2764.2,1833.35,2764.9,1821.8,2780.25,1799.4,2806.5,1778.85,2826.35,1769.25,2853.3,1769.95,2872.6,1785.9,2887.25,1801.3,2896.25,1831.45,2891.8,1855.85,2873.2,1878.25,2855.9,1893,2829.65,1898.1,2804,1888.5,2784.7,1878.25,2768.1,1861.55
3-223,Uninfected,No_comment,Polygon,19,2681.5,1727,2688.55,1707.05,2702,1685.9,2725.7,1674.4,2749.45,1669.9,2769.35,1681.45,2785.35,1690.4,2796.25,1698.75,2805.25,1719.95,2802.05,1739.75,2798.8,1761.55,2780.85,1775.65,2771.95,1789.15,2758.45,1802.6,2739.9,1810.9,2723.8,1808.35,2708.45,1795.55,2695.6,1775,2683.45,1757.05
3-224,Uninfected,No_comment,Polygon,15,2915.55,1789.15,2923.85,1777.6,2938.55,1761.55,2964.9,1743.6,2991.1,1741.7,3018.05,1750,3034.05,1767.35,3045.65,1784.65,3043.75,1815.4,3025.8,1848.1,3003.95,1862.2,2959.75,1865.4,2925.8,1855.15,2914.2,1838.5,2913.55,1817.95
3-225,Uninfected,No_comment,Polygon,16,3819.15,486.45,3808.45,486.45,3794.6,501.3,3782.85,518.45,3776.45,538.65,3771.05,561.05,3781.8,586.65,3797.8,599.45,3819.15,604.85,3845.8,602.65,3862.85,587.8,3879.95,566.45,3889.55,535.5,3884.2,502.45,3867.15,486.45,3842.6,485.3
3-226,Uninfected,No_comment,Polygon,15,2088.55,286.05,2076.35,269,2064.3,250.9,2035.2,249.6,2015.75,252.1,2003.7,273.85,1991.5,300.5,2009.75,346.65,2041.2,373.25,2070.3,378.1,2094.6,366.05,2100.6,358.7,2106.65,335.75,2106.65,312.7,2103.1,305.35