287,5312,2988
4-1,Uninfected,No_comment,Polygon,17,2164.6,125.05,2180,91.65,2200.3,77.4,2218.1,72.65,2240.8,76.2,2262.25,84.55,2277.7,96.45,2290.8,116.65,2297.95,145.25,2296.75,172.65,2288.45,196.45,2264.6,211.95,2234.85,217.9,2214.6,213.15,2182.45,196.45,2166.9,178.6,2160.95,148.8
4-2,Uninfected,No_comment,Polygon,14,2358.65,65.5,2375.35,44.05,2388.45,25,2407.5,14.3,2430.1,17.85,2451.55,28.6,2467,42.9,2476.55,70.25,2474.15,92.9,2462.25,111.95,2444.4,121.45,2414.65,122.65,2388.45,113.15,2362.25,88.1
4-3,Uninfected,No_comment,Polygon,13,2310.7,192.75,2322.3,158,2352.7,139.2,2380.25,134.85,2400.55,139.2,2419.4,160.9,2432.45,186.95,2433.9,215.95,2425.2,240.65,2403.45,256.6,2375.9,263.85,2339.7,253.7,2309.25,230.45
4-4,Uninfected,No_comment,Polygon,12,2258.5,224.65,2220.8,231.95,2201.95,255.15,2190.35,282.7,2188.9,313.15,2220.8,330.55,2252.7,337.75,2284.6,333.45,2309.25,316.05,2316.5,288.5,2307.8,255.15,2284.6,230.45
4-5,Uninfected,No_comment,Polygon,11,2052.65,278.35,2017.85,260.95,1968.6,262.4,1955.55,291.4,1951.2,330.55,1974.4,356.55,2006.25,369.6,2045.4,366.7,2062.8,355.1,2067.15,314.6,2058.45,289.95
4-6,Uninfected,No_comment,Polygon,12,2081.65,389.9,2039.6,402.95,2030.9,433.45,2029.45,461,2043.95,487.1,2071.5,513.2,2104.85,514.65,2126.6,497.25,2138.2,462.45,2144,433.45,2120.8,410.2,2099.05,397.15
4-7,Uninfected,No_comment,Polygon,14,2138.2,505.95,2151.25,468.25,2178.75,449.4,2212.1,446.5,2235.3,459.55,2255.6,476.95,2265.75,505.95,2264.3,527.6,2251.25,546.45,2233.85,560.95,2210.65,572.55,2184.55,571.1,2155.6,558.05,2138.2,527.6
4-8,Uninfected,No_comment,Polygon,14,2249.8,400.05,2264.3,369.6,2293.3,353.65,2322.3,368.15,2329.55,395.7,2328.1,429.1,2319.4,450.85,2331,474.05,2329.55,494.35,2317.95,511.75,2293.3,517.55,2265.75,491.45,2252.7,446.5,2246.9,417.5
4-9,Uninfected,No_comment,Polygon,13,1909.15,352.2,1932.35,333.45,1942.5,303,1941.05,260.95,1930.9,239.2,1907.7,226.1,1880.15,226.1,1854.05,234.85,1832.3,258.05,1830.85,303,1845.35,339.2,1870,356.55,1894.65,358
4-10,Uninfected,No_comment,Polygon,13,1745.35,385.55,1714.9,368.15,1675.75,369.6,1658.35,382.65,1638.05,411.65,1638.05,450.85,1649.65,481.3,1677.2,497.25,1714.9,492.9,1746.8,476.95,1758.4,455.2,1761.3,424.75,1756.95,400.05
4-11,Uninfected,No_comment,Polygon,15,1946.85,539.2,1957,505.95,1972.95,485.65,1988.85,476.95,2019.3,481.3,2045.4,495.8,2065.7,520.4,2074.4,549.35,2068.6,571.1,2055.55,585.6,2035.25,591.4,2020.75,592.85,2002.05,584.85,1975.85,575.45,1954.1,562.4
4-12,Uninfected,No_comment,Polygon,16,1587.3,571.1,1596,546.5,1610.5,524.75,1633.6,517.5,1655.35,520.4,1675.65,529.1,1703.3,550.85,1719.2,579.75,1720.65,603,1709.05,618.95,1687.35,636.35,1668.4,645.05,1643.75,645.05,1614.85,633.45,1596,610.25,1587.3,589.9
4-13,Uninfected,No_comment,Polygon,13,1675.65,671.15,1698.95,639.25,1726.45,618.95,1752.55,621.85,1788.8,636.35,1806.1,658.1,1811.9,687.1,1813.35,714.65,1794.6,739.3,1765.6,752.3,1727.9,748,1700.4,732.05,1675.65,692.9
4-14,Uninfected,No_comment,Polygon,14,1636.5,697.25,1600.35,697.25,1587.3,721.9,1580.05,752.3,1596,775.5,1600.35,801.6,1603.25,829.15,1617.7,840.75,1651,832.05,1669.85,803.05,1688.8,772.55,1696.05,750.85,1674.2,720.45,1658.25,701.6
4-15,Uninfected,No_comment,Polygon,13,1519.2,743.65,1478.5,748,1456.75,771.1,1440.85,795.8,1446.6,837.85,1465.45,861.05,1500.25,871.2,1543.8,863.95,1565.55,846.55,1585.85,823.35,1575.7,779.85,1561.2,759.5,1535.1,746.55
4-16,Uninfected,No_comment,Polygon,11,1388.7,768.2,1352.45,762.4,1322.05,772.55,1308.9,808.85,1292.95,839.3,1323.5,865.4,1364.05,887.15,1407.55,872.65,1429.3,842.2,1419.15,800.15,1410.45,785.65
4-17,Uninfected,No_comment,Polygon,14,1526.4,948.05,1536.55,929.2,1555.3,919.05,1579.95,913.25,1598.8,924.85,1619.1,939.35,1629.25,962.5,1632.15,988.6,1623.45,1011.8,1611.85,1024.85,1581.4,1030.65,1556.75,1020.5,1529.3,995.85,1523.5,968.3
4-18,Uninfected,No_comment,Polygon,14,1520.6,1032.1,1504.65,1046.6,1509,1078.5,1516.25,1104.6,1542.3,1120.55,1574.15,1133.55,1608.95,1136.45,1627.8,1129.25,1642.3,1110.4,1646.65,1091.55,1637.95,1061.1,1617.65,1045.15,1577.05,1039.35,1543.75,1032.1
4-19,Uninfected,No_comment,Polygon,14,1462.55,1107.5,1433.55,1110.4,1411.8,1127.8,1398.75,1149.5,1397.3,1178.5,1419.05,1204.6,1449.5,1217.65,1485.75,1220.55,1514.8,1208.95,1524.95,1188.65,1527.85,1158.2,1519.15,1136.45,1501.75,1120.55,1479.95,1113.3
4-20,Uninfected,No_comment,Polygon,15,1375.55,1203.15,1342.3,1203.15,1313.25,1217.65,1303.1,1230.7,1313.25,1256.8,1319.1,1284.35,1314.7,1319.1,1333.6,1333.6,1374.1,1348.1,1404.55,1345.2,1420.5,1322,1416.15,1280,1417.6,1248.1,1404.55,1223.45,1384.25,1207.5
4-21,Uninfected,No_comment,Polygon,11,1278.45,1235.05,1237.85,1235.05,1208.85,1259.7,1195.8,1303.2,1207.4,1339.4,1237.85,1358.25,1268.3,1356.8,1295.85,1343.75,1313.25,1324.9,1308.9,1281.45,1300.2,1248.1
4-22,Uninfected,No_comment,Polygon,12,1310.35,1349.55,1279.9,1372.75,1262.5,1394.5,1255.25,1426.4,1265.4,1453.95,1292.95,1465.55,1327.8,1459.75,1362.55,1443.8,1379.9,1422.05,1392.95,1385.8,1382.8,1364.05,1351,1348.1
4-23,Uninfected,No_comment,Polygon,12,1427.75,1300.3,1433.55,1262.6,1461.1,1236.5,1494.45,1229.25,1526.4,1235.05,1549.55,1261.15,1552.4,1285.8,1552.4,1310.45,1533.65,1332.15,1506.1,1348.1,1462.55,1349.55,1435,1329.25
4-24,Uninfected,No_comment,Polygon,13,1184.35,1842.35,1180,1800.35,1198.8,1769.9,1222,1756.85,1251,1758.3,1277.1,1778.6,1297.3,1793.1,1307.45,1811.95,1294.4,1845.25,1280,1865.65,1243.75,1874.35,1210.4,1868.55,1191.55,1852.5
4-25,Uninfected,No_comment,Polygon,13,1268.4,1736.6,1272.75,1709.1,1294.4,1683,1330.75,1669.85,1355.4,1674.2,1381.45,1691.7,1400.3,1716.35,1394.5,1748.15,1380,1769.9,1358.3,1787.3,1322.05,1787.3,1290.1,1777.15,1272.75,1753.95
4-26,Uninfected,No_comment,Polygon,15,1352.5,1997.55,1365.55,1967.1,1398.9,1945.35,1425,1935.2,1453.95,1935.2,1477.15,1943.9,1494.55,1968.55,1498.9,1987.4,1488.75,2010.6,1469.9,2036.65,1448.15,2058.4,1422.1,2065.65,1398.9,2059.85,1367,2043.85,1355.4,2026.55
4-27,Uninfected,No_comment,Polygon,13,1462.65,2062.75,1490.2,2035.2,1514.85,2017.85,1543.85,2016.4,1561.25,2020.75,1583,2038.1,1588.8,2068.55,1583,2088.85,1564.15,2113.5,1538.05,2122.2,1510.5,2120.75,1487.3,2107.7,1464.1,2087.4
4-28,Uninfected,No_comment,Polygon,11,1390.2,2067.1,1335.1,2067.1,1322.05,2088.85,1293.05,2120.75,1306.1,2146.85,1329.3,2158.45,1365.55,2164.25,1400.35,2155.55,1420.65,2129.45,1432.25,2094.65,1423.55,2080.15
4-29,Uninfected,No_comment,Polygon,12,1406.15,2212.1,1361.2,2222.2,1351.05,2246.85,1355.4,2278.75,1372.8,2306.3,1404.7,2319.35,1426.45,2317.9,1451.05,2307.75,1461.2,2284.55,1465.55,2254.1,1456.85,2223.65,1429.35,2216.45
4-30,Uninfected,No_comment,Polygon,13,1584.45,2200.5,1597.5,2168.6,1619.25,2141.05,1648.2,2136.7,1678.65,2146.85,1688.8,2164.25,1694.6,2196.15,1690.25,2220.75,1703.3,2246.85,1691.7,2267.15,1652.55,2280.2,1612,2255.55,1590.25,2226.55
4-31,Uninfected,No_comment,Polygon,13,1596.05,2280.2,1551.1,2293.25,1535.15,2330.95,1554,2359.95,1590.25,2380.25,1620.7,2386.05,1649.65,2383.15,1680.1,2373,1704.75,2341.1,1700.4,2312.1,1688.8,2294.7,1652.55,2291.8,1613.45,2280.2
4-32,Uninfected,No_comment,Polygon,12,1510.5,2374.45,1482.95,2390.4,1462.65,2417.9,1467,2461.4,1484.4,2483.15,1520.65,2487.5,1549.65,2481.7,1578.65,2459.95,1583,2426.6,1580.1,2394.75,1561.25,2378.8,1535.15,2371.55
4-33,Uninfected,No_comment,Polygon,14,1583,2475.9,1594.6,2445.45,1614.9,2415,1646.75,2397.65,1678.65,2384.6,1706.2,2386.05,1706.2,2407.75,1703.3,2430.95,1716.35,2454.15,1716.35,2473,1703.3,2502,1671.4,2515.05,1629.35,2516.5,1591.7,2503.45
4-34,Uninfected,No_comment,Polygon,11,1726.5,2428.05,1730.85,2387.5,1762.75,2365.75,1790.3,2357.05,1819.25,2365.75,1830.85,2388.95,1832.3,2417.9,1823.6,2446.9,1796.1,2465.75,1765.65,2470.1,1730.85,2455.6
4-35,Uninfected,No_comment,Polygon,13,1845.7,2433.65,1851.7,2400.25,1874.5,2380.55,1923,2376.05,1945.65,2388.2,1960.8,2410.95,1962.4,2432.15,1953.3,2459.35,1933.6,2474.5,1907.85,2483.6,1880.55,2483.6,1857.85,2474.5,1847.15,2459.35
4-36,Uninfected,No_comment,Polygon,14,1866.85,2551.85,1875.95,2526.1,1891.1,2506.4,1927.55,2489.7,1957.85,2488.2,1977.55,2495.8,1985.05,2515.5,1986.65,2542.75,1977.55,2567,1962.4,2585.2,1936.6,2597.25,1918.45,2601.85,1897.2,2598.85,1868.45,2580.65
4-37,Uninfected,No_comment,Polygon,15,1822.95,2621.55,1792.6,2630.65,1762.3,2650.35,1741.15,2677.65,1747.2,2704.9,1754.8,2723.1,1774.5,2736.7,1794.2,2741.2,1816.85,2745.75,1838.15,2739.75,1857.85,2726.05,1868.45,2709.45,1871.4,2680.65,1865.4,2654.9,1839.65,2633.7
4-38,Uninfected,No_comment,Polygon,20,1924.5,2720.05,1898.75,2735.2,1885.1,2756.4,1886.55,2777.65,1895.65,2794.3,1916.9,2807.95,1938.15,2809.45,1957.85,2806.45,1979.05,2804.85,1995.7,2807.95,2029.05,2812.5,2036.65,2806.45,2041.2,2786.75,2041.2,2770,2032.1,2759.45,2003.3,2751.9,1988.15,2745.75,1968.45,2730.6,1959.35,2717,1936.6,2714
4-39,Uninfected,No_comment,Polygon,15,1973,2677.65,1977.55,2648.85,2006.35,2627.55,2032.1,2626.1,2060.9,2633.7,2077.55,2650.35,2085.15,2665.5,2088.15,2685.2,2080.6,2707.95,2071.5,2729.15,2056.35,2738.25,2032.1,2739.75,2007.85,2736.7,1983.6,2727.65,1969.9,2704.9
4-40,Uninfected,No_comment,Polygon,17,2083.55,2792.8,2069.95,2809.45,2060.9,2827.65,2060.9,2868.55,2068.45,2882.2,2083.55,2891.3,2109.35,2898.8,2121.5,2904.95,2141.2,2907.95,2157.8,2892.8,2170,2873.1,2179.1,2861,2179.1,2838.25,2170,2815.5,2159.4,2791.3,2139.7,2785.15,2115.45,2782.2
4-41,Uninfected,No_comment,Polygon,16,2189.7,2777.65,2204.85,2742.8,2230.6,2707.95,2242.7,2700.35,2266.9,2704.9,2283.65,2709.45,2294.25,2726.05,2297.25,2762.5,2304.85,2783.7,2295.75,2798.85,2285.15,2821.6,2268.5,2833.7,2248.8,2836.75,2223,2838.25,2206.35,2830.65,2185.15,2806.45
4-42,Uninfected,No_comment,Polygon,14,2309.4,2742.8,2327.6,2710.9,2345.7,2688.25,2376.05,2683.7,2391.25,2683.7,2410.9,2691.2,2427.6,2712.5,2432.15,2726.05,2421.55,2756.4,2417,2780.6,2389.65,2797.35,2359.4,2804.85,2333.65,2797.35,2313.95,2767.05
4-43,Uninfected,No_comment,Polygon,16,2435.1,2771.6,2445.8,2739.75,2457.9,2721.5,2474.5,2712.5,2497.3,2709.45,2517,2715.5,2532.15,2735.2,2542.75,2756.4,2539.75,2779.15,2530.65,2804.85,2518.45,2815.5,2495.8,2830.65,2470,2838.25,2451.85,2835.15,2436.7,2824.55,2419.95,2798.85
4-44,Uninfected,No_comment,Polygon,17,2379.1,2635.2,2385.1,2610.95,2403.35,2597.25,2424.5,2592.7,2447.3,2582.15,2474.5,2588.15,2494.2,2601.85,2498.75,2633.7,2491.25,2656.4,2480.65,2674.6,2467,2685.2,2454.8,2686.65,2439.65,2688.25,2419.95,2680.65,2400.25,2671.5,2382.15,2664,2374.55,2651.8
4-45,Uninfected,No_comment,Polygon,16,2445.8,2554.9,2441.25,2521.55,2444.2,2504.9,2460.95,2480.65,2473.05,2473.05,2504.9,2468.5,2524.55,2457.9,2542.75,2460.95,2562.45,2473.05,2563.95,2494.2,2554.9,2526.1,2541.25,2541.25,2530.65,2567,2510.95,2576.1,2485.2,2574.6,2465.5,2568.45
4-46,Uninfected,No_comment,Polygon,15,2560.95,2571.55,2570.05,2538.15,2586.7,2515.5,2607.85,2503.3,2632.1,2500.35,2662.4,2510.95,2676.1,2530.65,2676.1,2547.3,2674.6,2576.1,2664,2589.75,2641.25,2614,2615.5,2618.55,2601.85,2615.5,2588.15,2609.45,2560.95,2597.25
4-47,Uninfected,No_comment,Polygon,17,2676.1,2632.1,2692.8,2607.85,2718.55,2597.25,2742.8,2591.25,2768.55,2592.7,2783.7,2610.95,2794.3,2626.1,2794.3,2651.8,2792.8,2670.05,2783.7,2691.2,2771.55,2701.8,2744.3,2709.45,2727.65,2709.45,2706.35,2706.35,2686.65,2686.65,2680.65,2666.95,2676.1,2656.4
4-48,Uninfected,No_comment,Polygon,17,2850.35,2673.1,2851.9,2650.35,2879.1,2632.1,2898.8,2624.6,2917.05,2623.05,2930.7,2627.55,2945.85,2636.65,2956.45,2647.25,2964,2664,2967.05,2682.15,2967.05,2701.8,2959.5,2718.55,2938.2,2730.6,2920.1,2739.75,2894.25,2738.25,2856.45,2718.55,2847.35,2691.2
4-49,Uninfected,No_comment,Polygon,17,2882.2,2745.75,2853.4,2760.9,2844.25,2780.6,2844.25,2798.85,2851.9,2827.65,2865.55,2839.7,2894.25,2851.9,2921.6,2848.85,2935.25,2844.25,2951.9,2833.7,2957.9,2814,2961,2786.75,2957.9,2773.1,2945.85,2757.95,2935.25,2751.9,2906.45,2747.35,2892.8,2744.3
4-50,Uninfected,No_comment,Polygon,19,2962.5,2856.45,2944.3,2882.2,2938.2,2904.95,2951.9,2944.35,2959.5,2968.5,2979.2,2973.05,2997.3,2971.6,3021.6,2973.05,3035.25,2973.05,3051.85,2959.5,3061,2941.3,3065.55,2926.15,3062.45,2900.4,3054.95,2883.65,3045.85,2867.05,3033.75,2851.9,3018.55,2844.25,2998.9,2844.25,2977.6,2844.25
4-51,Uninfected,No_comment,Polygon,18,3057.95,2835.15,3059.5,2807.95,3073.15,2795.8,3083.75,2788.25,3094.35,2785.15,3115.55,2789.75,3127.7,2800.3,3144.35,2821.6,3150.35,2838.25,3154.95,2857.95,3158,2876.15,3158,2885.25,3142.85,2904.95,3121.55,2924.65,3097.35,2917.05,3083.75,2904.95,3062.45,2871.6,3054.95,2851.9
4-52,Uninfected,No_comment,Polygon,14,2021.5,2542.75,2016.95,2512.45,2033.6,2491.25,2059.3,2474.5,2083.55,2470,2110.9,2473.05,2129.05,2500.35,2124.55,2529.1,2126.05,2556.4,2107.85,2574.6,2091.2,2580.65,2060.9,2580.65,2050.25,2579.15,2027.55,2560.95
4-53,Uninfected,No_comment,Polygon,14,1986.65,2457.9,1979.05,2415.45,1991.2,2394.25,2015.35,2376.05,2053.3,2363.95,2083.55,2369.95,2106.35,2385.1,2118.4,2409.4,2109.35,2433.65,2092.7,2451.85,2080.6,2460.95,2047.25,2467,2024.45,2483.6,1995.7,2468.5
4-54,Uninfected,No_comment,Polygon,13,2204.85,2515.5,2206.35,2482.15,2229.1,2451.85,2254.85,2444.2,2279.1,2447.3,2294.25,2462.45,2291.15,2492.75,2283.65,2515.5,2274.55,2539.75,2266.9,2553.3,2253.35,2557.85,2227.5,2557.85,2207.8,2539.75
4-55,Uninfected,No_comment,Polygon,15,2292.75,2544.3,2300.3,2507.9,2316.95,2486.7,2344.25,2468.5,2362.45,2465.5,2388.2,2470,2401.85,2480.65,2417,2506.4,2419.95,2539.75,2412.45,2562.45,2392.75,2579.15,2368.5,2597.25,2330.55,2597.25,2313.95,2589.75,2294.25,2568.45
4-56,Uninfected,No_comment,Polygon,16,2971.55,2621.5,2973.1,2601.8,2997.3,2577.5,3015.5,2566.95,3045.8,2565.45,3071.55,2566.95,3089.75,2577.5,3097.35,2601.8,3097.35,2624.55,3091.25,2644.25,3071.55,2665.45,3051.9,2676.05,3032.2,2673.05,3007.95,2670,2989.75,2656.35,2974.6,2638.2
4-57,Uninfected,No_comment,Polygon,17,3104.9,2647.3,3135.2,2626.05,3144.3,2612.4,3170.05,2612.4,3200.4,2620,3217.05,2633.65,3227.65,2650.3,3229.15,2670,3221.6,2692.75,3211,2709.4,3192.8,2718.5,3176.15,2727.6,3148.85,2735.15,3130.65,2726.05,3115.5,2715.45,3098.85,2689.7,3100.35,2666.95
4-58,Uninfected,No_comment,Polygon,17,3165.55,2786.7,3156.45,2804.8,3162.5,2838.2,3177.65,2862.45,3189.75,2876.1,3206.45,2880.65,3254.95,2871.55,3276.15,2865.5,3292.8,2862.45,3303.4,2850.35,3303.4,2829.1,3292.8,2807.9,3271.6,2785.1,3250.4,2771.55,3232.2,2762.45,3207.95,2762.45,3177.65,2767
4-59,Uninfected,No_comment,Polygon,16,3307.95,2870.05,3327.65,2856.4,3353.45,2844.2,3365.55,2835.2,3388.3,2836.7,3406.45,2842.75,3424.65,2859.4,3432.25,2885.2,3435.25,2903.3,3415.55,2927.6,3394.35,2939.75,3370.1,2945.8,3350.4,2939.75,3336.75,2923.05,3323.1,2904.9,3306.45,2888.2
4-60,Uninfected,No_comment,Polygon,18,3461,2904.9,3461,2863.9,3488.3,2841.25,3497.4,2830.65,3506.5,2817,3526.2,2813.95,3558,2821.55,3568.6,2838.2,3571.65,2857.9,3558,2879.1,3539.8,2898.8,3539.8,2915.5,3536.8,2930.65,3518.6,2947.3,3503.45,2950.35,3491.3,2951.85,3473.15,2939.75,3464.05,2929.15
4-61,Uninfected,No_comment,Polygon,15,3418.6,2839.7,3400.4,2823.05,3379.2,2803.35,3377.65,2779.1,3388.3,2739.7,3404.95,2733.65,3426.15,2726.05,3461,2727.6,3474.65,2739.7,3486.8,2757.9,3491.3,2779.1,3488.3,2803.35,3479.2,2823.05,3456.45,2833.65,3432.25,2841.25
4-62,Uninfected,No_comment,Polygon,21,3338.25,2820,3354.95,2810.95,3367.05,2797.3,3368.6,2782.15,3376.15,2756.4,3379.2,2738.2,3379.2,2723.05,3373.15,2712.45,3357.95,2704.85,3327.65,2695.75,3314.05,2689.7,3294.35,2688.2,3274.65,2692.75,3261,2698.8,3251.9,2717,3248.85,2741.25,3251.9,2757.9,3267.05,2769.95,3280.7,2776.1,3304.95,2798.8,3324.65,2820
4-63,Uninfected,No_comment,Polygon,16,3509.5,2724.55,3512.55,2694.25,3532.25,2666.95,3561.05,2653.35,3591.35,2653.35,3611.05,2660.9,3626.2,2679.1,3642.85,2704.85,3642.85,2730.55,3636.8,2747.3,3624.65,2763.95,3603.45,2776.1,3571.65,2777.6,3550.4,2773.05,3529.2,2760.95,3514.05,2739.7
4-64,Uninfected,No_comment,Polygon,16,3692.85,2765.45,3695.9,2723.05,3711.05,2704.85,3729.25,2692.75,3750.45,2691.15,3774.7,2697.3,3794.4,2704.85,3811.05,2727.6,3814.1,2744.25,3808.05,2765.45,3791.35,2783.65,3773.2,2792.75,3761.05,2798.8,3727.7,2800.3,3714.1,2794.25,3701.95,2785.1
4-65,Uninfected,No_comment,Polygon,17,3642.85,2550.3,3635.3,2512.4,3641.35,2497.25,3653.45,2480.6,3668.6,2473,3691.35,2471.5,3721.65,2477.55,3736.8,2495.75,3753.5,2516.95,3755,2535.15,3750.45,2556.35,3744.4,2570,3727.7,2586.65,3711.05,2591.2,3695.9,2592.7,3679.25,2583.65,3659.55,2574.55
4-66,Uninfected,No_comment,Polygon,15,3464.05,2616.9,3442.85,2588.2,3439.8,2553.3,3447.4,2529.1,3467.1,2518.45,3488.3,2518.45,3504.95,2516.95,3535.25,2522.95,3567.1,2547.25,3573.15,2573,3570.1,2591.2,3562.55,2606.35,3547.4,2616.9,3508,2627.6,3498.9,2627.6
4-67,Uninfected,No_comment,Polygon,17,3297.35,2626.05,3297.35,2585.15,3321.6,2570,3338.25,2560.9,3359.5,2560.9,3383.75,2573,3400.4,2583.65,3414.05,2601.8,3420.1,2620,3417.05,2641.2,3409.5,2660.9,3400.4,2673.05,3386.75,2679.1,3361,2685.15,3342.8,2682.15,3317.05,2673.05,3303.4,2654.85
4-68,Uninfected,No_comment,Polygon,17,3788.35,2401.75,3777.75,2372.95,3773.2,2342.65,3789.85,2327.5,3803.5,2318.4,3852,2316.85,3867.15,2321.4,3902,2350.2,3906.55,2359.4,3909.55,2385.05,3908.05,2400.2,3903.5,2413.95,3880.75,2438.2,3848.95,2442.7,3836.85,2442.7,3815.6,2432.05,3800.45,2423
4-69,Uninfected,No_comment,Polygon,15,3921.7,2447.2,3933.8,2419.9,3942.9,2401.75,3971.7,2397.2,4014.1,2404.75,4030.8,2421.45,4038.35,2433.65,4042.9,2448.8,4038.35,2477.6,4030.8,2501.75,4005.05,2513.85,3982.3,2516.95,3947.45,2507.9,3932.3,2495.7,3917.15,2474.45
4-70,Uninfected,No_comment,Polygon,18,3920.15,2344.25,3909.55,2325.95,3917.15,2307.8,3935.35,2303.25,3973.2,2291.1,3977.75,2285.15,3992.9,2283.55,4024.75,2294.15,4044.45,2310.8,4056.55,2325.95,4056.55,2347.2,4044.45,2374.55,4024.75,2386.6,4005.05,2386.6,3977.75,2386.6,3953.5,2382.05,3933.8,2366.9,3932.3,2362.35
4-71,Uninfected,No_comment,Polygon,14,4000.5,2238.1,4015.65,2210.9,4042.9,2198.7,4071.7,2192.6,4095.95,2195.7,4115.65,2201.8,4127.75,2212.3,4129.3,2248.7,4115.65,2266.85,4092.9,2280.6,4055.05,2291.1,4041.4,2289.65,4015.65,2274.45,4002,2256.25
4-72,Uninfected,No_comment,Polygon,18,4120.2,2141.1,4124.75,2106.25,4139.9,2098.65,4164.15,2091.1,4192.95,2091.1,4212.65,2094.1,4239.9,2103.2,4250.5,2110.8,4252.05,2127.55,4250.5,2165.35,4239.9,2179,4220.2,2189.6,4209.6,2192.6,4186.85,2195.7,4173.25,2197.15,4152,2192.6,4136.85,2176,4123.25,2160.8
4-73,Uninfected,No_comment,Polygon,17,3994.4,2210.9,4020.2,2203.2,4032.3,2188.05,4047.45,2176,4053.5,2162.4,4049,2141.1,4039.9,2121.4,4030.8,2110.8,4009.6,2101.75,3986.85,2097.25,3955.05,2100.2,3945.95,2113.8,3927.75,2124.45,3921.7,2159.3,3932.3,2177.45,3961.1,2200.2,3976.25,2209.3
4-74,Uninfected,No_comment,Polygon,15,3898.95,2186.65,3862.6,2191.2,3847.45,2209.3,3836.85,2227.45,3839.85,2248.7,3848.95,2274.45,3865.6,2286.55,3891.4,2297.15,3933.8,2292.65,3970.2,2282,3974.7,2260.9,3974.7,2241.2,3970.2,2224.45,3935.35,2206.35,3918.65,2191.2
4-75,Uninfected,No_comment,Polygon,21,3676.2,2429.1,3674.7,2401.75,3670.15,2380.5,3661.05,2362.35,3664.1,2344.25,3679.25,2333.55,3698.95,2322.95,3714.1,2321.4,3741.35,2322.95,3748.95,2329.05,3761.05,2341.1,3764.1,2359.4,3756.5,2386.6,3768.65,2407.8,3773.2,2421.45,3770.15,2436.6,3764.1,2450.2,3751.95,2456.3,3727.7,2454.75,3712.55,2454.75,3689.85,2444.15
4-76,Uninfected,No_comment,Polygon,15,3989.35,2010.15,3956.95,1991.85,3940.05,1959.45,3938.75,1925.6,3954.25,1911.55,3985.15,1898.9,4020.45,1896.05,4041.5,1904.5,4073.9,1917.15,4080.95,1935.5,4088,1959.45,4082.35,1977.75,4068.35,1996.1,4051.45,2007.3,4017.55,2018.65
4-77,Uninfected,No_comment,Polygon,13,4069.65,1821.35,4069.65,1787.55,4083.85,1763.6,4113.35,1749.55,4150.05,1742.5,4172.55,1745.35,4196.5,1762.3,4199.25,1787.55,4199.25,1803.05,4181.05,1831.25,4168.3,1842.55,4140.15,1846.75,4106.3,1841.15
4-78,Uninfected,No_comment,Polygon,14,4217.6,1766.45,4235.9,1736.9,4273.95,1725.6,4303.6,1728.45,4328.85,1739.65,4341.55,1753.85,4343.05,1767.9,4336,1791.8,4328.85,1808.75,4319.1,1822.8,4299.3,1835.45,4280.95,1836.85,4247.25,1832.7,4224.65,1801.7
4-79,Uninfected,No_comment,Polygon,13,4058.4,1718.55,4076.8,1725.6,4096.45,1727,4140.15,1718.55,4164.1,1712.95,4178.15,1698.8,4182.45,1676.3,4174,1655.2,4142.9,1632.7,4102.05,1632.7,4076.8,1639.7,4058.4,1657.95,4049.95,1687.6
4-80,Uninfected,No_comment,Polygon,14,4131.7,1577.65,4130.25,1548.1,4144.35,1519.9,4175.3,1505.8,4214.85,1507.25,4247.25,1519.9,4266.9,1550.95,4269.75,1573.5,4257.05,1596,4235.9,1617.1,4213.45,1635.45,4192.25,1638.3,4162.65,1615.75,4137.3,1594.55
4-81,Uninfected,No_comment,Polygon,14,4241.55,1636.85,4266.9,1601.6,4303.6,1572.05,4330.3,1559.45,4351.5,1566.45,4368.4,1584.7,4369.7,1607.3,4359.95,1629.8,4343.05,1638.3,4328.85,1655.2,4316.2,1672.1,4292.25,1679.15,4266.9,1683.3,4241.55,1659.35
4-82,Uninfected,No_comment,Polygon,12,4144.35,1480.45,4172.55,1480.45,4199.25,1463.55,4213.45,1439.6,4213.45,1411.5,4193.65,1379.1,4165.55,1370.6,4127.4,1374.8,4106.3,1391.7,4092.3,1426.95,4103.5,1455.1,4121.8,1472
4-83,Uninfected,No_comment,Polygon,12,4210.55,1367.75,4204.95,1343.8,4219,1322.75,4255.6,1307.25,4286.7,1311.4,4317.6,1338.2,4320.4,1359.3,4324.65,1383.25,4310.65,1404.45,4280.95,1418.5,4251.4,1421.35,4226.05,1398.75
4-84,Uninfected,No_comment,Polygon,15,4020.45,1267.8,4033.05,1245.3,4066.9,1234,4102.05,1232.6,4123.2,1241.05,4133.15,1255.15,4145.75,1273.45,4144.35,1293.15,4133.15,1304.45,4118.95,1324.15,4096.45,1325.55,4068.35,1315.7,4044.4,1305.85,4026,1301.65,4024.6,1286.15
4-85,Uninfected,No_comment,Polygon,15,4144.35,1222.75,4161.25,1203,4196.5,1190.35,4237.35,1190.35,4268.3,1195.95,4279.65,1210.05,4289.45,1225.55,4286.7,1242.45,4278.25,1263.6,4255.6,1281.9,4238.8,1284.7,4223.2,1291.75,4199.25,1288.95,4175.3,1277.7,4151.35,1246.7
4-86,Uninfected,No_comment,Polygon,14,4176.75,1108.65,4189.5,1076.25,4219,1064.95,4250,1057.9,4275.35,1066.35,4293.7,1083.3,4296.45,1103,4293.7,1126.95,4278.25,1143.85,4261.3,1162.15,4241.55,1169.2,4214.85,1167.8,4179.55,1145.25,4171.1,1128.35
4-87,Uninfected,No_comment,Polygon,16,4100.75,1041,4089.4,1011.45,4086.55,979.05,4099.3,955.1,4127.45,941,4154.2,933.95,4181.05,945.2,4202.1,966.35,4209.15,991.7,4210.55,1017.05,4200.7,1038.2,4192.25,1053.7,4172.55,1064.95,4154.2,1067.8,4133.15,1067.8,4113.35,1056.5
4-88,Uninfected,No_comment,Polygon,14,4024.6,926.9,3997.8,928.3,3969.7,945.2,3956.95,972,3948.5,991.7,3952.75,1021.3,3972.45,1029.75,4004.85,1043.85,4024.6,1041,4048.55,1024.1,4061.3,997.35,4065.45,970.6,4065.45,943.8,4042.95,931.15
4-89,Uninfected,No_comment,Polygon,19,3897.6,977.7,3879.55,966.1,3868.7,948.8,3868.2,929.8,3878.1,897.4,3890.85,887.5,3920.3,873.45,3941.45,872,3956.9,874.8,3976.65,883.3,3997.8,883.3,4009.05,888.95,4009.05,911.45,3999.2,935.4,3986.55,953.75,3969.65,966.3,3954.5,982.2,3935.75,989.95,3916.85,989.75
4-90,Uninfected,No_comment,Polygon,13,4031.6,865.05,4047.2,823.5,4077.15,804,4113.45,793.6,4143.3,813.1,4147.2,842.95,4155,866.35,4155,887.15,4131.7,911.8,4110.85,919.6,4071.95,918.3,4043.3,902.7,4030.3,879.35
4-91,Uninfected,No_comment,Polygon,14,3919.9,826.1,3917.3,797.5,3930.3,771.55,3964.15,757.25,3988.75,752.05,4013.5,755.95,4027.7,765.05,4035.5,783.2,4036.8,800.1,4026.4,824.8,4014.8,844.25,3999.15,855.95,3974.45,855.95,3936.8,846.85
4-92,Uninfected,No_comment,Polygon,15,3848.55,814.4,3827.7,789.7,3800.4,778.05,3764.05,780.65,3740.75,789.7,3718.65,807.9,3709.5,837.8,3706.9,858.55,3725.15,876.75,3742.05,889.75,3760.15,893.65,3799.1,892.35,3819.9,874.15,3840.75,855.95,3848.55,828.7
4-93,Uninfected,No_comment,Polygon,12,3821.2,671.5,3816,633.85,3840.75,605.3,3871.85,596.2,3896.6,591,3921.2,604,3934.2,627.35,3932.9,657.25,3914.7,672.8,3886.15,693.6,3856.25,692.3,3835.55,678
4-94,Uninfected,No_comment,Polygon,11,3803,641.65,3784.9,619.55,3752.35,614.35,3706.9,628.65,3690,646.85,3678.4,680.6,3687.4,714.4,3719.95,729.95,3760.15,728.65,3784.9,710.5,3800.4,671.5
4-95,Uninfected,No_comment,Polygon,11,3709.5,611.8,3661.45,615.65,3647.15,594.9,3638.05,559.8,3658.85,529.95,3692.6,509.15,3723.85,514.35,3744.55,531.25,3757.55,554.65,3753.65,581.9,3738.15,597.5
4-96,Uninfected,No_comment,Polygon,16,3736.85,502.65,3730.35,475.4,3740.75,452,3777.1,429.95,3797.9,426.05,3810.8,433.85,3829,442.9,3834.25,466.3,3842.05,476.7,3849.85,498.75,3839.45,515.65,3827.7,532.55,3812.1,542.95,3797.9,544.25,3775.8,537.75,3753.65,520.85
4-97,Uninfected,No_comment,Polygon,14,3595.2,415.65,3587.4,374.1,3599.1,345.5,3614.75,322.15,3641.95,315.65,3666.7,310.45,3695.2,328.6,3708.2,342.9,3710.8,375.4,3700.4,393.55,3683.6,416.95,3665.4,427.35,3641.95,431.25,3618.65,428.65
4-98,Uninfected,No_comment,Polygon,13,3503.05,440.35,3479.6,413.05,3460.1,368.9,3461.4,342.9,3479.6,319.55,3504.35,307.85,3528.95,311.75,3552.4,328.6,3566.7,357.2,3565.4,381.9,3564.1,411.75,3549.8,431.25,3523.75,440.35
4-99,Uninfected,No_comment,Polygon,14,3327.65,192.25,3328.95,168.85,3340.65,144.2,3370.45,136.4,3397.8,142.9,3418.5,159.75,3434.15,184.4,3436.75,214.3,3430.2,242.8,3414.6,255.9,3390,258.5,3361.35,245.4,3341.95,229.9,3326.35,205.2
4-100,Uninfected,No_comment,Polygon,14,3270.5,150.65,3287.4,148.05,3306.8,142.9,3322.45,127.25,3327.65,114.3,3321.15,84.45,3310.7,62.35,3296.4,54.55,3266.6,54.55,3248.35,58.45,3222.45,73.95,3210.75,93.5,3219.85,125.95,3241.85,144.2
4-101,Uninfected,No_comment,Polygon,13,3160.1,184.4,3174.4,161.05,3174.4,129.8,3166.6,102.6,3151,87.05,3118.55,85.75,3097.75,85.75,3074.3,105.2,3057.5,139,3058.8,163.65,3074.3,179.2,3109.45,186.95,3137.95,193.55
4-102,Uninfected,No_comment,Polygon,12,3151,218.2,3127.55,229.9,3109.45,253.3,3105.55,281.85,3112.05,305.25,3132.75,326,3164,336.4,3196.4,327.3,3215.95,299.95,3223.75,272.75,3209.45,232.5,3175.7,213
4-103,Uninfected,No_comment,Polygon,13,3031.45,219.5,3036.7,249.4,3030.15,279.25,3014.55,293.5,2997.75,313.05,2976.9,329.9,2952.3,316.9,2935.4,287.05,2927.6,252,2938,222.1,2963.9,200.05,2989.95,190.95,3011.95,201.35
4-104,Uninfected,No_comment,Polygon,10,3045.8,302.55,3023.65,311.75,3008.15,337.7,3002.95,363.7,3013.25,392.25,3060.1,414.25,3088.6,403.95,3113.35,371.5,3121.15,337.7,3091.2,299.95
4-105,Uninfected,No_comment,Polygon,11,2925,146.75,2905.45,98.7,2911.95,64.95,2935.4,41.55,2973,33.75,2993.85,42.85,3014.55,72.65,3018.45,101.3,3014.55,128.5,2991.25,149.35,2962.6,155.85
4-106,Uninfected,No_comment,Polygon,12,2835.4,63.65,2801.55,77.95,2784.65,106.5,2779.55,145.45,2804.15,171.45,2827.6,193.55,2861.3,192.25,2884.75,180.5,2895.15,155.85,2891.25,113,2874.35,73.95,2852.2,66.2
4-107,Uninfected,No_comment,Polygon,16,2722.4,159.75,2704.2,172.75,2692.45,194.85,2693.75,227.3,2696.4,250.7,2708.1,272.75,2727.5,290.95,2748.3,294.8,2775.65,296.1,2801.55,281.85,2821.1,257.2,2819.8,231.2,2813.3,203.9,2793.75,181.8,2774.35,162.35,2747,157.15
4-108,Uninfected,No_comment,Polygon,13,2595.1,240.25,2575.55,258.5,2561.25,287.05,2562.55,315.6,2575.55,345.5,2601.6,361,2634,366.3,2661.35,354.55,2682.05,331.2,2689.85,297.4,2679.45,264.95,2663.95,246.7,2628.8,232.5
4-109,Uninfected,No_comment,Polygon,16,2491.2,432.5,2470.4,431.2,2450.85,458.5,2443.05,481.9,2446.95,507.85,2463.85,536.45,2489.9,545.5,2510.6,546.8,2544.45,552,2569.05,535.15,2578.15,523.4,2579.45,497.45,2563.85,474,2536.65,457.2,2517.1,440.3,2493.8,435.1
4-110,Uninfected,No_comment,Polygon,13,2398.9,377.95,2370.4,384.45,2349.55,405.25,2344.35,446.8,2344.35,483.2,2360,510.45,2395,515.65,2421.05,506.55,2432.75,481.9,2444.35,437.7,2448.25,415.55,2435.35,397.45,2413.25,383.15
4-111,Uninfected,No_comment,Polygon,16,1657.5,854.9,1657.5,833.55,1675.35,810.85,1689.65,788.3,1708.7,768,1727.75,766.8,1764.6,765.6,1786.1,783.45,1795.55,812.05,1795.55,839.5,1775.4,859.75,1756.35,872.85,1728.95,887.05,1699.1,888.25,1677.75,879.9,1661,870.4
4-112,Uninfected,No_comment,Polygon,13,1814.6,823.95,1813.5,798.95,1827.7,778.7,1859.85,764.4,1887.25,775.2,1912.25,787.05,1921.85,814.5,1925.35,839.5,1912.25,864.45,1887.25,878.8,1868.2,883.5,1840.8,871.65,1812.3,846.65
4-113,Uninfected,No_comment,Polygon,14,1798,864.45,1778.95,871.65,1758.65,885.9,1750.3,907.3,1744.35,932.3,1761.1,953.75,1778.95,975.25,1808.65,985.9,1840.8,974,1863.5,957.3,1871.85,925.15,1863.5,899,1843.25,879.9,1814.6,868
4-114,Uninfected,No_comment,Polygon,19,1708.7,920.4,1687.2,930,1669.4,944.2,1659.9,964.45,1646.8,988.35,1639.65,1012.1,1640.75,1043.05,1652.75,1069.25,1674.1,1078.85,1694.35,1074,1718.15,1057.35,1730.15,1041.85,1752.75,1033.6,1778.95,1024,1784.9,1009.7,1781.35,988.35,1763.4,978.75,1744.35,959.7,1726.5,933.5
4-115,Uninfected,No_comment,Polygon,16,1753.95,1046.7,1736.1,1054.95,1719.35,1074,1709.9,1093.05,1718.15,1127.6,1730.15,1144.25,1753.95,1156.2,1775.4,1158.55,1799.2,1155.05,1819.45,1141.95,1831.35,1122.9,1836.05,1107.35,1830.15,1079.95,1813.5,1052.65,1784.9,1040.7,1768.25,1041.85
4-116,Uninfected,No_comment,Polygon,14,1898,918.05,1899.15,890.7,1917.1,873.95,1934.95,863.25,1959.95,857.3,1986.15,864.45,2006.4,883.5,2017.1,907.3,2013.55,931.15,2005.2,951.35,1983.7,965.65,1957.5,968.1,1924.15,955,1906.3,937.15
4-117,Uninfected,No_comment,Polygon,20,1986.15,841.8,1992.1,816.8,2009.95,797.75,2030.2,789.45,2042.1,796.55,2062.35,820.45,2075.45,835.85,2093.25,845.45,2103.95,854.9,2103.95,870.4,2095.7,882.3,2089.75,900.15,2084.9,925.15,2075.45,939.45,2058.75,941.85,2039.65,932.3,2027.75,907.3,2024.25,885.9,2011.15,870.4,1992.1,858.55
4-118,Uninfected,No_comment,Polygon,18,2052.75,785.85,2057.6,752.5,2075.45,738.25,2101.65,732.25,2125.4,734.65,2140.95,740.6,2164.75,751.3,2180.25,759.65,2193.35,779.9,2196.9,806.1,2190.95,829.9,2181.35,841.8,2158.8,845.45,2135,845.45,2120.7,847.75,2103.95,846.65,2075.45,818,2059.9,803.7
4-119,Uninfected,No_comment,Polygon,14,2132.6,857.3,2119.5,870.4,2105.15,889.45,2100.45,910.95,2103.95,934.7,2120.7,950.25,2146.9,962.15,2171.9,969.3,2195.65,959.7,2212.4,937.15,2215.95,912.05,2206.45,883.5,2190.95,863.25,2162.3,856.1
4-120,Uninfected,No_comment,Polygon,15,2098,962.15,2077.85,974,2064.75,995.45,2058.75,1013.35,2059.9,1035.9,2073,1058.6,2090.95,1081.15,2120.7,1088.3,2152.85,1087.1,2169.45,1068.05,2182.55,1041.85,2182.55,1014.55,2173.1,989.45,2155.25,977.55,2121.9,969.3
4-121,Uninfected,No_comment,Polygon,14,2012.35,1083.6,1988.45,1096.7,1967.1,1114.5,1955.2,1136,1958.75,1159.75,1970.6,1181.25,2001.55,1188.35,2026.6,1188.35,2048,1171.65,2063.55,1149.1,2077.85,1133.55,2074.25,1090.75,2062.35,1076.4,2039.65,1072.85
4-122,Uninfected,No_comment,Polygon,15,2162.3,1112.1,2170.7,1089.5,2192.15,1075.2,2212.4,1066.85,2238.6,1066.85,2264.75,1079.95,2279,1091.9,2286.15,1108.55,2284.95,1138.3,2273.05,1161,2248.1,1174.1,2223.1,1177.6,2202.85,1172.85,2183.8,1151.4,2164.75,1130.05
4-123,Uninfected,No_comment,Polygon,14,2306.45,1103.85,2313.6,1076.4,2343.3,1058.6,2371.95,1063.3,2395.7,1077.65,2405.3,1100.2,2407.6,1124.05,2396.95,1152.6,2381.4,1171.65,2366,1182.35,2341,1180.05,2317.1,1168.15,2299.25,1141.95,2299.25,1121.65
4-124,Uninfected,No_comment,Polygon,15,2326.7,1008.55,2320.75,972.8,2330.2,945.4,2348.15,930,2366,924.05,2404.1,921.6,2430.3,927.55,2444.6,946.6,2450.55,965.65,2445.7,987.15,2431.5,1013.35,2416,1024,2386.25,1027.6,2362.35,1024,2341,1016.85
4-125,Uninfected,No_comment,Polygon,17,2302.9,916.9,2289.8,882.3,2294.55,854.9,2307.65,835.85,2324.25,822.75,2349.25,825.15,2370.75,833.55,2394.5,829.9,2413.55,833.55,2427.85,853.75,2437.45,872.85,2444.6,896.6,2426.65,918.05,2402.9,916.9,2375.45,912.05,2349.25,920.4,2317.1,926.35
4-126,Uninfected,No_comment,Polygon,13,2323.05,769.25,2332.65,734.65,2355.2,712.1,2379.1,703.7,2412.45,704.95,2426.65,722.75,2435.05,744.25,2430.3,770.4,2420.7,796.55,2394.5,815.6,2376.7,819.2,2343.3,816.8,2324.25,790.6
4-127,Uninfected,No_comment,Polygon,14,2181.35,718.05,2156.35,699,2143.25,665.65,2156.35,631.05,2173.1,607.25,2199.3,600.1,2219.55,601.35,2238.6,613.2,2257.65,634.7,2264.75,659.7,2258.75,684.7,2250.5,708.45,2218.35,733.45,2196.9,729.95
4-128,Uninfected,No_comment,Polygon,12,2321.95,597.7,2327.9,576.35,2344.55,554.85,2370.75,547.7,2392.2,559.6,2410.05,571.5,2416,598.9,2416,623.9,2404.1,648.9,2380.3,660.85,2350.45,662,2325.5,631.05
4-129,Uninfected,No_comment,Polygon,16,2427.85,813.3,2433.8,784.65,2454.1,754.9,2474.35,746.55,2493.4,749,2510,754.9,2526.75,770.4,2535,789.45,2533.9,810.85,2535,832.3,2527.95,856.1,2512.45,868,2496.9,873.95,2470.7,873.95,2445.7,862.05,2424.35,834.7
4-130,Uninfected,No_comment,Polygon,16,2489.8,944.2,2473.15,955,2457.65,975.25,2449.35,1001.45,2451.65,1020.5,2469.6,1047.8,2488.65,1052.65,2507.7,1053.75,2533.9,1045.5,2549.3,1037.1,2557.7,1019.3,2562.4,1000.25,2560.1,976.35,2544.6,956.2,2526.75,945.4,2510,943.1
4-131,Uninfected,No_comment,Polygon,20,2469.6,1066.85,2456.5,1079.95,2448.15,1094.25,2450.55,1120.45,2452.85,1130.05,2473.15,1145.45,2498.1,1158.55,2523.1,1157.35,2550.55,1158.55,2574.3,1153.8,2588.6,1141.95,2598.2,1120.45,2595.8,1097.9,2593.35,1084.8,2577.95,1066.85,2570.8,1057.35,2557.7,1053.75,2536.2,1057.35,2514.85,1064.55,2486.25,1063.3
4-132,Uninfected,No_comment,Polygon,17,2661.35,427.5,2669.7,398.9,2686.35,376.3,2717.25,359.6,2739.95,358.4,2762.5,365.55,2776.85,376.3,2789.95,397.7,2795.9,419.15,2793.45,442.95,2785.2,464.4,2766.15,479.9,2750.65,494.15,2719.7,498.95,2700.65,490.6,2681.6,476.3,2662.55,447.75
4-133,Uninfected,No_comment,Polygon,15,2826.8,362,2850.6,326.25,2872.1,319.15,2906.65,319.15,2926.9,323.9,2948.25,348.9,2956.65,362,2954.2,389.4,2944.75,413.2,2931.65,432.25,2903,442.95,2875.7,437,2848.3,426.3,2826.8,401.25,2824.4,383.45
4-134,Uninfected,No_comment,Polygon,13,2824.4,447.75,2799.4,464.4,2785.2,483.45,2775.65,512.05,2782.8,534.65,2805.35,553.7,2829.25,559.65,2862.6,552.5,2892.35,541.8,2900.7,515.6,2912.6,491.8,2897.05,465.55,2863.7,447.75
4-135,Uninfected,No_comment,Polygon,12,2841.15,570.35,2813.7,575.1,2792.25,595.4,2786.3,621.55,2795.9,650.15,2818.45,670.4,2851.8,676.35,2876.8,672.8,2906.65,646.6,2907.85,622.75,2901.8,593,2880.45,569.2
4-136,Uninfected,No_comment,Polygon,16,2766.15,547.75,2756.6,522.75,2743.5,508.45,2714.9,504.9,2681.6,495.35,2660.15,495.35,2637.55,488.2,2630.4,484.65,2622.05,509.65,2626.75,528.7,2648.25,557.25,2669.7,589.4,2688.75,608.5,2714.9,616.8,2745.9,603.7,2761.3,573.95
4-137,Uninfected,No_comment,Polygon,15,2644.6,573.95,2629.2,565.6,2607.7,558.45,2582.75,568,2564.9,582.3,2555.3,610.85,2548.15,638.25,2564.9,672.8,2586.3,684.7,2617.3,681.1,2647.05,668,2658.9,650.15,2670.8,629.9,2663.65,597.75,2654.2,582.3
4-138,Uninfected,No_comment,Polygon,15,2624.45,846.65,2591.1,851.4,2567.2,864.45,2553,884.75,2550.6,907.35,2560.15,938.3,2581.5,955,2598.25,962.15,2641.1,953.8,2664.85,946.65,2676.75,928.75,2682.75,896.6,2680.4,872.8,2668.5,852.6,2639.85,844.25
4-139,Uninfected,No_comment,Polygon,15,2727.95,864.45,2706.6,879.95,2692.3,901.4,2688.75,927.6,2697,950.2,2722,970.45,2735.1,975.25,2756.6,976.4,2785.2,963.3,2800.6,947.85,2806.55,920.45,2797.1,899,2785.2,882.35,2766.15,871.65,2739.95,865.7
4-140,Uninfected,No_comment,Polygon,16,2722,840.65,2708.9,807.35,2720.9,778.75,2742.25,754.95,2778.05,749,2800.6,749,2826.8,765.65,2847.1,788.3,2856.6,812.1,2847.1,832.3,2837.5,850.2,2817.35,869.25,2793.45,872.8,2772.1,863.3,2744.7,854.95,2727.95,845.45
4-141,Uninfected,No_comment,Polygon,15,2867.35,864.45,2845.85,879.95,2831.55,900.2,2828.05,924,2835.2,943.1,2857.75,959.75,2880.45,965.7,2920.9,952.6,2949.5,944.25,2961.35,927.6,2965,906.15,2950.7,882.35,2941.1,864.45,2919.75,852.6,2887.6,854.95
4-142,Uninfected,No_comment,Polygon,14,2889.9,784.7,2891.1,750.2,2901.8,733.5,2918.55,719.2,2942.3,712.05,2968.55,715.65,2992.3,726.35,2999.45,741.85,3000.7,765.65,3000.7,776.35,2985.2,799,2973.25,808.5,2944.75,819.25,2918.55,814.5
4-143,Uninfected,No_comment,Polygon,16,2980.4,815.65,2960.15,837.1,2962.6,865.7,2962.6,882.35,2992.3,910.95,3005.4,916.9,3026.9,922.85,3051.85,914.5,3067.4,907.35,3086.45,893.05,3093.6,872.8,3092.4,850.2,3068.6,824,3044.7,806.15,3023.35,804.95,3004.3,808.5
4-144,Uninfected,No_comment,Polygon,17,2993.5,678.75,2979.2,662.05,2982.85,644.2,3010.25,621.55,3034.05,608.5,3057.8,597.75,3079.3,595.4,3113.8,608.5,3131.7,627.55,3137.65,645.4,3129.3,666.8,3116.15,684.7,3104.3,693,3088.75,696.6,3060.25,704.95,3034.05,708.5,3012.55,695.4
4-145,Uninfected,No_comment,Polygon,16,2920.9,565.6,2925.7,539.4,2937.6,515.6,2955.4,507.25,2979.2,502.5,3001.9,509.65,3019.7,513.2,3031.6,541.8,3042.4,556.1,3040,568,3030.4,588.25,3017.35,603.7,2991.2,615.6,2965,612.05,2940,595.4,2931.65,584.65
4-146,Uninfected,No_comment,Polygon,16,3124.55,693,3099.55,701.35,3073.35,712.05,3065,727.55,3051.85,752.55,3054.3,788.3,3076.85,813.3,3092.4,831.15,3109,845.45,3126.85,847.8,3147.1,837.1,3158.4,804.2,3173.3,779.95,3173.3,753.75,3157.9,720.4,3136.45,696.6
4-147,Uninfected,No_comment,Polygon,16,3155.5,682.3,3172.1,656.1,3194.8,635.85,3217.35,632.3,3238.85,633.5,3256.65,646.6,3271,662.05,3272.2,683.5,3273.4,706.1,3260.3,722.75,3246,738.25,3216.25,751.35,3192.35,749,3171,737.1,3162.65,713.25,3156.7,695.4
4-148,Uninfected,No_comment,Polygon,20,3285.3,598.95,3279.35,613.25,3273.4,637.05,3276.9,659.7,3293.65,679.9,3300.7,690.6,3323.4,690.6,3344.85,681.1,3368.65,671.55,3385.25,665.65,3403.2,644.2,3407.95,625.15,3403.2,609.65,3394.85,596.55,3380.55,582.3,3365,566.8,3347.15,563.25,3329.35,563.25,3317.45,571.55,3300.7,584.65
4-149,Uninfected,No_comment,Polygon,20,3206.7,551.3,3186.4,535.85,3174.55,520.35,3172.1,496.55,3176.95,476.3,3179.25,466.8,3199.5,454.85,3222.2,451.3,3240.05,452.5,3256.65,456.05,3276.9,467.95,3290,478.65,3301.9,496.55,3305.55,516.8,3301.9,531.1,3294.75,550.15,3282.85,560.85,3266.25,566.8,3250.7,568,3226.95,559.65
4-150,Uninfected,No_comment,Polygon,20,3266.25,422.7,3272.2,404.85,3279.35,389.4,3304.35,376.3,3317.45,373.9,3331.75,382.25,3344.85,391.75,3353.1,410.8,3357.95,429.85,3367.45,444.15,3372.15,463.2,3374.6,476.3,3372.15,489.4,3361.5,503.7,3349.6,512.05,3318.65,507.25,3310.3,488.2,3291.25,460.8,3278.15,450.1,3267.45,437
4-151,Uninfected,No_comment,Polygon,21,3374.6,364.35,3379.3,348.9,3404.3,333.4,3429.3,328.65,3437.65,335.8,3447.25,351.3,3446.05,377.45,3452,403.65,3457.95,419.15,3471.05,434.65,3477,441.75,3469.8,453.7,3459.15,463.2,3452,467.95,3430.5,472.75,3409.15,470.35,3391.2,466.8,3384.1,445.35,3377,425.1,3366.2,406.05,3365,384.6
4-152,Uninfected,No_comment,Polygon,19,3415.1,489.4,3387.7,495.35,3379.3,504.9,3369.85,531.1,3369.85,542.95,3375.8,559.65,3397.15,579.9,3412.7,589.4,3430.5,588.25,3453.2,584.65,3472.25,578.7,3479.4,564.4,3487.65,542.95,3490.1,513.2,3486.55,504.9,3479.4,495.35,3466.3,489.4,3459.15,487,3438.9,487
4-153,Uninfected,No_comment,Polygon,19,3399.6,681.1,3367.45,690.6,3344.85,695.4,3325.8,704.95,3316.25,727.55,3320.95,745.4,3335.3,763.25,3348.4,772.8,3369.85,775.2,3393.65,777.55,3415.1,779.95,3431.75,776.35,3443.6,769.25,3459.15,756.15,3463.9,740.65,3460.35,721.6,3449.55,703.7,3437.65,688.25,3425.8,683.5
4-154,Uninfected,No_comment,Polygon,20,3507.9,766.85,3488.85,779.95,3474.55,788.3,3462.65,800.15,3461.45,821.6,3462.65,843.05,3469.8,859.7,3481.7,868.05,3500.75,878.8,3518.7,877.6,3544.85,875.2,3554.4,869.25,3560.35,858.55,3565.05,839.5,3573.45,825.2,3575.85,806.15,3572.2,794.25,3563.95,775.2,3551.95,765.65,3529.4,764.45
4-155,Uninfected,No_comment,Polygon,20,3557.9,650.15,3554.4,663.25,3550.85,685.85,3556.8,713.25,3571,728.75,3596.1,740.65,3623.4,740.65,3641.35,740.65,3658,733.5,3662.7,732.3,3668.65,715.65,3667.45,706.1,3659.2,689.45,3659.2,670.4,3661.5,657.3,3661.5,650.15,3621.1,635.85,3613.95,632.3,3584.1,635.85,3566.25,646.6
4-156,Uninfected,No_comment,Polygon,24,3517.5,897.85,3500.75,903.8,3479.4,914.5,3468.6,919.25,3456.7,928.75,3448.4,940.7,3452,953.8,3466.3,968.1,3488.85,982.35,3513.85,990.7,3526.95,993.05,3542.5,995.45,3561.55,989.5,3569.9,983.55,3592.45,970.45,3596.1,964.5,3603.15,956.15,3602.05,950.2,3600.85,931.15,3597.2,922.85,3590.05,913.3,3577,907.35,3559.1,900.2,3542.5,899
4-157,Uninfected,No_comment,Polygon,22,3419.85,859.7,3398.35,852.6,3384.1,850.2,3371.05,849,3353.1,853.75,3340,859.7,3319.8,872.8,3316.25,875.2,3312.7,894.25,3315,916.9,3318.65,928.75,3348.4,945.45,3363.9,952.6,3379.3,956.15,3394.85,955,3415.1,950.2,3423.35,941.85,3436.45,928.75,3438.9,913.3,3444.85,893.05,3441.3,883.55,3437.65,874
4-158,Uninfected,No_comment,Polygon,24,3135.2,851.4,3116.15,863.3,3100.75,869.25,3098.35,884.75,3093.6,897.85,3084,909.75,3086.45,924,3099.55,943.1,3112.65,953.8,3136.45,964.5,3160.2,963.3,3181.7,964.5,3199.5,959.75,3211.4,950.2,3219.8,937.1,3225.7,915.7,3225.7,901.4,3225.7,887.1,3218.55,872.8,3212.6,866.85,3190.05,853.75,3179.25,849,3165.05,846.65,3151.95,849
4-159,Uninfected,No_comment,Polygon,19,3596.05,797.8,3600.8,779.85,3609.15,770.4,3623.35,757.3,3646.05,753.7,3669.85,750.15,3697.25,762.05,3704.4,772.75,3705.6,791.85,3703.2,810.9,3691.3,827.55,3686.55,839.45,3679.4,852.55,3672.25,862.1,3643.6,871.6,3625.8,876.3,3605.55,868.05,3591.2,843.05,3593.65,824
4-160,Uninfected,No_comment,Polygon,18,3613.9,995.45,3642.4,976.4,3653.2,969.25,3672.25,963.3,3688.85,970.45,3705.6,977.6,3717.5,989.5,3730.6,1007.35,3730.6,1026.4,3726.95,1044.2,3717.5,1057.3,3706.7,1065.7,3686.55,1072.85,3663.9,1074.05,3648.4,1066.9,3623.35,1057.3,3615.1,1043.05,3607.95,1018
4-161,Uninfected,No_comment,Polygon,20,3774.65,1074.05,3741.3,1077.6,3726.95,1082.3,3703.2,1095.4,3694.8,1107.35,3697.25,1138.35,3703.2,1153.75,3728.2,1171.65,3741.3,1181.2,3766.3,1185.9,3781.8,1187.15,3797.2,1182.4,3808,1177.65,3818.7,1168.1,3835.3,1146.6,3835.3,1130,3836.5,1114.45,3830.6,1102.55,3803.15,1084.75,3785.3,1075.2
4-162,Uninfected,No_comment,Polygon,18,3848.4,1069.2,3858,1049.05,3877.05,1034.75,3900.8,1029.95,3912.7,1028.8,3930.65,1032.35,3955.65,1049.05,3962.8,1055,3968.75,1072.85,3965.1,1100.25,3955.65,1112.15,3947.3,1121.6,3923.5,1131.2,3910.4,1133.5,3887.7,1133.5,3873.5,1125.25,3859.2,1112.15,3849.6,1096.65
4-163,Uninfected,No_comment,Polygon,18,4005.65,1325.3,3993.75,1328.85,3969.95,1346.65,3960.4,1355.05,3953.25,1372.85,3962.8,1395.55,3979.45,1412.2,3996.05,1421.75,4022.25,1427.7,4037.8,1422.85,4048.45,1414.6,4066.4,1397.85,4074.65,1387.2,4074.65,1369.35,4074.65,1353.85,4060.35,1337.2,4047.3,1330.05,4035.35,1325.3
4-164,Uninfected,No_comment,Polygon,16,3800.85,1234.8,3787.75,1220.5,3771,1209.8,3746,1206.2,3724.65,1206.2,3691.3,1212.15,3684.15,1224,3679.4,1250.2,3702,1286,3717.5,1300.25,3751.95,1307.35,3768.7,1305.05,3786.55,1302.65,3796.1,1289.55,3803.15,1278.85,3810.3,1259.8
4-165,Uninfected,No_comment,Polygon,17,3562.7,1041.9,3538.9,1044.2,3500.7,1064.5,3503.15,1085.95,3507.85,1103.8,3515,1122.85,3550.8,1133.5,3572.15,1133.5,3592.4,1137.15,3613.9,1134.7,3638.9,1121.6,3643.6,1115.7,3644.85,1095.4,3641.3,1077.6,3622.25,1069.2,3605.55,1057.3,3581.75,1046.65
4-166,Uninfected,No_comment,Polygon,19,3422.2,1026.4,3392.35,1031.1,3385.2,1040.7,3363.85,1057.3,3353.05,1082.3,3356.7,1103.8,3365.05,1120.4,3375.75,1131.2,3391.2,1138.35,3406.7,1143.1,3426.95,1151.45,3457.9,1139.5,3474.6,1127.55,3484.1,1112.15,3485.3,1087.15,3482.85,1065.7,3476.95,1050.15,3467.45,1039.5,3451.95,1032.35
4-167,Uninfected,No_comment,Polygon,19,3318.6,941.8,3295.9,945.45,3276.85,949,3261.45,958.55,3250.65,979.9,3242.4,994.25,3241.2,1010.9,3250.65,1033.55,3268.6,1053.8,3288.75,1060.95,3322.1,1060.95,3330.5,1056.1,3349.55,1041.9,3354.25,1029.95,3357.9,1013.3,3351.95,994.25,3347.1,976.4,3338.85,959.65,3329.3,951.4
4-168,Uninfected,No_comment,Polygon,18,3305.5,1074.05,3281.65,1074.05,3278.1,1075.2,3265,1087.15,3254.3,1099.05,3244.7,1112.15,3241.2,1135.95,3240,1163.35,3265,1197.8,3273.35,1199,3297.15,1200.25,3314.95,1191.85,3325.75,1177.65,3338.85,1160.95,3344.8,1144.3,3346,1124.05,3332.9,1097.85,3325.75,1088.25
4-169,Uninfected,No_comment,Polygon,20,3424.5,1164.55,3412.65,1160.95,3390.05,1156.2,3378.15,1160.95,3368.6,1180,3359,1201.45,3357.9,1216.9,3366.15,1235.95,3372.1,1247.9,3390.05,1264.55,3409.1,1275.2,3424.5,1276.45,3440.05,1275.2,3454.35,1269.25,3460.3,1253.85,3469.75,1231.15,3468.55,1213.35,3459.1,1190.75,3453.15,1177.65,3441.25,1168.1
4-170,Uninfected,No_comment,Polygon,21,3534.05,1151.45,3517.45,1157.4,3503.15,1168.1,3490.05,1183.6,3486.5,1196.7,3486.5,1216.9,3491.25,1233.6,3512.7,1251.45,3526.9,1256.15,3540,1259.8,3563.9,1259.8,3571.05,1257.4,3587.7,1250.2,3594.85,1243.05,3607.95,1221.7,3613.9,1204.95,3616.25,1191.85,3610.25,1172.8,3598.35,1158.55,3574.6,1151.45,3560.3,1150.25
4-171,Uninfected,No_comment,Polygon,23,3621.05,1277.65,3599.6,1281.2,3586.5,1288.3,3573.4,1305.05,3568.65,1314.5,3567.45,1330.05,3574.6,1347.9,3581.75,1357.45,3591.2,1369.35,3609.15,1374.1,3630.5,1380.05,3641.3,1380.05,3655.5,1378.8,3667.5,1371.65,3675.75,1364.55,3682.95,1353.85,3688.85,1345.5,3692.5,1321.7,3691.3,1312.2,3688.85,1296.7,3668.6,1282.35,3657.95,1276.45,3636.45,1276.45
4-172,Uninfected,No_comment,Polygon,22,3299.55,1269.25,3279.3,1272.9,3261.45,1281.2,3254.3,1291.95,3248.35,1308.6,3248.35,1324.1,3254.3,1341.95,3268.6,1355.05,3285.25,1363.4,3313.85,1372.85,3325.75,1372.85,3349.55,1370.55,3360.2,1365.7,3372.1,1357.45,3381.7,1346.65,3384.1,1334.8,3381.7,1315.75,3378.15,1306.25,3362.65,1289.55,3351.95,1280.05,3341.15,1274.1,3317.4,1270.5
4-173,Uninfected,No_comment,Polygon,19,3153.05,1122.85,3130.45,1122.85,3123.3,1126.4,3103,1132.4,3091.15,1141.9,3086.4,1152.55,3075.7,1181.2,3079.25,1206.2,3088.75,1218.05,3108.95,1233.6,3126.9,1243.05,3154.2,1247.9,3167.3,1243.05,3192.3,1220.5,3198.25,1207.4,3198.25,1187.15,3198.25,1168.1,3193.5,1149.05,3175.7,1133.5
4-174,Uninfected,No_comment,Polygon,22,3192.3,1255.05,3184.05,1252.65,3161.35,1257.4,3143.55,1268.1,3135.15,1280.05,3129.25,1296.7,3122.05,1315.75,3129.25,1328.85,3145.95,1339.5,3169.75,1361,3184.05,1370.55,3192.3,1375.3,3205.4,1378.8,3223.35,1371.65,3231.6,1359.75,3237.55,1345.5,3235.25,1325.3,3229.3,1307.35,3225.65,1294.25,3220.95,1277.65,3215,1269.25,3201.9,1259.8
4-175,Uninfected,No_comment,Polygon,25,2564.2,1036.4,2574.35,1014.65,2580.15,987.15,2581.6,982.8,2591.75,971.2,2604.75,965.4,2617.8,963.95,2649.65,961.05,2659.85,965.4,2677.25,977,2685.95,988.6,2691.75,1007.45,2693.2,1027.7,2693.2,1043.65,2688.85,1059.6,2672.9,1072.65,2661.3,1078.45,2643.85,1082.8,2632.25,1084.25,2620.65,1084.25,2606.2,1078.45,2591.75,1065.4,2585.95,1058.15,2574.35,1046.55,2570,1043.65
4-176,Uninfected,No_comment,Polygon,25,2654.05,1090.05,2639.5,1094.4,2623.55,1104.55,2616.35,1111.8,2614.9,1123.4,2612,1132.1,2606.2,1143.7,2604.75,1156.7,2609.1,1172.65,2617.8,1188.6,2636.6,1200.2,2652.55,1207.45,2675.8,1208.9,2694.65,1206,2710.6,1198.75,2720.75,1192.95,2729.45,1182.8,2741.05,1165.4,2741.05,1150.95,2739.6,1129.2,2729.45,1114.7,2722.2,1100.2,2710.6,1088.6,2699,1085.7,2678.7,1085.7
4-177,Uninfected,No_comment,Polygon,18,2726.55,1072.65,2732.35,1056.7,2743.9,1040.75,2769.95,1036.4,2785.9,1036.4,2799,1037.85,2822.2,1061.05,2833.8,1071.2,2838.15,1101.65,2832.35,1126.3,2826.55,1136.45,2812.05,1143.7,2793.15,1148.05,2778.65,1148.05,2762.75,1145.15,2748.25,1130.65,2739.6,1113.25,2725.1,1092.95
4-178,Uninfected,No_comment,Polygon,18,2900.45,971.2,2886,984.25,2883.1,1004.55,2884.55,1029.15,2899,1040.75,2922.15,1049.45,2938.1,1056.7,2975.85,1052.35,2993.25,1042.2,3003.4,1030.6,3006.3,1021.9,3012.1,995.85,3012.1,984.25,3006.3,972.65,2986,953.8,2968.6,949.45,2943.95,953.8,2913.45,963.95
4-179,Uninfected,No_comment,Polygon,17,2888.85,1100.2,2864.25,1110.35,2857,1127.75,2849.75,1143.7,2852.65,1163.95,2865.7,1184.25,2877.3,1198.75,2910.55,1210.35,2938.1,1208.9,2962.8,1206,2978.75,1192.95,2981.65,1174.1,2984.55,1153.8,2977.3,1136.45,2957,1113.25,2945.4,1106,2923.6,1098.75
4-180,Uninfected,No_comment,Polygon,18,2838.15,1245.15,2807.7,1246.6,2799,1250.95,2785.9,1264,2769.95,1285.75,2765.6,1295.9,2777.2,1320.5,2783,1332.1,2794.6,1346.6,2819.3,1356.75,2843.95,1359.65,2871.5,1353.85,2880.2,1343.7,2888.85,1320.5,2893.2,1300.2,2881.65,1268.35,2870.05,1259.65,2859.9,1252.4
4-181,Uninfected,No_comment,Polygon,24,3038.15,1221.95,3023.7,1230.65,3007.75,1246.6,3000.5,1261.1,2999.05,1271.25,2994.7,1288.65,2997.6,1308.9,3007.75,1316.15,3028.05,1330.65,3046.85,1335,3068.55,1332.1,3083.05,1327.75,3094.7,1326.3,3104.85,1317.6,3110.65,1298.8,3117.9,1287.2,3123.7,1275.6,3125.15,1264,3116.45,1250.95,3101.95,1239.35,3090.35,1232.1,3080.15,1223.4,3067.1,1217.6,3059.85,1217.6
4-182,Uninfected,No_comment,Polygon,20,3107.75,1337.9,3090.35,1345.15,3075.8,1350.95,3062.75,1368.35,3049.75,1394.45,3054.1,1422,3059.85,1437.95,3067.1,1446.6,3084.5,1450.95,3110.65,1452.4,3122.25,1449.5,3133.85,1440.85,3142.55,1429.25,3161.4,1410.4,3170.1,1403.15,3173,1394.45,3170.1,1372.7,3158.5,1364,3130.95,1348.05,3123.7,1343.7
4-183,Uninfected,No_comment,Polygon,19,3210.6,1404.6,3193.25,1410.4,3168.65,1424.9,3155.6,1442.3,3151.25,1453.85,3146.9,1475.6,3158.5,1491.55,3162.85,1503.15,3173,1508.95,3187.45,1514.75,3207.7,1516.2,3226.55,1514.75,3241.1,1504.6,3249.8,1491.55,3257.05,1465.45,3257.05,1455.3,3252.7,1432.15,3239.65,1417.65,3223.65,1410.4
4-184,Uninfected,No_comment,Polygon,19,2987.45,1320.5,2961.35,1316.15,2943.95,1320.5,2922.15,1330.65,2910.55,1348.05,2906.25,1377.05,2910.55,1398.8,2929.4,1414.75,2949.75,1422,2968.6,1427.8,2987.45,1427.8,3004.85,1427.8,3023.7,1423.45,3029.5,1414.75,3036.7,1393,3036.7,1369.8,3033.8,1353.85,3022.25,1337.9,3012.1,1323.4
4-185,Uninfected,No_comment,Polygon,18,2977.3,1445.15,2955.55,1443.75,2930.85,1440.85,2916.35,1449.5,2903.35,1465.45,2890.3,1484.3,2891.75,1510.4,2904.8,1533.6,2917.8,1539.4,2941,1543.75,2967.15,1542.3,2984.55,1535.05,3001.95,1520.55,3015,1511.85,3020.8,1493,3022.25,1475.6,3010.65,1453.85,2993.25,1445.15
4-186,Uninfected,No_comment,Polygon,16,2996.15,1546.65,2980.2,1546.65,2945.4,1555.35,2933.75,1571.3,2932.3,1601.7,2943.95,1623.45,2955.55,1633.6,2974.4,1646.65,2991.8,1649.55,3017.9,1648.1,3033.8,1635.05,3042.5,1620.55,3048.3,1610.4,3051.2,1584.35,3042.5,1564.05,3023.7,1546.65
4-187,Uninfected,No_comment,Polygon,17,2732.35,1440.85,2732.35,1411.85,2746.8,1393,2755.5,1378.5,2778.65,1371.25,2813.5,1371.25,2838.15,1379.95,2852.65,1400.25,2858.45,1423.45,2854.1,1437.95,2842.5,1455.3,2825.1,1464,2806.25,1472.7,2788.8,1475.6,2769.95,1472.7,2754.05,1466.9,2742.45,1456.75
4-188,Uninfected,No_comment,Polygon,20,2632.25,1339.35,2639.5,1324.85,2646.75,1311.8,2661.3,1294.45,2690.3,1287.2,2703.35,1288.65,2723.65,1295.9,2736.7,1304.55,2742.45,1313.25,2751.15,1330.65,2751.15,1355.3,2746.8,1366.9,2732.35,1385.75,2726.55,1393,2697.55,1403.15,2690.3,1403.15,2678.7,1398.8,2664.2,1390.1,2646.75,1374.15,2636.6,1356.75
4-189,Uninfected,No_comment,Polygon,20,2587.4,1335,2570,1336.45,2554.05,1342.25,2545.35,1349.5,2535.2,1361.1,2526.5,1397.35,2532.3,1422,2542.45,1435.05,2556.95,1446.6,2583.05,1458.2,2596.1,1459.65,2622.1,1449.5,2635.15,1435.05,2639.5,1422,2643.85,1406.05,2643.85,1393,2635.15,1365.45,2626.45,1353.85,2614.9,1343.7,2600.4,1336.45
4-190,Uninfected,No_comment,Polygon,17,2471.4,1323.4,2448.25,1326.3,2429.4,1332.1,2423.6,1337.9,2416.35,1361.1,2419.25,1394.45,2433.75,1408.95,2451.15,1419.1,2461.25,1424.9,2484.4,1426.35,2500.35,1413.3,2512,1404.6,2520.7,1390.1,2520.7,1364,2517.8,1348.05,2512,1335,2500.35,1326.3
4-191,Uninfected,No_comment,Polygon,17,2369.95,1301.65,2345.25,1297.35,2330.75,1304.55,2288.8,1321.95,2281.55,1339.35,2281.55,1368.35,2297.5,1385.75,2313.4,1395.9,2323.55,1400.25,2351.05,1403.15,2369.95,1395.9,2388.8,1384.3,2398.95,1371.25,2406.2,1342.25,2401.85,1330.65,2388.8,1307.45,2385.9,1307.45
4-192,Uninfected,No_comment,Polygon,18,2239.5,1188.6,2226.45,1198.75,2219.2,1207.45,2214.8,1226.3,2219.2,1249.5,2222.1,1259.65,2238.05,1278.5,2262.7,1295.9,2281.55,1301.65,2300.4,1295.9,2313.4,1285.75,2330.75,1264,2332.2,1249.5,2329.3,1227.75,2323.55,1219.05,2304.75,1194.4,2290.25,1188.6,2272.85,1184.25
4-193,Uninfected,No_comment,Polygon,17,2498.9,1433.6,2471.4,1440.85,2455.45,1455.3,2456.9,1468.35,2455.45,1485.75,2464.15,1506.05,2472.85,1522,2491.65,1533.6,2510.55,1540.85,2530.85,1543.75,2554.05,1539.4,2568.55,1527.8,2575.8,1513.3,2578.7,1493,2567.1,1465.45,2551.15,1452.4,2533.75,1440.85
4-194,Uninfected,No_comment,Polygon,18,2187.25,1437.95,2154,1437.95,2138.05,1443.75,2110.5,1456.75,2103.25,1472.7,2100.35,1490.1,2104.7,1508.95,2113.4,1529.25,2129.35,1545.2,2155.45,1555.35,2172.8,1551,2195.95,1542.3,2209,1532.15,2217.7,1517.65,2225,1498.8,2226.45,1475.6,2211.9,1455.3,2201.75,1440.85
4-195,Uninfected,No_comment,Polygon,16,2058.1,1202.95,2062.45,1182.65,2071.15,1168.1,2100.1,1140.55,2124.75,1130.4,2140.7,1137.65,2159.55,1147.8,2178.4,1160.85,2192.9,1184.1,2197.2,1202.95,2194.35,1227.55,2174.05,1243.45,2143.6,1255.05,2124.75,1256.5,2097.2,1253.6,2069.7,1233.3
4-196,Uninfected,No_comment,Polygon,20,1885.6,1131.85,1860.95,1133.3,1840.7,1142,1823.3,1156.5,1814.6,1171,1810.25,1182.65,1813.15,1202.95,1816.05,1221.75,1826.2,1239.1,1843.6,1249.25,1859.5,1255.05,1887.05,1256.5,1905.9,1253.6,1923.3,1242,1936.35,1224.65,1940.7,1210.2,1943.6,1191.35,1939.25,1173.95,1923.3,1155.05,1907.35,1143.45
4-197,Uninfected,No_comment,Polygon,15,1759.5,1175.4,1740.65,1176.85,1714.6,1188.45,1701.55,1205.85,1698.65,1223.2,1708.8,1244.9,1727.65,1271,1745,1281.15,1766.75,1276.8,1788.5,1266.65,1798.65,1255.05,1803,1220.3,1798.65,1210.2,1787.05,1194.25,1781.25,1187
4-198,Uninfected,No_comment,Polygon,16,1617.5,1152.15,1604.45,1149.25,1566.75,1171,1558.05,1188.45,1555.15,1208.75,1562.4,1242,1572.55,1265.2,1584.15,1275.35,1617.5,1278.25,1634.85,1272.45,1649.35,1259.4,1666.75,1237.65,1675.45,1230.4,1676.9,1197.15,1672.55,1181.2,1645,1155.05
4-199,Uninfected,No_comment,Polygon,17,1417.45,1658.05,1424.7,1633.4,1433.4,1615.95,1447.9,1604.35,1471.1,1594.2,1495.75,1589.85,1514.6,1592.75,1543.55,1604.35,1552.25,1617.4,1552.25,1637.75,1547.9,1655.15,1534.85,1671,1513.15,1684.05,1497.2,1691.3,1472.55,1695.65,1447.9,1688.4,1424.7,1672.45
4-200,Uninfected,No_comment,Polygon,16,1439.2,1715.95,1420.35,1724.65,1408.8,1743.55,1397.2,1763.85,1389.95,1789.85,1403,1808.7,1420.35,1817.4,1439.2,1820.3,1456.6,1818.85,1484.15,1805.8,1504.45,1788.4,1516.05,1771.1,1516.05,1747.9,1507.35,1731.9,1489.95,1718.85,1474,1714.5
4-201,Uninfected,No_comment,Polygon,16,1665.3,1691.3,1636.35,1689.85,1611.7,1686.95,1592.85,1695.65,1578.35,1710.15,1569.65,1727.55,1569.65,1746.45,1587.05,1775.4,1604.45,1786.95,1636.35,1788.4,1658.05,1789.85,1669.65,1786.95,1688.5,1769.65,1698.65,1734.8,1694.3,1715.95,1688.5,1702.9
4-202,Uninfected,No_comment,Polygon,14,1582.7,1649.35,1578.35,1618.85,1587.05,1594.2,1610.25,1575.35,1624.75,1565.2,1674,1571,1692.85,1578.25,1701.55,1600,1703,1626.1,1698.65,1656.6,1685.6,1665.25,1669.65,1672.45,1632,1682.6,1601.55,1675.35
4-203,Uninfected,No_comment,Polygon,15,1729.1,1553.65,1710.25,1578.25,1707.35,1613.05,1716.05,1640.65,1730.55,1665.25,1775.45,1665.25,1795.75,1659.5,1817.5,1646.45,1830.55,1629.05,1839.25,1607.25,1830.55,1576.8,1814.6,1562.3,1785.6,1549.3,1772.55,1543.55,1747.95,1543.55
4-204,Uninfected,No_comment,Polygon,17,1813.15,1447.8,1792.85,1457.95,1776.9,1469.55,1763.85,1489.85,1768.2,1520.35,1771.1,1529.05,1789.95,1543.55,1814.6,1550.75,1837.8,1553.65,1850.85,1550.75,1871.1,1534.85,1878.35,1524.7,1884.15,1501.45,1882.7,1479.7,1879.8,1469.55,1861,1456.5,1846.5,1449.25
4-205,Uninfected,No_comment,Polygon,16,1979.85,1446.35,1936.35,1453.6,1921.85,1460.85,1907.35,1476.8,1898.65,1501.45,1901.55,1517.45,1913.15,1539.2,1929.1,1549.3,1946.5,1553.65,1963.9,1553.65,1984.2,1552.2,1994.3,1543.55,2004.45,1529.05,2011.7,1510.15,2011.7,1489.85,1997.2,1460.85
4-206,Uninfected,No_comment,Polygon,16,1898.65,1384.05,1913.15,1346.35,1947.95,1316,1971.15,1314.55,1998.65,1327.55,2014.6,1337.65,2030.55,1359.4,2033.45,1379.7,2032,1394.2,2024.75,1413.1,2010.25,1427.6,1988.5,1436.25,1963.9,1434.8,1945.05,1429.05,1917.5,1417.45,1910.25,1407.3
4-207,Uninfected,No_comment,Polygon,19,1894.45,1642.1,1900.5,1627.25,1916.85,1613.75,1933.35,1600.3,1961.6,1595.9,1973.65,1600.3,1985.6,1603.3,2003.4,1615.3,2016.95,1631.65,2019.85,1666,2015.35,1681,2006.5,1691.45,1996.05,1701.9,1978.05,1713.85,1970.55,1713.85,1943.8,1709.3,1922.9,1707.8,1907.85,1694.35,1892.95,1664.5
4-208,Uninfected,No_comment,Polygon,19,2034.75,1583.95,2025.8,1598.8,2022.85,1619.7,2030.3,1639.2,2030.3,1657.05,2030.3,1670.55,2051.2,1685.4,2057.15,1688.4,2070.65,1691.45,2106.45,1681,2111,1658.6,2113.9,1639.2,2115.4,1625.75,2119.85,1610.75,2119.85,1597.4,2119.85,1588.35,2096,1575,2087,1570.45,2066.1,1567.45
4-209,Uninfected,No_comment,Polygon,17,2170.65,1589.85,2146.75,1595.9,2134.8,1612.25,2127.35,1631.65,2128.8,1654.05,2140.75,1681,2149.7,1686.9,2166.15,1691.45,2193,1692.9,2206.55,1689.95,2224.35,1674.95,2234.8,1661.5,2239.35,1645.1,2242.3,1625.75,2234.8,1604.85,2222.9,1591.35,2194.5,1580.9
4-210,Uninfected,No_comment,Polygon,20,2279.7,1636.2,2263.2,1648.15,2251.25,1663,2243.8,1677.95,2239.35,1695.85,2237.9,1712.35,2242.3,1734.75,2246.75,1760.05,2261.7,1782.45,2270.75,1785.5,2281.2,1787,2297.5,1787,2315.45,1775.05,2321.5,1763.1,2325.9,1748.1,2328.85,1724.3,2327.4,1700.4,2324.4,1681,2319.9,1664.5,2305,1645.1
4-211,Uninfected,No_comment,Polygon,17,2209.45,1709.3,2185.65,1709.3,2158.7,1710.85,2148.25,1719.75,2139.25,1737.65,2131.9,1757.05,2130.3,1773.55,2137.8,1789.9,2148.25,1804.9,2164.75,1813.8,2178.1,1818.35,2206.55,1813.8,2217,1804.9,2228.9,1785.5,2234.8,1775.05,2236.3,1749.6,2225.85,1728.7
4-212,Uninfected,No_comment,Polygon,22,2079.65,1733.25,2066.1,1727.2,2042.25,1727.2,2030.3,1736.15,2007.9,1754.15,1997.45,1764.6,1994.55,1780.95,1998.95,1797.45,2006.5,1809.3,2030.3,1818.35,2046.7,1818.35,2072.1,1833.2,2081.1,1843.65,2102.05,1848.2,2113.9,1839.25,2122.95,1825.8,2127.35,1812.3,2122.95,1787,2118.35,1772,2112.5,1758.55,2106.45,1742.2,2102.05,1737.65
4-213,Uninfected,No_comment,Polygon,19,1955.65,1727.2,1924.3,1719.75,1901.95,1718.25,1894.45,1724.3,1884,1731.75,1876.5,1739.15,1866.05,1758.55,1863.1,1776.55,1866.05,1791.4,1882.5,1824.25,1892.95,1833.2,1904.9,1839.25,1928.75,1840.65,1946.7,1836.2,1963.2,1821.25,1978.05,1809.3,1984.1,1789.9,1979.55,1763.1,1970.55,1740.65
4-214,Uninfected,No_comment,Polygon,19,1827.35,1785.5,1806.45,1787,1791.4,1792.9,1770.5,1801.85,1758.6,1822.75,1751.1,1834.7,1755.6,1857.1,1760.05,1875,1776.5,1894.4,1796,1904.85,1813.8,1909.35,1851.15,1895.9,1863.1,1883.95,1872.05,1867.55,1878,1855.6,1881.05,1843.65,1866.05,1822.75,1860.15,1806.4,1846.65,1788.4
4-215,Uninfected,No_comment,Polygon,15,1734.7,1910.9,1712.35,1913.9,1683.95,1933.3,1675,1945.25,1669.1,1964.65,1677.95,1996,1695.9,2010.85,1730.2,2019.8,1754.2,2022.8,1772,2018.4,1784.05,2003.4,1797.4,1984.05,1796,1958.6,1791.4,1934.8,1764.65,1913.9
4-216,Uninfected,No_comment,Polygon,20,1660.05,2016.9,1636.25,2018.4,1613.75,2031.75,1606.4,2051.25,1600.35,2072.15,1601.8,2095.95,1616.85,2110.95,1636.25,2121.4,1652.6,2124.4,1676.45,2124.4,1697.35,2113.95,1716.8,2104.9,1730.2,2095.95,1742.25,2076.55,1745.15,2063.1,1737.7,2046.7,1730.2,2036.25,1718.25,2030.25,1695.9,2021.3,1682.45,2015.35
4-217,Uninfected,No_comment,Polygon,19,1801.85,2027.35,1784.05,2033.25,1764.65,2049.75,1761.55,2066.1,1761.55,2082.6,1770.5,2102,1791.4,2118.35,1798.9,2122.9,1821.3,2134.85,1828.75,2139.25,1849.65,2136.25,1860.15,2125.8,1866.05,2112.45,1866.05,2091.55,1866.05,2075.05,1863.1,2060.2,1854.15,2045.2,1842.2,2037.8,1824.25,2028.85
4-218,Uninfected,No_comment,Polygon,20,1748.15,2133.35,1727.25,2140.75,1713.8,2154.25,1709.3,2169.1,1707.8,2187.1,1713.8,2209.4,1716.8,2227.4,1725.75,2239.35,1743.75,2252.7,1769.05,2254.2,1785.55,2251.3,1801.85,2239.35,1815.4,2228.9,1824.25,2215.4,1830.25,2196.05,1827.35,2173.65,1818.3,2151.2,1809.35,2145.3,1784.05,2133.35,1775.1,2127.3
4-219,Uninfected,No_comment,Polygon,18,1869.15,2216.95,1851.15,2221.35,1839.2,2224.35,1827.35,2237.85,1819.8,2261.75,1821.3,2273.6,1830.25,2291.6,1846.65,2306.45,1866.05,2312.5,1886.95,2312.5,1907.85,2304.95,1924.3,2294.5,1928.75,2267.65,1930.25,2249.8,1928.75,2234.8,1919.8,2224.35,1912.45,2218.45,1895.95,2213.9
4-220,Uninfected,No_comment,Polygon,21,1888.45,2064.6,1885.5,2078.05,1882.5,2093.05,1886.95,2121.4,1897.4,2136.25,1912.45,2142.3,1925.8,2145.3,1945.2,2139.25,1961.6,2137.75,1978.05,2134.85,1997.45,2124.4,2007.9,2109.4,2015.35,2094.45,2016.95,2073.55,2009.4,2061.7,2001.95,2051.25,1988.5,2039.3,1967.6,2033.25,1946.7,2028.85,1925.8,2033.25,1907.85,2042.2
4-221,Uninfected,No_comment,Polygon,19,2034.75,1936.2,2003.4,1949.65,1981,1958.6,1976.55,1973.6,1972.05,2001.9,1972.05,2012.35,1992.95,2024.3,2016.95,2033.25,2025.8,2039.3,2043.75,2039.3,2072.1,2034.75,2079.65,2028.85,2094.5,2010.85,2104.95,1992.95,2103.45,1975.1,2097.45,1958.6,2087,1939.2,2072.1,1930.25,2055.65,1931.8
4-222,Uninfected,No_comment,Polygon,21,1954.25,1922.85,1942.3,1909.35,1939.2,1886.95,1942.3,1869.1,1945.2,1852.6,1961.6,1837.75,1984.1,1828.8,1992.95,1821.25,2016.95,1818.35,2039.3,1825.8,2051.2,1837.75,2069.2,1846.65,2078.05,1854.1,2084.05,1864.55,2076.55,1894.4,2069.2,1903.45,2057.15,1916.8,2034.75,1925.75,2018.35,1928.75,2006.5,1933.3,1970.55,1933.3
4-223,Uninfected,No_comment,Polygon,22,2263.2,2095.95,2245.25,2102,2236.3,2107.9,2228.9,2128.8,2227.45,2142.3,2219.9,2158.65,2213.9,2175.15,2213.9,2201.95,2222.9,2212.4,2245.25,2222.85,2266.15,2224.35,2288.55,2222.85,2302.1,2216.95,2315.45,2208,2323,2185.6,2327.4,2170.6,2328.85,2154.25,2321.5,2142.3,2313.95,2131.85,2299,2119.85,2287.05,2109.4,2272.15,2103.5
4-224,Uninfected,No_comment,Polygon,20,2291.65,2025.8,2285.6,2040.7,2276.6,2063.1,2285.6,2084,2296.05,2097.45,2319.9,2115.35,2342.4,2124.4,2354.35,2124.4,2373.65,2118.35,2385.7,2109.4,2393.05,2090.05,2397.6,2078.05,2391.6,2052.65,2390.1,2037.8,2382.6,2025.8,2367.7,2013.85,2355.75,2009.35,2339.3,2009.35,2324.4,2015.35,2307.95,2021.3
4-225,Uninfected,No_comment,Polygon,14,2367.7,2137.75,2352.85,2149.7,2346.8,2164.7,2337.85,2181.05,2334.85,2200.45,2343.9,2225.85,2361.7,2240.85,2390.1,2255.7,2433.4,2237.85,2454.3,2221.35,2455.75,2196.05,2448.4,2166.2,2434.85,2148.2,2396.15,2133.35
4-226,Uninfected,No_comment,Polygon,13,2496.1,2079.6,2463.25,2087,2452.8,2103.5,2448.4,2125.8,2454.3,2163.2,2466.2,2173.65,2484.15,2182.55,2517,2181.05,2530.4,2175.15,2551.3,2160.15,2548.35,2122.9,2534.9,2093.05,2509.5,2082.6
4-227,Uninfected,No_comment,Polygon,15,2382.6,1812.3,2363.3,1819.75,2337.85,1837.75,2328.85,1869.1,2333.45,1890,2343.9,1906.35,2372.15,1919.8,2390.1,1922.85,2422.95,1919.8,2440.85,1912.4,2454.3,1891.5,2464.75,1866.05,2458.85,1837.75,2446.8,1824.25,2415.45,1810.8
4-228,Uninfected,No_comment,Polygon,12,2433.4,1613.75,2415.45,1619.7,2399.05,1646.65,2396.15,1673.45,2405,1701.9,2431.9,1727.2,2461.75,1739.15,2491.7,1731.75,2512.6,1704.8,2508,1671.95,2484.15,1631.65,2457.25,1613.75
4-229,Uninfected,No_comment,Polygon,12,2569.25,1557,2536.4,1579.4,2518.45,1612.25,2511.1,1642.1,2527.45,1677.95,2543.95,1695.85,2567.75,1697.35,2596.2,1682.4,2618.55,1646.65,2621.5,1619.7,2615.5,1577.9,2593.1,1564.55
4-230,Uninfected,No_comment,Polygon,15,2709.55,1583.95,2666.25,1592.85,2651.35,1604.85,2640.9,1618.3,2639.5,1640.6,2638,1669.05,2646.85,1700.4,2694.65,1713.85,2720,1709.3,2745.4,1695.85,2758.85,1677.95,2766.35,1652.55,2766.35,1627.25,2751.35,1609.25,2723.1,1589.85
4-231,Uninfected,No_comment,Polygon,12,2793.15,1710.85,2766.35,1719.75,2739.45,1733.25,2729,1761.55,2731.95,1795.95,2746.9,1818.35,2764.9,1822.75,2797.7,1819.75,2818.65,1794.45,2827.6,1764.6,2826,1734.75,2812.6,1719.75
4-232,Uninfected,No_comment,Polygon,13,2921.55,1740.65,2881.35,1749.6,2864.85,1763.1,2848.5,1784,2842.45,1813.8,2848.5,1837.75,2866.3,1846.65,2908.15,1855.6,2930.5,1843.65,2954.5,1825.8,2958.9,1804.9,2960.4,1773.55,2940.95,1752.65
4-233,Uninfected,No_comment,Polygon,18,2935.05,1648.15,2900.75,1664.5,2891.8,1692.9,2893.2,1721.3,2908.15,1731.75,2929.05,1739.15,2948.45,1737.65,2963.35,1746.6,2976.85,1751.1,2993.2,1742.2,3015.6,1722.8,3026.05,1706.3,3033.55,1686.9,3033.55,1669.05,3024.55,1666,3006.75,1666,2978.3,1667.5,2955.95,1655.55
4-234,Uninfected,No_comment,Polygon,14,2715.55,1813.8,2693.15,1812.3,2672.25,1821.25,2649.95,1837.75,2636.4,1855.6,2631.95,1882.55,2634.9,1913.9,2652.85,1933.3,2684.2,1942.25,2730.45,1927.25,2752.85,1898.9,2760.35,1872.05,2751.35,1840.65,2737.95,1825.8
4-235,Uninfected,No_comment,Polygon,15,2594.6,1828.8,2549.85,1821.25,2525.95,1827.3,2502.15,1837.75,2488.6,1858.65,2473.7,1885.45,2484.15,1904.85,2500.65,1931.8,2514,1942.25,2546.85,1951.15,2575.3,1945.25,2591.65,1936.2,2611.05,1916.8,2617.1,1888.45,2617.1,1860.15
4-236,Uninfected,No_comment,Polygon,15,2726,1945.25,2712.65,1951.15,2693.15,1964.65,2679.8,1987.05,2678.2,2015.35,2691.75,2037.8,2714.05,2058.7,2731.95,2064.6,2751.35,2069.15,2776.8,2060.2,2788.7,2048.25,2791.7,2030.25,2793.15,2007.95,2781.25,1985.55,2754.45,1960.1
4-237,Uninfected,No_comment,Polygon,17,2949.95,1952.7,2929.05,1955.7,2908.15,1963.15,2887.25,1998.9,2887.25,2015.35,2902.25,2037.8,2924.6,2045.2,2945.5,2049.75,2967.85,2052.65,2990.25,2058.7,3012.65,2055.65,3027.65,2039.3,3036.5,2024.3,3038.1,2007.95,3023.1,1978,3014.1,1963.15,2969.35,1951.15
4-238,Uninfected,No_comment,Polygon,16,2915.6,2057.15,2893.2,2060.2,2872.3,2064.6,2861.85,2093.05,2860.45,2121.4,2878.25,2142.3,2905.15,2154.25,2926.05,2157.15,2945.5,2160.15,2969.35,2158.65,2985.85,2148.2,2997.8,2133.35,2996.3,2107.9,2987.35,2088.5,2972.3,2075.05,2938,2061.7
4-239,Uninfected,No_comment,Polygon,18,2767.8,2075.05,2748.4,2081.1,2727.5,2084,2706.6,2100.5,2699.1,2118.35,2697.6,2142.3,2705.1,2155.75,2727.5,2169.1,2744,2176.65,2764.9,2178.05,2788.7,2178.05,2811.1,2169.1,2821.55,2157.15,2832,2139.25,2836.45,2125.8,2823.05,2097.45,2814.05,2088.5,2797.7,2081.1
4-240,Uninfected,No_comment,Polygon,20,2900.75,2161.65,2870.9,2157.15,2855.85,2164.7,2840.95,2176.65,2827.6,2193,2820.05,2208,2818.65,2236.3,2840.95,2257.2,2864.85,2266.15,2882.75,2269.2,2900.75,2273.6,2909.6,2275.1,2938,2269.2,2952.9,2246.75,2960.4,2233.3,2960.4,2216.95,2957.4,2196.05,2951.4,2187.1,2944.05,2176.65,2924.6,2169.1
4-241,Uninfected,No_comment,Polygon,17,2838.05,2278.1,2827.6,2288.55,2815.55,2303.55,2809.6,2316.9,2811.1,2333.4,2817.15,2345.35,2833.5,2363.25,2851.4,2373.65,2875.3,2375.2,2890.3,2373.65,2902.25,2372.15,2912.7,2361.7,2917.1,2328.85,2914.1,2315.4,2899.15,2299,2876.75,2287.05,2858.95,2284.05
4-242,Uninfected,No_comment,Polygon,17,3009.65,2300.55,2993.2,2299,2975.4,2306.45,2960.4,2328.85,2948.45,2340.8,2945.5,2355.8,2954.5,2370.65,2972.3,2388.55,2990.25,2402,3012.65,2403.5,3029.15,2397.6,3045.45,2391.55,3061.9,2370.65,3069.45,2358.7,3063.4,2339.3,3050.05,2319.9,3035,2314
4-243,Uninfected,No_comment,Polygon,16,2378.15,2309.45,2355.75,2309.45,2325.9,2322.95,2316.95,2336.3,2303.5,2349.75,2300.6,2369.15,2307.95,2385.65,2311.05,2396.1,2324.4,2408.05,2346.8,2412.45,2376.65,2410.95,2390.1,2403.5,2405,2369.15,2406.6,2357.2,2405,2334.9,2393.05,2312.5
4-244,Uninfected,No_comment,Polygon,18,2309.45,2227.4,2282.6,2230.35,2255.7,2234.8,2245.25,2243.75,2227.45,2279.65,2225.85,2299,2237.9,2321.45,2251.25,2325.85,2279.7,2333.4,2296.05,2330.35,2309.45,2319.9,2330.35,2306.45,2345.3,2299,2358.75,2291.6,2367.7,2282.65,2363.3,2261.75,2355.75,2249.8,2333.45,2231.8
4-245,Uninfected,No_comment,Polygon,16,2449.85,2354.3,2434.95,2363.25,2423,2379.6,2418.5,2417,2424.5,2430.45,2439.4,2451.35,2455.85,2463.2,2472.25,2463.2,2502.1,2460.3,2518.55,2446.8,2530.45,2436.35,2536.45,2413.95,2536.45,2391.55,2530.45,2372.15,2509.55,2355.8,2487.2,2346.85
4-246,Uninfected,No_comment,Polygon,18,2800.7,2524.5,2787.25,2539.35,2779.8,2563.25,2781.3,2581.15,2793.25,2603.55,2805.2,2615.5,2817.15,2625.95,2847,2633.4,2864.9,2629,2878.35,2620.05,2909.7,2597.65,2912.65,2582.65,2914.15,2560.25,2912.65,2546.9,2897.75,2534.95,2879.85,2523,2845.5,2506.55,2830.55,2514.05
4-247,Uninfected,No_comment,Polygon,16,2879.85,2421.5,2857.45,2437.95,2852.95,2464.7,2863.4,2499.05,2873.85,2514.05,2891.75,2519.95,2908.2,2519.95,2941.05,2523,2961.95,2521.55,2970.9,2500.65,2982.85,2479.75,2981.35,2457.25,2967.9,2430.45,2958.95,2420,2935.05,2408.05,2915.65,2406.55
4-248,Uninfected,No_comment,Polygon,15,3081.35,2378.2,3056,2397.6,3047.05,2418.5,3048.55,2452.85,3067.95,2479.75,3088.85,2491.65,3120.2,2482.7,3144.1,2475.15,3151.55,2467.7,3162,2452.85,3165,2431.95,3165,2411.05,3148.55,2387.15,3136.6,2372.15,3123.2,2369.25
4-249,Uninfected,No_comment,Polygon,17,3181.4,2494.65,3162,2494.65,3147.05,2509.5,3138.1,2519.95,3147.05,2546.9,3160.5,2564.8,3193.35,2593.1,3211.25,2600.65,3229.15,2603.55,3248.6,2603.55,3270.95,2588.7,3276.95,2572.2,3281.4,2558.85,3273.95,2533.45,3260.5,2524.5,3235.15,2517.05,3203.8,2509.5
4-250,Uninfected,No_comment,Polygon,17,3218.7,2385.65,3202.3,2396.1,3181.4,2421.5,3182.9,2442.4,3190.35,2466.2,3202.3,2484.2,3226.2,2500.65,3248.6,2506.55,3268,2503.6,3284.4,2500.65,3299.35,2479.75,3303.8,2460.3,3306.8,2439.4,3303.8,2424.4,3291.9,2405,3279.95,2391.55,3248.6,2382.6
4-251,Uninfected,No_comment,Polygon,12,3359.05,2415.45,3333.7,2425.9,3326.2,2452.85,3321.75,2475.15,3338.15,2515.55,3368,2521.55,3385.95,2518.45,3405.35,2509.5,3414.3,2485.6,3415.8,2463.3,3403.85,2436.35,3387.4,2422.9
4-252,Uninfected,No_comment,Polygon,16,3363.55,2297.5,3344.15,2316.9,3338.15,2336.4,3339.65,2361.7,3345.6,2381.1,3357.55,2390.15,3381.45,2396.1,3399.35,2405,3424.75,2408.05,3433.7,2394.55,3453.1,2364.75,3459.1,2357.3,3459.1,2343.85,3433.7,2319.9,3408.3,2300.6,3382.95,2296
4-253,Uninfected,No_comment,Polygon,14,3491.95,2360.2,3469.55,2364.75,3457.6,2382.6,3438.2,2400.6,3433.7,2430.45,3435.2,2448.4,3442.65,2467.7,3462.05,2491.65,3499.4,2499.05,3535.2,2493.15,3548.65,2463.3,3544.2,2420,3536.7,2390.15,3502.4,2364.75
4-254,Uninfected,No_comment,Polygon,16,3484.45,2236.3,3465.05,2248.35,3445.65,2263.25,3436.7,2282.65,3441.15,2302.05,3453.1,2318.4,3472.5,2334.9,3515.8,2348.35,3527.75,2348.35,3554.65,2337.85,3568.05,2322.95,3574.05,2306.45,3574.05,2285.55,3560.6,2266.15,3544.2,2243.75,3509.85,2230.4
4-255,Uninfected,No_comment,Polygon,15,3602.4,2352.85,3584.5,2360.2,3566.55,2373.65,3560.6,2397.6,3560.6,2425.9,3568.05,2442.4,3586,2461.8,3608.35,2470.75,3627.8,2463.3,3645.7,2455.75,3654.65,2443.8,3657.65,2425.9,3656.15,2402,3641.2,2367.75,3626.3,2357.3
4-256,Uninfected,No_comment,Polygon,15,3571.05,2164.7,3563.6,2187.1,3559.1,2209.5,3563.6,2233.3,3590.45,2270.7,3602.4,2282.65,3624.8,2288.55,3641.2,2279.7,3654.65,2270.7,3665.1,2258.8,3666.6,2222.85,3665.1,2197.55,3654.65,2170.6,3626.3,2154.25,3600.9,2155.75
4-257,Uninfected,No_comment,Polygon,11,3739.75,2154.25,3700.95,2170.6,3687.5,2196.05,3686,2234.8,3693.45,2260.25,3718.85,2273.7,3751.7,2275.1,3768.1,2264.65,3778.55,2246.75,3789,2199.05,3771.1,2170.6
4-258,Uninfected,No_comment,Polygon,15,3796.5,2051.25,3769.6,2057.15,3747.2,2072.15,3736.75,2095.95,3739.75,2116.85,3747.2,2133.35,3766.6,2148.2,3787.5,2158.75,3818.85,2164.7,3833.8,2163.25,3848.75,2139.25,3856.2,2121.45,3856.2,2102,3838.3,2072.15,3821.85,2055.65
4-259,Uninfected,No_comment,Polygon,15,3895,1985.55,3863.65,1992.95,3853.2,2006.45,3842.75,2025.8,3842.75,2043.7,3857.7,2070.65,3872.6,2087,3893.5,2098.95,3912.95,2098.95,3933.85,2094.55,3957.7,2079.65,3966.65,2057.15,3965.2,2025.8,3948.75,2001.9,3921.9,1990.05
4-260,Uninfected,No_comment,Polygon,13,3739.75,1940.7,3712.9,1952.75,3699.45,1973.65,3699.45,2001.9,3714.35,2033.25,3742.75,2036.25,3778.55,2033.25,3800.95,2024.3,3812.9,2012.35,3811.4,1984.1,3808.4,1964.65,3780.05,1946.75,3760.65,1940.7
4-261,Uninfected,No_comment,Polygon,17,3802.45,1855.6,3775.6,1875,3774.1,1897.4,3783.05,1922.85,3802.45,1939.2,3815.9,1943.75,3841.25,1948.15,3869.65,1937.7,3889.05,1928.75,3903.95,1919.8,3912.95,1904.95,3906.95,1882.55,3889.05,1866.05,3872.6,1845.15,3860.7,1833.2,3838.3,1834.7,3829.35,1842.25
4-262,Uninfected,No_comment,Polygon,13,3709.9,1855.6,3666.6,1861.65,3629.25,1870.6,3609.85,1890.05,3606.9,1907.85,3627.8,1933.3,3642.7,1948.15,3680.05,1951.15,3699.45,1942.3,3730.8,1925.85,3753.2,1910.95,3753.2,1888.45,3729.3,1858.65
4-263,Uninfected,No_comment,Polygon,16,3114.2,2072.15,3078.4,2073.65,3056,2082.6,3035.1,2088.5,3035.1,2107.9,3038.1,2128.8,3045.55,2139.25,3069.45,2160.15,3084.35,2167.7,3109.75,2167.7,3126.15,2163.25,3147.05,2160.15,3165,2145.3,3175.45,2128.8,3173.95,2098.95,3165,2084.1
4-264,Uninfected,No_comment,Polygon,16,3099.3,2179.65,3084.35,2188.6,3067.95,2194.5,3057.5,2213.9,3053,2237.85,3067.95,2264.65,3078.4,2278.1,3114.2,2296,3136.6,2293.1,3153.05,2284.15,3163.5,2275.1,3172.45,2255.7,3169.45,2233.3,3150.05,2206.5,3138.1,2188.6,3121.7,2184.15
4-265,Uninfected,No_comment,Polygon,13,3200.8,2134.85,3172.45,2139.25,3162,2164.7,3151.55,2190.1,3179.9,2222.85,3203.8,2251.3,3233.65,2254.2,3254.55,2243.75,3275.45,2221.45,3281.4,2197.55,3273.95,2175.15,3254.55,2148.2,3229.15,2131.9
4-266,Uninfected,No_comment,Polygon,15,3300.85,2070.65,3279.95,2079.65,3266.5,2095.95,3259.05,2124.4,3272.45,2151.2,3296.35,2176.65,3320.25,2176.65,3329.2,2167.7,3350.1,2148.2,3359.05,2134.85,3368,2115.45,3368,2105,3359.05,2088.5,3339.65,2073.65,3327.7,2070.65
4-267,Uninfected,No_comment,Polygon,15,3402.35,2112.45,3381.45,2122.9,3360.55,2146.8,3354.6,2175.15,3365.05,2197.55,3379.95,2211,3399.35,2218.45,3436.7,2219.95,3457.6,2212.4,3468.05,2199.05,3480,2178.15,3478.5,2158.75,3466.55,2140.75,3450.1,2125.9,3427.75,2116.85
4-268,Uninfected,No_comment,Polygon,13,3072.4,1918.3,3050,1930.25,3038.1,1954.2,3038.1,1975.1,3045.55,2000.5,3060.45,2013.85,3099.3,2019.9,3120.2,2009.45,3130.65,1999,3142.6,1979.55,3142.6,1958.6,3124.65,1931.85,3105.25,1922.85
4-269,Uninfected,No_comment,Polygon,13,3160.5,1801.85,3132.15,1809.4,3109.75,1828.8,3102.25,1866.05,3111.25,1888.45,3136.6,1907.85,3175.45,1918.3,3197.8,1915.4,3214.25,1903.45,3235.15,1875,3238.15,1843.65,3220.2,1815.4,3196.35,1807.9
4-270,Uninfected,No_comment,Polygon,14,3022.15,1696.4,3004.5,1702.25,2980.9,1728.15,2972.65,1749.35,2980.55,1773.2,3000.55,1790.85,3024.15,1801.5,3045.25,1803.8,3064.15,1799.15,3097.1,1780.3,3102.9,1757.9,3102.9,1735.55,3081.8,1707.3,3051.15,1690.9
4-271,Uninfected,No_comment,Polygon,17,3250,1537.9,3214.7,1557.95,3210,1577.95,3206.45,1602.65,3207.65,1625,3218.3,1641.45,3237.05,1652,3255.95,1659.1,3278.25,1660.3,3290,1653.25,3304.2,1640.3,3321.85,1623.8,3327.65,1608.5,3330.05,1586.1,3325.3,1572.05,3301.85,1546.1,3274.7,1537.9
4-272,Uninfected,No_comment,Polygon,18,3220.65,1693.25,3200.65,1693.25,3190,1697.95,3171.15,1715.6,3165.35,1728.55,3163,1745,3164.1,1763.85,3174.7,1780.3,3188.8,1792.1,3211.25,1800.35,3228.9,1796.8,3251.25,1789.75,3261.8,1781.5,3273.6,1763.85,3280.6,1745,3278.25,1717.9,3260.6,1701.5,3239.4,1693.25
4-273,Uninfected,No_comment,Polygon,18,3351.2,1741.5,3319.5,1741.5,3305.3,1750.9,3292.35,1763.85,3282.95,1783.85,3277.1,1801.5,3282.95,1818,3294.75,1830.9,3308.85,1840.35,3333.55,1850.9,3351.2,1850.9,3367.75,1848.55,3378.25,1839.1,3388.85,1823.8,3395.9,1805.05,3397.1,1785.05,3381.8,1753.2,3363,1748.55
4-274,Uninfected,No_comment,Polygon,16,3374.8,1639.05,3351.2,1647.3,3341.85,1661.5,3333.55,1683.85,3337.15,1704.95,3344.15,1719.15,3359.5,1728.55,3378.25,1736.8,3394.8,1737.9,3410.1,1737.9,3426.5,1727.35,3445.4,1701.5,3445.4,1679.15,3436,1653.25,3417.1,1640.3,3394.8,1635.6
4-275,Uninfected,No_comment,Polygon,12,3375.9,1521.45,3357.15,1535.5,3344.15,1555.55,3344.15,1575.6,3357.15,1605,3392.45,1614.35,3426.5,1610.9,3444.15,1592.05,3456,1574.4,3450.05,1549.7,3434.75,1527.35,3407.75,1516.75
4-276,Uninfected,No_comment,Polygon,17,3513.65,1444.9,3485.35,1452,3472.4,1461.45,3452.4,1473.2,3451.25,1500.2,3452.4,1521.45,3463.05,1539.1,3485.35,1552.05,3505.35,1557.95,3525.35,1560.3,3538.3,1556.75,3547.7,1548.45,3560.65,1528.45,3561.9,1508.5,3560.65,1483.8,3548.95,1462.55,3534.75,1449.6
4-277,Uninfected,No_comment,Polygon,16,3621.85,1470.85,3593.6,1479.1,3583,1489.7,3572.45,1520.25,3579.55,1543.75,3586.55,1559.1,3618.3,1576.75,3637.2,1576.75,3658.35,1575.6,3674.8,1566.1,3684.2,1553.15,3690.1,1536.75,3685.45,1517.85,3678.4,1496.75,3659.5,1481.45,3637.2,1473.2
4-278,Uninfected,No_comment,Polygon,17,3750.1,1452,3726.6,1461.45,3712.45,1475.5,3704.2,1499.1,3705.45,1522.65,3711.3,1546.1,3727.75,1562.65,3745.4,1565,3778.35,1562.65,3790.1,1554.4,3801.95,1542.65,3813.65,1517.85,3817.25,1494.4,3814.85,1480.2,3805.4,1462.55,3791.35,1452,3770.1,1452
4-279,Uninfected,No_comment,Polygon,15,3880.7,1381.4,3861.95,1395.55,3852.55,1409.6,3851.3,1430.85,3861.95,1449.6,3874.9,1460.2,3887.85,1463.8,3906.6,1464.9,3920.8,1457.85,3933.65,1444.9,3944.25,1427.25,3945.5,1415.55,3938.45,1393.2,3925.5,1381.4,3900.75,1380.25
4-280,Uninfected,No_comment,Polygon,18,3692.45,1575.6,3668.9,1586.1,3659.5,1599.05,3648.9,1615.6,3650.15,1634.35,3652.5,1653.25,3659.5,1673.25,3673.6,1688.55,3699.5,1695.6,3718.4,1695.6,3739.5,1688.55,3754.8,1675.6,3765.4,1661.5,3771.35,1637.95,3770.1,1614.35,3756.05,1594.4,3739.5,1580.3,3717.15,1575.6
4-281,Uninfected,No_comment,Polygon,17,3577.2,1592.05,3548.95,1605,3541.9,1612.05,3530.05,1639.05,3526.6,1654.35,3537.15,1679.15,3550.05,1693.25,3568.9,1702.6,3587.7,1702.6,3607.75,1694.4,3621.85,1687.3,3632.5,1668.55,3634.85,1645,3634.85,1626.15,3630.15,1609.7,3619.55,1597.95,3601.9,1589.7
4-282,Uninfected,No_comment,Polygon,16,3468.9,1756.8,3448.85,1762.65,3433.6,1775.55,3424.15,1787.4,3418.35,1809.75,3421.8,1830.9,3436,1852.1,3477.1,1858,3500.65,1856.75,3524.25,1848.55,3537.15,1827.4,3541.9,1813.2,3540.65,1792.1,3531.3,1775.55,3506.6,1760.25,3491.3,1757.9
4-283,Uninfected,No_comment,Polygon,19,3626.55,1730.9,3594.85,1736.8,3583,1752.1,3574.85,1772.1,3568.9,1790.85,3572.45,1813.2,3584.25,1828.5,3597.2,1839.1,3614.85,1847.4,3630.15,1852.1,3650.15,1849.75,3665.45,1847.4,3681.85,1836.8,3691.25,1825.05,3701.85,1803.8,3703.1,1783.85,3694.8,1760.25,3676,1745,3655.95,1734.45
4-284,Uninfected,No_comment,Polygon,18,3783.05,1735.55,3764.3,1742.6,3749,1753.2,3741.85,1773.2,3746.6,1803.8,3757.15,1819.15,3776,1826.15,3790.1,1829.75,3803.05,1829.75,3819.6,1827.4,3837.25,1815.6,3848.95,1808.5,3858.35,1800.35,3863.05,1783.85,3858.35,1763.85,3850.15,1754.45,3827.75,1739.15,3809,1732.1
4-285,Uninfected,No_comment,Polygon,18,3871.3,1609.7,3851.3,1613.25,3823.05,1629.7,3814.85,1645,3809,1660.3,3811.3,1689.65,3826.65,1714.45,3843.05,1728.55,3858.35,1740.25,3872.55,1748.55,3888.95,1750.9,3910.2,1729.7,3912.55,1712.05,3905.5,1686.2,3900.75,1663.85,3901.9,1642.65,3900.75,1626.15,3883.1,1617.95
4-286,Uninfected,No_comment,Polygon,18,3965.5,1614.35,3938.45,1619.05,3924.25,1629.7,3918.4,1654.35,3916,1680.3,3921.9,1702.6,3933.65,1727.35,3952.5,1740.25,3973.75,1742.6,3994.85,1737.9,4013.75,1729.7,4020.75,1717.9,4032.5,1687.3,4033.75,1677.95,4034.85,1649.65,4034.85,1635.6,4019.55,1622.65,3993.75,1616.7
4-287,Uninfected,No_comment,Polygon,16,3933.65,1775.55,3903.15,1777.9,3896,1783.85,3886.6,1796.8,3878.35,1812.1,3885.5,1839.1,3898.35,1859.1,3919.55,1872.05,3937.2,1874.4,3956.1,1872.05,3967.8,1861.45,3984.25,1847.4,3991.4,1825.05,3987.8,1807.4,3977.2,1789.75,3952.5,1779.15