313,5312,2988
1-1,Uninfected,No_comment,Polygon,19,1715.25,2333.1,1708.15,2350.35,1708.15,2363.55,1715.85,2384.85,1731.5,2407.7,1747.3,2431.55,1764.05,2449.35,1781.25,2451.85,1807.2,2442.25,1825.45,2421.9,1833.55,2402.1,1833.55,2374.2,1825.45,2356.95,1810.7,2344.25,1793.45,2337.65,1778.7,2324.45,1766.55,2316.35,1745.8,2316.85,1731,2321.9
1-2,Uninfected,No_comment,Polygon,18,1763,2248.8,1768.05,2236.15,1779.75,2222.4,1795.5,2215.3,1818.85,2208.7,1838.1,2210.25,1866.05,2223.95,1876.2,2242.2,1880.75,2263.05,1876.7,2288.4,1867.1,2307.7,1855.9,2324.45,1833.05,2330.05,1811.2,2331.05,1792.45,2319.4,1771.1,2307.2,1762.5,2288.9,1760.95,2263.55
1-3,Uninfected,No_comment,Polygon,18,1616.8,2195,1613.25,2212.8,1615.25,2232.05,1623.4,2250.35,1638.1,2269.1,1658.4,2280.8,1679.3,2283.85,1705.1,2277.25,1735.6,2256.95,1743.2,2236.15,1741.65,2208.2,1736.6,2185.35,1723.95,2171.65,1701.05,2164.05,1676.2,2160.5,1656.4,2163.55,1641.15,2172.15,1621.85,2184.35
1-4,Uninfected,No_comment,Polygon,15,1517.3,2281.3,1518.3,2299.6,1520.85,2321.4,1532.5,2347.3,1568.55,2360.5,1606.2,2354.9,1624.9,2340.2,1636.6,2313.8,1635.55,2294.5,1624.45,2271.65,1606.2,2256.45,1580.25,2250.85,1560.45,2253.4,1542.65,2260.5,1531,2267.65
1-5,Uninfected,No_comment,Polygon,16,1615.5,2420,1628.85,2404.55,1645.35,2396.1,1671.7,2392.1,1702.55,2401.6,1719.4,2418.5,1735.35,2441.4,1740.85,2463.25,1729.85,2485.15,1718.9,2502.6,1702.05,2509.05,1672.2,2509.55,1633.85,2497.6,1614.5,2479.2,1605.55,2458.3,1605.05,2438.9
1-6,Uninfected,No_comment,Polygon,16,1444.85,2406.05,1448.8,2441.4,1460.7,2463.75,1476.1,2479.2,1493.1,2490.65,1513.5,2497.6,1535.4,2494.1,1558.2,2484.15,1570.7,2466.25,1578.6,2434.9,1571.2,2409.55,1558.2,2395.1,1530.4,2382.1,1490.1,2373.7,1466.15,2380.7,1452.8,2389.15
1-7,Uninfected,No_comment,Polygon,16,1906.5,2267.75,1890.05,2287.65,1881.6,2309.55,1887.15,2333.4,1897.6,2349.85,1910.95,2360.3,1933.9,2366.75,1961.2,2366.25,1988.1,2344.85,1999.6,2322.95,2003,2300.1,1994.1,2280.2,1978.7,2266.25,1960.7,2256.8,1944.85,2256.3,1923.45,2259.8
1-8,Uninfected,No_comment,Polygon,17,1849.35,2553.85,1846.35,2570.25,1855.3,2600.6,1866.75,2619.5,1883.2,2635.45,1901.1,2645.4,1923.5,2652.85,1951.85,2644.9,1964.75,2629.45,1972.25,2610.05,1968.75,2581.7,1957.3,2562.8,1935.9,2536.45,1917.5,2523.5,1892.65,2520.5,1874.7,2525.5,1860.3,2537.4
1-9,Uninfected,No_comment,Polygon,21,1713.5,2622,1709.55,2592.15,1724.95,2575.75,1740.4,2561.8,1755.8,2550.35,1775.7,2543.4,1798.6,2543.4,1819.5,2549.35,1830.95,2560.3,1838.4,2570.75,1839.4,2586.2,1842.4,2598.1,1853.35,2619,1859.3,2635.45,1850.85,2647.9,1829.45,2662.8,1811.05,2674.25,1788.65,2673.75,1761.3,2657.35,1736.9,2639.4,1719.5,2628.45
1-10,Uninfected,No_comment,Polygon,18,1677.2,2679.7,1669.75,2690.15,1667.75,2710.05,1676.2,2723,1685.65,2743.4,1697.6,2766.3,1715,2777.75,1739.9,2784.2,1771.2,2780.7,1788.15,2767.8,1797.1,2741.9,1794.1,2709.05,1777.7,2684.7,1750.85,2664.8,1732.4,2655.35,1712,2657.3,1694.6,2663.3,1686.65,2668.75
1-11,Uninfected,No_comment,Polygon,16,1811,2675.25,1806.55,2691.65,1810.05,2716.05,1815.5,2740.4,1833.4,2754.35,1849.85,2761.8,1873.2,2763.8,1905.05,2753.85,1922,2735.95,1930.45,2712.05,1925.45,2682.7,1918.5,2666.75,1892.6,2654.35,1866.25,2647.85,1839.85,2645.4,1818.45,2657.3
1-12,Uninfected,No_comment,Polygon,16,2020,2609.55,2009.05,2619.5,2006.05,2638.9,2012.55,2670.25,2031.95,2684.7,2054.8,2693.65,2078.2,2697.1,2109.05,2688.65,2130.95,2666.75,2140.4,2649.85,2143.9,2629.45,2136.9,2609.05,2124.95,2592.65,2099.1,2582.2,2073.75,2583.7,2045.35,2595.15
1-13,Uninfected,No_comment,Polygon,14,1798.6,2877.7,1798.6,2845.3,1797.1,2821.45,1807.55,2798.6,1824.45,2786.1,1843.35,2781.15,1866.75,2784.65,1887.15,2795.55,1904.05,2820,1909.05,2851.8,1903.05,2884.7,1889.15,2901.55,1870.25,2912,1851.85,2913.55
1-14,Uninfected,No_comment,Polygon,18,2018.5,2842.9,2041.4,2815.95,2052.35,2809.05,2068.25,2806,2086.15,2807.05,2113.05,2820,2125,2840.85,2133.95,2863.8,2134.95,2886.1,2132.95,2908.55,2119.5,2916.95,2093.65,2920.5,2063.8,2923.5,2039.9,2918,2023.5,2908.55,2012.55,2889.65,2012.05,2867.2,2012.05,2851.8
1-15,Uninfected,No_comment,Polygon,24,2144.4,2817,2152.35,2798.6,2162.8,2785.15,2178.7,2776.7,2194.65,2774.25,2223,2782.2,2235.95,2792.65,2243.9,2812.55,2250.35,2827.45,2262.3,2837.9,2271.25,2850.35,2270.25,2866.7,2259.3,2877.15,2242.9,2882.7,2226,2894.15,2216,2905.6,2202.1,2913.55,2176.2,2910.55,2160.8,2901.1,2149.35,2888.15,2149.35,2868.75,2143.9,2852.85,2140.4,2838.9,2141.9,2827.45
1-16,Uninfected,No_comment,Polygon,19,2258.3,2737.4,2251.35,2754.85,2249.35,2775.65,2254.35,2803.1,2266.75,2827.95,2282.2,2839.9,2301.6,2846.3,2321.5,2841.85,2339.9,2830.45,2356.85,2808.05,2363.3,2786.65,2365.8,2764.8,2361.8,2745.8,2352.85,2729.45,2342.4,2719.5,2326,2709.5,2304.1,2708.55,2284.7,2716.5,2267.75,2727.95
1-17,Uninfected,No_comment,Polygon,17,2219,2956.85,2216.5,2929.55,2221.95,2910.6,2234.9,2895.15,2249.8,2887.2,2269.25,2883.8,2285.15,2887.75,2301.55,2900.65,2309.55,2913.65,2318,2930.05,2318.5,2948.95,2312.5,2964.4,2302.55,2978.8,2292.1,2986.7,2249.8,2985.8,2237.4,2979.3,2224.95,2968.85
1-18,Uninfected,No_comment,Polygon,18,2362.75,2825,2352.3,2836.95,2343.85,2853.95,2339.4,2868.35,2342.85,2894.75,2351.3,2910.6,2369.75,2925.5,2389.65,2932.5,2418.5,2931,2442.35,2918.1,2456.8,2906.6,2464.75,2887.2,2466.25,2866.8,2459.8,2839.95,2443.85,2820.05,2423.45,2809.15,2401.1,2808.15,2380.7,2814.15
1-19,Uninfected,No_comment,Polygon,20,2482.2,2677.7,2463.35,2700.1,2452.35,2719,2452.85,2737.9,2459.35,2761.8,2470.3,2780.2,2488.7,2797.15,2503.1,2805.1,2527.95,2807.1,2551.85,2802.6,2572.75,2784.7,2587.15,2761.3,2592.15,2741.9,2592.65,2721.5,2586.25,2696.15,2571.3,2684.2,2549.9,2671.25,2527.45,2668.75,2507.55,2669.75,2499.15,2672.25
1-20,Uninfected,No_comment,Polygon,18,2527.45,2587.7,2537.4,2574.25,2550.35,2562.3,2567.25,2552.35,2593.15,2547.85,2611.05,2556.35,2624.45,2576.25,2624,2599.6,2620.5,2621.5,2619.5,2641.4,2615,2658.85,2600.1,2668.8,2580.7,2670.75,2559.3,2666.8,2536.9,2648.4,2525.45,2630.45,2522.5,2614.05,2526.45,2594.65
1-21,Uninfected,No_comment,Polygon,19,2358.3,2638.45,2361.3,2622.5,2369.75,2608.1,2381.2,2596.65,2401.1,2592.65,2436.4,2589.65,2451.85,2590.65,2465.75,2604.6,2470.75,2623.5,2471.75,2646.4,2462.3,2672.75,2453.8,2687.7,2443.35,2703.1,2431.45,2712.05,2410.55,2713.05,2385.15,2704.6,2369.75,2689.65,2362.75,2674.75,2357.8,2656.35
1-22,Uninfected,No_comment,Polygon,20,2482.2,2498.1,2487.65,2479.2,2507.55,2460.8,2523.45,2452.35,2538.4,2446.4,2575.2,2452.35,2594.1,2464.8,2602.1,2485.7,2603.6,2511.05,2596.6,2529.95,2583.7,2539.9,2567.25,2540.9,2552.85,2547.85,2540.9,2559.8,2528.45,2572.25,2509.05,2572.25,2496.6,2568.25,2484.65,2557.35,2479.2,2536.95,2480.7,2513.05
1-23,Uninfected,No_comment,Polygon,18,2644.85,2581.2,2639.9,2594.15,2634.4,2620.5,2631.45,2647.4,2636.4,2663.8,2652.85,2682.7,2672.25,2688.7,2699.1,2687.7,2721,2673.25,2735.9,2658.35,2748.85,2636.95,2750.85,2615.05,2745.85,2594.65,2736.9,2576.75,2724.5,2561.8,2701.1,2556.35,2675.2,2558.3,2661.8,2566.3
1-24,Uninfected,No_comment,Polygon,22,2356.8,2484.2,2368.75,2459.8,2384.7,2447.35,2407.5,2441.4,2436.45,2445.35,2452.85,2460.8,2462.8,2476.2,2464.8,2505.55,2467.8,2524,2469.75,2550.35,2463.8,2566.75,2442.4,2573.75,2421,2574.75,2403.1,2576.7,2394.65,2577.2,2379.2,2578.2,2364.3,2570.25,2357.3,2562.3,2358.8,2537.4,2354.35,2517,2352.85,2500.6,2354.85,2490.15
1-25,Uninfected,No_comment,Polygon,19,2234.45,2534.95,2240.4,2515.5,2248.85,2493.15,2257.8,2479.7,2278.2,2473.25,2307.55,2475.7,2325.5,2486.15,2336.45,2503.1,2342.4,2521.5,2343.9,2550.35,2340.9,2569.25,2327.95,2586.15,2310.55,2596.1,2289.65,2602.6,2269.25,2598.6,2249.35,2586.15,2236.4,2575.25,2230.45,2558.8,2230.45,2546.35
1-26,Uninfected,No_comment,Polygon,17,2099.6,2509.55,2104.55,2493.15,2118,2473.25,2136.4,2460.8,2164.8,2453.85,2195.6,2457.3,2206.55,2466.75,2221.5,2496.6,2223.5,2527.45,2215.45,2554.35,2193.65,2571.75,2171.75,2576.7,2148.35,2577.2,2128.95,2570.25,2115,2559.8,2103.1,2536.4,2098.6,2522
1-27,Uninfected,No_comment,Polygon,19,2629.25,2430.7,2634.15,2410.7,2643.45,2400.45,2668.35,2387.8,2690.25,2384.85,2706.8,2388.75,2720,2395.1,2735.65,2406.35,2747.3,2425.85,2748.3,2448.75,2738.55,2472.2,2731.2,2485.35,2720.55,2493.15,2702.5,2498.5,2683.45,2500.45,2661.5,2491.7,2644.85,2480.45,2633.7,2464.4,2626.8,2442.9
1-28,Uninfected,No_comment,Polygon,18,2639.4,2187.65,2624.4,2208.4,2623.05,2225.2,2624.4,2240.3,2631.45,2258.85,2642.95,2271.3,2658.9,2278.8,2674.4,2278.8,2698.25,2273.95,2717.75,2259.35,2725.7,2248.25,2728.8,2231.85,2727.05,2213.25,2715.1,2190.3,2700.5,2178.35,2684.1,2173,2662.9,2172.6,2650.05,2178.8
1-29,Uninfected,No_comment,Polygon,20,2460.2,2146.9,2461.1,2185.9,2470.4,2202.65,2479.7,2212.45,2491.65,2230.15,2501.35,2244.75,2518.65,2254.9,2539,2254.4,2560.65,2245.55,2580.55,2230.95,2592.95,2206.65,2596.5,2185.9,2590.3,2169.95,2574.4,2153.6,2561.1,2135.4,2545.6,2124.35,2527.5,2119.5,2502.7,2123,2484.55,2128.75,2466.85,2140.3
1-30,Uninfected,No_comment,Polygon,20,2354,2243.8,2363.3,2223,2371.7,2207.1,2392.95,2194.75,2426.15,2187.2,2447.85,2196.5,2469.05,2218.2,2480.15,2234.95,2489,2253.1,2488.1,2269.45,2479.7,2285.4,2460.2,2298.65,2445.15,2301.75,2421.3,2300.5,2408,2305.35,2393.85,2302.65,2379.7,2294.75,2365.55,2274.8,2357.55,2261.5,2354,2252.25
1-31,Uninfected,No_comment,Polygon,19,2535,2315.55,2527.5,2333.65,2526.6,2352.25,2531,2372.1,2538.55,2386.3,2558.45,2402.25,2573.05,2408.45,2598.7,2411.5,2617.3,2404.4,2627.05,2395.15,2635,2379.2,2639.85,2361.95,2640.3,2340.75,2630.15,2318.2,2614.2,2304.4,2595.6,2295.55,2574.8,2292.9,2554,2299.55,2544.3,2304.85
1-32,Uninfected,No_comment,Polygon,19,2692.1,2293.8,2689.4,2311.5,2685.45,2335.4,2691.65,2355.75,2707.55,2373.05,2730.15,2384.55,2742.1,2389.4,2762.9,2386.7,2780.6,2374.4,2792.1,2359.75,2798.3,2338.05,2802.25,2317.7,2794.3,2292.9,2784.1,2280.55,2769.05,2269.95,2749.6,2265.5,2727.9,2268.2,2714.65,2276.55,2703.15,2284.95
1-33,Uninfected,No_comment,Polygon,19,2788.1,2386.7,2792.95,2368.6,2805.35,2343.8,2817.3,2329.2,2833.25,2321.3,2851.8,2319,2871.3,2325.2,2887.2,2337.65,2896.5,2347.35,2904.45,2368.2,2908.9,2389.8,2900.05,2414.2,2887.2,2431.4,2872.6,2442.5,2845.6,2448.65,2822.6,2445.15,2801.8,2434.95,2789.85,2415.95,2785.9,2403.6
1-34,Uninfected,No_comment,Polygon,20,2722.6,2146.45,2723.5,2161.5,2727.5,2186.3,2733.25,2198.65,2739.45,2207.1,2741.2,2220.8,2740.3,2230.95,2746.5,2242.05,2758,2253.1,2771.75,2256.25,2789,2254.4,2800.5,2245.15,2815.55,2232.3,2823.5,2220.8,2808.9,2157.05,2799.6,2143.4,2786.75,2130.1,2768.2,2122.6,2749.15,2123.95,2735,2130.1
1-35,Uninfected,No_comment,Polygon,21,2655.3,1970.4,2646.9,1984.55,2642.05,2003.55,2643.8,2025.7,2654.9,2043.85,2663.75,2049.6,2674.35,2059.75,2688.95,2069.95,2701.8,2074.35,2715.05,2073.45,2727,2068.6,2736.3,2061.1,2739.4,2052.7,2743.8,2030.55,2747.35,2008.45,2751.35,1995.15,2749.15,1973.9,2737.6,1958.85,2709.3,1948.25,2688.95,1951.8,2671.7,1958
1-36,Uninfected,No_comment,Polygon,17,2763.3,1994.7,2755.75,2023.9,2757.1,2050,2760.65,2064.2,2771.25,2077.45,2791.6,2090.3,2812.4,2092.05,2840.3,2087.2,2852.25,2071.25,2863.75,2054,2869.5,2030.1,2862.4,2004.45,2850,1984.55,2823.9,1972.15,2801.35,1971.7,2781.85,1978.35,2773.45,1985.85
1-37,Uninfected,No_comment,Polygon,18,2578.75,2064.2,2569.05,2087.2,2569.5,2108.85,2576.55,2130.55,2592.05,2151.35,2609.75,2166.4,2631,2175.25,2653.1,2169.05,2667.7,2161.1,2686.75,2142.05,2696.05,2122.6,2693.4,2104,2683.65,2082.75,2666.85,2064.2,2642.95,2051.35,2624.8,2045.15,2605.75,2045.6,2592.05,2053.55
1-38,Uninfected,No_comment,Polygon,26,2811.1,2123.9,2820.8,2110.2,2833.65,2100,2847.35,2092.05,2855.75,2083.65,2861.95,2077.45,2873.45,2070.4,2888.5,2071.7,2895.15,2081.9,2904.45,2093.4,2911.95,2113.3,2912.85,2133.2,2907.1,2161.1,2895.6,2171.25,2886.3,2182.75,2873.45,2197.8,2866.85,2210.2,2864.15,2225.25,2859.3,2235,2847.8,2238.5,2831,2232.75,2825.7,2215.95,2826.55,2196.5,2821.25,2168.6,2813.75,2150.45,2808.4,2138.95
1-39,Uninfected,No_comment,Polygon,17,2414.2,1976.15,2404.9,1995.6,2399.6,2015.5,2404.45,2038.5,2416.35,2061.55,2441.55,2078.35,2468.15,2080.55,2500.9,2073.9,2519.05,2058.45,2532.7,2035,2535.4,2006.65,2522.6,1979.65,2501.75,1956.2,2477,1950.9,2459.3,1950,2440.3,1954,2427,1964.6
1-40,Uninfected,No_comment,Polygon,17,2305.35,1966.85,2303.55,1940.3,2313.75,1922.6,2329.25,1907.55,2345.15,1901.8,2358.45,1901.35,2382.3,1905.75,2398.65,1916.85,2409.75,1931.45,2411.1,1957.1,2403.1,1979.25,2390.75,1996.05,2377.45,2001.35,2352.7,2005.35,2335.85,2003.1,2323.05,1995.15,2311.1,1980.55
1-41,Uninfected,No_comment,Polygon,21,2440.3,1827.9,2434.05,1844.7,2434.05,1861.95,2440.3,1883.2,2452.7,1900.45,2463.75,1913.3,2479.65,1921.7,2503.1,1926.55,2526.15,1923.9,2544.7,1915.05,2559.25,1897.8,2568.1,1875.7,2566.4,1856.65,2555.35,1833.2,2546.95,1818.6,2533.65,1810.2,2512.85,1806.65,2494.7,1811.5,2479.65,1814.2,2458.85,1811.5,2450,1817.7
1-42,Uninfected,No_comment,Polygon,17,2198.65,2074.8,2207.5,2052.2,2217.7,2040.3,2242.45,2031.45,2270.35,2035.4,2292.05,2045.15,2302.65,2064.6,2308.85,2088.05,2304,2114.6,2290.7,2130.1,2268.6,2142.95,2246.9,2146.9,2227.4,2141.15,2213.7,2134.1,2203.95,2111.5,2197.8,2097.8,2193.8,2083.65
1-43,Uninfected,No_comment,Polygon,20,2060.15,2117.25,2071.65,2106.2,2079.65,2092.5,2087.6,2086.75,2092.9,2075.7,2094.25,2055.75,2090.25,2032.75,2078.3,2018.15,2059.7,2010.2,2033.15,2006.65,2011.5,2011.5,1992.45,2026.55,1984.5,2042.05,1978.75,2059.75,1984.05,2083.2,1992.45,2103.1,2002.2,2117.25,2021.65,2124.35,2036.7,2126.55,2051.75,2123.9
1-44,Uninfected,No_comment,Polygon,18,2087.6,1915.05,2083.15,1939.4,2087.15,1965.05,2099.55,1984.1,2123.45,1999.55,2141.15,2000,2165.05,1993.8,2183.2,1982.3,2197.35,1966.4,2201.75,1947.35,2198.65,1922.15,2191.6,1904.45,2175.2,1886.3,2158.4,1883.2,2142.05,1881,2121.65,1885.4,2108.85,1891.6,2099.1,1900.45
1-45,Uninfected,No_comment,Polygon,18,2324.8,1741.15,2315.95,1746.95,2307.6,1757.05,2303.6,1774.75,2309.35,1798.65,2322.65,1813.7,2345.15,1836.7,2362.85,1851.75,2382.8,1856.2,2396.9,1852.65,2415.05,1841.2,2423.9,1822.15,2421.7,1797.75,2404.95,1773.9,2385.4,1748.65,2361.1,1735.4,2348.25,1733.6,2333.65,1736.25
1-46,Uninfected,No_comment,Polygon,21,2209.35,1851.3,2217.7,1833.6,2227.05,1822.55,2255.35,1810.6,2269.05,1807.95,2289.4,1814.65,2310.2,1824.3,2332.8,1841.2,2346.9,1853.5,2353.6,1869.45,2349.6,1884.05,2338.5,1893.8,2323.95,1900.45,2312.85,1907.95,2300.95,1919,2286.75,1927.4,2261.1,1930.5,2237.65,1920.8,2223.45,1906.6,2210.7,1885.85,2209.35,1858.85
1-47,Uninfected,No_comment,Polygon,17,2131.85,1776.1,2142.5,1754.45,2158.85,1737.15,2181.85,1721.2,2205.75,1714.6,2223.95,1716.35,2246.5,1728.3,2253.6,1745.1,2250,1769,2238.55,1795.6,2222.6,1811.05,2200.5,1827.85,2177.9,1830.5,2153.1,1825.2,2143.4,1814.65,2135.4,1797.35,2131.45,1787.6
1-48,Uninfected,No_comment,Polygon,17,2038.05,1691.6,2029.2,1702.65,2027.45,1724.35,2032.8,1741.6,2044.7,1756.2,2056.25,1768.15,2073.45,1779.2,2096.9,1780.55,2121.25,1768.6,2134.15,1749.15,2134.95,1721.7,2127.9,1704.45,2113.35,1683.2,2095.15,1676.1,2076.1,1677,2060.65,1679.65,2046.45,1686.3
1-49,Uninfected,No_comment,Polygon,19,1961.05,1822.15,1972.2,1800.9,1985.85,1783.65,2003.15,1770.8,2022.2,1769.05,2042.95,1775.7,2056.65,1783.65,2074.35,1797.8,2082.8,1819.05,2081.45,1838.5,2069.9,1856.65,2053.55,1873.45,2038.55,1881.45,2014.6,1887.2,1986.8,1881.9,1973.45,1873.9,1962,1862.85,1958.4,1844.25,1959.75,1832.3
1-50,Uninfected,No_comment,Polygon,23,1850.45,1782.75,1843.8,1764.2,1843.35,1743.4,1853.55,1718.6,1877.95,1697.8,1895.15,1688.95,1914.6,1686.75,1932.3,1693.4,1951.4,1699.6,1965.95,1703.1,1975.65,1715.95,1983.65,1744.25,1980.55,1764.6,1973.45,1775.7,1965.1,1787.2,1957.6,1799.15,1954.5,1812.4,1943.35,1823.05,1928.35,1826.55,1912.4,1818.15,1886.8,1811.95,1873,1807.55,1860.25,1797.8
1-51,Uninfected,No_comment,Polygon,18,2119.5,1526.55,2112.85,1540.65,2111.5,1557.5,2114.6,1576.1,2127.45,1597.75,2144.25,1612.85,2160.6,1621.2,2185.4,1623.45,2205.3,1619.9,2227.9,1602.2,2237.6,1580.05,2238.05,1562.85,2225.2,1528.7,2211.05,1512.75,2188.05,1502.65,2164.6,1502.15,2143.8,1505.75,2130.55,1517.25
1-52,Uninfected,No_comment,Polygon,19,1913.7,1591.6,1908.4,1602.2,1901.8,1617.7,1900.05,1631.8,1908.9,1647.35,1920.35,1663.25,1930.95,1674.3,1952.2,1681.8,1978.75,1683.15,1999.1,1676.05,2012.4,1663.7,2020.85,1642.45,2021.25,1612.85,2013.75,1600,1997.8,1583.15,1980.55,1575.2,1958.9,1572.55,1943.8,1572.55,1926.6,1579.65
1-53,Uninfected,No_comment,Polygon,18,2015.35,1387.9,2005.15,1402.35,1995.8,1427.5,1987,1453.05,1989.8,1475.35,1998.6,1492.55,2022.8,1503.75,2054.45,1505.6,2074.45,1498.6,2089.8,1485.15,2100.5,1473.95,2108.4,1451.15,2106.5,1420.5,2091.15,1401.85,2078.15,1385.6,2060.5,1375.8,2045.6,1375.35,2031.15,1379.55
1-54,Uninfected,No_comment,Polygon,21,1886.05,1392.15,1893.95,1375.35,1905.1,1360.95,1923.25,1353.05,1947.9,1349.3,1961.4,1356.75,1989.3,1381.85,1995.35,1397.2,1993.5,1413.5,1985.6,1425.15,1981.4,1438.6,1982.35,1461.85,1973.5,1474.5,1957.2,1484.2,1942.8,1483.25,1926.05,1477.2,1911.15,1466.05,1900.45,1449.3,1889.8,1439.1,1884.65,1423.25,1881.85,1407.5
1-55,Uninfected,No_comment,Polygon,17,1766.05,1470.7,1777.2,1496.3,1786.05,1517.2,1801.85,1531.65,1835.8,1540.95,1867.9,1536.3,1891.65,1523.25,1904.2,1509.85,1907.9,1494.9,1901.85,1476.3,1885.6,1453.5,1849.8,1437.7,1825.6,1429.85,1808.85,1432.1,1799.1,1440,1787.45,1449.3,1771.15,1461.85
1-56,Uninfected,No_comment,Polygon,17,1691.8,1369.7,1696.1,1396.6,1703.8,1415.85,1712.95,1429.8,1724,1438.9,1746.6,1446.1,1768.2,1443.7,1796.6,1425.95,1810.55,1409.1,1813.4,1384.6,1805.25,1364.4,1795.6,1349.95,1777.35,1339.85,1758.1,1334.1,1731.2,1337.45,1715.35,1343.7,1699.45,1358.15
1-57,Uninfected,No_comment,Polygon,22,1636.95,1503.8,1649,1484.6,1664.85,1472.55,1691.3,1466.8,1721.6,1470.65,1739.85,1478.35,1756.7,1487.45,1763.9,1501.9,1773.05,1515.35,1782.65,1534.1,1781.2,1550.45,1771.6,1562.45,1754.3,1567.75,1730.7,1562.45,1718.7,1564.85,1704.75,1572.1,1686,1570.65,1666.8,1564.4,1653.8,1553.35,1642.75,1537,1635.55,1523.55,1636,1512.45
1-58,Uninfected,No_comment,Polygon,20,1566.3,1372.55,1560.05,1388.9,1566.3,1407.2,1576.85,1425.95,1596.6,1444.7,1618.2,1456.2,1641.3,1463.45,1657.15,1460.55,1677.35,1457.65,1689.35,1446.1,1692.25,1432.2,1689.85,1409.6,1681.7,1391.3,1675.9,1365.35,1659.55,1347.55,1640.35,1337,1619.2,1334.6,1598.05,1343.25,1582.15,1352.35,1574,1361.5
1-59,Uninfected,No_comment,Polygon,18,1386.15,1578.5,1397.45,1560.55,1416.4,1543.65,1443.1,1530.8,1470.25,1526.2,1492.85,1529.25,1511.8,1539.55,1519,1551.85,1526.7,1569.25,1527.7,1594.9,1513.85,1619.55,1506.7,1631.85,1488.2,1643.65,1463.6,1649.25,1430.25,1642.6,1408.2,1627.2,1393.35,1612.85,1384.6,1593.4
1-60,Uninfected,No_comment,Polygon,21,1327.7,1469.8,1323.6,1487.75,1316.4,1509.25,1310.75,1528.25,1308.7,1547.2,1313.85,1561.05,1330.25,1578,1343.6,1586.2,1364.1,1582.1,1376.4,1572.85,1384.1,1556.45,1401.05,1539,1417.45,1523.65,1428.75,1500.55,1432.85,1483.1,1425.15,1466.2,1409.75,1452.35,1395.9,1446.2,1368.7,1445.15,1350.8,1452.85,1338.45,1460.55
1-61,Uninfected,No_comment,Polygon,18,1536.95,1600.05,1528.75,1614.4,1529.25,1629.25,1531.8,1646.7,1541.55,1668.25,1554.35,1684.15,1574.9,1693.9,1596.95,1694.9,1619,1691.35,1639,1674.4,1650.25,1654.9,1652.85,1632.35,1645.65,1608.25,1632.85,1590.3,1616.95,1580.55,1582.05,1573.9,1564.1,1579,1544.1,1592.35
1-62,Uninfected,No_comment,Polygon,18,1671.8,1603.65,1679.5,1593.4,1688.75,1585.7,1720.55,1579,1736.95,1577.5,1762.6,1583.65,1782.6,1598.5,1790.3,1619,1792.85,1640.05,1788.75,1656.95,1777.95,1675.95,1763.6,1685.7,1741.05,1691.35,1701.55,1686.7,1681.05,1674.4,1670.25,1658.5,1663.6,1640.05,1667.2,1618
1-63,Uninfected,No_comment,Polygon,16,1384.5,1704.05,1395.4,1690.25,1418.45,1674.7,1440.8,1668.35,1465.55,1667.2,1494.25,1676.45,1509.75,1697.15,1512.65,1721.8,1510.35,1741.4,1497.15,1763.2,1479.3,1773.55,1451.75,1779.9,1419.6,1774.7,1400.6,1759.15,1386.2,1739.1,1381.6,1718.95
1-64,Uninfected,No_comment,Polygon,16,1230.45,1637.4,1237.95,1614.35,1251.7,1600.6,1272.4,1589.1,1300.6,1587.95,1315,1592.55,1333.9,1602.9,1347.15,1623.55,1352.9,1644.3,1343.7,1669.5,1328.8,1689.7,1309.2,1694.85,1285.65,1696.6,1261.5,1686.25,1242.55,1676.45,1231.6,1655.2
1-65,Uninfected,No_comment,Polygon,16,1131.05,1687.95,1121.9,1702.9,1123.05,1725.25,1130.45,1743.7,1143.1,1756.35,1172.4,1768.35,1201.15,1764.35,1222.4,1755.2,1237.95,1740.85,1246.55,1715.5,1240.25,1697.75,1229.9,1682.2,1212.1,1670.65,1194.85,1667.2,1165,1672.4,1146,1677
1-66,Uninfected,No_comment,Polygon,17,1210.35,1815.5,1213.25,1794.3,1223.55,1774.1,1243.7,1754.05,1260.35,1747.75,1290.25,1746.6,1310.35,1752.35,1330.45,1767.2,1340.8,1782.75,1346.55,1804.05,1342.55,1821.25,1327,1839.1,1300.6,1851.75,1282.2,1862.6,1255.75,1862.6,1231.6,1852.9,1218.45,1840.85
1-67,Uninfected,No_comment,Polygon,19,1279.9,1889.65,1291.95,1873.55,1312.1,1859.25,1336.8,1851.2,1364.4,1848.9,1387.35,1858.1,1406.9,1870.1,1419,1885.65,1429.3,1904.05,1427,1925.85,1419,1945.45,1406.3,1963.75,1383.35,1972.95,1362.1,1972.95,1336.2,1966.05,1313.8,1955.8,1295.4,1937.95,1280.45,1917.8,1278.8,1903.5
1-68,Uninfected,No_comment,Polygon,23,1590.25,2058.05,1598.85,2047.7,1612.05,2037.95,1632.75,2028.75,1656.9,2028.15,1677.65,2031.6,1693.1,2044.25,1704.6,2057.45,1716.65,2065.5,1736.8,2077,1748.3,2084.5,1754.6,2108.05,1746.55,2129.3,1736.8,2141.95,1724.75,2150.6,1710.9,2147.15,1689.1,2146,1660.9,2143.1,1636.8,2133.9,1616.1,2121.85,1602.9,2106.3,1594.85,2089.1,1591.95,2070.7
1-69,Uninfected,No_comment,Polygon,17,1370.1,2007.45,1383.35,1990.8,1413.8,1971.25,1447.15,1967.8,1467.85,1971.25,1485.65,1983.9,1493.7,2006.9,1494.25,2033.9,1479.3,2055.15,1466.1,2069.55,1443.1,2079.3,1425.35,2083.35,1404.6,2079.9,1385.05,2068.95,1373.55,2054.6,1367.3,2036.8,1367.3,2022.4
1-70,Uninfected,No_comment,Polygon,17,1420.65,2137.55,1437.6,2116.4,1449.75,2103.7,1468.8,2096.8,1502.15,2096.8,1516.95,2105.25,1529.1,2116.4,1538.65,2127.5,1547.65,2147.05,1546.55,2171.4,1534.45,2188.85,1520.65,2201.05,1491,2205.8,1469.3,2200.5,1446.55,2185.15,1430.7,2173,1421.75,2153.4
1-71,Uninfected,No_comment,Polygon,17,1693.65,1986.75,1699,1969.3,1718.05,1951.3,1747.15,1944.95,1768.25,1940.2,1793.15,1949.2,1813.25,1962.95,1825.4,1987.8,1824.4,2014.25,1813.25,2039.65,1790.5,2055,1768.25,2064.55,1740.2,2063.45,1718.55,2048.15,1702.7,2031.75,1694.2,2016.9,1692.65,2001.05
1-72,Uninfected,No_comment,Polygon,17,1676.2,1721.3,1672.35,1736.4,1671.35,1755.8,1671.85,1771.3,1681.05,1789.3,1692.7,1800.95,1715.05,1812.6,1732.05,1811.65,1758.25,1804.85,1774.75,1786.85,1782.05,1753.8,1776.2,1732.95,1765.55,1714.5,1747.55,1701.45,1726.2,1701.45,1702.9,1705.25,1688.85,1712.05
1-73,Uninfected,No_comment,Polygon,17,1580.1,1799,1571.35,1813.55,1569.4,1841.2,1573.8,1863.1,1587.85,1883.5,1616,1895.6,1640.3,1897,1661.65,1890.25,1684.95,1874.25,1699.05,1854.35,1701.45,1832.5,1690.75,1809.2,1673.3,1796.05,1654.85,1785.35,1633.5,1779.1,1610.7,1783.95,1593.2,1790.75
1-74,Uninfected,No_comment,Polygon,21,1794.65,1878.15,1801.95,1858.25,1808.25,1841.75,1833.5,1826.15,1869.9,1818.45,1894.65,1824.25,1914.1,1831,1934,1841.75,1945.65,1853.4,1951.95,1875.2,1946.6,1893.2,1936.9,1909.2,1921.85,1919.35,1902.9,1921.85,1885.45,1918.9,1870.85,1918.45,1858.25,1925.7,1835.45,1928.15,1819.4,1921.3,1805.35,1910.15,1797.1,1895.6
1-75,Uninfected,No_comment,Polygon,17,1185.4,2012.65,1189.2,1993.1,1206.6,1971.9,1224,1961,1251.15,1956.1,1271.8,1955.05,1296.8,1957.75,1316.95,1972.4,1327.25,1988.2,1334.3,2010.45,1331.05,2030.05,1316.4,2050.15,1283.75,2070.8,1257.15,2070.8,1226.15,2069.15,1201.7,2055.05,1189.75,2033.85
1-76,Uninfected,No_comment,Polygon,17,1291.4,2184.4,1300.1,2159.95,1321.3,2145.8,1340.85,2138.2,1360.4,2138.75,1377.25,2139.3,1396.85,2151.25,1413.15,2171.9,1415.85,2194.7,1411.5,2208.3,1397.9,2217.55,1379.35,2232.4,1357.15,2236.05,1329.45,2233.85,1309.3,2225.15,1295.75,2211.55,1291.95,2195.25
1-77,Uninfected,No_comment,Polygon,16,2011.65,2212.7,2008.1,2226.9,2004.55,2244.05,2009.6,2269.3,2026.3,2292.05,2046,2305.1,2066.2,2311.15,2091.95,2304.15,2110.65,2293,2123.75,2271.85,2126.3,2256.1,2121.75,2232.4,2112.65,2215.2,2090.45,2204.65,2056.6,2198.05,2029.3,2204.15
1-78,Uninfected,No_comment,Polygon,19,2079.3,2106.1,2071.25,2126.85,2073.25,2149.6,2077.3,2174.85,2087.4,2184.45,2106.1,2198.55,2121.75,2205.6,2148,2203.6,2170.25,2195.5,2182.85,2183.9,2194.45,2164.75,2200.55,2144.55,2193.45,2120.25,2182.85,2095.05,2167.2,2077.85,2143.95,2071.75,2121.25,2074.85,2102.55,2079.9,2088.4,2094.55
1-79,Uninfected,No_comment,Polygon,18,2268.7,2159.05,2259.95,2166.6,2252.4,2181.65,2249.5,2203.85,2257.85,2222.25,2274.15,2239,2287.15,2245.25,2301.8,2246.55,2318.1,2245.7,2336.1,2239.85,2348.25,2224.35,2357,2205.1,2361.6,2179.6,2355.75,2158.25,2343.2,2143.15,2323.55,2137.3,2302.6,2140.25,2284.65,2147.8
1-80,Uninfected,No_comment,Polygon,18,2285.9,2278.75,2279.2,2290.45,2274.15,2304.25,2277.1,2327.7,2283.35,2342.75,2293.85,2355.75,2305.15,2367.05,2327.3,2377.5,2349.5,2377.9,2367.05,2370.4,2377.95,2355.75,2386.7,2335.65,2378.35,2310.15,2361.6,2292.55,2346.55,2273.3,2332.35,2263.25,2316.45,2260.75,2299.7,2266.6
1-81,Uninfected,No_comment,Polygon,25,2207,2439.9,2206.55,2415.35,2216.65,2396.45,2230.2,2378.5,2248.65,2370.15,2262.3,2364,2279.8,2366.2,2292.5,2377.15,2302.65,2385.5,2326.7,2393.4,2347.35,2400.85,2360.95,2409.65,2365.3,2428.05,2361.4,2449.55,2354.35,2460.05,2344.7,2469.7,2334.15,2473.65,2319.25,2468.4,2301.3,2462.7,2292.5,2466.2,2282.2,2474.45,2258.95,2480.6,2243.4,2478.5,2227.65,2471.45,2214.85,2455.25
1-82,Uninfected,No_comment,Polygon,20,1964.45,2515.75,1967.5,2492.1,1986.8,2477.6,2009.6,2466.65,2033.75,2469.7,2052.15,2478.95,2069.7,2507,2078.9,2523.65,2082,2550.4,2076.3,2566.2,2065.3,2575.85,2052.15,2583.75,2035.5,2592.5,2021.05,2601.75,2003.45,2603.5,1992.05,2596.45,1984.15,2586.4,1976.7,2563.15,1972.35,2544.7,1966.65,2526.3
1-83,Uninfected,No_comment,Polygon,20,2709.2,2701.1,2718.7,2689.65,2733.95,2680.15,2745.85,2672.05,2758.7,2664.9,2775.35,2663.45,2792.5,2673,2806.8,2685.3,2818.25,2704.85,2820.6,2726.75,2821.1,2749.65,2812.1,2771.1,2800.6,2784.35,2782.45,2798.05,2760.45,2801.15,2734.9,2796.35,2715.35,2782.45,2702.05,2757.75,2697.75,2735.8,2703.45,2714.35
1-84,Uninfected,No_comment,Polygon,20,2786.35,2845.85,2793,2819.2,2801.6,2796.8,2813.95,2784.85,2828.25,2776.3,2846.8,2770.15,2869.2,2771.55,2883.95,2779.2,2899.7,2793.9,2911.1,2813.4,2914.9,2838.7,2902.5,2862.95,2890.6,2872.45,2863.95,2873.9,2853.45,2880.15,2840.65,2885.85,2822.05,2886.35,2804.4,2880.15,2792.5,2869.65,2787.75,2853.4
1-85,Uninfected,No_comment,Polygon,18,3074.9,2819.15,3081.55,2797.75,3093.95,2780.1,3108.7,2767.75,3123.95,2762.5,3141.1,2760.1,3164.45,2769.65,3179.2,2785.85,3192.55,2808.2,3196.35,2830.1,3189.65,2863,3176.35,2878.2,3152.5,2887.75,3130.15,2888.7,3105.4,2883,3087.3,2867.75,3076.35,2847.75,3075.4,2828.7
1-86,Uninfected,No_comment,Polygon,24,3060.15,2825.85,3064.4,2805.35,3072.05,2787.25,3081.55,2774.9,3091.55,2767.25,3106.35,2759.15,3112.05,2751.55,3111.1,2739.65,3103,2729.15,3078.7,2719.65,3058.7,2711.05,3043.45,2707.75,3024.4,2710.6,3009.65,2715.85,2995.85,2724.9,2982.5,2736.8,2973.45,2748.7,2969.2,2769.65,2973,2787.25,2973.95,2804.9,2984.4,2820.1,3003,2833.45,3021.1,2836.3,3043.95,2833
1-87,Uninfected,No_comment,Polygon,19,3239.65,2856.3,3243.5,2839.15,3253,2828.7,3273.95,2816.3,3293.95,2819.15,3314.9,2829.15,3322.55,2838.7,3329.2,2855.35,3331.6,2868.2,3338.7,2880.6,3341.1,2888.7,3335.4,2899.15,3320.65,2903.95,3303,2911.55,3273.95,2916.3,3260.15,2910.15,3243,2895.85,3235.85,2881.1,3236.8,2869.65
1-88,Uninfected,No_comment,Polygon,18,3347.3,2754.9,3339.2,2768.7,3337.75,2792,3334.9,2829.65,3342.55,2863.45,3349.2,2884.4,3360.15,2895.85,3373.95,2908.2,3394.9,2909.15,3413.5,2904.9,3434.9,2889.15,3443,2864.9,3441.6,2835.85,3435.4,2807.25,3421.1,2784.4,3400.15,2762.95,3386.35,2753.45,3364.45,2750.1
1-89,Uninfected,No_comment,Polygon,24,3059.2,2608.2,3053.95,2621.55,3051.55,2642.95,3053.95,2664.85,3060.15,2683.45,3065.4,2696.8,3083.95,2706.8,3105.4,2714.9,3114.9,2721.05,3131.1,2732.5,3154.45,2729.15,3169.65,2720.6,3182.05,2707.25,3189.65,2683.45,3187.75,2660.6,3183.5,2644.85,3172.5,2632.95,3160.15,2625.35,3147.75,2620.1,3134.9,2616.3,3122.05,2608.2,3107.3,2599.15,3088.7,2598.7,3071.55,2602.5
1-90,Uninfected,No_comment,Polygon,20,3103.5,2512,3113.5,2490.1,3125.35,2475.35,3149.7,2462.95,3179.2,2464.4,3204.4,2472.95,3222.55,2487.7,3236.35,2510.6,3241.6,2531.55,3241.6,2554.4,3236.85,2577.7,3223.05,2593.45,3207.8,2604.4,3188.25,2612.95,3169.7,2614.85,3148.25,2607.25,3126.8,2592.95,3109.7,2574.85,3099.7,2554.4,3099.7,2533.9
1-91,Uninfected,No_comment,Polygon,17,3250.2,2587.7,3258.75,2565.8,3283,2549.15,3300.65,2545.8,3323.45,2550.1,3345.9,2564.4,3355.4,2582.5,3363,2603.9,3362.5,2624.85,3351.55,2648.7,3336.35,2659.15,3318.25,2665.35,3299.25,2663.9,3280.2,2659.65,3261.15,2643.9,3251.6,2626.3,3246.35,2603.9
1-92,Uninfected,No_comment,Polygon,20,2871.55,2570.1,2882,2552.5,2893.95,2539.15,2906.35,2532.5,2928.25,2531.55,2944.9,2536.75,2958.75,2548.2,2969.65,2563.45,2980.1,2581.55,2984.45,2605.35,2978.75,2627.7,2969.65,2644.4,2959.15,2653.45,2941.05,2657.75,2918.25,2653.45,2894.9,2641.55,2881.05,2625.35,2874.4,2605.8,2869.2,2594.4,2868.75,2581.05
1-93,Uninfected,No_comment,Polygon,18,3375.4,2537.3,3380.15,2517.3,3391.55,2497.75,3412.5,2483.95,3433.5,2476.35,3456.8,2473.95,3477.75,2476.8,3497.3,2495.35,3507.75,2514.4,3514.45,2532.05,3513,2554.45,3504.45,2575.4,3486.35,2588.7,3458.7,2600.6,3431.1,2595.85,3407.75,2586.35,3386.35,2569.2,3377.75,2555.85
1-94,Uninfected,No_comment,Polygon,16,3262.5,2445.85,3257.3,2474.4,3264.4,2498.25,3279.2,2516.8,3296.8,2525.85,3327.3,2524.4,3347.3,2513.95,3360.6,2503,3368.25,2483.45,3365.85,2459.65,3356.35,2441.1,3345.85,2427.3,3329.2,2417.75,3304.9,2417.3,3283.45,2423.95,3271.1,2434.9
1-95,Uninfected,No_comment,Polygon,19,3399.2,2340.6,3388.25,2346.8,3380.6,2355.35,3373.95,2371.1,3370.15,2398.25,3378.25,2417.75,3391.1,2434.9,3405.85,2445.35,3416.35,2451.55,3433.5,2453.95,3450.6,2456.3,3472.05,2444.9,3482.05,2429.65,3479.65,2406.8,3469.65,2380.6,3461.55,2356.3,3449.2,2343.95,3430.15,2335.35,3410.15,2337.25
1-96,Uninfected,No_comment,Polygon,20,3522.55,2440.6,3533,2429.65,3553.95,2417.75,3569.65,2407.75,3588.7,2401.1,3607.75,2399.2,3623.95,2404.4,3636.35,2415.35,3648.25,2441.1,3656.35,2471.1,3653,2493,3643,2508.7,3626.35,2521.1,3606.8,2529.65,3583.95,2531.55,3559.65,2526.8,3536.35,2513.95,3523,2492.5,3518.7,2471.55,3520.15,2450.6
1-97,Uninfected,No_comment,Polygon,18,3621.6,2631.55,3625.85,2611.55,3637.8,2592.95,3651.6,2577.25,3674.9,2569.15,3695.4,2570.55,3717.8,2578.2,3733,2590.1,3741.1,2604.85,3745.4,2627.25,3743.5,2646.3,3730.65,2665.8,3720.15,2677.7,3695.4,2682,3673.5,2680.1,3654.9,2671.05,3637.8,2658.65,3625.85,2643.45
1-98,Uninfected,No_comment,Polygon,17,3382.5,2701.55,3380.6,2686.3,3388.25,2660.6,3403,2639.6,3427.3,2625.35,3454.45,2618.65,3487.75,2631.05,3498.7,2647.25,3503.5,2665.35,3496.8,2688.2,3486.35,2707.25,3477.3,2719.65,3458.7,2731.55,3439.65,2737.25,3422.05,2737.25,3404.9,2728.2,3391.1,2716.75
1-99,Uninfected,No_comment,Polygon,16,3492.55,2733.45,3503.95,2703.9,3515.4,2679.65,3535.4,2669.15,3557.75,2666.3,3575.4,2676.3,3593,2692.5,3599.7,2717.25,3594.9,2738.2,3589.2,2752.5,3583.95,2780.6,3569.2,2789.65,3540.15,2789.15,3516.8,2780.6,3497.75,2764.85,3495.85,2748.2
1-100,Uninfected,No_comment,Polygon,18,3597.3,2772,3605.4,2742,3611.6,2718.2,3626.8,2705.35,3644.9,2701.05,3662.55,2701.05,3677.8,2714.85,3691.6,2730.6,3697.3,2752.95,3701.6,2771.05,3697.3,2787.25,3689.7,2802,3668.25,2821.05,3651.1,2833.45,3633,2838.2,3616.35,2829.65,3603.5,2813.45,3596.35,2795.8
1-101,Uninfected,No_comment,Polygon,18,3456.35,2860.65,3455.85,2845.4,3462.55,2826.35,3472.55,2810.65,3491.6,2800.65,3507.8,2797.75,3539.7,2803.95,3558.25,2820.15,3567.8,2841.6,3574.45,2866.8,3570.15,2884.9,3553,2902.55,3536.35,2912.05,3517.3,2911.6,3492.05,2909.2,3477.3,2902.05,3466.85,2891.6,3460.15,2869.7
1-102,Uninfected,No_comment,Polygon,19,3055.05,1881.6,3059.85,1859.35,3069.05,1842.35,3083,1834,3097.85,1826.2,3114.45,1826.65,3136.3,1831.4,3153.75,1840.55,3163.35,1855,3169.9,1874.65,3173.4,1897.75,3163.8,1922.65,3145.9,1940.15,3123.6,1948,3096.1,1946.25,3072.55,1939.3,3062.5,1922.25,3055.05,1904.8,3054.65,1892.1
1-103,Uninfected,No_comment,Polygon,21,2934.55,1843.6,2942.85,1829.25,2960.75,1818.3,2982.55,1815.3,3004.4,1815.3,3019.25,1816.15,3039.35,1828.4,3045,1838.4,3047.2,1848.9,3046.35,1863.75,3042.85,1879,3041.95,1894.7,3029.75,1908.75,3015.75,1923.6,2996.55,1927.95,2972.95,1926.6,2951.15,1915.3,2935.4,1896.9,2928.4,1882.95,2930.15,1867.25,2930.6,1852.4
1-104,Uninfected,No_comment,Polygon,19,2818.4,1758.95,2829.75,1741.85,2842.4,1730.1,2867.3,1723.1,2887.8,1722.2,2906.6,1729.25,2917.95,1742.35,2924.95,1758.45,2929.75,1778.1,2932.35,1804.3,2922.3,1825.3,2908.35,1839.3,2885.65,1853.25,2866.4,1853.65,2846.75,1845.35,2830.6,1831.4,2818.4,1812.6,2810.5,1792.1,2812.25,1772.9
1-105,Uninfected,No_comment,Polygon,18,2724.9,1866.35,2726.65,1844.95,2735.4,1826.2,2751.15,1818.3,2772.1,1815.3,2790.85,1816.55,2811.4,1828.8,2824.05,1844.1,2836.3,1858.95,2843.25,1876,2842.85,1894.3,2834.95,1909.15,2817.95,1920.9,2797.4,1927.05,2773.85,1925.35,2750.7,1912.6,2736.7,1898.25,2725.8,1880.8
1-106,Uninfected,No_comment,Polygon,20,2944.15,1710.45,2933.25,1724.85,2934.55,1744.5,2940.2,1769.8,2954.6,1787.75,2963.35,1796,2976.45,1799.1,2990.85,1801.7,3010.1,1807,3025.8,1809.6,3041.55,1810,3055.5,1802.2,3067.75,1779.85,3061.6,1754.6,3050.7,1727.5,3034.55,1701.7,3010.5,1687.35,2988.25,1686,2966.4,1689.45,2951.55,1699.5
1-107,Uninfected,No_comment,Polygon,18,3183,1953.65,3184.75,1933.15,3193.5,1917.9,3206.15,1906.55,3224.5,1900.85,3248.1,1901.25,3265.55,1911.75,3279.95,1931,3284.75,1950.65,3284.35,1976.4,3279.95,1992.1,3265.1,2004.8,3253.75,2014.85,3236.75,2020.55,3214.9,2016.1,3200.5,2002.6,3189.15,1985.55,3185.65,1975.55
1-108,Uninfected,No_comment,Polygon,18,3093.9,2038.9,3097,2018,3104.85,2006.6,3115.8,1996.1,3127.15,1990.05,3145.9,1987.45,3165.55,1990.9,3183.9,2000.9,3197.45,2017.5,3204.4,2040.2,3205.75,2063.35,3195.65,2083.5,3180.4,2096.6,3159.4,2104.05,3132.8,2101.8,3116.65,2090.05,3104.4,2072.1,3094.4,2055.95
1-109,Uninfected,No_comment,Polygon,21,3001.35,2130.15,2988.25,2097.4,2986.95,2078.2,2989.55,2059,2998.3,2041.95,3013.15,2032.35,3034.55,2030.15,3051.15,2036.7,3071.2,2050.7,3088.7,2073.4,3098.3,2092.6,3108.8,2107.9,3105.7,2125.35,3093.95,2141.1,3083.45,2155.05,3073.85,2169.45,3064.65,2176.9,3049.85,2181.25,3032.35,2170.35,3016.2,2151.15,3006.6,2140.65
1-110,Uninfected,No_comment,Polygon,17,3078.65,2179.95,3093.05,2159.85,3109.2,2140.65,3124.95,2127.55,3145.45,2127.55,3162.95,2133.65,3177.35,2140.65,3189.55,2163.8,3191.3,2183.45,3183.9,2202.65,3168.6,2222.3,3151.15,2234.55,3126.25,2239.35,3103.1,2234.1,3086.95,2221.85,3079.1,2206.6,3078.2,2193.05
1-111,Uninfected,No_comment,Polygon,20,2872.95,2234.95,2884.75,2206.15,2912.25,2169.45,2938.9,2151.15,2967.75,2144.15,2992.2,2152.85,3014.45,2169.45,3032.8,2187.35,3035,2203.95,3024.5,2221,3007.45,2225.8,2990.45,2218.8,2967.3,2221.45,2941.1,2231.5,2927.1,2238.9,2919.7,2254.2,2912.25,2259.85,2900.5,2262.5,2884.75,2259.85,2875.15,2248.5
1-112,Uninfected,No_comment,Polygon,18,2917.1,2271.65,2917.95,2260.3,2931.9,2243.7,2950.7,2234.1,2983,2228.85,2996.1,2230.6,3011.85,2235.4,3025.8,2252.45,3029.75,2268.15,3030.6,2289.1,3022.3,2310.1,3009.2,2323.6,2995.25,2331.5,2980.85,2337.6,2954.2,2331.5,2937.15,2322.75,2921.45,2306.15,2915.35,2286.95
1-113,Uninfected,No_comment,Polygon,20,3175.6,2233.7,3183.45,2224.95,3203.95,2218,3220.55,2216.65,3241.1,2224.05,3258.1,2235.4,3267.75,2248.5,3272.95,2264.25,3273.4,2284.4,3268.15,2304.4,3255.05,2322.3,3240.2,2332,3214.45,2335.45,3192.6,2331.5,3172.55,2323.7,3157.25,2309.65,3152,2296.55,3148.95,2277.85,3152.9,2257.7,3162.9,2242.4
1-114,Uninfected,No_comment,Polygon,20,2957.25,2385.65,2949.4,2399.6,2944.6,2414.45,2942.85,2431.5,2945,2450.7,2949.4,2463.4,2958.1,2477.35,2969.05,2487.85,2983.45,2493.5,3003.1,2495.7,3020.15,2486.15,3034.95,2475.65,3041.95,2460.3,3047.2,2439.35,3046.35,2409.65,3033.25,2385.65,3021,2373.4,2999.15,2367.75,2981.25,2369.9,2968.15,2376.05
1-115,Uninfected,No_comment,Polygon,22,3459,2267.3,3465.15,2240.2,3474.75,2221.45,3490,2207.45,3513.6,2200.05,3521.9,2191.75,3534.55,2185.2,3551.6,2183.45,3570.35,2187.35,3584.8,2195.65,3600.05,2208.75,3607.05,2224.5,3608.8,2248.5,3605.3,2272.5,3599.2,2283,3584.8,2286.05,3567.3,2279.05,3552.05,2279.95,3530.65,2283.45,3507.9,2284.3,3486.5,2282.15,3461.65,2275.6
1-116,Uninfected,No_comment,Polygon,19,3477.8,2347.2,3486.5,2323.6,3500.05,2311.8,3513.6,2303.95,3533.7,2297,3558.6,2294.8,3587.85,2298.3,3600.5,2309.65,3611.4,2324.05,3614.9,2350.25,3610.1,2371.2,3597.9,2381.7,3576.05,2392.15,3554.65,2401.8,3540.65,2412.25,3520.6,2415.75,3499.2,2409.65,3486.95,2395.65,3479.95,2365.55
1-117,Uninfected,No_comment,Polygon,17,3303.55,2173.85,3296.55,2192.15,3297,2218.8,3306.15,2236.25,3318.4,2253.75,3338.9,2263.35,3363.8,2266.85,3386.1,2259.4,3406.15,2249.8,3417.55,2229.7,3423.65,2209.2,3418.85,2185.6,3408.8,2162.05,3390,2145,3356.85,2140.65,3335.45,2145,3321,2156.8
1-118,Uninfected,No_comment,Polygon,17,3417.1,2065.05,3415.35,2094.7,3413.2,2119.2,3414.95,2135.35,3422.8,2155.4,3437.2,2174.2,3459.05,2184.25,3482.6,2191.25,3507.5,2186.45,3520.15,2178.15,3536.75,2151.55,3535,2129.2,3517.55,2111.75,3499.2,2094.7,3483.05,2082.1,3453.35,2070.7,3425.85,2062.45
1-119,Uninfected,No_comment,Polygon,17,3238.05,2051.95,3222.8,2073.8,3221,2097.8,3228.45,2122.65,3239.4,2145.85,3256.85,2156.3,3281.3,2163.3,3297.9,2156.3,3314.5,2144.55,3327.15,2129.2,3338.05,2106.95,3335,2082.95,3325.4,2059.85,3307.5,2044.05,3286.55,2037.95,3266.9,2038.45,3249.4,2043.25
1-120,Uninfected,No_comment,Polygon,18,3349.85,1925.35,3344.6,1946.7,3349.4,1965,3361.65,1985.55,3373.45,1994.7,3389.6,2005.7,3409.7,2013.1,3434.15,2011.35,3450.7,2003,3473.45,1982.95,3480,1960.2,3471.25,1929.65,3457.25,1911.35,3437.2,1896.9,3405.3,1896.9,3387.85,1899.5,3368.65,1904.3,3358.1,1911.75
1-121,Uninfected,No_comment,Polygon,18,3479.1,2036.7,3482.6,2019.15,3492.6,2000,3506.2,1989.1,3536.75,1982.1,3559.9,1986.9,3582.2,1997.8,3593.55,2016.1,3600.9,2033.6,3601.4,2055.4,3594.35,2071.6,3580.45,2086.9,3560.35,2097.4,3538.5,2098.65,3515.35,2093.85,3501.85,2082.5,3489.15,2066.75,3483.05,2055.4
1-122,Uninfected,No_comment,Polygon,18,3578.65,2142.8,3579.1,2124.05,3586.5,2103.5,3600.05,2082.1,3623.2,2066.85,3645,2060.3,3669.9,2061.15,3690.45,2069,3712.7,2087.35,3721,2107,3721.9,2130.15,3715.35,2153.3,3698.3,2172.05,3681.25,2182.55,3652.9,2190,3617.95,2188.65,3596.1,2176.85,3584.3,2161.15
1-123,Uninfected,No_comment,Polygon,18,3620.6,2251.5,3628,2223.55,3641.1,2210.9,3658.6,2202.65,3691.35,2200,3711.9,2202.15,3731.5,2212.25,3739.35,2227.1,3745.05,2244.95,3742.45,2272,3736.75,2293.9,3726.25,2309.2,3707.5,2317.5,3686.1,2318.75,3668.2,2318.35,3641.1,2308.7,3630.65,2293.4,3624.1,2276.8
1-124,Uninfected,No_comment,Polygon,17,3758.15,2238,3766.9,2221.8,3784.8,2210.45,3804,2203,3824.55,2205.7,3849.4,2214.85,3863.85,2226.65,3876.95,2247.15,3880.9,2269,3877.8,2290.4,3863.4,2309.2,3841.1,2323.15,3808.8,2324.4,3782.6,2316.15,3764.25,2300.9,3757.3,2286.45,3752.9,2258.05
1-125,Uninfected,No_comment,Polygon,17,3926.2,2431.65,3933.5,2413.3,3951.85,2397.7,3968.8,2390.8,3994.55,2391.25,4023.85,2400,4041.3,2414.2,4053.7,2433,4058.7,2455.95,4055.5,2478.9,4042.2,2505.5,4027.5,2515.15,4009.15,2521.1,3974.3,2518.35,3952.3,2506.85,3937.6,2486.25,3927.95,2464.2
1-126,Uninfected,No_comment,Polygon,14,3890.35,2209.6,3893.55,2180.7,3913.75,2163.25,3941.75,2154.1,3967,2155.95,3992.15,2165.55,4003.65,2183.05,4010.1,2207.3,4006.45,2232.1,3987.6,2255,3957.35,2265.1,3930.75,2262.8,3911,2248.6,3896.8,2230.7
1-127,Uninfected,No_comment,Polygon,15,4027.05,2103.65,4019.25,2124.75,4020.2,2151.8,4025.2,2174.3,4046.8,2197.2,4079.35,2205.45,4105.95,2200,4129.35,2186.65,4144.5,2161.9,4146.8,2130.25,4139.4,2105.45,4117.45,2084.85,4079.8,2082.1,4055.05,2086.2,4032.55,2094.45
1-128,Uninfected,No_comment,Polygon,16,3869.25,2044.9,3864.2,2068.3,3866.05,2092.15,3877.05,2115.1,3903.65,2129.3,3936.7,2139.85,3967.45,2132.1,3987.6,2119.7,3995.9,2099.5,3996.8,2079.3,3980.3,2057.75,3957.35,2037.1,3939.45,2023.8,3910.1,2023.35,3893.55,2027.05,3882.55,2033.45
1-129,Uninfected,No_comment,Polygon,20,3967.4,1981.15,3974.3,1965.55,3987.6,1955,4010.5,1948.15,4035.3,1947.25,4056.85,1953.2,4076.1,1962.8,4089.9,1972.5,4101.8,1988.5,4112.8,2008.7,4112.35,2030.7,4100.9,2052.25,4083.45,2064.2,4052.25,2072.9,4025.2,2073.8,4007.75,2068.8,3986.65,2048.15,3970.6,2025.2,3964.65,2008.25,3966.95,1994.9
1-130,Uninfected,No_comment,Polygon,18,4130.7,2008.7,4144.45,1989.45,4159.15,1980.3,4181.15,1973.35,4206.85,1971.1,4229.35,1973.8,4247.7,1979.35,4263.75,1994.9,4268.3,2012.8,4266.05,2034.85,4257.75,2051.8,4236.2,2069.25,4209.6,2083.45,4181.6,2085.3,4155.95,2074.75,4137.15,2061.95,4128.4,2045.85,4127.95,2025.65
1-131,Uninfected,No_comment,Polygon,17,3849.05,1894.9,3840.8,1922.9,3844.45,1949.05,3866.05,1968.8,3885.3,1979.35,3903.65,1983.45,3928.85,1981.65,3949.95,1971.55,3965.55,1959.6,3977.05,1939.9,3977.5,1914.2,3968.3,1894.45,3946.75,1878.4,3915.1,1870.15,3886.2,1872.9,3865.55,1878.4,3857.3,1883.9
1-132,Uninfected,No_comment,Polygon,25,4129.35,1869.75,4140.8,1856.85,4155.5,1847.25,4172.45,1842.2,4193.1,1838.5,4218.8,1842.2,4238.05,1851.4,4242.65,1864.65,4248.15,1876.1,4256.85,1894.45,4265.55,1903.65,4272.9,1917.85,4272.45,1933.45,4264.2,1945.4,4252.25,1955,4229.35,1957.8,4211.9,1953.2,4183.45,1955,4167.85,1956.4,4155.5,1955,4137.15,1944,4125.65,1932.1,4120.15,1911.95,4120.15,1895.4,4124.3,1883.05
1-133,Uninfected,No_comment,Polygon,21,4060.05,1697.7,4045.85,1711.9,4040.35,1734.85,4038.95,1750.45,4045.85,1768.35,4049.05,1782.1,4056.4,1801.85,4067.4,1813.3,4084.35,1817.9,4110.05,1812.85,4124.75,1802.75,4133,1791.75,4133.9,1773.85,4130.7,1754.1,4129.35,1738.05,4129.35,1720.2,4127.95,1700.9,4118.8,1686.7,4104.1,1680.25,4081.6,1681.2,4071.05,1689.45
1-134,Uninfected,No_comment,Polygon,20,4140.5,1720.75,4146.8,1700.45,4158.9,1684.5,4170,1675.8,4187.85,1671.45,4212.5,1671.45,4231.85,1679.7,4250.65,1693.7,4263.7,1712.05,4270,1728,4264.7,1750.2,4255.5,1771.45,4242.45,1787.9,4222.65,1795.15,4198.5,1798.05,4176.75,1791.75,4158.9,1778.7,4148.25,1766.65,4140.05,1750.7,4139.05,1736.7
1-135,Uninfected,No_comment,Polygon,16,3969.5,1653.6,3976.75,1632.35,3993.65,1614.45,4013.95,1599.5,4040.5,1595.15,4065.65,1594.15,4086.9,1605.75,4096.55,1623.65,4098,1645.4,4085.45,1671,4062.75,1685.5,4036.2,1703.85,4014.45,1705.75,3991.25,1695.15,3977.7,1682.1,3970.95,1668.55
1-136,Uninfected,No_comment,Polygon,18,3918.8,1825.1,3917.35,1809.15,3923.15,1789.35,3932.8,1780.65,3948.75,1771,3971.45,1765.2,3994.65,1766.15,4012.5,1774.35,4027.5,1786.45,4038.6,1805.3,4039.55,1826.05,4031.85,1852.15,4018.3,1866.65,3999.95,1876.3,3974.35,1877.25,3943.4,1867.6,3927.5,1853.1,3920.7,1839.6
1-137,Uninfected,No_comment,Polygon,19,3738,2002.7,3750.9,1977.7,3773.3,1969.65,3796.95,1966.1,3814.35,1967.45,3829.5,1969.65,3843.85,1978.15,3857.6,2000.9,3861.7,2024.1,3852.75,2055.35,3842.5,2079.05,3826.85,2091.55,3806.75,2100.45,3781.75,2097.8,3755.45,2084.85,3740.7,2066.1,3733.1,2048.25,3729.55,2031.25,3732.6,2017.45
1-138,Uninfected,No_comment,Polygon,18,3608.55,1953.6,3612.55,1941.1,3625.9,1927.7,3647.35,1918.3,3665.7,1912.95,3691.55,1918.3,3706.75,1929.9,3719.65,1942.85,3728.6,1961.6,3731.3,1987.95,3719.65,2008.05,3702.75,2024.55,3680.9,2034.4,3656.3,2034.4,3629.55,2021.9,3612.95,2001.35,3606.7,1985.75,3606.7,1968.3
1-139,Uninfected,No_comment,Polygon,16,3513.9,1891.1,3513.9,1879.5,3548.75,1845.55,3568.4,1834.4,3589.35,1829.9,3615.25,1837.05,3634.45,1854.9,3639.35,1882.15,3634,1906.7,3617.05,1925.45,3590.25,1945.1,3566.6,1946.9,3543.85,1944.2,3526.85,1930.35,3517.05,1911.6,3515.25,1899.55
1-140,Uninfected,No_comment,Polygon,22,3492.05,1879.5,3463.9,1879.5,3442.05,1869.2,3425.5,1855.8,3413.45,1834.85,3413,1808.95,3429.1,1783.95,3449.65,1767,3480,1763.4,3504.1,1769.65,3524.2,1777.7,3544.3,1780.35,3555.9,1780.8,3565.7,1787.5,3573.75,1799.55,3571.5,1819.2,3559.9,1830.35,3546.05,1837.95,3533.1,1845.55,3522.4,1857.6,3506.35,1871.45,3500.1,1876.8
1-141,Uninfected,No_comment,Polygon,18,3473.3,1693.75,3478.65,1677.7,3491.6,1663.4,3509.45,1654.45,3535.35,1650.9,3560.8,1654.05,3582.65,1665.2,3595.15,1679.9,3609,1713.85,3607.65,1737.05,3591.6,1762.5,3569.7,1771.9,3541.15,1774.1,3509.45,1765.2,3483.55,1751.8,3476.4,1741.55,3470.6,1728.6,3471.05,1706.7
1-142,Uninfected,No_comment,Polygon,20,3669.3,1743.75,3676,1730.8,3693.85,1721,3710.35,1707.6,3717.5,1700.45,3735.8,1694.2,3756.8,1694.65,3779.55,1706.7,3793.4,1721.45,3805,1742.4,3810.8,1760.75,3806.8,1783.95,3796.5,1800.45,3782.25,1810.3,3761.25,1819.65,3731.8,1825,3697.85,1812.5,3681.8,1796,3672.85,1776.35,3668.85,1755.8
1-143,Uninfected,No_comment,Polygon,18,3817.95,1703.15,3822.8,1688.9,3834.45,1675.05,3853.65,1666.55,3882.2,1664.75,3907.2,1669.2,3924.2,1678.6,3936.7,1693.8,3940.25,1714.75,3942,1736.65,3933.55,1757.65,3918.85,1775.95,3892.95,1783.55,3869.7,1786.2,3843.4,1777.3,3827.3,1764.75,3813.85,1742.45,3814.35,1721
1-144,Uninfected,No_comment,Polygon,18,3711.7,1582.65,3713.4,1571,3725.5,1559.4,3744.25,1550.5,3764.35,1547.35,3789.8,1550.5,3819.25,1567,3836.7,1587.5,3843.85,1610.75,3839.8,1640.65,3829.05,1658.95,3806.3,1671.45,3778.2,1675.95,3749.65,1668.8,3733.1,1653.55,3719.65,1629.05,3712.15,1606.75,3711.7,1593.75
1-145,Uninfected,No_comment,Polygon,17,3599.2,1645.6,3608.1,1621.9,3623.75,1605.4,3643.8,1596,3664.8,1596.45,3687.1,1601.4,3704.55,1617,3713,1638.45,3715.25,1662.1,3708.55,1682.65,3693.8,1704.5,3670.6,1719.7,3646.9,1720.15,3625.9,1711.2,3612.1,1695.15,3600.9,1668.35,3598.3,1651.4
1-146,Uninfected,No_comment,Polygon,17,3853.65,1552.7,3855,1581.75,3861.25,1600,3874.2,1613.9,3888,1628.55,3905.45,1632.2,3931.75,1631.3,3951.35,1624.6,3980.45,1599.6,3986.2,1582.65,3984,1561.65,3971.95,1542.9,3949.65,1526.8,3927.3,1517.45,3898.75,1514.3,3883.05,1520.55,3869.7,1529.5
1-147,Uninfected,No_comment,Polygon,19,4104.3,1410,4102.4,1396.65,4113.35,1379.05,4131.45,1364.25,4151.9,1353.3,4190.95,1354.25,4210,1360.45,4231.9,1379.5,4237.65,1395.7,4236.2,1413.8,4224.8,1439.5,4209.55,1466.65,4195.25,1486.2,4179.05,1495.7,4157.65,1494.75,4139.55,1482.85,4119.55,1467.15,4110.5,1440.45,4107.65,1420.95
1-148,Uninfected,No_comment,Polygon,21,4023.8,1437.15,4025.75,1454.3,4027.65,1466.65,4025.75,1482.85,4021.9,1507.15,4022.85,1527.15,4028.1,1542.85,4036.7,1559.5,4050.95,1574.75,4074.3,1581.4,4095.75,1580.95,4114.8,1571.4,4127.15,1556.65,4139.05,1527.6,4137.65,1508.55,4129.55,1492.85,4112.4,1475.7,4091.45,1454.3,4050.95,1422.35,4036.7,1421.9,4025.75,1425.7
1-149,Uninfected,No_comment,Polygon,19,3907.15,1473.3,3905.75,1447.6,3916.2,1430.95,3935.25,1420,3956.2,1414.75,3977.65,1418.1,4000.95,1429.05,4010.95,1445.25,4018.6,1461.4,4019.05,1481.4,4012.85,1505.7,4007.65,1519.5,3994.75,1528.55,3976.2,1530,3961.9,1526.65,3951.9,1519.5,3938.6,1514.3,3922.4,1510,3910.95,1492.35
1-150,Uninfected,No_comment,Polygon,19,3730.35,1427.95,3736.9,1413.1,3748.05,1393.55,3762.95,1378.65,3782,1368.9,3802.95,1365.65,3829,1370.75,3842.45,1380.5,3860.15,1404.7,3864.35,1431.7,3856.9,1456.35,3845.25,1470.75,3833.15,1481.45,3815,1489.85,3794.55,1492.15,3775,1490.3,3747.1,1471.2,3737.35,1455.4,3732.7,1443.3
1-151,Uninfected,No_comment,Polygon,21,3659.65,1374.45,3656.9,1351.2,3666.2,1327.5,3682.45,1308.4,3711.3,1297.25,3734.55,1291.7,3751.75,1286.55,3772.25,1289.8,3789.45,1299.1,3796.9,1318.2,3794.55,1341.9,3782.45,1358.65,3769,1366.55,3755.5,1377.75,3742.95,1391.7,3730.35,1410.75,3717.8,1419.6,3699.2,1420.05,3681.55,1413.55,3672.25,1404.25,3663.4,1379.1
1-152,Uninfected,No_comment,Polygon,20,3556.4,1416.35,3569.9,1405.65,3595,1401.9,3620.15,1401.9,3640.15,1407.95,3668.05,1426.55,3686.65,1438.65,3695.95,1447.5,3702.45,1463.8,3699.2,1487.95,3690.85,1507.05,3664.3,1521.45,3643.85,1527.95,3631.75,1524.7,3610.35,1513.1,3590.35,1499.15,3560.6,1480.05,3546.65,1461.45,3544.8,1440.05,3547.55,1427.05
1-153,Uninfected,No_comment,Polygon,18,3487.55,1563.75,3491.75,1538.2,3503.85,1523.3,3523.85,1512.15,3553.6,1508.9,3576.85,1511.2,3601.05,1520.05,3624.3,1535.85,3634.05,1548.4,3637.35,1572.6,3628.95,1592.6,3612.2,1605.15,3586.65,1618.2,3557.8,1620.5,3531.3,1616.35,3508,1604.7,3495.95,1592.15,3489.4,1580.05
1-154,Uninfected,No_comment,Polygon,19,3370.8,1355.85,3378.25,1340.5,3394.55,1325.15,3420.15,1316.8,3440.15,1318.2,3457.35,1321.9,3473.6,1331.65,3482.9,1346.1,3490.35,1365.15,3493.15,1393.55,3485.25,1414.45,3468.05,1431.65,3447.55,1440.05,3417.35,1441.9,3396.4,1434,3381.5,1421,3369.9,1404.25,3366.15,1384.7,3366.15,1367.5
1-155,Uninfected,No_comment,Polygon,18,3495,1320.5,3500.15,1296.8,3511.75,1275.85,3529.9,1265.6,3557.35,1268.4,3570.85,1277.7,3588.05,1297.7,3594.55,1315.85,3597.35,1336.3,3595.5,1362.85,3583.4,1378.65,3565.7,1394.45,3545.7,1398.2,3522.45,1391.65,3511.3,1385.65,3503.85,1368.4,3498.75,1350.25,3495.95,1334
1-156,Uninfected,No_comment,Polygon,19,3191.75,1456.8,3212.65,1434.95,3227.55,1423.75,3247.55,1414.45,3270.35,1412.6,3293.6,1418.2,3309.9,1428.9,3320.6,1442.35,3329.9,1467.95,3328.05,1488.4,3313.6,1508.4,3301.5,1521,3288.5,1525.65,3270.8,1527.5,3248.95,1524.25,3229.4,1523.3,3208.95,1508.9,3194.55,1485.65,3191.75,1469.35
1-157,Uninfected,No_comment,Polygon,19,3235.95,1549.35,3221.95,1563.3,3214.05,1580.95,3212.2,1602.35,3217.8,1625.6,3225.25,1645.1,3238.7,1658.15,3253.15,1666.1,3276.4,1669.35,3300.6,1664.7,3316.4,1647.95,3324.3,1628.85,3326.15,1608.4,3322,1581.4,3309.4,1560.95,3297.8,1548.4,3283.85,1541.4,3265.7,1538.65,3251.3,1541.4
1-158,Uninfected,No_comment,Polygon,19,3070.35,1585.6,3085.2,1554.9,3095.45,1546.05,3125.25,1540.05,3149.4,1543.3,3169.9,1553.45,3189.4,1570.75,3201.05,1592.6,3201.95,1609.35,3205.7,1626.5,3197.3,1649.35,3181.5,1660.45,3164.3,1665.55,3131.25,1662.35,3109.4,1656.3,3090.35,1645.1,3075,1625.6,3067.1,1608.4,3067.1,1595.4
1-159,Uninfected,No_comment,Polygon,18,3067.55,1733.55,3071.75,1712.55,3079.65,1698.65,3098.7,1684.7,3117.3,1679.55,3148.95,1680.05,3168.95,1685.65,3180.55,1697.7,3189.4,1720.05,3189.4,1741.9,3182.9,1764.7,3169.85,1782.4,3149.4,1795.4,3118.7,1795.4,3097.8,1786.1,3084.75,1773.95,3074.5,1760.5,3070.8,1743.25
1-160,Uninfected,No_comment,Polygon,17,2981.05,1529.35,2995,1507.45,3010.35,1489.3,3023.9,1482.8,3048.5,1483.75,3062.45,1489.8,3073.6,1504.25,3077.35,1519.6,3078.25,1538.15,3066.15,1562.35,3053.15,1584.7,3028.95,1589.8,3006.65,1589.35,2995.95,1582.35,2981.5,1570.7,2976.85,1557.7,2976.4,1542.8
1-161,Uninfected,No_comment,Polygon,21,2816.85,1567.45,2808.5,1557.7,2800.1,1548.4,2794.5,1521.95,2799.2,1500.95,2809.85,1487,2820.55,1477.7,2838.25,1468.9,2863.35,1471.25,2881.95,1481.4,2894.05,1490.7,2897.8,1507.95,2905.7,1518.65,2919.65,1534.45,2922.5,1548.85,2916.4,1567.45,2906.15,1577.7,2882.45,1581.4,2866.15,1587.45,2845.7,1587,2825.7,1579.55
1-162,Uninfected,No_comment,Polygon,18,2825.7,1648.4,2827.55,1631.65,2836.45,1614,2848,1602.8,2862.9,1594.95,2887.55,1592.1,2910.35,1594,2932.65,1605.15,2941.95,1621,2947.55,1647,2942.45,1670.25,2928.95,1693.05,2903.85,1707.45,2878.25,1707.05,2860.55,1701.45,2842.45,1691.7,2830.8,1674.05,2824.3,1659.1
1-163,Uninfected,No_comment,Polygon,17,2724.3,1668.4,2712.7,1657.25,2706.15,1634,2697.8,1608.4,2702.9,1582.35,2715,1564.2,2731.75,1552.6,2759.15,1551.2,2778.7,1554.45,2799.2,1569.8,2815.9,1595.4,2819.65,1617.7,2814.1,1647.45,2802.9,1662.8,2790.8,1671.7,2768.95,1676.35,2744.75,1675.4
1-164,Uninfected,No_comment,Polygon,18,2899.65,1461.4,2904.75,1438.2,2914.05,1426.05,2932.2,1414.5,2957.3,1408.4,2980.1,1411.65,2998.7,1425.6,3011.3,1447,3010.8,1474,2999.65,1486.05,2980.6,1507,2969.9,1525.15,2961.95,1535.85,2938.7,1534.95,2925.7,1527,2916.85,1513.5,2909.4,1494.9,2902.45,1475.35
1-165,Uninfected,No_comment,Polygon,19,3148.95,1285.15,3131.75,1296.25,3124.3,1308.85,3121.5,1331.2,3121.95,1350.2,3129.85,1366.55,3140.1,1376.7,3154.5,1388.85,3175,1390.65,3196.85,1392.6,3217.8,1382.3,3231.75,1366.55,3239.65,1344.65,3236.85,1319.1,3228.5,1295.85,3215.45,1282.3,3185.2,1276.75,3168.5,1277.7,3157.3,1280.5
1-166,Uninfected,No_comment,Polygon,19,3060.55,1380.9,3052.65,1388.85,3046.15,1406,3044.75,1424.2,3049.85,1451.6,3058.25,1464.65,3081.05,1483.7,3100.1,1485.6,3119.15,1485.1,3140.1,1471.65,3154.05,1453.5,3158.7,1434.4,3155.9,1415.85,3151.25,1401.35,3139.15,1392.1,3128,1381.35,3115.9,1374.45,3093.1,1370.65,3072.2,1372.55
1-167,Uninfected,No_comment,Polygon,17,2964.3,1221.45,2970.8,1205.15,2979.2,1189.8,2989.9,1177.7,3022.45,1164.25,3043.35,1166.55,3064.3,1182.85,3072.65,1201,3077.8,1221.9,3074.55,1244.7,3062.9,1261.45,3038.7,1274,3013.6,1280.05,2989.4,1277.75,2975,1267.05,2966.15,1254.95,2962.45,1236.35
1-168,Uninfected,No_comment,Polygon,18,2855.9,1353.1,2851.75,1333.1,2855.45,1309.35,2868,1287.5,2881.5,1275.4,2913.15,1267.95,2942.45,1274,2957.3,1285.15,2969.9,1307.05,2976.85,1327.5,2973.15,1347.95,2965.7,1365.65,2954.55,1375.85,2941.05,1388.45,2917.8,1392.15,2897.8,1391.7,2873.6,1384.25,2862.9,1373.55
1-169,Uninfected,No_comment,Polygon,19,2839.15,1179.6,2858.7,1145.15,2869.4,1125.15,2880.1,1110.3,2890.35,1100.05,2908.5,1095.85,2928,1098.65,2943.85,1114.45,2953.15,1136.35,2964.75,1150.75,2969.4,1169.8,2965.25,1193.05,2951.75,1216.8,2926.15,1232.15,2901.05,1236.35,2876.85,1235.4,2858.25,1225.65,2848,1212.6,2841.05,1197.25
1-170,Uninfected,No_comment,Polygon,18,2623.35,1221.45,2615.9,1229.35,2609.85,1239.55,2606.15,1261.45,2612.2,1285.6,2628,1307.95,2652.65,1318.2,2672.65,1319.1,2695.45,1313.05,2708.95,1300.95,2722.45,1279.55,2724.3,1261.9,2722.45,1240.5,2709.85,1221.45,2684.3,1208.4,2663.35,1202.35,2642.4,1207.95,2628.45,1214.45
1-171,Uninfected,No_comment,Polygon,18,2645.7,1140.5,2651.25,1119.55,2661.95,1099.55,2680.1,1085.15,2696.85,1084.7,2714.05,1085.6,2730.35,1097.7,2741.5,1118.65,2752.2,1147.45,2760.55,1170.75,2753.6,1192.15,2740.55,1206.1,2714.5,1207.95,2696.85,1197.7,2679.15,1192.15,2661.05,1181.45,2650.35,1169.35,2643.35,1149.8
1-172,Uninfected,No_comment,Polygon,26,2515.9,1283.75,2515.9,1304.7,2522.9,1329.35,2541.5,1356.3,2558.7,1371.65,2572.65,1380.05,2582.4,1390.75,2597.75,1398.65,2609.85,1398.2,2623.35,1391.2,2633.1,1383.3,2644.3,1377.7,2654.05,1374.9,2663.35,1366.55,2666.15,1354,2664.3,1344.25,2654.5,1331.65,2635.45,1324.7,2620.55,1312.6,2605.7,1297.25,2588,1270.75,2573.1,1254,2559.65,1249.8,2548.45,1254,2535.9,1262.35,2524.75,1272.15
1-173,Uninfected,No_comment,Polygon,18,2728,1390.75,2727.1,1366.55,2732.65,1347.5,2744.75,1335.4,2758.25,1322.35,2775.9,1315.85,2801.95,1318.2,2828.95,1331.2,2841.05,1354.9,2847.55,1380.95,2841.95,1403.75,2833.6,1422.85,2821.05,1437.7,2798.7,1440.95,2771.75,1440.05,2755,1429.8,2742.9,1420.05,2734.5,1407.5
1-174,Uninfected,No_comment,Polygon,19,2608,1433.55,2616.35,1415.85,2627.05,1403.3,2640.1,1395.4,2654.5,1390.75,2669.4,1387.5,2696.85,1394,2710.35,1405.65,2725.2,1428.9,2729.4,1449.35,2728.45,1473.55,2716.85,1491.2,2703.35,1502.85,2677.75,1503.75,2650.35,1501,2635,1491.2,2620.55,1480.05,2609.85,1456.35,2607.05,1444.25
1-175,Uninfected,No_comment,Polygon,19,2468.95,1573.55,2460.1,1556.8,2458.7,1531.7,2467.55,1511.2,2480.55,1496.35,2494.05,1487.5,2518.25,1480.5,2541.95,1486.55,2559.65,1494.95,2577.3,1507.5,2585.65,1532.15,2584.75,1554.95,2581.95,1573.1,2576.35,1587.05,2564.3,1603.3,2546.15,1611.2,2524.75,1606.55,2498.7,1597.25,2477.3,1585.65
1-176,Uninfected,No_comment,Polygon,19,2439.6,1394.95,2440.55,1381,2444.75,1364.7,2461.95,1350.3,2485.65,1346.55,2512.65,1352.6,2535.45,1368.4,2554.05,1383.3,2565.65,1394.45,2581,1410.3,2581,1430.3,2572.2,1449.35,2560.55,1461,2543.8,1467.05,2519.65,1465.15,2505.65,1458.2,2481.95,1449.35,2460.55,1433.55,2439.6,1414.45
1-177,Uninfected,No_comment,Polygon,19,2245.7,1517.7,2251.7,1504.2,2264.25,1492.6,2279.6,1483.75,2298.25,1480.95,2321.95,1484.2,2345.65,1498.2,2357.8,1512.1,2364.75,1529.35,2363.8,1542.35,2360.1,1560.95,2348.95,1575.8,2333.6,1589.35,2301.05,1595.8,2272.6,1591.15,2258.25,1578.15,2252.6,1562.8,2246.15,1545.6,2243.8,1533.05
1-178,Uninfected,No_comment,Polygon,21,2413.1,1627.5,2421.95,1618.2,2435,1605.2,2453.1,1596.8,2477.3,1595.9,2492.65,1607.5,2509.4,1614.5,2531.3,1619.6,2549.4,1625.2,2558.7,1632.15,2563.8,1649.85,2571.75,1671.25,2559.7,1690.75,2544.35,1695.9,2528,1691.25,2511.75,1684.7,2490.35,1682.85,2470.8,1682.85,2453.65,1675.4,2427.6,1662.4,2410.35,1636.35
1-179,Uninfected,No_comment,Polygon,19,2579.7,1603.8,2587.1,1589.85,2598.3,1579.6,2616.4,1573.1,2635.05,1572.15,2654.1,1575.4,2671.8,1587.95,2680.1,1601.45,2687.1,1620.55,2690.8,1642.4,2689.45,1659.6,2680.55,1674.95,2665.2,1688.45,2638.25,1695.9,2613.15,1692.15,2590.4,1680.05,2580.1,1666.6,2571.75,1641.45,2571.75,1617.25
1-180,Uninfected,No_comment,Polygon,19,2565.7,1751.25,2557.3,1762.4,2553.6,1779.15,2550.35,1792.15,2553.6,1812.65,2566.6,1833.1,2579.65,1845.2,2599.15,1854.5,2624.3,1854.05,2646.1,1845.65,2660.55,1828,2668.95,1809.85,2669.4,1785.65,2659.65,1764.75,2644.75,1748.9,2622.85,1737.3,2603.35,1734.05,2586.6,1738.7,2574.05,1744.25
1-181,Uninfected,No_comment,Polygon,19,2429.35,1720.05,2425.2,1734.95,2423.3,1751.7,2423.8,1767.05,2429.35,1781.45,2437.3,1794.95,2457.3,1803.8,2474,1803.35,2501,1797.75,2522.9,1786.1,2538.25,1770.3,2547.05,1750.3,2546.6,1729.4,2537.3,1707.5,2511.25,1698.2,2490.75,1694.5,2466.6,1697.75,2447.05,1703.8,2439.15,1707.5
1-182,Uninfected,No_comment,Polygon,19,1182.35,1440.3,1182.35,1457.35,1177.25,1476.65,1181.8,1509.05,1188.6,1525.55,1201.1,1537.45,1217.05,1550.55,1234.1,1557.9,1261.35,1553.95,1282.35,1543.15,1296,1527.25,1303.4,1503.95,1300.55,1485.7,1295.45,1466.95,1278.95,1443.7,1263.05,1434.6,1243.15,1427.25,1221,1429.45,1202.85,1432.9
1-183,Uninfected,No_comment,Polygon,19,1372.9,1278.35,1385.4,1263.25,1399.45,1252.95,1418.85,1244.85,1441.55,1243.75,1457.85,1248.65,1472.9,1257.3,1488.65,1271.35,1495.15,1290.8,1497.85,1312.4,1494.05,1335.1,1481.05,1354.05,1463.8,1366.5,1434.05,1374.6,1402.7,1368.65,1389.7,1351.9,1378.35,1334.05,1368.1,1314.05,1365.9,1300.55
1-184,Uninfected,No_comment,Polygon,15,1258.9,1352.4,1269.2,1330.25,1285.9,1322.15,1309.2,1318.9,1326.5,1318.35,1346.5,1325.95,1364.85,1338.35,1375.65,1352.95,1375.65,1383.75,1362.15,1398.9,1345.4,1410.25,1315.15,1412.4,1291.9,1405.95,1267,1390.25,1257.85,1372.4
1-185,Uninfected,No_comment,Polygon,20,1545.45,1235.35,1547,1214.15,1556.15,1199,1569.7,1192.95,1586.9,1186.85,1605.55,1187.4,1624.75,1191.9,1651.1,1205.05,1669.7,1219.7,1681.85,1237.4,1685.95,1259.1,1680.85,1280.8,1668.25,1294.4,1651.1,1301,1635.35,1306.55,1611.2,1309.6,1581.35,1299,1564.15,1287.4,1551.1,1267.2,1545.45,1249.45
1-186,Uninfected,No_comment,Polygon,18,1690.4,1185.85,1699,1172.25,1713.65,1160.6,1726.3,1156.55,1747,1153.55,1769.2,1161.1,1789.4,1173.25,1802.05,1195.45,1805.6,1215.15,1800.55,1236.8,1785.35,1253.05,1765.15,1265.65,1739.9,1265.15,1716.2,1257.1,1697.5,1239.9,1690.4,1220.7,1688.45,1203.05,1690.4,1194.4
1-187,Uninfected,No_comment,Polygon,16,1821.25,1191.4,1825.25,1177.8,1834.85,1168.2,1856.6,1159.55,1876.3,1155.05,1901.05,1165.65,1915.15,1175.75,1929.3,1192.45,1932.35,1213.65,1926.8,1237.9,1904.05,1260.6,1882.35,1264.65,1859.1,1262.65,1837.4,1248,1820.8,1226.75,1818.25,1209.55
1-188,Uninfected,No_comment,Polygon,19,1645.45,972.2,1632.35,993.95,1618.2,1014.65,1611.2,1031.8,1610.1,1050.5,1615.15,1076.25,1623.3,1095.95,1642.45,1108.1,1659.6,1113.65,1680.3,1113.65,1704.55,1101,1716.7,1085.85,1729.3,1066.15,1731.35,1041.9,1723.75,1023.25,1713.65,1000,1706.15,979.3,1685.95,967.7,1659.1,959.6
1-189,Uninfected,No_comment,Polygon,17,1461.1,1029.75,1455.7,1048.15,1454.65,1071.9,1457.35,1092.45,1467.05,1113.55,1492.45,1131.9,1507.6,1138.4,1544.35,1136.8,1573,1123.25,1590.85,1096.25,1596.8,1080,1594.65,1051.9,1578.4,1027.6,1544.9,1003.25,1524.35,997.85,1491.95,1001.1,1477.35,1011.9
1-190,Uninfected,No_comment,Polygon,19,1363.25,1013.55,1364.9,990.85,1374.65,969.2,1391.9,957.3,1413.55,951.9,1435.15,955.15,1455.15,962.2,1468.7,977.3,1475.7,998.95,1480,1017.35,1475.1,1044.35,1460.05,1073,1445.45,1086.5,1429.2,1090.3,1400.55,1084.9,1383.3,1070.3,1382.75,1047.05,1380.55,1029.2,1370.85,1023.25
1-191,Uninfected,No_comment,Polygon,16,1273.55,1083.8,1265.95,1049.75,1257.85,1021.1,1264.35,998.95,1284.9,984.9,1314.6,984.35,1335.15,991.9,1363.75,1014.05,1378.4,1029.75,1376.8,1081.65,1368.15,1090.3,1349.2,1087.05,1323.25,1081.65,1304.35,1084.9,1285.45,1095.15,1278.4,1095.7
1-192,Uninfected,No_comment,Polygon,21,1301.65,1152.45,1307.6,1168.15,1310.85,1187.6,1310.85,1214.1,1311.9,1231.9,1322.75,1248.15,1344.35,1262.75,1357.35,1271.4,1372.45,1266,1381.1,1254.6,1398.95,1239.5,1415.15,1227.6,1428.15,1211.4,1433.55,1187.05,1430.3,1158.4,1416.8,1138.95,1384.35,1118.95,1359.5,1116.25,1337.85,1121.1,1317.35,1130.85,1308.15,1141.1
1-193,Uninfected,No_comment,Polygon,19,1182.2,1196.8,1182.7,1180.05,1194.1,1168.15,1207.6,1157.85,1228.65,1155.15,1257.85,1154.6,1278.4,1153.55,1295.7,1163.8,1300.05,1180.55,1298.95,1205.45,1300.05,1228.15,1295.15,1240.05,1283.25,1250.3,1262.75,1256.8,1240.55,1257.85,1214.6,1248.7,1197.85,1238.4,1182.7,1220.05,1182.2,1208.15
1-194,Uninfected,No_comment,Polygon,20,1157.9,1307.1,1155.7,1320.65,1153,1342.2,1163.3,1366,1173,1374.1,1191.95,1380.65,1210.85,1377.95,1229.25,1375.2,1244.4,1367.65,1249.25,1355.2,1251.95,1342.75,1255.2,1331.4,1266.05,1321.15,1274.7,1307.6,1270.35,1282.75,1257.4,1271.4,1229.25,1268.15,1203.3,1275.2,1183.3,1282.75,1166.55,1293.55
1-195,Uninfected,No_comment,Polygon,19,1934.1,1249.2,1929.25,1279.5,1937.9,1301.1,1946.55,1321.65,1960.6,1337.35,1979,1354.1,2001.15,1371.95,2015.75,1371.4,2034.15,1367.6,2044.95,1356.25,2047.1,1340.05,2040.05,1330.85,2033.6,1301.65,2036.85,1280.55,2037.35,1251.4,2023.85,1233.55,1996.3,1222.2,1956.3,1224.35,1944.4,1237.3
1-196,Uninfected,No_comment,Polygon,17,2047.1,1278.4,2052.5,1267.6,2062.25,1252.45,2078.45,1245.45,2099.55,1240.55,2122.25,1248.15,2140.6,1267.05,2148.2,1283.25,2154.15,1307.6,2153.6,1329.75,2144.95,1345.45,2128.2,1355.15,2103.3,1361.1,2079.55,1356.8,2059,1342.2,2050.9,1326,2046,1306
1-197,Uninfected,No_comment,Polygon,18,2154.15,1262.75,2166.05,1236.25,2184.95,1221.65,2200.6,1214.6,2214.7,1217.3,2235.75,1224.35,2249.8,1241.1,2259.55,1267.05,2261.15,1292.45,2253.05,1319.5,2241.15,1343.8,2216.85,1354.65,2189.8,1349.2,2173.05,1340.05,2166.05,1324.9,2167.1,1309.75,2166.55,1293.55,2159.55,1276.8
1-198,Uninfected,No_comment,Polygon,18,2271.45,1280.05,2271.45,1296.25,2271.45,1320.55,2261.7,1334.1,2254.7,1345.45,2253.6,1360.55,2261.7,1371.95,2270.35,1382.75,2288.75,1389.2,2307.65,1390.3,2330.35,1381.65,2343.35,1364.9,2356.1,1342.4,2361.7,1323.25,2351.45,1299.5,2342.25,1282.2,2315.75,1273,2292,1277.85
1-199,Uninfected,No_comment,Polygon,18,2127.1,1097.3,2113.05,1114.6,2106,1133.55,2103.85,1157.85,2114.65,1176.8,2128.75,1196.8,2144.95,1208.15,2165.5,1209.2,2193.6,1207.05,2215.2,1191.9,2227.65,1170.3,2231.45,1144.9,2224.95,1118.95,2208.2,1096.25,2183.3,1082.7,2161.15,1082.2,2138.45,1086.5,2134.15,1089.75
1-200,Uninfected,No_comment,Polygon,16,1918.45,1069.75,1909.25,1086.5,1905.45,1104.35,1905.45,1123.8,1908.2,1142.7,1916.3,1160.55,1928.7,1172.45,1947.1,1176.8,1967.65,1174.6,1981.7,1168.65,2001.15,1150.85,2006,1133.55,2001.15,1100,1981.7,1077.3,1963.85,1064.9,1941.7,1060
1-201,Uninfected,No_comment,Polygon,20,1793.05,1068.15,1811.4,1055.15,1820.05,1047.05,1838.45,1031.35,1859.5,1027.6,1877.9,1033.55,1890.9,1043.8,1901.7,1059.5,1903.85,1076.8,1897.35,1087.05,1893.6,1107.6,1894.1,1121.1,1889.8,1133.55,1872.5,1143.25,1850.35,1147.05,1823.85,1147.05,1806.55,1137.85,1789.25,1117.85,1787.1,1092.45,1789.8,1078.4
1-202,Uninfected,No_comment,Polygon,19,2453.05,1145.95,2457.4,1117.3,2467.65,1094.6,2488.75,1085.95,2506.05,1087.05,2523.85,1100,2538.45,1118.4,2547.65,1135.7,2556.3,1154.6,2560.1,1173.55,2555.75,1197.85,2544.4,1210.85,2523.85,1223.25,2495.2,1226.5,2479.55,1219.5,2472.5,1210.3,2467.65,1194.05,2462.25,1180,2453.6,1163.8
1-203,Uninfected,No_comment,Polygon,18,2339.55,1178.4,2337.9,1197.85,2336.3,1214.6,2343.3,1237.85,2359.55,1257.3,2375.75,1266.5,2403.85,1269.75,2425.5,1265.95,2443.85,1254.6,2455.75,1231.35,2460.65,1205.95,2451.45,1184.9,2439,1170.3,2424.4,1155.15,2400.6,1146.5,2370.9,1151.9,2356.85,1157.3,2348.75,1164.35
1-204,Uninfected,No_comment,Polygon,21,2559.55,1084.9,2568.75,1061.1,2582.25,1048.65,2595.25,1040.55,2623.35,1036.2,2640.65,1042.15,2657.95,1050.3,2674.15,1055.7,2680.1,1073,2674.7,1083.8,2663.35,1091.9,2652.55,1103.8,2641.7,1116.25,2641.7,1131.9,2636.85,1148.1,2623.9,1159.45,2597.4,1167.05,2583.9,1157.85,2572.55,1144.35,2563.9,1125.4,2557.4,1098.95
1-205,Uninfected,No_comment,Polygon,19,2289.8,981.1,2278.45,1002.7,2277.4,1021.1,2283.3,1042.7,2289.8,1060,2301.15,1070.3,2314.15,1077.85,2331.45,1082.15,2348.75,1081.65,2375.75,1071.9,2391.45,1057.85,2400.6,1035.7,2402.25,1016.75,2393.05,989.2,2380.6,974.05,2360.1,960.55,2339.55,956.75,2320.1,959.45,2303.3,967.05
1-206,Uninfected,No_comment,Polygon,19,2644.95,802.7,2636.85,815.15,2627.65,831.9,2626.05,852.4,2630.35,866.5,2640.65,887,2656.3,900,2674.7,907.55,2694.15,910.85,2714.15,909.75,2729.85,897.85,2741.7,887.6,2746.05,862.7,2745.5,837.85,2736.3,813.55,2718.5,797.85,2697.95,787.6,2678.45,785.4,2659,791.35
1-207,Uninfected,No_comment,Polygon,17,2621.15,962.75,2629.8,945.45,2642.8,933.55,2662.25,924.3,2690.35,923.8,2710.9,931.35,2726.05,946.5,2735.25,974.6,2729.3,996.8,2723.35,1012.95,2710.9,1027.55,2685.5,1038.9,2666.6,1038.4,2636.3,1023.8,2626.6,1011.4,2620.1,996.2,2620.1,982.2
1-208,Uninfected,No_comment,Polygon,18,2388.2,869.7,2391.45,857.3,2401.15,841.05,2420.1,830.3,2448.75,828.65,2468.2,834.05,2483.35,849.7,2492,867,2493.6,887,2490.35,904.3,2487.1,915.65,2475.75,925.95,2460.1,938.4,2434.15,940,2411.95,931.35,2397.9,920.55,2390.35,906.5,2386.05,889.7
1-209,Uninfected,No_comment,Polygon,24,2760.65,831.35,2758.5,858.95,2756.9,881.65,2744.45,903.25,2747.15,923.8,2765.55,940.55,2776.35,943.8,2795.8,942.15,2809.3,936.75,2815.25,928.65,2823.35,920,2838.5,910.8,2847.15,907.6,2851.5,897.85,2849.85,877.85,2845.55,857.85,2846.05,834.6,2843.35,811.35,2838.5,796.2,2829.85,789.75,2817.95,793.5,2803.35,802.7,2789.85,811.35,2771.45,821.1
1-210,Uninfected,No_comment,Polygon,18,2503.9,788.1,2500.65,804.35,2499.55,822.15,2503.9,838.4,2520.1,860,2539.55,865.4,2557.95,867.6,2579.55,863.25,2598.5,851.9,2607.7,838.4,2610.9,816.75,2608.2,790.25,2595.25,774.6,2580.1,763.8,2561.25,756.2,2537.4,756.2,2514.7,762.7,2507.7,772.45
1-211,Uninfected,No_comment,Polygon,20,2424.45,810.3,2413.1,798.9,2406.05,779.45,2403.35,761.1,2414.7,730.8,2429.3,708.1,2445.5,696.2,2467.15,692.95,2485.5,695.7,2494.7,703.25,2508.75,714.05,2517.95,732.95,2514.7,753.5,2505.5,763.25,2495.8,774.05,2495.25,783.8,2490.4,795.7,2482.8,807.55,2463.9,818.9,2446.05,818.4
1-212,Uninfected,No_comment,Polygon,19,2702.3,706.5,2700.65,731.9,2704.45,756.2,2714.7,774.6,2726.05,789.75,2741.8,799.45,2760.1,805.95,2782.3,801.65,2800.65,792.45,2821.75,782.7,2831.5,769.2,2831.5,750.25,2825.55,731.9,2801.75,705.95,2783.35,692.45,2760.1,683.25,2736.9,683.25,2719.05,689.2,2712,695.15
1-213,Uninfected,No_comment,Polygon,20,2836.35,791.35,2842.85,770.25,2852,756.2,2874.2,738.4,2896.35,737.85,2913.65,742.15,2930.4,756.75,2939.05,778.4,2939.6,802.7,2929.85,814.05,2902.85,840,2899.05,861.1,2896.9,869.2,2885.55,878.95,2868.25,884.35,2850.4,881.6,2849.85,863.8,2846,842.1,2841.75,818.4,2837.35,804.85
1-214,Uninfected,No_comment,Polygon,20,2898.5,891.9,2911.5,857.85,2927.15,831.9,2940.15,818.4,2957.95,814.6,2968.8,815.7,2984.45,829.2,2994.75,849.2,2993.65,873,2989.3,886.5,2982.85,905.95,2983.4,923.25,2983.4,946.5,2977.45,961.1,2961.75,971.35,2939.6,971.35,2925.55,960,2917.95,938.95,2906.05,922.7,2900.15,909.75
1-215,Uninfected,No_comment,Polygon,16,2816.9,941.65,2808.8,958.9,2803.9,982.2,2810.4,1007.1,2831.5,1027.6,2849.35,1034.65,2873.1,1035.15,2896.35,1026.5,2909.85,1014.1,2919.65,1000.55,2919.65,980.05,2909.85,947.05,2898.5,932.5,2879.05,920.05,2852.55,920.55,2831,927.05
1-216,Uninfected,No_comment,Polygon,20,2755.25,1093.5,2759.6,1071.4,2769.3,1053,2789.35,1043.3,2811.5,1035.75,2832.55,1044.35,2851.5,1050.3,2868.3,1056.8,2879.05,1078.95,2872.55,1106,2864.45,1117.9,2853.7,1129.25,2841.75,1148.7,2834.2,1165.4,2822.35,1173.55,2806.1,1176.75,2781.2,1168.7,2768.8,1152.45,2763.9,1132.45,2756.4,1114.1
1-217,Uninfected,No_comment,Polygon,17,2963.95,1047.1,2955.8,1063.8,2945,1087.6,2948.8,1104.9,2961.25,1122.75,2970.95,1140.05,2985,1153.55,3027.2,1161.1,3046.65,1151.4,3058,1135.2,3061.25,1111.4,3059.05,1089.8,3052.05,1064.4,3042.3,1050.3,3022.9,1036.8,2999.6,1036.2,2979.65,1036.8
1-218,Uninfected,No_comment,Polygon,19,3075.25,1078.35,3083.5,1060.8,3094.85,1047.95,3114.95,1035.05,3134.05,1030.9,3161.35,1037.6,3174.75,1046.9,3184.55,1061.85,3193.3,1086.6,3192.8,1107.75,3183,1127.3,3171.65,1139.7,3156.7,1151.55,3134.05,1157.75,3110.85,1157.2,3090.2,1147.95,3077.85,1129.9,3070.65,1109.8,3073.2,1088.65
1-219,Uninfected,No_comment,Polygon,21,3006.2,868.05,3000,889.15,2993.85,914.95,2993.3,938.65,2995.9,957.2,3005.15,970.1,3024.75,980.9,3044.85,986.6,3061.35,987.1,3079.9,980.9,3094.35,967.5,3101.55,956.2,3114.95,937.6,3116.5,918.05,3107.75,896.4,3097.95,872.15,3081.95,855.15,3071.15,848.95,3050,847.95,3030.4,853.6,3013.4,862.35
1-220,Uninfected,No_comment,Polygon,17,3297.95,1067.5,3309.8,1026.3,3321.15,1012.35,3340.2,1002.55,3359.8,997.4,3376.3,1005.65,3395.9,1025.75,3410.85,1057.75,3407.25,1083,3393.3,1105.15,3382.5,1117.5,3367.55,1129.4,3342.8,1133,3321.15,1123.7,3303.1,1112.9,3295.9,1101,3294.35,1086.1
1-221,Uninfected,No_comment,Polygon,21,3236.1,959.8,3215.5,980.9,3202.6,1001.55,3196.4,1021.65,3195.35,1045.85,3200,1058.25,3205.15,1085.05,3211.35,1102.05,3222.7,1109.8,3249.5,1115.45,3264.95,1110.3,3277.85,1100.5,3286.1,1090.2,3290.75,1059.8,3298.45,1041.75,3306.7,1023.2,3300.55,1000,3289.2,980.4,3277.85,965.45,3258.8,954.65,3248.45,954.65
1-222,Uninfected,No_comment,Polygon,20,3150,1175.75,3158.25,1164.4,3175.25,1152.55,3181.95,1143.3,3200,1136.05,3222.7,1131.4,3245.9,1140.7,3262.4,1155.65,3272.2,1177.75,3275.25,1203.05,3268.55,1224.7,3253.1,1242.7,3238.65,1255.65,3221.15,1265.95,3191.25,1262.35,3171.15,1257.2,3156.2,1243.3,3147.95,1227.75,3143.3,1211.85,3146.9,1190.2
1-223,Uninfected,No_comment,Polygon,19,3246.4,1289.15,3248.45,1272.65,3262.9,1258.25,3274.75,1244.85,3292.8,1240.2,3321.15,1239.15,3344.35,1250,3356.2,1265.4,3363.95,1281.45,3368.05,1305.65,3365.5,1330.9,3354.65,1352,3335.6,1366.5,3308.8,1368.55,3276.8,1363.4,3258.25,1349.4,3254.15,1333.5,3248.45,1308.7,3244.85,1297.4
1-224,Uninfected,No_comment,Polygon,19,3630.95,1221.6,3636.1,1203.55,3644.85,1188.1,3664.45,1170.6,3685.55,1164.9,3708.2,1166.95,3731.45,1174.7,3743.25,1187.6,3757.2,1204.6,3763.9,1218,3768.55,1241.2,3763.35,1261.3,3746.4,1274.7,3727.3,1281.9,3693.8,1281.9,3665.45,1274.7,3648.45,1264.9,3636.1,1243.25,3634,1233.45
1-225,Uninfected,No_comment,Polygon,21,3410.3,1102.05,3399.95,1111.8,3398.95,1128.85,3398.95,1152.55,3407.2,1172.65,3420.6,1193.25,3437.65,1206.15,3452.55,1209.75,3481.45,1214.45,3501.05,1204.1,3527.85,1184,3534.05,1158.2,3537.1,1139.65,3533.5,1121.1,3520.05,1103.55,3508.75,1090.15,3492.25,1075.75,3466.5,1066.45,3439.7,1074.2,3425.25,1084.5,3419.05,1091.7
1-226,Uninfected,No_comment,Polygon,19,3513.9,1048.4,3517.5,1031.4,3526.8,1014.9,3545.85,1001.5,3563.9,993.25,3586.1,994.3,3606.65,999.45,3625.75,1010.8,3635,1024.2,3643.25,1050.5,3645.35,1080.9,3630.4,1103.05,3610.8,1118,3591.7,1123.7,3560.8,1124.2,3544.35,1116.95,3530.95,1104.6,3518.55,1090.7,3512.9,1074.2
1-227,Uninfected,No_comment,Polygon,17,3665.45,1027.3,3673.2,1006.15,3698.45,987.6,3719.6,978.3,3741.75,977.3,3775.25,982.45,3791.25,995.3,3796.9,1012.35,3798.95,1034,3791.25,1060.3,3774.25,1078.85,3748.95,1089.65,3710.8,1100.5,3690.7,1092.8,3674.75,1079.35,3663.9,1063.9,3661.85,1043.25
1-228,Uninfected,No_comment,Polygon,19,3722.7,1137.6,3731.45,1115.45,3759.3,1101,3783,1093.25,3811.85,1093.8,3834,1098.95,3854.65,1112.85,3863.9,1134.5,3872.15,1165.45,3873.7,1186.55,3861.35,1204.1,3834.55,1218,3806.65,1225.2,3788.15,1221.6,3773.2,1210.25,3763.9,1196.85,3755.15,1184,3740.2,1169.55,3726.8,1158.75
1-229,Uninfected,No_comment,Polygon,17,3795.35,1279.85,3799.95,1255.1,3812.35,1239.15,3842.25,1229.35,3868.05,1216.45,3886.1,1210.8,3905.15,1214.45,3923.15,1224.2,3938.65,1245.85,3940.7,1279.35,3925.75,1306.15,3903.1,1325.75,3881.95,1338.6,3862.35,1336.1,3839.15,1328.85,3817.5,1315.95,3798.95,1294.8
1-230,Uninfected,No_comment,Polygon,16,2105.55,893.1,2112.5,870.05,2128.2,854.85,2151.2,845.6,2181.2,844.25,2202.8,852.1,2220.3,865.45,2230,883.9,2231.35,911.05,2228.15,933.65,2207.4,952.1,2182.05,963.15,2141.05,962.2,2120.75,943.3,2109.25,920.75,2107,906.9
1-231,Uninfected,No_comment,Polygon,17,2255.35,796.8,2272.4,779.25,2288.55,769.55,2318.95,766.35,2336.9,775.1,2356.7,789.4,2367.8,815.65,2371,846.05,2361.35,868.65,2338.3,879.25,2316.2,876.95,2294.65,881.75,2277.95,879.25,2262.7,868.65,2251.2,846.55,2248.45,830.4,2249.8,812.95
1-232,Uninfected,No_comment,Polygon,21,2090.35,730,2091.75,740.6,2087.15,766.8,2084.85,785.7,2088.95,802.35,2104.65,818.9,2124.05,832.7,2142.45,831.35,2160.85,831.35,2180.7,831.35,2199.15,823.95,2210.2,810.15,2215.3,794.95,2213.85,771.45,2203.25,756.7,2187.15,740.1,2160,725.85,2148.9,712.9,2136.9,710.1,2120.75,716.6,2102.8,717.5
1-233,Uninfected,No_comment,Polygon,17,1912,804.15,1901.9,824.85,1901.9,844.75,1903.25,870.95,1914.3,886.2,1934.15,900.45,1958.15,909.65,1977.45,911.95,2003.75,903.25,2022.6,882.5,2030.5,861.8,2026.3,833.2,2014.35,809.7,1984.35,792.65,1959.5,786.2,1932.3,788.95,1922.6,793.55
1-234,Uninfected,No_comment,Polygon,19,1998.2,1062.2,2001.9,1041,2008.3,1022.1,2020.8,1007.4,2043.3,996.8,2070.55,993.55,2093.55,997.2,2110.2,1007.4,2123.05,1022.55,2130.4,1050.7,2127.25,1077.85,2115.25,1094.5,2101.85,1111.55,2087.6,1122.55,2062.25,1130.4,2033.7,1128.1,2019.4,1115.65,2006.45,1094.9,2001.4,1072.8
1-235,Uninfected,No_comment,Polygon,15,1732,820.95,1727.3,838.1,1734.85,870,1746.75,892.4,1779.6,910.5,1798.2,917.65,1822.5,919.05,1844.85,910,1857.7,896.2,1860.55,863.85,1851.55,840,1827.7,816.7,1802,802.85,1766.75,801.45,1749.15,807.15
1-236,Uninfected,No_comment,Polygon,17,1726.3,992.9,1723.4,972.4,1732,950.5,1750.1,934.8,1770.1,928.6,1793.45,930,1811.5,940,1827.7,955.25,1838.2,973.85,1839.6,994.8,1834.85,1015.25,1825.35,1029.1,1799.15,1046.7,1768.65,1046.2,1746.25,1035.75,1734.85,1023.35,1727.7,1009.55
1-237,Uninfected,No_comment,Polygon,20,1929.2,694.5,1936.25,677.9,1947.8,663.35,1974.9,655.8,2001.05,655.8,2020.65,662.85,2040.75,673.9,2056.35,685.95,2070.4,711.05,2078.45,728.65,2078.45,756.8,2066.4,782.95,2051.8,795.5,2028.2,802.05,1998.55,791,1966.4,775.4,1947.8,761.35,1936.75,745.25,1931.7,721.1,1928.2,704.55
1-238,Uninfected,No_comment,Polygon,19,1755.8,593,1748.8,605.55,1747.25,634.7,1749.8,651.25,1763.35,673.4,1780.45,684.95,1803.05,695,1818.15,696,1838.25,693.5,1860.35,682.95,1872.9,669.85,1879.95,647.25,1874.4,628.15,1863.35,606.05,1851.8,589.45,1834.2,577.9,1797.55,569.35,1780.95,570.85,1767.4,579.4
1-239,Uninfected,No_comment,Polygon,16,1878.45,548.25,1872.4,577.4,1879.95,602.55,1891,624.15,1904.05,636.7,1918.65,645.25,1941.25,647.25,1967.4,640.2,1987.5,626.15,1997.05,599,1988.5,569.35,1971.9,543.75,1952.3,528.15,1931.7,524.15,1910.1,527.65,1895.5,535.7
1-240,Uninfected,No_comment,Polygon,17,1610.6,739.7,1613.1,713.1,1623.15,698,1641.25,685.95,1663.85,681.4,1683.95,685.95,1702.55,696.5,1715.6,709.55,1725.15,728.65,1731.7,746.25,1724.65,774.4,1708.1,788.45,1678.45,799.5,1653.8,795.5,1634.7,785.95,1621.15,770.85,1616.1,756.8
1-241,Uninfected,No_comment,Polygon,17,1468.1,697.85,1476.05,668.6,1485.65,655.8,1499.4,647.3,1520.7,643.05,1537.7,645.7,1566.45,662.2,1581.35,684.55,1592.5,706.35,1588.8,736.65,1574.95,759.55,1548.95,774.95,1518.55,777.6,1496.75,769.1,1478.7,754.2,1471.25,737.2,1466.45,712.75
1-242,Uninfected,No_comment,Polygon,17,1460.65,676.55,1456.9,696.25,1456.35,717,1449.95,732.4,1435.05,746.25,1414.85,751.05,1389.35,754.2,1365.4,744.1,1347.85,726.05,1347.85,690.9,1357.95,664.3,1372.3,651.55,1381.35,638.8,1397.3,631.35,1425.5,631.35,1436.65,641.45,1448.35,659.55
1-243,Uninfected,No_comment,Polygon,16,1373.95,814.85,1376.05,792.5,1388.25,773.35,1410.05,762.75,1436.1,759,1463.25,762.75,1478.7,776.55,1488.8,795.15,1496.25,816.45,1494.1,840.4,1484,856.9,1463.8,872.3,1441.95,876.55,1413.8,869.1,1389.85,855.8,1378.15,832.95
1-244,Uninfected,No_comment,Polygon,19,1786.65,450,1784.55,466.5,1787.2,484.55,1779.75,505.85,1775.5,522.35,1783.95,539.35,1798.35,555.85,1817.5,563.3,1836.65,561.7,1863.25,546.25,1883.5,527.65,1894.65,504.75,1890.95,477.1,1878.7,451.05,1862.2,435.1,1839.8,428.2,1822.25,426.6,1806.35,431.35,1796.25,438.8
1-245,Uninfected,No_comment,Polygon,17,1654.2,454.25,1661.15,434.55,1677.1,423.4,1711.65,419.15,1730.3,420.25,1745.15,427.65,1760.6,441.5,1769.1,467,1769.65,488.8,1763.25,507.95,1747.85,520.25,1731.35,525.5,1698.9,525,1680.8,515.95,1668.55,505.3,1657.95,492,1652.1,473.9
1-246,Uninfected,No_comment,Polygon,18,1544.1,538.8,1552.1,508.5,1564.35,488.8,1583.5,476.6,1605.3,473.4,1627.1,477.1,1642,490.4,1653.1,506.35,1662.7,520.75,1668.55,532.95,1670.7,553.2,1662.2,575,1646.25,589.35,1620.7,598.4,1587.2,594.15,1562.7,585.1,1550.5,570.75,1545.15,551.6
1-247,Uninfected,No_comment,Polygon,19,1980.3,455.3,1981.85,492,1984.55,519.65,1997.85,537.75,2018.05,554.75,2041.4,556.35,2064.8,547.35,2077.1,535.1,2083.5,521.8,2095.7,503.7,2105.3,489.9,2111.15,475,2106.35,449.45,2089.8,428.7,2076,415.4,2048.35,411.7,2029.2,414.35,2008.95,423.9,1994.1,436.15
1-248,Uninfected,No_comment,Polygon,18,2172.85,703.2,2169.65,682.95,2167,660.65,2175.5,638.3,2193.05,620.25,2214.9,613.3,2244.15,619.15,2268.05,629.25,2281.35,645.75,2293.6,665.4,2302.1,688.3,2300.5,716.5,2285.6,735.1,2264.9,751.05,2239.9,754.8,2218.6,749.45,2200.5,737.75,2185.1,720.75
1-249,Uninfected,No_comment,Polygon,18,2106.35,510.65,2096.25,523.95,2095.75,543.6,2097.35,563.8,2107.95,583.55,2126.05,594.15,2138.8,600.5,2156.9,604.8,2182.45,597.35,2200,584.05,2210.6,565.4,2208.5,540.95,2206.9,522.35,2193.6,505.85,2178.2,491.5,2154.25,483.55,2134.05,485.65,2118.6,491.5
1-250,Uninfected,No_comment,Polygon,17,2309.55,579.25,2305.3,596.8,2299.45,616.5,2297.85,639.9,2305.85,665.4,2317.55,685.1,2334.55,700,2360.1,702.1,2376.05,697.85,2392,681.9,2402.65,661.7,2410.6,639.4,2405.85,613.8,2395.75,590.95,2373.9,567.55,2347.35,557.45,2325,565.95
1-251,Uninfected,No_comment,Polygon,18,2501.7,483,2509.9,456.2,2522.85,431.45,2542.9,420.65,2561.95,416.5,2586.75,420.65,2609.4,433,2622.25,447.45,2631.6,462.9,2637.75,482,2638.3,505.7,2622.8,538.7,2590.3,558.25,2558.85,560.85,2543.9,556.2,2527.95,542.3,2515.1,529.4,2505.3,510.35
1-252,Uninfected,No_comment,Polygon,20,2422.85,541.25,2413.55,562.4,2414,584.05,2420.7,608.25,2432.1,626.3,2451.65,635.6,2464,639.2,2487.8,640.25,2508.85,629.9,2524.85,613.95,2532.05,594.35,2535.65,581.45,2528.5,567.05,2517.7,551.55,2505.75,534.55,2491.9,519.1,2478.95,512.4,2464.6,507.75,2445.45,511.35,2431.55,521.15
1-253,Uninfected,No_comment,Polygon,15,2356.35,388.15,2344.4,410.85,2344.95,437.15,2355.75,459.3,2378,477.85,2400.6,482,2426.4,474.75,2444.95,463.95,2458.85,449.5,2460.95,420.65,2456.85,395.9,2444.5,376.8,2426.4,364.45,2395.5,359.3,2375.85,366.5
1-254,Uninfected,No_comment,Polygon,17,2658.9,283,2669.25,249.5,2685.15,231.45,2700.7,223.7,2714.1,223.2,2738.3,230.95,2753.25,246.4,2761.5,264.45,2768.7,293.3,2767.2,321.15,2746,351.05,2730.6,360.35,2705.85,362.9,2684.2,354.65,2670.2,345.4,2659.95,327.35,2657.85,304.65
1-255,Uninfected,No_comment,Polygon,18,2650.7,266,2649.6,289.7,2645,317.55,2649.6,333,2653.25,353.1,2648.1,369.6,2633.15,380.95,2608.4,389.7,2582.05,390.2,2561,372.2,2549.1,351.05,2548.6,313.95,2554.3,294.35,2566.65,280.95,2579.5,264.45,2591.35,258.25,2615.1,254.15,2637.25,258.25
1-256,Uninfected,No_comment,Polygon,20,2773.9,355.15,2781.55,338.15,2791.4,323.2,2806.35,314.45,2821.75,308.8,2844.95,308.8,2867.2,323.75,2880.55,339.2,2893.95,357.75,2901.2,380.95,2902.75,404.15,2889.8,422.2,2868.15,434.05,2854.25,448.5,2834.15,452.1,2809.9,449,2789.85,436.6,2776.9,421.15,2769.75,399,2769.75,372.7
1-257,Uninfected,No_comment,Polygon,19,2275.9,325.75,2270.75,307.75,2272.3,280.4,2280,259.3,2289.8,246.4,2303.7,238.15,2320.2,231.45,2345.5,235.55,2361.45,246.9,2374.35,260.8,2387.75,275.75,2396,307.2,2390.35,332.45,2377.45,345.9,2363.5,356.2,2345.5,363.4,2330,361.85,2303.2,353.6,2288.25,344.35
1-258,Uninfected,No_comment,Polygon,20,2205.8,210.3,2204.25,191.25,2205.8,171.65,2224.85,144.85,2246,130.4,2264.55,128.85,2286.2,131.45,2306.8,142.75,2319.7,161.35,2324.9,183.5,2326.9,207.2,2314.55,220.6,2293.95,230.4,2280,235.55,2273.3,249.5,2263,257.2,2242.4,262.35,2226.4,257.2,2214.05,246.9,2207.35,230.4
1-259,Uninfected,No_comment,Polygon,19,2123.8,352.05,2124.35,336.55,2133.6,311.35,2147.55,294.35,2166.1,283,2186.7,280.4,2210.95,286.1,2230,297.4,2244.45,311.35,2258.35,334.55,2259.9,358.75,2256.8,381.4,2244.45,397.95,2227.95,411.85,2198.05,420.6,2172.25,413.9,2150.1,403.6,2137.2,390.75,2125.35,367.55
1-260,Uninfected,No_comment,Polygon,17,2398.05,189.15,2405.3,168.05,2412.5,148.95,2430,137.6,2455.3,135.05,2471.75,137.6,2490.35,153.1,2504.75,185.55,2510.45,212.35,2506.3,237.6,2492.9,259.8,2472.8,268.05,2441.35,268.05,2419.7,251.05,2406.8,238.65,2398.55,219.6,2397.05,205.65
1-261,Uninfected,No_comment,Polygon,19,2593.95,144.3,2582.6,150,2569.7,163.4,2559.9,184.55,2560.45,202.55,2567.15,223.7,2578.5,237.1,2597.55,245.35,2639.3,245.85,2653.25,244.85,2673.85,229.9,2686.75,215.95,2692.4,197.4,2686.75,176.3,2677.95,164.4,2664.55,157.7,2647.05,150,2624.35,141.75,2608.4,140.7
1-262,Uninfected,No_comment,Polygon,21,2598.5,86.1,2599.1,69.6,2604.25,49.45,2614.5,31.95,2635.7,16.5,2651.1,10.8,2671.7,9.8,2693.35,18.55,2706.75,41.75,2718.15,63.4,2716.05,80.9,2708.75,93.25,2701.65,106.2,2706.3,120.1,2706.75,134,2693.95,147.4,2668.6,148.95,2644.95,142.8,2622.3,127.3,2606.8,113.4,2599.55,100
1-263,Uninfected,No_comment,Polygon,17,2366.55,96.4,2361.4,73.7,2368.65,49.45,2379.5,33,2388.75,21.65,2403.15,10.3,2422.2,5.65,2448,3.6,2464.55,15.95,2477.35,36.1,2483.6,67.5,2476.35,99.5,2459.85,118.05,2435.15,125.75,2405.25,128.85,2384.65,122.7,2371.25,109.8
1-264,Uninfected,No_comment,Polygon,16,3005.25,218.5,3004.75,197.95,3006.8,180.9,3017.1,161.8,3038.75,141.75,3068.65,130.9,3091.35,133.5,3114.55,144.85,3129,170.6,3132.1,195.35,3129,217.5,3105.25,240.7,3073.85,254.1,3042.9,251.05,3022.3,243.8,3012.5,233
1-265,Uninfected,No_comment,Polygon,18,2879.5,314.9,2868.15,292.25,2872.25,259.25,2892.4,236.6,2908.85,223.2,2927.95,214.95,2946,210.8,2962.5,212.9,2981.55,222.65,2994.95,243.8,3000.1,265.95,2999.1,299.5,2984.65,324.25,2958.85,342.25,2939.3,347.95,2914.05,346.4,2900.1,335.55,2889.8,324.25
1-266,Uninfected,No_comment,Polygon,20,2820.7,63.4,2828.45,53.1,2840.3,41.75,2851.65,22.65,2861.95,13.4,2871.75,6.7,2890.85,3.6,2915.05,14.4,2924.85,28.8,2937.75,52.55,2938.75,78.35,2929,105.15,2911.45,128.35,2889.3,137.1,2863.5,140.15,2839.8,135.05,2822.25,123.2,2815.55,107.2,2814,85.55,2817.65,72.1
1-267,Uninfected,No_comment,Polygon,17,3007.35,3.05,2989.3,17.5,2980,32.95,2971.75,46.4,2967.65,70.1,2975.35,90.7,2988.25,104.65,3009.4,111.85,3034.65,115.45,3062.5,112.85,3082.6,111.85,3103.75,100,3116.1,81.9,3122.8,60.3,3116.6,40.2,3104.25,18,3080,1.55
1-268,Uninfected,No_comment,Polygon,19,3164.05,39.15,3157.35,48.45,3152.2,70.1,3155.3,91.75,3164.05,116.5,3176.4,129.35,3193.4,133.5,3214.05,137.6,3243.4,132.45,3255.8,122.15,3272.8,101.55,3279,78.35,3279.5,52,3272.3,32.45,3259.9,12.85,3237.25,2.55,3212,2.05,3188.8,10.3,3174.85,20.6
1-269,Uninfected,No_comment,Polygon,19,3346,207.2,3352.7,192.75,3362.05,176.8,3381.1,166.45,3400.65,158.75,3421.3,158.75,3440.85,164.95,3454.8,179.35,3463.6,198.45,3467.15,220.6,3459.5,251,3443.95,272.65,3427.45,282.45,3402.2,281.45,3382.6,273.7,3365.6,265,3352.25,252.55,3344.5,237.1,3343,220.6
1-270,Uninfected,No_comment,Polygon,18,3312.05,55.15,3300.15,71.6,3293.45,91.2,3287.75,112.35,3296,132.45,3308.4,146.35,3324.9,155.2,3345,159.75,3367.65,154.6,3388.3,142.25,3404.25,124.2,3411.5,92.8,3407.95,73.7,3401.25,49.45,3389.3,38.1,3372.3,34.55,3347.1,33.5,3323.35,43.25
1-271,Uninfected,No_comment,Polygon,24,3075.95,342.25,3071.25,321.65,3076.95,297.45,3085.7,278.85,3095.05,264.4,3108.45,253.6,3117.65,246.9,3125.95,236.6,3135.75,226.8,3146,219.05,3163.55,218.55,3175.9,223.7,3185.75,237.1,3195,252.05,3197.55,277.8,3190.35,293.3,3188.35,306.15,3180.55,323.7,3171.8,341.2,3152.2,366.5,3136.2,375.75,3113,378.35,3092.45,367.5,3083.65,356.15
1-272,Uninfected,No_comment,Polygon,21,3180,335.6,3170.75,358.8,3161.95,371.15,3155.25,383.5,3153.2,406.2,3161.45,418.6,3170.75,431.45,3186.7,438.15,3206.3,440.25,3221.25,429.9,3236.7,423.2,3250.65,419.6,3260.45,413.4,3269.7,394.35,3268.15,368.55,3258.9,342.3,3249.6,331.45,3233.65,317,3214.55,311.85,3196.5,310.3,3186.2,318.55
1-273,Uninfected,No_comment,Polygon,18,2971.3,439.7,2970.25,422.65,2982.6,398.95,2995.5,385.05,3008.4,374.8,3034.7,367.5,3062.55,372.65,3081.1,390.7,3088.8,406.7,3094.5,423.7,3097.05,448.95,3087.8,471.65,3074.9,491.3,3052.2,499.55,3024.4,500.5,3001.2,496.4,2988.3,481.45,2980.55,464.45
1-274,Uninfected,No_comment,Polygon,17,2856.85,503.65,2858.9,479.4,2865.1,462.95,2876.45,449.55,2885.7,440.7,2905.3,434,2927.45,433.5,2950.65,444.35,2966.15,468.05,2973.85,493.3,2973.35,511.85,2962,536.15,2945,547.95,2921.3,554.65,2889.85,551.1,2875.4,538.15,2864.05,520.1
1-275,Uninfected,No_comment,Polygon,18,2569.15,721.15,2569.15,697.95,2573.8,679.4,2581.05,665.45,2589.8,658.3,2603.7,652.05,2626.9,652.05,2649.05,661.85,2667.65,679.95,2677.95,697.95,2681.6,725.25,2678.95,748.45,2665.1,766,2649.05,776.3,2625.9,777.85,2609.4,773.75,2590.3,760.3,2578.5,742.35
1-276,Uninfected,No_comment,Polygon,17,2799.6,680.4,2794,658.3,2800.7,638.65,2812.5,620.15,2830,608.25,2844.45,602.05,2866.1,597.95,2883.1,599.5,2899.65,613.45,2907.9,638.65,2910.5,666,2904.75,696.4,2892.4,714,2871.75,724.25,2850.65,727.4,2825.35,716,2807.85,695.35
1-277,Uninfected,No_comment,Polygon,18,2920.2,628.4,2920.75,658.75,2924.35,679.4,2935.15,692.3,2947.1,701.05,2969.7,703.6,2989.3,699.5,3008.35,689.25,3021.25,675.25,3027.45,652.05,3029,629.4,3019.7,608.25,3005.8,593.8,2993.4,584.55,2973.3,580.4,2953.75,584.05,2937.8,596.4,2926.4,608.25
1-278,Uninfected,No_comment,Polygon,24,2750.1,503.1,2750.1,518.6,2748.55,539.7,2752.15,560.3,2762.5,576.85,2777.45,590.25,2791.85,597.45,2813.05,602.65,2824.35,596.4,2833.15,591.25,2844.45,587.7,2859.4,584.55,2879.5,584.05,2886.7,576.3,2886.7,562.4,2882.6,551.55,2864.05,542.25,2849.65,520.6,2839.3,498.45,2827.45,484,2809.4,476.8,2779.5,479.45,2764.55,486.15,2756.8,492.85
1-279,Uninfected,No_comment,Polygon,18,3105.85,839.75,3110.45,821.7,3119.75,807.25,3133.65,796.4,3157.4,789.2,3178,787.65,3199.15,791.8,3219.75,819.6,3226.45,846.95,3219.75,878.9,3209.45,904.15,3189.85,923.75,3161,929.95,3137.8,923.75,3122.35,908.8,3114.6,885.55,3105.85,868.6,3104.3,853.65
1-280,Uninfected,No_comment,Polygon,17,3063.05,728.35,3073.85,707.75,3096.55,689.2,3115.1,681.45,3141.4,678.9,3171.8,685.6,3204.3,713.45,3214.6,729.4,3214.1,748.5,3207.4,767.05,3190.9,776.3,3168.7,777.85,3134.2,783.55,3104.8,782.5,3081.6,770.15,3065.6,755.2,3058.4,738.15
1-281,Uninfected,No_comment,Polygon,16,3228.5,886.65,3241.9,846.95,3260.5,827.85,3285.2,820.65,3308.95,820.15,3327.5,830.45,3340.4,847.95,3355.35,873.25,3355.35,895.4,3350.15,913.45,3331.6,938.2,3309.95,946.95,3285.2,946.45,3263.05,940.75,3247.05,926.3,3231.6,906.75
1-282,Uninfected,No_comment,Polygon,18,3349.65,754.65,3361.5,735.1,3378.5,720.15,3397.6,709.3,3421.85,709.3,3438.3,715.5,3454.3,727.85,3464.6,750.55,3466.15,778.9,3453.25,807.25,3435.75,834,3418.75,851.6,3396.05,856.75,3365.65,852.6,3346.55,835.1,3338.3,816,3341.4,786.1,3345.55,768.6
1-283,Uninfected,No_comment,Polygon,17,3446.05,842.3,3462.55,818.6,3472.35,794.85,3491.95,777.85,3508.45,776.3,3521.3,776.85,3542.45,786.1,3556.9,799,3564.1,819.1,3564.1,854.7,3555.35,882,3536.8,894.35,3511,903.65,3485.75,904.15,3465.65,896.4,3447.6,884.55,3438.3,862.9
1-284,Uninfected,No_comment,Polygon,17,3341.45,596.9,3354.8,579.4,3372.8,563.95,3400.65,552.6,3427.45,554.65,3446.55,566,3458.9,583,3467.15,604.65,3463.6,637.15,3450.65,659.25,3432.6,671.15,3409.4,676.8,3381.6,673.75,3354.25,663.45,3339.85,643.85,3334.75,628.35,3334.75,614.4
1-285,Uninfected,No_comment,Polygon,16,3170.25,637.15,3175.4,611.85,3192.45,586.6,3216.1,577.8,3236.75,572.2,3260.45,577.8,3283.65,594.85,3294,628.35,3292.4,658.8,3277.45,689.2,3263.55,706.7,3232.1,712.9,3207.4,702.1,3187.25,679.4,3177.95,663.95,3172.3,650.55
1-286,Uninfected,No_comment,Polygon,17,3193.95,473.2,3210.45,451.55,3220.25,441.25,3233.15,433,3250.7,430.95,3275.4,433,3291.4,444.35,3307.35,469.1,3310.5,496.9,3302.25,529.4,3286.75,548.45,3264.05,557.25,3229.05,554.65,3207.85,541.2,3196,524.75,3187.75,504.6,3188.8,486.1
1-287,Uninfected,No_comment,Polygon,24,3379,484.05,3388.3,461.3,3405.35,440.75,3420.3,434.05,3444.55,430.95,3468.7,431.95,3479.55,438.65,3491.95,451.05,3500.65,473.75,3497.05,490.2,3489.35,499.5,3490.35,520.1,3492.4,532,3493.95,545.9,3487.25,559.8,3474.9,566.5,3458.4,564.95,3441.95,553.1,3423.35,542.8,3406.85,542.8,3393,539.2,3382.15,525.8,3378.5,508.75,3378.05,496.4
1-288,Uninfected,No_comment,Polygon,19,3544.45,647.45,3548.6,621.7,3557.35,605.7,3568.7,593.85,3588.3,584.55,3598.1,577.35,3610.95,569.6,3633.65,562.4,3663.05,568.6,3677.45,585.1,3685.2,613.45,3681.05,642.8,3670.25,670.65,3647.55,687.15,3617.65,699,3594.45,699,3572.3,691.8,3557.35,679.4,3548.6,660.85
1-289,Uninfected,No_comment,Polygon,17,3501.15,507.25,3507.35,485.05,3520.25,463.4,3537.25,447.95,3561.5,440.25,3592.4,442.3,3611.5,455.15,3625.9,469.1,3632.1,493.3,3632.1,518.6,3619.2,545.9,3602.2,566,3574.9,574.25,3544.45,571.7,3525.4,563.45,3510.45,547.45,3500.65,522.7
1-290,Uninfected,No_comment,Polygon,17,3742.4,529.9,3746.5,511.35,3756.9,491.75,3767.2,478.35,3785.7,467.55,3811.45,459.3,3837.25,457.25,3854.3,467.55,3865.15,481.45,3875.45,511.85,3873.85,544.85,3859.45,572.2,3835.25,587.65,3807.9,586.6,3774.4,578.35,3761,563.4,3749.1,546.95
1-291,Uninfected,No_comment,Polygon,18,3631.1,419.1,3623.9,437.15,3630.05,457.25,3636.25,473.75,3645.55,499,3658.35,511.35,3681.1,519.1,3714.6,512.4,3729.55,503.65,3741.4,492.8,3753.2,471.65,3756.9,437.65,3744.5,410.85,3729.55,395.9,3710.5,385.05,3680,382.5,3657.4,389.2,3641.4,403.05
1-292,Uninfected,No_comment,Polygon,17,3690.85,305.7,3699.1,286.55,3719.75,270.1,3745.55,263.4,3763.6,261.85,3786.25,270.6,3799.15,284.55,3806.35,301.55,3809.45,334.55,3801.75,363.4,3793.95,385.05,3778.55,397.95,3752.75,397.95,3729.05,387.65,3705.8,365.45,3692.45,346.4,3690.85,322.7
1-293,Uninfected,No_comment,Polygon,15,3886.25,527.35,3893.5,503.65,3910.45,477.35,3935.25,463.95,3955.35,458.8,3981.1,468.05,4001.75,480.95,4012.55,504.15,4008.95,538.65,3999.15,562.9,3974.95,577.35,3941.95,583,3919.25,577.35,3898.05,565.5,3888.35,546.4
1-294,Uninfected,No_comment,Polygon,16,3728,763.45,3724.4,745.9,3726.95,718.6,3737.25,694.9,3751.2,677.35,3775.4,663.95,3805.3,660.85,3834.7,671.15,3849.15,685.1,3860.45,715.5,3855.3,750.55,3838.8,779.4,3813.05,790.75,3784.7,798,3759.95,789.2,3736.25,775.3
1-295,Uninfected,No_comment,Polygon,19,3572.3,831.5,3585.7,812.4,3611,795.4,3618.2,782.5,3626.45,771.7,3640.35,759.85,3665.1,749,3686.25,742.8,3704.3,749.5,3721.3,766.55,3730.55,786.1,3743.95,809.3,3745,838.2,3717.7,868.1,3689.85,882,3648.6,889.75,3612,883.55,3583.65,868.1,3571.8,847.45
1-296,Uninfected,No_comment,Polygon,17,3733.15,878.4,3740.35,859.3,3759.45,845.9,3785.2,836.1,3802.75,835.1,3820.25,841.3,3837.8,849.5,3844.5,865,3844.5,879.95,3842.95,905.2,3841.9,934.05,3829.55,955.7,3804.8,967.05,3778.5,962.95,3756.85,950.55,3737.25,916.55,3731.1,896.95
1-297,Uninfected,No_comment,Polygon,15,4127.5,785.05,4115.1,805.65,4116.65,824.75,4125.95,848.45,4138.3,863.9,4168.75,872.7,4188.85,874.25,4201.2,870.1,4216.15,859.3,4230.6,833,4237.8,808.75,4210.5,754.1,4186.25,754.1,4151.2,766.5,4135.75,775.75
1-298,Uninfected,No_comment,Polygon,16,4056.35,934.55,4069.25,914.45,4093.45,902.05,4123.35,893.8,4144.5,890.2,4173.35,895.9,4187.3,909.8,4194,935.05,4189.85,961.85,4175.95,987.1,4153.8,1002.05,4130.05,1009.8,4102.75,1003.6,4080.6,990.2,4059.45,973.2,4051.2,954.65
1-299,Uninfected,No_comment,Polygon,17,3896.55,950.5,3894.5,935.6,3909.45,916,3928,899,3952.2,888.15,3971.8,881.95,3988.3,886.1,4004.3,897.95,4013.05,920.65,4018.2,945.35,4008.95,971.15,3997.6,985.05,3963.05,1004.65,3945.5,1008.75,3923.85,1002.05,3909.45,989.7,3900.15,966.5
1-300,Uninfected,No_comment,Polygon,16,3889.85,713.9,3897.6,689.7,3919.75,663.4,3935.75,653.6,3962,649.5,3989.85,653.1,4009.45,663.9,4020.8,675.25,4028.5,695.85,4032.1,730.4,4020.25,756.7,3991.9,781.95,3956.35,784,3923.85,773.2,3897.05,750.5,3892.45,730.95
1-301,Uninfected,No_comment,Polygon,18,3965.65,1173.75,3972.35,1150.55,3989.35,1125.25,4008.45,1115,4038.85,1104.7,4061.05,1101.6,4095.05,1106.2,4108.95,1122.2,4110,1153.15,4100.7,1175.25,4089.4,1187.15,4077.5,1208.3,4065.65,1223.75,4041.95,1232.45,4015.65,1231.5,3980.1,1221.2,3969.25,1203.6,3965.65,1188.2
1-302,Uninfected,No_comment,Polygon,19,3859.85,1094.4,3854.65,1084.55,3865.55,1066.35,3882.65,1058.15,3903.9,1057.55,3926.7,1065.35,3945.35,1080.95,3957.25,1101.65,3960.9,1128.05,3959.85,1153.45,3954.7,1175.75,3950,1190.2,3935,1198.55,3918.4,1201.6,3894.05,1192.3,3887.85,1174.2,3882.65,1152.95,3873.35,1132.7,3865.55,1107.35
1-303,Uninfected,No_comment,Polygon,18,3966.6,1036.3,3975.4,1017.15,3988.35,1005.75,4003.9,995.45,4021.5,991.8,4044.85,992.8,4059.85,995.95,4074.9,1003.65,4089.9,1013.5,4095.6,1029.05,4095.1,1051.85,4080.6,1076.75,4066.1,1087.6,4038.6,1091.75,4017.4,1091.75,3989.9,1087.15,3976.45,1076.75,3967.1,1059.1
1-304,Uninfected,No_comment,Polygon,16,4083.7,1223.9,4097.7,1200.05,4113.25,1182.45,4132.95,1171.05,4150.05,1166.45,4169.2,1167.4,4194.6,1176.75,4208.6,1194.35,4213.75,1222.85,4208.05,1252.9,4187.35,1277.8,4163.5,1286.1,4131.9,1286.6,4106,1275.7,4086.8,1257.6,4083.2,1237.9
1-305,Uninfected,No_comment,Polygon,22,4200.3,1314.05,4202.35,1294.4,4212.2,1273.65,4225.15,1258.1,4239.65,1249.8,4263,1242.55,4288.4,1247.25,4303.9,1255.5,4312.2,1269,4313.25,1289.7,4300.3,1304.75,4297.2,1317.7,4303.9,1331.15,4306.5,1346.2,4304.45,1360.7,4297.7,1373.65,4283.7,1382.45,4263,1381.95,4236.55,1371.6,4225.7,1359.15,4214.3,1345.15,4206,1333.75
1-306,Uninfected,No_comment,Polygon,17,4209.1,1485.6,4225.7,1470.05,4237.1,1444.65,4244.35,1432.75,4258.85,1425.45,4282.7,1420.25,4296.2,1424.45,4315.85,1440.95,4327.75,1465.85,4317.9,1503.65,4311.7,1528.55,4301.9,1543.1,4277,1550.35,4256.75,1550.85,4229.35,1538.95,4214.8,1521.85,4209.6,1499.05
1-307,Uninfected,No_comment,Polygon,18,3599.35,130.5,3583.85,138.95,3574.15,153.95,3566.65,184.95,3567.05,207.5,3575.5,225.2,3587.45,245.15,3603.8,264.2,3623.7,273.45,3642.75,280.55,3659.55,274.4,3675.05,262.85,3685.65,241.15,3688.3,218.6,3679.05,196.9,3671,176.1,3667.1,160.15,3619.75,128.75
1-308,Uninfected,No_comment,Polygon,25,3446.25,140.7,3453.35,118.15,3464.4,104.45,3486.1,94.3,3500.7,88.9,3516.6,97.75,3533.45,112,3550.25,119.9,3566.2,130.1,3574.6,140.7,3567.5,155.75,3561.3,177.85,3562.65,200,3568.85,220.35,3558.65,230.15,3541.85,231.85,3524.15,234.55,3509.1,242.9,3496.25,245.15,3483,238.05,3479,224.35,3476.8,202.65,3467.95,180.5,3458.65,168.55,3445.4,153.95
1-309,Uninfected,No_comment,Polygon,18,3475.45,316.35,3477.25,288.05,3487,269,3509.1,254,3539.2,242.45,3558.2,245.55,3572.8,252.25,3584.75,265.55,3591.85,285.4,3597.15,302.7,3594.5,327,3585.65,353.1,3573.7,361.95,3552.45,369.9,3529,369.05,3505.1,360.2,3488.75,345.6,3476.35,330.1
1-310,Uninfected,No_comment,Polygon,20,2075.55,188.6,2079.65,176.35,2096,162.7,2119.2,152.7,2132.35,147.7,2152.8,153.15,2169.65,166.35,2180.55,185.9,2187.35,205.9,2189.2,233.15,2177.8,252.7,2158.25,262.7,2128.25,267.25,2109.65,264.55,2096.9,255,2087.8,241.35,2082.8,234.05,2075.55,221.8,2074.65,206.35,2075.1,196.8
1-311,Uninfected,No_comment,Polygon,19,1764.15,284.1,1768.7,262.7,1774.6,247.7,1786.9,236.8,1811.45,230,1833.25,227.25,1857.35,233.6,1878.7,250.9,1887.8,265.9,1893.7,286.35,1897.35,313.6,1883.7,336.35,1867.8,354.1,1847.8,366.8,1826,370,1801,364.1,1780.55,352.25,1768.25,335,1762.35,309.55
1-312,Uninfected,No_comment,Polygon,15,1882.35,131.8,1877.8,151.35,1876.9,172.25,1881.9,195,1896,214.55,1918.25,227.25,1945.1,231.35,1972.8,222.25,1987.8,214.55,1998.25,198.15,2005.55,183.6,2006.9,164.05,2001.45,142.7,1981.9,120,1936,98.6
1-313,Uninfected,No_comment,Polygon,15,2016.95,54.05,2010.05,75.4,2007.8,99.05,2006.5,121.35,2016.95,139.55,2040.55,153.6,2055.05,158.15,2075.55,157.3,2097.8,145.4,2115.1,133.6,2129.15,113.6,2129.15,80.85,2120.1,64.05,2108.75,47.25,2066.05,29.5