277,5312,2988
3-1,Uninfected,No_comment,Polygon,25,2763.75,2355.95,2769.45,2355.95,2787.6,2361.1,2800,2369.4,2813.5,2386,2827.5,2402.05,2842,2422.25,2850.8,2443.5,2850.8,2466.3,2840.45,2481.85,2827.5,2489.6,2813.5,2493.25,2793.3,2491.7,2773.05,2484.95,2755.95,2474.05,2739.4,2460.05,2726.45,2445.55,2717.1,2432.1,2710.4,2417.05,2707.8,2397.4,2710.4,2379.75,2715.55,2367.85,2724.35,2359.55,2737.3,2356.45,2746.15,2355.95
3-2,Uninfected,No_comment,Polygon,24,2886.05,2283.4,2895.35,2284.4,2911.95,2287.55,2924.9,2294.8,2935.75,2306.7,2942.5,2325.9,2942.5,2340.9,2933.2,2356.45,2923.35,2366.8,2914,2387.55,2908.8,2406.2,2899.5,2419.15,2887.05,2424.85,2868.95,2425.9,2856.5,2421.2,2843.55,2408.25,2834.2,2395.3,2824.35,2373.55,2823.85,2350.75,2829.55,2327.95,2840.45,2308.25,2854.4,2292.7,2865.3,2286,2875.15,2283.4
3-3,Uninfected,No_comment,Polygon,20,2975.15,2356.45,2984.45,2356.45,2996.9,2356.45,3012.45,2364.75,3025.9,2378.75,3034.2,2396.85,3035.25,2419.15,3032.65,2437.3,3021.25,2455.95,3002.1,2467.85,2985,2472.5,2966.85,2472.5,2949.75,2466.8,2932.65,2452.8,2923.35,2435.7,2921.8,2420.2,2924.35,2397.4,2931.6,2377.15,2945.1,2364.2,2959.1,2358
3-4,Uninfected,No_comment,Polygon,21,2877.5,2603.4,2886.15,2608.8,2900.2,2616.35,2911,2629.9,2923.45,2651.5,2926.7,2671.5,2924.55,2696.9,2913.7,2720.15,2896.4,2733.65,2875.35,2738.55,2853.2,2735.85,2835.35,2727.75,2821.3,2717.45,2811.55,2702.3,2805.05,2680.15,2807.75,2661.25,2815.35,2641.8,2826.15,2618.55,2840.2,2606.65,2851,2602.85,2863.45,2601.75
3-5,Uninfected,No_comment,Polygon,23,2754.8,2530.95,2773.7,2526.1,2794.25,2526.1,2808.3,2531.5,2823.45,2540.7,2832.1,2552.6,2836.95,2572.6,2835.9,2585,2826.15,2600.7,2818.05,2610.95,2808.3,2629.9,2802.9,2648.25,2794.8,2661.25,2784,2667.2,2772.65,2666.1,2759.1,2657.45,2747.75,2645.55,2734.8,2632.05,2721.25,2613.65,2717.5,2591.5,2722.9,2562.85,2736.95,2542.3,2744,2535.3
3-6,Uninfected,No_comment,Polygon,25,2666.15,2599.05,2676.4,2599.05,2689.4,2600.7,2706.7,2610.95,2716.4,2623.4,2728.3,2638,2741.8,2654.2,2760.2,2671.5,2775.35,2676.9,2781.8,2685.55,2784,2695.85,2781.3,2708.25,2769.95,2715.3,2747.75,2716.4,2735.85,2719.6,2713.15,2726.1,2687.2,2725.55,2662.35,2716.4,2646.65,2708.25,2632.1,2692.05,2622.9,2672.6,2620.75,2647.7,2626.15,2627.2,2638.55,2610.95,2652.1,2602.3
3-7,Uninfected,No_comment,Polygon,21,2745.6,2728.25,2754.8,2728.25,2765.05,2728.25,2782.35,2734.2,2797.5,2747.2,2805.05,2760.7,2808.3,2778.55,2806.15,2798,2798.05,2816.4,2786.7,2829.9,2771,2841.25,2753.7,2846.65,2738.55,2846.65,2723.45,2841.8,2711,2831.5,2703.95,2816.9,2698.55,2794.75,2697.5,2774.2,2701.8,2755.3,2716.95,2739.6,2729.9,2731.5
3-8,Uninfected,No_comment,Polygon,21,2991.55,2646.1,3002.9,2646.1,3018.6,2651.5,3033.2,2662.85,3046.15,2676.35,3053.75,2690.45,3056.45,2702.3,3055.35,2718.55,3048.85,2733.15,3034.8,2745.55,3016.95,2750.95,2998.6,2751.5,2979.15,2747.2,2962.9,2735.85,2949.95,2719.1,2944.55,2704.5,2943.45,2685,2949.95,2667.7,2960.75,2655.3,2971.55,2650.4,2980.2,2647.7
3-9,Uninfected,No_comment,Polygon,25,3042.9,2539.6,3056.95,2540.15,3065.1,2542.3,3079.7,2549.9,3090.5,2562.85,3098.05,2579.6,3100.2,2591.5,3096.45,2604.5,3090.5,2618.55,3090.5,2632.6,3094.25,2649.35,3094.8,2662.85,3089.95,2675.3,3079.7,2683.95,3067.8,2682.85,3059.7,2674.2,3048.35,2655.3,3034.25,2646.65,3018.6,2638,3009.4,2623.4,3004,2604.5,3002.4,2580.7,3009.95,2557.45,3022.9,2544.45,3030.5,2541.75
3-10,Uninfected,No_comment,Polygon,19,2608.85,2475.3,2620.2,2477.5,2634.75,2483.95,2648.3,2496.95,2656.4,2512.05,2661.8,2534.25,2660.2,2549.9,2652.6,2574.8,2639.1,2588.85,2621.8,2594.25,2602.9,2595.85,2586.65,2591.55,2572.6,2581.8,2561.25,2567.2,2555.85,2548.3,2555.85,2519.65,2563.4,2497.5,2577.45,2483.95,2591,2477.5
3-11,Uninfected,No_comment,Polygon,23,2489.35,2503.4,2506.1,2502.85,2517.45,2505.05,2528.8,2512.6,2538,2524.5,2542.35,2536.95,2542.9,2547.2,2547.75,2560.75,2559.1,2579.1,2561.8,2601.8,2558.55,2619.7,2547.75,2640.75,2531,2652.05,2508.3,2656.4,2491.5,2656.4,2479.1,2653.15,2463.4,2639.1,2455.3,2621.25,2448.25,2598.05,2445.05,2574.25,2446.65,2541.8,2458.55,2520.15,2474.2,2507.2
3-12,Uninfected,No_comment,Polygon,23,2311,2647.2,2319.05,2649.35,2328.8,2652.05,2339.05,2660.15,2352,2672.6,2367.7,2682.35,2383.4,2689.9,2390.95,2693.7,2396.35,2709.35,2396.35,2719.1,2387.2,2731,2361.25,2748.3,2334.25,2758,2310.4,2762.35,2295.3,2761.8,2278.5,2753.15,2265.05,2739.65,2254.2,2718,2251.5,2691.55,2256.4,2673.7,2269.85,2655.3,2283.95,2649.9,2295.8,2646.65
3-13,Uninfected,No_comment,Polygon,19,2372.6,2555.85,2385,2556.4,2400.7,2560.7,2413.65,2568.25,2424.5,2584.5,2434.25,2608.3,2435.85,2631,2434.25,2649.35,2423.4,2668.3,2410.4,2677.45,2392.6,2682.9,2370.4,2682.9,2353.2,2673.7,2334.25,2654.25,2323.95,2632.05,2321.75,2608.3,2327.15,2586.65,2339.65,2569.35,2355.3,2558.55
3-14,Uninfected,No_comment,Polygon,22,2539.6,2729.9,2549.4,2734.75,2558.05,2740.2,2571.5,2756.4,2576.4,2768.85,2581.8,2779.1,2585.05,2804.5,2581.8,2823.45,2581.25,2840.2,2571,2854.8,2553.7,2861.8,2533.15,2863.95,2516.4,2860.2,2495.3,2849.9,2481.2,2837.5,2467.2,2813.7,2463.9,2784.5,2470.95,2762.35,2483.45,2741.25,2500.75,2731,2514.8,2728.3,2522.85,2727.75
3-15,Uninfected,No_comment,Polygon,20,2377.95,2749.9,2388.3,2743.95,2400.2,2740.2,2411.55,2741.8,2425.6,2748.85,2441.25,2768.3,2445,2785.05,2446.15,2807.2,2441.8,2829.9,2433.65,2849.9,2417.5,2867.75,2395.85,2877.5,2381.25,2878.05,2365.6,2873.7,2348.8,2861.25,2335.8,2843.45,2333.1,2816.4,2339.65,2789.35,2354.75,2765.05,2367.2,2755.85
3-16,Uninfected,No_comment,Polygon,22,2644.5,2792.6,2660.7,2801.25,2671,2813.7,2683.95,2828.25,2694.75,2846.1,2699.65,2863.95,2698.55,2882.85,2691.55,2905.05,2676.4,2921.8,2661.8,2926.65,2646.1,2928.8,2634.25,2926.65,2618,2915.85,2605.6,2900.15,2596.4,2878,2592.6,2852.05,2594.75,2826.1,2596.95,2802.85,2606.65,2785.55,2616.4,2780.7,2623.4,2779.1,2632.6,2782.85
3-17,Uninfected,No_comment,Polygon,18,2975.35,2881.25,3000.2,2889.9,3016.4,2900.15,3031,2913.15,3039.65,2932.6,3042.35,2949.35,3037.5,2964.5,3025.6,2978,3007.25,2986.65,2984,2986.1,2965.05,2979.65,2944,2966.65,2922.9,2951,2911,2931,2909.9,2910.45,2921.8,2891,2939.65,2881.8,2954.8,2879.65
3-18,Uninfected,No_comment,Polygon,19,3032.1,2767.2,3043.45,2766.1,3056.95,2769.9,3070.5,2780.15,3082.9,2799.6,3087.25,2819.6,3088.3,2845.55,3080.2,2865.05,3069.95,2879.1,3055.9,2886.65,3040.2,2888.8,3023.45,2886.65,3007.25,2877.45,2990.45,2861.8,2973.15,2843.4,2966.7,2822.85,2974.25,2801.8,2988.85,2782.85,3010.45,2770.95
3-19,Uninfected,No_comment,Polygon,21,2259.6,2456.35,2272.05,2461.75,2284.5,2468.8,2297.45,2481.75,2306.65,2499.05,2308.8,2522.85,2301.8,2547.15,2288.25,2562.85,2273.65,2572.6,2256.9,2578,2232.6,2578.55,2215.3,2572.05,2200.7,2556.35,2190.95,2540.15,2184.5,2511.5,2187.7,2487.7,2193.65,2470.95,2206.1,2455.8,2218.55,2451.5,2233.65,2449.85,2245.55,2454.2
3-20,Uninfected,No_comment,Polygon,25,2270.95,2348.25,2280.7,2348.25,2293.15,2348.8,2304.5,2353.65,2312.6,2365.55,2319.6,2378.5,2329.9,2394.75,2341.25,2409.85,2352.05,2425.55,2362.35,2437.45,2368.8,2451.5,2368.8,2466.1,2363.4,2481.75,2351.5,2489.85,2338,2492.05,2323.4,2489.35,2313.7,2480.7,2301.25,2463.9,2279.1,2448.25,2249.9,2437.45,2238.55,2426.1,2232.05,2407.15,2232.05,2382.85,2241.8,2361.75,2251.5,2352.55
3-21,Uninfected,No_comment,Polygon,20,2382.85,2334.7,2407.2,2342.85,2422.85,2350.95,2440.15,2366.6,2445.05,2383.4,2443.4,2403.4,2436.4,2422.3,2421.25,2436.35,2405.05,2439.05,2389.35,2438.5,2373.15,2431.5,2359.1,2417.95,2343.4,2397.95,2332.6,2382.85,2322.35,2366.1,2317.45,2345.55,2322.85,2335.8,2336.4,2329.3,2350.45,2328.8,2368.3,2331.5
3-22,Uninfected,No_comment,Polygon,22,2494.25,2265,2503.95,2267.15,2513.15,2270.95,2526.15,2288.25,2528.85,2313.1,2518.55,2335.25,2503.4,2346.6,2487.2,2354.2,2469.35,2357.45,2453.7,2353.65,2435.3,2342.3,2420.7,2327.7,2409.35,2309.85,2403.4,2286.6,2403.4,2268.75,2415.3,2246.05,2428.3,2240.65,2444.5,2239.05,2452.05,2239.6,2460.7,2245.55,2474.25,2256.9,2483.4,2262.3
3-23,Uninfected,No_comment,Polygon,18,2121.2,2414.2,2129.85,2416.9,2146.1,2426.6,2161.75,2447.2,2168.8,2472.55,2167.15,2494.2,2159.6,2513.15,2141.75,2525.6,2121.2,2529.35,2104.45,2528.3,2082.85,2519.1,2068.8,2505.6,2056.9,2485.05,2050.95,2465.05,2052.55,2442.35,2069.35,2422.35,2087.15,2413.7,2103.9,2412.05
3-24,Uninfected,No_comment,Polygon,18,2021.75,2530.45,2035.8,2525.6,2056.9,2522.9,2072.05,2525.05,2086.1,2534.25,2092.55,2546.65,2096.9,2566.7,2096.35,2603.4,2085.55,2629.35,2071.5,2645,2057.45,2648.85,2035.25,2644,2014.75,2625.05,1999.05,2606.7,1981.2,2584.45,1975.25,2564.45,1986.1,2547.15,2002.3,2536.4
3-25,Uninfected,No_comment,Polygon,24,1983.35,2404.5,2004.45,2408.85,2013.65,2413.7,2028.25,2423.4,2033.1,2433.15,2034.75,2456.4,2038.5,2472.55,2045.55,2485.05,2048.25,2495.8,2041.75,2506.15,2020.65,2514.25,2002.85,2521.25,1988.25,2533.1,1974.75,2543.45,1957.95,2548.3,1945,2543.95,1934.2,2532.1,1929.85,2511,1935.25,2498.5,1937.95,2465.55,1937.4,2442.85,1943.9,2422.9,1956.9,2410.95,1966.6,2406.1
3-26,Uninfected,No_comment,Polygon,18,1603.35,2407.15,1614.7,2406.1,1629.85,2406.1,1648.3,2409.35,1666.65,2420.7,1676.35,2440.7,1675.3,2465.55,1665.6,2490.95,1648.3,2507.7,1631.45,2514.75,1606.05,2516.35,1581.75,2507.2,1566.05,2493.65,1553.1,2471.5,1550.9,2450.4,1558.5,2426.65,1575.25,2412.6,1588.75,2408.25
3-27,Uninfected,No_comment,Polygon,19,1797.95,2294.75,1813.15,2294.2,1831.5,2301.75,1847.7,2315.3,1856.9,2331.5,1861.2,2343.95,1862.3,2361.25,1850.45,2382.85,1825,2395.3,1797.95,2408.8,1775.85,2414.75,1761.2,2415.3,1746.6,2406.65,1736.35,2387.7,1731.55,2364.45,1735.25,2335.8,1748.25,2315.3,1766.1,2303.9,1781.75,2298
3-28,Uninfected,No_comment,Polygon,21,1854.2,2403.95,1864.45,2401.25,1876.4,2400.15,1892.55,2402.85,1906.1,2410.95,1918.5,2427.7,1921.75,2447.7,1920.75,2470.4,1919.05,2490.4,1909.4,2515.85,1892.1,2526.1,1876.4,2530.95,1862.85,2530.95,1848.25,2525,1834.8,2515.85,1814.2,2503.4,1799.05,2483.4,1793.15,2462.3,1795.85,2438,1807.7,2421.75,1827.7,2410.95
3-29,Uninfected,No_comment,Polygon,19,1780.2,2526.1,1803.9,2527.2,1826.6,2532.6,1839.6,2540.15,1848.8,2552.05,1853.65,2571.5,1851.5,2587.75,1845,2605.55,1828.8,2626.1,1806.15,2635.85,1779.05,2640.15,1751.55,2636.4,1733.1,2630.45,1715.8,2618,1707.15,2600.15,1710.4,2575.85,1728.8,2543.95,1750.4,2532.6,1763.9,2527.7
3-30,Uninfected,No_comment,Polygon,23,1633.1,2548.25,1651.45,2528.25,1660.1,2515.85,1669.85,2510.45,1685.6,2515.85,1697.95,2526.65,1706.05,2542.3,1708.75,2556.4,1706.05,2572.05,1702.3,2587.2,1703.35,2604.5,1710.4,2615.3,1713.1,2631,1703.95,2644.5,1691.5,2659.1,1679.6,2666.1,1666.05,2665.05,1642.8,2658,1625.5,2643.4,1615.8,2626.65,1612.55,2602.3,1614.15,2582.85,1622.8,2556.9
3-31,Uninfected,No_comment,Polygon,22,1648.3,2278,1662.3,2279.05,1673.1,2279.05,1684.45,2285,1690.4,2302.85,1690.95,2324.45,1676.95,2352.6,1653.65,2374.2,1633.65,2382.3,1607.7,2383.95,1584.45,2379.05,1566.05,2367.7,1550.9,2354.2,1541.2,2335.8,1533.65,2310.95,1536.4,2287.15,1550.9,2269.35,1569.85,2261.75,1589.85,2260.15,1607.15,2260.15,1618,2262.3,1629.85,2272.55
3-32,Uninfected,No_comment,Polygon,20,1465.5,2359.6,1479.55,2354.75,1500.15,2354.75,1514.15,2359.05,1532.55,2370.4,1540.1,2386.65,1542.25,2405,1535.8,2430.4,1516.35,2453.65,1488.8,2469.35,1466.6,2475.3,1444.95,2475.85,1425.55,2472.05,1408.2,2462.85,1404.95,2447.7,1406.6,2424.45,1414.2,2403.4,1426.6,2387.7,1443.35,2370.4,1454.15,2363.4
3-33,Uninfected,No_comment,Polygon,18,1672,2153.15,1683.95,2153.15,1695.8,2155.3,1712,2164.45,1728.25,2188.25,1731.5,2214.2,1727.7,2233.7,1713.1,2252.05,1686.05,2262.85,1661.2,2263.35,1641.75,2258,1622.8,2247.7,1609.85,2233.7,1605.05,2213.7,1606.05,2193.1,1616.85,2174.75,1635.8,2160.7,1654.7,2154.75
3-34,Uninfected,No_comment,Polygon,20,1455.85,2173.7,1489.3,2172.05,1508.8,2176.4,1526.1,2187.75,1533.6,2203.4,1536.85,2223.4,1536.35,2248.8,1529.85,2275.3,1515.8,2296.95,1495.8,2309.9,1480.15,2312,1453.1,2309.3,1435.25,2302.35,1424.45,2289.9,1421.7,2270.45,1421.7,2244.5,1419.55,2225.55,1420.1,2198.55,1432,2181.75,1440.65,2176.4
3-35,Uninfected,No_comment,Polygon,21,1344.95,2174.2,1355.75,2172.6,1373.05,2173.1,1390.35,2179.6,1400.1,2185.55,1409.3,2200.7,1416.85,2223.4,1420.65,2246.65,1420.65,2278,1407.2,2302.35,1388.75,2312,1368.75,2314.25,1351.45,2314.25,1333.6,2309.3,1319.55,2299.1,1311.45,2281.25,1303.35,2261.25,1299,2240.7,1304.95,2206.65,1315.75,2188.25,1327.1,2179.1
3-36,Uninfected,No_comment,Polygon,20,1355.25,2332.05,1382.8,2326.1,1391.45,2321.25,1402.25,2317.45,1412,2318.55,1427.2,2329.9,1433.1,2346.1,1430.9,2361.8,1416.85,2382.9,1401.7,2402.9,1395.25,2423.4,1387.15,2439.1,1368.25,2451,1345.5,2451,1324.4,2442.35,1310.35,2427.75,1305.5,2409.35,1305.5,2386.1,1314.7,2359.6,1333.05,2341.25
3-37,Uninfected,No_comment,Polygon,17,1387.9,1881.4,1417.05,1883.45,1430.55,1890.95,1443.65,1905,1456.75,1923.65,1462.25,1942.25,1458.75,1963.85,1439.1,1989,1417.55,1998.05,1394.85,2001,1368.3,1994,1344.6,1977.95,1332.1,1957.85,1329.55,1933.7,1337.15,1907.6,1354.15,1891.45,1370.25,1884.45
3-38,Uninfected,No_comment,Polygon,21,1497.95,1814.1,1510.45,1812.6,1533.6,1815.05,1551.15,1823.15,1563.25,1837.75,1572.8,1852.8,1576.85,1867.9,1575.25,1881.4,1565.2,1893,1550.15,1901,1525.5,1910.05,1513.5,1919.6,1500.9,1927.15,1484.8,1928.7,1469.25,1923.15,1460.2,1905.5,1450.65,1885.4,1449.15,1861.8,1455.65,1839.7,1471.8,1823.15,1484.3,1816.55
3-39,Uninfected,No_comment,Polygon,17,1566.8,1909.1,1581.85,1909.1,1599.4,1911.55,1619.05,1920.1,1630.55,1935.15,1635.05,1956.25,1632.1,1977.95,1617.55,2001,1591.9,2017.05,1563.25,2022.1,1542.15,2016.55,1525,2005,1512,1989.95,1507.5,1960.8,1513.5,1938.25,1530.55,1922.1,1551.15,1912.6
3-40,Uninfected,No_comment,Polygon,18,1608.5,1751.75,1629.1,1751.75,1649.2,1757.35,1659.7,1769.35,1676.25,1790.45,1681.85,1806.5,1680.3,1832.2,1669.75,1853.8,1652.2,1867.4,1630.55,1872.9,1615.95,1870.35,1594.85,1854.75,1585.3,1837.25,1573.3,1813.6,1570.25,1786.4,1573.8,1766.8,1580.8,1757.35,1591.35,1753.3
3-41,Uninfected,No_comment,Polygon,17,1726.5,1700,1740.1,1701.5,1758.75,1708.6,1775.75,1720.6,1788.4,1750.75,1789.85,1771.85,1780.3,1796.45,1761.2,1809.55,1738.15,1813.6,1721,1812.6,1702.45,1800,1690.35,1784.9,1679.3,1759.35,1676.85,1737.25,1683.85,1714.1,1698.45,1702.55,1708,1700
3-42,Uninfected,No_comment,Polygon,19,1397.45,1707.6,1418.05,1705.5,1435.55,1708.6,1451.15,1715.05,1464.2,1729.2,1472.3,1743.75,1473.3,1765.8,1469.25,1782.45,1461.75,1800.5,1447.2,1817.15,1426.6,1825.1,1395.35,1829.65,1374.25,1825.1,1357.25,1815.55,1348.2,1801,1347.2,1777.45,1350.15,1749.3,1362.25,1722.15,1377.35,1711.55
3-43,Uninfected,No_comment,Polygon,17,1557.25,1621.6,1572.85,1620.1,1593.5,1626.6,1605.5,1638.65,1614.55,1656.75,1615.05,1672.35,1608,1696.95,1590.45,1720.6,1561.3,1733.15,1536.65,1734.65,1516.55,1724.6,1503,1709.5,1496.45,1696.45,1495.45,1677.85,1507,1647.2,1525.1,1630.15,1540.2,1623.6
3-44,Uninfected,No_comment,Polygon,16,1642.7,1507,1666.8,1508.5,1682.9,1516.55,1699.5,1535.15,1704.5,1560.8,1700.5,1579.9,1687.4,1602,1667.8,1613.55,1650.25,1616.55,1631.15,1614.55,1610.55,1602,1595.95,1580.9,1590.95,1560.8,1594.45,1538.65,1608.6,1515.05,1624.15,1507.5
3-45,Uninfected,No_comment,Polygon,19,1524.15,1476.35,1533.7,1474.85,1547.2,1474.35,1566.8,1479.9,1579.4,1487.4,1591.45,1500.5,1593.5,1516.05,1587.9,1533.65,1577.85,1553.75,1563.3,1570.85,1547.2,1578.35,1526.1,1579.9,1511.55,1577.85,1492.45,1566.3,1478.95,1548.2,1473.9,1528.6,1475.85,1509,1486.9,1491.45,1500,1480.4
3-46,Uninfected,No_comment,Polygon,21,1274.1,1674.15,1286.25,1675.25,1301.7,1680.75,1322.7,1695.1,1334.85,1715,1338.15,1737.1,1334.85,1762,1333.75,1781.35,1329.35,1794.05,1318.85,1802.3,1305.55,1803.95,1294.5,1796.8,1273.45,1787.4,1246.45,1776.35,1231.55,1765.85,1220.5,1750.95,1217.15,1729.4,1219.4,1704.55,1230.45,1691.25,1247.55,1678.55,1257.5,1674.7
3-47,Uninfected,No_comment,Polygon,20,1228.2,1802.9,1239.25,1802.3,1253.1,1803.45,1277.4,1807.3,1289,1812.8,1295.05,1824.4,1295.05,1834.35,1285.15,1847.6,1271.3,1855.9,1259.7,1867.5,1256.4,1887.95,1247,1902.85,1230.45,1911.7,1212.2,1911.7,1192.85,1901.8,1182.35,1884.7,1179.05,1857,1186.25,1833.8,1197.55,1819.3,1211.65,1807.9
3-48,Uninfected,No_comment,Polygon,17,1268.55,1493.45,1284.5,1494.55,1302.8,1500.65,1322.1,1517.75,1333.7,1538.2,1335.95,1558.1,1333.15,1581.3,1322.1,1597.35,1305,1603.4,1280.15,1603.95,1256.4,1595.65,1239.25,1579.65,1227.1,1562,1223.25,1539.3,1231.55,1513.35,1243.7,1501.25,1253.65,1495.1
3-49,Uninfected,No_comment,Polygon,19,1411.1,1396.75,1426.55,1397.9,1447.55,1402.3,1467.45,1414.5,1479.05,1433.25,1482.95,1455.9,1480.7,1471.35,1469.65,1492.35,1454.15,1506.15,1433.2,1517.75,1411.65,1519.4,1392.85,1512.85,1376.3,1502.3,1360.25,1482.4,1354.2,1456.45,1354.2,1437.65,1365.25,1416.1,1376.3,1405.05,1388.4,1399.55
3-50,Uninfected,No_comment,Polygon,23,1558.55,1327.7,1575.75,1332.15,1589.55,1337.7,1597.3,1348.2,1601.65,1363.05,1600.6,1385.15,1596.75,1402.9,1601.65,1417.75,1608.9,1431.05,1612.7,1447.1,1610.55,1461.95,1598.4,1470.25,1580.1,1471.35,1565.25,1464.7,1546.45,1460.3,1529.35,1456.45,1516.65,1450.35,1500.6,1431.55,1495.1,1412.25,1497.8,1386.25,1510.55,1354.8,1522.7,1336,1538.75,1326.65
3-51,Uninfected,No_comment,Polygon,17,1268.55,1221.1,1279.6,1222.2,1294.55,1224.95,1311.65,1232.7,1325.45,1245.4,1332.65,1261.35,1336.5,1282.95,1328.25,1306.15,1310.55,1323.85,1287.9,1332.1,1263.6,1333.25,1242.6,1324.4,1223.8,1311.7,1213.3,1287.95,1215.5,1258.1,1229.9,1234.35,1247,1223.85
3-52,Uninfected,No_comment,Polygon,17,1456.4,1229.3,1469.7,1227.7,1490.1,1233.25,1512.8,1249.8,1523.25,1270.8,1525.5,1291.25,1515,1316.05,1486.25,1335.45,1467.45,1339.3,1444.95,1336.8,1420.5,1333.25,1401.15,1323.3,1397.3,1300.65,1398.95,1271.35,1408.35,1249.8,1423.8,1234.9,1436.55,1232.15
3-53,Uninfected,No_comment,Polygon,18,1391.75,1091.2,1412.2,1090.7,1432.65,1093.45,1449.25,1102.8,1460.3,1116.65,1469.7,1134.35,1475.75,1160.3,1468.55,1182.95,1443.7,1201.75,1423.8,1207.2,1400.05,1206.65,1380.7,1200.1,1358.6,1186.25,1346.45,1168,1342.05,1135.4,1348.7,1113.3,1358.6,1102.25,1373,1095.65
3-54,Uninfected,No_comment,Polygon,19,1691.25,1222.15,1700.1,1221.6,1723.85,1227.7,1737.1,1234.3,1748.15,1251.45,1748.7,1267.45,1745.95,1289,1742.1,1312.8,1726.05,1328.25,1704.5,1331,1683.5,1327.15,1663.05,1322.15,1646.5,1308.9,1633.25,1289.55,1624.95,1263.05,1626.6,1247,1637.65,1236.55,1659.75,1226.05,1674.65,1223.25
3-55,Uninfected,No_comment,Polygon,20,1745.95,1068.55,1761.95,1067.45,1781.85,1070.75,1795.65,1081.8,1810.05,1097.85,1820.55,1118.85,1824.4,1134.85,1822.2,1160.3,1813.9,1175.75,1796.8,1193.45,1777.45,1203.95,1759.75,1206.15,1739.3,1202.25,1720,1192.3,1700.65,1174.1,1693.45,1152.55,1692.9,1127.15,1700.65,1096.2,1716.1,1079.05,1728.8,1071.85
3-56,Uninfected,No_comment,Polygon,19,1797.9,1243.7,1808.4,1243.7,1819.45,1245.4,1833.25,1253.65,1843.75,1270.25,1846.5,1287.9,1839.85,1305.1,1829.95,1331,1823.85,1355.85,1805.05,1374.1,1785.75,1375.75,1765.3,1371.9,1752,1362.5,1743.2,1347.6,1744.3,1326.6,1752.55,1301.7,1757.55,1281.3,1767.5,1258.65,1776.35,1248.15
3-57,Uninfected,No_comment,Polygon,20,1907.3,1286.25,1918.9,1288.45,1932.7,1295.65,1945.4,1305.6,1954.8,1321.05,1959.75,1342.6,1957.55,1364.15,1949.85,1381.85,1931.6,1395.65,1908.4,1402.3,1890.7,1403.4,1866.95,1397.3,1851.5,1382.4,1844.3,1368.6,1841.55,1350.35,1846.5,1332.65,1855.9,1310.55,1864.75,1300.05,1874.15,1292.9,1889.6,1286.25
3-58,Uninfected,No_comment,Polygon,22,1547.05,1037.6,1561.95,1044.8,1574.65,1054.75,1590.7,1074.1,1603.95,1089,1612.25,1106.15,1611.7,1124.9,1603.95,1143.7,1589.05,1159.15,1569.15,1169.1,1548.15,1171.9,1533.75,1170.2,1515,1165.8,1501.2,1159.75,1490.1,1138.75,1490.1,1116.1,1491.25,1086.3,1494,1066.9,1502.85,1047.55,1512.8,1036.5,1524.95,1032.1,1532.1,1032.1
3-59,Uninfected,No_comment,Polygon,18,1654.8,985.15,1661.4,986.8,1677.45,995.05,1690.15,1010,1700.1,1023.8,1703.95,1038.7,1696.2,1063.05,1682.4,1077.95,1663.05,1087.9,1644.85,1091.2,1631.55,1090.65,1617.75,1082.35,1606.15,1070.2,1596.75,1047,1595.1,1024.35,1602.3,1000.6,1619.4,987.9,1636.55,984
3-60,Uninfected,No_comment,Polygon,21,1982.95,1131.55,1995.6,1130.45,2010.05,1129.4,2029.4,1127.15,2041,1127.7,2050.95,1136.55,2057.55,1151.5,2060.3,1164.7,2053.15,1184.1,2044.25,1205.1,2039.3,1221.6,2018.9,1236,1988.5,1239.85,1964.2,1235.45,1945.9,1225.5,1932.7,1207.8,1926.6,1187.35,1928.25,1166.35,1938.75,1152,1953.7,1142.05,1966.95,1134.9
3-61,Uninfected,No_comment,Polygon,18,2121.6,1164.15,2132.1,1168.6,2149.2,1177.4,2159.2,1187.9,2166.95,1211.15,2166.4,1239.35,2157,1262.5,2137.1,1278,2112.25,1284.6,2088.45,1281.9,2064.2,1268.05,2052.05,1252,2047.05,1224.95,2051.5,1208.9,2061.35,1184.1,2074.15,1170.25,2095.15,1163.05,2108.4,1161.45
3-62,Uninfected,No_comment,Polygon,18,2036.55,1301.75,2048.7,1301.2,2071.35,1306.7,2085.2,1314.5,2097.9,1328.25,2103.95,1345.95,2105.65,1363.05,2098.95,1381.85,2085.2,1397.35,2066.35,1413.95,2048.7,1420,2021.65,1420.55,2000.1,1412.8,1985.1,1397.35,1979.65,1378,1980.75,1354.25,1996.25,1325.55,2012.8,1311.15
3-63,Uninfected,No_comment,Polygon,19,2252.05,1263.6,2272.5,1269.15,2285.7,1275.2,2299.55,1287.35,2309.5,1298.4,2320,1307.8,2321.65,1321.65,2317.8,1339.85,2304.55,1353.7,2293.5,1365.85,2271.4,1375.25,2251.5,1375.25,2226.1,1364.15,2208.35,1349.8,2199,1334.35,2196.25,1310.05,2205.65,1284.6,2223.3,1269.15,2233.25,1265.25
3-64,Uninfected,No_comment,Polygon,20,2212.25,1068.55,2226.65,1066.35,2244.85,1067.45,2260.35,1070.8,2268.05,1076.3,2279.1,1092.3,2283,1110.55,2280.15,1137.1,2273.05,1158.1,2257.55,1173.6,2229.95,1185.7,2207.3,1186.8,2187.95,1180.2,2169.15,1170.25,2159.2,1157,2154.2,1138.75,2154.2,1121.6,2166.4,1097.3,2181.3,1080.75,2195.15,1073.55
3-65,Uninfected,No_comment,Polygon,18,1983,998.95,1996.25,1000.6,2015,1010,2028.3,1023.25,2039.35,1045.9,2045.9,1067.6,2045.95,1092.85,2038.8,1111.1,2017.25,1119.4,1980.2,1119.4,1961.45,1110.55,1941,1095.05,1927.7,1074.6,1923.3,1054.75,1925.5,1029.85,1938.75,1011.1,1955.35,1001.7,1970.25,997.8
3-66,Uninfected,No_comment,Polygon,20,2117.25,1000.6,2133.8,1001.15,2156.45,1012.75,2169.2,1027.65,2174.7,1050.3,2173.6,1066.9,2167.5,1082.35,2151.5,1107.75,2139.35,1127.1,2121.65,1135.95,2104,1137.6,2083,1131.55,2069.7,1118.25,2060.35,1103.9,2056.45,1082.35,2057.55,1051.4,2069.15,1019.9,2085.75,1005,2097.35,998.95,2106.2,998.35
3-67,Uninfected,No_comment,Polygon,22,2270.3,912.75,2283,916.05,2292.95,918.8,2306.2,929.3,2315.6,953.05,2318.35,974.6,2313.4,987.3,2300.1,1006.65,2294.6,1040.35,2286.3,1058.6,2266.95,1063.55,2253.7,1057.5,2234.95,1046.45,2215.05,1029.3,2205.1,1015.5,2201.2,997.25,2201.2,973.5,2209.5,955.3,2223.9,933.2,2244.3,916.6,2252.6,911.65,2258.7,911.05
3-68,Uninfected,No_comment,Polygon,18,1924.4,868.55,1941.55,871.85,1959.2,881.8,1973.05,897.8,1980.2,917.15,1978,931.5,1968.6,948.65,1948.7,965.75,1930.5,971.85,1912.8,971.85,1888.5,965.75,1872.45,950.3,1864.75,929.85,1864.2,910.5,1871.35,891.75,1885.2,875.15,1898.45,869.65,1907.3,868.55
3-69,Uninfected,No_comment,Polygon,19,1747.05,933.15,1762,934.25,1776.9,934.25,1802.85,941.45,1815,956.95,1822.75,977.9,1824.4,996.7,1816.65,1017.15,1793.45,1034.85,1774.7,1040.35,1754.8,1041.45,1730.5,1037.05,1716.1,1024.35,1701.2,1003.9,1692.9,981.8,1694.55,953.6,1706.7,937.6,1721.65,932.6,1731.05,932.05
3-70,Uninfected,No_comment,Polygon,16,1769.7,817.7,1789.05,817.7,1807.85,822.65,1819.45,833.15,1831.05,845.3,1833.25,866.85,1822.2,893.4,1806.2,906.65,1776.9,914.95,1750.35,912.75,1730.5,902.25,1720,890.05,1719.45,863.55,1732.7,836.5,1742.65,828.2,1752.6,822.1
3-71,Uninfected,No_comment,Polygon,19,1587.4,875.7,1602.85,866.85,1627.15,865.2,1645.4,871.85,1658.1,880.15,1671.35,900,1674.1,916.6,1670.8,937.6,1658.65,956.95,1643.2,969.65,1617.75,977.9,1594,986.2,1573.55,982.9,1557,974.6,1545.95,959.7,1544.3,944.2,1545.95,918.25,1556.45,898.9,1568.6,885.65
3-72,Uninfected,No_comment,Polygon,19,1900.1,722.1,1910.05,722.1,1924.4,727.65,1936.55,735.35,1947.05,744.75,1956.45,763.55,1960.35,786.75,1957,807.2,1947.05,822.65,1929.95,834.8,1907.3,838.15,1884.65,837.05,1862.55,828.75,1850.4,813.8,1844.3,790.6,1842.1,774.6,1845.4,751.4,1860.9,729.85,1880.75,722.1
3-73,Uninfected,No_comment,Polygon,21,1701.75,709.95,1714.45,706.65,1725.95,705.3,1752.05,705.55,1766.95,716.05,1779.1,730.95,1785.75,746.95,1787.4,764.1,1779.1,785.65,1760.85,800,1733.8,809.95,1701.2,815.5,1683.5,813.8,1669.15,808.85,1657,799.45,1646.5,782.9,1645.4,760.25,1650.9,742,1660.3,728.2,1677.45,718.25,1688.5,713.8
3-74,Uninfected,No_comment,Polygon,19,1330.45,980.2,1343.7,979.6,1360.85,980.2,1378.5,985.75,1394.55,995.65,1406.7,1017.2,1408.35,1041,1403.9,1057.55,1389.55,1071.35,1359.7,1084.65,1334.85,1091.25,1315.5,1091.25,1299.5,1083.55,1286.25,1066.35,1279.05,1047.6,1279.05,1023.8,1286.25,1005.05,1301.15,991.8,1312.2,986.3
3-75,Uninfected,No_comment,Polygon,18,1439.3,828.8,1465.8,826,1491.2,834.85,1510,849.25,1520.5,869.1,1526.6,889.05,1525.5,916.1,1511.1,939.3,1494.55,952,1470.8,959.2,1446.45,958.65,1428.8,952,1416.1,940.95,1404.45,921.1,1398.4,895.65,1401.15,865.85,1410.55,844.3,1419.4,837.05
3-76,Uninfected,No_comment,Polygon,18,1501.15,669.05,1514.45,669.05,1543.15,675.15,1567.45,688.95,1579.6,707.2,1582.4,729.3,1577.95,751.95,1563,776.8,1541.5,788.4,1513.85,792.85,1500.05,791.15,1481.85,781.25,1470.8,766.85,1463.6,748.65,1461.4,715.5,1468.55,685.1,1477.4,674.05,1485.7,670.15
3-77,Uninfected,No_comment,Polygon,19,1680.2,592.25,1697.35,597.8,1716.65,606.65,1731.05,617.7,1743.75,641.45,1746.5,656.9,1744.85,674.6,1731.6,686.75,1708.95,694.5,1686.85,698.9,1670.8,698.35,1651.45,691.2,1635.45,681.25,1622.2,665.75,1619.45,644.2,1622.75,618.8,1636,600,1649.8,589.5,1660.3,587.85
3-78,Uninfected,No_comment,Polygon,18,1659.2,476.8,1676.35,476.8,1693.45,482.3,1715,503.3,1726.05,528.2,1737.1,558.55,1736,575.15,1723.3,584,1700.1,587.3,1677.45,587.3,1657.55,585.1,1638.75,580.1,1624.4,568.5,1614.45,550.3,1612.25,528.2,1619.45,501.1,1629.9,484.55,1644.85,477.35
3-79,Uninfected,No_comment,Polygon,20,1827.15,476.8,1843.75,487.3,1861.45,500.55,1873.05,511.6,1881.85,537.55,1876.9,554.7,1862,569.05,1834.35,580.1,1800.65,585.1,1781.85,583.45,1762,570.75,1748.15,553.05,1744.85,529.85,1743.2,507.2,1745.4,487.3,1753.7,466.85,1766.4,458.55,1782.95,458.55,1799,463,1811.7,467.95
3-80,Uninfected,No_comment,Polygon,19,1827.15,586.2,1841,585.65,1857.55,587.85,1874.15,597.8,1886.3,616.6,1891.25,637.05,1889.05,658.6,1878,682.9,1857,703.9,1829.4,714.95,1808.95,716.6,1795.7,714.4,1777.45,702.8,1766.95,686.75,1763.1,663.55,1769.15,640.9,1783.55,613.8,1793.45,601.65,1808.95,590.05
3-81,Uninfected,No_comment,Polygon,17,1962,561.35,1978,560.8,1999,566.85,2011.7,576.25,2026.1,594.5,2030.5,617.15,2026.65,644.2,2012.25,663.55,1981.35,677.35,1957.55,679,1936,670.75,1923.3,659.7,1911.15,639.25,1907.3,617.7,1912.25,594.5,1928.3,571.3,1941,563.55
3-82,Uninfected,No_comment,Polygon,19,1943.2,428.75,1960.35,428.15,1973.6,432.6,1990.15,442.55,2001.2,459.1,2007.3,472.95,2010.05,500,2003.45,517.7,1987.4,534.25,1969.15,543.1,1950.4,544.75,1929.4,542,1915.6,537,1899.55,524.3,1891.8,508.85,1890.7,486.75,1895.15,465.75,1909.5,441.45,1923.85,432.05
3-83,Uninfected,No_comment,Polygon,21,1874.7,351.4,1885.75,349.75,1897.35,351.95,1908.95,359.1,1926.1,381.2,1938.25,396.15,1949.9,405.55,1952.6,418.25,1943.2,428.2,1923.35,444.15,1905.7,459.65,1891.85,478.45,1879.7,485.6,1865.85,481.8,1850.4,469.05,1835.5,452.45,1827.2,434.3,1828.9,408.8,1836.05,381.2,1845.4,363.55,1855.35,355.8
3-84,Uninfected,No_comment,Polygon,21,1968.1,270.7,1987.95,270.2,2004.05,274.05,2023.35,284,2036.6,296.7,2045.45,313.85,2050.4,328.2,2051.5,343.6,2048.8,363,2035.5,383.45,2015.65,397.2,1990.75,404.45,1976.35,405,1959.25,397.75,1943.2,382.35,1931.6,363,1925.55,343.05,1926.1,320.95,1934.95,297.25,1946,282.3,1954.8,275.15
3-85,Uninfected,No_comment,Polygon,20,2114,203.3,2122.25,204.95,2142.15,210.5,2157.05,219.35,2170.85,245.25,2174.2,267.35,2170.3,283.45,2162.55,300.55,2145.45,311.6,2124.5,320.95,2107.3,322.05,2089.1,316.6,2074.15,305.55,2061.45,286.2,2056.5,259.15,2059.3,235.35,2070.9,213.25,2084.65,204.95,2096.8,201.05,2104,202.2
3-86,Uninfected,No_comment,Polygon,20,2149.3,330.95,2162.55,330.95,2178.05,337,2194.05,348.05,2204.55,361.35,2207.35,379.05,2203.45,404.45,2189.65,429.3,2170.85,445.85,2153.2,451.4,2130.55,450.85,2116.7,445.85,2098.5,433.75,2089.1,417.7,2082.45,393.95,2082.45,370.15,2089.1,353.05,2102.35,340.9,2118.9,334.25,2131.65,332.55
3-87,Uninfected,No_comment,Polygon,19,2264.25,390.05,2280.8,390.05,2296.85,398.35,2316.2,421,2320.05,442.55,2320.05,467.4,2309.55,493.4,2286.9,511.6,2269.75,514.95,2247.1,513.8,2230.55,505.55,2214.5,494.5,2204,477.35,2201.85,458.55,2203.45,435.35,2213.4,416.05,2224.45,401.1,2238.8,392.8,2246.05,390.05
3-88,Uninfected,No_comment,Polygon,21,2246.55,242.55,2260.35,243.1,2281.35,247.5,2295.75,253.05,2307.35,261.85,2322.3,277.9,2328.9,298.4,2328.9,316,2322.8,333.15,2307.9,351.95,2287.45,363,2253.2,366.3,2232.75,359.65,2213.95,346.95,2202.9,331.5,2195.15,310.5,2192.95,288.4,2196.35,272.35,2205.65,260.75,2218.4,250.8,2231.65,245.3
3-89,Uninfected,No_comment,Polygon,20,2475.35,251.35,2488.55,256.9,2501.85,264.65,2513.45,279.55,2521.15,293.9,2527.25,313.8,2527.8,335.9,2520.6,351.4,2501.25,365.2,2479.15,369.05,2456.5,369.6,2438.3,361.9,2422.25,349.15,2411.75,333.15,2405.7,314.35,2405.15,296.15,2412.85,277.35,2423.9,261.3,2443.8,251.35,2459.85,249.15
3-90,Uninfected,No_comment,Polygon,19,2435.5,416.05,2445.45,414.9,2463.2,419.9,2478.05,432.05,2493,453.05,2499.6,470.75,2501.85,496.15,2496.35,519.9,2481.95,538.15,2460.95,549.75,2435.5,551.4,2422.8,547,2405.15,536.5,2391.3,523.2,2380.8,506.65,2376.45,480.1,2381.95,447.5,2396.85,427.1,2415.15,417.7
3-91,Uninfected,No_comment,Polygon,19,2353.7,102.15,2364.2,103.85,2382.45,109.95,2400.1,129.25,2408.95,153.6,2410.6,181.8,2407.85,203.9,2395.7,218.8,2372.5,232.05,2354.8,235.9,2337.7,233.65,2321.65,224.3,2307.3,211.55,2299,195,2294.6,174.05,2295.7,148.6,2305.65,123.2,2318.35,108.3,2334.95,103.3
3-92,Uninfected,No_comment,Polygon,20,2502.9,87.85,2512.85,87.3,2529.4,90.05,2544.9,101.6,2553.75,117.15,2565.35,142,2570.85,155.8,2572.5,177.9,2559.8,196.15,2539.35,216.55,2522.8,225.45,2506.2,227.05,2488,224.3,2469.75,214.35,2459.25,201.6,2449.85,181.2,2448.75,150.25,2458.15,118.75,2469.75,101.6,2480.25,92.2
3-93,Uninfected,No_comment,Polygon,20,2593.5,182.9,2606.2,182.9,2620.6,187.85,2634.95,199.45,2649.3,214.95,2657.05,235.35,2659.25,255.2,2654.3,275.15,2642.7,295.05,2622.8,309.9,2605.1,312.7,2578.6,312.7,2561.45,304.95,2547.65,290.6,2540.45,269.65,2539.35,243.65,2543.8,224.85,2557.6,203.9,2574.15,187.3,2581.9,183.4
3-94,Uninfected,No_comment,Polygon,20,2740.5,97.75,2752.65,97.75,2767.55,101.65,2782.45,114.9,2801.8,140.3,2809,162.4,2811.2,183.4,2804,208.25,2789.1,225.95,2770.3,235.35,2753.75,238.1,2732.2,233.7,2716.7,225.4,2698.5,207.15,2689.65,192.25,2683.55,166.85,2685.8,146.95,2693.5,128.7,2707.9,109.9,2721.15,101.65
3-95,Uninfected,No_comment,Polygon,22,2912.85,266.3,2925,267.4,2941.55,275.7,2957.6,285.6,2975.3,308.3,2987.45,333.15,2994.1,358,2995.2,377.9,2992.45,397.25,2981.4,403.3,2967,399.45,2949.35,391.7,2928.35,386.2,2908.45,378.45,2890.75,366.85,2878.05,350.8,2872.55,330.4,2872,310.5,2875.85,287.3,2883.6,272.9,2893.55,267.95,2902.35,265.75
3-96,Uninfected,No_comment,Polygon,20,2806.8,316.05,2819.5,318.25,2843.25,332,2859.85,354.1,2868.15,380.1,2868.7,398.9,2861.5,422.15,2852.65,441.4,2841.05,459.7,2828.35,470.75,2814,471.85,2796.3,466.9,2780.85,453,2768.1,436.5,2758.75,416.6,2753.2,385.1,2756.5,357.5,2768.1,329.85,2781.95,319.35,2791.9,317.15
3-97,Uninfected,No_comment,Polygon,20,2918.4,398.3,2933.9,399.45,2948.25,404.45,2963.15,411.05,2977,426.55,2983.05,445.35,2983.6,462.45,2976.4,481.25,2963.7,497.8,2946.6,511.6,2925.05,519.35,2904.05,520.45,2882.5,513.3,2867,502.8,2853.75,485.05,2855.4,465.2,2864.8,440.35,2878.05,414.95,2891.9,402.75,2902.95,398.3
3-98,Uninfected,No_comment,Polygon,20,2763.7,472.95,2779.7,475.7,2797.4,482.9,2810.65,491.2,2823.35,508.3,2827.25,524.9,2827.25,544.2,2821.15,563.55,2806.25,582.9,2784.7,596.15,2764.8,596.7,2749.35,590.1,2732.75,575.75,2723.9,560.8,2721.15,543.15,2721.7,518.75,2727.8,495.55,2737.2,479,2746.55,472.4,2752.1,471.3
3-99,Uninfected,No_comment,Polygon,20,2571.95,418.75,2585.2,416.55,2599.6,417.1,2618.9,423.2,2636.05,433.15,2648.2,450.8,2658.7,474.55,2655.95,500.55,2641.5,523.2,2620.6,533.15,2598.5,537,2575.75,535.9,2557.05,528.15,2539.9,514.9,2528.85,495.55,2526.05,475.1,2531.05,456.9,2540.45,440.3,2553.65,426.5,2560.9,421.55
3-100,Uninfected,No_comment,Polygon,21,2595.7,559.1,2616.7,550.25,2631.1,546.95,2648.2,548.6,2660.9,555.8,2672.5,571.25,2675.85,592.25,2675.3,617.7,2665.9,634.25,2655.95,651.95,2654.3,666.3,2648.2,679,2632.75,686.75,2618.9,684.55,2599.05,674.05,2581.35,661.35,2564.2,644.75,2552.6,622.1,2550.4,599.45,2562,581.2,2576.4,567.4
3-101,Uninfected,No_comment,Polygon,18,2717.25,602.2,2731.1,602.75,2748.2,611.05,2760.35,628.15,2771.95,648.6,2772.5,671.25,2765.9,690.6,2748.75,711.05,2725,722.1,2705.65,722.65,2683,716.6,2665.35,702.2,2655.95,682.85,2655.95,655.8,2665.3,633.1,2679.1,613.25,2688,607.75,2701.8,602.2
3-102,Uninfected,No_comment,Polygon,19,2426.65,574.6,2442.7,577.35,2460.9,584.5,2473.05,596.7,2480.8,616.55,2482.45,635.35,2478.6,654.7,2469.75,674.05,2451.5,688.95,2426.1,697.8,2405.65,697.8,2385.75,689.5,2370.3,673.5,2363.1,654.7,2362,629.85,2371.95,608.85,2382.45,591.7,2402.35,576.25,2412.85,575.15
3-103,Uninfected,No_comment,Polygon,21,2273.05,666.3,2290.2,664.1,2304.55,665.75,2321.1,674.05,2332.15,683.45,2343.2,696.7,2350.95,711.05,2353.15,728.75,2349.85,752.5,2336.05,774.05,2316.15,790.05,2299,793.4,2281.9,792.85,2265.3,786.75,2247.1,775.7,2237.15,762.45,2230.5,743.65,2230.5,721,2236.6,696.15,2250.95,676.8,2259.8,670.15
3-104,Uninfected,No_comment,Polygon,21,2210.6,560.2,2223.9,560.2,2240.45,569.6,2250.95,580.1,2259.8,600.55,2268.1,620.45,2270.3,639.8,2263.1,655.25,2246,670.7,2231.6,685.65,2219.45,692.8,2201.25,696.15,2186.85,691.7,2173.6,682.85,2159.8,669.6,2153.15,648.6,2150.4,620.45,2157.6,596.15,2168.05,577.9,2184.1,566.85,2192.4,563.55
3-105,Uninfected,No_comment,Polygon,21,2571.95,683.45,2590.2,687.3,2609,693.35,2623.35,700.55,2634.4,713.25,2639.95,730.4,2641.6,755.8,2633.85,771.85,2618.4,782.9,2596.85,788.95,2574.75,788.95,2554.3,786.75,2533.85,777.9,2516.15,766.3,2506.2,755.25,2499.6,740.35,2501.25,718.8,2513.95,696.15,2528.85,686.75,2547.1,683.45,2558.7,682.85
3-106,Uninfected,No_comment,Polygon,20,2033.25,669.65,2052.6,670.2,2069.2,677.35,2080.25,688.4,2085.2,708.3,2085.2,721.55,2079.7,740.35,2071.95,756.95,2065.85,775.7,2054.8,791.75,2036.6,803.35,2022.2,805.55,2004.55,800,1990.15,788.4,1985.75,772.95,1984.1,755.8,1986.3,732.05,1992.95,705,2006.2,685.1,2016.7,675.15
3-107,Uninfected,No_comment,Polygon,20,2132.15,711.05,2149.85,714.4,2168.1,720.45,2181.35,730.4,2192.95,748.65,2196.25,765.75,2195.7,785.1,2190.2,801.7,2172.5,819.9,2152.05,830.4,2133.85,833.75,2118.35,833.75,2102.35,827.65,2087.4,817.7,2078,802.8,2076.9,780.7,2083,755.8,2096.25,730.4,2106.2,716.6,2115.6,710.5
3-108,Uninfected,No_comment,Polygon,19,2365.35,854.15,2379.7,853.05,2394.6,853.6,2412.3,862.45,2432.2,885.1,2445.45,901.1,2458.15,919.9,2461.45,943.1,2452.65,961.35,2435.5,973.5,2417.25,975.7,2397.95,970.2,2376.4,961.9,2351.5,948.1,2335.5,929.3,2329.95,908.85,2330.5,887.3,2337.7,870.75,2348.75,859.7
3-109,Uninfected,No_comment,Polygon,21,2358.15,976.25,2366.45,975.15,2381.9,978.5,2402.9,986.75,2413.95,996.7,2422.25,1015.5,2423.35,1034.85,2418.95,1056.4,2406.2,1075.7,2384.1,1090.65,2364.25,1095.05,2342.7,1095.05,2325.55,1090.1,2305.65,1077.4,2295.7,1058.05,2292.4,1043.7,2297.9,1009.9,2310.1,991.75,2320,985.1,2332.75,980.15,2342.1,976.8
3-110,Uninfected,No_comment,Polygon,23,2470.3,788.95,2487.45,786.2,2499.6,786.2,2520.05,791.15,2530,798.9,2537.15,812.15,2538.25,831.5,2527.75,853.6,2517.3,875.15,2510.1,897.8,2510.1,912.15,2502.9,925.45,2490.2,930.95,2479.15,929.3,2469.2,919.35,2456.5,900,2446,882.9,2437.15,871.3,2428.85,855.8,2427.75,833.15,2436.6,810.5,2450.95,797.8,2457.6,791.7
3-111,Uninfected,No_comment,Polygon,20,2583.05,807.2,2597.95,800,2618.95,798.9,2631.65,806.65,2641.05,822.1,2645.45,837.6,2644.35,861.9,2633.85,886.2,2614.5,910.5,2596.3,926.55,2581.35,934.85,2559.8,940.9,2545.45,940.35,2528.9,930.95,2519.5,918.25,2515.6,897.8,2519.5,877.9,2534.4,848.1,2549.3,827.65,2566.45,813.25
3-112,Uninfected,No_comment,Polygon,21,2765.35,793.4,2778.65,798.35,2794.6,806.1,2807.4,821.55,2817.9,842.55,2825.05,860.25,2836.1,880.7,2840,900,2837.15,918.8,2824.5,926.55,2800.2,928.2,2778.65,926,2756.55,918.25,2739.35,904.45,2721.7,883.45,2716.7,864.1,2714.55,840.9,2722.25,814.95,2732.25,800.55,2741.05,793.95,2749.85,791.15
3-113,Uninfected,No_comment,Polygon,19,2878.1,773.5,2894.1,778.45,2913.95,791.7,2932.25,815.5,2935,830.4,2936.05,848.1,2930,865.2,2915.65,879,2893.55,892.3,2875.3,893.4,2852.7,890.05,2842.7,882.35,2833.35,866.85,2827.2,850.85,2825.6,830.4,2831.1,803.35,2844.4,785.65,2855.45,778.45,2863.75,774.6
3-114,Uninfected,No_comment,Polygon,21,2907.9,903.35,2922.3,905,2941.6,910.5,2961.55,919.35,2976.45,929.3,2984.7,940.9,2991.3,955.8,2993.6,972.4,2988.6,987.3,2978.1,999.45,2961.55,1009.4,2938.9,1011.65,2914.5,1006.65,2894.1,995.6,2877.55,981.8,2864.25,963,2856.55,940.9,2857.1,922.65,2866.5,907.2,2877,905,2890.8,903.9
3-115,Uninfected,No_comment,Polygon,21,2741.65,957.5,2759.3,947.55,2775.9,942.55,2797.45,939.8,2815.6,942,2831.65,948.65,2838.85,963.55,2844.95,980.7,2844.4,1005.55,2838.85,1029.3,2824.5,1044.25,2801.3,1054.7,2776.95,1054.7,2756.55,1051.95,2740.5,1047,2725.05,1033.75,2717.8,1019.9,2712.3,1003.9,2710.15,990.65,2715.1,977.9,2725.6,966.85
3-116,Uninfected,No_comment,Polygon,18,3052.15,843.1,3060.95,843.65,3075.9,849.75,3089.1,861.35,3098.55,879,3098.55,905.55,3090.8,930.4,3076.45,947,3052.7,956.4,3028.9,954.7,3010.15,946.45,2996.3,930.95,2990.75,912.75,2990.25,890.6,2994.15,875.15,3005.75,859.15,3019.55,849.75,3031.7,844.75
3-117,Uninfected,No_comment,Polygon,21,2995.2,687.3,3017.85,686.75,3033.35,688.95,3052.15,703.3,3060.45,721.55,3066.5,738.7,3069.25,764.1,3063.2,783.45,3052.7,803.35,3034.95,816.6,3020.65,821,3001.8,823.75,2977.55,819.9,2959.85,806.1,2946.55,790.05,2941.6,770.15,2940,746.4,2946.05,725.4,2955.45,709.4,2967.6,696.15,2977.55,690.6
3-118,Uninfected,No_comment,Polygon,19,2549.65,1705.5,2557.85,1706.15,2570.3,1710.95,2584.75,1723.4,2594.4,1740.6,2599.3,1759.3,2599.95,1784.75,2591,1803.4,2573.1,1817.85,2546.2,1826.85,2522,1827.5,2504.1,1820.6,2486.85,1802.75,2477.85,1775.85,2478.55,1753.05,2486.2,1729.6,2500.65,1714.4,2517.85,1706.15,2535.1,1704.05
3-119,Uninfected,No_comment,Polygon,19,2656.5,1672.4,2666.2,1672.4,2682,1675.85,2699.95,1685.5,2717.2,1705.5,2720.65,1719.95,2720.65,1745.5,2713.75,1766.85,2694.4,1784.75,2671,1793.05,2651,1791.7,2633.1,1784.75,2619.95,1772.4,2609.65,1757.15,2605.45,1735.15,2604.75,1711.7,2615.1,1688.25,2631.65,1673.75,2644.1,1671.7
3-120,Uninfected,No_comment,Polygon,22,2533.7,1557.35,2546.3,1552.1,2559.45,1548.9,2581,1548.4,2595.8,1554.2,2607.35,1559.95,2621,1579.45,2624.75,1605.75,2624.2,1628.4,2615.8,1652.1,2601.55,1671,2586.3,1681.55,2568.4,1686.8,2546.3,1686.3,2527.85,1680.5,2508.9,1669.45,2497.35,1659.45,2485.8,1640.5,2487.35,1614.7,2493.15,1596.3,2506.3,1576.3,2518.4,1564.2
3-121,Uninfected,No_comment,Polygon,21,2735.25,1560.5,2746.8,1565.25,2757.85,1573.65,2771.55,1584.2,2786.3,1604.7,2789.45,1625.25,2784.75,1642.6,2774.2,1655.75,2759.95,1666.3,2741.55,1671,2721,1669.95,2703.15,1661,2691,1651.55,2679.95,1638.4,2671.55,1624.2,2667.35,1602.1,2673.15,1578.4,2683.15,1563.65,2695.25,1556.8,2712.05,1556.8,2723.7,1557.35
3-122,Uninfected,No_comment,Polygon,21,2804.2,1455.75,2815.8,1455.25,2834.2,1459.45,2848.9,1468.4,2859.95,1480.5,2869.45,1505.25,2873.15,1527.85,2871,1549.45,2862.65,1565.25,2840.5,1583.65,2823.7,1590.5,2802.65,1591,2785.8,1583.65,2766.8,1568.4,2755.8,1553.15,2749.45,1537.35,2747.35,1510.5,2751,1493.15,2764.2,1473.65,2781,1462.1,2792.05,1457.35
3-123,Uninfected,No_comment,Polygon,22,2563.7,1407.85,2575.25,1406.8,2591,1406.3,2605.8,1413.15,2615.25,1420.5,2624.75,1433.65,2631,1453.65,2631,1472.6,2622.05,1493.15,2608.4,1508.9,2593.7,1519.95,2579.45,1523.15,2557.35,1520.5,2542.05,1515.75,2528.9,1503.65,2522.65,1493.65,2518.4,1475.25,2518.4,1458.4,2524.2,1443.65,2532.05,1431,2539.95,1422.1,2550.5,1414.2
3-124,Uninfected,No_comment,Polygon,24,2340.5,1207.35,2351,1207.35,2367.8,1212.65,2378.85,1220,2389.4,1232.65,2394.15,1252.1,2399.4,1266.85,2411.55,1284.75,2414.7,1300.5,2412.05,1314.75,2405.75,1324.75,2395.75,1329.45,2381,1330.5,2364.7,1327.35,2341,1320.5,2325.25,1305.25,2311.55,1289.45,2296.75,1273.7,2288.35,1259.45,2285.75,1237.9,2289.4,1228.4,2300.5,1216.85,2314.7,1209.45,2324.7,1207.9
3-125,Uninfected,No_comment,Polygon,23,2449.9,1143.15,2465.25,1145.75,2482.05,1158.95,2488.85,1171.05,2493.1,1184.2,2493.65,1198.95,2488.85,1222.65,2477.8,1241.55,2471.55,1253.15,2467.3,1277.35,2462.05,1288.95,2452.05,1299.45,2442.05,1300.5,2429.9,1296.25,2421.55,1287.35,2412.05,1272.1,2406.25,1252.1,2399.4,1232.1,2395.25,1211.05,2396.75,1183.7,2407.3,1162.65,2426.75,1146.25,2439.9,1142.1
3-126,Uninfected,No_comment,Polygon,21,2344.7,1336.25,2354.7,1335.75,2376.25,1338.4,2392.6,1347.35,2404.7,1359.45,2411.55,1375.25,2413.1,1392.65,2411.55,1410.5,2399.9,1431.05,2388.85,1444.2,2369.4,1454.2,2353.1,1456.25,2333.1,1450.5,2320.5,1436.85,2311,1422.65,2306.75,1404.75,2305.25,1388.4,2306.75,1368.95,2315.75,1355.75,2328.35,1343.15,2335.75,1337.9
3-127,Uninfected,No_comment,Polygon,21,2243.65,1407.9,2256.75,1407.35,2268.85,1408.4,2285.25,1413.15,2299.9,1425.75,2309.9,1442.65,2323.1,1459.45,2327.3,1468.95,2324.15,1491.55,2316.25,1506.25,2302.6,1515.25,2286.75,1518.95,2258.35,1520,2240.5,1516.85,2220.5,1507.35,2204.7,1492.65,2195.75,1471.05,2195.75,1455.25,2203.65,1428.95,2216.25,1414.75,2226.75,1410
3-128,Uninfected,No_comment,Polygon,22,2492.6,1344.75,2513.65,1343.15,2525.75,1344.2,2541,1350.5,2551,1360,2556.75,1372.65,2556.25,1387.35,2545.75,1405.75,2535.75,1416.25,2521.55,1427.35,2506.25,1440,2489.4,1445.75,2468.85,1445.75,2451.55,1441.05,2439.4,1432.1,2432.05,1420.5,2429.4,1403.15,2434.7,1378.4,2443.65,1364.2,2457.8,1353.15,2469.4,1346.85,2477.8,1344.75
3-129,Uninfected,No_comment,Polygon,20,2610.5,1277.35,2622.05,1278.4,2641.55,1286.25,2651,1295.25,2659.4,1310,2662.05,1325.25,2660.5,1338.95,2654.15,1351.55,2637.8,1367.35,2622.6,1375.75,2607.8,1376.85,2591.55,1373.15,2575.25,1366.25,2563.65,1356.85,2556.75,1345.25,2554.15,1323.7,2561,1301.05,2573.65,1287.35,2588.35,1279.45,2597.8,1277.35
3-130,Uninfected,No_comment,Polygon,25,2558.85,1210,2569.9,1216.85,2581.55,1224.2,2596.25,1234.2,2603.1,1240,2607.3,1251.05,2605.25,1265.75,2596.3,1277.85,2575.25,1293.6,2554.7,1320,2543.65,1330.5,2526.25,1332.65,2504.7,1328.95,2489.4,1321.05,2480.5,1310,2475.25,1291.55,2476.75,1272.65,2486.25,1250.5,2497.8,1228.95,2507.3,1215.25,2521,1201.05,2525.25,1196.85,2533.65,1196.85,2541,1200,2546.25,1203.7
3-131,Uninfected,No_comment,Polygon,20,2661.55,1044.7,2674.7,1041.55,2694.7,1043.1,2716.3,1053.1,2727.35,1066.8,2737.85,1086.3,2737.85,1107.85,2731.05,1128.9,2717.35,1143.65,2702.1,1155.2,2684.7,1158.9,2664.2,1156.8,2647.85,1148.9,2637.35,1141,2625.75,1127.35,2621.05,1108.4,2621.05,1084.15,2630.5,1064.7,2642.6,1052.6,2650,1048.4
3-132,Uninfected,No_comment,Polygon,23,2802.6,1145.2,2815.25,1144.15,2832.1,1145.2,2849.45,1152.05,2863.15,1159.95,2877.85,1172.05,2891.05,1183.65,2902.6,1192.6,2909.45,1206.3,2907.35,1217.85,2900.5,1228.9,2885.75,1241.55,2857.85,1254.7,2827.35,1262.6,2808.4,1262.6,2791.05,1255.75,2774.2,1242.6,2766.3,1225.2,2761.55,1208.9,2762.6,1190.5,2768.95,1171.55,2778.4,1156.8,2790.5,1147.85
3-133,Uninfected,No_comment,Polygon,21,2735.75,1299.95,2751.05,1294.7,2766.8,1294.15,2792.1,1299.45,2801.05,1303.1,2812.1,1311.55,2823.15,1333.1,2823.65,1349.45,2819.45,1370.5,2806.3,1392.6,2786.8,1405.75,2764.2,1412.05,2739.45,1409.95,2720.5,1404.7,2703.65,1394.15,2695.25,1382.6,2690.5,1365.2,2693.15,1348.4,2702.1,1328.9,2716.3,1311,2723.65,1303.65
3-134,Uninfected,No_comment,Polygon,27,2567.85,1091,2579.45,1091,2591.55,1093.1,2602.6,1102.05,2612.1,1114.15,2620.5,1127.85,2631.55,1142.6,2646.8,1157.85,2654.7,1163.1,2668.4,1168.4,2675.75,1178.4,2680.5,1197.35,2679.45,1214.15,2671.05,1228.9,2661.05,1237.85,2645.75,1242.05,2631.55,1242.05,2616.8,1233.65,2603.65,1219.45,2592.1,1204.7,2580,1187.35,2570,1173.1,2562.1,1155.75,2556.3,1137.85,2551.55,1119.45,2552.1,1103.65,2556.3,1095.75
3-135,Uninfected,No_comment,Polygon,20,2924.2,1065.75,2934.2,1065.25,2950.5,1069.95,2963.65,1076.3,2975.25,1089.45,2982.1,1106.8,2985.25,1122.6,2985.75,1139.95,2979.45,1160.5,2962.1,1175.2,2935.25,1183.1,2915.75,1181.55,2895.75,1173.65,2880.5,1159.95,2869.45,1139.95,2869.45,1118.4,2876.8,1097.85,2886.8,1081,2898.4,1071,2908.95,1066.3
3-136,Uninfected,No_comment,Polygon,24,2897.85,1246.8,2914.2,1246.3,2926.8,1245.2,2937.35,1249.45,2953.15,1259.95,2964.7,1269.95,2967.35,1281,2965.75,1297.35,2960,1315.2,2952.1,1332.6,2947.35,1344.7,2939.45,1357.35,2928.95,1364.15,2913.15,1367.35,2895.25,1367.85,2880,1362.6,2868.4,1348.4,2861.05,1332.05,2858.4,1316.8,2860.5,1297.35,2866.3,1278.4,2875.25,1261.55,2883.15,1250.5,2888.95,1247.85
3-137,Uninfected,No_comment,Polygon,22,3037.85,1021.55,3055.75,1020.5,3067.85,1023.15,3080.5,1032.6,3090,1046.8,3097.85,1064.7,3100,1081,3098.4,1099.95,3092.6,1114.2,3077.35,1134.2,3058.4,1144.2,3039.45,1150.5,3016.3,1153.15,3004.7,1147.85,2997.35,1136.8,2996.3,1119.45,2993.65,1103.15,2987.85,1089.95,2988.4,1069.95,2998.4,1046.8,3011.55,1031.55,3023.15,1023.15
3-138,Uninfected,No_comment,Polygon,24,3059.45,1158.4,3073.15,1152.05,3087.85,1146.3,3102.6,1142.05,3116.3,1143.65,3132.6,1155.25,3142.1,1170.5,3150,1186.8,3153.15,1198.9,3152.6,1211,3145.25,1225.25,3127.35,1239.95,3111.05,1252.6,3095.75,1258.9,3082.1,1260.5,3067.35,1258.9,3045.25,1248.9,3030,1235.75,3022.6,1224.7,3016.3,1205.25,3016.3,1189.95,3023.65,1175.75,3035.25,1167.35,3048.4,1162.6
3-139,Uninfected,No_comment,Polygon,20,3012.6,1275.25,3032.6,1274.2,3044.7,1275.75,3062.6,1282.6,3074.2,1293.65,3084.2,1318.9,3085.75,1336.8,3079.45,1359.45,3060,1378.9,3042.1,1389.95,3023.65,1391.55,3007.85,1389.95,2990,1381,2977.85,1368.4,2970,1349.45,2969.45,1329.95,2975.25,1314.2,2984.2,1294.7,2991.55,1284.7,3000,1279.45
3-140,Uninfected,No_comment,Polygon,21,3318.95,1081.55,3337.85,1084.7,3353.65,1090.5,3367.85,1108.9,3375.25,1131,3375.75,1147.85,3372.1,1169.95,3361.55,1186.3,3345.25,1198.9,3328.95,1204.2,3312.6,1205.25,3293.65,1202.6,3278.95,1195.75,3265.75,1184.2,3258.95,1169.45,3256.8,1152.05,3256.8,1131,3262.1,1112.05,3273.15,1097.35,3284.7,1087.35,3301.55,1081.55
3-141,Uninfected,No_comment,Polygon,27,3164.7,1224.7,3181.55,1218.4,3194.7,1216.3,3214.2,1216.8,3229.45,1219.45,3236.3,1224.2,3242.1,1237.85,3242.1,1247.35,3238.95,1262.05,3229.45,1269.45,3215.25,1276.8,3203.15,1284.2,3191.55,1305.75,3184.7,1318.4,3181.55,1330.5,3175.25,1341.55,3161.05,1349.95,3145.75,1352.05,3130.5,1348.4,3118.95,1340.5,3108.4,1323.15,3106.3,1305.75,3108.95,1286.8,3116.8,1267.35,3126.3,1249.95,3137.35,1239.45,3152.1,1229.45
3-142,Uninfected,No_comment,Polygon,22,3265.25,1273.15,3280,1275.25,3295.25,1281.55,3307.85,1293.15,3320.5,1316.3,3321.55,1333.65,3316.8,1354.2,3307.85,1373.15,3290.5,1387.35,3273.15,1393.15,3256.8,1392.6,3238.95,1389.45,3219.45,1381,3207.35,1369.45,3198.95,1350.5,3197.35,1335.25,3198.4,1315.75,3205.25,1302.05,3217.35,1289.95,3230,1282.6,3243.65,1276.8,3252.1,1274.2
3-143,Uninfected,No_comment,Polygon,24,3212.1,1074.7,3225.75,1081.55,3235.75,1091.55,3241.55,1101,3242.1,1115.75,3239.45,1131.55,3241.05,1148.9,3244.7,1165.25,3247.35,1179.45,3241.55,1191,3226.8,1202.6,3208.4,1205.75,3192.1,1205.25,3175.75,1199.45,3166.8,1189.95,3160,1176.8,3156.3,1159.95,3155.25,1141.55,3157.85,1119.95,3166.8,1103.15,3177.85,1086.8,3186.3,1076.3,3197.35,1069.95,3203.65,1069.45
3-144,Uninfected,No_comment,Polygon,21,3434.7,1149.45,3444.2,1148.35,3458.95,1148.35,3474.2,1153.15,3486.3,1162.6,3495.25,1177.3,3496.8,1193.15,3492.6,1204.2,3479.45,1217.85,3462.1,1230.5,3442.6,1246.25,3425.25,1257.3,3404.2,1257.85,3388.4,1252.6,3375.75,1240.5,3370.5,1226.25,3372.6,1207.3,3382.1,1185.25,3392.6,1161.55,3405.25,1156.25,3417.85,1152.1
3-145,Uninfected,No_comment,Polygon,23,3523.15,1217.3,3543.15,1224.2,3559.45,1232.1,3573.15,1241.55,3582.1,1255.25,3585.75,1271.55,3585.75,1289.45,3577.85,1305.25,3561.55,1323.65,3544.2,1333.15,3523.15,1334.75,3503.15,1333.15,3483.65,1324.2,3475.25,1314.75,3466.3,1297.85,3458.95,1282.6,3455.25,1259.45,3459.45,1251.05,3473.65,1242.6,3487.35,1232.1,3499.45,1220,3507.85,1215.25,3513.65,1215.25
3-146,Uninfected,No_comment,Polygon,21,3631.05,1102.6,3641.05,1102.6,3654.2,1106.8,3665.25,1113.65,3671.05,1123.15,3676.8,1139.45,3676.8,1153.65,3672.1,1165.75,3665.25,1180,3658.95,1194.75,3652.6,1207.3,3634.7,1217.85,3616.8,1219.45,3599.45,1211.55,3582.1,1195.25,3574.2,1175.25,3572.1,1157.85,3577.85,1135.75,3594.2,1116.25,3611.55,1106.25,3616.8,1103.65
3-147,Uninfected,No_comment,Polygon,21,3552.1,1004.2,3566.3,1001.05,3585.25,998.95,3602.6,999.45,3613.65,1006.8,3621.55,1019.45,3624.2,1035.75,3624.7,1054.2,3618.95,1071.55,3603.65,1087.85,3586.3,1099.45,3564.2,1106.25,3543.15,1106.8,3524.7,1101.55,3508.4,1088.35,3500.5,1074.2,3497.85,1057.3,3503.65,1036.25,3511.55,1024.2,3526.3,1011.55,3538.4,1006.8
3-148,Uninfected,No_comment,Polygon,21,3313.7,940.5,3328.4,940,3340,940,3357.9,946.3,3370.5,958.4,3381.55,975.8,3385.8,994.25,3384.75,1023.7,3374.2,1044.75,3354.75,1057.35,3332.65,1065.3,3311.55,1064.25,3290.5,1054.25,3270.5,1040,3255.8,1025.8,3247.35,1008.95,3247.35,986.85,3253.7,973.2,3267.9,957.9,3286.3,946.85,3297.35,942.15
3-149,Uninfected,No_comment,Polygon,22,3525.8,885.8,3539.45,883.7,3556.85,883.7,3576.3,892.65,3592.65,906.85,3597.35,919.45,3596.3,932.15,3593.4,951.95,3592.1,976.85,3579.45,985.8,3554.2,991.6,3531.05,997.35,3511.05,1000,3489.45,998.4,3473.7,989.45,3461.05,974.25,3457.35,957.35,3463.15,931.6,3475.8,911.6,3487.9,900,3501.55,890.5,3511.05,886.3
3-150,Uninfected,No_comment,Polygon,21,3716.3,958.4,3728.95,957.35,3744.7,957.35,3760.5,963.1,3775.75,975.25,3789.45,990.5,3797.35,1006.8,3800.5,1022.6,3796.3,1048.4,3785.75,1062.05,3762.1,1072.05,3740,1073.1,3712.6,1066.8,3694.7,1055.25,3682.6,1039.95,3672.6,1021,3668.4,999.95,3673.65,984.2,3685.75,969.45,3695.25,962.05,3705.25,958.4
3-151,Uninfected,No_comment,Polygon,22,3723.15,1142.05,3737.35,1137.35,3761.05,1139.45,3776.3,1143.65,3790,1153.1,3796.8,1163.65,3801.05,1181,3802.6,1197.85,3798.95,1214.2,3788.95,1232.05,3773.15,1248.9,3753.15,1260.5,3730.5,1263.65,3706.85,1262.05,3688.95,1254.2,3676.85,1241,3671.05,1228.9,3671.05,1207.85,3676.3,1188.9,3685.75,1170.5,3694.7,1158.4,3706.3,1148.4
3-152,Uninfected,No_comment,Polygon,20,3884.2,1131,3898.4,1130.5,3916.8,1135.25,3929.45,1143.1,3943.65,1155.25,3955.75,1173.1,3960,1195.25,3959.45,1212.6,3953.15,1228.4,3939.45,1240.5,3926.8,1246.8,3907.35,1246.8,3884.7,1239.45,3862.6,1230.5,3845.25,1220.5,3832.1,1201,3828.95,1182.05,3836.3,1158.9,3850,1143.65,3866.8,1134.2
3-153,Uninfected,No_comment,Polygon,20,3986.3,1048.4,4005.25,1047.85,4030,1056.3,4044.2,1070.5,4056.3,1089.45,4060.5,1106.8,4060.5,1128.4,4055.75,1152.05,4044.7,1165.75,4024.7,1177.85,4003.15,1180.5,3986.8,1176.3,3965.75,1162.05,3948.95,1140.5,3934.7,1124.2,3924.2,1102.6,3931.05,1080.5,3945.25,1063.1,3959.45,1053.65,3971.55,1048.4
3-154,Uninfected,No_comment,Polygon,19,3875.75,932.05,3887.9,931,3907.9,932.6,3926.3,943.65,3935.75,955.25,3944.2,972.05,3947.35,993.65,3943.15,1014.2,3932.1,1033.65,3914.7,1043.65,3894.2,1046.3,3869.45,1044.2,3844.2,1033.65,3829.45,1011,3825.25,997.35,3824.7,973.1,3832.1,955.75,3845.25,943.15,3855.75,936.3
3-155,Uninfected,No_comment,Polygon,20,4062.6,896.8,4076.8,895.25,4093.1,895.25,4111,900.5,4124.7,909.95,4132.6,926.8,4137.3,947.85,4135.25,966.3,4127.3,988.4,4111,1005.25,4088.35,1016.3,4065.75,1017.85,4045.75,1016.8,4028.85,1008.4,4015.75,994.7,4012.05,977.35,4012.05,955.25,4020.5,929.45,4034.2,911.55,4046.8,901.55
3-156,Uninfected,No_comment,Polygon,21,3976.3,796.8,3986.3,790.5,3997.3,784.7,4016.8,784.7,4041,794.2,4053.1,808.9,4058.85,831,4061,849.95,4057.8,868.9,4047.8,883.65,4029.95,894.2,4002.6,899.95,3975.25,898.9,3960.5,891.55,3948.85,879.95,3940.5,868.4,3936.8,851.55,3936.8,838.4,3942.6,823.15,3953.65,811,3964.7,803.65
3-157,Uninfected,No_comment,Polygon,23,3933.65,672.6,3952.05,671.55,3971.55,672.1,3984.7,675.75,3995.25,683.65,4008.85,710.5,4007.8,734.7,4002.6,753.15,3988.35,769.95,3969.95,783.65,3951.55,798.9,3935.75,813.15,3921.55,822.1,3900.5,823.15,3878.85,818.4,3865.75,805.75,3862.6,787.85,3863.65,768.4,3870.5,745.25,3879.95,725.25,3888.35,708.4,3902.6,689.95,3914.7,678.4
3-158,Uninfected,No_comment,Polygon,20,3743.7,707.85,3755.8,709.45,3768.95,713.15,3777.9,724.2,3785.8,743.15,3789.45,762.1,3788.95,784.2,3777.35,809.95,3758.4,824.2,3742.6,827.35,3725.25,824.2,3708.4,815.25,3691.55,804.7,3677.9,788.9,3672.1,774.7,3675.8,754.2,3684.75,739.45,3700,726.8,3716.85,715.25,3727.35,710.5
3-159,Uninfected,No_comment,Polygon,24,3727.9,487.35,3740,492.6,3753.15,502.1,3767.35,517.85,3777.9,538.9,3781.55,552.1,3780,572.1,3775.25,592.1,3764.2,608.9,3748.95,621.55,3733.7,627.35,3716.3,627.85,3700,625.25,3686.85,616.8,3675.8,605.75,3664.2,589.45,3655.8,572.1,3652.1,552.6,3656.85,531.55,3667.35,514.7,3680.5,503.15,3692.1,495.25,3703.15,489.45,3712.1,487.85
3-160,Uninfected,No_comment,Polygon,21,3617.9,569.45,3629.45,575.25,3644.75,591,3655.8,602.1,3665.8,616.8,3670.5,633.15,3667.35,656.3,3657.35,674.2,3645.8,683.65,3625.8,688.4,3609.45,689.45,3594.2,682.6,3578.4,669.95,3570,654.7,3568.4,636.3,3568.4,615.75,3576.3,591.55,3587.35,574.7,3595.25,568.9,3604.2,566.8,3612.1,566.8
3-161,Uninfected,No_comment,Polygon,20,3538.95,700.5,3546.3,701,3566.3,711,3575.8,723.65,3582.1,739.45,3584.2,755.25,3578.4,782.1,3560.5,803.65,3538.95,815.25,3514.75,819.95,3498.95,816.8,3483.15,807.35,3468.95,791.55,3464.2,775.25,3464.2,752.6,3473.7,734.2,3490.5,714.7,3510.5,703.15,3520,698.9,3527.9,697.85
3-162,Uninfected,No_comment,Polygon,20,3475.25,493.65,3487.35,493.65,3500,495.75,3510,502.1,3521.05,512.6,3531.05,528.9,3536.85,553.65,3533.7,569.95,3520.5,586.3,3504.75,595.75,3484.2,598.9,3466.85,597.35,3449.45,591,3434.2,576.3,3425.25,561.55,3425.25,547.85,3428.95,527.85,3438.95,510.5,3450,498.9,3460.5,495.25
3-163,Uninfected,No_comment,Polygon,23,3416.85,624.2,3433.7,619.95,3447.35,619.45,3461.55,622.1,3474.75,628.4,3486.3,641.55,3490.5,655.25,3493.15,667.35,3490.5,685.25,3481.55,701,3465.8,719.45,3453.7,736.8,3436.85,747.85,3416.85,748.4,3401.05,742.1,3381.55,727.85,3369.45,712.6,3365.8,695.75,3365.8,679.95,3369.45,665.75,3380,648.4,3389.6,638.75,3403.7,627.85
3-164,Uninfected,No_comment,Polygon,20,3282.6,578.4,3292.05,583.1,3307.35,594.7,3322.05,608.9,3327.85,625.2,3329.4,646.3,3322.05,668.9,3303.1,688.9,3275.2,697.85,3257.35,695.2,3239.4,684.15,3229.4,671.55,3221.55,653.65,3216.85,633.65,3216.85,614.15,3223.65,599.95,3233.1,589.95,3246.25,580.5,3256.85,576.3,3267.85,575.75
3-165,Uninfected,No_comment,Polygon,20,3364.15,479.45,3377.35,479.45,3388.9,486.8,3400.45,503.1,3409.4,528.4,3410.45,559.45,3403.1,576.8,3389.4,590.5,3373.1,594.7,3353.1,596.8,3332.6,592.6,3314.15,578.9,3306.25,567.35,3302.05,549.95,3301,529.45,3305.2,507.85,3314.7,486.8,3323.1,481,3336.85,479.45,3349.95,478.9
3-166,Uninfected,No_comment,Polygon,21,3451,350.5,3458.9,352.05,3476.85,359.45,3485.75,372.05,3494.7,389.95,3498.9,409.45,3498.35,427.35,3494.15,443.1,3484.7,458.9,3468.9,469.95,3450.45,472.6,3433.1,470.5,3412.05,467.85,3399.95,461.55,3383.1,445.2,3373.1,428.9,3371,413.1,3378.9,393.1,3397.35,368.4,3420.45,354.15,3436.25,351
3-167,Uninfected,No_comment,Polygon,23,3151,462.05,3165.2,462.05,3182.05,465.75,3193.65,475.2,3202.05,486.8,3209.95,501,3212.6,524.15,3211,541.55,3199.95,567.35,3184.7,583.1,3168.9,588.9,3150.5,591,3135.75,588.4,3119.95,577.35,3106.85,565.2,3098.9,553.1,3095.75,539.45,3095.2,522.6,3097.85,502.05,3103.65,486.8,3113.1,479.95,3128.35,471,3137.35,465.75
3-168,Uninfected,No_comment,Polygon,25,3308.4,342.05,3326.3,342.05,3339.45,337.35,3352.1,331,3359.45,327.35,3370.5,328.9,3379.95,337.35,3384.2,348.4,3383.65,361,3374.2,377.85,3363.15,391,3347.85,408.4,3336.8,428.9,3315.75,440.5,3291.55,448.4,3271,447.85,3251,440.5,3237.85,428.9,3234.7,414.15,3234.2,392.6,3238.4,381.55,3251.55,365.2,3265.25,355.2,3278.4,347.35,3294.2,342.05
3-169,Uninfected,No_comment,Polygon,24,3339.95,231.55,3354.2,234.15,3367.35,238.4,3377.85,256.8,3379.45,275.2,3376.8,295.2,3366.8,312.6,3345.75,321.55,3323.15,328.9,3294.7,333.65,3276.3,330.5,3257.35,320.5,3244.2,300.5,3241.55,279.45,3240.5,258.9,3243.65,235.75,3249.45,216.8,3253.65,201,3264.7,198.4,3279.45,197.35,3293.65,199.95,3309.95,208.9,3322.6,218.9,3328.9,225.75
3-170,Uninfected,No_comment,Polygon,25,3045.25,264.2,3055.8,254.7,3066.85,249.45,3080,246.8,3095.25,249.45,3110.5,261.05,3117.35,273.15,3120.5,289.95,3120,306.8,3113.15,326.8,3103.15,343.15,3075.8,368.9,3056.3,392.6,3038.4,409.95,3023.15,422.6,3004.75,426.8,2998.95,417.85,2999.45,403.65,3006.3,386.8,3006.85,368.4,3003.65,344.2,3001.55,323.15,3008.95,302.6,3025.8,281.05,3034.2,272.6
3-171,Uninfected,No_comment,Polygon,20,3088.95,466.8,3100,464.7,3114.2,456.8,3126.3,445.8,3134.75,435.8,3142.1,422.1,3142.6,407.85,3137.35,396.3,3127.9,381.55,3111.05,362.1,3095.25,356.3,3080,363.65,3059.4,382.6,3045.25,399.5,3035.25,415.3,3034.2,428.4,3040,446.3,3051.05,458.9,3066.3,466.8,3077.35,469.95
3-172,Uninfected,No_comment,Polygon,24,3032.6,78.95,3042.05,80.5,3058.35,83.7,3075.75,87.35,3083.65,90,3090.5,101.05,3096.3,117.85,3104.7,134.75,3113.1,152.1,3115.75,171.55,3114.7,189.45,3105.75,200.5,3086.3,210.5,3065.25,211.55,3047.3,204.75,3029.45,193.7,3012.05,178.4,2999.95,160.5,2995.75,141.05,2998.85,113.7,3003.65,96.8,3009.95,84.75,3017.3,77.85,3022.6,77.35
3-173,Uninfected,No_comment,Polygon,22,3205.6,2442,3218.4,2440.95,3246.65,2447.65,3264.6,2456.85,3280.45,2471.75,3290.15,2492.25,3294.85,2511.75,3295.3,2529.7,3289.7,2549.15,3275.3,2567.1,3252.25,2576.35,3229.7,2574.8,3205.1,2567.1,3185.6,2554.3,3171.75,2535.85,3164.6,2520.95,3160.5,2501.5,3159.4,2485.05,3164.05,2469.7,3174.3,2457.4,3183.55,2447.65,3189.15,2445.05
3-174,Uninfected,No_comment,Polygon,23,3142.55,2590.7,3164.6,2591.2,3177.9,2593.8,3188.15,2599.95,3202.55,2610.7,3211.75,2622.5,3215.85,2638.9,3213.8,2655.85,3205.6,2674.3,3196.35,2694.8,3181.5,2709.15,3168.7,2715.85,3152.25,2718.9,3136.9,2715.85,3122,2708.15,3113.8,2696.35,3106.65,2677.4,3105.1,2660.45,3102.55,2643,3102.55,2627.65,3109.15,2609.15,3120.5,2595.35,3128.7,2592.25
3-175,Uninfected,No_comment,Polygon,24,3254.85,2655.85,3263.55,2655.85,3278.45,2661,3292.8,2673.8,3300.5,2687.65,3303.55,2702,3301,2722.55,3290.75,2750.15,3281,2774.85,3270.75,2790.15,3256.4,2795.85,3226.65,2794.85,3200.5,2786.65,3186.65,2777.4,3178.45,2760.5,3177.4,2743.55,3183.05,2728.7,3191.8,2718.4,3203.55,2709.15,3214.35,2695.35,3216.9,2684.05,3224.6,2670.15,3237.95,2659.45,3245.6,2656.9
3-176,Uninfected,No_comment,Polygon,23,3401.5,2616.9,3414.35,2615.35,3424.6,2614.85,3446.15,2618.95,3460,2626.65,3474.35,2638.45,3487.65,2654.85,3494.35,2671.2,3494.35,2689.15,3488.7,2704.05,3475.35,2719.95,3458.45,2727.65,3435.9,2729.7,3416.9,2728.1,3400.5,2721,3380.5,2708.1,3368.2,2693.8,3361,2679.45,3356.9,2659.95,3357.95,2644.05,3365.1,2630.75,3378.45,2622,3388.7,2619.45
3-177,Uninfected,No_comment,Polygon,23,3395.35,2491.75,3408.7,2489.15,3435.9,2487.65,3449.2,2489.15,3467.15,2497.4,3477.95,2507.65,3491.25,2523.55,3497.95,2538.45,3498.45,2559.95,3492.3,2576.35,3481.5,2591.2,3468.7,2598.45,3449.2,2599.45,3431.75,2596.35,3411.25,2586.05,3393.3,2575.35,3377.95,2564,3364.1,2549.7,3353.85,2536.9,3349.2,2520.5,3356.4,2510.75,3371.75,2500.5,3384.6,2495.85
3-178,Uninfected,No_comment,Polygon,26,3224.55,2796.35,3237.4,2797.4,3260.45,2798.4,3276.85,2802.5,3295.85,2815.85,3310.2,2832.75,3319.45,2840.95,3326.6,2851.2,3329.7,2866.1,3327.15,2875.85,3318.4,2882,3299.95,2883.55,3278.9,2886.6,3259.45,2894.8,3246.1,2907.65,3236.85,2914.8,3226.6,2914.8,3214.3,2907.1,3199.45,2894.8,3181,2880.95,3169.2,2863.55,3166.6,2842,3169.2,2819.95,3179.95,2805.05,3193.8,2797.9,3205.1,2795.85
3-179,Uninfected,No_comment,Polygon,24,3365.1,2727.65,3377.9,2730.7,3396.85,2736.85,3415.35,2744.05,3427.15,2755.85,3432.25,2773.8,3428.15,2790.2,3419.45,2802.5,3407.15,2815.85,3397.9,2832.25,3384.05,2847.1,3365.6,2850.7,3345.6,2844.55,3332.25,2837.4,3319.45,2827.1,3309.7,2814.3,3301,2799.45,3297.4,2774.8,3301.5,2761.5,3309.25,2749.15,3315.85,2736.35,3326.1,2728.65,3338.4,2726.6,3351.25,2724.55
3-180,Uninfected,No_comment,Polygon,22,3467.15,2801.5,3486.1,2804.55,3500.45,2810.7,3515.85,2820.45,3526.6,2834.8,3539.95,2853.8,3545.6,2870.7,3543.05,2897.9,3534.3,2917.4,3521.5,2924.55,3503.55,2927.1,3482,2924.05,3458.9,2917.4,3438.9,2906.6,3423.05,2891.75,3414.8,2876.85,3410.7,2856.35,3412.75,2835.85,3419.95,2820.45,3432.75,2809.7,3442,2804.05,3451.25,2801.5
3-181,Uninfected,No_comment,Polygon,21,3679.95,2433.3,3695.85,2435.85,3718.9,2442.05,3736.35,2455.35,3746.6,2474.85,3749.2,2496.9,3749.2,2523.05,3746.1,2540,3729.7,2553.3,3702.5,2557.9,3686.1,2556.4,3669.7,2545.6,3653.8,2533.8,3638.9,2518.95,3623.55,2500.5,3618.4,2489.7,3616.85,2463.05,3624.55,2450.75,3638.4,2440,3652.3,2433.8,3663.55,2432.8
3-182,Uninfected,No_comment,Polygon,21,3821,2486.15,3837.9,2490.75,3853.8,2496.4,3867.65,2506.65,3880.45,2525.1,3891.3,2548.2,3895.35,2565.6,3892.3,2585.6,3883.55,2599.95,3863.55,2608.7,3843.05,2611.75,3822.5,2609.2,3804.55,2599.95,3784.55,2588.2,3773.35,2571.25,3768.15,2547.65,3765.6,2525.6,3764.55,2506.15,3773.8,2495.35,3791.75,2487.15,3803.55,2486.15
3-183,Uninfected,No_comment,Polygon,30,3638.4,2350.75,3664.05,2350.25,3686.6,2348.2,3705.1,2348.2,3731.3,2353.8,3746.1,2360.5,3757.9,2371.25,3763.55,2383.05,3764.55,2402.55,3759.45,2417.9,3745.6,2431.25,3733.8,2434.85,3721,2433.8,3707.65,2428.7,3689.2,2423.55,3673.3,2422.05,3651.3,2425.6,3636.35,2428.2,3616.85,2424.1,3601.5,2416.4,3581,2404.1,3565.6,2393.3,3553.3,2386.65,3547.15,2376.9,3561,2368.7,3568.65,2360,3578.4,2355.35,3591.75,2351.75,3609.25,2347.65,3621,2348.2
3-184,Uninfected,No_comment,Polygon,20,3535.35,2405.6,3545.6,2407.15,3563.55,2414.85,3583.05,2429.2,3594.3,2439.45,3601,2451.25,3603.55,2460.5,3609.25,2484.1,3605.6,2503.55,3592.75,2517.4,3577.4,2523.55,3562.5,2524.1,3548.15,2519.45,3531.75,2510.75,3518.4,2497.4,3509.25,2482.55,3502,2458.95,3504.05,2443.55,3510.7,2421.5,3522,2409.7
3-185,Uninfected,No_comment,Polygon,20,3625.1,2543.55,3635.85,2545.1,3653.3,2550.75,3664.05,2557.4,3677.4,2571.25,3684.55,2594.85,3683.55,2616.9,3669.25,2633.8,3647.15,2646.65,3624.55,2648.7,3601,2644.1,3577.9,2627.65,3565.1,2611.75,3559.95,2594.85,3559.95,2577.9,3561.5,2559.95,3574.3,2547.15,3588.65,2540,3604.05,2538.95,3609.7,2538.95
3-186,Uninfected,No_comment,Polygon,20,3401.5,2339.45,3419.45,2344.05,3443.55,2351.75,3455.35,2365.6,3466.1,2385.05,3469.15,2405.6,3464.05,2431.75,3447.65,2448.15,3433.3,2453.8,3414.8,2454.3,3396.35,2449.7,3375.85,2439.45,3362.5,2426.6,3351.75,2407.65,3347.1,2391.75,3346.1,2375.35,3350.7,2357.4,3359.95,2347.65,3372.75,2342.5,3384.05,2340.45
3-187,Uninfected,No_comment,Polygon,20,3164.05,2274.8,3176.35,2273.3,3191.75,2274.8,3210.2,2279.45,3220.95,2285.05,3232.75,2299.95,3237.4,2312.25,3239.45,2337.9,3233.3,2364.55,3219.95,2381.5,3200.95,2392.25,3177.4,2396.85,3159.45,2395.35,3139.45,2384.55,3125.05,2371.2,3118.4,2351.75,3117.4,2325.05,3122,2305.05,3134.8,2287.1,3148.65,2278.9
3-188,Uninfected,No_comment,Polygon,22,3250.2,2025.6,3263.55,2025.6,3286.15,2031.25,3300.45,2038.4,3314.9,2053.3,3322.05,2076.85,3321.5,2093.3,3310.2,2111.25,3294.9,2126.1,3283.55,2141,3269.2,2155.35,3246.15,2162.5,3224.1,2159.45,3204.6,2150.7,3190.2,2138.4,3182.55,2118.95,3183.1,2101,3187.65,2070.7,3195.35,2050.7,3209.2,2037.4,3222.05,2029.2,3235.35,2026.1
3-189,Uninfected,No_comment,Polygon,20,3339.45,2127.15,3355.9,2129.2,3371.25,2136.85,3385.15,2149.2,3398.4,2168.15,3403.1,2187.15,3403.1,2206.1,3398.4,2222.5,3377.4,2239.45,3359,2244.55,3336.35,2245.1,3321.05,2240.45,3301.05,2228.15,3287.2,2210.2,3282.55,2192.25,3284.1,2167.15,3289.7,2150.7,3301.5,2135.35,3314.9,2127.15,3326.15,2125.6
3-190,Uninfected,No_comment,Polygon,18,3359,1945.6,3380.45,1945.6,3396.95,1951.25,3411.75,1959.45,3422.5,1978.95,3425.15,1996.9,3424.6,2012.75,3416.95,2031.25,3401.05,2048.15,3382.5,2053.8,3361.5,2053.8,3344.1,2047.15,3324.1,2032.25,3314.3,2013.3,3311.75,1992.25,3314.9,1972.25,3325.15,1956.9,3337.95,1948.65
3-191,Uninfected,No_comment,Polygon,18,3033.3,1911.75,3044.1,1911.75,3061.05,1915.9,3073.3,1922.5,3087.65,1935.35,3092.85,1956.9,3092.85,1976.35,3083.55,1991.25,3070.2,2002.5,3051.8,2009.2,3035.9,2009.2,3014.9,2002,3001.05,1992.75,2988.7,1979.45,2983.1,1955.35,2989.2,1935.9,3000.5,1921.5,3012.25,1914.3
3-192,Uninfected,No_comment,Polygon,23,3113.3,1991.25,3125.15,1989.7,3141.5,1992.75,3153.85,2000.45,3168.7,2014.3,3177.95,2033.8,3179.45,2048.15,3176.95,2065.6,3173.3,2081.5,3172.25,2096.85,3169.2,2113.8,3158.4,2127.15,3139,2135.85,3125.6,2134.3,3112.25,2124.55,3097.4,2109.2,3086.65,2093.3,3076.35,2074.3,3070.2,2059.45,3068.7,2038.95,3076.95,2022,3088.7,2005.6,3100.5,1995.35
3-193,Uninfected,No_comment,Polygon,22,3046.15,2118.95,3057.4,2120.45,3074.3,2123.05,3101.05,2134.8,3111.25,2144.55,3121.05,2156.85,3125.6,2169.2,3126.65,2186.6,3123.1,2205.1,3108.2,2222,3084.1,2235.35,3063.55,2240.45,3040.5,2237.95,3024.6,2230.2,3010.8,2222.5,3001.5,2207.65,2999,2192.75,2999,2171.25,3002.55,2150.7,3012.85,2134.3,3023.55,2124.55,3031.25,2121
3-194,Uninfected,No_comment,Polygon,19,2912.8,2126.15,2922.05,2125.6,2937.4,2125.6,2958.4,2130.25,2973.8,2145.6,2981.5,2161,2984.1,2180,2981.05,2203.05,2971.75,2219.45,2955.85,2232.8,2933.3,2237.4,2908.65,2233.3,2887.65,2218.95,2877.9,2205.1,2872.8,2188.2,2873.8,2168.7,2878.4,2149.7,2885.6,2137.4,2897.4,2129.7
3-195,Uninfected,No_comment,Polygon,20,2687.15,1922.05,2707.65,1919.45,2726.1,1918.95,2746.6,1926.65,2759.45,1934.35,2772.8,1950.25,2782.05,1975.35,2781.05,1997.4,2769.2,2019.45,2751.25,2035.85,2736.35,2040.5,2710.75,2041,2699.45,2036.4,2677.4,2024.6,2664.1,2010.75,2659,1996.4,2655.35,1973.8,2656.95,1956.4,2666.1,1937.4,2673.8,1928.2
3-196,Uninfected,No_comment,Polygon,20,2870.2,1938.95,2884.1,1939.45,2909.2,1946.65,2921.5,1956.4,2930.75,1974.85,2934.85,1994.85,2934.3,2014.85,2927.15,2034.85,2914.3,2050.75,2893.8,2062.55,2876.9,2064.6,2861.5,2060.5,2839.45,2046.65,2827.65,2032.3,2821.5,2013.8,2820.45,1996.9,2822.5,1976.9,2833.3,1956.4,2845.15,1945.1,2855.35,1938.95
3-197,Uninfected,No_comment,Polygon,20,2773.3,2171.25,2785.6,2169.7,2800.45,2169.7,2813.3,2175.35,2824.55,2185.1,2833.3,2196.4,2839.45,2215.85,2840.45,2232.3,2834.3,2256.9,2822.05,2273.8,2805.1,2284.1,2787.65,2287.65,2768.65,2281.5,2750.2,2271.75,2735.35,2255.85,2728.15,2240.5,2727.15,2216.4,2733.8,2201.5,2749.2,2181.5,2757.9,2175.85
3-198,Uninfected,No_comment,Polygon,19,2499.95,2139.45,2509.7,2138.95,2525.1,2142.05,2536.85,2148.2,2550.7,2157.95,2559.95,2173.85,2567.65,2197.95,2566.6,2219.45,2558.9,2237.95,2543.05,2255.35,2525.6,2261,2506.6,2257.4,2487.15,2248.7,2466.1,2230.75,2454.3,2209.75,2452.25,2186.65,2457.9,2165.65,2469.2,2154.35,2480.45,2144.1
3-199,Uninfected,No_comment,Polygon,23,2601,2089.75,2611.75,2088.2,2626.6,2088.2,2641,2091.25,2654.8,2100.5,2665.1,2114.35,2672.25,2124.6,2675.85,2143.6,2670.2,2160,2661,2179.45,2647.15,2196.9,2632.75,2210.25,2617.9,2215.9,2605.6,2213.85,2592.25,2205.65,2579.95,2191.25,2575.35,2172.8,2567.65,2157.95,2561.5,2146.65,2562,2125.1,2570.7,2109.75,2579.95,2099.45,2588.15,2094.85
3-200,Uninfected,No_comment,Polygon,26,2665.1,2188.7,2672.75,2175.9,2682,2162.55,2693.3,2153.3,2699.95,2143.05,2705.6,2136.9,2711.75,2137.4,2716.85,2141.5,2718.4,2155.9,2723.05,2169.75,2727.65,2178.95,2725.6,2193.3,2722.5,2211.8,2721.5,2233.3,2724.05,2253.85,2726.1,2266.65,2713.8,2285.65,2695.85,2291.25,2670.7,2289.75,2650.2,2285.1,2640.45,2273.3,2631.75,2256.9,2628.65,2239.45,2635.85,2221,2648.65,2207.7,2658.9,2196.4
3-201,Uninfected,No_comment,Polygon,19,2278.95,1958.4,2303.55,1959.45,2318.95,1960.95,2334.85,1972.25,2343.55,1984.55,2347.65,1998.4,2349.2,2015.35,2345.6,2033.3,2334.85,2047.65,2317.4,2061.5,2298.4,2067.1,2275.85,2068.15,2253.3,2059.95,2238.4,2045.05,2229.7,2025.6,2231.75,2002,2239.95,1983,2251.25,1971.75,2261.5,1965.6
3-202,Uninfected,No_comment,Polygon,20,2396.35,1883.55,2408.15,1886.6,2423.55,1894.3,2439.45,1905.05,2448.65,1916.85,2452.25,1938.4,2448.65,1955.85,2437.4,1977.9,2423.55,1988.65,2405.1,1994.3,2388.65,1994.3,2372.75,1987.65,2357.9,1975.85,2352.25,1963,2345.1,1948.15,2344.05,1926.6,2350.2,1906.1,2357.9,1896.35,2368.65,1887.65,2378.4,1884.05
3-203,Uninfected,No_comment,Polygon,21,2200.45,1824.55,2208.15,1822,2223.05,1822,2236.9,1826.1,2252.8,1831.25,2261.5,1837.4,2272.75,1851.25,2274.85,1874.3,2268.65,1892.75,2257.9,1909.15,2236.35,1920.45,2215.35,1930.2,2192.25,1930.2,2168.15,1919.45,2155.35,1903,2150.7,1886.6,2151.75,1868.65,2158.4,1851.75,2166.6,1839.45,2177.9,1831.25,2186.6,1827.65
3-204,Uninfected,No_comment,Polygon,21,2102.5,1917.4,2114.3,1915.85,2127.15,1916.85,2142.5,1923,2153.3,1934.3,2162.5,1949.15,2168.65,1969.7,2168.15,1991.75,2156.9,2010.7,2143.05,2025.6,2127.15,2033.3,2109.7,2035.85,2090.7,2030.7,2074.3,2021.5,2062.5,2010.2,2053.8,1990.2,2050.7,1976.35,2052.25,1960.45,2057.9,1939.45,2067.65,1930.7,2082.5,1922
3-205,Uninfected,No_comment,Polygon,22,2068.15,1826.1,2080.95,1824.6,2094.8,1824.6,2114.8,1831.25,2126.6,1840.45,2134.8,1854.9,2138.4,1873.85,2137.4,1891.8,2133.8,1911.8,2117.9,1927.7,2095.35,1933.85,2072.3,1937.4,2050.2,1937.95,2033.3,1934.9,2018.4,1923.05,2018.4,1908.15,2020.45,1892.85,2022.5,1872.85,2025.6,1856.9,2033.8,1843.6,2044.05,1833.3,2052.25,1828.15
3-206,Uninfected,No_comment,Polygon,21,1945.05,1809.2,1957.4,1808.75,1971.25,1811.8,1986.1,1819.95,1996.85,1832.25,2003.55,1848.75,2007.65,1866.7,2008.65,1887.15,2006.1,1905.1,1998.4,1921,1985.05,1931.8,1965.05,1934.9,1948.65,1934.3,1933.3,1927.15,1922.5,1915.9,1914.3,1898.95,1906.6,1881.5,1904.55,1854.9,1910.7,1834.3,1921.5,1821,1930.2,1814.3
3-207,Uninfected,No_comment,Polygon,21,1845.05,1858.95,1856.35,1858.95,1871.75,1861,1882,1867.15,1893.3,1881,1901.5,1896.95,1908.15,1913.85,1912.25,1927.15,1912.75,1943.05,1907.1,1956.95,1893.3,1968.75,1879.45,1974.3,1863.55,1975.35,1846.6,1968.15,1829.2,1955.9,1817.9,1941,1807.1,1924.05,1803.55,1903.6,1804.05,1884.05,1811.25,1873.85,1825.6,1864.6
3-208,Uninfected,No_comment,Polygon,20,1861.5,1691.8,1876.35,1691.25,1892.75,1693.3,1909.15,1699.45,1924.55,1712.25,1933.8,1730.8,1936.35,1751.8,1930.7,1771.8,1919.45,1790.8,1898.4,1804.6,1875.85,1810.2,1854.3,1810.2,1836.35,1803.05,1816.35,1785.1,1808.65,1770.2,1806.6,1746.1,1810.7,1730.8,1820.45,1715.35,1831.75,1703.6,1846.1,1694.9
3-209,Uninfected,No_comment,Polygon,23,1757.9,1953.25,1771.8,1953.25,1789.2,1955.3,1811.25,1961.5,1824.05,1967.65,1844.05,1979.9,1852.85,1985.05,1860.5,1999.45,1861,2016.3,1851.25,2041.5,1823.05,2071.75,1799.95,2079.45,1769.7,2080.95,1747.15,2075.85,1722.55,2064.6,1699.95,2046.65,1683.05,2026.05,1675.9,2010.75,1676.9,1990.75,1685.1,1976.3,1699.95,1967.1,1723.05,1957.4,1734.9,1955.3
3-210,Uninfected,No_comment,Polygon,22,1945.6,1973.25,1960.45,1974.85,1979.95,1982.55,1994.9,1989.7,2005.6,2004,2013.3,2018.9,2017.4,2038.35,2014.9,2056.3,2005.1,2072.2,1990.2,2082.55,1972.25,2087.1,1953.3,2088.1,1935.9,2084.6,1917.4,2075.85,1899.45,2065.6,1888.7,2052.2,1883.05,2037.9,1878.95,2019.9,1881,2005.05,1890.8,1994.25,1911.8,1981.95,1930.2,1975.3
3-211,Uninfected,No_comment,Polygon,20,1768.7,2133.25,1782,2128.1,1801,2125.05,1817.4,2125.05,1831.8,2128.1,1845.6,2134.85,1858.95,2155.3,1862,2170.75,1858.95,2189.15,1847.65,2211.75,1829.2,2226.65,1801.5,2235.3,1779.95,2234.85,1765.1,2229.7,1752.25,2218.95,1744.6,2205.05,1741,2186.05,1738.95,2169.15,1745.1,2152.2,1756.9,2138.95
3-212,Uninfected,No_comment,Polygon,21,1989.7,2114.25,1998.4,2112.8,2009.7,2112.2,2018.95,2114.25,2029.7,2120.45,2040.45,2132.8,2046.65,2148.1,2047.15,2169.15,2043.55,2190.15,2037.4,2210.15,2026.1,2221.95,2004.05,2230.15,1984.05,2232.2,1970.2,2228.7,1951.25,2218.95,1941,2205.6,1935.9,2189.15,1937.95,2164,1946.1,2143,1963.05,2124.6,1974.9,2118.35
3-213,Uninfected,No_comment,Polygon,18,2156.35,2145.6,2168.15,2145.6,2182,2150.15,2194.3,2159.95,2205.6,2187.65,2210.2,2208.7,2206.65,2231.2,2199,2245.05,2176.95,2256.9,2161.5,2257.9,2139.45,2251.2,2118.4,2236.9,2107.65,2219.95,2103.55,2194.85,2106.65,2174.85,2120.45,2154.25,2134.9,2147.1,2141.5,2145.6
3-214,Uninfected,No_comment,Polygon,20,2272.8,2110.25,2280.95,2109.75,2292.8,2111.8,2305.6,2119.5,2315.85,2127.7,2323,2142.05,2323.55,2160,2320.95,2177.95,2311.2,2199.45,2296.9,2211.25,2277.9,2217.4,2259.45,2217.95,2245.05,2214.35,2230.75,2206.15,2220.95,2194.85,2214.35,2177.4,2213.3,2150.75,2220.95,2132.8,2238.95,2116.9,2254.85,2111.8
3-215,Uninfected,No_comment,Polygon,27,2224.3,1695.8,2235.05,1696.85,2250.1,1700.6,2267.85,1710.85,2279.2,1727.5,2291,1742,2303.9,1752.75,2313.05,1759.75,2323.25,1774.25,2324.85,1787.7,2321.65,1802.7,2314.15,1815.65,2303.4,1825.35,2291,1829.1,2280.25,1829.65,2262.5,1823.75,2248.5,1815.15,2230.75,1810.3,2209.85,1800.55,2193.65,1784.5,2182.9,1768.9,2180.25,1743.65,2179.7,1724.2,2186.15,1709.2,2194.75,1697.95,2204.4,1694.7,2212.5,1694.7
3-216,Uninfected,No_comment,Polygon,22,2330.25,1642,2346.95,1638.8,2365.2,1639.25,2384.55,1645.25,2395.85,1654.9,2404.45,1668.35,2409.25,1680.2,2409.8,1697.4,2402.8,1718.85,2395.3,1735,2380.25,1749.55,2363.55,1756.55,2344.8,1758.7,2332.4,1757.6,2316.3,1749,2304.45,1738.8,2291.55,1723.2,2285.6,1705.45,2285.6,1680.2,2293.15,1666.75,2302.8,1655.45,2310.9,1650.05
3-217,Uninfected,No_comment,Polygon,23,2290.5,1550.05,2302.3,1538.8,2319.5,1529.1,2336.7,1527.5,2349.6,1530.7,2361.4,1539.85,2369,1549.55,2374.35,1563.5,2375.95,1582.85,2373.3,1600,2362.5,1616.75,2345.85,1623.75,2326.45,1629.65,2304.95,1637.1,2288.85,1642.55,2270,1645.7,2253.4,1646.85,2244.2,1642.55,2236.7,1626.4,2237.8,1615.15,2245.3,1595.7,2261.4,1573.75,2277.05,1559.75
3-218,Uninfected,No_comment,Polygon,19,2135.65,1519.95,2147.45,1518.9,2160.35,1519.35,2175.95,1526.4,2188.85,1540.95,2195.8,1554.9,2197.45,1573.75,2194.25,1594.65,2182.9,1611.35,2165.7,1623.2,2139.35,1631.75,2120.55,1629.1,2102.25,1617.8,2090.45,1602.15,2086.65,1587.15,2085.65,1565.05,2093.15,1546.85,2109.8,1529.65,2122.15,1522.65
3-219,Uninfected,No_comment,Polygon,22,2557.65,1835.05,2567.85,1831.25,2582.9,1826.45,2602.8,1826.45,2617.3,1829.65,2627,1836.6,2635.05,1849.55,2640.95,1867.85,2642.6,1883.35,2638.8,1899,2632.35,1916.2,2615.15,1934.5,2587.75,1942.55,2559.25,1944.7,2543.1,1940.95,2523.2,1932.9,2511.95,1920.45,2508.15,1902.8,2508.7,1885.5,2515.15,1867.3,2524.85,1852.25,2538.8,1841.5
3-220,Uninfected,No_comment,Polygon,25,2428.6,1738.25,2440.95,1739.85,2460.3,1748.45,2468.9,1755.95,2476.45,1763,2488.35,1780.75,2505.05,1806,2516.25,1826.45,2516.75,1849.55,2508.7,1868.9,2496.85,1890.4,2486.65,1900.1,2469.45,1899.55,2454.4,1895.25,2443.1,1886.1,2424.85,1874.8,2408.7,1867.3,2391.5,1848.45,2382.35,1824.3,2376.95,1807.6,2378.6,1788.8,2386.1,1771.6,2395.8,1759.15,2406,1749,2415.15,1740.95
3-221,Uninfected,No_comment,Polygon,21,2873.25,1685.55,2885.1,1685,2896.9,1686.1,2913.05,1694.15,2923.8,1701.7,2930.8,1713.5,2937.25,1729.65,2939.9,1750.6,2938.3,1769.4,2930.25,1788.25,2911.95,1803.85,2887.25,1810.3,2865.75,1807.05,2849.6,1796.85,2833.45,1778.55,2825.4,1766.2,2822.7,1744.15,2823.25,1725.85,2834,1707.6,2842.05,1697.35,2856.6,1689.3
3-222,Uninfected,No_comment,Polygon,22,3021.65,1665.1,3034.55,1664.6,3058.2,1671.55,3070.6,1679.1,3085.1,1695.75,3092.1,1709.75,3094.25,1733.95,3093.15,1751.7,3087.25,1765.65,3070.05,1776.95,3053.35,1780.15,3035.65,1778,3016.8,1771.55,2998,1762.45,2984.55,1750.6,2977.55,1736.1,2975.95,1718.35,2975.95,1700.05,2981.3,1687.15,2992.6,1673.7,3002.3,1667.8,3009.8,1665.65
3-223,Uninfected,No_comment,Polygon,23,3043.15,1796.85,3057.15,1795.75,3077.05,1797.4,3094.25,1802.2,3105.5,1811.9,3116.8,1832.35,3119.5,1847.9,3115.2,1873.2,3107.15,1888.8,3093.7,1897.4,3076.5,1903.3,3057.65,1902.2,3038.3,1896.85,3023.25,1891.45,3008.2,1886.1,2992.6,1873.75,2988.3,1864.05,2986.7,1845.75,2992.6,1829.65,3000.15,1815.65,3009.8,1804.9,3020.55,1799,3027.55,1797.4
3-224,Uninfected,No_comment,Polygon,22,3014.1,1532.85,3030.25,1539.3,3044.25,1547.9,3055.5,1561.9,3065.75,1575.85,3072.75,1591.45,3075.95,1607.6,3074.9,1621.55,3065.75,1633.95,3048.55,1642.55,3032.4,1643.05,3015.2,1639.3,2996.9,1632.85,2974.85,1619.95,2960.9,1602.2,2952.3,1589.3,2946.9,1573.15,2953.35,1554.35,2962.5,1543.05,2975.95,1530.7,2987.25,1526.4,2997.45,1526.95
3-225,Uninfected,No_comment,Polygon,22,3145.85,1508.65,3159.3,1507.05,3174.9,1509.75,3190.5,1515.1,3200.7,1529.1,3204.45,1545.2,3204.45,1561.9,3200.15,1578,3187.25,1591.45,3175.95,1604.35,3167.35,1618.35,3158.2,1625.85,3141,1627.5,3120.6,1622.1,3108.75,1612.95,3098,1597.35,3092.1,1586.1,3092.1,1573.15,3095.3,1556.5,3102.3,1535,3111.45,1523.15,3127.05,1512.95
3-226,Uninfected,No_comment,Polygon,20,3232.4,1579.65,3246.95,1579.1,3264.15,1582.85,3277.05,1589.85,3288.35,1602.2,3294.25,1616.2,3298.55,1635.55,3296.4,1656.5,3287.25,1669.95,3270.6,1680.7,3250.7,1685.55,3232.4,1683.95,3217.9,1675.85,3206.05,1668.35,3195.3,1658.1,3186.15,1639.3,3186.15,1621.05,3193.7,1604.35,3204.45,1590.9,3215.75,1583.95
3-227,Uninfected,No_comment,Polygon,21,3186.2,1803.3,3207.15,1805.45,3221.15,1812.45,3234.05,1824.8,3243.7,1840.9,3249.15,1861.35,3249.15,1882.3,3241.55,1903.3,3227.05,1921.55,3203.4,1934.5,3188.85,1936.1,3173.3,1933.95,3158.2,1928.6,3143.7,1918.9,3133.55,1903.85,3129.75,1882.9,3130.8,1864.6,3135.65,1837.7,3148,1817.8,3163.6,1807,3171.7,1804.85
3-228,Uninfected,No_comment,Polygon,28,3337.8,1837.7,3349.1,1838.25,3363.6,1841.95,3374.35,1847.95,3385.1,1855.45,3395.35,1869.45,3407.7,1884.45,3419.55,1895.25,3426,1901.15,3428.65,1916.75,3423.3,1930.75,3414.15,1940.4,3407.15,1940.95,3390.5,1937.2,3377.65,1932.9,3367.4,1930.75,3349.65,1929.65,3338.4,1933.35,3327.65,1936.1,3310.4,1933.95,3295.35,1929.65,3280.8,1922.15,3274.35,1909.25,3274.35,1893.65,3279.75,1873.75,3289.4,1856,3303.95,1844.1,3316.3,1839.35
3-229,Uninfected,No_comment,Polygon,20,3454,1782.85,3467.4,1782.35,3484.05,1783.95,3504.5,1789.85,3517.4,1800.55,3528.15,1818.35,3531.9,1841.95,3529.2,1864.05,3518.45,1882.9,3502.35,1894.7,3474.9,1900.1,3458.3,1897.95,3436.2,1888.25,3417.4,1874.8,3406.65,1862.45,3395.85,1842.55,3396.4,1825.9,3406.1,1805.45,3420.1,1793.65,3436.2,1785.05
3-230,Uninfected,No_comment,Polygon,23,3374.4,1578,3394.25,1575.85,3415.8,1574.25,3432.45,1574.8,3448.05,1576.4,3458.8,1585,3463.65,1605.4,3463.1,1619.4,3454.5,1631.25,3437.8,1642,3424.9,1656.5,3415.8,1669.95,3401.85,1679.6,3378.7,1683.9,3363.1,1679.6,3345.85,1673.15,3328.15,1662.95,3321.2,1653.8,3317.9,1635,3323.85,1611.35,3333,1593.05,3344.25,1585,3359.3,1580.15
3-231,Uninfected,No_comment,Polygon,22,3563.15,1580.15,3572.8,1581.75,3585.15,1582.85,3601.8,1586.6,3614.2,1592.5,3631.35,1609.7,3641.05,1628,3642.15,1644.15,3634.6,1666.7,3623.85,1678.55,3603.4,1688.75,3583.55,1691.45,3567.45,1690.35,3550.7,1686.05,3533,1678.55,3519.6,1666.2,3510.95,1648.45,3508.8,1629.6,3513.1,1609.7,3524.4,1592.5,3534.65,1585.55,3545.9,1581.75
3-232,Uninfected,No_comment,Polygon,29,3616.85,1705.45,3636.2,1707.6,3650.75,1708.1,3670.6,1716.7,3685.2,1724.8,3702.9,1737.15,3715.25,1747.35,3723.85,1761.35,3723.3,1773.7,3715.25,1790.9,3701.3,1799,3686.2,1800.6,3665.8,1794.7,3648.6,1789.3,3623.85,1782.85,3611.5,1782.85,3597.5,1786.1,3583.55,1785,3572.25,1779.65,3558.25,1774.25,3545.35,1773.15,3533,1768.35,3534.05,1752.2,3536.2,1737.7,3544.8,1726.95,3558.25,1717.8,3572.8,1710.25,3588.9,1709.2,3598.6,1708.1
3-233,Uninfected,No_comment,Polygon,28,3451.25,1650.05,3458.8,1642,3468.45,1637.7,3482.5,1635.55,3493.75,1637.7,3501.8,1645.2,3507.15,1661.9,3519.6,1673.15,3529.25,1678.55,3540,1685,3544.3,1692,3542.15,1706.5,3532.5,1719.4,3523.9,1729.1,3513.6,1740.9,3503.95,1750.6,3490,1758.1,3477.6,1757.6,3462,1753.3,3450.75,1746.3,3438.35,1740.4,3427.05,1734.45,3416.9,1728,3413.1,1714.55,3415.25,1700.6,3421.7,1684.45,3430.8,1668.85,3443.25,1657.05
3-234,Uninfected,No_comment,Polygon,22,3636.7,1930.75,3648.55,1927.55,3670.05,1924.25,3686.7,1922.65,3702.85,1923.75,3714.15,1927.55,3725.45,1939.4,3732.4,1953.35,3734.55,1968.35,3732.95,1982.95,3722.2,1999.55,3706.1,2008.7,3670.05,2013,3639.4,2016.2,3620.05,2016.2,3599.1,2008.2,3587.75,1999.05,3585.1,1983.4,3584.55,1964.65,3589.4,1953.35,3605,1940.95,3617.9,1935.55
3-235,Uninfected,No_comment,Polygon,23,3709.8,2018.95,3733.5,2019.45,3748,2026.5,3763.05,2039.35,3774.35,2051.15,3779.75,2066.8,3779.75,2082.9,3779.2,2102.85,3766.85,2122.65,3741.55,2132.4,3714.7,2133.95,3689.4,2130.75,3669,2124.8,3647.45,2113,3636.2,2099.6,3631.35,2082.35,3629.75,2063.6,3634.55,2046.3,3644.25,2030.2,3656.6,2021.1,3670.55,2017.3,3685.65,2017.3,3694.8,2017.9
3-236,Uninfected,No_comment,Polygon,25,3773.3,1804.9,3788.35,1807.05,3806.6,1809.8,3824.35,1819.5,3836.2,1827,3848.55,1839.3,3855,1849.55,3859.85,1862.45,3862.55,1876.4,3861.45,1892.6,3850.7,1909.2,3828.15,1925.9,3810.9,1934,3794.25,1937.7,3775.45,1937.25,3758.75,1931.85,3741.55,1919.95,3730.8,1905.5,3725.45,1880.7,3725.45,1859.2,3725.95,1832.4,3732.4,1816.25,3743.2,1808.7,3753.95,1804.9,3763.6,1804.35
3-237,Uninfected,No_comment,Polygon,22,3619,1791.45,3628.65,1789.9,3642.1,1789.3,3657.7,1792,3677.6,1800.05,3690.5,1807.05,3703.95,1820.55,3713.05,1840.45,3714.15,1860.9,3712.55,1882.35,3707.7,1895.85,3697.5,1906,3677.05,1904.9,3654.45,1899.05,3636.7,1893.1,3616.3,1887.15,3596.4,1874.85,3587.75,1854.9,3585.65,1837.15,3586.2,1819.95,3591,1802.75,3599.6,1796.85
3-238,Uninfected,No_comment,Polygon,27,3529.7,1996.3,3544.25,1998.45,3568.45,2007.05,3586.2,2014.65,3601.75,2023.25,3609.3,2028.65,3618.45,2041.5,3618.45,2054.4,3618.45,2065.75,3619,2079.7,3621.65,2091.5,3619.5,2105,3612.5,2113,3599.1,2118.35,3586.7,2118.35,3571.65,2111.45,3558.2,2099,3545.3,2089.35,3530.25,2084.55,3518.45,2078.6,3507.1,2071.1,3494.8,2060.85,3479.2,2044.7,3473.8,2028.65,3482.95,2012.5,3499.1,1996.9,3509.3,1995.25
3-239,Uninfected,No_comment,Polygon,25,3463.6,2074.3,3477.5,2073.2,3492.1,2073.2,3502.85,2074.3,3517.9,2079.05,3530.25,2088.2,3543.7,2096.8,3556.6,2105.4,3564.65,2111.4,3568.45,2122.65,3563.6,2134.5,3550.15,2145.75,3532.4,2154.95,3511.4,2163.5,3488.85,2169.45,3472.2,2169.95,3452.3,2167.8,3431.35,2157.55,3415.75,2141.45,3405.5,2125.3,3402.3,2110.3,3405.5,2096.35,3421.65,2082.35,3440.45,2077.5,3450.15,2075.35
3-240,Uninfected,No_comment,Polygon,26,3531.35,2166.7,3551.25,2154.95,3563.6,2146.35,3577.6,2137.75,3590.5,2132.35,3600.15,2131.75,3612.5,2132.85,3623.8,2138.8,3635.1,2148.95,3644.8,2164.05,3646.95,2177.45,3642.1,2197.95,3629.15,2215.65,3617.9,2229.15,3598,2242.55,3578.1,2251.2,3559.3,2252.25,3536.7,2249.5,3521.65,2245.25,3513.6,2234.5,3507.1,2217.8,3506.05,2200.1,3505,2182.35,3508.75,2173.75,3520.6,2171.6,3525.95,2168.35
3-241,Uninfected,No_comment,Polygon,21,3681.9,2205.95,3705.55,2206.55,3721.6,2210.25,3741.55,2216.7,3756.1,2228.05,3765.2,2246.3,3767.9,2274.25,3763.05,2296.3,3750.7,2315.15,3734.55,2326.45,3713.05,2326.45,3689.95,2320.55,3666.85,2312.4,3646.4,2299.05,3632.4,2286.6,3621.15,2274.25,3620.6,2258.1,3628.1,2246.85,3639.95,2227.45,3650.15,2214.55,3664.15,2208.7
3-242,Uninfected,No_comment,Polygon,22,3846.95,2231.3,3868.45,2231.75,3886.2,2235,3910.4,2248.45,3916.8,2259.8,3920.6,2275.9,3917.9,2292.6,3910.4,2304.9,3894.8,2316.25,3882.45,2331.85,3870.05,2346.9,3850.7,2353.35,3829.75,2351.2,3810.9,2343.05,3793.7,2333.4,3784.05,2319.45,3778.1,2305.5,3778.65,2283.4,3788.9,2261.95,3798.55,2245.8,3811.45,2237.75,3823.3,2232.35
3-243,Uninfected,No_comment,Polygon,21,3770.65,2616.75,3786.75,2616.25,3798.05,2617.8,3813.1,2623.8,3826,2634,3834.6,2649.55,3840.05,2676.5,3835.15,2704.45,3825.5,2720.55,3809.9,2731.3,3793.2,2733.45,3778.75,2724.35,3761.55,2711.4,3738.4,2696.9,3721.7,2682.4,3709.85,2666.25,3699.65,2651.7,3709.35,2636.7,3723.3,2627,3736.25,2619.95,3752.9,2616.75
3-244,Uninfected,No_comment,Polygon,20,3692.15,2777.55,3709.35,2773.25,3728.15,2772.7,3749.15,2777.55,3763.7,2786.7,3776.6,2801.2,3785.2,2816.2,3787.85,2830.8,3788.9,2851.2,3785.7,2870.05,3777.65,2879.15,3759.9,2885.65,3734.1,2885.65,3703.95,2880.25,3681.4,2868.95,3670.6,2857.6,3659.35,2844.25,3657.2,2821.6,3661,2803.35,3671.7,2787.7
3-245,Uninfected,No_comment,Polygon,27,3693.8,2664.65,3708.25,2670,3725,2679.1,3741.1,2690.35,3756.7,2703.8,3760.95,2711.95,3766.9,2725.4,3776,2738.3,3784.1,2743.7,3787.3,2754.45,3783.55,2762.5,3777.65,2767.35,3768.5,2768.95,3751.8,2764.1,3738.4,2756.6,3723.85,2756.6,3700.75,2758.75,3686.75,2760.9,3670.6,2759.3,3657.2,2753.9,3642.15,2743.1,3637.85,2730.2,3637.85,2713.55,3645.35,2699.05,3653.95,2687.25,3666.85,2674.3,3677.6,2665.2
3-246,Uninfected,No_comment,Polygon,22,3960.4,2473.75,3980.85,2475.35,4006.1,2484.5,4023.3,2496.35,4036.25,2513.55,4042.7,2529.65,4047,2553.35,4047,2574.3,4038.4,2593.65,4021.7,2599.05,3995.35,2601.7,3970.1,2599.05,3941.05,2586.1,3922.25,2568.9,3908.8,2551.2,3900.2,2528.05,3899.1,2511.4,3903.4,2494.7,3912.55,2481.8,3924.4,2474.85,3936.75,2473.2,3947.5,2473.2
3-247,Uninfected,No_comment,Polygon,21,3941.6,2303.85,3967.4,2303.3,3983,2309.25,3999.65,2318.35,4012.05,2330.75,4021.15,2347.4,4023.85,2365.7,4023.3,2387.2,4012.55,2406,3993.2,2417.3,3971.15,2422.15,3948.05,2423.75,3929.75,2418.9,3913.1,2410.85,3900.2,2398.5,3888.9,2381.8,3882.45,2365.15,3884.6,2352.8,3891.05,2339.35,3907.2,2320,3922.8,2309.25
3-248,Uninfected,No_comment,Polygon,21,4090.55,2121.6,4113.65,2121.6,4145.35,2126.95,4162.6,2137.7,4173.85,2150.65,4178.7,2163.55,4183,2187.2,4180.85,2200.65,4172.25,2218.9,4157.2,2230.2,4136.75,2233.45,4111.5,2233.95,4073.3,2233.45,4058.25,2228.6,4040,2216.75,4029.25,2202.8,4027.6,2181.8,4034.6,2164.05,4049.65,2142,4060.4,2135.05,4073.85,2127.5
3-249,Uninfected,No_comment,Polygon,22,4107.7,1806.55,4116.85,1807.1,4132.45,1812.45,4149.65,1829.15,4158.25,1839.35,4163.65,1855.45,4166.85,1872.15,4168.45,1894.7,4159.35,1911.95,4142.65,1927,4123.85,1935.05,4095.35,1937.2,4072.25,1930.75,4056.65,1917.85,4045.9,1903.85,4033.5,1885.6,4028.7,1868.9,4032.45,1839.9,4044.25,1820,4056.65,1813,4071.15,1808.7,4094.3,1805.45
3-250,Uninfected,No_comment,Polygon,22,4186.75,1713,4211.5,1723.75,4228.15,1736.65,4240.5,1752.25,4249.65,1769.45,4255.6,1788.8,4256.1,1804.4,4256.1,1822.15,4246.95,1840.4,4235.15,1852.25,4216.35,1857.6,4198.6,1856.55,4180.85,1848.5,4165.8,1833.95,4147.5,1812.45,4131.9,1787.2,4128.15,1764.05,4130.85,1744.2,4140,1728.05,4151.25,1717.85,4163.1,1710.85,4171.15,1710.85
3-251,Uninfected,No_comment,Polygon,21,4077.6,1614.6,4090.5,1614.05,4111.5,1616.2,4128.15,1623.2,4138.9,1632.35,4151.25,1647.95,4156.1,1665.15,4156.1,1683.4,4146.95,1700.1,4129.75,1717.85,4109.85,1729.1,4091.05,1727.5,4072.75,1718.35,4056.1,1706.55,4045.9,1692,4038.9,1672.65,4035.15,1654.9,4035.15,1639.85,4041.05,1627.5,4051.8,1620,4065.25,1615.65
3-252,Uninfected,No_comment,Polygon,20,3984.6,1691.5,3994.8,1691.5,4010.4,1696.3,4029.2,1708.7,4041.05,1722.65,4045.9,1737.7,4048.05,1758.7,4043.75,1776.95,4027.05,1796.35,4016.85,1800.1,3996.4,1802.25,3979.2,1800.1,3964.15,1792.55,3949.65,1780.2,3939.95,1765.7,3931.9,1747.95,3931.35,1717.85,3938.35,1705.45,3952.85,1699,3966.85,1695.25
3-253,Uninfected,No_comment,Polygon,23,3720.1,1616.2,3745.9,1624.8,3764.15,1631.25,3786.75,1639.3,3798.05,1646.85,3808.8,1658.65,3814.7,1673.2,3813.65,1689.85,3806.1,1704.35,3791.6,1719.95,3769.55,1731.25,3745.35,1732.85,3725.45,1729.1,3709.85,1717.8,3699.65,1703.85,3689.95,1689.85,3680.85,1673.2,3677.05,1654.9,3677.05,1633.4,3681.9,1621.55,3688.9,1615.1,3700.2,1611.9,3706.1,1611.9
3-254,Uninfected,No_comment,Polygon,28,3707.7,1526.4,3721.7,1523.15,3739.45,1523.15,3752.85,1526.95,3767.95,1535.55,3773.85,1543.05,3779.75,1554.35,3783,1567.25,3787.8,1580.7,3796.45,1592.55,3805.05,1600.05,3817.95,1609.2,3831.35,1615.1,3843.75,1625.35,3844.8,1637.7,3841.6,1650.05,3828.7,1655.95,3806.65,1653.3,3786.2,1647.35,3742.65,1633.4,3707.75,1621.55,3685.65,1611.35,3671.7,1601.15,3664.15,1587.7,3664.15,1569.95,3672.25,1551.15,3685.65,1536.6,3695.35,1529.6
3-255,Uninfected,No_comment,Polygon,19,3840.5,1512.4,3855.05,1511.35,3867.4,1512.4,3881.4,1515.65,3896.95,1522.65,3907.2,1531.75,3920.65,1549,3919,1574.25,3905.55,1593.6,3887.3,1608.1,3860.4,1615.1,3840,1614.05,3818.45,1602.2,3806.1,1589.3,3795.35,1573.15,3791.6,1554.35,3796.95,1534.45,3810.95,1524.25,3822.25,1517.25
3-256,Uninfected,No_comment,Polygon,27,3451.8,1466.7,3466.85,1466.7,3477.6,1465.65,3487.25,1469.45,3499.1,1477.45,3505,1492.55,3508.25,1507.05,3508.75,1526.45,3504.45,1539.35,3494.25,1553.3,3482.95,1562.95,3460.4,1565.65,3445.85,1560.8,3430.8,1557.05,3414.15,1555.95,3392.65,1551.15,3370.6,1540.45,3355.55,1528.6,3345.85,1514.55,3343.15,1494.7,3347.45,1478.55,3358.75,1462.4,3380.25,1453.3,3403.4,1447.95,3414.15,1451.65,3425.45,1460.25,3434.05,1464.55
3-257,Uninfected,No_comment,Polygon,19,3593.7,1405.95,3610.4,1407.55,3629.2,1413.5,3641.05,1424.25,3648.55,1445.8,3650.2,1466.7,3645.9,1486.05,3636.75,1502.25,3617.4,1513.5,3593.2,1517.8,3578.65,1516.2,3564.7,1509.75,3552.85,1499.05,3542.65,1486.05,3531.35,1464.55,3536.2,1441.45,3550.7,1421.6,3566.3,1410.85,3578.15,1406.55
3-258,Uninfected,No_comment,Polygon,24,3433.5,1333.4,3445.8,1334.45,3460.4,1337.15,3477.05,1344.65,3487.25,1354.3,3496.4,1367.25,3503.4,1381.7,3505.55,1400.55,3502.8,1417.25,3496.4,1430.65,3486.75,1443,3474.3,1447.9,3456.05,1451.65,3440.5,1449.45,3420.1,1442.45,3405.6,1434.4,3392.7,1421.55,3385.1,1405.9,3381.35,1384.45,3382.95,1369.9,3389.45,1355.4,3397.45,1345.7,3409.25,1338.7,3420.6,1334.45
3-259,Uninfected,No_comment,Polygon,22,3882.45,1254.35,3900.75,1256.5,3915.25,1259.2,3927.1,1268.9,3932.45,1281.2,3933,1295.75,3928.7,1319.4,3914.7,1335.5,3899.1,1343.6,3886.2,1346.8,3871.7,1346.8,3851.8,1342,3833.5,1334.5,3819,1326.4,3808.8,1311.85,3806.65,1292.5,3808.25,1279.05,3818.45,1261.85,3828.15,1255.4,3838.9,1251.7,3856.65,1250.55,3867.4,1252.2
3-260,Uninfected,No_comment,Polygon,23,4133,1325.85,4140.55,1331.2,4151.3,1336.65,4159.35,1345.25,4165.25,1365.1,4161.5,1381.25,4148.6,1397.9,4133,1408.1,4114.7,1414.55,4086.25,1414.55,4069,1410.8,4049.15,1402.75,4031.4,1392.5,4020.1,1374.25,4015.25,1352.2,4017.4,1328.55,4026.55,1311.85,4036.75,1301.7,4047.5,1296.25,4064.7,1296.25,4090.55,1303.85,4103.95,1307.55,4112.55,1312.95
3-261,Uninfected,No_comment,Polygon,25,3852.35,1377.45,3863.1,1371.55,3876,1367.25,3890,1366.15,3898.6,1366.7,3906.65,1371,3909.85,1386.65,3905.55,1398.95,3895.35,1416.15,3892.65,1430.7,3894.8,1447.35,3899.1,1476.4,3902.9,1493.6,3896.45,1498.95,3876.55,1497.95,3858.8,1494.15,3831.35,1491.45,3819,1486.05,3806.1,1475.85,3799.1,1464.55,3796.4,1447.35,3800.2,1427.45,3807.2,1407.55,3817.95,1396.3,3830.85,1387.15
3-262,Uninfected,No_comment,Polygon,25,3931.4,1389.85,3956.1,1386.05,3973.3,1386.65,3985.7,1391.45,3999.1,1401.65,4005.05,1415.15,4005.05,1424.25,3999.65,1436.6,3988.9,1449.5,3983.55,1463.5,3986.75,1475.85,3993.2,1482.85,3996.45,1492,3994.3,1508.7,3985.15,1525.85,3967.95,1539.35,3946.95,1542,3933.55,1537.2,3917.4,1526.4,3908.8,1513,3901.8,1490.85,3895.35,1459.75,3895.35,1417.75,3908.25,1399.5,3918.45,1394.15
3-263,Uninfected,No_comment,Polygon,22,4158.8,1209.15,4174.95,1210.8,4194.85,1217.8,4204.5,1223.7,4217.4,1242.5,4224.4,1263.5,4226,1285,4222.8,1302.75,4215.25,1318.85,4203.45,1329.6,4192.15,1334.5,4178.7,1333.9,4163.65,1330.15,4150.75,1321,4136.75,1308.65,4120.1,1289.3,4108.8,1276.4,4099.65,1256.5,4105.6,1232.85,4112.55,1222.1,4130.85,1212.45,4142.7,1210.8
3-264,Uninfected,No_comment,Polygon,18,4193.25,1494.7,4214.2,1493,4226.05,1494.7,4244.3,1501.65,4260.95,1517.2,4268.5,1537.15,4269.6,1565.05,4258.3,1590.35,4240,1608.6,4216.9,1614.05,4191.1,1614.05,4169.55,1606,4147.55,1588.8,4136.25,1566.15,4136.25,1538.25,4142.15,1520.45,4154.55,1504.9,4171.2,1498.45
3-265,Uninfected,No_comment,Polygon,25,4202.35,1400.05,4213.65,1393.6,4236.25,1383.4,4254,1380.15,4270.65,1381.8,4286.25,1388.75,4296.45,1397.3,4304,1408.65,4313.15,1429.05,4314.2,1449,4305.6,1476.4,4293.25,1488.25,4272.25,1494.7,4252.35,1493,4233.55,1487.15,4223.35,1481.8,4201.3,1477.95,4182.45,1480.1,4170.65,1476.9,4155.05,1469.4,4149.2,1458.65,4155.05,1444.1,4173.85,1424.25,4181.4,1416.2,4191.6,1407.05
3-266,Uninfected,No_comment,Polygon,20,3181.8,762.05,3192.15,757.45,3206.5,754,3219.15,754,3235.25,758.05,3247.9,767.25,3258.25,788.5,3262.25,808.05,3259.95,839.1,3248.45,863.8,3221.45,881.6,3197.9,888.5,3176.6,889.1,3163.95,885.05,3148.45,870.7,3140.4,857.5,3137.55,835.65,3141,808.6,3154.2,782.2,3165.1,769.55
3-267,Uninfected,No_comment,Polygon,23,3177.2,641.95,3189.85,650.55,3198.45,660.35,3206.5,678.15,3208.8,690.25,3206.5,708.6,3202.5,728.15,3193.85,739.65,3171.45,747.7,3149.05,750.55,3131.2,749.4,3110.5,739.1,3095,724.15,3086.95,706.3,3084.65,686.2,3086.4,670.7,3095,655.75,3103.6,641.35,3111.1,628.75,3119.15,619.55,3130.65,618.95,3151.35,627,3162.8,633.35
3-268,Uninfected,No_comment,Polygon,20,3362.25,741.95,3373.2,744.25,3385.8,751.7,3396.15,759.2,3407.65,773,3411.7,790.8,3410.55,812.05,3399.05,837.95,3374.9,854.6,3353.05,858.65,3331.8,856.35,3313.4,847.7,3304.2,836.2,3295,821.25,3293.85,792.55,3300.75,771.25,3313.4,754,3327.2,745.4,3336.4,740.8,3347.9,739.1
3-269,Uninfected,No_comment,Polygon,21,2861.65,550.65,2873.7,542.6,2888.1,536.85,2901.3,536.25,2913.95,536.25,2931.75,540.85,2942.1,551.2,2950.7,567.25,2955.3,586.8,2950.7,610.4,2938.65,633.95,2913.95,654.65,2887.5,662.15,2869.7,662.15,2850.7,655.8,2835.8,641.4,2828.3,627.05,2826,602.95,2830.6,581.05,2837.5,569,2845.55,559.85
3-270,Uninfected,No_comment,Polygon,22,3046.7,538.55,3057.05,540.85,3069.1,546.6,3081.2,560.35,3092.1,575.9,3099.6,589.1,3101.9,606.95,3095,630.5,3082.9,647.75,3060.5,669.05,3042.1,671.85,3026,666.75,3007.05,657.55,2987.5,646.6,2967.95,632.2,2964.5,617.9,2966.25,592,2972.55,569.55,2983.5,554.65,3000.15,542,3013.35,537.4,3024.85,535.7
3-271,Uninfected,No_comment,Polygon,21,1924.25,1596.65,1932.3,1597.8,1951.25,1604.7,1960.45,1616.75,1964.5,1634.6,1961.05,1654.7,1949,1675.4,1933.45,1682.3,1915.05,1682.3,1896.1,1677.7,1877.1,1669.05,1862.2,1659.85,1847.8,1644.35,1840.9,1632.85,1838.6,1607.55,1846.65,1591.5,1859.3,1583.45,1873.1,1582.3,1882.85,1582.85,1894.35,1586.3,1905.3,1590.9
3-272,Uninfected,No_comment,Polygon,18,1918.5,1479.4,1934,1477.65,1952.4,1478.8,1966.8,1483.4,1978.85,1492.6,1988.05,1507,1992.05,1528.25,1985.15,1551.25,1967.35,1573.1,1944.35,1581.15,1922.55,1581.7,1900.7,1570.8,1886.3,1556.4,1875.95,1539.75,1875.95,1520.2,1882.3,1505.25,1893.2,1491.45,1903.55,1484.55
3-273,Uninfected,No_comment,Polygon,20,1770.8,1400.1,1773.1,1399.5,1790.35,1398.95,1801.25,1403.55,1816.75,1415.05,1828.25,1430.55,1833.45,1447.8,1831.15,1477.65,1820.2,1493.2,1805.85,1505.25,1781.15,1515.05,1757.55,1513.9,1740.35,1505.25,1727.1,1492.6,1718.5,1478.8,1715.6,1459.3,1721.35,1439.75,1731.15,1419.6,1742.05,1409.85,1752.95,1402.95
3-274,Uninfected,No_comment,Polygon,20,1670.8,1339.15,1686.3,1342,1702.95,1346.05,1715.05,1351.2,1725.95,1361.5,1732.3,1377.65,1731.7,1394.9,1723.65,1412.15,1711.6,1431.1,1693.2,1446.6,1667.35,1457.55,1644.35,1457.55,1632.25,1451.2,1620.2,1432.8,1612.75,1415.6,1611,1387.4,1616.2,1365,1625.95,1352.95,1640.3,1346.05,1654.1,1340.85
3-275,Uninfected,No_comment,Polygon,21,2908.5,1421.45,2920.95,1419.75,2936.2,1419.75,2949.75,1420.9,2966.7,1428.8,2978.6,1440.7,2987.05,1457.65,2990.45,1476.25,2990.45,1490.4,2980.25,1509.6,2963.9,1523.15,2946.35,1533.35,2927.15,1538.4,2913.6,1537.3,2899.5,1528.8,2891.55,1518.1,2883.65,1497.2,2877.45,1484.2,2875.75,1463.85,2881.4,1437.85,2892.7,1428.25
3-276,Uninfected,No_comment,Polygon,19,3097.2,1379.65,3109.65,1381.9,3125.45,1387,3138.45,1397.15,3148.05,1411.3,3154.3,1429.95,3154.85,1450.85,3147.5,1473.45,3133.95,1484.2,3112.5,1492.65,3098.9,1493.2,3076.9,1487.55,3062.75,1477.95,3048.65,1462.15,3041.3,1441.25,3041.85,1414.7,3054.3,1396.05,3072.35,1385.85,3084.8,1381.35
3-277,Uninfected,No_comment,Polygon,20,2131.1,1377.05,2143.15,1375.9,2159.25,1377.6,2171.9,1385.7,2187.4,1400.1,2191.45,1417.85,2188.55,1433.35,2183.95,1455.25,2174.2,1470.7,2158.1,1481.05,2137.4,1489.1,2115,1486.8,2102.95,1481.65,2089.15,1470.15,2080.5,1459.3,2079.35,1440.3,2088,1417.25,2100.65,1400.65,2111.55,1388.55,2119,1381.65