264,5312,2988
5-1,White_Blood_Cell,No_comment,Polygon,24,1053.6,1709.6,1063.1,1744.15,1052.4,1788.2,1030.95,1797.7,1045.2,1897.7,1165.5,1972.7,1185.75,1970.35,1214.3,1946.5,1239.3,1944.15,1266.7,1948.9,1297.65,1920.35,1341.7,1878.65,1341.7,1862,1302.35,1856.05,1284.6,1827.45,1272.65,1802.45,1264.3,1781.05,1271.5,1753.65,1264.3,1723.9,1240.55,1701.25,1185.75,1689.35,1159.55,1683.4,1107.15,1687,1059.55,1706.05
5-2,Uninfected,No_comment,Polygon,16,2692.15,2401.45,2716.95,2400.85,2739.1,2413.6,2760.6,2442.4,2773.3,2465.25,2771.35,2488.05,2762.55,2508.85,2736.45,2520.95,2691.45,2535.7,2668.65,2537.1,2646.5,2524.95,2632.35,2498.1,2628.35,2467.25,2637.05,2440.45,2657.25,2412.85,2670.6,2405.5
5-3,Uninfected,No_comment,Polygon,16,2709.6,2524.95,2727.7,2518.85,2753.9,2518.9,2776.65,2531.65,2788.1,2556.5,2794.1,2582.7,2789.4,2608.2,2765.95,2626.95,2733.7,2635.05,2711.55,2635.05,2691.45,2629.05,2674,2607.5,2671.95,2583.35,2674.7,2555.15,2687.5,2530.95,2695.5,2525.55
5-4,Uninfected,No_comment,Polygon,16,2802.15,2454.5,2820.95,2447.1,2847.15,2447.1,2877.4,2466.55,2894.85,2488.7,2894.1,2520.95,2880.05,2552.45,2862.6,2566.55,2840.45,2569.9,2821.65,2571.25,2804.9,2560.55,2791.45,2542.4,2774.7,2521.6,2772.65,2497.5,2778,2470.65,2786.75,2461.85
5-5,Uninfected,No_comment,Polygon,17,2902.2,2322.25,2916.25,2321.65,2941.8,2330.3,2959.25,2349.8,2974.65,2388.7,2973.3,2416.9,2960.55,2443.75,2937.8,2460.55,2917,2465.9,2902.2,2463.2,2878.7,2449.1,2857.9,2423.6,2851.85,2398.1,2853.9,2374.6,2863.9,2346.45,2878,2330.3,2889.4,2323.6
5-6,Uninfected,No_comment,Polygon,21,2751.85,2339.7,2771.95,2342.4,2794.1,2347.75,2810.95,2345.1,2821.65,2337.7,2834.4,2337,2843.1,2343.05,2847.15,2352.45,2845.15,2365.95,2840.45,2382,2845.85,2408.2,2847.8,2433.65,2830.35,2449.2,2797.45,2458.5,2770,2463.2,2752.55,2445.75,2741.8,2423.6,2729.7,2398.1,2721.65,2375.3,2725,2357.15,2733.05,2345.75
5-7,Uninfected,No_comment,Polygon,14,2861.25,2590.05,2890.75,2589.45,2914.9,2597.4,2938.4,2619.55,2956.65,2675.35,2939.25,2705.05,2903.2,2718.85,2868.6,2723.3,2839.7,2716.2,2812.25,2660.55,2810.95,2636.35,2820.35,2608.8,2837.85,2596.8,2848.5,2592.7
5-8,Uninfected,No_comment,Polygon,16,2583.35,2532.4,2600.2,2524.95,2618.25,2525.6,2648.45,2537.1,2655.2,2553.8,2662.55,2596.1,2662.55,2624.35,2648.45,2641.75,2631.7,2651.8,2608.85,2653.15,2594.8,2649.8,2567.95,2635.05,2553.15,2616.3,2548.45,2590.75,2555.9,2563.9,2564.55,2543.1
5-9,Uninfected,No_comment,Polygon,16,2535.45,2660.1,2554.3,2659.4,2587.65,2668.8,2602.85,2697.8,2605.05,2729.7,2595.55,2758.65,2572.4,2781.85,2544.1,2794.9,2524.6,2797.8,2497,2790.55,2475.3,2776.05,2463,2754.35,2457.95,2729.7,2463,2697.8,2481.1,2675.35,2507.2,2663
5-10,Uninfected,No_comment,Polygon,17,2757.2,2752.15,2776.75,2747.1,2799.25,2747.1,2817.35,2747.8,2833.3,2757.95,2847,2784.75,2851.35,2815.2,2852.8,2835.5,2848.45,2855.05,2826.05,2868.8,2781.1,2868.8,2749.25,2865.9,2728.2,2852.15,2720.25,2828.95,2720.25,2800,2734.75,2768.8,2742,2759.4
5-11,Uninfected,No_comment,Polygon,20,2709.4,2652.9,2736.2,2654.3,2756.5,2651.45,2775.3,2641.3,2792.7,2634.75,2807.95,2638.4,2819.9,2655.25,2827.9,2681.35,2826.05,2706.5,2818.8,2721,2799.9,2731.85,2773.85,2735.5,2747.8,2741.3,2731.85,2747.8,2718.05,2749.25,2695.55,2736.95,2684,2718.8,2679.65,2699.25,2686.2,2671.7,2695.55,2660.85
5-12,Uninfected,No_comment,Polygon,16,2882.55,2731.15,2909.4,2726.05,2931.1,2726.8,2949.25,2737.65,2965.2,2762.3,2974.6,2793.45,2978.95,2817.35,2970.25,2839.1,2949.9,2857.95,2921.7,2864.45,2896.35,2862.3,2870.25,2844.2,2860.1,2813.75,2855.05,2776.8,2859.4,2743.45,2868.05,2736.2
5-13,Uninfected,No_comment,Polygon,15,3010.1,2707.2,3027.5,2706.5,3051.35,2710.85,3072.4,2732.6,3084,2750.7,3089.8,2783.3,3076.05,2808.65,3056.5,2831.15,3032.55,2838.4,3018.8,2833.3,2997,2815.2,2988.35,2791.3,2976.05,2765.2,2978.95,2741.3,2989.8,2716.65
5-14,Uninfected,No_comment,Polygon,15,3126.75,2783.3,3149.9,2781.85,3184.75,2798.55,3200.7,2821.7,3209.4,2860.85,3204.25,2884.05,3182.55,2902.9,3155.05,2917.35,3134,2914.45,3107.2,2901.45,3087.65,2886.95,3070.95,2856.5,3076.75,2827.5,3099.25,2797.8,3107.95,2787.65
5-15,Uninfected,No_comment,Polygon,16,2388.4,2656.5,2406.45,2660.1,2420.95,2670.95,2436.2,2695.6,2442.75,2725.3,2437.65,2753.6,2420.25,2773.85,2399.2,2781.85,2379.7,2782.55,2355,2773.85,2336.95,2759.4,2323.15,2737.65,2321.7,2707.95,2341.3,2673.15,2361.55,2661.55,2373.9,2657.2
5-16,Uninfected,No_comment,Polygon,17,2330.4,2794.9,2352.1,2792.7,2370.25,2797.8,2380.4,2814.45,2389.1,2836.9,2384.05,2862.3,2375.35,2887.65,2359.35,2908.65,2331.85,2924.6,2307.9,2928.2,2285.5,2921.7,2268.8,2909.4,2256.45,2884.75,2256.45,2856.5,2274.6,2823.85,2289.85,2802.8,2309.35,2795.6
5-17,Uninfected,No_comment,Polygon,16,2170.25,2763,2184.75,2742,2199.2,2724.6,2224.6,2718.1,2247.75,2724.6,2257.9,2749.25,2265.9,2782.55,2258.7,2810.85,2248.55,2842.7,2232.6,2860.1,2209.35,2867.35,2187.65,2862.3,2169.5,2842,2159.35,2822.4,2156.45,2800.7,2162.25,2780.4
5-18,Uninfected,No_comment,Polygon,17,2092,2816.65,2113.7,2816.65,2147.1,2834.75,2161.55,2855.05,2170.95,2876.75,2168.8,2899.25,2158.7,2921.7,2126.8,2941.25,2089.85,2942,2065.15,2934,2047.75,2918.8,2034.05,2892.7,2036.95,2869.55,2047.75,2857.95,2060.8,2842,2064.45,2828.2,2072.4,2820.25
5-19,Uninfected,No_comment,Polygon,14,2095.65,2647.05,2115.15,2646.35,2139.1,2652.15,2160.1,2675.3,2169.5,2719.55,2157.9,2752.15,2136.2,2776.05,2110.8,2785.45,2083.3,2783.3,2054.35,2763,2042.75,2741.25,2039.85,2714.45,2050,2678.2,2068.8,2657.95
5-20,Uninfected,No_comment,Polygon,16,1949.2,2531.1,1972.45,2524.6,1996.3,2525.3,2020.95,2540.55,2033.3,2565.9,2035.5,2589.1,2032.6,2615.9,2015.9,2639.8,1997.1,2647.05,1970.25,2651.35,1951.45,2647.05,1931.85,2631.1,1918.05,2612.3,1913.7,2588.35,1913.7,2568.1,1923.15,2549.25
5-21,Uninfected,No_comment,Polygon,19,1881.15,2744.15,1895.65,2711.55,1907.25,2691.25,1928.95,2689.1,1952.9,2687.65,1965.9,2681.85,1975.35,2684.75,1980.4,2707.95,1980.4,2728.95,1961.55,2754.3,1947.75,2778.95,1934.05,2803.6,1920.95,2828.95,1907.25,2836.2,1886.2,2834,1867.35,2820.95,1853.55,2802.8,1855.8,2776.75,1871.7,2752.15
5-22,Uninfected,No_comment,Polygon,15,1991.3,2758.65,2010.8,2757.2,2029.7,2762.3,2040.55,2776.75,2047.75,2797.05,2050,2820.95,2042,2845.6,2022.45,2862.3,2000.65,2868.8,1981.85,2866.65,1961.55,2855.75,1945.65,2836.9,1942.75,2819.55,1950.65,2791.25,1968.8,2770.25
5-23,Uninfected,No_comment,Polygon,16,1786.85,2622.45,1809.35,2609.4,1857.9,2611.6,1875.3,2630.45,1879.65,2660.85,1876.05,2702.15,1861.55,2738.45,1839.75,2758.7,1817.35,2766.65,1789.75,2765.2,1771.7,2752.95,1756.45,2728.3,1747,2700.7,1750.7,2677.55,1760.8,2650.05,1768.05,2635.55
5-24,Uninfected,No_comment,Polygon,18,1667.35,2578.3,1678.2,2567.4,1707.2,2562.3,1733.95,2562.3,1753.6,2573.9,1768.05,2594.25,1770.95,2617.4,1763,2643.45,1750.7,2672.45,1742,2695.7,1723.15,2712.3,1681.1,2722.45,1666.6,2711.6,1654.3,2676.85,1640.55,2659.4,1635.4,2632.65,1642,2604.35,1650.7,2588.45
5-25,Uninfected,No_comment,Polygon,13,1840.55,2452.9,1868.05,2449.25,1884.75,2455.05,1899.25,2471,1905.75,2498.6,1902.15,2535.55,1880.4,2562.3,1848.45,2571.75,1823.85,2568.1,1802.15,2544.25,1794.1,2519.55,1800.7,2494.9,1815.15,2469.55
5-26,Uninfected,No_comment,Polygon,15,1660.1,2746.35,1676.05,2729,1694.9,2718.85,1723.85,2716.65,1739.75,2726.1,1756.45,2753.6,1764.45,2780.45,1758.65,2810.15,1734.75,2832.65,1705.75,2843.45,1680.4,2844.25,1655.05,2833.35,1640.55,2818.85,1632.55,2794.25,1642,2766.65
5-27,Uninfected,No_comment,Polygon,14,1565.9,2638.45,1587.65,2635.55,1614.45,2642.8,1642,2675.4,1652.15,2713.05,1637.65,2743.45,1614.45,2771,1591.2,2779,1565.15,2776.1,1537.65,2755.05,1515.15,2721,1513.7,2688.45,1531.85,2656.5,1546.35,2644.9
5-28,Uninfected,No_comment,Polygon,19,1555.05,2423.2,1576.75,2414.5,1601.4,2413.75,1626.75,2426.1,1636.85,2446.35,1638.3,2473.2,1624.6,2497.8,1593.45,2517.4,1560.1,2523.2,1528.95,2518.1,1513.7,2504.35,1500.7,2484.1,1489.75,2455.8,1484.05,2431.9,1484.75,2418.85,1493.5,2413.75,1508.7,2421.75,1531.85,2431.2,1542,2429
5-29,Uninfected,No_comment,Polygon,17,1240.55,2245.7,1262.3,2238.45,1284.75,2234.75,1315.9,2233.3,1334.05,2244.9,1344.9,2268.1,1344.9,2297.15,1333.3,2313.75,1320.25,2334.75,1302.9,2342,1283.3,2339.9,1263,2331.85,1229.7,2323.95,1208.65,2314.5,1199.25,2293.45,1202.9,2274.65,1214.45,2257.95
5-30,Uninfected,No_comment,Polygon,18,1506.5,2292,1523.15,2277.55,1538.4,2269.55,1550,2268.1,1571.7,2279.75,1582.6,2295.7,1588.4,2328.3,1598.55,2351.45,1605.8,2371,1598.55,2386.2,1574.6,2401.45,1545.65,2407.95,1517.35,2407.25,1495.65,2398.6,1479.7,2377.55,1476.05,2354.35,1476.8,2330.45,1486.2,2307.95
5-31,Uninfected,No_comment,Polygon,16,1622.5,2264.5,1642,2250.7,1660.1,2250,1684.75,2258.7,1708.7,2280.45,1724.6,2302.9,1734.05,2332.65,1734.05,2360.85,1709.4,2382.65,1681.15,2395.7,1657.95,2395.7,1631.15,2385.55,1610.1,2365.95,1602.9,2339.9,1600,2307.25,1602.9,2283.3
5-32,Uninfected,No_comment,Polygon,20,1702.9,2209.4,1718.1,2197.8,1730.4,2177.55,1741.3,2160.85,1754.35,2157.25,1771.7,2157.95,1791.3,2182.65,1805.05,2207.95,1823.95,2235.55,1828.25,2271,1814.45,2294.25,1798.55,2315.2,1781.85,2323.2,1762.3,2322.45,1742,2310.85,1732.6,2293.45,1719.55,2277.55,1707.25,2263.05,1694.2,2247.8,1690.55,2231.2
5-33,Uninfected,No_comment,Polygon,15,1868.8,2272.45,1881.15,2269.55,1900,2271,1920.25,2280.45,1936.2,2298.55,1938.4,2324.65,1931.85,2351.45,1913,2369.55,1890.55,2376.1,1861.55,2373.2,1839.85,2364.5,1824.6,2343.45,1821,2321,1834.05,2289.1,1845.65,2279.75
5-34,Uninfected,No_comment,Polygon,15,1234.05,2142.75,1258.7,2136.95,1287.65,2137.65,1307.25,2147.1,1316.6,2166.65,1316.6,2189.85,1306.45,2207.25,1281.85,2223.15,1248.55,2229.7,1221,2231.15,1197.85,2216.65,1189.1,2200.7,1186.95,2184.05,1192.75,2164.45,1206.45,2152.15
5-35,Uninfected,No_comment,Polygon,17,1261.6,2012.3,1281.15,2007.95,1307.9,2007.95,1334.05,2020.25,1343.5,2039.1,1351.45,2071.7,1362.25,2092,1360.15,2121,1348.55,2134.75,1332.6,2136.95,1316.6,2136.2,1285.5,2116.65,1255,2114.45,1238.4,2103.6,1228.25,2072.45,1230.4,2043.45,1244.2,2022.5
5-36,Uninfected,No_comment,Polygon,14,1400,1992.75,1418.85,1986.2,1438.4,1988.4,1472.45,2002.9,1486.95,2028.95,1484.75,2071.7,1466.6,2103.6,1439.85,2118.1,1407.9,2118.1,1384.75,2110.85,1363.05,2092,1350,2061.55,1357.25,2034.75,1371.7,2008.7
5-37,Uninfected,No_comment,Polygon,17,1381.15,2257.95,1392,2251.45,1415.95,2245.65,1434.75,2247.1,1450.75,2268.1,1460.15,2296.35,1462.25,2328.95,1456.45,2363,1435.5,2386.95,1402.9,2397.8,1376.8,2395.65,1353.65,2383.3,1343.5,2365.2,1342,2339.1,1350,2313,1360.15,2287.65,1366.6,2268.8
5-38,Uninfected,No_comment,Polygon,15,1621,2118.8,1641.3,2108.7,1679.7,2104.35,1701.45,2106.5,1723.15,2123.95,1728.25,2148.55,1710.15,2181.85,1689.85,2204.35,1659.35,2220.25,1628.95,2219.55,1607.9,2206.5,1594.2,2191.3,1586.95,2174.6,1591.3,2153.6,1599.3,2134.05
5-39,Uninfected,No_comment,Polygon,15,1588.4,1986.2,1621,1984.05,1641.3,1985.5,1664.5,1998.55,1674.6,2015.2,1685.5,2035.5,1694.2,2052.15,1689.1,2076.85,1675.35,2089.85,1645.65,2100,1609.35,2101.45,1571.75,2084.75,1554.35,2058.7,1551.45,2031.15,1564.5,2004.35
5-40,Uninfected,No_comment,Polygon,16,1734.75,1940.55,1754.35,1939.1,1770.3,1944.9,1794.95,1955.05,1805.8,1968.8,1814.5,2000.7,1807.9,2034.75,1787.65,2059.4,1760.15,2071.7,1742,2071,1717.4,2059.4,1701.45,2036.95,1691.3,2009.4,1690.55,1982.6,1704.35,1960.15,1715.15,1950
5-41,Uninfected,No_comment,Polygon,15,1344.95,1886.95,1365.95,1886.95,1381.15,1889.1,1403.65,1905.8,1417.4,1932.6,1416.6,1952.9,1399.3,1972.5,1369.55,1986.95,1339.85,1991.3,1317.4,1986.95,1302.2,1972.5,1292.75,1953.6,1292.05,1930.4,1304.25,1906.7,1325.3,1894.35
5-42,Uninfected,No_comment,Polygon,15,1120.25,2015.9,1137.65,2004.35,1158.7,2000.7,1181.15,2002.15,1197.85,2018.8,1207.25,2049.25,1207.9,2081.15,1192.05,2113,1172.45,2133.3,1147.1,2139.85,1120.25,2135.5,1099.3,2118.8,1089.1,2094.2,1090.55,2060.15,1102.2,2028.95
5-43,Uninfected,No_comment,Polygon,16,1455.05,1833.3,1480.4,1838.3,1501.4,1842.65,1529.7,1850.7,1544.2,1873.15,1543.45,1908.65,1521,1939.75,1494.2,1956.5,1465.9,1957.2,1446.35,1944.9,1434.05,1922.4,1427.5,1910.1,1413.75,1894.9,1410.1,1870.25,1418.1,1849.95,1428.25,1842
5-44,Uninfected,No_comment,Polygon,14,1480.4,1732.55,1509.4,1713,1528.25,1708.65,1569.55,1722.4,1578.25,1743.45,1578.95,1774.6,1565.2,1806.5,1541.3,1825.3,1510.1,1827.5,1476.05,1822.4,1449.95,1807.2,1437.65,1787.65,1441.3,1762.25,1455.05,1743.45
5-45,Uninfected,No_comment,Polygon,15,1286.2,1764.45,1316.65,1756.5,1344.9,1757.2,1371,1768.05,1386.2,1789.75,1385.5,1810.8,1378.25,1831.85,1361.55,1851.4,1342,1865.35,1312.3,1866.1,1288.4,1858.15,1281.85,1840.75,1275.35,1816.1,1274.6,1790.55,1275.35,1775.3
5-46,Uninfected,No_comment,Polygon,15,1607.2,1802.15,1624.6,1794.1,1649.25,1794.1,1678.25,1804.3,1692.75,1817.35,1697.8,1849.25,1689.1,1873.85,1657.2,1902.15,1631.15,1907.2,1605.75,1905.05,1586.2,1893.45,1570.25,1874.6,1563,1852.85,1567.35,1831.1,1581.85,1814.45
5-47,Uninfected,No_comment,Polygon,15,1723.9,1700.7,1747.05,1694.1,1771,1695.55,1788.4,1705.75,1802.85,1721.7,1813,1745.55,1813.75,1768.8,1805.75,1792,1771.7,1815.9,1732.6,1819.5,1709.4,1806.5,1691.3,1784.75,1682.6,1757.2,1686.95,1734.75,1703.6,1710.1
5-48,Uninfected,No_comment,Polygon,18,1657.2,1598.5,1678.25,1591.2,1703.6,1589.1,1723.9,1595.55,1742,1608.65,1750.7,1626.05,1755.75,1644.9,1747.8,1672.4,1734.05,1681.1,1706.5,1692.65,1689.1,1705.05,1664.45,1720.25,1642,1719.5,1623.9,1704.3,1614.45,1669.5,1619.55,1642,1631.15,1620.25,1639.85,1610.1
5-49,Uninfected,No_comment,Polygon,18,1292.75,1626.75,1334.05,1616.6,1363,1616.6,1385.5,1626.05,1397.8,1647.8,1397.8,1673.85,1392.75,1705.05,1385.5,1734.75,1375.35,1746.35,1354.3,1746.35,1339.85,1741.2,1313,1740.55,1292.75,1736.85,1278.25,1726.75,1264.45,1712.25,1256.5,1690.55,1256.5,1669.5,1268.8,1640.55
5-50,Uninfected,No_comment,Polygon,17,1410.85,1608.65,1433.3,1601.4,1452.15,1599.95,1478.25,1613.7,1494.9,1634.75,1510.1,1663,1512.3,1684,1497.05,1702.15,1477.5,1714.45,1453.6,1740.55,1431.15,1760.1,1413,1761.55,1394.9,1749.25,1391.3,1719.5,1390.55,1688.3,1394.2,1640.45,1397.05,1621.7
5-51,Uninfected,No_comment,Polygon,15,1754.3,1836.2,1776.8,1830.4,1798.5,1825.3,1823.15,1830.4,1850.7,1844.9,1858.65,1869.5,1857.95,1892.65,1849.25,1918.8,1831.15,1937.65,1808.65,1941.2,1782.6,1936.2,1750.7,1920.95,1736.2,1898.45,1727.5,1876.05,1734.75,1856.5
5-52,Uninfected,No_comment,Polygon,16,1567.35,1512.3,1589.1,1510.85,1610.1,1515.2,1630.4,1536.2,1639.1,1561.55,1636.2,1585.5,1618.1,1613.75,1594.2,1634.75,1563,1641.3,1536.95,1637.65,1516.65,1618.1,1505.05,1594.9,1502.15,1568.1,1514.45,1537.65,1534.75,1522.45,1547.8,1515.9
5-53,Uninfected,No_comment,Polygon,17,1328.25,1485.5,1357.95,1482.6,1389.1,1489.85,1413,1503.6,1427.5,1526.05,1426.8,1552.85,1419.55,1580.4,1397.1,1597.05,1372.45,1600.7,1339.1,1594.15,1317.35,1583.3,1299.25,1571.7,1281.15,1562.3,1274.6,1536.2,1281.85,1518.1,1296.35,1499.95,1305.75,1491.3
5-54,Uninfected,No_comment,Polygon,16,1471.7,1401.4,1497.1,1401.4,1525.35,1413.75,1544.2,1427.5,1562.3,1443.45,1564.45,1471,1551.45,1494.9,1518.8,1516.65,1489.1,1524.6,1467.35,1522.45,1451.45,1510.1,1439.85,1483.3,1434.75,1457.2,1431.85,1431.85,1440.55,1416.65,1450,1408.65
5-55,Uninfected,No_comment,Polygon,14,1547.8,1292.7,1579.7,1292.7,1599.25,1300.7,1615.9,1319.55,1631.15,1352.85,1628.25,1389.85,1609.4,1418.1,1585.5,1426.05,1562.3,1420.25,1533.3,1397.8,1507.95,1380.4,1500,1356.5,1505.75,1323.15,1523.9,1302.15
5-56,Uninfected,No_comment,Polygon,15,1672.45,1364.45,1684.75,1357.2,1708.65,1359.4,1736.2,1375.35,1751.45,1397.05,1753.6,1425.35,1752.9,1445.6,1736.95,1472.45,1704.3,1484.05,1676.8,1480.4,1655.75,1471,1638.4,1447.8,1631.85,1425.35,1639.1,1403.6,1652.15,1379.7
5-57,Uninfected,No_comment,Polygon,19,1327.5,1324.6,1350.7,1318.8,1386.2,1323.15,1405.75,1331.15,1425.35,1350.7,1431.15,1380.4,1425.35,1398.5,1409.4,1414.45,1391.3,1421.7,1373.15,1428.25,1358.65,1447.05,1343.45,1456.5,1326.8,1455.75,1314.45,1438.4,1308.65,1417.35,1292.75,1397.8,1289.85,1371.7,1299.25,1347.8,1310.85,1334.05
5-58,Uninfected,No_comment,Polygon,15,1228.95,1390.55,1250,1393.45,1272.45,1403.6,1283.3,1416.65,1292,1434.05,1293.45,1454.3,1285.5,1473.9,1265.2,1491.3,1244.9,1497.8,1217.35,1494.9,1197.8,1484.05,1175.35,1463,1173.9,1442,1178.95,1418.8,1196.35,1399.95
5-59,Uninfected,No_comment,Polygon,13,1169.55,1271,1189.85,1268.8,1220.25,1279.7,1236.95,1299.95,1241.3,1326.8,1234.75,1357.2,1211.55,1376.05,1178.95,1384.05,1151.4,1379.7,1126.8,1355.05,1119.55,1330.4,1123.15,1307.2,1144.9,1283.3
5-60,Uninfected,No_comment,Polygon,16,1447.1,1199.95,1459.4,1210.1,1471.7,1224.6,1482.6,1246.35,1484.75,1271,1474.6,1306.5,1454.3,1319.55,1424.6,1322.45,1401.45,1316.65,1383.3,1299.95,1368.1,1270.25,1370.25,1240.55,1379.7,1211.55,1390.55,1194.9,1406.5,1193.45,1425.35,1193.45
5-61,Uninfected,No_comment,Polygon,16,1542.75,994.2,1558.7,1000.7,1582.6,1019.6,1594.2,1046.35,1598.55,1083.3,1589.1,1107.95,1565.9,1123.95,1539.1,1126.85,1513,1119.6,1494.2,1105.05,1478.3,1079.75,1472.5,1057.95,1476.05,1028.3,1486.95,1008.7,1499.25,999.25,1519.55,992.8
5-62,Uninfected,No_comment,Polygon,17,1665.2,1037.65,1678.3,1037,1694.2,1037,1721,1049.25,1736.95,1071.05,1747.1,1108.7,1747.1,1131.2,1734.05,1146.35,1701.45,1163.05,1669.55,1167.4,1644.2,1163.05,1623.15,1146.35,1615.2,1128.95,1611.6,1108.7,1615.2,1083.3,1627.5,1058.7,1644.2,1044.9
5-63,Uninfected,No_comment,Polygon,15,1376.05,947.8,1393.45,946.35,1421.7,952.9,1444.2,970.3,1457.25,999.25,1460.15,1021.05,1454.35,1046.35,1419.55,1074.65,1392,1078.3,1367.35,1071.05,1344.2,1050.7,1329.7,1021.75,1328.95,995.65,1336.95,968.15,1355.8,952.9
5-64,Uninfected,No_comment,Polygon,15,1726.85,1173.95,1751.45,1161.6,1781.2,1161.6,1809.4,1179.75,1822.5,1201.45,1822.5,1226.1,1809.4,1251.45,1782.6,1271.05,1751.45,1278.95,1723.95,1273.2,1707.95,1260.85,1694.9,1236.2,1692,1218.1,1697.8,1195.65,1707.25,1184.1
5-65,Uninfected,No_comment,Polygon,16,1825.4,1270.3,1837.65,1266.65,1855.8,1268.85,1873.15,1278.95,1888.4,1296.35,1896.35,1318.1,1892.75,1342.8,1871,1369.6,1836.2,1384.1,1805.05,1384.75,1785.5,1374.65,1772.5,1358.7,1765.2,1331.2,1768.8,1310.85,1786.2,1287,1808.7,1274.65
5-66,Uninfected,No_comment,Polygon,15,1795.65,1022.5,1817.35,1017.4,1829.75,1018.85,1853.6,1032.65,1872.5,1057.95,1878.95,1081.2,1873.95,1108.7,1853.6,1128.95,1822.5,1138.45,1796.35,1136.2,1770.25,1116.65,1758.7,1092,1758.7,1065.2,1765.2,1040.55,1774.6,1031.2
5-67,Uninfected,No_comment,Polygon,15,1903.6,1120.3,1926.05,1126.1,1944.2,1139.9,1963.75,1168.1,1968.1,1197.1,1957.95,1225.4,1936.2,1254.35,1914.5,1263.05,1884.05,1261.6,1859.4,1245.65,1848.55,1221.75,1846.35,1187.65,1854.35,1157.95,1869.55,1134.75,1884.05,1121.75
5-68,Uninfected,No_comment,Polygon,15,2015.2,1201.45,2032.6,1199.25,2055.05,1204.35,2076.85,1223.95,2087.65,1244.25,2089.1,1271.75,2078.95,1300.7,2052.9,1318.85,2027.5,1322.5,2003.6,1315.2,1983.3,1299.25,1970.25,1273.2,1966.65,1251.45,1974.6,1225.4,1996.35,1205.8
5-69,Uninfected,No_comment,Polygon,15,2013.75,1331.85,2028.3,1332.65,2045.65,1340.55,2060.85,1365.2,2061.6,1392.8,2047.1,1418.1,2021,1432.65,1996.35,1436.2,1976.05,1434.75,1950,1420.3,1936.2,1388.45,1942,1355.8,1955.8,1338.45,1973.95,1329.75,1994.9,1331.2
5-70,Uninfected,No_comment,Polygon,15,1902.9,963.05,1916.65,960.15,1931.85,961.6,1956.5,973.2,1978.95,989.1,1989.1,1015.95,1984.05,1044.9,1965.9,1071.75,1940.55,1082.65,1921.7,1080.4,1903.6,1071.05,1885.5,1044.2,1877.5,1021.75,1874.6,994.2,1883.3,973.95
5-71,Uninfected,No_comment,Polygon,15,1673.95,900,1690.55,892.8,1718.1,892.8,1743.45,901.45,1760.85,921.75,1765.9,944.2,1763.75,965.95,1742,994.2,1707.95,1010.15,1685.5,1008.7,1661.6,997.8,1647.8,974.65,1644.9,950.7,1647.8,920.3,1657.25,907.95
5-72,Uninfected,No_comment,Polygon,15,1826.85,1401.4,1868.1,1390.55,1888.45,1390.55,1910.85,1403.6,1926.85,1428.25,1928.3,1458.65,1917.4,1494.15,1886.25,1510.1,1855.05,1515.9,1826.85,1513,1809.4,1497.8,1796.35,1478.25,1791.35,1452.85,1799.25,1424.6,1810.85,1410.1
5-73,Uninfected,No_comment,Polygon,15,1919.55,1537.65,1943.45,1530.4,1962.3,1531.15,1981.2,1541.25,1997.15,1569.55,2001.5,1593.45,1992,1626.05,1960.85,1653.6,1934.1,1657.2,1907.25,1649.25,1889.15,1630.4,1878.3,1607.95,1878.3,1585.5,1884.8,1567.35,1894.25,1549.25
5-74,Uninfected,No_comment,Polygon,15,2126.1,1586.2,2156.5,1583.3,2177.55,1584.75,2200.7,1605.75,2210.15,1629.7,2205.85,1660.85,2189.15,1688.4,2161.6,1706.5,2139.9,1710.85,2118.1,1706.5,2102.95,1692.7,2092,1670.25,2088.45,1644.15,2096.35,1614.45,2105.05,1599.95
5-75,Uninfected,No_comment,Polygon,15,1987.7,1704.3,2006.5,1704.3,2026.85,1708.65,2042.8,1720.25,2050.7,1739.1,2050.05,1765.2,2038.45,1796.35,2019.55,1810.85,1996.35,1819.55,1974.65,1818.1,1957.95,1807.2,1941.35,1784.05,1937,1759.4,1947.15,1726.8,1963.75,1710.85
5-76,Uninfected,No_comment,Polygon,14,1905.75,1813.05,1929.65,1813.75,1965.9,1841.3,1987.65,1877.5,1986.2,1914.5,1972.45,1940.55,1944.15,1955.05,1917.35,1958.7,1893.45,1949.25,1878.95,1925.4,1876.8,1894.9,1879.65,1866.65,1881.1,1842,1889.8,1823.15
5-77,Uninfected,No_comment,Polygon,15,2036.9,1820.3,2066.65,1817.4,2096.35,1821.7,2118.1,1829.75,2134.75,1852.15,2137.65,1878.3,2131.85,1900,2110.85,1919.55,2084,1929.75,2054.3,1930.4,2034.75,1921.7,2012.3,1898.55,2006.5,1868.85,2008.65,1844.2,2017.35,1829.75
5-78,Uninfected,No_comment,Polygon,17,2181.85,1765.2,2196.35,1760.85,2216.65,1760.15,2237.65,1767.4,2260.1,1792.75,2268.1,1813.75,2267.35,1839.85,2255.05,1865.95,2227.5,1884.1,2199.25,1887.65,2178.25,1882.65,2162.3,1870.3,2151.4,1852.15,2142,1826.85,2144.15,1805.05,2153.6,1783.3,2162.3,1772.5
5-79,Uninfected,No_comment,Polygon,17,2037.65,1988.45,2057.95,1984.1,2077.5,1985.55,2099.25,1994.9,2109.4,2010.85,2115.2,2028.3,2119.55,2056.5,2114.45,2080.4,2097.8,2104.35,2069.55,2119.55,2051.4,2120.3,2023.15,2109.4,2007.95,2086.2,1995.6,2057.95,1994.9,2034.1,2007.2,2007.25,2018.1,1996.35
5-80,Uninfected,No_comment,Polygon,16,2244.9,1966.65,2271,1963.05,2292,1965.2,2312.3,1984.75,2321,2005.05,2322.45,2034.75,2310.85,2058.7,2291.25,2076.85,2268.1,2081.2,2247.8,2078.95,2229.65,2069.55,2214.45,2052.15,2207.95,2033.3,2210.1,2010.15,2220.25,1987,2232.55,1973.95
5-81,Uninfected,No_comment,Polygon,16,1922.45,2064.5,1942.7,2060.2,1961.5,2063.1,1980.4,2073.15,1997.3,2098.45,2004.25,2123.15,1994.9,2150.65,1977.45,2173.15,1957.2,2185.55,1936.9,2187,1914.45,2173.15,1905.05,2160.15,1892.7,2137,1886.2,2108.65,1894.95,2083.3,1904.3,2073.15
5-82,Uninfected,No_comment,Polygon,16,1821,2139.1,1836.9,2128.95,1857.2,2128.3,1871.7,2139.1,1888.35,2160.15,1902.15,2178.95,1918.8,2192,1925.35,2212.3,1918.8,2239.9,1897.05,2253.6,1868.1,2258.7,1847.8,2258.7,1828.2,2247.1,1805.05,2205.8,1799.25,2173.95,1802.15,2150.7
5-83,Uninfected,No_comment,Polygon,17,1998.5,2176.75,2021,2157.2,2042,2154.3,2065.9,2159.4,2086.9,2175.3,2094.15,2197.8,2091.25,2221.7,2082.55,2244.9,2060.85,2260.1,2037.65,2276.75,2013.75,2281.85,1989.1,2272.4,1972.45,2257.2,1959.4,2236.2,1963,2214.45,1977.9,2194.7,1986.5,2188.15
5-84,Uninfected,No_comment,Polygon,15,2221.7,2093.45,2247.8,2093.45,2271.7,2093.45,2287.65,2099.9,2299.25,2130.4,2297.05,2156.5,2284,2193.45,2262.3,2205.75,2235.45,2208.65,2209.4,2203.6,2184.75,2189.1,2177.5,2160.85,2178.95,2130.4,2192.7,2104.3,2202.15,2095.55
5-85,Uninfected,No_comment,Polygon,15,2065.9,2277.5,2086.2,2269.5,2110.1,2268.85,2128.2,2276.05,2143.45,2298.55,2147.8,2321.7,2147.8,2352.2,2133.95,2380.4,2107.2,2393.45,2083.95,2397.85,2067.35,2396.35,2044.1,2380.4,2028.2,2351.45,2030.4,2319.5,2042.65,2297.85
5-86,Uninfected,No_comment,Polygon,17,2207.2,2216.6,2227.5,2216.6,2249.25,2220.25,2260.8,2236.95,2267.35,2260.8,2270.95,2300.75,2259.35,2326.8,2236.85,2345.65,2210.8,2352.9,2183.3,2346.35,2171.7,2330.4,2163.7,2305.8,2156.45,2284.75,2149.9,2268.05,2155.05,2244.2,2169.5,2225.35,2184.75,2218.85
5-87,Uninfected,No_comment,Polygon,14,2311.55,2195.65,2331.05,2192,2355.7,2193.45,2370.2,2202.9,2385.5,2232.5,2386.8,2258.65,2373.1,2289.05,2349.2,2304.95,2323.8,2307.9,2304.3,2301.4,2285.4,2283.3,2276.05,2262.2,2277.5,2234.05,2288.3,2213.65
5-88,Uninfected,No_comment,Polygon,17,2419.5,2135.5,2438.3,2131.15,2463.7,2129.7,2486.2,2131.85,2500.7,2142.75,2514.45,2170.95,2516.6,2195.65,2510.8,2220.95,2494.1,2243.45,2470.25,2257.9,2442,2260.8,2420.95,2254.35,2399.9,2236.95,2384,2210.15,2377.5,2186.2,2384.75,2165.15,2396.35,2147.1
5-89,Uninfected,No_comment,Polygon,17,2572.45,1970.95,2593.45,1965.9,2618.8,1964.45,2644.2,1970.25,2654.35,1981.85,2668.8,2004.35,2670.25,2028.25,2663.75,2052.9,2646.35,2081.15,2632.65,2102.1,2610.85,2113.7,2584.75,2112.25,2561.6,2088.4,2542.75,2062.25,2537.65,2027.5,2547.1,1994.85,2557.25,1981.15
5-90,Uninfected,No_comment,Polygon,18,2642,2168.8,2657.25,2168.05,2680.4,2176.8,2699.25,2186.2,2719.55,2186.95,2734.1,2186.2,2745.65,2200.65,2745.65,2211.55,2730.4,2228.25,2722.45,2244.2,2720.25,2272.4,2710.15,2283.3,2675.4,2292.75,2656.5,2287.65,2630.4,2267.35,2615.95,2247.1,2610.85,2213.7,2623.15,2182.6
5-91,Uninfected,No_comment,Polygon,14,2759.4,2219.5,2780.4,2209.35,2803.6,2210.15,2823.9,2222.4,2836.2,2242.75,2844.2,2270.95,2836.2,2295.65,2818.1,2314.45,2790.55,2323.15,2765.95,2322.4,2747.1,2309.35,2731.85,2290.55,2729.75,2266.6,2737.65,2237.65
5-92,Uninfected,No_comment,Polygon,18,2662.3,2078.95,2676.05,2057.25,2691.3,2045.65,2713.75,2043.4,2726.05,2050.65,2736.95,2069.5,2749.25,2086.95,2769.55,2108.7,2773.15,2129.7,2773.15,2153.55,2760.85,2168.05,2736.2,2176.05,2708.7,2175.35,2676.05,2167.35,2652.9,2156.45,2644.9,2138.4,2643.45,2115.9,2651.45,2092.75
5-93,Uninfected,No_comment,Polygon,16,2768.8,1984.05,2797.1,1980.4,2816.65,1984.75,2836.2,2000,2845.65,2015.9,2854.35,2039.1,2854.35,2064.45,2847.1,2084.75,2829.75,2100.65,2805.05,2105.8,2781.2,2100,2762.3,2081.85,2742,2055,2734.1,2017.35,2743.45,2000.65,2751.45,1990.55
5-94,Uninfected,No_comment,Polygon,20,2811.6,2118.05,2829.75,2108.7,2841.3,2102.1,2857.25,2101.45,2874.6,2109.35,2886.2,2123.9,2894.2,2140.55,2901.45,2165.15,2896.35,2196.3,2887.65,2219.5,2870.25,2228.25,2846.35,2229.7,2828.95,2215.15,2809.4,2202.1,2790.55,2195.65,2778.95,2181.15,2779.75,2151.45,2784.75,2134.05,2791.3,2122.4,2798.55,2119.5
5-95,Uninfected,No_comment,Polygon,17,2276.8,1710.15,2304.3,1714.5,2342,1721.7,2363.75,1731.85,2376.05,1754.35,2375.35,1779.7,2364.45,1808.7,2341.3,1823.9,2318.8,1826.8,2292.75,1820.95,2276.8,1804.35,2265.9,1780.4,2248.55,1760.8,2235.5,1745.65,2236.95,1726.05,2247.8,1716.6,2260.1,1711.6
5-96,Uninfected,No_comment,Polygon,14,2510.85,1834.05,2533.3,1828.25,2567.35,1833.3,2591.3,1855,2613,1888.4,2613.75,1916.6,2598.55,1947.1,2573.15,1956.45,2546.35,1960.8,2515.9,1952.9,2488.4,1926.8,2478.95,1900.75,2481.15,1868.05,2492.75,1844.95
5-97,Uninfected,No_comment,Polygon,15,2343.45,1589.85,2359.4,1584.05,2377.5,1584.05,2405.05,1596.4,2424.6,1618.05,2426.8,1636.95,2422.45,1662.25,2414.45,1692,2398.55,1709.35,2375.35,1713.05,2345.65,1705,2318.8,1682.6,2303.6,1647.1,2307.95,1623.15,2323.9,1600.65
5-98,Uninfected,No_comment,Polygon,16,2615.9,1774.6,2643.45,1773.15,2667.35,1778.25,2688.4,1791.3,2700,1810.15,2704.3,1839.1,2693.45,1870.95,2674.6,1883.3,2650,1889.1,2629.7,1884.75,2613,1865.95,2595.65,1845.65,2585.5,1828.95,2584.05,1805.8,2587.65,1789.1,2600,1778.25
5-99,Uninfected,No_comment,Polygon,16,2465.9,1623.15,2489.1,1618.05,2510.85,1619.5,2527.5,1629.7,2539.85,1646.4,2547.8,1668.05,2550,1696.4,2546.35,1718.8,2531.15,1737.65,2494.2,1745.65,2465.9,1744.2,2441.3,1734.75,2428.25,1715.95,2426.05,1687.65,2431.85,1662.25,2441.3,1637.65
5-100,Uninfected,No_comment,Polygon,17,2598.55,1611.6,2614.45,1607.25,2631.85,1607.9,2653.6,1623.9,2669.55,1636.95,2689.1,1654.35,2696.35,1677.5,2692.75,1704.35,2665.2,1731.15,2634.75,1738.4,2608.65,1737.65,2583.3,1726.05,2568.8,1703.55,2563.75,1672.45,2564.45,1644.95,2571.7,1627.5,2584.75,1618.8
5-101,Uninfected,No_comment,Polygon,15,2430.4,1507.25,2457.2,1499.3,2476.8,1500,2501.45,1510.8,2510.85,1528.95,2515.2,1552.1,2505.75,1582.6,2485.5,1599.3,2463.75,1605.8,2438.4,1605,2419.55,1591.3,2407.95,1575.35,2402.85,1557.25,2406.5,1531.15,2413.75,1517.35
5-102,Uninfected,No_comment,Polygon,15,2710.1,1521.7,2730.4,1522.45,2747.8,1530.4,2767.35,1556.45,2776.05,1582.6,2772.45,1616.6,2748.55,1641.3,2717.35,1646.4,2687.65,1636.95,2665.2,1612.25,2656.5,1587.65,2657.2,1563.05,2665.2,1550,2679.7,1534.75,2692.75,1528.25
5-103,Uninfected,No_comment,Polygon,19,2832.6,1578.25,2844.2,1576.8,2860.1,1581.85,2877.5,1593.5,2888.4,1605.8,2897.1,1629.7,2896.35,1655.8,2885.5,1680.4,2865.9,1708.7,2848.55,1717.4,2825.35,1717.4,2810.1,1706.45,2800.7,1681.85,2801.45,1666.6,2797.1,1651.45,2789.85,1639.1,2791.3,1615.95,2799.25,1600,2813.75,1586.95
5-104,Uninfected,No_comment,Polygon,15,2487.65,1411.6,2510.85,1400.7,2544.2,1398.6,2568.1,1409.4,2584.75,1426.85,2590.55,1459.4,2578.3,1490.55,2550.7,1507.95,2529.75,1508.7,2508.7,1501.5,2497.1,1489.9,2476.05,1476.1,2466.65,1463.05,2461.6,1442.8,2469.55,1421.05
5-105,Uninfected,No_comment,Polygon,16,2464.5,1268.85,2484.1,1263.05,2502.9,1264.5,2530.4,1280.45,2547.1,1297.8,2558.7,1321.05,2556.5,1344.9,2547.1,1365.2,2528.95,1380.45,2508.7,1383.35,2491.35,1379,2472.45,1365.2,2450,1344.25,2442,1326.1,2440.55,1302.15,2447.1,1284.1
5-106,Uninfected,No_comment,Polygon,15,2637.65,1289.9,2655.05,1285.55,2670.3,1287.65,2696.35,1302.95,2713.75,1330.45,2715.95,1358.7,2704.35,1385.55,2684.1,1402.95,2655.8,1410.85,2639.1,1405.05,2617.4,1391.35,2604.35,1373.95,2600,1344.9,2609.4,1318.85,2619.55,1302.15
5-107,Uninfected,No_comment,Polygon,14,2357.95,1374.65,2382.65,1375.4,2403.6,1384.1,2415.2,1400.7,2422.45,1433.35,2413.05,1467.4,2384.1,1488.45,2359.4,1492,2337.65,1489.1,2316.65,1476.1,2306.5,1452.95,2300,1423.95,2312.3,1394.9,2329.75,1379.75
5-108,Uninfected,No_comment,Polygon,15,2205.05,1307.25,2234.75,1292,2264.5,1291.35,2289.1,1303.6,2303.6,1328.3,2307.95,1355.8,2298.55,1389.1,2277.5,1415.95,2249.25,1428.3,2226.05,1426.85,2205.05,1417.4,2188.45,1397.15,2181.85,1373.95,2180.4,1344.9,2191.35,1322.5
5-109,Uninfected,No_comment,Polygon,16,2459.4,1127.55,2486.2,1119.6,2508.7,1118.85,2531.2,1126.85,2553.6,1148.6,2558.7,1179,2552.15,1220.3,2528.3,1237.65,2501.45,1242.8,2476.85,1243.45,2455.8,1239.1,2439.1,1223.2,2424.65,1201.5,2422.45,1173.95,2433.3,1149.25,2444.2,1134.1
5-110,Uninfected,No_comment,Polygon,17,2357.25,1068.85,2379.75,1066.65,2405.8,1074.65,2420.3,1091.35,2427.5,1109.4,2423.9,1138.45,2411.6,1176.1,2400,1197.15,2380.4,1205.8,2357.95,1203.6,2341.35,1192,2332.65,1172.5,2331.85,1154.35,2326.85,1129.75,2317.4,1109.4,2325.4,1081.9,2338.45,1071.75
5-111,Uninfected,No_comment,Polygon,14,2220.3,1107.25,2232.65,1095.7,2250.7,1092,2282.65,1097.15,2304.35,1115.2,2317.4,1148.6,2317.4,1175.4,2297.8,1205.8,2268.1,1213.05,2233.3,1208.7,2208.7,1187.65,2197.1,1164.5,2200,1134.1,2209.4,1118.85
5-112,Uninfected,No_comment,Polygon,19,2132.65,1189.9,2148.55,1185.55,2167.4,1184.1,2185.55,1191.35,2204.35,1208.7,2223.95,1223.2,2231.2,1236.25,2232.65,1257.95,2224.6,1274.65,2199.25,1289.9,2178.3,1304.4,2156.5,1311.6,2136.2,1308.7,2117.4,1297.15,2109.4,1281.2,2105.05,1258.7,2103.6,1238.45,2105.05,1211.6,2115.2,1195.7
5-113,Uninfected,No_comment,Polygon,15,2155.05,1006.45,2173.9,1005,2192.7,1008.7,2207.95,1018.8,2221,1040.55,2224.6,1064.5,2216.65,1088.4,2199.95,1109.35,2172.45,1126.05,2144.15,1126.05,2123.15,1110.8,2110.85,1086.95,2105.75,1060.8,2112.3,1034.75,2123.9,1018.8
5-114,Uninfected,No_comment,Polygon,19,2081.15,905.8,2113,905,2134,907.25,2149.25,921.7,2160.1,939.1,2163,957.9,2160.1,978.95,2145.6,994.2,2121.7,1010.15,2105.75,1023.9,2078.95,1029.7,2058.65,1024.6,2042,1013.05,2027.5,989.85,2024.6,970.25,2035.45,950,2049.95,928.25,2058.65,912.25,2070.25,907.25
5-115,Uninfected,No_comment,Polygon,16,1948.5,858.7,1975.35,855,1990.55,855.8,2015.2,865.9,2028.95,886.2,2032.55,907.25,2030.4,931.15,2016.65,953.55,1994.9,965.9,1978.25,967.35,1949.25,961.6,1932.55,945.65,1918.8,926.8,1915.2,902.1,1921,879.7,1931.85,865.9
5-116,Uninfected,No_comment,Polygon,16,1840.55,839.85,1855.05,821,1878.25,814.45,1896.35,813.7,1918.8,821,1927.5,836.95,1929.7,862.25,1923.9,889.1,1914.45,926.05,1902.15,952.9,1879.7,962.25,1852.85,958.7,1827.5,948.55,1810.85,927.5,1808.65,900,1821.7,874.6
5-117,Uninfected,No_comment,Polygon,16,1996.35,728.25,2025.35,726.05,2041.25,731.85,2063,750.65,2073.9,771,2078.25,793.5,2075.35,821.7,2056.5,841.3,2039.1,848.55,2012.3,845.65,1984,836.95,1961.55,821.7,1951.4,794.95,1950.7,768.8,1959.4,750,1971.7,736.2
5-118,Uninfected,No_comment,Polygon,15,2248.5,746.4,2265.2,745.65,2294.9,758.7,2310.85,778.25,2313.75,804.35,2305.05,836.95,2278.95,859.35,2253.6,869.55,2233.3,868.1,2204.3,854.35,2188.35,831.85,2186.2,805,2199.95,773.15,2218.8,754.35,2230.4,747.75
5-119,Uninfected,No_comment,Polygon,15,1511.55,824.6,1536.2,810.15,1560.1,809.4,1589.8,822.5,1608.65,844.2,1614.45,877.5,1599.25,915.9,1565.2,938.4,1532.6,941.3,1505.75,933.3,1481.85,915.2,1463.75,885.5,1467.35,863.75,1476.8,843.45,1495.6,831.15
5-120,Uninfected,No_comment,Polygon,18,1323.15,801.45,1330.4,776.85,1339.1,755.05,1352.85,749.25,1370.25,747.8,1388.35,760.85,1402.85,787.65,1415.2,805.8,1424.6,818.8,1428.25,842,1419.55,864.45,1397.8,881.85,1372.45,887.65,1345.6,884.75,1326.8,874.6,1311.55,857.25,1310.1,832.6,1312.3,820.25
5-121,Uninfected,No_comment,Polygon,17,1434.05,699.25,1458.65,692,1480.4,690.55,1495.6,697.8,1510.85,718.8,1523.9,739.85,1536.95,763,1536.2,779.75,1521.7,798.55,1492,815.9,1471,819.6,1447.05,817.35,1435.5,805.8,1420.25,789.1,1409.4,756.5,1410.85,729.75,1415.9,715.2
5-122,Uninfected,No_comment,Polygon,17,1564.45,639.1,1578.25,637.65,1603.6,638.4,1622.45,646.35,1639.1,658.7,1645.6,683.3,1653.6,707.25,1655.05,731.85,1638.35,754.35,1608.65,768.15,1583.3,769.6,1562.3,761.6,1545.6,744.2,1532.6,710.85,1525.35,685.5,1529.7,665.9,1545.6,647.1
5-123,Uninfected,No_comment,Polygon,16,1705.75,611.6,1723.15,610.15,1750.7,617.35,1770.25,631.85,1784.05,651.45,1787.65,683.3,1780.4,708.7,1764.45,731.15,1734.75,744.2,1707.2,746.35,1681.85,734.05,1667.35,707.95,1661.55,673.15,1662.3,643.45,1674.6,626.05,1687.65,617.35
5-124,Uninfected,No_comment,Polygon,16,1728.25,764.45,1749.95,756.5,1776.8,755.8,1797.05,760.85,1819.55,783.3,1821.7,805.8,1815.2,841.3,1800.7,869.6,1781.15,884.75,1749.25,885.5,1721.7,873.95,1691.25,845.65,1682.6,817.35,1692,785.5,1709.4,766.65,1716.65,764.45
5-125,Uninfected,No_comment,Polygon,16,1625.35,561.6,1663,566.7,1693.45,573.15,1705.75,578.95,1715.9,597.8,1708.65,612.3,1678.95,631.85,1653.6,645.65,1628.9,655.8,1602.1,656.45,1573.85,647.75,1556.5,636.2,1549.95,617.35,1563,595.65,1578.95,578.3,1602.85,564.45
5-126,Uninfected,No_comment,Polygon,17,1676.75,425.4,1689.75,426.85,1712.25,439.9,1724.6,457.95,1736.85,487,1744.1,518.85,1738.3,547.8,1721.7,557.25,1700.7,557.25,1673.85,550.05,1646.35,532.65,1625.3,509.4,1616.6,482.65,1616.6,453.6,1629.65,434.1,1651.4,424.65,1662.25,423.95
5-127,Uninfected,No_comment,Polygon,14,1736.2,292,1766.6,297.8,1797.8,308.7,1814.45,322.5,1825.3,344.9,1816.6,371.05,1783.3,403.6,1760.1,410.85,1727.5,408.7,1706.5,393.45,1692.65,371.75,1691.2,339.9,1699.25,318.85,1710.8,302.9
5-128,Uninfected,No_comment,Polygon,20,1784.75,437.65,1794.9,425.4,1804.3,414.5,1818.05,397.15,1828.95,380.45,1844.1,375.4,1856.5,375.4,1869.5,383.35,1878.2,396.35,1878.95,416.7,1884,432.65,1882.55,452.9,1855.75,480.45,1820.95,514.5,1799.25,535.55,1782.55,540.55,1764.45,532.65,1762.25,510.85,1765.9,478.3,1773.85,453.6
5-129,Uninfected,No_comment,Polygon,13,1918.8,350.05,1954.3,350.7,1987.65,370.3,2005.75,392,2011.55,419.6,2007.95,451.5,1986.9,476.1,1962.25,484.1,1934.75,476.1,1910.1,455.8,1894.1,426.1,1890.55,389.9,1900.7,363.05
5-130,Uninfected,No_comment,Polygon,19,1851.4,602.15,1870.95,603.6,1880.4,595.7,1890.55,574.65,1903.6,555.05,1923.15,529,1934.75,515.95,1936.2,500.05,1921.7,491.35,1910.8,484.1,1892.65,473.2,1880.4,468.85,1857.2,479,1824.6,519.6,1810.8,538.45,1799.95,560.85,1805.75,591.35,1824.6,600.7,1836.2,602.9
5-131,Uninfected,No_comment,Polygon,16,1927.5,563.75,1936.9,542.8,1949.95,528.3,1966.6,523.2,1992,526.85,2009.4,541.35,2014.45,559.4,2015.15,587.65,2008.65,616.7,1986.2,650.7,1949.95,655.8,1926.75,647.15,1910.1,629.75,1905.75,605.05,1908.65,587.65,1913,578.3
5-132,Uninfected,No_comment,Polygon,16,2103.55,685.5,2117.35,676.8,2134.75,672.45,2163.05,676.05,2178.95,681.85,2197.1,702.2,2200.65,729.7,2191.3,764.5,2170.95,794.95,2147.1,805,2126.05,805,2107.9,798.55,2092.75,782.6,2084.05,760.8,2082.6,734.05,2089.1,700
5-133,Uninfected,No_comment,Polygon,18,2034.75,590.6,2043.45,569.55,2060.15,556.45,2085.5,556.45,2104.35,563.7,2116.6,571.7,2123.15,591.3,2127.5,612.25,2132.6,642.75,2120.95,658.7,2093.45,677.5,2070.95,695.65,2047.1,694.2,2030.4,687.65,2015.9,671,2013.7,652.2,2022.45,626.8,2028.95,607.9
5-134,Uninfected,No_comment,Polygon,16,2184.75,544.2,2218.8,542.75,2244.2,557.25,2259.35,584.75,2261.6,611.6,2249.2,641.3,2229.7,669.55,2205.8,680.4,2190.55,677.5,2170.95,665.95,2152.1,652.2,2141.3,628.25,2136.95,602.1,2144.2,568.85,2157.25,553.55,2169.5,547.1
5-135,Uninfected,No_comment,Polygon,14,2190.55,417.4,2213.7,412.25,2234.75,413.7,2250.65,421.7,2265.9,438.4,2268.05,461.6,2261.6,489.85,2239.1,516.65,2210.15,521,2191.3,513.05,2170.25,493.5,2165.15,471,2167.35,444.95,2173.9,427.5
5-136,Uninfected,No_comment,Polygon,16,2272.4,642.05,2285.5,624.6,2304.35,615.95,2327.5,618.85,2347.1,631.85,2358.7,647.85,2366.6,671.7,2363.7,699.3,2352.9,728.95,2335.5,744.95,2307.25,748.55,2277.5,737.65,2258.7,725.35,2246.4,701.45,2249.2,671.7,2262.25,651.45
5-137,Uninfected,No_comment,Polygon,15,2404.35,691.3,2428.95,685.5,2446.35,686.95,2463.7,695.65,2481.85,717.4,2486.95,744.2,2478.95,767.4,2462.25,792.05,2431.85,805,2407.25,802.2,2382.6,793.5,2372.4,777.5,2366.6,749.3,2370.25,727.5,2387.65,700.75
5-138,Uninfected,No_comment,Polygon,16,2410.15,557.9,2431.85,544.2,2453.55,539.85,2473.15,542.05,2489.1,554.35,2505,578.95,2510.8,611.6,2507.9,634.75,2489.85,655.8,2462.25,666.65,2431.15,665.95,2410.15,658.7,2394.9,644.95,2382.6,618.85,2381.85,592.05,2391.3,571.7
5-139,Uninfected,No_comment,Polygon,15,2556.45,494.95,2569.5,492.75,2592.75,495.65,2613.05,505,2630.4,528.95,2634.75,558.7,2626.05,586.95,2603.55,609.35,2574.6,615.95,2542,612.25,2523.15,593.5,2511.6,568.1,2515.9,537.65,2524.6,515.95,2539.1,500
5-140,Uninfected,No_comment,Polygon,15,2568.05,657.9,2586.95,651.45,2612.25,655.8,2627.5,664.5,2643.45,685.5,2651.45,710.8,2648.55,735.5,2633.3,761.6,2603.55,779.7,2583.3,779.7,2551.45,765.95,2539.1,747.1,2531.15,716.6,2539.1,684.75,2552.9,666.65
5-141,Uninfected,No_comment,Polygon,15,2049.3,106.45,2069.5,105,2086.2,105,2109.35,112.25,2126.05,126.05,2134.05,155,2130.4,181.15,2100,218.1,2072.4,228.95,2042,227.5,2018.05,215.2,1999.2,184.75,1997.85,163,2009.35,139.15,2022.45,122.45
5-142,Uninfected,No_comment,Polygon,15,2125.35,229.7,2150,228.95,2186.2,237.7,2204.35,261.55,2215.95,289.15,2217.35,314.45,2206.45,336.95,2176.8,352.9,2152.1,352.9,2126.05,344.2,2103.55,327.5,2089.1,295.65,2089.1,269.55,2097.85,244.85,2105,235.5
5-143,Uninfected,No_comment,Polygon,16,2319.5,44.85,2344.2,40.6,2375.35,40.6,2405.8,62.25,2417.4,84.75,2423.15,108.65,2412.25,136.2,2392.75,157.9,2358.7,176.05,2335.5,177.5,2312.25,168.8,2291.3,153.55,2276.8,127.5,2272.4,100,2279.7,73.15,2294.9,57.25
5-144,Uninfected,No_comment,Polygon,14,2334.05,255.8,2353.55,255,2389.1,261.55,2415.95,280.4,2428.95,311.55,2426.8,337.65,2403.55,368.1,2376.8,378.25,2351.45,378.95,2337.65,368.8,2319.5,351.45,2305,319.55,2310.15,290.6,2325.35,265.2
5-145,Uninfected,No_comment,Polygon,16,2445.65,146.3,2464.5,131.15,2482.6,124.6,2509.35,128.95,2532.6,144.85,2545.65,163,2556.45,183.3,2558.7,205,2548.55,240.6,2521.7,275.35,2493.45,282.6,2460.15,275.35,2430.4,258.7,2415.95,226.05,2414.5,196.3,2424.6,166.65
5-146,Uninfected,No_comment,Polygon,15,2594.9,189.8,2628.95,182.55,2647.8,184.75,2667.35,195.6,2679.65,218.1,2682.55,241.25,2679.65,268.1,2662.3,289.1,2630.4,305.75,2594.9,305.05,2582.55,294.15,2563.75,271,2561.55,244.9,2572.4,215.9,2578.95,203.6
5-147,Uninfected,No_comment,Polygon,15,2704.3,284,2723.15,285.45,2745.6,296.35,2765.2,318.8,2771.7,342.7,2769.55,369.55,2753.6,394.9,2718.8,413.75,2695.6,413,2665.9,397.05,2647.8,370.25,2646.35,347.8,2653.6,323.9,2667.35,307.95,2686.9,291.25
5-148,Uninfected,No_comment,Polygon,17,2578.2,52.15,2590.55,49.95,2613,54.3,2634,68.1,2650.7,89.8,2665.9,108.65,2685.45,125.35,2684.75,151.4,2675.3,164.45,2652.15,168.8,2625.3,168.8,2589.8,173.15,2569.5,163,2557.95,142.7,2547.8,120.25,2547.8,89.8,2557.2,65.2
5-149,Uninfected,No_comment,Polygon,20,2744.15,155.05,2771.7,139.8,2791.25,139.1,2810.1,144.15,2830.4,160.85,2836.2,177.5,2831.1,194.9,2816.65,210.1,2808.65,226.05,2807.2,255.05,2805.75,272.45,2794.15,290.55,2774.6,294.9,2753.6,283.3,2733.3,272.45,2718.8,255.75,2709.4,234,2710.85,207.2,2720.25,178.95,2727.5,167.35
5-150,Uninfected,No_comment,Polygon,14,2881.85,190.55,2896.35,196.35,2920.95,208.65,2935.45,234,2938.35,259.4,2932.55,289.1,2915.9,313.75,2888.35,322.45,2868.1,321.7,2836.9,307.2,2820.95,279.7,2820.25,247.8,2834,214.45,2856.5,195.6
5-151,Uninfected,No_comment,Polygon,16,3023.85,197.8,3042,197.8,3058.65,202.85,3076.75,221.7,3084,245.6,3086.2,274.6,3073.15,303.6,3052.8,317.35,3027.5,319.55,3005.05,315.2,2986.2,303.6,2974.6,286.9,2972.4,261.55,2977.5,239.8,2995.6,213.75,3008.65,204.3
5-152,Uninfected,No_comment,Polygon,14,2673.9,599.25,2689.85,589.1,2712.3,589.1,2728.25,594.2,2759.4,620.25,2765.2,644.2,2761.55,680.4,2738.4,707.95,2710.1,716.65,2682.6,713.05,2661.55,692.75,2650,666.7,2648.55,637.65,2655.05,617.35
5-153,Uninfected,No_comment,Polygon,13,2853.6,394.2,2878.25,394.9,2902.9,402.9,2915.9,419.6,2920.25,443.45,2917.35,477.5,2896.35,502.9,2865.2,510.15,2844.9,502.9,2818.8,487.65,2810.1,458.7,2811.55,432.6,2826.05,409.4
5-154,Uninfected,No_comment,Polygon,17,2760.1,508.7,2771.7,500,2784.05,493.45,2795.65,492.75,2815.2,500.7,2829.7,515.2,2849.25,523.95,2864.45,532.6,2868.8,552.15,2862.3,586.2,2842.75,608.7,2808.65,628.3,2784.05,625.4,2760.85,600.7,2747.1,582.6,2739.1,557.25,2742,532.6
5-155,Uninfected,No_comment,Polygon,16,2950,497.8,2968.1,499.25,2992.75,508.7,3013.75,525.4,3022.45,548.55,3020.25,581.2,3004.35,610.85,2981.15,623.95,2955.75,626.85,2930.4,622.5,2908.65,607.95,2900,587.65,2897.8,563.05,2902.9,534.75,2917.35,512.3,2931.15,503.6
5-156,Uninfected,No_comment,Polygon,15,2864.45,654.35,2889.1,647.1,2917.35,652.15,2939.1,664.5,2955.05,684.75,2962.3,705.8,2957.2,722.5,2940.55,736.95,2926.05,757.25,2897.1,768.15,2862.3,758.7,2838.4,735.5,2831.85,704.35,2837.65,676.85,2846.35,666.7
5-157,Uninfected,No_comment,Polygon,14,3083.3,375.4,3102.15,363.75,3128.25,365.2,3143.45,373.95,3160.1,394.2,3165.2,424.6,3145.65,465.2,3115.9,476.05,3092,476.05,3068.8,467.35,3059.4,452.15,3053.6,430.4,3053.6,410.15,3063,389.1
5-158,Uninfected,No_comment,Polygon,15,2708.65,746.35,2720.25,735.4,2744.9,728.95,2768.1,730.4,2786.2,742.65,2799.95,773.15,2802.85,805,2789.8,834.75,2767.35,853.6,2742.7,861.55,2707.95,852.85,2688.35,833.95,2683.3,802.85,2685.5,780.4,2695.6,758.65
5-159,Uninfected,No_comment,Polygon,15,2794.15,867.35,2805.05,865.15,2825.35,870.95,2843.45,891.2,2858.65,921.7,2865.2,944.1,2860.1,967.35,2838.35,986.2,2813,991.2,2775.35,986.2,2753.6,966.6,2736.9,937.65,2738.35,909.35,2758.65,878.95,2768.8,870.25
5-160,Uninfected,No_comment,Polygon,18,2868.8,820.25,2884.75,808.65,2900.7,805.75,2914.45,806.45,2936.2,818.8,2957.2,838.3,2968.8,863.7,2971,888.3,2960.1,911.55,2949.25,933.95,2929.7,945.6,2898.5,948.5,2885.5,938.3,2870.25,914.45,2853.6,892,2844.9,867.35,2846.35,840.55,2852.15,831.1
5-161,Uninfected,No_comment,Polygon,16,2971,727.5,2984.75,720.95,2999.25,718.05,3024.6,723.15,3047.8,742,3060.85,773.15,3057.95,801.4,3047.05,831.85,3022.45,849.95,2997.05,849.95,2976.05,841.2,2955.05,821.7,2936.2,805.75,2932.6,781.85,2942,755,2953.6,738.3
5-162,Uninfected,No_comment,Polygon,16,2999.25,882.5,3013,876.05,3040.55,874.6,3065.9,879.65,3080.4,890.55,3090.55,913.7,3087.65,952.15,3070.25,981.85,3044.9,997.05,3017.35,996.35,2992.7,987.65,2973.9,970.95,2969.55,949.25,2969.55,926.05,2976.8,907.2,2986.2,891.2
5-163,Uninfected,No_comment,Polygon,15,2735.55,997.05,2748.6,997.05,2766.65,1002.85,2785.55,1020.25,2797.15,1052.85,2793.45,1085.45,2776.1,1110.8,2744.25,1125.3,2718.85,1121.7,2694.9,1110.1,2677.55,1084.75,2671.75,1058.65,2674.65,1028.95,2687,1011.55,2706.5,1001.4
5-164,Uninfected,No_comment,Polygon,15,2960.85,1033.3,2977.55,1031.1,2999.25,1030.4,3019.55,1034.75,3034.8,1049.25,3044.25,1070.95,3047.8,1101.4,3034.1,1131.85,3002.15,1152.15,2976.85,1152.85,2948.6,1139.75,2931.2,1120.25,2918.85,1092.65,2919.55,1065.9,2934.75,1044.1
5-165,Uninfected,No_comment,Polygon,16,2832.65,1131.1,2846.35,1110.8,2867.4,1106.5,2884.75,1105.75,2904.35,1110.8,2917.4,1122.4,2931.2,1145.55,2934.75,1176.75,2928.3,1208.65,2910.85,1231.85,2879.75,1239.1,2855.05,1234.75,2836.2,1218.8,2826.1,1197.8,2819.55,1168.05,2822.45,1146.35
5-166,Uninfected,No_comment,Polygon,16,2742,1245.55,2756.5,1232.55,2774.65,1227.5,2806.5,1229.65,2832.65,1243.45,2849.25,1270.25,2849.25,1286.2,2835.55,1304.3,2826.1,1322.4,2818.1,1349.25,2797.15,1360.1,2768.85,1361.55,2737,1344.1,2725.4,1318.05,2721.75,1290.55,2729,1260.8
5-167,Uninfected,No_comment,Polygon,15,2876.1,1292,2898.6,1290.55,2915.95,1292,2938.45,1305.75,2947.15,1328.2,2946.35,1362.3,2936.25,1392,2911.6,1407.95,2881.9,1410.1,2862.3,1403.6,2836.25,1383.3,2828.3,1357.95,2835.55,1330.4,2846.35,1310.1,2855.85,1299.95
5-168,Uninfected,No_comment,Polygon,15,2794.25,1402.85,2807.95,1394.9,2823.9,1394.15,2834.8,1398.5,2857.95,1416.65,2869.55,1423.9,2876.85,1440.55,2875.35,1462.3,2860.15,1481.1,2837,1492,2814.5,1492,2794.25,1479.65,2779,1461.55,2773.9,1439.1,2776.85,1419.55
5-169,Uninfected,No_comment,Polygon,16,2914.5,1501.4,2935.55,1494.15,2958.75,1493.45,2977.55,1497.05,2997.8,1509.4,3005.05,1528.95,3005.05,1555.75,2989.15,1589.8,2965.2,1609.4,2941.35,1617.35,2921,1616.65,2897.8,1602.85,2887.7,1586.2,2880.45,1562.3,2884.1,1534.75,2896.35,1515.2
5-170,Uninfected,No_comment,Polygon,15,3031.2,1312.3,3047.15,1315.9,3061.6,1326.75,3079,1359.4,3074.65,1391.25,3047.8,1420.25,3021,1426.8,2994.25,1426.05,2973.2,1412.3,2962.3,1392.7,2962.3,1368.8,2970.3,1336.2,2977.55,1320.25,2993.45,1311.55,3009.4,1310.1
5-171,Uninfected,No_comment,Polygon,16,3152.15,1346.35,3170.3,1344.9,3187.7,1345.6,3205.05,1350.7,3219.55,1362.3,3229.75,1380.4,3234.1,1406.5,3227.55,1435.45,3205.05,1452.85,3167.4,1459.4,3131.2,1452.15,3099.25,1434,3092.05,1415.2,3092.8,1394.15,3108.75,1366.65,3129,1352.15
5-172,Uninfected,No_comment,Polygon,15,3098.6,1466.65,3122.45,1465.2,3150.05,1468.8,3176.1,1476.05,3194.9,1486.9,3205.85,1513,3200.7,1545.6,3182.65,1572.45,3160.2,1578.95,3135.55,1576.05,3116.65,1565.2,3092.8,1555.75,3073.9,1536.9,3069.55,1507.2,3079.75,1481.1
5-173,Uninfected,No_comment,Polygon,16,2913.7,1657.25,2936.2,1644.9,2960.15,1644.25,2977.5,1650.05,2992.75,1669.55,3002.9,1702.95,2992.75,1736.25,2969.5,1758.7,2941.3,1769.55,2920.95,1769.55,2897.8,1759.4,2882.6,1740.55,2879.7,1720.3,2884.05,1697.8,2896.35,1679,2902.1,1670.3
5-174,Uninfected,No_comment,Polygon,15,3050,1571.75,3070.25,1568.85,3092.75,1571.05,3116.6,1579.75,3131.15,1591.35,3138.4,1611.6,3139.1,1637,3127.5,1662.3,3097.8,1680.45,3065.15,1684.8,3036.2,1675.4,3016.6,1652.95,3010.15,1624.65,3015.95,1594.9,3032.6,1576.85
5-175,Uninfected,No_comment,Polygon,16,3231.15,1537.65,3250.75,1531.9,3276.05,1529,3292,1534.1,3307.9,1547.15,3314.5,1571.05,3315.15,1594.25,3301.45,1627.55,3280.4,1643.45,3251.45,1648.6,3223.85,1644.25,3205,1629.75,3194.9,1609.4,3194.9,1586.25,3202.1,1568.85,3211.6,1553.6
5-176,Uninfected,No_comment,Polygon,16,3301.45,1660.85,3319.5,1659.4,3341.3,1663.05,3366.6,1674.65,3381.15,1686.25,3392.75,1710.85,3392.75,1738.45,3381.15,1759.4,3354.35,1771,3320.95,1772.5,3287.65,1760.15,3268.05,1739.9,3261.6,1718.1,3262.25,1699.25,3276.05,1676.1,3284.75,1666.65
5-177,Uninfected,No_comment,Polygon,13,3150.7,778.25,3167.35,768.8,3194.9,764.45,3218.05,773.15,3238.3,797.05,3248.45,839.8,3236.9,870.25,3202.15,897.8,3173.85,898.5,3144.1,885.45,3117.35,861.55,3112.25,834,3123.15,802.15
5-178,Uninfected,No_comment,Polygon,14,3130.4,925.35,3153.6,913.75,3176.05,915.2,3192.65,925.35,3202.8,940.55,3207.2,973.9,3199.9,1007.2,3181.1,1027.5,3155.75,1035.45,3131.1,1032.55,3107.2,1021,3094.9,999.95,3093.45,978.25,3106.5,943.45
5-179,Uninfected,No_comment,Polygon,16,3278.95,935.45,3301.35,934.75,3320.95,944.15,3333.3,963.75,3337.65,989.1,3334.75,1023.9,3312.25,1050.7,3284,1063.75,3252.8,1065.2,3224.6,1049.25,3215.9,1028.95,3214.45,1008.65,3219.5,975.35,3227.5,955.05,3248.45,944.15,3262.25,937.65
5-180,Uninfected,No_comment,Polygon,15,3404.25,926.8,3434.75,926.8,3455.05,938.35,3468.05,960.1,3472.4,992,3465.9,1019.55,3450.7,1031.1,3428.95,1043.45,3408.65,1052.15,3388.35,1050.7,3368.05,1039.1,3355.05,1015.9,3355.05,978.95,3365.9,949.95,3381.85,932.55
5-181,Uninfected,No_comment,Polygon,16,3318.05,1067.35,3339.75,1058.65,3360.85,1058.65,3384.75,1065.2,3394.9,1078.25,3403.6,1105.75,3407.2,1131.85,3403.6,1166.65,3384,1183.3,3361.55,1187.65,3339.1,1178.95,3314.45,1167.35,3294.9,1154.3,3284.75,1130.4,3284.75,1105.05,3297.8,1081.85
5-182,Uninfected,No_comment,Polygon,15,3451.35,1047.05,3465.15,1040.55,3486.2,1036.9,3509.4,1043.45,3534,1071.7,3537.65,1097.05,3525.3,1130.4,3494.1,1155.75,3467.35,1159.4,3445.55,1155.05,3427.5,1143.45,3412.25,1120.25,3409.4,1094.9,3418.05,1069.55,3434,1055.05
5-183,Uninfected,No_comment,Polygon,19,3547.8,964.45,3569.5,956.5,3600.7,958.65,3621.7,967.35,3636.2,984.75,3644.1,1007.2,3643.45,1034.75,3632.55,1060.1,3607.2,1080.4,3583.3,1084.75,3560.85,1080.4,3547.8,1068.1,3538.35,1050.7,3521.7,1038.35,3509.4,1026.05,3504.25,1002.85,3507.2,986.9,3519.5,974.6,3528.95,970.25
5-184,Uninfected,No_comment,Polygon,14,3294.9,1183.3,3326.05,1188.3,3346.35,1199.25,3358.65,1218.05,3363,1243.45,3355.05,1272.4,3323.15,1294.9,3289.1,1297.8,3259.4,1289.75,3239.75,1271.7,3235.45,1247.8,3239.75,1219.5,3255.05,1196.35,3268.05,1189.1
5-185,Uninfected,No_comment,Polygon,15,3295.55,1326.75,3315.9,1318.05,3332.55,1315.9,3350.7,1320.95,3362.25,1336.2,3367.35,1355,3363,1372.4,3349.9,1393.45,3332.55,1415.15,3307.95,1428.95,3283.3,1429.65,3266.6,1418.8,3249.9,1392.65,3252.8,1362.25,3272.4,1338.3
5-186,Uninfected,No_comment,Polygon,16,3418.05,1360.8,3444.1,1360.8,3469.5,1372.4,3481.85,1392.65,3481.85,1420.25,3470.95,1452.15,3448.45,1467.35,3417.35,1477.5,3395.55,1476.75,3370.25,1466.6,3357.95,1449.25,3349.9,1427.5,3356.5,1409.35,3372.4,1385.4,3385.45,1370.95,3400.7,1363
5-187,Uninfected,No_comment,Polygon,16,3439.75,1487.65,3469.5,1479.65,3492,1476.05,3511.55,1481.85,3532.55,1507.2,3538.35,1531.1,3538.35,1556.45,3527.5,1574.6,3502.15,1589.75,3481.1,1592.65,3453.6,1586.85,3434,1567.35,3419.5,1547,3412.25,1529.65,3420.25,1502.15,3426.05,1492.65
5-188,Uninfected,No_comment,Polygon,14,3596.35,1515.15,3615.15,1513.7,3635.45,1516.6,3649.9,1528.2,3660.1,1552.85,3660.1,1586.85,3642,1610.1,3612.25,1618.8,3592.65,1615.9,3565.15,1599.25,3555.05,1568.8,3557.2,1544.1,3568.8,1528.2,3576.05,1522.4
5-189,Uninfected,No_comment,Polygon,16,3359.4,1566.65,3382.6,1558.7,3401.45,1557.95,3421.7,1562.3,3434.05,1568.85,3448.55,1587,3454.35,1611.6,3455.8,1631.2,3439.85,1649.25,3407.95,1666.65,3379.7,1667.4,3353.6,1657.95,3333.3,1642.8,3324.6,1615.95,3331.15,1590.55,3339.85,1578.3
5-190,Uninfected,No_comment,Polygon,16,3485.5,1597.8,3513.75,1589.9,3526.05,1589.1,3553.6,1602.15,3565.9,1613.75,3583.3,1630.45,3591.3,1649.25,3586.2,1681.9,3563.75,1711.6,3529.7,1725.4,3499.25,1719.55,3476.05,1702.95,3455.8,1684.1,3450,1656.5,3452.15,1634,3466.65,1611.6
5-191,Uninfected,No_comment,Polygon,19,3402.9,1723.2,3416.65,1704.4,3432.6,1696.35,3451.45,1697.15,3474.6,1707.25,3496.35,1721.75,3507.95,1741.35,3501.45,1768.1,3491.3,1787,3484.05,1805.8,3479.7,1822.5,3459.4,1839.1,3431.85,1841.35,3409.4,1830.45,3386.95,1811.6,3382.6,1787.7,3386.95,1766.65,3394.9,1757.25,3402.9,1734.8
5-192,Uninfected,No_comment,Polygon,15,3536.2,1776.1,3549.25,1773.95,3563,1773.2,3577.5,1776.85,3593.45,1792,3599.25,1812.3,3600,1839.1,3584.05,1859.4,3547.8,1868.85,3524.6,1863.05,3502.15,1847.8,3493.45,1830.45,3494.9,1813.05,3503.6,1793.45,3514.45,1783.35
5-193,Uninfected,No_comment,Polygon,16,3622.45,1668.1,3642.75,1660.15,3666.65,1657.95,3686.95,1664.5,3697.1,1676.85,3705.8,1700.7,3707.95,1728.3,3697.1,1753.6,3674.6,1773.2,3650,1784.1,3624.6,1783.35,3602.15,1768.85,3589.85,1754.4,3582.6,1729.75,3584.75,1708.7,3598.55,1684.1
5-194,Uninfected,No_comment,Polygon,17,3747.1,1568.1,3780.4,1567.4,3805.05,1574.65,3825.35,1587,3842,1605.8,3847.1,1625.4,3842.75,1650.05,3830.4,1670.3,3804.35,1681.2,3775.35,1682.65,3744.2,1679.75,3722.45,1665.95,3703.6,1642.8,3697.8,1619.55,3700.7,1600.7,3711.55,1581.9,3722.45,1575.4
5-195,Uninfected,No_comment,Polygon,19,3780.4,1705.05,3801.45,1699.25,3823.15,1693.45,3842,1687,3860.85,1689.9,3873.15,1699.25,3877.5,1712.3,3876.8,1731.9,3863,1752.15,3847.8,1776.1,3821.7,1784.1,3791.3,1783.35,3763.75,1794.9,3743.45,1799.25,3727.5,1786.25,3723.9,1759.4,3727.5,1737.65,3744.2,1718.1,3752.9,1712.3
5-196,Uninfected,No_comment,Polygon,17,3784.75,1796.35,3823.15,1792,3836.95,1793.45,3852.15,1805.05,3867.35,1826.1,3878.25,1843.45,3888.4,1874.65,3880.4,1900.7,3858.7,1926.1,3836.2,1937.7,3813,1941.35,3794.2,1934.1,3775.35,1909.4,3759.4,1879.75,3747.8,1848.6,3754.35,1821.75,3770.25,1805.05
5-197,Uninfected,No_comment,Polygon,20,3636.95,1408.7,3663.75,1400.7,3698.55,1400.05,3719.55,1407.25,3734.05,1421.05,3741.3,1442,3739.85,1470.3,3729.7,1497.15,3711.55,1515.95,3692,1524.65,3673.9,1523.95,3657.95,1516.65,3637.65,1503.6,3618.1,1487.65,3597.8,1469.55,3578.25,1453.6,3576.05,1442,3589.85,1436.25,3607.95,1429.75,3619.55,1421.75
5-198,Uninfected,No_comment,Polygon,17,1169.85,1065.85,1193.5,1069.15,1219.2,1080.95,1231,1098.1,1242.2,1119.8,1242.2,1145.4,1235.65,1173.1,1215.25,1194.75,1188.25,1202.05,1159.3,1204,1138.25,1192.8,1124.45,1174.35,1117.2,1152.05,1117.85,1132.3,1127.05,1105.95,1138.9,1085.6,1153.4,1070.4
5-199,Uninfected,No_comment,Polygon,15,3264.85,595.1,3279.6,596.05,3300.15,600.95,3315.35,609.8,3322.25,625,3319.3,650.95,3306.55,675.95,3283.5,695.6,3259.95,702.45,3238.4,700,3215.35,686.75,3204.55,664.7,3207,629.9,3228.1,603.9,3244.3,597.05
5-200,Uninfected,No_comment,Polygon,16,3162.9,506.35,3185.95,500,3204.1,500,3218.3,505.85,3231.55,522.55,3234,542.65,3231.05,563.2,3219.75,586.75,3203.6,604.9,3183,615.65,3161.45,617.65,3142.8,611.75,3128.1,595.55,3120.25,570.1,3124.2,544.1,3140.85,519.6
5-201,Uninfected,No_comment,Polygon,16,3313.9,467.15,3334.5,467.15,3351.15,471.55,3366.85,486.25,3377.6,519.1,3378.1,539.7,3370.25,558.3,3353.1,575.45,3335.45,583.8,3312.9,586.75,3295.25,582.8,3277.6,570.1,3267.3,550,3266.35,517.65,3276.65,489.7,3293.8,474.5
5-202,Uninfected,No_comment,Polygon,19,3432.55,536.75,3450.65,535.75,3467.8,539.2,3487.45,552.45,3499.2,571.05,3502.65,595.55,3500.2,619.6,3496.25,636.75,3482.55,654.4,3463.9,664.2,3440.35,669.1,3418.8,667.65,3395.25,655.4,3378.6,640.2,3367.35,619.1,3368.3,595.1,3382.05,570.1,3398.7,550.45,3413.4,542.15
5-203,Uninfected,No_comment,Polygon,19,3162.4,247.05,3182.95,247.55,3204.05,253.45,3224.65,268.15,3233.45,288.75,3238.85,314.2,3236.4,338.25,3223.65,359.3,3205.05,370.6,3182.95,376,3162.85,373.05,3142.75,359.8,3128.05,349.5,3114.35,331.85,3108.45,300.5,3115.3,274.5,3126.6,259.8,3135.9,252.45,3148.15,249
5-204,Uninfected,No_comment,Polygon,17,3254.55,351.95,3264.35,344.1,3278.05,340.7,3299.15,345.1,3318.25,353.95,3339.35,382.35,3341.3,407.35,3333.95,429.4,3313.85,445.6,3281,462.25,3261.4,467.15,3236.9,465.2,3218.25,449.05,3212.85,426.95,3213.35,404.9,3225.6,381.85,3240.8,363.75
5-205,Uninfected,No_comment,Polygon,17,3282.5,94.1,3295.25,93.1,3314.85,96.55,3333.55,108.85,3347.7,129.95,3350.65,153.4,3345.25,185.3,3328.1,211.75,3303.1,222.05,3282.5,222.05,3254.6,211.75,3236.4,191.65,3230.05,172.05,3233,142.65,3243.35,120.1,3254.05,106.4,3263.45,99.5
5-206,Uninfected,No_comment,Polygon,17,3386.4,186.75,3404.05,185.75,3415.85,186.75,3438.4,201.5,3445.75,222.05,3447.7,255.4,3441.8,286.25,3422.7,314.25,3392.8,324.5,3366.3,321.6,3338.85,305.85,3327.6,285.75,3325.65,257.9,3335.45,231.85,3349.65,210.3,3361.9,195.55,3369.75,190.65
5-207,Uninfected,No_comment,Polygon,18,3494.3,207.8,3506.55,203.9,3522.75,202.5,3541.85,202.9,3551.15,207.8,3562.95,227.9,3569.8,262.25,3569.3,293.6,3563.4,319.6,3541.85,339.7,3515.4,344.6,3493.3,342.15,3469.3,326.45,3458.5,303.4,3461.95,279.9,3467.85,253.95,3470.75,227.45,3479.6,215.65
5-208,Uninfected,No_comment,Polygon,17,3610,378,3624.2,370.1,3640.85,365.65,3654.6,365.65,3671.75,375.5,3684.5,394.1,3689.4,425,3682.05,455.9,3660.95,487.25,3636.45,503.9,3615.35,504.4,3598.2,496.05,3583,477,3576.65,452.95,3579.6,428.4,3589.4,402.45,3596.25,388.7
5-209,Uninfected,No_comment,Polygon,18,3732.05,435.3,3748.7,433.8,3764.9,437.25,3778.15,447.1,3791.85,473.05,3797.25,502.45,3791.85,526.45,3775.2,547.05,3752.15,562.3,3724.2,569.6,3706.05,567.15,3681.55,554.4,3670.75,534.85,3669.3,517.65,3676.65,494.65,3690.4,474,3704.6,450,3714.35,440.2
5-210,Uninfected,No_comment,Polygon,20,3559.5,538.25,3577.65,528.45,3596.75,525,3616.35,528.45,3632.05,541.65,3642.35,554.4,3649.2,570.1,3649.7,586.75,3642.85,599,3630.1,608.35,3623.2,622.6,3615.35,637.25,3597.25,645.15,3578.1,644.6,3557.55,638.25,3537.9,625.5,3526.15,605.4,3524.7,584.3,3532.05,559.85,3543.3,546.55
5-211,Uninfected,No_comment,Polygon,20,3485.45,423.5,3510.45,419.6,3526.15,421.55,3542.8,431.35,3551.65,446.55,3561.95,464.2,3573.2,483.8,3577.15,498.05,3561.45,524,3541.35,535.8,3521.25,544.1,3503.6,544.6,3481.55,530.4,3461.45,514.2,3448.2,493.15,3441.35,463.7,3447.25,454.45,3459,444.6,3467.8,434.3,3473.7,428.9
5-212,Uninfected,No_comment,Polygon,15,3716.8,686.8,3736.4,683.35,3760,687.75,3782,697.55,3797.75,711.3,3814.9,737.3,3813.35,765.2,3801.15,791.2,3778.6,805.4,3738.9,807.4,3712.85,797.6,3688.85,779.45,3679.05,755.9,3682.5,723.55,3694.25,700.05
5-213,Uninfected,No_comment,Polygon,16,3560.45,663.75,3576.1,661.3,3592.3,661.3,3609.9,667.65,3624.7,677,3635.95,701,3634.5,734.35,3627.15,766.2,3599.2,787.8,3572.65,793.15,3541.85,789.25,3519.3,774.05,3509.5,752,3509,717.2,3523.65,683.85,3538.35,671.6
5-214,Uninfected,No_comment,Polygon,18,3845.7,617.65,3863.9,614.75,3882.55,620.1,3898.7,628.45,3919.3,636.3,3934.95,644.65,3943.25,666.2,3940.8,689.75,3928.55,712.3,3903.55,729.45,3871.25,735.8,3841.8,731.9,3820.7,712.3,3807,696.6,3797.75,673.05,3797.75,650.5,3812.9,627.95,3827.65,618.65
5-215,Uninfected,No_comment,Polygon,18,3913.35,772.1,3930.1,768.15,3947.2,767.7,3967.85,777.95,3984.95,799.05,3989.4,821.6,3987.4,852,3978.55,875.05,3959,894.65,3932.55,900.05,3907.55,898.1,3885.5,888.25,3871.25,871.6,3860.45,852.5,3859,828.95,3863.9,812.8,3875.2,794.65,3889.35,782.4
5-216,Uninfected,No_comment,Polygon,15,3715.4,1013.25,3732.55,1010.8,3752.15,1013.75,3770.3,1025,3783.55,1045.6,3784.5,1070.1,3778.65,1102.5,3759.5,1122.1,3732.05,1126.5,3708.05,1123.05,3681.55,1107.85,3669.3,1087.3,3666.85,1062.75,3676.65,1035.8,3690.4,1022.1
5-217,Uninfected,No_comment,Polygon,17,3825.7,902,3848.25,900.5,3877.15,902.45,3890.9,909.4,3906.1,924.55,3911.5,946.1,3912.45,965.7,3906.6,991.7,3890.4,1007.35,3857.05,1017.2,3824.7,1018.65,3806.55,1013.25,3788.45,998.55,3775.2,975.5,3775.2,949.05,3787.45,930.4,3807.05,912.75
5-218,Uninfected,No_comment,Polygon,19,3852.65,1035.8,3873.25,1028.5,3893.85,1027,3910.5,1028.95,3918.85,1033.85,3927.65,1048.05,3934.5,1071.6,3943.35,1086.3,3948.75,1102.95,3943.85,1118.15,3930.6,1142.2,3907.05,1154,3868.85,1154.45,3839.9,1144.15,3816.85,1121.6,3810.5,1099.55,3815.9,1076.5,3828.15,1055.4,3835.5,1046.15
5-219,Uninfected,No_comment,Polygon,18,3612.9,1133.4,3632.5,1134.35,3657.1,1140.75,3668.35,1149.55,3678.6,1166.2,3684,1192.2,3677.6,1217.2,3656.55,1236.35,3631.55,1241.25,3609,1242.2,3578.6,1233.85,3555.6,1217.2,3545.3,1199.05,3539.4,1168.7,3545.3,1150.55,3554.55,1141.2,3574.65,1134.85,3595.75,1132.9
5-220,Uninfected,No_comment,Polygon,17,3774.65,1144.6,3789.4,1148.1,3803.05,1157.4,3811.4,1167.2,3819.8,1186.8,3820.7,1207.4,3810.4,1228.95,3797.65,1249.55,3772.7,1257.9,3745.25,1260.35,3719.85,1251.05,3703.1,1231.4,3697.35,1210.85,3703.1,1187.3,3722.35,1160.35,3744.85,1146.2,3759.5,1144.2
5-221,Uninfected,No_comment,Polygon,17,3885.95,1208.4,3897.8,1206.9,3917.9,1211.8,3937.95,1222.6,3952.7,1241.25,3953.6,1263.8,3950.25,1286.35,3939.4,1303.5,3907.05,1320.65,3877.7,1323.6,3851.65,1314.75,3830.15,1296.15,3822.3,1278,3824.7,1250.05,3836.45,1228.95,3859,1212.8,3868.3,1210.35
5-222,Uninfected,No_comment,Polygon,22,3668.8,1254.95,3689.35,1254.95,3709.95,1258.9,3732,1266.25,3759.95,1276.05,3772.7,1285.85,3778.6,1302.05,3778.6,1328,3766.35,1356.45,3744.75,1372.15,3717.3,1377.05,3692.8,1370.65,3662.9,1355.95,3633.5,1340.75,3614.85,1322.1,3599.15,1304.5,3586.45,1286.85,3580.55,1271.65,3589.35,1264.75,3609,1259.4,3630.55,1256.95,3646.75,1256.45
5-223,Uninfected,No_comment,Polygon,15,3961.5,1440.2,3983.05,1439.75,4007.05,1445.6,4025.2,1457.85,4037.95,1485.8,4035,1515.7,4017.35,1550.5,3988.95,1562.8,3967.85,1565.25,3945.3,1559.85,3924.7,1545.15,3910,1523.55,3907.55,1492.2,3918.35,1464.75,3941.85,1447.1
5-224,Uninfected,No_comment,Polygon,17,4093.85,1460.3,4118.35,1454.45,4138.95,1458.35,4152.65,1464.25,4172.25,1482.4,4180.6,1508.85,4178.15,1541.7,4164.9,1566.2,4138.45,1586.3,4112.45,1589.75,4087.45,1585.8,4063.45,1574.05,4050.2,1554.45,4048.25,1532.4,4055.1,1510.35,4059.5,1484.85,4073.75,1469.65
5-225,Uninfected,No_comment,Polygon,19,3818.35,1477.95,3842.85,1477,3859,1477.95,3869.8,1481.9,3882.05,1493.15,3891.35,1515.25,3901.65,1531.9,3913.9,1551.5,3913.45,1571.6,3906.55,1591.7,3889.9,1602,3873.75,1604.45,3856.55,1597.1,3836.95,1580.45,3816.85,1556.4,3802.15,1530.9,3798.25,1498.55,3799.7,1484.85,3805.1,1479.95
5-226,Uninfected,No_comment,Polygon,18,3970.3,1584.85,3993.85,1580.45,4014.4,1581.9,4031.1,1588.75,4049.25,1610.8,4061,1631.9,4064.9,1653,4059.5,1671.1,4050.7,1686.3,4032.05,1700.55,4011.5,1703.95,3989.4,1700.55,3966.85,1690.25,3946.3,1669.65,3935,1646.1,3934.5,1618.65,3945.3,1599.05,3958.55,1588.25
5-227,Uninfected,No_comment,Polygon,19,4103.65,879.45,4121.3,877,4144.8,879.95,4165.9,890.25,4181.1,903.95,4190.9,931.9,4193.35,961.3,4185.5,989.75,4168.35,1007.4,4141.9,1011.8,4112.45,1010.35,4082.55,1007.4,4056.6,992.7,4045.3,975.55,4043.85,952.5,4051.7,926,4062.95,905.9,4080.1,889.75,4090.4,883.35
5-228,Uninfected,No_comment,Polygon,18,3982.05,1001.5,3993.85,995.65,4011.5,991.7,4026.2,993.2,4042.85,999.05,4058.55,1012.3,4065.9,1032.4,4062.95,1056.4,4059.05,1079.45,4043.85,1102,4019.35,1110.35,3990.9,1107.9,3968.35,1096.15,3954.15,1079.45,3949.25,1058.85,3950.2,1036.3,3959.05,1014.75,3964.9,1009.35
5-229,Uninfected,No_comment,Polygon,16,4128.65,1013.3,4147.75,1014.25,4167.85,1025.55,4179.65,1042.7,4184.05,1065.75,4180.6,1094.65,4162.45,1119.15,4129.15,1131.4,4108.05,1129.95,4090.9,1119.15,4080.1,1105.95,4075.2,1086.8,4077.65,1065.25,4083.55,1044.15,4093.35,1025.05,4106.1,1015.25
5-230,Uninfected,No_comment,Polygon,18,3992.35,1128,4004.6,1125.55,4021.75,1122.6,4039.9,1121.05,4057.55,1123.5,4068.8,1130.85,4076.15,1147.05,4078.1,1164.25,4075.2,1189.7,4060.45,1213.7,4039.4,1228,4008,1232.9,3983.5,1231.35,3960.45,1218.6,3951.15,1202.45,3948.7,1180.45,3958.5,1150.55,3972.7,1135.8
5-231,Uninfected,No_comment,Polygon,17,4130.1,1177.45,4151.65,1170.15,4176.65,1169.65,4194.3,1175,4208.5,1189.25,4216.35,1202,4223.7,1229.45,4220.8,1253.45,4203.6,1282.4,4176.65,1298.1,4150.2,1303.5,4118.8,1294.65,4104.1,1278.9,4096.25,1256.9,4094.8,1231.35,4103.1,1208.35,4114.4,1189.25
5-232,Uninfected,No_comment,Polygon,16,4237.45,1339.75,4278.6,1344.65,4296.25,1355.95,4312.45,1370.15,4320.3,1389.8,4323.7,1409.4,4319.8,1430.45,4300.2,1450.55,4275.2,1465.75,4254.6,1467.25,4225.2,1452.05,4204.1,1431.45,4191.35,1409.85,4191.85,1384.85,4200.2,1362.3,4215.4,1345.65
5-233,Uninfected,No_comment,Polygon,17,4244.3,1542.7,4268.9,1542.15,4291.45,1551.55,4311,1564.25,4333.05,1579.45,4340.4,1606.45,4336,1637.8,4316.85,1669.2,4283.6,1686.3,4260.5,1686.85,4231.55,1677.45,4211.95,1664.3,4200.2,1645.65,4189.95,1621.65,4189.4,1591.25,4203.15,1564.25,4223.8,1546.65
5-234,Uninfected,No_comment,Polygon,18,4135.5,1647.1,4148.75,1643.65,4167.85,1645.65,4188.9,1654.9,4201.65,1669.65,4218.85,1692.2,4218.85,1713.75,4211.05,1735.35,4190.4,1753.95,4162.45,1764.3,4133.6,1760.85,4108.55,1752.05,4087,1736.3,4077.2,1717.2,4077.2,1696.1,4084.55,1673.1,4099.2,1657.35,4115.95,1650.55
5-235,Uninfected,No_comment,Polygon,18,3927.15,1736.85,3938.9,1737.35,3956.55,1743.2,3977.15,1755.95,3985.5,1770.65,3986.95,1802.05,3978.15,1824.1,3965.4,1850.1,3948.25,1861.35,3923.65,1864.8,3906.55,1862.35,3891.35,1847.15,3877.1,1825.6,3863.35,1800.1,3865.4,1777.55,3877.1,1755.95,3899.2,1741.75,3909,1737.85
5-236,Uninfected,No_comment,Polygon,18,3909.5,1880.95,3924.65,1877.55,3942.3,1877.05,3958.5,1878.5,3973.65,1884.9,3989.4,1901.05,4008.05,1926.05,4009.95,1942.25,4004.1,1963.35,3985.5,1978.05,3953.55,1989.8,3930.6,1989.3,3907.05,1978.05,3892.85,1963.8,3884.5,1945.2,3884,1921.15,3888.35,1903.5,3894.3,1892.25
5-237,Uninfected,No_comment,Polygon,19,4026.15,1788.8,4047.25,1786.35,4062.45,1787.35,4083.95,1794.2,4097.7,1805.5,4106.5,1822.15,4110.5,1845.7,4104.6,1872.15,4094.3,1896.15,4073.75,1912.35,4048.25,1918.25,4023.7,1912.85,4000.7,1897.65,3989.4,1883.4,3983.05,1857.95,3986.45,1840.3,3995.3,1816.25,4003.6,1800.1,4012.95,1792.25
5-238,Uninfected,No_comment,Polygon,19,4166.8,1802.05,4182.05,1797.65,4201.65,1800.1,4222.75,1808.4,4236.9,1818.7,4245.75,1837.85,4248.2,1863.3,4242.85,1885.4,4225.65,1917.75,4206.6,1930,4178.1,1934.9,4158,1932.95,4135,1920.2,4122.25,1902.05,4119.3,1882.45,4121.3,1860.4,4125.15,1837.35,4131.5,1821.65,4148.75,1807.45
5-239,Uninfected,No_comment,Polygon,17,4236,1938.3,4269.35,1937.3,4292.4,1941.25,4311,1949.55,4323.75,1972.6,4327.2,1992.2,4319.85,2019.2,4302.7,2035.85,4277.2,2046.65,4250.7,2049.55,4230.6,2041.75,4210,2027,4199.25,2009.85,4194.35,1989.3,4199.25,1968.7,4208.55,1953,4216.4,1946.15
5-240,Uninfected,No_comment,Polygon,17,4183.05,2177.55,4205.1,2178.95,4222.25,2186.3,4234,2197.15,4243.3,2215.8,4247.25,2233.9,4244.3,2258.45,4227.65,2280.45,4208.5,2302.55,4185.95,2309.4,4168.3,2304.5,4150.2,2285.9,4133,2263.85,4126.65,2241.75,4130.1,2208.45,4141.35,2190.3,4159.5,2181
5-241,Uninfected,No_comment,Polygon,16,4065.35,2272.65,4084,2268.25,4104.1,2271.2,4120.75,2281.45,4136.45,2294.7,4147.75,2314.25,4149.7,2338.35,4141.35,2362.85,4116.85,2384.35,4087.9,2392.75,4056.05,2391.3,4034,2372.65,4020.75,2346.2,4022.25,2315.3,4028.6,2294.15,4043.8,2278.05
5-242,Uninfected,No_comment,Polygon,19,3922.25,2293.25,3942.8,2295.65,3958.5,2298.15,3975.65,2313.8,3994.3,2338.8,4010.9,2367.75,4011.9,2397.8,4001.15,2413.4,3985.4,2421.75,3966.3,2422.05,3956.05,2416.8,3929.05,2398.15,3908,2385.9,3891.35,2367.75,3880.1,2348.05,3873.7,2318.75,3881.1,2303.55,3896.25,2297.15,3906.1,2294.65
5-243,Uninfected,No_comment,Polygon,17,3872.75,2403.05,3902.65,2403.05,3921.75,2409.35,3938.9,2422.1,3951.1,2439.3,3954.55,2456.95,3946.75,2479.05,3923.2,2497.1,3894.3,2510.4,3867.85,2508.4,3845.3,2496.2,3835,2480.5,3826.15,2460.4,3823.7,2441.3,3829.1,2426.6,3837.95,2414.3,3851.65,2406.9
5-244,Uninfected,No_comment,Polygon,18,3745.7,2258.45,3766.8,2256.45,3787.85,2259.9,3804.1,2268.25,3823.15,2281,3835,2297.65,3840.4,2322.15,3838.9,2343.75,3825.6,2371.65,3805.5,2385.4,3774.15,2394.2,3752.15,2390.75,3725.6,2376.6,3702.15,2353,3699.7,2333.95,3704.6,2302.55,3715.85,2277.55,3727.65,2262.35
5-245,Uninfected,No_comment,Polygon,18,3656.05,2416.3,3667.35,2405,3683.5,2397.65,3705.5,2397.65,3731.05,2404.45,3751.15,2417.25,3764.35,2437.35,3772.75,2469.65,3766.35,2497.1,3745.25,2514.35,3710.95,2527.05,3676.15,2530.95,3653.6,2520.2,3635.95,2499.15,3628.1,2477.55,3628.6,2457.95,3633,2439.8,3642.35,2426.6
5-246,Uninfected,No_comment,Polygon,16,3606.5,2307.95,3624.65,2312.35,3640.35,2317.75,3655.55,2331,3662.4,2346.15,3663.9,2368.7,3655.55,2394.75,3632,2417.3,3603.1,2425.1,3579.55,2423.7,3556.5,2409.4,3543.75,2388.4,3543.75,2363.8,3552.1,2342.3,3566.3,2321.15,3584.95,2308.45
5-247,Uninfected,No_comment,Polygon,19,3597.2,2199.15,3619.25,2188.8,3637.4,2187.35,3658.5,2190.75,3673.7,2201.05,3686.45,2220.2,3696.25,2245.2,3694.25,2268.25,3680.05,2293.3,3657.5,2306.45,3630.55,2312.35,3593.8,2309.9,3570.25,2302.55,3551.6,2282.45,3543.75,2263.35,3541.8,2242.25,3547.2,2223.15,3557,2210.85,3571.25,2205.95
5-248,Uninfected,No_comment,Polygon,18,3560.95,2076.6,3580.55,2078,3601.15,2085.4,3615.85,2094.2,3631.5,2107.95,3644.75,2120.65,3653.1,2134.4,3654.55,2154.05,3642.8,2172.15,3611.4,2183,3580.05,2189.8,3552.1,2193.7,3534.95,2187.9,3519.75,2169.25,3516.3,2144.25,3515.85,2118.7,3524.15,2089.3,3538.4,2078
5-249,Uninfected,No_comment,Polygon,23,3496.2,2224.1,3513.4,2224.1,3530.05,2230,3543.3,2240.35,3551.6,2258,3561.9,2278.5,3563.4,2292.8,3559.45,2308.9,3548.2,2322.65,3539.85,2340.85,3532.5,2362.85,3519.25,2373.15,3497.2,2376.55,3476.6,2370.2,3461.9,2354,3457,2334.4,3463.4,2318.3,3471.7,2303.05,3479.05,2288.35,3482.5,2261.35,3482.5,2245.7,3481.5,2232,3485.95,2227.55
5-250,Uninfected,No_comment,Polygon,18,3420.25,2077.05,3440.8,2073.1,3465.3,2077.95,3478.55,2087.8,3494.25,2104.05,3503.55,2122.65,3508,2150.05,3505.55,2171.1,3488.4,2193.2,3462.9,2204.45,3427.8,2198.55,3401.9,2189.65,3384.45,2170.6,3378.6,2151.05,3377.1,2129.95,3382.5,2110.8,3392.35,2094.65,3401.6,2083.9
5-251,Uninfected,No_comment,Polygon,21,3428.1,2207,3436.9,2210.85,3450.15,2213.8,3461.9,2219.7,3472.2,2233,3475.15,2257.45,3469.25,2285.9,3453.1,2310.9,3427.1,2328.05,3400.15,2327.55,3378.1,2322.65,3366.3,2311.35,3355.05,2294.75,3352.1,2276.05,3355.05,2254.55,3360.9,2232.45,3368.75,2215.3,3378.1,2204.5,3389.85,2201.55,3402.1,2202.55,3414.85,2205.55
5-252,Uninfected,No_comment,Polygon,16,3291.8,2062.85,3309.95,2061.35,3331.05,2063.8,3354.55,2074.1,3365.35,2087.85,3373.2,2103.45,3371.75,2128.45,3362.4,2159.4,3337.4,2176,3314.4,2176.55,3285.45,2165.3,3265.85,2152.05,3248.7,2132.4,3244.25,2107.95,3252.1,2087.3,3267.3,2071.65
5-253,Uninfected,No_comment,Polygon,21,3251.15,2171.1,3272.7,2167.25,3292.2,2166.75,3316.8,2171.65,3340.35,2181.4,3351.15,2194.7,3353.1,2213.35,3351.15,2235.9,3345.7,2259.9,3340.8,2285.35,3319.75,2306.95,3298.15,2313.35,3273.7,2313.35,3246.25,2303.55,3231.05,2288.35,3225.15,2267.7,3229.1,2249.05,3229.1,2233.45,3224.65,2210.4,3230.05,2188.35,3236.45,2177.05
5-254,Uninfected,No_comment,Polygon,16,3131.45,2174.6,3145.2,2169.2,3171.65,2172.15,3188.4,2180.5,3206.05,2202.5,3209.95,2228.95,3211.45,2252.05,3206.05,2275.6,3185.4,2291.7,3154.05,2299.6,3126.15,2292.25,3106.05,2273.15,3096.7,2251.05,3094.25,2229.95,3098.7,2208.85,3109.95,2185.85
5-255,Uninfected,No_comment,Polygon,16,3735.4,2537.35,3750.2,2533.45,3771.25,2534.9,3790.8,2543.25,3806.55,2556.95,3817.35,2578.05,3819.8,2603.55,3810,2633.45,3786.45,2652.55,3749.15,2660.4,3718.3,2651.1,3700.1,2630,3690.3,2601.1,3690.85,2574.1,3701.6,2553.55,3713.85,2543.7
5-256,Uninfected,No_comment,Polygon,15,3967.3,2492.25,3991.85,2493.7,4015.9,2506.45,4030.05,2523.15,4039.4,2551.55,4034.5,2578.05,4012.4,2608.9,3993.75,2613.8,3970.8,2610.4,3941.85,2596.65,3919.75,2576.55,3914.4,2555,3915.8,2536.35,3927.1,2517.25,3946.75,2499.1
5-257,Uninfected,No_comment,Polygon,15,3932,2620.2,3956,2623.15,3983.05,2633.9,4000.2,2653.55,4004.6,2670.2,4005.6,2697.65,3992.3,2718.75,3966.85,2729.05,3945.75,2728.55,3924.2,2718.75,3905.1,2702.55,3894.75,2680,3893.25,2656.95,3898.15,2636.85,3907.55,2626.55
5-258,Uninfected,No_comment,Polygon,19,3585.45,2549.1,3608.5,2548.6,3636.95,2557.95,3660.4,2574.1,3668.75,2593.7,3676.15,2624.6,3671.7,2643.25,3656.05,2659.9,3633.95,2670.2,3606.05,2671.2,3584.5,2669.7,3556.55,2658.45,3543.75,2643.25,3535.9,2620.2,3534.5,2593.7,3539.8,2575.1,3548.65,2560.9,3559.9,2555,3571.75,2550.6
5-259,Uninfected,No_comment,Polygon,20,3626.65,2769.75,3646.8,2764.3,3666.85,2765.35,3683,2775.6,3699.2,2795.7,3706.05,2819.25,3709.95,2850.65,3707.05,2888.85,3701.65,2920.25,3684.95,2936.9,3667.3,2938.35,3641.35,2933.45,3625.15,2918.3,3618.3,2895.25,3611.9,2872.2,3604.55,2853.1,3597.2,2832.5,3597.2,2809.95,3604.55,2787.9,3611.9,2776.6
5-260,Uninfected,No_comment,Polygon,20,3502.6,2835.45,3517.3,2821.7,3538.9,2820.25,3555.55,2823.15,3578.6,2836.4,3589.85,2854.05,3603.1,2886.4,3609.95,2908,3609,2925.65,3591.35,2934.95,3561.9,2950.65,3535.95,2962.9,3516.8,2962.4,3502.6,2951.1,3498.2,2937.9,3484.45,2913.85,3477.6,2900.15,3475.15,2880.05,3481.05,2862.9,3489.85,2849.65
5-261,Uninfected,No_comment,Polygon,19,3396.7,2747.2,3422.7,2740.35,3441.35,2742.8,3460.95,2750.15,3478.6,2762.9,3489.35,2779.05,3496.25,2799.15,3495.25,2819.75,3483.95,2835.45,3467.8,2855.55,3454.55,2861.9,3431.5,2864.85,3408,2859.95,3392.8,2852.6,3374.15,2831.5,3366.3,2806,3367.8,2781,3375.15,2762.9,3385.45,2752.1
5-262,Uninfected,No_comment,Polygon,19,3655.05,1993.2,3675,1992.35,3699.55,1999.95,3716.95,2007.6,3733.05,2021.15,3740.25,2041.05,3740.25,2063.95,3729.65,2086.4,3708.9,2105.05,3686.85,2109.3,3663.55,2110.15,3646.15,2103.35,3622.85,2084.7,3610.15,2069.05,3603.4,2046.6,3605.5,2028.35,3617.35,2010.15,3629.2,2002.1,3639.8,1997.85
5-263,Uninfected,No_comment,Polygon,19,3518.65,1902.5,3533.9,1902.1,3555.05,1907.6,3570.35,1918.6,3579.2,1931.75,3583.9,1951.65,3584.3,1977.5,3582.2,1997,3569.9,2007.15,3545.35,2013.1,3521.6,2013.95,3500.4,2007.15,3481.75,1994.05,3470.75,1974.55,3468.65,1956.75,3473.3,1931.75,3477.95,1911.85,3488.1,1903.35,3501.25,1902.1
5-264,Uninfected,No_comment,Polygon,20,3675.85,1849.1,3695.3,1848.3,3712.25,1852.1,3727.55,1861.4,3740.25,1877.5,3751.25,1896.6,3764.4,1915.25,3777.1,1938.55,3773.7,1961,3757.6,1980.5,3737.25,1988.95,3713.1,1987.25,3693.2,1981.35,3661.85,1969.9,3641.5,1950.4,3626.7,1927.95,3626.7,1902.5,3631.35,1881.35,3647,1859.7,3662.25,1852.1