208,5312,2988
1-1,Uninfected,No_comment,Polygon,18,1989.1,2123.65,1984.7,2096.4,1989.1,2067,2000.05,2043.4,2016.3,2031.7,2039.1,2024.35,2055.2,2020.7,2067.7,2020.7,2092,2028.05,2114.1,2037.55,2128,2064.05,2133.95,2103.7,2117.05,2139.8,2098.65,2154.5,2075.85,2164.05,2044.25,2167,2019.25,2158.85,1999.35,2149.35
1-2,Uninfected,No_comment,Polygon,16,1813.35,2072.15,1800.1,2058.2,1782.45,2038.35,1776.6,2017.7,1775.85,1987.55,1788.35,1969.2,1806.75,1950.75,1834.6,1944.2,1864.75,1946.4,1890.55,1953.05,1907.4,1968.45,1913.35,1998.6,1902.25,2033.9,1883.2,2054.5,1858.9,2071.4,1836.15,2075.85
1-3,Uninfected,No_comment,Polygon,16,1699.3,2153,1689,2131.7,1692,2094.95,1697.15,2077.3,1718.45,2057.45,1736.8,2048.55,1765.55,2051.55,1783.2,2064.05,1796.4,2073.55,1819.25,2094.2,1828.05,2122.15,1822.1,2159.65,1797.9,2178.8,1766.95,2185.4,1736.8,2179.5,1710.4,2168.5
1-4,Uninfected,No_comment,Polygon,16,1806,2264.1,1810.4,2237.6,1820.7,2207.45,1841.25,2191.3,1866.95,2184.65,1896.4,2185.4,1924.35,2197.9,1940.55,2211.85,1958.95,2241.3,1956,2267,1936.85,2298.6,1908.9,2312.6,1878.05,2321.45,1852.25,2317.75,1830.25,2301.6,1814.05,2285.4
1-5,Uninfected,No_comment,Polygon,16,1965.55,2253.05,1969.2,2279.5,1980.2,2299.3,1999.35,2314.1,2018.5,2325.1,2032.5,2330.25,2060.35,2322.9,2083.2,2305.95,2106,2278.8,2109.65,2252.3,2094.25,2213.3,2070.7,2199.35,2050.85,2195.65,2022.15,2200.1,1997.15,2213.3,1980.2,2229.5
1-6,Uninfected,No_comment,Polygon,16,2151.6,2242.75,2158.95,2219.95,2180.25,2199.35,2197.2,2189.8,2221.45,2186.15,2248.65,2184.65,2269.25,2191.3,2292.75,2204.5,2309.7,2239.8,2297.9,2280.95,2275.1,2301.6,2250.8,2318.45,2211.15,2322.15,2172.95,2308.2,2160.45,2283.95,2154.55,2265.55
1-7,Uninfected,No_comment,Polygon,16,1888.35,2429.55,1882.45,2405.3,1889.05,2375.15,1903.1,2347.2,1919.95,2334,1950.9,2322.95,1970.75,2318.5,1989.1,2320.7,2007.45,2334,2018.55,2349.4,2029.5,2386.9,2018.55,2419.3,1993.5,2447.95,1955.3,2465.6,1925.85,2467.8,1906,2453.8
1-8,Uninfected,No_comment,Polygon,18,2098.7,2476.6,2079.5,2461.15,2068.55,2438.4,2067.75,2410.45,2073.7,2389.15,2086.2,2373.65,2103.85,2361.9,2119.95,2353.8,2143.55,2353.8,2164.1,2361.15,2181.75,2370,2192.75,2391.3,2195.7,2420.75,2188.35,2450.9,2169.25,2472.2,2149.4,2481.75,2131.05,2487.65,2108.2,2483.25
1-9,Uninfected,No_comment,Polygon,19,1907.45,2575.15,1900.85,2556.05,1900.85,2532.5,1911.15,2506.05,1925.1,2486.15,1941.3,2474.45,1964.1,2466.3,1996.45,2463.4,2019.95,2470.75,2039.8,2486.95,2057.45,2508.95,2061.2,2536.2,2053.8,2575.15,2039.1,2592.8,2015.6,2604.55,1977.3,2600.9,1958.95,2595.75,1934.65,2594.25,1919.2,2589.9
1-10,Uninfected,No_comment,Polygon,21,1733.2,2514.1,1740.55,2534.7,1752.35,2550.15,1772.2,2564.85,1800.85,2571.45,1836.15,2567.8,1858.9,2559.75,1870.7,2550.15,1889.8,2522.2,1886.85,2488.4,1878.1,2461.15,1866.3,2441.3,1845,2422.2,1824.35,2400.15,1817.8,2392.05,1811.15,2403.1,1797.9,2412.65,1772.2,2430.3,1753.75,2446.45,1739.85,2470.75,1736.85,2495.75
1-11,Uninfected,No_comment,Polygon,16,1583.15,2561.2,1573.6,2529.6,1575.8,2503.1,1583.9,2478.8,1600.1,2458.25,1625.8,2436.15,1643.45,2429.55,1664.05,2433.25,1688.3,2449.45,1710.4,2479.55,1714.05,2514.85,1700.8,2547.95,1680.25,2571.45,1648.6,2578.85,1624.4,2578.85,1601.55,2572.95
1-12,Uninfected,No_comment,Polygon,16,1512.6,2433.95,1499.4,2409.7,1493.45,2385.45,1501.6,2357.5,1515.5,2336.9,1539.8,2320.7,1563.3,2314.85,1592.75,2315.55,1615.55,2325.85,1637.6,2349.4,1644.95,2377.35,1636.9,2408.25,1616.25,2428.1,1591.25,2445,1563.3,2450.9,1537.6,2447.95
1-13,Uninfected,No_comment,Polygon,16,1643.45,2273.65,1644.2,2292.8,1655.25,2322.2,1672.9,2331,1693.45,2342.05,1722.9,2345.7,1752.35,2337.65,1779.5,2315.55,1795.7,2285.45,1792,2257.5,1776.55,2231.75,1756.7,2214.1,1733.2,2206.75,1698.6,2204.55,1678.05,2217.75,1658.15,2239.1
1-14,Uninfected,No_comment,Polygon,15,1586.9,2253.85,1561.9,2245.7,1544.25,2231.75,1533.95,2211.9,1534.65,2184.7,1542.75,2167.75,1566.25,2147.2,1596.4,2132.5,1628.05,2132.5,1663.3,2157.5,1667.05,2186.15,1661.1,2214.1,1650.8,2236.2,1624.4,2247.9,1605.25,2253.85
1-15,Uninfected,No_comment,Polygon,17,2144.25,2530.3,2146.45,2556,2153.05,2576.6,2172.9,2598.65,2195.7,2613.4,2217.75,2615.6,2251.65,2605.3,2270.7,2587.65,2284,2562.65,2286.9,2539.1,2284,2511.9,2269.3,2486.15,2248.7,2472.2,2222.2,2466.3,2192.05,2469.25,2164.1,2489.1,2153.05,2505.3
1-16,Uninfected,No_comment,Polygon,18,2006.7,2677.35,2008.95,2651.6,2019.2,2620,2036.8,2595,2064.1,2582.5,2094.95,2576.6,2132.45,2582.5,2159.65,2609.7,2172.9,2649.4,2166.35,2689.85,2149.4,2710.45,2126.6,2722.95,2106.05,2725.15,2081.05,2722.95,2054.5,2728.1,2036.15,2723.7,2013.4,2705.3,2006,2690.6
1-17,Uninfected,No_comment,Polygon,17,1874.35,2709.7,1867,2690.6,1867,2662.65,1871.4,2637.65,1891.3,2617.05,1914.05,2606.05,1938.35,2599.4,1957.4,2592.8,1969.95,2603.8,1986.15,2622.2,1999.35,2655.3,2000.1,2686.9,1985.45,2717.8,1957.45,2733.25,1928.8,2736.2,1903.1,2731.05,1883.2,2722.2
1-18,Uninfected,No_comment,Polygon,17,1700.1,2807.5,1680.25,2793.55,1667.75,2763.4,1663.3,2730.3,1673.6,2698.7,1689.05,2677.35,1708.9,2664.1,1730.95,2656.05,1764.85,2653.1,1786.1,2661.2,1807.5,2675.9,1825.15,2707.5,1825.15,2741.35,1812.65,2770,1779.5,2797.2,1747.9,2811.2,1721.4,2811.2
1-19,Uninfected,No_comment,Polygon,16,1750.8,2915.55,1745.65,2893.45,1742.7,2864.1,1751.55,2835.4,1773.6,2812.6,1787.55,2798.65,1800.8,2781.05,1811.85,2767.85,1825.8,2780.25,1842,2791.3,1870.65,2803.1,1890.5,2833.95,1889.05,2878.05,1876.55,2909.7,1840.5,2938.4,1815.5,2941.25
1-20,Uninfected,No_comment,Polygon,18,1981.7,2817.05,1983.15,2803.1,1993.45,2782.45,2009.65,2760.45,2028.05,2744.95,2058.15,2732.45,2085.35,2722.15,2095.65,2720.65,2113.3,2742.05,2128.05,2773.65,2129.5,2808.95,2125.1,2839.85,2108.2,2864.85,2080.25,2881.75,2050.1,2880.95,2023.6,2875.1,2000.8,2865.6,1986.1,2846.45
1-21,Uninfected,No_comment,Polygon,17,2334.65,2750.15,2322.9,2734,2314.8,2709.7,2317.75,2677.35,2332.45,2642.8,2356.7,2625.9,2381,2622.95,2410.4,2622.95,2429.5,2625.15,2431,2633.25,2440.55,2653.8,2456,2692.8,2447.9,2725.15,2430.25,2754.55,2400.85,2764.85,2377.3,2765.6,2354.5,2760.45
1-22,Uninfected,No_comment,Polygon,14,2469.25,2762.65,2464.1,2732.5,2476.6,2696.45,2499.4,2676.6,2529.55,2672.2,2570.7,2672.2,2579.55,2688.4,2597.2,2711.9,2594.25,2742.05,2585.4,2764.85,2562.6,2782.5,2525.1,2804.55,2500.85,2806.05,2477.3,2794.25
1-23,Uninfected,No_comment,Polygon,17,2331,2853.85,2337.6,2826.65,2350.85,2801.65,2378.05,2784,2419.2,2778.1,2447.15,2781.05,2468.5,2797.95,2483.95,2824.4,2489.1,2847.2,2482.45,2875.15,2464.1,2899.45,2434.65,2919.3,2407.45,2924.45,2384.65,2923.7,2361.85,2910.45,2346.4,2891.35,2332.45,2872.2
1-24,Uninfected,No_comment,Polygon,18,2564.1,2783.9,2542.05,2809,2533.2,2837.65,2531.75,2872.95,2545.7,2900.15,2565.55,2920.75,2592.75,2930.3,2624.4,2929.6,2649.4,2913.4,2670,2889.15,2671.45,2859.7,2661.15,2820,2649.4,2798.7,2626.6,2778.1,2600.85,2759,2587.6,2755.3,2580.95,2766.3,2572.85,2773.65
1-25,Uninfected,No_comment,Polygon,19,2480.25,2636.9,2469.25,2617.8,2464.1,2588.4,2469.95,2555.3,2483.2,2533.25,2509.65,2515.6,2551.6,2511.9,2567.75,2514.1,2588.35,2531.75,2601.6,2554.55,2611.9,2581.75,2621.45,2601.6,2625.85,2618.55,2617.75,2649.4,2596.45,2667.05,2572.2,2666.3,2538.35,2662.65,2509.65,2658.95,2494.95,2651.6
1-26,Uninfected,No_comment,Polygon,18,2615.55,2578.8,2624.4,2593.5,2641.3,2614.85,2658.95,2627.35,2680.25,2631,2702.35,2627.35,2725.85,2612.55,2745,2587.55,2750.85,2555.25,2749.4,2531,2729.55,2508.9,2715.55,2491.25,2694.25,2486.1,2661.15,2496.4,2644.25,2508.9,2626.6,2536.15,2619.95,2548.65,2618.5,2565.55
1-27,Uninfected,No_comment,Polygon,16,2579.55,2492.75,2550.1,2463.35,2543.5,2436.8,2552.3,2403.75,2562.6,2380.25,2592.75,2366.95,2622.2,2358.9,2648.65,2364.1,2679.55,2383.2,2689.1,2400.8,2691.3,2433.2,2680.25,2466.25,2664.85,2483.9,2642.05,2494.9,2619.25,2498.6,2599.4,2496.4
1-28,Uninfected,No_comment,Polygon,16,2717.05,2746.45,2712.65,2720.65,2725.15,2695.7,2740.55,2673.65,2770,2657.5,2797.95,2657.5,2825.15,2660.35,2847.2,2671.45,2864.85,2700.85,2869.25,2736.15,2854.55,2775.1,2830.3,2803,2797.2,2809.65,2767.8,2807.45,2739.85,2796.45,2721.45,2771.45
1-29,Uninfected,No_comment,Polygon,15,2746.45,2385.4,2761.9,2355.25,2774.4,2331.65,2797.95,2321.45,2820,2314.8,2853.8,2321.45,2882.5,2348.6,2885.45,2378.75,2880.3,2426.55,2861.9,2445.7,2826.6,2461.9,2801.6,2463.35,2775.85,2450.1,2757.5,2434.6,2747.2,2399.3
1-30,Uninfected,No_comment,Polygon,16,2680.3,2370.7,2656,2356.65,2643.5,2337.6,2633.2,2318.45,2633.95,2289.8,2642.05,2263.3,2667.05,2241.3,2685.45,2230.25,2710.45,2229.5,2730.3,2233.15,2758.95,2255.95,2771.45,2280.95,2767.8,2314.8,2759.7,2339.1,2736.9,2368.45,2704.55,2375.85
1-31,Uninfected,No_comment,Polygon,15,2856.75,2202.3,2830.25,2174.4,2822.9,2150.85,2831.05,2115.55,2850.9,2082.45,2877.3,2069.95,2906.05,2068.5,2942.75,2070.7,2959,2092,2970.7,2122.9,2967.05,2158.2,2953.05,2192.75,2928.85,2210.4,2897.9,2214.8,2876.6,2211.9
1-32,Uninfected,No_comment,Polygon,19,3017.75,2113.35,2997.9,2129.55,2984.7,2140.55,2978.85,2161.9,2972.9,2184.7,2973.7,2206,2989.15,2236.15,3015.55,2247.2,3039.15,2250.1,3067.8,2228.8,3085.45,2220.7,3090.55,2199.4,3094.3,2190.55,3092.8,2171.45,3084,2142.05,3069.3,2112.6,3058.2,2119.95,3031.8,2124.4,3024.45,2114.1
1-33,Uninfected,No_comment,Polygon,15,2989.15,1995.7,2989.15,2015.55,2994.3,2042,3012.65,2064.1,3043.5,2086.9,3059,2083.95,3077.35,2069.25,3097.25,2051.6,3104.6,2016.3,3095.7,1978.8,3067.1,1953.05,3035.4,1948.65,3013.35,1952.3,3007.5,1966.3,2996.5,1978.8
1-34,Uninfected,No_comment,Polygon,21,2873.7,1907.45,2878.85,1922.15,2890.55,1939.05,2912.6,1960.4,2926.65,1969.2,2945,1978.05,2962.6,1998.65,2956.8,2042.75,2939.85,2061.85,2923.7,2063.35,2900.1,2062.6,2868.5,2072.15,2847.9,2073.65,2811.2,2053.05,2797.95,2030.25,2792.05,1995.7,2803.1,1969.95,2826.6,1947.15,2842.75,1932.45,2855.25,1917,2868.55,1900.85
1-35,Uninfected,No_comment,Polygon,15,2894.95,1896.4,2899.4,1925.1,2917.05,1954.5,2939.15,1972.15,2961.9,1973.65,2978.85,1969.2,3015.55,1950.95,3025.15,1918.5,3017.75,1875.85,3001.65,1850.85,2975.15,1832.45,2950.1,1828.05,2921.5,1835.4,2909,1851.55,2899.4,1869.95
1-36,Uninfected,No_comment,Polygon,16,3026.65,1871.4,3027.35,1891.3,3039.15,1916.3,3061.95,1928.8,3086.95,1931.7,3113.35,1922.15,3138.35,1908.9,3150.15,1878.05,3146.5,1848.65,3136.15,1825.1,3117.1,1814.05,3093.5,1812.6,3075.85,1817,3059.7,1824.35,3047.9,1836.85,3036.2,1855.25
1-37,Uninfected,No_comment,Polygon,19,3028.1,2355.95,3023.75,2341.25,3018.55,2314.8,3027.4,2292,3037.65,2273.6,3053.9,2263.3,3077.4,2251.5,3097.25,2247.9,3122.25,2252.3,3145.05,2267,3162.7,2294.15,3166.35,2328.75,3169.35,2354.45,3155.35,2387.6,3133.25,2403.05,3099.5,2411.9,3075.2,2397.9,3044.35,2383.2,3034.05,2369.95
1-38,Uninfected,No_comment,Polygon,14,2958.25,2450.85,2963.45,2431,2973.75,2404.45,2992.1,2386.8,3015.6,2375.1,3035.45,2379.45,3070.05,2400.85,3088.4,2437.6,3085.45,2479.55,3062,2510.4,3028.1,2520.7,2995.75,2515.55,2975.15,2496.4,2959.05,2470.7
1-39,Uninfected,No_comment,Polygon,15,3098.7,2576.55,3101.7,2545.7,3117.15,2517.75,3128.1,2501.55,3161.2,2490.55,3193.55,2494.2,3215.65,2508.9,3233.3,2529.55,3244.35,2565.55,3241.35,2607.5,3215.65,2632.5,3176.7,2640.55,3148,2635.35,3123.7,2620,3105.35,2594.2
1-40,Uninfected,No_comment,Polygon,16,3083.25,2600.9,3065.6,2611.2,3041.4,2627.3,3025.9,2656.05,3020,2689.85,3031.8,2734,3056.8,2757.5,3076.7,2764.15,3103.1,2765.55,3139.2,2752.35,3156.85,2723.7,3163.4,2686.2,3151.7,2651.6,3134.75,2633.95,3121.55,2619.95,3101.7,2601.6
1-41,Uninfected,No_comment,Polygon,15,3362.7,2408.25,3355.35,2384.7,3356.05,2360.45,3364.9,2334.7,3381.05,2318.5,3404.55,2309,3436.2,2306.75,3469.25,2308.2,3495,2337.65,3498.7,2396.45,3473,2428.1,3452.35,2439.85,3414.1,2438.4,3389.1,2439.1,3370.75,2420
1-42,Uninfected,No_comment,Polygon,17,3172.25,2314.85,3168.5,2277.35,3178.1,2252.35,3191.3,2236.2,3199.45,2224.4,3224.45,2211.9,3256.75,2211.2,3287.7,2228.05,3303.1,2244.25,3314.1,2284,3306.05,2322.95,3284.75,2350.15,3253.1,2368.5,3231.8,2370,3206.8,2364.85,3181.8,2343.5,3175.85,2329.55
1-43,Uninfected,No_comment,Polygon,15,3200.9,2100.9,3201.65,2127.35,3225.2,2147.2,3250.2,2159.7,3278.8,2156.75,3295.05,2145,3311.9,2129.55,3322.25,2111.15,3322.25,2083.95,3314.9,2049.4,3290.6,2028.8,3251.6,2025.1,3225.9,2035.4,3207.55,2055.25,3201.65,2074.4
1-44,Uninfected,No_comment,Polygon,17,3398,2089.1,3405.35,2069.95,3425.2,2051.6,3444.25,2043.5,3465.65,2035.4,3475.95,2039.8,3500.2,2060.4,3521.5,2081,3539.85,2120.7,3531.1,2163.35,3511.2,2184.7,3486.9,2189.85,3460.5,2188.35,3436.9,2174.4,3411.9,2153.05,3400.9,2131.75,3398,2108.95
1-45,Uninfected,No_comment,Polygon,15,3455.3,2031,3440.6,2022.9,3430.3,1992.75,3434.75,1965.55,3447.25,1945.7,3475.9,1931.7,3515.6,1925.1,3552.4,1931.7,3581.05,1944.95,3603.15,2000.85,3584,2041.3,3550.9,2058.95,3520.05,2064.8,3493.55,2050.1,3466.35,2028.8
1-46,Uninfected,No_comment,Polygon,19,3673.7,1842,3667.85,1825.85,3662.7,1797.9,3666.35,1771.4,3677.4,1750.1,3708.3,1736.85,3731.8,1730.25,3773,1739.8,3798,1752.3,3812.7,1772.15,3825.95,1805.25,3822.25,1833.9,3809.75,1865.55,3791.35,1881.7,3773,1886.15,3742.05,1876.55,3722.2,1868.5,3693.5,1855.2,3676.65,1847.15
1-47,Uninfected,No_comment,Polygon,16,3517.85,1898.65,3503.85,1883.2,3495.05,1853.05,3497.95,1825.1,3512.7,1800.85,3542.1,1773.6,3563.4,1767,3589.9,1769.2,3614.9,1783.9,3634.75,1818.45,3636.95,1856.7,3622.25,1891.25,3612.7,1911.85,3592.1,1922.15,3568.55,1921.4,3536.2,1916.25
1-48,Uninfected,No_comment,Polygon,16,3331.05,1939.8,3319.3,1922.15,3316.35,1884.65,3330.3,1857.45,3349.45,1839.8,3360.45,1833.2,3393.55,1837.6,3418.55,1843.5,3433.25,1852.3,3454.6,1873.6,3459,1901.55,3450.9,1922.9,3414.9,1947.9,3391.35,1952.3,3365.6,1953.8,3344.3,1946.4
1-49,Uninfected,No_comment,Polygon,20,3186.95,1932.45,3167.8,1918.5,3156.8,1891.25,3157.5,1871.4,3162.65,1853.05,3164.85,1834.65,3161.2,1830.25,3169.3,1825.1,3178.1,1819.2,3200.15,1803.05,3205.3,1798.6,3214.85,1804.5,3233.25,1812.6,3251.65,1825.85,3271.5,1849.35,3279.6,1876.55,3278.1,1905.25,3264.85,1922.15,3246.5,1930.25,3211.95,1936.85
1-50,Uninfected,No_comment,Polygon,18,3422.9,1838.35,3417.8,1820.7,3397.95,1802.35,3378.1,1783.2,3365.6,1732.5,3360.45,1686.85,3380.25,1667.05,3407.5,1661.9,3439.15,1656.7,3449.45,1659.7,3466.35,1682.5,3481.8,1719.2,3486.95,1752.35,3476.65,1784.65,3459.75,1808.95,3442.8,1826.6,3435.45,1842.8,3426.65,1845
1-51,Uninfected,No_comment,Polygon,18,3262.65,1810.4,3239.8,1786.15,3222.95,1756.8,3218.55,1721.5,3226.65,1692.05,3237.65,1672.2,3256.75,1655.25,3274.4,1642.75,3284,1625.1,3288.4,1630.25,3306.8,1650.85,3324.45,1672.9,3342.8,1709.7,3353.85,1747.9,3355.3,1786.85,3335.45,1806.8,3310.45,1819.3,3293.55,1818.5
1-52,Uninfected,No_comment,Polygon,15,3128.85,1680.25,3113.4,1659.7,3104.55,1628.85,3108.25,1600.85,3120.75,1580.25,3139.1,1562.6,3172.95,1547.15,3208.25,1544.95,3241.35,1576.6,3252.35,1603.05,3250.15,1637.6,3232.5,1667.05,3198.7,1689.85,3178.85,1692.05,3155.3,1690.55
1-53,Uninfected,No_comment,Polygon,15,3476.65,1681,3482.55,1659.7,3496.5,1637.6,3522.95,1628.85,3554.6,1625.85,3594.3,1644.95,3611.95,1666.35,3620.05,1694.2,3612.7,1731,3590.6,1746.5,3553.85,1754.5,3523.7,1752.35,3501.65,1742,3484.75,1722.9,3477.4,1696.5
1-54,Uninfected,No_comment,Polygon,16,3432.5,1583.2,3447.25,1602.3,3469.3,1619.25,3497.25,1619.95,3522.95,1617.75,3550.15,1610.4,3567.1,1593.55,3578.1,1573.7,3582.55,1547.15,3571.5,1525.1,3545.05,1508.25,3511.95,1501.6,3478.85,1508.25,3455.3,1516.25,3432.5,1535.4,3428.85,1552.3
1-55,Uninfected,No_comment,Polygon,17,3395.8,1412.55,3402.45,1396.3,3418.55,1381.65,3444.3,1370.6,3467.1,1370.6,3492.9,1376.45,3506.8,1387.55,3525.95,1404.45,3534.75,1430.9,3531.1,1459.6,3506.8,1483.1,3484,1492.7,3443.55,1491.95,3413.4,1488.25,3396.5,1468.4,3391.35,1441.25,3392.85,1429.45
1-56,Uninfected,No_comment,Polygon,15,2583.1,2081.4,2589.35,2108,2609.7,2129.85,2635.45,2144.65,2659.7,2144.65,2690.9,2133.75,2705.8,2111.9,2715.9,2090,2712.8,2055.65,2697.95,2036.05,2680,2020.5,2651.05,2013.45,2621.35,2019.7,2594.05,2035.3,2587.8,2053.3
1-57,Uninfected,No_comment,Polygon,17,2333.05,2081.4,2347.15,2075.15,2365.1,2067.3,2374.45,2052.5,2383.05,2048.55,2413.55,2050.15,2434.65,2054.8,2468.25,2083.75,2476.85,2121.25,2465.9,2157.15,2427.65,2186.85,2401.05,2190.75,2365.1,2188.45,2337.75,2169.7,2326.05,2147,2324.45,2127.5,2326.8,2091.6
1-58,Uninfected,No_comment,Polygon,16,2243.25,2022.8,2243.25,1997.8,2257.25,1960.3,2269,1941.55,2291.7,1930.6,2322.1,1923.6,2350.3,1931.35,2370.55,1946.2,2391.65,1993.85,2389.3,2022.8,2379.2,2043.9,2359.65,2065.8,2326.05,2075.15,2291.7,2072.85,2272.9,2064.25,2253.35,2047.05
1-59,Uninfected,No_comment,Polygon,15,2135.4,2042.3,2114.3,2007.2,2114.3,1971.2,2121.3,1932.95,2142.4,1913.45,2165.05,1903.3,2183.85,1892.35,2190.9,1898.6,2224.5,1925.95,2235.4,1957.2,2241.7,2000.95,2225.25,2039.95,2197.9,2054.05,2173.65,2057.15,2155.7,2050.95
1-60,Uninfected,No_comment,Polygon,13,2251.85,1865,2262,1898.6,2285.45,1914.2,2312.75,1919.7,2334.6,1914.2,2378.4,1890.75,2383.05,1861.1,2375.3,1830.6,2343.2,1796.25,2307.3,1787.65,2283.1,1797,2259.6,1816.55,2247.9,1837.65
1-61,Uninfected,No_comment,Polygon,14,2491.65,1843.1,2497.15,1868.1,2505,1895.45,2528.4,1917.35,2559.65,1929,2578.45,1929.85,2604.2,1918.1,2621.35,1893.1,2626.05,1862.65,2620.6,1834.5,2604.2,1813.4,2569.85,1798.6,2533.85,1794.65,2519.85,1800.9
1-62,Uninfected,No_comment,Polygon,17,2659.65,1877.55,2664.3,1895.5,2679.95,1915.8,2698.7,1937.7,2722.9,1944.7,2748.7,1945.5,2774.45,1940.05,2788.55,1929.1,2802.6,1907.2,2816.7,1878.3,2815.1,1845.5,2801.05,1820.5,2771.35,1804.85,2733.1,1799.4,2704.95,1808,2676.75,1827.5,2665.85,1846.25
1-63,Uninfected,No_comment,Polygon,17,2351.05,1793.05,2347.15,1761.8,2347.15,1729.8,2361.95,1707.1,2382.3,1690.7,2408.05,1679.05,2429.95,1679.05,2444.8,1685.3,2469,1706.4,2483.9,1737.65,2486.25,1767.3,2476.05,1800.15,2458.9,1824.3,2422.9,1831.4,2393.2,1832.9,2364.3,1821.25,2355.7,1804.05
1-64,Uninfected,No_comment,Polygon,16,2228.35,1788.4,2245.6,1786.8,2260.4,1794.65,2269.75,1797,2293.2,1788.4,2303.35,1768.9,2318.2,1753.2,2325.25,1733.7,2322.95,1713.35,2307.3,1691.55,2286.95,1687.65,2262,1693.1,2243.25,1705.6,2230.75,1723.55,2224.5,1743.9,2224.5,1764.2
1-65,Uninfected,No_comment,Polygon,16,2133.05,1900.1,2111.15,1893.85,2091.65,1876.65,2072.9,1854,2070.55,1824.3,2079.95,1795.4,2099.45,1775.15,2123.65,1761.05,2151.05,1757.95,2194.75,1760.3,2219,1782.9,2232.25,1812.65,2226,1857.2,2210.4,1875.15,2177.6,1891.5,2152.55,1897
1-66,Uninfected,No_comment,Polygon,16,1913.4,1990.1,1929.9,2011.9,1961.15,2021.2,1985.35,2020.5,2014.3,2002.45,2037.7,1986.1,2047.1,1956.35,2039.3,1918.1,2011.95,1884.5,1991.6,1874.35,1972.85,1872,1960.35,1886.85,1941.6,1901.7,1919.75,1922.75,1911.9,1947.8,1908,1964.2
1-67,Uninfected,No_comment,Polygon,15,2541.3,1570,2546.6,1552,2556.6,1529.3,2577.3,1513.3,2599.9,1503.3,2629.9,1503.3,2657.3,1511.3,2673.9,1534,2677.9,1572.65,2665.3,1601.3,2639.3,1620.65,2597.9,1628,2576.6,1624,2543.9,1604,2543.3,1586
1-68,Uninfected,No_comment,Polygon,15,2445.3,1625.3,2421.9,1612,2409.3,1584.65,2403.3,1558,2409.3,1528.65,2431.9,1510.65,2454.6,1504,2483.9,1503.3,2516.6,1514.65,2543.9,1550.65,2539.3,1584,2531.3,1604.65,2514.6,1622.65,2490.6,1630.65,2471.3,1634
1-69,Uninfected,No_comment,Polygon,15,2325.9,1669.3,2300.6,1657.3,2291.3,1638,2281.9,1611.3,2280.6,1589.3,2299.9,1562,2322.6,1549.3,2354.6,1550.65,2377.9,1556,2397.9,1573.3,2411.3,1603.3,2411.9,1631.3,2402.6,1657.3,2386.6,1671.3,2356.6,1674.65
1-70,Uninfected,No_comment,Polygon,17,2315.9,1477.3,2311.3,1455.3,2312.6,1435.3,2322.6,1415.3,2341.9,1397.3,2365.9,1390,2383.3,1384.65,2415.3,1390.65,2435.3,1406,2456.6,1433.3,2456.6,1471.3,2439.3,1499.3,2421.9,1516,2393.3,1522,2365.9,1518,2345.3,1508.65,2330.6,1497.3
1-71,Uninfected,No_comment,Polygon,15,2466.6,1410,2479.3,1381.3,2493.9,1360,2520.6,1350.65,2544.6,1345.3,2574.6,1347.3,2595.9,1361.3,2606.6,1386.65,2609.3,1407.3,2597.9,1438,2578.6,1456.65,2537.3,1464,2513.3,1464,2485.3,1454,2474.6,1435.3
1-72,Uninfected,No_comment,Polygon,17,2320.6,1317.3,2312.6,1300.65,2308.6,1274.65,2312.6,1248,2325.9,1224,2347.9,1212,2371.3,1206,2390.6,1206,2409.3,1213.3,2425.9,1226.65,2439.9,1252.65,2443.3,1282,2431.3,1308.65,2411.9,1328,2385.3,1338,2367.9,1340,2347.3,1331.3
1-73,Uninfected,No_comment,Polygon,13,2179.9,1431.3,2163.3,1393.3,2174.6,1363.3,2195.3,1331.3,2215.9,1318.65,2252.6,1315.3,2274.6,1326.65,2292.6,1354.65,2292.6,1396,2279.3,1422,2254.6,1444.65,2236.6,1450,2212.6,1445.3
1-74,Uninfected,No_comment,Polygon,16,2127.3,1431.3,2116.6,1462,2105.3,1498.65,2107.9,1525.3,2121.9,1548,2142.6,1565.3,2174.6,1579.3,2197.9,1582,2227.3,1566.65,2239.3,1541.3,2247.9,1498.65,2227.3,1462,2210.5,1445.95,2191.9,1440.65,2165.9,1440,2141.9,1435.3
1-75,Uninfected,No_comment,Polygon,19,2070.6,1570,2079.9,1552.65,2087.9,1542.65,2097.9,1549.3,2121.9,1562,2147.9,1580,2165.3,1592,2180.6,1628.65,2179.9,1646,2167.9,1673.3,2141.9,1699.3,2111.9,1707.3,2085.3,1701.3,2059.9,1689.3,2047.9,1670.65,2045.9,1646.65,2052.6,1630.65,2065.9,1611.3,2072.6,1582.65
1-76,Uninfected,No_comment,Polygon,17,2046.6,1638,2035.3,1646.65,2013.3,1648.65,1993.9,1640.65,1967.9,1612,1965.9,1577.3,1971.3,1545.3,1984.6,1526.65,2006.6,1508,2022.6,1499.3,2041.9,1508,2057.3,1515.3,2069.9,1526.65,2071.3,1542.65,2073.3,1556.65,2067.9,1578,2068.65,1602.65
1-77,Uninfected,No_comment,Polygon,15,1977.9,1470,1959.9,1444.65,1964.6,1423.3,1975.9,1395.3,1997.3,1379.3,2022.6,1371.3,2056.6,1373.3,2077.3,1386,2098.6,1411.3,2103.3,1440,2095.3,1461.3,2075.3,1477.3,2046.6,1489.3,2015.3,1490.65,1988.6,1481.3
1-78,Uninfected,No_comment,Polygon,17,2465.35,1271.3,2454,1244,2470,1198,2493.35,1176,2520.65,1164,2541.35,1158,2566,1160.65,2588.65,1176,2602,1198.65,2602,1224.65,2594,1248.65,2579.35,1276,2563.35,1299.3,2538,1304.65,2508.65,1305.3,2482.65,1295.3,2476,1284
1-79,Uninfected,No_comment,Polygon,18,2576.65,1323.3,2574.65,1303.3,2576.65,1281.25,2591.35,1252.7,2609.35,1229.3,2634,1211.3,2664.65,1214.65,2688.65,1226.65,2703.35,1253.3,2709.35,1280,2702,1300,2683.35,1324.65,2674,1347.3,2646,1356,2620,1355.3,2626,1345.3,2594,1342,2578.65,1333.3
1-80,Uninfected,No_comment,Polygon,17,2672.65,1350.65,2672,1370.65,2690,1388.65,2712.65,1402.65,2734.65,1402,2759.35,1396.65,2782.65,1384.65,2804,1364,2812.65,1337.3,2801.35,1304,2778.65,1284,2751.35,1258,2741.35,1248,2730,1267.3,2710.6,1280.7,2691.95,1308,2678.6,1339.25
1-81,Uninfected,No_comment,Polygon,17,2780,1218.65,2782.65,1241.3,2788,1276,2798.6,1298.7,2816,1326,2834.65,1334,2864,1336.65,2880,1337.3,2905.35,1320,2929.35,1298.65,2932,1263.3,2918.65,1244.65,2906.65,1224.65,2882.65,1211.3,2850,1204,2830,1201.3,2787.35,1216
1-82,Uninfected,No_comment,Polygon,17,2733.35,1146.65,2754,1168,2781.35,1172.65,2805.35,1176,2829.35,1174.65,2847.35,1162,2869.35,1149.3,2880.65,1126.65,2881.35,1103.3,2879.35,1079.3,2864,1056,2834.65,1042,2802.65,1040.65,2772,1050.65,2748,1063.3,2732,1087.3,2729.35,1110.65
1-83,Uninfected,No_comment,Polygon,17,2934,1100,2930,1119.3,2919.35,1144,2910,1184.65,2908,1208,2925.35,1245.3,2942,1264.65,2963.35,1270,2983.35,1270,3008.65,1260,3028,1234.65,3039.35,1210,3033.35,1175.3,3020.65,1158,2996.65,1150,2970.65,1133.3,2947.35,1111.3
1-84,Uninfected,No_comment,Polygon,18,2422.65,1194,2410,1184.65,2391.3,1160,2371.3,1132.65,2368.65,1090,2380,1069.3,2396.65,1054,2410,1042.65,2434,1039.3,2460,1046,2481.3,1059.3,2503.3,1100,2505.3,1123.3,2499.3,1154.65,2492.65,1172,2483.25,1188.7,2464.65,1198.65,2442,1199.3
1-85,Uninfected,No_comment,Polygon,17,2347.3,996,2346.65,970,2349.3,945.3,2360.65,923.3,2377.3,908,2376.65,894,2396,890.65,2409.3,877.3,2420.65,865.3,2437.3,884,2470,932.65,2476.65,963.3,2456,1000,2428,1024.65,2405.3,1029.3,2368.65,1022.65,2356.65,1011.3
1-86,Uninfected,No_comment,Polygon,17,2286.65,1001.3,2255.3,994.65,2225.3,980.65,2207.3,958,2200,926.65,2201.3,900.65,2226,878.65,2247.3,866.65,2276,866.65,2298,874.65,2319.3,900.65,2334.65,932.65,2336.65,960,2322,989.3,2323.3,1002.65,2310,1004.65,2302,1001.3
1-87,Uninfected,No_comment,Polygon,16,1505.8,1806.5,1507.1,1784.6,1508.4,1769.15,1520,1749.75,1536.75,1736.8,1556.75,1728.45,1581.3,1724.6,1612.2,1732.95,1625.1,1745.85,1637.4,1778.15,1637.4,1810.35,1625.75,1840.7,1603.85,1858.8,1565.75,1863.3,1541.3,1852.3,1520.65,1832.3
1-88,Uninfected,No_comment,Polygon,18,1360,1643.25,1360,1630.35,1369,1609.1,1383.85,1591.05,1419.35,1576.8,1440.65,1575.55,1468.4,1586.5,1485.8,1594.25,1505.8,1613.6,1518.05,1642.65,1520,1671.05,1510.95,1696.8,1496.1,1709.75,1465.1,1720.7,1439.35,1716.2,1409.65,1707.15,1381.9,1687.15,1367.1,1667.8
1-89,Uninfected,No_comment,Polygon,20,1325.8,1867.8,1325.8,1845.25,1334.85,1827.15,1351.55,1807.15,1374.85,1791,1394.2,1776.8,1420,1770.35,1432.25,1769.15,1449.65,1772.95,1470.3,1784.6,1482.55,1807.15,1485.1,1841.35,1476.1,1856.25,1458.65,1877.45,1436.1,1889.8,1413.55,1902.7,1389,1908.45,1374.85,1908.45,1348.4,1897.45,1334.85,1885.25
1-90,Uninfected,No_comment,Polygon,24,1644.5,1823.9,1646.45,1802,1648.4,1783.3,1660,1762,1672.2,1748.45,1683.2,1734.25,1698.05,1718.75,1709.7,1710.35,1720,1704.6,1744.5,1701.35,1761.95,1699.4,1779.95,1699.4,1798.05,1711.05,1809.7,1726.5,1814.2,1756.2,1807.1,1780.05,1790.3,1791,1763.25,1802.7,1742.6,1820.05,1722.6,1838.75,1714.2,1845.85,1690.3,1848.45,1667.1,1842,1654.85,1835.55
1-91,Uninfected,No_comment,Polygon,19,1715.5,1863.9,1718.7,1846.5,1733.5,1829.7,1759.95,1816.8,1776.75,1805.85,1793.55,1799.4,1810.95,1796.2,1832.85,1800.05,1856.8,1813.6,1872.85,1841.35,1870.95,1867.15,1868.4,1889.1,1849.05,1910.4,1822.6,1927.15,1802.6,1934.25,1781.95,1934.9,1750.3,1923.9,1725.75,1905.25,1712.2,1877.45
1-92,Uninfected,No_comment,Polygon,19,1667.1,1647.15,1665.15,1622.05,1671.6,1600.7,1679.3,1587.15,1690.95,1580.05,1693.55,1570.35,1707.1,1565.85,1732.2,1562.6,1761.3,1564.55,1787.1,1578.75,1803.25,1601.35,1816.8,1634.25,1803.85,1663.9,1787.75,1678.1,1759.3,1682.05,1733.55,1685.2,1717.4,1679.4,1699.3,1674.25,1687.1,1667.15
1-93,Uninfected,No_comment,Polygon,17,1851,1694.2,1841.3,1679.3,1830.35,1664.55,1827.1,1640.65,1837.45,1615.5,1846.45,1596.1,1861.95,1574.2,1885.2,1557.45,1906.5,1560,1929.05,1569.05,1947.1,1589.05,1958.75,1627.75,1949.7,1656.15,1937.45,1678.75,1919.4,1694.2,1900.65,1700.65,1874.85,1701.95
1-94,Uninfected,No_comment,Polygon,20,1687.75,1547.1,1671,1532.2,1652.9,1503.9,1651,1471,1663.9,1435.45,1686.45,1419.35,1717.45,1414.2,1743.25,1411,1760.65,1411,1779.4,1420,1796.15,1428.4,1811.65,1436.8,1816.15,1456.1,1812.95,1485.8,1805.2,1520,1795.5,1546.45,1781.3,1555.5,1762.6,1556.1,1741.95,1552.9,1713.55,1552.9
1-95,Uninfected,No_comment,Polygon,19,1149.6,1831.65,1156.8,1814.4,1168.3,1792.8,1179.1,1772.65,1198.55,1750.35,1212.9,1723,1225.15,1710.05,1232.35,1719.4,1244.55,1757.55,1256.1,1789.9,1276.2,1814.4,1293.5,1844.6,1275.5,1874.8,1242.4,1896.4,1215.05,1900.7,1189.9,1895.7,1165.45,1882,1151.05,1862.6,1147.45,1846.75
1-96,Uninfected,No_comment,Polygon,21,877.65,1814.4,879.8,1788.5,886.3,1753.25,903.55,1733.1,927.3,1716.55,969.05,1710.8,991.35,1710.8,1018.65,1723.75,1041.7,1750.35,1046,1776.95,1053.9,1794.25,1062.55,1832.35,1058.25,1847.5,1038.8,1856.85,999.95,1856.1,972.6,1843.9,943.85,1841.7,936.65,1844.6,923.7,1844.6,909.3,1836.7,889.9,1823.75
1-97,Uninfected,No_comment,Polygon,20,936.65,1846.05,923.7,1866.9,910.05,1897.85,902.1,1932.35,908.6,1961.15,918.65,1984.9,934.5,1999.3,964,2011.5,994.2,2009.35,1017.95,2003.55,1035.95,1989.2,1048.15,1973.4,1065.45,1940.3,1060.4,1905.05,1047.45,1882,1035.95,1869.05,1007.9,1860.45,975.5,1853.95,959.65,1846.05,951,1841
1-98,Uninfected,No_comment,Polygon,19,1051.75,1760.4,1058.95,1743.9,1066.15,1729.5,1084.15,1715.1,1090.6,1692.8,1101.4,1703.6,1110.05,1709.35,1128,1710.8,1149.6,1710.8,1163.25,1718,1166.85,1742.45,1171.2,1769.8,1159.7,1799.25,1142.4,1822.3,1120.85,1833.1,1099.25,1832.35,1066.85,1819.4,1053.9,1799.3,1046.7,1771.25
1-99,Uninfected,No_comment,Polygon,17,1134.5,1641.7,1141.7,1681.3,1158.95,1711.5,1171.9,1718,1192.05,1723.75,1207.9,1721.55,1225.9,1708.65,1236.65,1703.6,1248.15,1689.9,1258.25,1662.6,1259.7,1639.55,1246.75,1602.85,1230.2,1588.5,1206.45,1584.9,1179.8,1589.2,1158.25,1611.5,1144.55,1630.95
1-100,Uninfected,No_comment,Polygon,19,991.35,1661.1,982.7,1641.7,978.4,1615.1,986.3,1579.15,997.8,1560.4,1027.3,1541,1051.75,1533.1,1079.1,1534.5,1095.65,1538.1,1115.8,1553.25,1133.05,1578.4,1130.9,1611.5,1124.4,1638.85,1110.05,1661.85,1088.45,1680.55,1075.5,1688.5,1042.4,1690.65,1021.55,1687,1005,1676.95
1-101,Uninfected,No_comment,Polygon,16,1296.35,2097.85,1283.4,2070.5,1290.6,2040.3,1309.3,2009.35,1330.9,1987.05,1366.9,1980.6,1396.35,1980.6,1414.35,1989.95,1431.65,2018.7,1435.2,2048.2,1428.05,2075.55,1416.5,2095,1392.05,2112.95,1362.55,2118.7,1333.05,2118,1317.25,2107.95
1-102,Uninfected,No_comment,Polygon,19,1071.2,2182.05,1053.9,2156.15,1048.15,2128.8,1053.9,2106.5,1069.05,2082.05,1087,2066.9,1110.75,2054.7,1127.3,2054.7,1147.45,2060.45,1169.05,2072.65,1182.7,2093.55,1190.6,2107.2,1185.6,2148.2,1179.1,2166.2,1174.05,2177.7,1149.6,2189.95,1128.75,2197.15,1104.3,2195.7,1084.85,2192.1
1-103,Uninfected,No_comment,Polygon,15,1022.25,2299.3,1030.9,2264.05,1050.35,2240.3,1081.25,2223.05,1110.75,2224.45,1141.7,2239.6,1164.7,2260.45,1172.65,2279.85,1170.45,2305.05,1164,2328.8,1148.15,2351.1,1133.05,2359.75,1098.55,2359.75,1064.7,2354.7,1053.9,2351.8
1-104,Uninfected,No_comment,Polygon,17,1310.05,2297.15,1307.9,2282.75,1326.6,2251.1,1339.55,2232.4,1361.1,2219.45,1379.85,2211.5,1402.85,2207.95,1433.8,2210.1,1460.4,2229.5,1476.25,2258.3,1482,2289.2,1469.05,2327.35,1433.05,2359.75,1389.9,2366.2,1362.55,2362.6,1333.05,2347.5,1310.05,2312.25
1-105,Uninfected,No_comment,Polygon,16,1302.15,2548.2,1319.45,2520.9,1340.35,2494.25,1363.3,2474.85,1392.15,2472.7,1415.1,2484.9,1434.55,2502.9,1449.7,2530.95,1454.7,2559.75,1445.35,2594.25,1423.05,2620.15,1391.35,2633.85,1365.45,2637.45,1336,2631,1310.1,2608.65,1300.05,2567.65
1-106,Uninfected,No_comment,Polygon,16,1173.4,2501.5,1169.8,2481.3,1182,2459.75,1204.3,2439.6,1228.8,2423.75,1246.1,2410.8,1269.8,2405.05,1292.1,2412.95,1313,2426.65,1327.4,2448.95,1332.4,2482.05,1332.4,2495.7,1317.95,2523.05,1296.45,2545.35,1261.2,2555.4,1228.05,2554.7
1-107,Uninfected,No_comment,Polygon,16,1431.65,2708.65,1431.65,2671.9,1438.1,2648.2,1449.6,2625.85,1469.8,2607.15,1504.3,2596.4,1545.3,2600.7,1566.9,2612.15,1581.25,2642.4,1587.75,2674.1,1582,2702.8,1564.8,2728.05,1545.3,2743.15,1513,2752.5,1484.15,2753.95,1450.35,2732.3
1-108,Uninfected,No_comment,Polygon,17,1404.8,1425.6,1402.4,1400.8,1404.8,1375.2,1419.2,1349.6,1440,1332,1476,1328,1504.8,1329.6,1521.6,1339.2,1545.6,1361.6,1560.8,1388,1558.4,1428.8,1543.2,1460.8,1522.4,1483.2,1496,1485.6,1466.4,1479.2,1440.8,1464.8,1412,1444.8
1-109,Uninfected,No_comment,Polygon,19,1508.8,1321.6,1507.2,1295.2,1523.2,1267.2,1541.6,1248.8,1560,1241.6,1586.4,1240,1605.6,1248,1620.8,1256,1637.6,1272.8,1649.6,1296,1655.2,1326.4,1647.2,1340.8,1645.6,1356.8,1637.6,1369.6,1607.2,1388.8,1576.8,1384.8,1555.2,1372.8,1534.4,1346.4,1507.2,1326.4
1-110,Uninfected,No_comment,Polygon,15,1648,1349.6,1659.2,1320.8,1670.4,1295.2,1689.6,1286.4,1713.6,1284.8,1732,1288,1753.6,1300,1766.4,1316.8,1776,1350.4,1769.6,1376.8,1754.4,1398.4,1724.8,1405.6,1692.8,1407.2,1671.2,1391.2,1648.8,1360.8
1-111,Uninfected,No_comment,Polygon,18,1769.6,1264,1768.8,1281.6,1779.2,1304,1788,1329.6,1807.2,1346.4,1829.6,1356,1852.8,1359.2,1878.4,1358.4,1908,1348.8,1924,1331.2,1930.4,1303.2,1932,1280.8,1908,1264.8,1875.2,1246.4,1856,1233.6,1825.6,1232,1800.8,1232.8,1783.2,1240.8
1-112,Uninfected,No_comment,Polygon,15,1629.6,1219.2,1624.8,1200,1632,1177.6,1648,1148,1670.4,1124,1696.8,1117.6,1717.6,1119.2,1762.4,1136.8,1775.2,1159.2,1780,1193.6,1770.4,1231.2,1748.8,1254.4,1716,1263.2,1683.2,1260.8,1655.2,1251.2
1-113,Uninfected,No_comment,Polygon,18,1485.6,1167.2,1480.8,1134.4,1487.2,1114.4,1500,1106.4,1513.6,1084,1524,1069.6,1547.2,1061.6,1573.6,1055.2,1599.2,1056.8,1632.8,1077.6,1648,1111.2,1652,1138.4,1638.4,1164,1617.6,1190.4,1597.6,1209.6,1572,1209.6,1529.6,1206.4,1504.8,1188
1-114,Uninfected,No_comment,Polygon,23,1386.4,1108,1380.8,1089.6,1368.8,1060,1368,1034.4,1372.8,1010.4,1385.6,991.2,1412.8,978.4,1442.4,975.2,1466.4,985.6,1488,1000.8,1508,1028.8,1522.4,1032,1527.2,1037.6,1516.8,1048.8,1521.6,1059.2,1522.4,1066.4,1512,1082.4,1499.2,1103.2,1486.4,1114.4,1478.4,1131.2,1451.2,1139.2,1426.4,1136,1399.2,1120
1-115,Uninfected,No_comment,Polygon,16,1241.6,1122.4,1232.8,1102.4,1232.8,1072,1247.2,1040.8,1264.8,1028,1300,1017.6,1328,1024,1356.8,1040.8,1368,1080,1368.8,1108.8,1355.2,1134.4,1339.2,1147.2,1323.2,1153.6,1300.8,1153.6,1274.4,1145.6,1252,1136.8
1-116,Uninfected,No_comment,Polygon,15,1100,1184.8,1090.4,1165.6,1086.4,1136.8,1096.8,1108.8,1115.2,1083.2,1148.8,1076.8,1178.4,1078.4,1203.2,1089.6,1221.6,1112.8,1234.4,1141.6,1233.6,1174.4,1216,1200.8,1185.6,1213.6,1151.2,1213.6,1119.2,1200.8
1-117,Uninfected,No_comment,Polygon,16,1148,1416.8,1134.4,1397.6,1131.2,1368.8,1136,1343.2,1157.6,1308,1190.4,1295.2,1228,1289.6,1267.2,1301.6,1288,1321.6,1296.8,1355.2,1289.6,1388,1266.4,1420.8,1243.2,1428.8,1213.6,1437.6,1188,1435.2,1168.8,1430.4
1-118,Uninfected,No_comment,Polygon,15,860,1500.8,854.4,1477.6,860.8,1439.2,877.6,1407.2,898.4,1392,929.6,1384.8,972.8,1386.4,992.8,1406.4,1007.2,1440.8,1011.2,1471.2,1004,1509.6,983.2,1539.2,955.2,1551.2,909.6,1540,870.4,1515.2
1-119,Uninfected,No_comment,Polygon,18,913.6,1310.4,908.8,1284.8,912.8,1255.2,932,1232.8,948,1220,975.2,1212.8,992.8,1202.4,1013.6,1202.4,1039.2,1219.2,1056.8,1235.2,1078.4,1270.4,1076.8,1300.8,1060,1336.8,1037.6,1350.4,999.2,1358.4,968,1357.6,935.2,1344,922.4,1327.2
1-120,Uninfected,No_comment,Polygon,15,865.6,1053.6,911.2,1014.4,946.4,984.8,970.4,989.6,1000,1011.2,1022.4,1039.2,1033.6,1087.2,1020,1131.2,996.8,1160,972,1168.8,928.8,1170.4,878.4,1147.2,860.8,1124.8,856,1090.4,856,1070.4
1-121,Uninfected,No_comment,Polygon,19,960,844.8,968.8,858.4,966.4,900.8,970.4,933.6,992.8,956.8,1014.4,972,1040,976,1064.8,976,1094.4,959.2,1108,932.8,1109.6,904.8,1102.4,872,1089.6,842.4,1063.2,821.6,1024,797.6,1013.6,796.8,1007.2,808.8,991.2,823.2,979.2,834.4
1-122,Uninfected,No_comment,Polygon,17,1140.8,795.2,1141.6,763.2,1145.6,739.2,1166.4,709.6,1211.2,696,1225.6,689.6,1240.8,697.6,1277.6,730.4,1298.4,772,1296,806.4,1285.6,836.8,1267.2,853.6,1240,864.8,1215.2,864.8,1180.8,852.8,1157.6,835.2,1142.4,811.2
1-123,Uninfected,No_comment,Polygon,20,1312,847.2,1312,832,1319.2,809.6,1332.8,788,1360,764.8,1388.8,758.4,1400.8,756.8,1426.4,775.2,1451.2,804,1463.2,824,1470.4,840.8,1476,875.2,1474.4,904.8,1466.4,921.6,1430.4,928.8,1398.4,929.6,1373.6,923.2,1341.6,907.2,1323.2,883.2,1316.8,864
1-124,Uninfected,No_comment,Polygon,18,1476.8,824.8,1483.2,800,1499.2,786.4,1517.6,777.6,1544.8,773.6,1565.6,772.8,1597.6,788,1620.8,808.8,1629.6,832,1626.4,864.8,1613.6,890.4,1592.8,905.6,1569.6,912.8,1533.6,912,1500.8,900,1487.2,877.6,1476,844.8,1476,829.6
1-125,Uninfected,No_comment,Polygon,17,1628,937.6,1628,959.2,1635.2,986.4,1640.8,1011.2,1652.8,1035.2,1668.8,1047.2,1700,1053.6,1720.8,1052,1740.8,1045.6,1756.8,1029.6,1763.2,1003.2,1757.6,977.6,1744,952,1712,935.2,1684.8,928.8,1663.2,928,1645.6,932
1-126,Uninfected,No_comment,Polygon,17,1681.6,852,1688,876.8,1702.4,909.6,1720,934.4,1750.4,940,1773.6,945.6,1795.2,944,1811.2,935.2,1828,922.4,1836.8,904.8,1839.2,877.6,1824.8,853.6,1808,838.4,1782.4,826.4,1759.2,822.4,1723.2,824.8,1708,835.2
1-127,Uninfected,No_comment,Polygon,17,1688,815.2,1652.8,786.4,1641.6,763.2,1637.6,726.4,1640,701.6,1651.2,678.4,1673.6,665.6,1708.8,662.4,1732,670.4,1757.6,689.6,1772,716.8,1782.4,741.6,1778.4,779.2,1768,802.4,1753.6,817.6,1740,824.8,1708.8,821.6
1-128,Uninfected,No_comment,Polygon,19,1694.4,656,1678.4,634.4,1668,604.8,1677.6,580.8,1691.2,556.8,1712.8,549.6,1738.4,544.8,1765.6,547.2,1785.6,559.2,1810.4,576.8,1829.6,596.8,1842.4,616.8,1844.8,656,1830.4,679.2,1814.4,693.6,1785.6,700,1756.8,689.6,1736,672.8,1699.2,656.8
1-129,Uninfected,No_comment,Polygon,15,1839.2,690.4,1844.8,675.2,1863.2,656.8,1884,639.2,1908,633.6,1931.2,635.2,1957.6,649.6,1970.4,671.2,1968.8,693.6,1958.4,719.2,1908.8,742.4,1883.2,741.6,1864,736,1848,722.4,1841.6,704
1-130,Uninfected,No_comment,Polygon,18,2023.2,572.8,2012.8,588,1981.6,616,1976.8,642.4,1977.6,672,1992,704.8,2011.2,720.8,2030.4,724,2060.8,725.6,2078.4,722.4,2092.8,708,2105.6,681.6,2108.8,650.4,2104,627.2,2082.4,600,2055.2,584.8,2037.6,572,2029.6,564
1-131,Uninfected,No_comment,Polygon,15,1448,661.6,1432.8,644.8,1424,618.4,1423.2,586.4,1436.8,563.2,1468,548,1499.2,544,1530.4,549.6,1557.6,570.4,1576.8,600,1576.8,644,1560.8,669.6,1532,680.8,1496.8,681.6,1464.8,672
1-132,Uninfected,No_comment,Polygon,18,1220.8,675.2,1209.6,634.4,1220.8,609.6,1236.8,588.8,1266.4,571.2,1299.2,569.6,1330.4,580,1357.6,599.2,1374.4,625.6,1380,659.2,1375.2,686.4,1366.4,708,1343.2,724.8,1312.8,726.4,1278.4,720,1260,705.6,1240.8,684,1234.4,680
1-133,Uninfected,No_comment,Polygon,15,1106.4,507.2,1095.2,515.2,1084.8,531.2,1069.6,560.8,1065.6,592.8,1064,632,1092,668,1152.8,686.4,1196,658.4,1203.2,628,1203.2,590.4,1194.4,549.6,1165.6,524,1130.4,512,1112,502.4
1-134,Uninfected,No_comment,Polygon,21,1918.2,1147,1900.75,1140.2,1878.85,1130.35,1861.35,1116.75,1846.95,1096.2,1844.75,1069.75,1849.3,1047.05,1859.15,1031.05,1875,1017.45,1902.25,1009.15,1916.65,1010.65,1953.05,1026.6,1970.45,1042.45,1974.3,1067.45,1981.05,1091.75,1989.45,1128.8,1991.65,1141.75,1984.85,1142.45,1972.75,1143.2,1956.8,1147.75,1940.9,1148.5
1-135,Uninfected,No_comment,Polygon,15,1982.6,990.9,1977.25,1009.9,1977.25,1042.45,1978.85,1070.5,1988.7,1106.05,2001.5,1124.3,2030.3,1139.45,2056.05,1143.2,2078.85,1136.35,2087.9,1103.8,2082.6,1065.9,2071.95,1042.45,2047.75,1025.8,2024.3,1009.9,1994,989.45
1-136,Uninfected,No_comment,Polygon,18,1990.15,953.05,1993.2,966.75,2006.05,987.9,2032.6,1007.6,2053.05,1016.75,2063.7,1018.2,2087.1,1016.75,2100,1003.05,2127.3,983.35,2138.7,964.45,2140.9,933.35,2125.75,889.45,2092.45,865.95,2062.9,862.9,2028.85,869.75,2010.6,886.35,1995.45,914.45,1988.7,940.95
1-137,Uninfected,No_comment,Polygon,19,2089.45,1042.45,2094,1025.8,2115.15,1000.05,2128.85,990.2,2157.6,981.9,2181.8,981.9,2212.1,992.45,2235.6,1008.35,2240.15,1031.9,2238.7,1058.35,2225,1068.2,2200,1083.35,2178.05,1101.6,2161.35,1109.9,2138.7,1115.2,2117.45,1108.35,2096.95,1096.2,2086.35,1076.6,2086.35,1056.05
1-138,Uninfected,No_comment,Polygon,21,2156.85,1112.15,2147.75,1127.3,2140.15,1145.5,2142.45,1170.5,2153.85,1194,2167.45,1218.2,2205.3,1225.05,2231.8,1219,2256.8,1211.45,2274.3,1194,2281.8,1177.3,2283.4,1142.45,2274.3,1117.45,2265.15,1098.5,2250,1083.35,2227.3,1073.5,2214.45,1073.5,2197.8,1083.35,2186.35,1099.3,2169.8,1105.3,2161.4,1106.85
1-139,Uninfected,No_comment,Polygon,20,3072.8,1301.6,3082.95,1284.4,3104.05,1260.95,3136.85,1246.1,3148.6,1238.3,3156.4,1240.65,3167.35,1253.9,3177.5,1267.2,3196.25,1282.05,3212.65,1302.35,3217.35,1328.15,3214.2,1353.15,3203.3,1375,3183,1383.6,3141.55,1385.2,3115.8,1381.25,3100.95,1373.45,3082.95,1356.25,3074.4,1330.5,3072.8,1316.4
1-140,Uninfected,No_comment,Polygon,15,3149.35,1228.9,3150.15,1214.1,3150.15,1193,3175.95,1164.85,3211.1,1155.5,3251.7,1164.85,3272.8,1179.7,3290.8,1202.35,3298.6,1229.7,3297.05,1253.15,3278.3,1290.65,3253.3,1304.7,3210.3,1303.15,3178.25,1265.7,3147.8,1236.75
1-141,Uninfected,No_comment,Polygon,17,3621.25,1304.7,3623.6,1282.85,3626.75,1255.5,3636.9,1230.5,3653.3,1208.6,3670.5,1196.9,3715,1187.5,3741.6,1193,3759.55,1205.5,3772.85,1225,3773.6,1255.5,3773.6,1277.35,3758,1304.7,3727.5,1322.7,3682.2,1332.85,3654.05,1322.7,3635.3,1316.45
1-142,Uninfected,No_comment,Polygon,17,3758,1471.15,3754.85,1458.65,3750.95,1440.65,3752.5,1418.8,3771.3,1390.65,3801.75,1367.2,3819.7,1346.9,3838.5,1323.45,3843.15,1327.4,3862.7,1351.6,3872.85,1382.85,3883,1416.45,3876.75,1458.65,3854.85,1485.2,3827.55,1494.55,3798.6,1494.55,3776.75,1483.65
1-143,Uninfected,No_comment,Polygon,16,3725.95,1140.65,3706.45,1121.9,3696.25,1096.9,3702.5,1063.3,3708.75,1040.65,3733,1020.35,3755.65,1002.35,3784.55,998.45,3808,1001.6,3819.7,1008.6,3829.1,1022.65,3836.1,1050.8,3829.1,1094.55,3803.3,1128.15,3778.3,1140.65,3743.15,1146.1
1-144,Uninfected,No_comment,Polygon,13,3719.7,943.75,3706.45,921.1,3704.1,879.7,3728.3,832.8,3747.05,813.3,3777.6,803.1,3804.1,802.35,3825.2,812.5,3857.2,890.65,3843.95,921.1,3805.65,956.25,3770.5,967.2,3743.95,960.95
1-145,Uninfected,No_comment,Polygon,14,3596.25,1016.4,3572.85,1005.5,3554.85,977.35,3563.45,939.05,3587.65,903.9,3617.35,883.6,3648.6,883.6,3683,895.3,3699.4,917.2,3700.95,946.1,3685.35,982.8,3661.1,1012.5,3618.95,1026.55,3604.1,1024.25
1-146,Uninfected,No_comment,Polygon,18,3346.25,1114.1,3322.85,1108.6,3302.5,1097.65,3283.75,1078.9,3281.4,1047.65,3289.2,1023.45,3309.55,1004.7,3328.3,995.3,3343.15,978.15,3367.35,968,3390,971.9,3402.5,983.6,3411.9,1000.8,3418.95,1016.4,3417.35,1036.75,3407.2,1062.5,3393.9,1085.15,3383.75,1102.35
1-147,Uninfected,No_comment,Polygon,16,3522.05,912.5,3495.45,891.4,3490,868.75,3492.35,833.6,3498.6,808.6,3525.95,792.95,3554.05,785.95,3575.15,790.6,3589.25,803.9,3606.4,824.2,3608.75,850,3604.85,874.2,3588.45,894.55,3571.25,910.95,3550.95,918.75,3533.75,921.1
1-148,Uninfected,No_comment,Polygon,16,3559.55,761.7,3553.3,749.2,3549.4,721.85,3562.65,692.95,3584.55,671.85,3612.65,660.15,3639.25,658.6,3670.5,672.65,3694.7,699.2,3708,736.7,3690.8,785.15,3661.9,805.45,3629.05,812.5,3608.75,807.05,3583,789.05,3570.5,778.9
1-149,Uninfected,No_comment,Polygon,17,3391.55,764.05,3377.5,746.85,3364.2,724.2,3355.6,695.3,3363.45,671.1,3385.3,651.55,3414.2,646.85,3435.3,650,3457.2,664.05,3473.6,683.6,3488.45,707.8,3495.45,725.75,3493.9,750.8,3479.05,770.3,3460.3,775,3424.4,775,3406.4,768.75
1-150,Uninfected,No_comment,Polygon,14,3454.85,627.35,3443.15,589.85,3450.15,561.7,3479.85,532,3511.1,519.5,3522.8,520.3,3542.35,534.35,3561.9,567.15,3566.55,595.3,3554.85,625,3537.65,643.75,3514.2,657,3484.55,658.6,3466.55,649.2
1-151,Uninfected,No_comment,Polygon,18,3240,811.7,3243.9,789.05,3252.5,765.6,3273.6,743.75,3306.4,729.7,3347.8,725.75,3365,740.6,3386.05,759.35,3399.4,791.4,3399.4,820.3,3383.75,848.45,3360.3,860.15,3332.2,875.8,3304.05,881.25,3284.55,875.8,3262.65,864.85,3245.45,847.65,3240.75,832.05
1-152,Uninfected,No_comment,Polygon,24,3075.9,803.1,3064.2,793.75,3057.15,784.35,3049.35,776.55,3050.9,764.05,3046.25,749.2,3047.8,734.35,3061.85,714.85,3087.65,696.1,3114.2,688.25,3141.55,685.95,3156.4,696.85,3172.8,716.4,3184.5,734.35,3190.75,744.55,3182.2,757.8,3188.45,772.65,3181.4,780.45,3173.6,798.45,3158.75,810.95,3152.5,812.5,3126.7,821.85,3106.4,817.95,3088.4,817.95
1-153,Uninfected,No_comment,Polygon,17,3125.15,678.1,3115.75,655.45,3113.4,629.7,3128.25,600,3156.4,571.1,3177.5,564.85,3207.2,557,3229.85,564.05,3253.25,590.6,3258.75,621.85,3247,657,3231.4,675,3214.2,691.4,3179.05,699.2,3152.45,693.75,3142.3,684.35,3131.4,684.35
1-154,Uninfected,No_comment,Polygon,16,3234.55,982.8,3231.4,970.3,3265.8,904.7,3320.45,874.2,3350.95,872.65,3379.85,882.8,3392.35,908.6,3393.15,933.6,3382.2,957.8,3359.55,967.2,3336.1,981.25,3318.15,997.65,3290.8,1011.75,3265,1016.4,3247.8,1007.8,3238.45,996.9
1-155,Uninfected,No_comment,Polygon,16,3200.95,989.05,3183.75,975,3168.1,953.15,3148.6,922.65,3139.2,907.8,3142.35,878.15,3157.2,849.2,3177.5,835.95,3204.85,829.7,3232.2,835.15,3244.7,842.95,3261.1,870.3,3268.9,897.65,3257.2,921.9,3240,951.55,3230.6,976.55
1-156,Uninfected,No_comment,Polygon,20,3111.85,1063.3,3100.15,1068,3086.1,1061.75,3068.1,1037.5,3054.85,1017.2,3047,982.05,3048.6,948.45,3058.75,920.3,3069.7,890.65,3072.8,879.7,3096.25,895.3,3117.35,906.25,3135.3,917.2,3161.1,947.65,3179.85,977.35,3184.55,990.65,3179.05,1012.55,3168.1,1031.25,3149.35,1046.9,3115.75,1059.4
1-157,Uninfected,No_comment,Polygon,16,3300.15,1392.3,3281.4,1371.95,3269.65,1330.5,3281.4,1294.6,3298.55,1271.2,3320.4,1258.7,3354,1255.5,3382.15,1261,3403.25,1275.85,3419.65,1303.95,3424.35,1340.7,3413.4,1372.7,3397.75,1391.45,3365.75,1404.8,3323.55,1404.8,3310.3,1397.7
1-158,Uninfected,No_comment,Polygon,20,2934.45,1033.65,2932.95,1059.35,2938.4,1088.3,2948.85,1111.65,2973.55,1131.3,3004.35,1151.5,3036.05,1164.1,3060.3,1164.1,3084.5,1153.15,3097,1135.2,3109.5,1106.3,3104.8,1082.85,3087.65,1067.2,3068.85,1048.45,3042.3,1028.95,3006.35,1004.7,2984.5,987.55,2966.55,994.6,2939.95,1014.1,2934.45,1021.85
1-159,Uninfected,No_comment,Polygon,16,2680.55,928.9,2665.75,912.5,2654.8,886.75,2653.25,850.8,2657.9,814.05,2672.75,801.55,2689.9,786.75,2711.8,781.25,2732.9,793.75,2753.25,810.15,2770.4,843,2770.4,876.6,2760.25,902.35,2739.15,927.35,2719.65,936.75,2700.05,937.5
1-160,Uninfected,No_comment,Polygon,15,2564.95,1008.6,2540.7,989.1,2532.15,968.75,2528.2,939.1,2538.4,910.95,2558.7,887.5,2608.65,871.95,2646.15,880.5,2658.7,893.75,2672.75,920.35,2675.05,953.15,2665.75,982.85,2644.65,1004.7,2618.05,1014.1,2586.05,1016.45
1-161,Uninfected,No_comment,Polygon,15,2756.35,803.15,2757.15,773.45,2761.85,743.75,2777.4,721.9,2793.1,704.7,2818.85,700.85,2842.25,704.7,2869.6,723.45,2884.5,746.9,2888.35,781.25,2874.35,821.95,2847.75,853.2,2806.35,860.15,2769.65,836.75,2762.6,814.85
1-162,Uninfected,No_comment,Polygon,16,2439.95,877.35,2424.3,853.9,2418.85,824.25,2428.2,793.75,2448.55,775,2478.95,766.4,2519.65,766.4,2545.4,784.4,2558.7,813.3,2561.8,841.4,2555.55,870.35,2542.3,896.1,2528.2,909.4,2501.65,912.5,2475.05,913.3,2459.45,899.25
1-163,Uninfected,No_comment,Polygon,15,2257.1,863.3,2233.65,845.35,2223.5,818.75,2222.75,789.85,2232.1,764.05,2251.6,740.65,2275.1,734.4,2304,735.15,2324.25,750,2348.5,760.95,2359.45,789.05,2358.7,826.6,2346.95,848.45,2324.25,859.45,2284.45,866.4
1-164,Uninfected,No_comment,Polygon,23,2138.35,819.55,2125.85,812.5,2104.75,794.55,2092.25,772.65,2089.15,744.6,2096.15,725,2109.4,707.1,2118.85,678.9,2139.9,660.15,2159.4,646.9,2175.85,632.8,2203.15,616.4,2205.5,613.3,2213.35,636,2223.5,668.75,2229.75,696.9,2229,713.35,2227.4,735.95,2212.6,766.4,2191.5,800,2179.75,814.05,2161,813.3,2143.85,823.45
1-165,Uninfected,No_comment,Polygon,18,2401.6,786.75,2389.95,771.9,2355.55,751.55,2322.7,709.4,2310.25,678.9,2316.45,643.75,2349.3,611.7,2364.1,607.8,2384.45,607.05,2402.45,609.4,2428.95,614.05,2443.05,627.35,2451.6,657.8,2452.45,689.05,2444.6,723.45,2428.2,753.9,2409.45,775.85,2405.55,791.4
1-166,Uninfected,No_comment,Polygon,15,2527.45,742.2,2520.4,723.45,2516.45,686.7,2517.3,654.7,2527.45,622.65,2545.4,605.45,2575.05,600,2595.4,601.55,2619.65,612.5,2635.25,635.15,2643.05,664.05,2631.3,701.55,2594.65,728.15,2561.05,736.75,2543.05,740.65
1-167,Uninfected,No_comment,Polygon,15,2613.4,606.25,2614.9,569.55,2622,550,2641.5,531.25,2661.8,525,2692.3,525,2717.25,535.15,2730.55,552.35,2738.4,582.05,2739.15,612.5,2731.35,647.65,2704.75,670.3,2674.3,670.3,2646.15,656.25,2629,627.4
1-168,Uninfected,No_comment,Polygon,18,2742.25,612.5,2748.5,630.45,2761.85,660.95,2782.15,678.9,2803.25,687.5,2831.35,687.5,2849.35,683.6,2879.75,696.9,2891.5,686.7,2904.75,644.55,2900.85,589.05,2882.95,559.4,2857.1,542.2,2837.6,535.95,2800.1,532.05,2782.15,543.75,2756.35,564.85,2742.25,586
1-169,Uninfected,No_comment,Polygon,15,2987.6,494.5,2993.05,517.2,3004.8,539.85,3025.1,560.15,3079.8,571.1,3098.55,564.85,3125.9,539.85,3139.95,506.25,3136.05,473.45,3100.1,433.6,3073.55,424.2,3048.55,426.55,3022.8,439.05,3003.2,454.7,2993.85,471.85
1-170,Uninfected,No_comment,Polygon,16,2884.45,364.05,2885.25,385.9,2868.85,414.85,2861.05,450,2864.95,483.6,2882.95,514.05,2911.8,525,2944.65,515.6,2981.35,482.8,2993.85,471.85,2993.05,432,2974.3,391.4,2968.05,373.4,2953.2,360.9,2927.45,360.9,2897.75,360.9
1-171,Uninfected,No_comment,Polygon,14,2689.15,473.45,2703.25,504.7,2717.25,523.45,2746.2,532.8,2775.1,533.6,2807.9,518.75,2833.7,506.25,2837.6,440.6,2822.75,414.05,2796.95,392.15,2738.35,385.9,2719.6,400,2701.65,422.65,2692.25,438.25
1-172,Uninfected,No_comment,Polygon,16,3082.15,305.45,3074.35,279.65,3072.8,243.7,3085.3,204.65,3106.4,179.65,3125.95,172.6,3143.1,174.95,3172.8,189.05,3204.05,206.2,3224.35,228.85,3232.2,263.25,3222.8,298.4,3194.7,332,3161.85,343.7,3132.2,344.5,3102.5,330.45
1-173,Uninfected,No_comment,Polygon,16,2851.7,345.3,2823.55,336.7,2798.55,317.15,2788.4,292.15,2784.5,257.8,2797,231.2,2812.65,210.9,2838.4,194.5,2865,196.85,2903.25,218.7,2916.55,241.35,2922,266.4,2922.8,291.4,2911.05,314.05,2892.3,332,2869.65,341.4
1-174,Uninfected,No_comment,Polygon,15,2942.3,94.5,2945.45,67.15,2954.05,39,2969.65,17.9,2992.35,3.1,3049.35,4.65,3072.8,21.05,3085.3,43.7,3089.2,84.35,3082.15,105.45,3057.15,128.85,3003.25,147.6,2976.7,145.25,2957.95,126.55,2938.4,106.2
1-175,Uninfected,No_comment,Polygon,16,2718.1,134.35,2706.35,110.1,2708.7,74.2,2722,39,2743.9,24.2,2785.3,20.25,2808.7,24.95,2831.4,37.45,2842.3,54.65,2854.05,89.8,2853.25,124.95,2836.05,143.7,2797.8,165.6,2775.9,171.05,2760.3,146.85,2732.15,134.35
1-176,Uninfected,No_comment,Polygon,15,2663.4,182.8,2658.7,196.85,2663.4,216.35,2671.2,232.8,2694.65,253.1,2720.45,260.15,2745.45,260.15,2765.75,248.4,2776.7,229.65,2776.7,195.3,2769.65,163.25,2747.8,142.95,2722.8,136.7,2699.35,141.35,2682.15,150.75
1-177,Uninfected,No_comment,Polygon,16,2458.7,425,2461.05,384.35,2472,360.15,2508.7,339.05,2533.7,335.9,2556.35,340.6,2569.6,349.95,2594.6,367.15,2597.75,400.75,2597.8,428.1,2580.6,453.1,2550.9,473.4,2514.2,478.9,2490.75,473.4,2471.2,454.65,2460.25,435.9
1-178,Uninfected,No_comment,Polygon,14,2570.4,14.8,2573.55,3.9,2557.9,36.7,2550.05,68.7,2551.65,101.6,2556.3,121.05,2563.4,141.4,2582.9,153.1,2614.15,157.8,2638.4,143.75,2657.9,89.05,2656.35,48.4,2636.05,3.9,2579,1.55
1-179,Uninfected,No_comment,Polygon,15,2349.3,279.65,2351.6,260.9,2361.8,233.6,2379.8,217.15,2411.05,200,2438.4,199.2,2465.7,205.45,2488.4,227.35,2500.9,255.45,2491.45,310.15,2468.8,335.15,2430.55,350.05,2392.3,344.5,2372.7,331.25,2355.55,311.7
1-180,Uninfected,No_comment,Polygon,16,2178.2,292.15,2158.7,273.4,2150.85,245.3,2161,200.75,2179,171.05,2206.35,156.25,2243.85,150,2265.7,157.8,2299.3,175,2311.05,209.35,2315.7,239.05,2307.1,282.8,2283.7,303.1,2254.75,315.6,2225.1,317.15,2199.25,308.6
1-181,Uninfected,No_comment,Polygon,17,2087.6,397.65,2096.15,419.5,2115.65,446.85,2139.15,460.15,2163.35,465.6,2192.25,467.2,2214.95,457.8,2230.5,446.85,2238.35,421.85,2240.7,381.3,2227.45,348.4,2199.25,326.55,2167.25,316.4,2139.15,320.3,2114.9,332,2095.4,353.9,2088.35,371.1
1-182,Uninfected,No_comment,Polygon,15,2243,89.05,2246.2,107.85,2261.8,136.7,2275.1,154.65,2300.85,166.4,2325.85,169.5,2371.95,153.1,2391.45,123.4,2400.85,87.45,2388.35,46.85,2353.95,17.15,2300.1,10.15,2273.5,25.75,2254.75,50.75,2250.85,65.6
1-183,Uninfected,No_comment,Polygon,16,2003.15,589.05,1977.4,595.3,1946.15,589.85,1925.05,575.8,1913.3,544.55,1929,489.9,1963.35,471.85,1985.25,466.4,2008.65,464.9,2032.1,475.8,2051.65,496.85,2057.9,516.4,2049.3,548.45,2036,562.5,2018.85,568.75,2010.25,580.45
1-184,Uninfected,No_comment,Polygon,17,1817.05,584.9,1797.5,565.35,1775.05,532.05,1777.4,486.7,1785.95,455.45,1807.9,439.85,1843.05,434.35,1868.05,438.25,1890.7,454.7,1907.05,478.9,1924.2,510.15,1913.3,538.3,1913.3,560.95,1906.3,580.45,1881.3,596.9,1842.25,598.5,1802.2,569.35
1-185,Uninfected,No_comment,Polygon,15,1608.6,514.05,1585.2,496.85,1567.25,461.7,1574.25,411.7,1589.1,389.05,1615.7,373.45,1652.35,368.8,1681.3,380.45,1700.85,402.35,1718.05,441.4,1721.95,473.45,1713.35,502.4,1687.55,518.75,1653.95,524.2,1625.85,524.2
1-186,Uninfected,No_comment,Polygon,15,1879.75,327.35,1888.3,352.35,1907.9,388.25,1931.3,402.35,1953.15,407,1986,405.45,2006.35,392.2,2025.85,357,2025.1,323.4,1998.5,282.8,1975.05,267.95,1932.9,260.2,1907.9,272.65,1893.8,290.6,1883.65,306.25
1-187,Uninfected,No_comment,Polygon,18,1571.1,314.85,1565.7,300,1566.45,272.65,1569.6,251.55,1587.55,233.6,1606.3,218.75,1634.45,214.05,1658.6,214.85,1687.55,225.75,1706.3,242.15,1716.45,271.1,1718.05,296.1,1714.9,326.55,1687.55,352.35,1670.35,359.35,1639.1,360.95,1610.2,357,1585.2,343.8
1-188,Uninfected,No_comment,Polygon,18,1825.8,202.3,1828.95,178.9,1835.2,153.9,1842.25,135.15,1853.2,117.95,1871.95,109.35,1894.55,107,1911.8,109.35,1928.2,125,1946.9,146.05,1958.65,185.15,1957.1,217.15,1942.25,246.1,1913.3,261.7,1890.7,267.15,1866.5,261.7,1850.8,247.7,1839.15,225.75
1-189,Uninfected,No_comment,Polygon,17,1360.15,510.9,1350.8,490.6,1348.5,474.2,1357.8,443.7,1373.5,424.2,1400.05,408.55,1425.8,407,1449.25,411.7,1471.15,424.95,1485.15,450.75,1493.75,479.6,1489.9,500,1479.75,521.05,1460.15,534.35,1425.8,539.8,1394.55,535.9,1368.8,525.75
1-190,Uninfected,No_comment,Polygon,18,1219.55,371.85,1228.95,394.5,1239.9,429.65,1258.65,449.2,1286.7,462.5,1308.65,464.05,1325.05,463.25,1348.5,449.2,1350.05,421.85,1349.25,394.5,1334.4,361.7,1312.55,335.9,1296.15,318.7,1263.3,308.5,1251.55,309.35,1238.3,323.4,1228.15,337.45,1214.05,355.45
1-191,Uninfected,No_comment,Polygon,17,1428.15,260.1,1427.4,283.55,1428.9,306.2,1439.1,327.25,1455.5,348.4,1473.5,357.8,1495.35,360.15,1521.15,362.45,1536.75,347.65,1549.25,320.3,1557.1,295.3,1548.5,261.7,1536,246.05,1519.6,221.85,1495.35,213.25,1446.15,220.3,1433.65,236.7
1-192,Uninfected,No_comment,Polygon,19,1477.4,209.35,1459.4,186.7,1453.9,165.6,1458.65,145.25,1468,125.75,1539.9,78.8,1563.35,81.2,1586,91.3,1605.5,113.25,1612.5,140.6,1610.2,167.95,1600,192.95,1593.75,210.9,1577.35,221.05,1558.6,228.1,1530.5,228.85,1509.35,217.15,1494.55,212.4,1482.05,214.05
1-193,Uninfected,No_comment,Polygon,20,1732.85,47.6,1728.2,59.35,1715.7,73.4,1690.7,114,1688.35,140.6,1688.35,167.95,1701.6,192.95,1725.85,217.95,1748.45,228.1,1778.2,233.55,1792.2,229.65,1814.1,218.65,1823.45,198.4,1827.4,167.95,1821.95,138.25,1807.85,109.35,1792.2,83.55,1772.7,72.55,1747.7,62.45,1732.1,45.25
1-194,Uninfected,No_comment,Polygon,14,2943,219.1,2930.25,231.85,2901.55,243.35,2866.75,243.35,2832.05,227.05,2820.45,207.4,2815.45,166.95,2849.05,137.9,2895.45,119.45,2930.25,125.25,2953.45,149.6,2965,165.75,2965,191.3,2953.45,212.1
1-195,Uninfected,No_comment,Polygon,15,2605.55,415.1,2582.8,404.1,2561.95,382.05,2559.6,358.9,2561.5,310.7,2583.55,275.95,2611.35,260.8,2646.15,259.65,2677.45,270.15,2706.45,288.75,2709.9,330.45,2709.9,369.8,2692.55,394.2,2669.35,417.35,2636.85,422.1
1-196,Uninfected,No_comment,Polygon,13,2472.2,653.9,2439.9,644.15,2416.7,618.7,2408.45,583.2,2414.25,537.95,2425.8,507.8,2460.6,490.4,2496.55,485.8,2536,507.8,2547.6,549.55,2541.8,579.7,2531.35,613.35,2503.5,646.95
1-197,Uninfected,No_comment,Polygon,14,2919.2,910.3,2899.65,934.65,2889.9,963.95,2889.9,993.2,2900.65,1018.6,2928.95,1027.35,2953.85,1026.8,2984.1,1023.9,3011.5,1013.15,3032.35,999.05,3036.25,969.8,3016.75,920.05,2977.7,900.55,2949.4,896.6
1-198,Uninfected,No_comment,Polygon,13,3192.35,993.2,3163.5,994,3138.1,1018.45,3123.5,1037.9,3114.3,1062.5,3110.4,1085.9,3124.05,1116.15,3163.1,1130.8,3197.25,1124.95,3226.5,1100.55,3236.25,1067.35,3236.25,1028.35,3211.9,999.05
1-199,Uninfected,No_comment,Polygon,17,3489.95,954.2,3470.45,978.6,3450.9,993.2,3438.25,1009.8,3428.45,1037.1,3408,1068.35,3402.15,1101.5,3411.9,1124.95,3431.4,1145.4,3462.6,1145.4,3500.65,1134.7,3526.05,1117.1,3533.85,1095.65,3548.5,1072.25,3553.35,1039.05,3540.7,1007.85,3520.2,989.3
1-200,Uninfected,No_comment,Polygon,13,3589.45,1081,3520.15,1096.65,3496.75,1106.4,3475.35,1129.8,3462.6,1151.25,3465.55,1184.45,3489.95,1209.8,3519.2,1214.7,3555.3,1214.7,3589.45,1203,3608,1178.6,3612.9,1146.4,3612.9,1122
1-201,Uninfected,No_comment,Polygon,16,3592.35,1169.7,3539.65,1194.15,3524.05,1212.7,3500.65,1224.45,3489.95,1243.95,3491.9,1271.3,3499.7,1302.5,3515.3,1320.05,3540.7,1324.95,3583.6,1324.95,3598.25,1310.3,3607,1281.05,3608.95,1208.85,3604.1,1188.35,3597.2,1188.3,3597.2,1179.5
1-202,Uninfected,No_comment,Polygon,13,3882.15,1347.4,3852.6,1362.9,3835.1,1368.75,3808.7,1366.8,3780.7,1347.4,3766.05,1328.9,3779.7,1279.1,3800.2,1259.55,3845.1,1249.85,3882.15,1250.85,3911.45,1274.25,3916.3,1303.45,3906.55,1333.7
1-203,Uninfected,No_comment,Polygon,14,3740.7,1323.05,3715.8,1303.75,3691.4,1302.8,3658.3,1317.35,3633.35,1329.8,3619.7,1349.35,3618.75,1376.7,3634.35,1411.75,3662.65,1421.55,3696.8,1425.45,3736.8,1420.6,3760.2,1392.3,3760.2,1352.3,3747.5,1334.75
1-204,Uninfected,No_comment,Polygon,15,3760.2,1893.8,3739.95,1860.55,3715.55,1840.15,3696.05,1826.45,3681.4,1835.2,3667.5,1849.9,3648,1879.1,3633.35,1905.5,3625.55,1934.75,3657.75,1971.85,3679.2,1977.7,3711.4,1981.55,3742.65,1967.95,3761.2,1953.25,3769.95,1919.1
1-205,Uninfected,No_comment,Polygon,12,1884.9,1634.5,1837.6,1590.85,1820.1,1563.75,1817.3,1506.8,1837.6,1466.1,1871.55,1447.1,1878.3,1426.75,1891.85,1448.45,1912.2,1489.15,1925.8,1528.5,1920.2,1573.6,1912.05,1607.5
1-206,Uninfected,No_comment,Polygon,13,1486.45,1845.85,1445.1,1852.95,1432.85,1873.2,1423.95,1900.1,1423.95,1921.8,1444.3,1948.9,1466,1970.6,1513.5,1974.7,1548.85,1947.55,1566.4,1921.8,1561.05,1881.1,1525.75,1855.35,1506.8,1848.55
1-207,Uninfected,No_comment,Polygon,14,1383.3,1764.45,1349.4,1805.15,1330.5,1820.05,1302,1825.5,1274.35,1811.45,1260.7,1805.9,1240.35,1766.65,1240.9,1737.35,1254.55,1704.8,1276.25,1684.45,1302,1676.3,1344.05,1677.65,1369.7,1696.65,1390.05,1726.5
1-208,Uninfected,No_comment,Polygon,12,1962.45,1311.45,1921.55,1289.75,1899.85,1277.55,1893.05,1262.75,1909.6,1209.75,1927.2,1170.4,1962.45,1156.85,1996.4,1162.3,2028.95,1188.05,2049.25,1221.95,2035.7,1277.55,2008.6,1304.7