244,5312,2988
1-1,Uninfected,No_comment,Polygon,11,3039.45,72.3,3019.8,76.8,3001.95,113.4,3002.8,156.25,3021.55,191.05,3054.6,208.05,3092.1,206.25,3123.35,190.2,3138.5,154.45,3139.45,117.85,3124.25,90.15
1-2,Uninfected,No_comment,Polygon,12,3126.95,193.75,3093.9,208.9,3066.2,239.3,3059.1,276.8,3076.05,311.6,3109.95,326.8,3144.75,324.1,3184.1,300,3193.9,265.2,3193.9,230.35,3178.7,203.55,3155.5,194.65
1-3,Uninfected,No_comment,Polygon,11,3196.6,297.35,3151.95,325.9,3150.1,358.95,3162.6,391.1,3189.45,413.4,3226,415.2,3264.45,403.6,3281.4,374.1,3279.6,340.2,3253.75,308.05,3225.15,297.35
1-4,Uninfected,No_comment,Polygon,13,3008.2,277.7,2982.3,279.45,2957.3,293.75,2946.55,316.1,2954.6,348.2,2972.45,371.45,2999.2,390.2,3032.3,396.45,3062.6,379.45,3076.05,350.9,3076.05,321.45,3059.95,292.85,3030.5,279.45
1-5,Uninfected,No_comment,Polygon,11,2901.95,187.5,2871.55,199.1,2842.95,232.15,2844.8,275,2862.65,305.35,2903.7,325.9,2943.85,322.35,2976.15,290.2,2978.7,258.95,2963.55,203.55,2939.45,190.2
1-6,Uninfected,No_comment,Polygon,12,2759.95,206.25,2730.5,221.45,2708.15,257.15,2708.15,293.75,2720.65,324.1,2746.55,350,2780.45,361.6,2813.55,345.55,2830.45,322.35,2829.55,283.95,2813.55,239.3,2786.7,214.3
1-7,Uninfected,No_comment,Polygon,12,2723.3,385.7,2741.2,367.85,2769.8,351.75,2790.3,349.1,2831.4,360.7,2860.85,402.7,2863.55,437.5,2846.55,460.75,2809.95,475,2775.15,474.1,2745.65,455.35,2726.05,418.75
1-8,Uninfected,No_comment,Polygon,12,2638.5,190.2,2612.65,204.45,2597.4,241.95,2598.3,281.25,2610.8,307.15,2638.5,325,2668.9,325,2699.25,307.15,2705.5,280.35,2707.3,245.55,2691.2,214.3,2673.3,196.45
1-9,Uninfected,No_comment,Polygon,12,2598.4,283.05,2565.3,276.8,2523.35,291.95,2493.85,327.7,2489.4,361.6,2503.65,391.1,2533.15,408.95,2591.15,410.7,2617.05,381.25,2629.55,346.45,2626.05,314.3,2616.25,295.55
1-10,Uninfected,No_comment,Polygon,12,2454.6,260.7,2427.75,278.55,2406.35,315.2,2407.25,375,2418.85,416.1,2446.5,437.5,2481.35,432.15,2501.9,406.25,2507.4,367.85,2511.8,320.55,2502.8,281.25,2482.25,265.2
1-11,Uninfected,No_comment,Polygon,12,2325.1,284.85,2294.75,299.1,2273.35,324.1,2268.85,350.9,2284.95,383.05,2309.95,404.45,2368,424.1,2410.85,408.95,2426.1,378.55,2423.4,344.55,2409.1,315.15,2370.65,291.95
1-12,Uninfected,No_comment,Polygon,14,2208.1,288.4,2232.25,277.7,2259.95,277.7,2291.2,292.85,2314.4,328.6,2322.5,373.2,2318.9,408.05,2294.75,423.2,2268.85,427.7,2243.85,424.1,2225.1,408.95,2196.55,370.55,2188.5,333.95,2190.3,310.7
1-13,Uninfected,No_comment,Polygon,13,2191.2,458.95,2214.35,430.35,2240.2,418.75,2275.05,421.45,2301,431.25,2326.9,462.5,2325.1,494.65,2312.6,518.75,2282.25,533.95,2242.95,533.95,2211.7,525,2185.8,506.25,2180.45,483.05
1-14,Uninfected,No_comment,Polygon,13,2049.2,355.35,2025.1,365.2,2001.9,392.85,1996.55,432.15,2007.2,466.1,2028.7,485.75,2059.05,496.45,2094.7,491.1,2120.6,469.65,2125.95,436.6,2118.85,402.7,2107.2,381.25,2085.8,361.6
1-15,Uninfected,No_comment,Polygon,12,2813.45,474.95,2787.65,477.7,2757.3,498.25,2746.55,532.15,2747.45,566.1,2775.15,594.65,2805.45,600.9,2834.05,586.6,2849.2,566.1,2853.7,534.85,2850.15,500,2841.2,489.3
1-16,Uninfected,No_comment,Polygon,14,2899.2,488.4,2875.15,496.45,2853.6,508.8,2842.9,525.8,2835.75,548.15,2838.45,574,2855.45,608.95,2890.3,628.6,2931.35,621.45,2955.45,598.25,2967.1,572.35,2966.2,542,2948.35,508.05,2932.3,496.45
1-17,Uninfected,No_comment,Polygon,13,2334.95,508.95,2314.35,522.35,2287.6,558.95,2278.7,596.45,2283.1,630.4,2306.35,667.9,2344.75,681.25,2374.25,669.65,2396.5,642.9,2406.35,602.7,2406.35,564.3,2395.65,533.05,2370.65,513.4
1-18,Uninfected,No_comment,Polygon,14,1908.15,413.4,1930.45,413.4,1959.05,421.45,1986.7,437.5,2003.65,465.2,2004.55,497.35,1992.05,530.35,1969.7,551.8,1942.95,559.85,1924.2,557.15,1893.8,534.85,1882.25,503.6,1876.9,473.25,1881.3,437.5
1-19,Uninfected,No_comment,Polygon,13,2406.35,608.95,2379.6,624.1,2360.85,660.75,2364.4,700,2380.5,735.75,2407.25,749.15,2443,745.55,2471.5,727.7,2492.1,693.75,2493,663.4,2482.25,631.25,2454.6,610.75,2427.75,604.5
1-20,Uninfected,No_comment,Polygon,11,1811.7,529.5,1793.8,543.75,1783.15,572.35,1789.4,613.4,1810.8,648.25,1847.4,665.2,1884.9,654.5,1905.45,613.4,1895.65,569.65,1872.4,542,1846.5,529.5
1-21,Uninfected,No_comment,Polygon,12,1988.45,624.15,2015.3,606.25,2055.45,603.6,2092.95,614.3,2117.95,650,2114.35,687.5,2099.2,720.55,2075.95,733.05,2042.05,733.95,2009.9,717.9,1987.6,691.1,1981.3,658.95
1-22,Uninfected,No_comment,Polygon,13,2135.8,546.45,2117.05,577.7,2106.35,618.75,2104.5,650,2115.2,677.65,2142.95,699.15,2192.95,701.8,2213.5,679.5,2229.6,634.85,2230.45,593.75,2215.3,560.75,2192.1,537.5,2163.5,535.75
1-23,Uninfected,No_comment,Polygon,13,2218.85,678.6,2193.85,701.8,2188.5,726.8,2208.1,763.4,2235.85,783.95,2284.95,798.25,2320.6,784.85,2340.25,757.15,2343.85,727.7,2330.45,696.45,2301,681.25,2268.85,678.6,2246.5,676.8
1-24,Uninfected,No_comment,Polygon,13,3361.75,424.1,3335.85,418.75,3300.15,424.1,3272.5,441.95,3259.1,467.85,3266.25,507.15,3291.25,533.95,3329.6,550.9,3379.6,551.8,3398.4,534.85,3407.3,502.7,3409.1,466.1,3390.35,443.75
1-25,Uninfected,No_comment,Polygon,13,3390.3,443.7,3386.75,412.5,3398.4,370.55,3437.65,341.1,3485.9,328.6,3521.55,339.3,3535.9,368.75,3535.9,408.95,3524.25,441.1,3502.8,467,3475.15,486.6,3443,489.3,3416.25,473.25
1-26,Uninfected,No_comment,Polygon,13,3601.95,390.2,3568.9,395.55,3537.6,407.95,3509.95,423.15,3500.1,450.8,3514.4,479.5,3542.15,502.7,3577.8,517.85,3611.8,513.4,3634.95,492,3650.15,463.4,3645.7,432.15,3633.2,403.6
1-27,Uninfected,No_comment,Polygon,12,3447.5,517.85,3414.4,518.75,3381.4,532.1,3349.25,560.75,3327.85,592,3328.75,625,3342.1,658.95,3377.85,665.2,3419.8,649.15,3451.9,613.4,3473.4,576.8,3477.8,541.1
1-28,Uninfected,No_comment,Polygon,13,3457.25,597.3,3436.8,605.3,3414.5,630.35,3402.85,666.1,3402.85,697.35,3419.8,733.95,3451.9,750.9,3489.4,748.25,3518.9,721.45,3533.2,680.4,3521.55,636.65,3499.25,606.25,3482.3,600
1-29,Uninfected,No_comment,Polygon,13,3532.3,525.9,3501.05,540.2,3479.65,559.85,3473.4,583.95,3479.55,617.8,3498.3,642.85,3527.75,659.8,3562.65,655.4,3587.65,640.2,3605.55,608.95,3601.95,574.1,3578.75,542,3563.55,533.05
1-30,Uninfected,No_comment,Polygon,12,3109.95,647.35,3143.85,648.25,3178.7,661.65,3198.35,697.35,3193.9,735.75,3174.25,768.75,3146.6,784.85,3113.5,783.05,3076.95,763.4,3059.95,733.95,3061.75,700,3084.1,662.5
1-31,Uninfected,No_comment,Polygon,12,3295.65,671.45,3271.6,681.25,3243,700,3230.5,723.25,3233.2,757.15,3243,783.95,3268.9,797.35,3303.75,792.9,3330.5,775,3342.1,744.65,3344.8,710.75,3329.6,684.85
1-32,Uninfected,No_comment,Polygon,13,3532.25,683,3554.65,667.9,3587.65,668.75,3628.7,692,3644.8,724.15,3635.9,765.2,3615.3,784.85,3584.05,800.9,3553.75,795.55,3532.3,779.5,3520.65,749.15,3518.85,723.2,3524.25,706.2
1-33,Uninfected,No_comment,Polygon,12,3467.15,783.95,3492.15,769.65,3533.15,764.25,3570.65,774.9,3595.65,793.65,3610,834.85,3599.3,867.9,3570.7,888.4,3531.4,892.9,3498.4,883.95,3467.15,858.05,3455.5,818.8
1-34,Uninfected,No_comment,Polygon,13,3310,848.25,3326.9,832.15,3364.4,818.8,3402.85,825.05,3444.8,843.8,3464.4,873.25,3465.3,910.75,3443.9,940.2,3401.05,950.9,3356.4,942,3326.9,924.15,3308.15,897.35,3303.75,874.15
1-35,Uninfected,No_comment,Polygon,12,2809.05,691.1,2781.4,713.4,2761.7,746.45,2758.15,792.9,2771.55,831.3,2797.45,844.65,2842.95,834.85,2876.05,808.05,2894.8,775.9,2896.55,734.85,2876.05,709.85,2847.45,692
1-36,Uninfected,No_comment,Polygon,12,2649.25,751.8,2699.25,747.35,2749.25,756.25,2769.8,799.15,2770.65,837.55,2753.7,864.3,2718,881.3,2686.75,882.15,2650.15,864.3,2626,834.85,2618.9,804.5,2630.5,774.15
1-37,Uninfected,No_comment,Polygon,14,1944.7,758.05,1961.7,742,1993.85,741.1,2026.9,750,2059.95,768.75,2072.45,799.15,2071.55,833.05,2054.55,854.5,2031.35,868.8,2001.9,872.35,1965.3,858.05,1937.55,829.5,1933.15,800.9,1936.7,775.9
1-38,Uninfected,No_comment,Polygon,14,2878.7,806.3,2859.05,807.15,2833.15,822.35,2819.8,843.8,2816.2,875.05,2820.65,908.05,2838.55,926.8,2869.8,939.3,2913.55,937.55,2942.95,919.65,2956.35,897.35,2958.2,864.3,2942.1,833.05,2912.65,813.4
1-39,Uninfected,No_comment,Polygon,14,1605.4,740.2,1635.8,728.6,1668.85,731.25,1696.5,745.55,1721.5,774.15,1735.8,804.5,1733.15,831.3,1717.05,851.8,1689.4,864.3,1655.4,866.1,1624.15,858.95,1601.85,835.75,1591.15,801.8,1591.15,771.45
1-40,Uninfected,No_comment,Polygon,13,1780.4,682.15,1744.75,706.25,1726.9,750.9,1723.25,790.15,1722.35,829.45,1739.4,854.5,1765.25,854.5,1786.65,839.3,1819.75,799.15,1840.25,757.15,1844.75,717.9,1833.15,695.55,1814.4,686.65
1-41,Uninfected,No_comment,Polygon,13,1852.5,726.7,1825.3,746.3,1795.95,786.75,1787.7,815.2,1787.35,845.95,1814.9,863.4,1858.05,868,1902.05,860.65,1923.15,837.7,1931.45,812.95,1929.55,781.75,1913.1,749.6,1886.45,733.05
1-42,Uninfected,No_comment,Polygon,12,1744.75,873.45,1757.5,857.45,1799,856.4,1849,871.3,1867.1,893.7,1876.7,916.05,1869.25,953.2,1849,968.1,1809.65,974.5,1774.5,964.9,1745.8,941.5,1733.05,907.45
1-43,Uninfected,No_comment,Polygon,12,2358.65,775.55,2382.05,773.4,2412.9,786.25,2428.85,821.3,2428.85,862.85,2421.35,900.05,2399.05,922.35,2366.05,925.55,2327.75,906.4,2309.7,868.1,2317.15,824.55,2333.1,788.3
1-44,Uninfected,No_comment,Polygon,13,2672.5,894.7,2693.9,866.65,2731.2,850.7,2774.6,851.15,2805.45,870.3,2827.6,898.9,2838.45,935.2,2826.75,972.35,2802.25,992.65,2755.45,987.25,2709.7,974.5,2675.65,952.15,2667.15,929.8
1-45,Uninfected,No_comment,Polygon,12,2998.05,825.55,2976.7,818.1,2956.55,829.8,2943.55,856.35,2937.2,892.5,2950.15,918.1,2976.7,938.35,3007.6,945.75,3039.5,941.5,3064,920.3,3059.75,882,3036.35,850
1-46,Uninfected,No_comment,Polygon,13,3077.8,795.75,3106.55,789.4,3140.8,786.7,3165.05,802.15,3175.65,833,3176.75,884.05,3166.1,924.55,3138.45,940.45,3102.3,945.75,3070.35,932,3051.2,895.75,3046.95,848.95,3059.75,814.9
1-47,Uninfected,No_comment,Polygon,11,3210.8,837.25,3167.15,857.4,3138.4,890.4,3142.65,927.7,3167.2,955.35,3205.5,969.2,3249.1,956.4,3283.15,926.6,3291.65,897.9,3275.7,857.45,3249.1,839.45
1-48,Uninfected,No_comment,Polygon,13,2424.6,824.5,2416.1,843.65,2407.55,871.3,2418.2,900.05,2440.5,923.45,2473.55,927.75,2504.4,924.55,2531,904.3,2542.7,872.35,2538.4,836.25,2521.4,810.65,2489.5,801.15,2450.1,805.4
1-49,Uninfected,No_comment,Polygon,12,3854.45,503.25,3831.05,490.45,3798.1,500,3767.2,521.3,3748.05,554.25,3747,592.55,3766.15,633.05,3800.2,656.45,3836.4,652.2,3856.6,619.15,3861.9,579.85,3861.9,538.3
1-50,Uninfected,No_comment,Polygon,13,3656.6,578.75,3689.55,568.15,3744.9,575.65,3792.75,591.6,3814.05,624.55,3812.95,660.65,3797,698.95,3771.5,712.8,3733.2,708.5,3693.8,693.65,3640.6,663.9,3627.85,623.4,3636.35,597.9
1-51,Uninfected,No_comment,Polygon,12,3666.2,671.35,3634.25,686.25,3622.6,714.95,3624.75,759.65,3653.4,791.5,3704.45,822.35,3753.4,818.1,3783.2,783,3789.55,739.4,3760.85,703.25,3730,679.85,3694.9,669.15
1-52,Uninfected,No_comment,Polygon,12,3641.7,813.85,3614,825.55,3593.7,840.3,3587.35,867.95,3601.25,900.05,3635.3,922.35,3674.65,922.35,3717.2,909.6,3741.7,880.85,3739.55,838.3,3714.05,819.2,3678.9,811.7
1-53,Uninfected,No_comment,Polygon,12,3584.25,884.05,3558.55,876.45,3517.1,883.9,3482.1,908.6,3472.55,943.7,3487.4,985.2,3523.6,1004.35,3569.35,997.9,3610.85,975.55,3632.1,942.6,3619.4,909.6,3599.2,894.7
1-54,Uninfected,No_comment,Polygon,12,3792.75,860.65,3757.6,868.1,3733.2,898.95,3735.3,944.7,3761.9,984.05,3795.9,1002.15,3843.8,1006.4,3873.6,989.45,3888.5,957.5,3888.5,923.45,3865.1,890.45,3832.1,868.1
1-55,Uninfected,No_comment,Polygon,14,1581.35,863.9,1556.35,861.85,1529.9,875.75,1505.65,900.05,1491.7,932.65,1490.3,970.85,1504.2,1006.3,1534.05,1029.2,1568.15,1031.3,1600.8,1018.1,1617.4,991.7,1634.75,948.65,1632.7,910.45,1619.55,881.3
1-56,Uninfected,No_comment,Polygon,12,2019.5,891,1994.5,906.3,1976.5,934.75,1973,962.55,1986.15,993.1,2006.3,1011.85,2048.7,1021.55,2084.8,1015.3,2103.55,995.85,2111.2,962.55,2101.45,923.65,2063.95,892.4
1-57,Uninfected,No_comment,Polygon,11,2432,929.9,2406.35,943.8,2388.95,977.8,2393.85,1013.25,2418.15,1036.85,2447.35,1047.25,2483.4,1047.25,2506.35,1027.1,2510.55,991.7,2500.8,959.75,2476.45,937.55
1-58,Uninfected,No_comment,Polygon,11,2750.25,966.2,2724.55,973.15,2694.55,996.55,2685.5,1022.95,2691.75,1054.2,2713.3,1077.1,2748.75,1084.75,2783.45,1068.1,2798,1038.25,2798,1006.3,2778,975.85
1-59,Uninfected,No_comment,Polygon,14,2563.3,1005.6,2586.95,1013.95,2614,1035.45,2625.1,1070.2,2623.75,1108.35,2615.35,1143.1,2594.55,1166,2566.8,1171.55,2527.85,1171.55,2499.4,1159.75,2485.55,1129.9,2487.6,1088.95,2495.2,1052.8,2518.15,1023.65
1-60,Uninfected,No_comment,Polygon,14,2509.1,1168.1,2520.25,1143.8,2548.05,1133.35,2576.45,1141,2605.7,1163.25,2630,1192.4,2643.2,1225.05,2637.6,1258.4,2625.1,1277.15,2598.05,1288.25,2573.05,1284.75,2530.65,1252.15,2517.5,1213.95,2511.25,1184.75
1-61,Uninfected,No_comment,Polygon,12,2655.7,1070.2,2629.25,1070.85,2598,1095.85,2586.95,1125.75,2586.15,1159.8,2597.95,1186.15,2625.05,1199.35,2659.1,1195.2,2695.25,1175.05,2714.65,1146.55,2716.75,1118.8,2694.55,1084.75
1-62,Uninfected,No_comment,Polygon,13,2718.9,1109.05,2697.35,1121.55,2690.4,1146.55,2698.1,1172.95,2727.15,1204.9,2761.2,1228.5,2800.15,1241,2843.2,1231.3,2850.8,1201.45,2834.8,1160.45,2806.4,1126.45,2777.2,1111.15,2744.55,1107.7
1-63,Uninfected,No_comment,Polygon,13,2421.6,1075.05,2390.35,1084.05,2369.5,1107.7,2367.45,1144.5,2375.75,1179.2,2401.45,1204.2,2439.65,1222.25,2475.8,1211.85,2494.55,1191.7,2503.6,1163.25,2502.95,1132,2486.25,1107.7,2461.25,1088.25
1-64,Uninfected,No_comment,Polygon,14,2070.2,1032,2090.4,1016,2117.45,1003.5,2144.5,1007,2172.35,1019.5,2197.35,1053.5,2203.6,1091,2196.65,1120.2,2170.95,1141.7,2145.2,1152.8,2121.65,1150.75,2091.05,1133.35,2073.7,1097.25,2062.55,1057
1-65,Uninfected,No_comment,Polygon,12,2022.3,1161.15,2044.5,1135.45,2084.1,1125.05,2128.55,1142.35,2139.7,1165.3,2145.2,1204.9,2134.8,1234.05,2111.2,1252.15,2074.35,1255.6,2042.45,1243.1,2024.35,1226.45,2014.7,1196.55
1-66,Uninfected,No_comment,Polygon,14,1891.75,1167.4,1916.75,1159.75,1957.75,1163.25,1998,1173.65,2022.3,1192.35,2032.75,1221.5,2026.5,1257,2011.15,1282.7,1985.5,1296.6,1959.8,1295.9,1928.55,1282,1900.75,1257.7,1886.15,1221.55,1884.8,1191
1-67,Uninfected,No_comment,Polygon,15,2388.25,1196.55,2352.85,1185.45,2320.9,1183.4,2297.35,1183.4,2276.45,1192.4,2270.2,1209.05,2287.55,1238.25,2313.25,1263.95,2344.5,1284.75,2368.15,1293.1,2397.35,1291,2416.1,1276.45,2423.7,1257.7,2421.6,1233.4,2411.2,1215.3
1-68,Uninfected,No_comment,Polygon,12,1722.95,995.2,1695.2,1010.45,1683.4,1041.7,1689.65,1076.45,1711.85,1103.5,1741.7,1113.25,1777.15,1109.75,1797.95,1093.8,1804.9,1068.1,1803.55,1039.6,1787.55,1012.55,1764,996.55
1-69,Uninfected,No_comment,Polygon,13,1814.65,1077.1,1791.65,1085.45,1775,1103.5,1765.35,1132.7,1772.95,1168.8,1800.8,1195.2,1841.05,1203.5,1872.3,1193.8,1889,1166,1895.95,1137.55,1884.8,1109.75,1864,1091.7,1843.1,1079.9
1-70,Uninfected,No_comment,Polygon,13,1620.2,1141,1642.4,1126.45,1684.1,1127.8,1707.75,1143.1,1732.75,1166,1744.55,1196.55,1741,1230.6,1714.65,1261.15,1691,1264.65,1650.1,1249.35,1625.1,1228.5,1609.1,1200.05,1611.15,1167.4
1-71,Uninfected,No_comment,Polygon,13,2379.95,1293.05,2354.95,1281.25,2327.85,1289.65,2300.75,1309.1,2291.1,1334.75,2290.4,1363.25,2303.6,1388.95,2328.6,1405.6,2354.95,1402.15,2383.4,1387.55,2397.35,1363.95,2399.4,1333.4,2391.8,1307.7
1-72,Uninfected,No_comment,Polygon,15,2288.25,1366,2270.2,1359.1,2239.65,1356.3,2205.65,1364.65,2186.9,1382,2172.35,1405.6,2174.35,1432,2186.9,1459.8,2205.65,1475.05,2234.15,1485.45,2266.1,1479.2,2293.8,1459.8,2307,1434.1,2309.15,1402.85,2304.3,1385.35
1-73,Uninfected,No_comment,Polygon,14,2016.75,1291,1987.55,1300.05,1966.75,1322.25,1954.9,1352.15,1956.3,1384.1,1967.4,1405.6,1994.5,1428.55,2027.9,1435.45,2061.85,1422.95,2084.15,1397.25,2088.95,1362.55,2079.95,1329.9,2067.45,1308.4,2043.1,1295.9
1-74,Uninfected,No_comment,Polygon,15,1874.35,1343.8,1898,1338.25,1928.55,1341.7,1951.5,1356.3,1966.1,1375,1978.6,1405.55,1980.6,1438.95,1975.05,1459.1,1957,1473.65,1918.1,1477.85,1882.75,1468.8,1850.05,1450.05,1837.55,1426.45,1839,1397.95,1855.6,1365.35
1-75,Uninfected,No_comment,Polygon,14,2563.3,1291,2537.6,1291,2505,1311.15,2490.35,1335.45,2486.9,1369.5,2498.75,1398.65,2513.95,1418.1,2536.9,1429.2,2570.9,1422.95,2592.5,1407.7,2606.35,1386.15,2609.1,1355.6,2604.3,1325.75,2591.8,1304.2
1-76,Uninfected,No_comment,Polygon,14,2500.8,1405.55,2480,1406.3,2444.5,1414.65,2426.45,1431.3,2417.45,1454.2,2422.35,1476.45,2429.3,1497.95,2450.1,1516.7,2480.65,1525.75,2511.9,1518.8,2538.95,1495.2,2543.15,1463.95,2536.25,1438.95,2525.8,1426.4
1-77,Uninfected,No_comment,Polygon,13,2398.05,1482,2428.6,1479.8,2459.85,1490.25,2482.05,1509,2491.05,1537.55,2485.55,1566.05,2461.9,1589.65,2423.05,1601.45,2384.85,1598,2347.35,1578.55,2334.1,1550.75,2343.85,1511.85,2370.9,1489.65
1-78,Uninfected,No_comment,Polygon,13,2193.15,1467.35,2154.25,1459.8,2113.95,1463.25,2097.3,1480.6,2098.7,1511.85,2114.7,1538.25,2131.3,1555.6,2161.85,1566.7,2195.2,1570.9,2223,1554.2,2234.85,1525.05,2234.85,1498.65,2223.7,1482.65
1-79,Uninfected,No_comment,Polygon,13,2679.25,1353.5,2659.8,1358.4,2639,1382,2634.8,1417.4,2639,1453.55,2652.15,1472.95,2675.1,1486.85,2704.25,1487.55,2725.8,1473.65,2736.95,1448.65,2737.65,1415.35,2730,1378.5,2713.3,1361.15
1-80,Uninfected,No_comment,Polygon,14,2780.7,1390.35,2761.2,1402.15,2742.5,1416,2731.3,1434.75,2727.1,1455.55,2735.5,1479.9,2754.25,1501.45,2790.35,1513.95,2823,1507,2843.9,1485.45,2857.75,1459.8,2854.25,1429.9,2834.8,1405.6,2813.3,1393.8
1-81,Uninfected,No_comment,Polygon,12,1593.85,1275.05,1613.95,1266.7,1647.25,1266.7,1681.35,1281.3,1701.45,1311.85,1704.9,1349.35,1688.3,1381.3,1658.4,1396.6,1622.95,1396.6,1587.6,1374.35,1570.2,1341,1570.2,1305.6
1-82,Uninfected,No_comment,Polygon,12,1407.7,1254.2,1386.9,1264.65,1373.7,1293.1,1374.4,1325.75,1386.2,1352.85,1416.7,1373.65,1447.25,1373.65,1473.65,1353.5,1487.6,1319.5,1479.9,1280.6,1454.2,1259.75,1434.05,1252.8
1-83,Uninfected,No_comment,Polygon,14,1297.25,1370.9,1316.7,1357.7,1344.5,1346.6,1381.35,1345.85,1415.3,1354.9,1448.65,1370.15,1479.9,1389.65,1486.15,1414.65,1477.8,1438.95,1459.75,1457.7,1423.7,1456.3,1370.2,1449.35,1321.55,1431.3,1295.85,1400.05
1-84,Uninfected,No_comment,Polygon,12,1332,1444.5,1350.7,1428.55,1377.75,1420.2,1424.3,1425.75,1445.1,1449.35,1454.2,1490.35,1437.6,1527.15,1402.1,1542.4,1372.25,1540.35,1336.2,1523.65,1318.15,1491.7,1320.2,1468.8
1-85,Uninfected,No_comment,Polygon,15,1500.1,1396.6,1476.4,1416,1467.35,1439.65,1466,1466.05,1474.4,1499.35,1493.85,1518.1,1514.65,1529.9,1545.9,1531.3,1570.2,1521.6,1591.7,1502.15,1600.1,1473.65,1595.9,1438.95,1581.35,1414.65,1560.45,1401.45,1525.1,1395.2
1-86,Uninfected,No_comment,Polygon,15,1839.65,1491.7,1864,1474.35,1895.15,1463.25,1919.45,1468.1,1943.1,1482.7,1961.15,1501.45,1970.95,1529.9,1968.8,1559.1,1955.6,1576.45,1928.55,1591.05,1901.5,1600.05,1868.8,1593.8,1837.55,1574.35,1823.65,1548.65,1825.8,1518.8
1-87,Uninfected,No_comment,Polygon,12,2003.55,1472.95,1977.85,1490.35,1970.95,1515.35,1975.75,1543.8,1997.3,1563.95,2034.8,1572.3,2065.4,1571.6,2095.95,1552.85,2108.45,1522.85,2091.05,1493.1,2059.8,1481.3,2030.6,1474.35
1-88,Uninfected,No_comment,Polygon,13,2565.35,1497.95,2590.35,1495.2,2624.45,1496.6,2659.1,1509.8,2686.95,1532.7,2691.75,1559.1,2675.8,1584.1,2648.75,1595.9,2612.6,1592.4,2582.05,1582,2559.1,1567.4,2543.15,1543.1,2545.9,1516.05
1-89,Uninfected,No_comment,Polygon,12,2474.45,1568.8,2447.35,1575.05,2425.1,1589.65,2413.95,1611.85,2415.35,1638.25,2427.85,1666.05,2450.75,1675.05,2482.05,1680.6,2512.6,1670.2,2530.65,1643.8,2528.55,1611.15,2508.4,1580.6
1-90,Uninfected,No_comment,Polygon,14,2561.25,1614.65,2510.55,1631.95,2486.25,1656.95,2470.3,1681.25,2461.9,1709.8,2463.95,1732,2482.7,1747.3,2511.25,1751.45,2556.35,1727.85,2584.1,1707,2601.45,1680.6,2605.7,1655.6,2595.9,1627.85,2579.3,1617.4
1-91,Uninfected,No_comment,Polygon,12,1654.2,1510.45,1686.15,1506.3,1726.5,1509.8,1760.45,1530.6,1775.8,1566.05,1769.55,1607,1735.45,1630.6,1688.95,1641.05,1649.35,1624.35,1619.55,1588.25,1617.4,1553.55,1630.6,1532
1-92,Uninfected,No_comment,Polygon,14,2667.2,1591.3,2638.4,1596.5,2611,1617.55,2591.85,1636.55,2592.6,1661.35,2602.1,1681.8,2622.7,1700.05,2655.55,1718.3,2686.95,1721.95,2721.95,1708.8,2743.15,1683.25,2746.8,1644.55,2724.9,1613.9,2694.95,1595.65
1-93,Uninfected,No_comment,Polygon,13,2786.25,1623.4,2767.2,1638,2751.15,1659.15,2743.85,1688.35,2754.8,1713.2,2775.3,1737.25,2811.8,1746.05,2850.45,1735.1,2874.5,1705.15,2880.35,1666.45,2867.2,1638,2838.8,1623.4,2813.2,1619.75
1-94,Uninfected,No_comment,Polygon,13,1968.65,1600.75,1947.5,1611,1926.3,1634.35,1920.5,1660.6,1921.95,1694.2,1937.25,1712.45,1962.8,1721.95,2005.9,1725.6,2036.5,1702.9,2043.8,1677.4,2041.7,1643.85,2022.65,1614.65,1999.3,1601.5
1-95,Uninfected,No_comment,Polygon,13,2870.1,1199.3,2897.9,1192.75,2930.05,1189.8,2961.4,1201.5,2981.85,1226.3,2985.5,1256.95,2971.6,1284.7,2946.8,1305.85,2909.55,1311,2873.05,1297.85,2852.6,1273.75,2847.5,1244.55,2851.15,1217.55
1-96,Uninfected,No_comment,Polygon,15,2875.3,1080.3,2855.5,1097.1,2843.15,1124.1,2843.15,1156.25,2851.85,1186.9,2862.1,1198.55,2883.2,1202.95,2906.55,1200.05,2934.3,1190.6,2949.7,1163.55,2957,1138.65,2957.75,1109.5,2941,1088.35,2925.6,1078.15,2901.55,1073
1-97,Uninfected,No_comment,Polygon,14,1404.3,1543.7,1389.8,1562.1,1385.45,1586.9,1386.15,1615.35,1397.1,1636.55,1416.1,1655.5,1447.45,1662.8,1478.85,1653.3,1506.65,1633.6,1519,1602.95,1518.3,1567.2,1502.2,1543.1,1485.45,1530.7,1461.3,1525.6
1-98,Uninfected,No_comment,Polygon,13,2996.75,935.6,3013.35,932.2,3046.05,935.6,3073.55,954,3087.55,980.7,3088.85,1013.35,3072.85,1040.7,3030.85,1054.05,2986.2,1048.7,2965.5,1026.05,2957.5,994.7,2962.85,967.35,2974.85,952
1-99,Uninfected,No_comment,Polygon,12,3276.2,994,3251.5,1008.7,3233.5,1036.7,3230.2,1074.7,3242.8,1103.35,3272.2,1120.05,3306.2,1126.75,3341.5,1108.75,3363.5,1072.05,3359.5,1029.35,3341.5,1004.7,3310.2,990.7
1-100,Uninfected,No_comment,Polygon,13,3113.55,1074.05,3134.15,1056.05,3165.55,1053.35,3208.85,1073.35,3234.85,1091.3,3252.8,1120.05,3246.2,1148.75,3231.5,1166.05,3208.85,1171.35,3178.85,1163.35,3128.85,1144.75,3104.85,1124.75,3100.15,1098.05
1-101,Uninfected,No_comment,Polygon,15,3063.55,1122.05,3084.85,1110.05,3125.55,1116.05,3150.2,1124.7,3163.55,1147.35,3164.85,1176.05,3146.85,1212.7,3124.85,1236.7,3096.15,1256.7,3062.15,1258.7,3039.55,1252.7,3022.15,1232.7,3014.85,1209.35,3020.15,1174.05,3034.85,1142.05
1-102,Uninfected,No_comment,Polygon,14,3200.2,1172.7,3168.2,1189.35,3139.55,1209.35,3115.55,1230.7,3117.55,1266.05,3136.15,1291.4,3174.85,1306.05,3205.55,1301.4,3246.2,1275.4,3268.2,1243.4,3273.5,1216.05,3262.2,1184.7,3238.2,1173.35,3222.85,1170.7
1-103,Uninfected,No_comment,Polygon,13,3414.9,1134.75,3387.55,1146.05,3361.5,1167.35,3350.9,1193.35,3354.2,1222.05,3372.2,1244.05,3404.9,1258.7,3440.9,1258.7,3471.55,1246.7,3495.55,1220.05,3499.55,1184.7,3482.15,1154.05,3457.55,1136.75
1-104,Uninfected,No_comment,Polygon,13,3701.5,1079.35,3662.9,1086.7,3629.55,1110.05,3614.9,1141.35,3622.25,1172.7,3636.9,1198.05,3670.25,1216.05,3717.5,1228.05,3747.6,1214.05,3764.9,1189.35,3768.9,1159.35,3764.2,1125.35,3733.6,1094.05
1-105,Uninfected,No_comment,Polygon,13,3833.6,1022.7,3794.2,1040.05,3767.6,1069.35,3757.6,1103.35,3758.8,1131.3,3774.2,1154.05,3806.9,1166.05,3840.9,1156.7,3878.9,1136.05,3900.25,1107.35,3900.9,1075.35,3887.6,1045.35,3860.25,1026.7
1-106,Uninfected,No_comment,Polygon,15,3616.25,1196.05,3662.2,1186,3713.4,1191.3,3755.6,1210.05,3782.9,1241.4,3784.9,1276.05,3763.6,1298.7,3722.9,1309.4,3680.9,1312.05,3644.9,1306.7,3615.55,1299.4,3589.55,1279.4,3577.55,1252.05,3585.55,1223.4,3596.25,1207.35
1-107,Uninfected,No_comment,Polygon,16,3594.25,1316.05,3604.3,1290.7,3636.9,1265.4,3672.25,1260.7,3707.55,1264.7,3749.6,1274.7,3770.9,1294.7,3783.6,1326.7,3779.6,1355.4,3764.9,1376.1,3722.9,1387.4,3692.2,1388.7,3646.9,1382.05,3614.25,1373.4,3593.55,1356.7,3589.55,1336.05
1-108,Uninfected,No_comment,Polygon,14,3491.55,1240.05,3472.9,1246.05,3439.55,1262.05,3426.9,1284.7,3422.9,1312.05,3431.55,1340.1,3450.9,1360.1,3472.85,1372.1,3498.85,1376.1,3533.55,1370.7,3552.25,1347.4,3560.25,1314.05,3552.85,1276.05,3532.25,1254.7
1-109,Uninfected,No_comment,Polygon,13,3210.8,1298,3224.1,1270.65,3248.8,1259.35,3298.9,1262.05,3320.9,1272.7,3349.5,1299.4,3360.2,1333.4,3350.9,1361.4,3328.2,1380.7,3300.9,1386.05,3267.5,1384.05,3232.8,1365.4,3208.85,1330.7
1-110,Uninfected,No_comment,Polygon,16,3783.6,1187.35,3800.9,1175.35,3829.6,1188.7,3850.25,1211.35,3871.6,1230.05,3898.9,1257.4,3917.55,1281.4,3919.55,1313.4,3906.25,1338.7,3889.6,1350.7,3863.6,1351.4,3834.2,1339.4,3804.9,1316.05,3784.2,1287.4,3773.6,1245.4,3773.6,1203.35
1-111,Uninfected,No_comment,Polygon,13,3884.9,1140.05,3857.6,1150.75,3838.9,1174.7,3836.9,1204,3848.25,1239.35,3875.6,1257.35,3908.25,1272.65,3947.55,1260.7,3974.25,1236.7,3981.55,1204.05,3974.95,1170.05,3954.25,1157.35,3915.55,1143.35
1-112,Uninfected,No_comment,Polygon,13,4022.9,1054.75,3992.9,1069.4,3968.9,1088.05,3954.25,1113.4,3954.9,1139.4,3970.25,1163.35,3995.55,1178.1,4044.9,1178.75,4073.6,1157.4,4094.25,1126.1,4093.6,1091.4,4078.25,1071.4,4046.9,1056.75
1-113,Uninfected,No_comment,Polygon,14,3962.25,1249.35,3986.25,1233.4,4021.6,1240.75,4054.25,1257.4,4077.6,1287.4,4081.6,1320.75,4067.6,1348.75,4046.9,1362.75,4020.25,1370.75,3985.55,1366.1,3958.25,1347.45,3944.25,1318.75,3945.55,1286.75,3953.55,1262.1
1-114,Uninfected,No_comment,Polygon,13,3789.55,1347.45,3758.2,1356.05,3722.9,1380.05,3711.55,1416.1,3720.9,1444.1,3744.2,1458.75,3784.9,1468.75,3820.9,1465.45,3861.55,1450.1,3882.9,1412.75,3881.55,1376.75,3865.55,1358.1,3833.55,1346.1
1-115,Uninfected,No_comment,Polygon,15,3596.2,1356.7,3574.9,1365.45,3559.55,1392.75,3561.55,1418.1,3574.9,1445.45,3600.9,1466.1,3628.2,1478.75,3660.9,1487.45,3694.2,1481.45,3713.55,1449.45,3718.9,1422.75,3710.2,1393.45,3692.2,1374.7,3657.55,1362.05,3626.2,1359.4
1-116,Uninfected,No_comment,Polygon,14,3712.9,1464.75,3748.2,1453.5,3788.25,1451.5,3812.85,1462.1,3840.9,1486.1,3852.25,1519.45,3843.55,1548.8,3821.55,1572.8,3793.55,1582.8,3759.55,1581.45,3728.9,1566.1,3702.9,1537.45,3694.9,1504.1,3700.9,1483.45
1-117,Uninfected,No_comment,Polygon,14,3513.55,1423.45,3544.2,1417.45,3581.55,1427.35,3620.85,1456,3646.2,1491.45,3646.9,1520.1,3639.55,1539.45,3616.2,1552.8,3591.55,1552.1,3561.55,1541.45,3531.55,1524.75,3510.2,1498.75,3502.2,1468.75,3502.2,1444.1
1-118,Uninfected,No_comment,Polygon,14,3482.85,1486.75,3523.55,1490.75,3559.55,1508.75,3592.2,1532.1,3612.2,1553.45,3619.55,1578.1,3610.2,1598.1,3590.2,1612.8,3554.9,1614.8,3500.2,1597.45,3459.55,1576.1,3441.55,1552.8,3444.85,1522.75,3457.55,1500.75
1-119,Uninfected,No_comment,Polygon,13,3366.85,1352.1,3393.55,1340.75,3426.85,1340.75,3456.95,1349.4,3479.65,1369.4,3492.85,1397.45,3492.2,1428.1,3473.55,1456.75,3440.85,1471.45,3407.55,1467.45,3374.2,1447.45,3356.2,1419.45,3352.2,1388.1
1-120,Uninfected,No_comment,Polygon,12,3931.55,1454.75,3967.55,1442.1,4013.6,1444.75,4050.9,1470.1,4064.9,1506.75,4056.25,1537.45,4035.6,1560.8,3998.9,1568.8,3974.25,1564.8,3944.9,1551.45,3928.9,1523.45,3922.25,1486.75
1-121,Uninfected,No_comment,Polygon,12,2944.05,1308.6,2935.5,1337.45,2937.5,1366.1,2958.85,1394.1,2988.15,1400.1,3029.5,1390.1,3053.5,1358.1,3056.85,1328.1,3038.15,1294.1,3014.15,1279.4,2984.15,1280.1,2969.4,1286.6
1-122,Uninfected,No_comment,Polygon,13,3078.85,1260.75,3063.5,1280.75,3057.5,1316.1,3060.15,1344.75,3080.15,1372.1,3108.85,1389.45,3137.5,1392.75,3166.85,1380.1,3186.2,1348.75,3178.85,1317.4,3160.9,1291.35,3134.25,1274.05,3102.2,1256.75
1-123,Uninfected,No_comment,Polygon,12,3130.2,1472.75,3110.85,1488.1,3106.85,1514.75,3117.5,1546.75,3136.85,1577.45,3157.5,1594.8,3187.5,1597.45,3220.9,1578.8,3234.85,1548.8,3234.85,1510.75,3213.5,1478.75,3168.85,1466.75
1-124,Uninfected,No_comment,Polygon,11,3948.35,1696.05,3907.7,1703.4,3889.8,1731.05,3882.45,1761.1,3894.65,1791.2,3922.25,1807.45,3951.6,1814.8,3997.1,1811.55,4017.45,1779.8,4021.45,1744.85,3993.8,1715.6
1-125,Uninfected,No_comment,Polygon,12,3906.8,1583.85,3875.95,1590.35,3849.95,1616.4,3845.9,1655.4,3873.55,1688.75,3916.65,1699.3,3963.8,1699.3,3980.8,1685.5,3997.95,1657.85,3987.3,1622.1,3960.55,1597.7,3931.2,1589.55
1-126,Uninfected,No_comment,Polygon,11,4169.5,1486.25,4132.85,1500.1,4114.15,1535.1,4114.95,1568.4,4128,1595.25,4156.5,1607.4,4192.2,1605.8,4217.4,1589.55,4230.45,1557.85,4232.1,1518.8,4210.15,1496.05
1-127,Uninfected,No_comment,Polygon,13,4078.4,1587.1,4056.45,1598.5,4031.25,1623.7,4020.7,1646.5,4029.65,1687.15,4058.1,1709.1,4088.2,1713.1,4118.25,1709.1,4144.3,1690.4,4154.8,1660.25,4150,1619.65,4123.15,1599.3,4101.95,1588.7
1-128,Uninfected,No_comment,Polygon,13,3734.8,1570.4,3702.8,1576.55,3674.3,1596.05,3662.95,1626.95,3672.7,1661.95,3710.1,1688.75,3754.8,1691.15,3782.4,1675.7,3802.8,1656.25,3816.55,1630.2,3810.05,1604.15,3794.95,1583.4,3764.9,1572
1-129,Uninfected,No_comment,Polygon,14,3839.4,1651.35,3812.55,1648.1,3785.95,1662.3,3768.1,1682.6,3761.3,1713.1,3767.85,1742.4,3786.55,1769.25,3816.55,1782.25,3848.3,1781.4,3871.85,1764.35,3884.95,1743.2,3886.55,1713.95,3880,1691.15,3871.05,1670
1-130,Uninfected,No_comment,Polygon,14,3496.2,1608.25,3536.5,1595.65,3582.85,1597.25,3613.35,1619.65,3627.95,1653.8,3624.7,1687.15,3606,1712.35,3579.2,1726.15,3552.3,1727.8,3527.9,1723.7,3508.4,1709.85,3492.2,1682.25,3483.25,1653,3484.85,1632.65
1-131,Uninfected,No_comment,Polygon,14,3396.25,1582.25,3420.65,1573.25,3455.25,1567.2,3483.65,1569.6,3496.6,1585.05,3494.6,1615.55,3487.25,1655.35,3467.8,1689.55,3439.35,1704.2,3407.65,1700.95,3388.05,1687.15,3372.6,1663.55,3371.05,1631.05,3378.3,1605.8
1-132,Uninfected,No_comment,Polygon,14,3036.05,1487.9,3014.1,1510.7,2999.4,1541.6,3002.65,1568.4,3018.1,1594.45,3034.4,1605,3066.15,1612.35,3101.1,1607.4,3115.75,1583.05,3126.1,1553.2,3124.45,1526.4,3113.15,1502.8,3094.6,1487.9,3066.95,1484.65
1-133,Uninfected,No_comment,Polygon,13,2923.85,1507.45,2945,1504.2,2981.55,1514.75,3005.15,1536.65,3012.5,1566.75,3008.35,1594.45,2990.45,1622.1,2959.6,1628.6,2929.55,1629.4,2901.05,1608.25,2889.7,1577.35,2892.15,1546.45,2902.65,1521.25
1-134,Uninfected,No_comment,Polygon,12,3140.1,1587.95,3112.5,1594.45,3091.35,1612.35,3081.6,1643.2,3085.65,1675.7,3119,1705,3151.45,1707.45,3184.05,1694.4,3199.5,1668.45,3201.05,1629.4,3185.6,1601.75,3163.45,1587.35
1-135,Uninfected,No_comment,Polygon,13,3305,1701.5,3286.45,1718.65,3272.15,1745.75,3271.45,1780.75,3287.9,1807.15,3312.9,1822.15,3343.6,1825.05,3380.05,1814.3,3397.9,1785.75,3399.25,1751.5,3382.9,1717.15,3352.15,1704.3,3331.45,1697.15
1-136,Uninfected,No_comment,Polygon,13,3408.6,1735.05,3436.45,1717.15,3465,1703.6,3498.6,1707.15,3516.45,1725.75,3520.75,1761.5,3513.6,1797.15,3500,1821.5,3466.45,1840.05,3435,1838.65,3414.25,1820.05,3405,1792.15,3404.25,1757.9
1-137,Uninfected,No_comment,Polygon,15,3616.45,1723.65,3589,1709,3538.3,1703.25,3514.75,1704,3485.75,1724.35,3477.9,1760.05,3490.05,1785.75,3519.25,1808.65,3555.05,1825.75,3592.9,1839.3,3620.05,1839.3,3640.75,1823.65,3652.15,1794.3,3647.9,1766.5,3634.3,1740.05
1-138,Uninfected,No_comment,Polygon,12,1390.2,1634.3,1362.6,1633.65,1326.35,1650.1,1305.95,1683,1304.7,1715.9,1333.65,1741.55,1370.5,1754.05,1416.55,1753.4,1448.1,1734.3,1459.25,1697.45,1449.7,1663.4,1424.05,1645.65
1-139,Uninfected,No_comment,Polygon,12,1546.8,1592.2,1521.8,1600.75,1497.7,1626.55,1484.95,1663.9,1494.15,1696.8,1527.05,1727.75,1565.9,1736.3,1603.35,1725.75,1625.75,1696.15,1627.05,1661.3,1608.6,1623.1,1583.6,1600.1
1-140,Uninfected,No_comment,Polygon,13,1671.8,1643.5,1641.5,1645.5,1615.85,1650.1,1604.7,1680.4,1607.95,1717.85,1618.5,1752.75,1643.5,1775.1,1683.65,1781.7,1722.45,1768.55,1737.6,1742.2,1739.6,1702.75,1719.8,1664.55,1695.45,1650.1
1-141,Uninfected,No_comment,Polygon,14,1441.5,1730.95,1407.3,1725.05,1384.95,1736.25,1373.1,1766.55,1365.85,1805.35,1379.65,1841.55,1403.35,1862.6,1431,1875.1,1466.5,1881.7,1494.85,1877.75,1509.25,1855.35,1503.4,1818.55,1490.2,1770.5,1473.75,1748.8
1-142,Uninfected,No_comment,Polygon,13,1525.05,1731,1497.45,1750.75,1482.3,1775,1488.2,1813.15,1507.9,1846.7,1526.4,1857.35,1561.3,1861.3,1592.15,1856.05,1614.55,1836.3,1623.8,1804.05,1617.85,1770.5,1591.5,1742.85,1565.2,1729.05
1-143,Uninfected,No_comment,Polygon,15,1918.5,1685.65,1898.85,1681.7,1874.45,1683.65,1845.5,1693.5,1826.45,1715.9,1828.4,1745.5,1841.55,1778.4,1865.2,1801.4,1888.95,1808.65,1917.9,1810.65,1952.75,1802.75,1973.1,1782.35,1976.4,1752.1,1971.2,1727.1,1948.3,1702.7
1-144,Uninfected,No_comment,Polygon,14,2142.2,1729.05,2113.25,1731.7,2087.65,1748.15,2073.8,1773.8,2070.5,1810,2084.3,1838.95,2104.1,1858.65,2133.65,1867.9,2160,1865.25,2183.05,1849.45,2198.8,1827.75,2203.45,1791.55,2196.15,1758.65,2171.15,1738.25
1-145,Uninfected,No_comment,Polygon,13,2565.2,1714.65,2540.25,1721.2,2521.85,1738.95,2506.7,1765.9,2506.7,1794.85,2519.2,1819.85,2546.2,1836.95,2578.45,1842.85,2612,1834.3,2627.75,1806.7,2625.85,1773.8,2612.65,1738.25,2589,1721.8
1-146,Uninfected,No_comment,Polygon,14,2515.25,1814.65,2489.65,1815.25,2461.95,1828.4,2442.25,1852.1,2438.3,1881.05,2448.8,1907.35,2463.3,1929.05,2486.95,1936.95,2516.6,1938.95,2543.6,1928.4,2562,1900.75,2563.3,1864.6,2547.45,1831.8,2530.4,1817.95
1-147,Uninfected,No_comment,Polygon,14,2652.8,1718.25,2633.05,1728.4,2616.5,1748.9,2612.55,1771.85,2623.8,1798.2,2654.8,1820.5,2685,1829.05,2713.35,1824.45,2739.6,1809.3,2750.2,1786.3,2752.8,1755.35,2739.6,1735.65,2719.9,1721.15,2684.3,1711.7
1-148,Uninfected,No_comment,Polygon,14,1521.8,1878.4,1492.85,1890.9,1463.2,1919.2,1444.8,1946.85,1446.1,1980.4,1463.2,2007.35,1494.15,2021.85,1532.35,2021.85,1561.3,1996.85,1583.6,1966.55,1591.5,1936.95,1594.2,1908,1582.35,1881.7,1554.65,1874.45
1-149,Uninfected,No_comment,Polygon,13,1627.05,1850.75,1602.05,1867.2,1582.95,1886.25,1579.65,1914.55,1586.9,1946.1,1608.6,1971.15,1648.15,1988.3,1692.2,1982.35,1715.85,1958,1728.35,1917.9,1714.6,1880.4,1692.2,1859.3,1659.95,1852.1
1-150,Uninfected,No_comment,Polygon,14,1585.6,1979.05,1562.55,1977.7,1538.2,1989.55,1527.05,2018.5,1541.5,2056.05,1567.85,2075.8,1598.8,2091.6,1633.7,2093.55,1661.25,2076.45,1675.1,2048.15,1670.45,2021.2,1652.05,1994.2,1622.45,1982.35,1601.4,1979.05
1-151,Uninfected,No_comment,Polygon,13,2059.3,1968.55,2031,1990.25,2013.9,2023.8,2014.55,2061.3,2027.75,2092.25,2054.75,2103.4,2091.6,2098.8,2123.15,2079.05,2137.65,2055.4,2142.85,2032.35,2134.3,1998.8,2120.55,1979.75,2092.85,1966.55
1-152,Uninfected,No_comment,Polygon,13,1588.9,2098.15,1558.6,2098.8,1525.7,2115.25,1507.35,2140.9,1505.35,2176.45,1517.15,2200.15,1546.1,2226.45,1574.4,2227.1,1604.7,2215.95,1627.05,2195.55,1638.9,2164.6,1633.7,2132.35,1616.5,2110
1-153,Uninfected,No_comment,Polygon,13,1726.4,2123.15,1694.8,2139.6,1675.1,2166.6,1672.45,2198.8,1687.6,2226.45,1707.95,2241.6,1734.95,2244.9,1765.2,2243.55,1794.8,2218.55,1806.65,2188.95,1802.1,2160.65,1780.35,2137.65,1756.05,2129.75
1-154,Uninfected,No_comment,Polygon,14,2281.05,1950.8,2257.4,1961.3,2248.15,1991.55,2244.9,2029.05,2250.75,2056.7,2267.9,2085,2290.3,2099.45,2325.1,2105.4,2356.05,2091.6,2371.2,2065.9,2375.8,2035.65,2369.85,2006.05,2350.1,1975.8,2316.55,1954.7
1-155,Uninfected,No_comment,Polygon,14,2254.1,2066.55,2231.7,2064.6,2198.8,2069.85,2167.85,2097.5,2155.35,2133.05,2155.35,2165.9,2172.5,2190.25,2198.15,2204.75,2231.05,2204.75,2261.35,2187,2280.4,2154.1,2282.4,2117.9,2281.05,2096.2,2271.9,2073.15
1-156,Uninfected,No_comment,Polygon,13,1844.15,2083.7,1821.15,2101.45,1808.65,2136.95,1804.05,2167.85,1807.3,2204.1,1823.1,2225.15,1850.75,2230.4,1879.7,2217.9,1898.1,2193.55,1900.1,2156.7,1898.85,2123.8,1892.9,2096.2,1875.75,2085.65
1-157,Uninfected,No_comment,Polygon,11,1913.95,2133.05,1891.5,2146.85,1880.95,2177.1,1885.55,2205.4,1906,2229.1,1935.6,2238.3,1970.5,2229.75,1992.25,2198.8,1995.5,2165.9,1984.95,2142.25,1953.4,2125.8
1-158,Uninfected,No_comment,Polygon,12,2735.7,1827.75,2713.95,1851.45,2703.45,1883.65,2704.1,1918.55,2721.85,1954.7,2750.2,1972.5,2780.4,1973.15,2810,1952.75,2823.85,1917.9,2821.85,1881.7,2806.15,1847.5,2778.45,1828.4
1-159,Uninfected,No_comment,Polygon,11,2664.6,1941.55,2640.25,1953.4,2625.15,1982.35,2631.7,2023.8,2658.7,2044.85,2690.95,2058.7,2741.6,2051.45,2762,2026.45,2760,1989.6,2737,1965.25,2705.4,1945.5
1-160,Uninfected,No_comment,Polygon,13,2798.2,1967.9,2773.2,1979.75,2752.05,2010.6,2746.8,2041.5,2756.05,2074.45,2773.2,2098.15,2801.45,2111.3,2831.75,2114.6,2869.25,2104.1,2877.15,2073.15,2873.2,2032.35,2854.15,1998.8,2833.1,1981.05
1-161,Uninfected,No_comment,Polygon,12,2068.5,2129.1,2038.9,2141.6,2023.15,2175.15,2024.45,2212.65,2041.55,2238.3,2064.6,2255.4,2099.45,2253.45,2119.2,2233.7,2131.05,2205.4,2129.7,2175.8,2117.85,2144.85,2100.15,2135.65
1-162,Uninfected,No_comment,Polygon,13,1992.25,2216.6,1964.55,2221.2,1939.55,2248.15,1930.4,2288.95,1940.25,2319.9,1960.6,2342.25,1984.95,2349.5,2015.9,2348.15,2046.2,2331.7,2058.7,2307.4,2061.95,2272.5,2044.85,2240.95,2018.5,2219.85
1-163,Uninfected,No_comment,Polygon,14,2627.75,2058.7,2653.45,2054.05,2690.3,2065.25,2715.95,2090.25,2725.15,2119.2,2725.85,2148.8,2713.95,2171.85,2694.25,2187.65,2667.95,2197.5,2636.35,2194.85,2613.3,2178.4,2591.6,2146.85,2585.05,2113.3,2594.9,2077.1
1-164,Uninfected,No_comment,Polygon,12,2532.35,2129.1,2567.95,2126.45,2601.5,2136.3,2631,2162.65,2638.25,2195.55,2632.4,2233.05,2608.05,2256.05,2569.2,2264.6,2536.3,2255.4,2510.05,2227.1,2508.05,2180.4,2520.55,2148.8
1-165,Uninfected,No_comment,Polygon,13,2760.7,2090.9,2732.4,2104.75,2703.45,2135.65,2686.3,2164.6,2681.65,2194.2,2699.5,2217.9,2728.45,2226.45,2756.75,2220.55,2791.65,2202.1,2825.2,2175.15,2836.35,2134.35,2819.25,2107.35,2794.3,2092.25
1-166,Uninfected,No_comment,Polygon,12,2414.65,2115.9,2391.55,2123.8,2367.9,2150.8,2358,2175.8,2361.95,2207.35,2383.7,2233.7,2415.25,2250.15,2450.8,2244.2,2480.4,2224.5,2492.25,2188.3,2484.35,2149.45,2452.75,2122.5
1-167,Uninfected,No_comment,Polygon,11,2835,2172.5,2801.45,2173.75,2775.15,2193.5,2762.65,2218.5,2760,2255.4,2769.25,2280.4,2792.9,2294.9,2835,2298.15,2865.3,2276.45,2879.15,2235.65,2875.15,2192.9
1-168,Uninfected,No_comment,Polygon,12,2634.3,2223.15,2604.7,2243.55,2586.3,2282.4,2597.5,2318.55,2622.5,2347.5,2653.45,2353.45,2683.7,2344.2,2706.05,2315.95,2713.95,2283.05,2706.75,2248.15,2683.05,2229.1,2655.45,2226.45
1-169,Uninfected,No_comment,Polygon,12,2480.4,2219.15,2461.3,2216.55,2427.75,2228.4,2397.5,2252.1,2390.9,2281.05,2399.45,2309.35,2425.15,2331.7,2460,2341.6,2495.55,2335.65,2521.85,2313.3,2527.1,2275.15,2502.15,2235
1-170,Uninfected,No_comment,Polygon,12,2296.15,2173.8,2271.85,2183.05,2246.85,2209.35,2255.4,2246.2,2286.95,2275.8,2323.85,2300.15,2359.35,2299.5,2383,2281.05,2389.65,2256.7,2377.8,2227.7,2356.05,2195.55,2325.8,2179.1
1-171,Uninfected,No_comment,Polygon,13,2235.65,2261.3,2260,2254.75,2302.05,2264.55,2323.1,2283,2329.75,2309.35,2322.5,2357.4,2298.85,2381.05,2260,2390.95,2219.2,2385,2188.95,2361.35,2177.75,2325.8,2189.6,2290.95,2212,2273.15
1-172,Uninfected,No_comment,Polygon,12,1763.95,2286.75,1729.4,2307.3,1705.9,2341.9,1705.9,2385.25,1728,2411.75,1756.6,2424.95,1788.95,2419.1,1827.2,2394.1,1844.85,2363.25,1840.5,2327.9,1822.05,2296.35,1795.65,2286.05
1-173,Uninfected,No_comment,Polygon,12,1655.9,2408.1,1679.4,2397.05,1716.2,2394.8,1753,2416.15,1765.5,2449.95,1761.75,2488.25,1753.7,2516.2,1730.9,2533.05,1685.35,2534.55,1655.2,2519.8,1635.35,2482.3,1640.5,2433.85
1-174,Uninfected,No_comment,Polygon,12,1909.55,2286.05,1889.7,2290.4,1856.6,2311.05,1837.45,2341.15,1848.55,2386.75,1885.35,2425.75,1908.85,2439,1942.65,2437.45,1972.05,2418.4,1983.85,2382.3,1971,2342.3,1940.1,2304.8
1-175,Uninfected,No_comment,Polygon,14,1903,2447.05,1893.4,2419.1,1868.4,2396.3,1839.7,2394.1,1799.95,2401.45,1772.05,2430.9,1755.2,2460.3,1756.6,2491.2,1766.2,2517.6,1788.3,2535.25,1829.4,2545.55,1861.75,2523.55,1889,2492.6,1897.05,2467.6
1-176,Uninfected,No_comment,Polygon,13,1882.45,2499.25,1864.1,2502.9,1836.9,2519.1,1812.5,2548.55,1805.9,2578.7,1818.4,2602.9,1840.5,2617.6,1879.4,2626.5,1931.6,2618.4,1955.15,2583.85,1950.8,2551.5,1941.2,2519.8,1917.65,2505.1
1-177,Uninfected,No_comment,Polygon,13,2155.95,2411.75,2116.9,2414,2086.05,2433.1,2065.5,2460.25,2069.15,2493.4,2087.5,2515.4,2119.15,2529.4,2164,2533.85,2215.5,2525.75,2228.7,2502.9,2218.45,2466.9,2203.7,2440.4,2181.65,2423.55
1-178,Uninfected,No_comment,Polygon,12,2302.95,2384.55,2276.8,2383.35,2244.15,2398.55,2219.85,2428.7,2214.7,2452.9,2225.8,2493.3,2249.25,2509.55,2288.3,2515.4,2327.95,2499.25,2348.6,2466.2,2347.05,2430.9,2328.7,2401.5
1-179,Uninfected,No_comment,Polygon,12,2372.8,2361.75,2351.5,2372.05,2336.1,2399.95,2334.55,2428.65,2344.15,2459.5,2363.3,2475.75,2390.45,2484.55,2422.8,2480.9,2441.25,2461.75,2446.35,2430.9,2436.8,2394.8,2411.1,2369.1
1-180,Uninfected,No_comment,Polygon,12,2515.45,2326.5,2492.1,2333.05,2461.1,2367.6,2459.55,2397.75,2471.35,2425.75,2499.3,2444.8,2531.65,2447.75,2572.05,2439,2587.5,2413.25,2590.45,2378.7,2575.8,2344.8,2547.8,2333.85
1-181,Uninfected,No_comment,Polygon,10,2016.9,2654.4,1975.8,2669.85,1952.2,2708.05,1952.2,2742.6,1975,2767.6,2019.1,2774.3,2055.15,2754.4,2073.55,2721.35,2072.05,2685.25,2051.5,2661.75
1-182,Uninfected,No_comment,Polygon,13,2046.35,2532.3,2020.65,2547.75,2000,2580.1,1994.1,2614.7,2006.6,2646.35,2023.55,2663.95,2056.55,2677.9,2097.05,2683.85,2138.3,2672.75,2150,2640.4,2139,2600.75,2116.2,2561.05,2086.05,2542.6
1-183,Uninfected,No_comment,Polygon,13,2179.45,2505.1,2149.35,2512.45,2130.15,2536.05,2119.15,2577.85,2117.65,2606.55,2139,2631.55,2172.05,2641.9,2210.3,2634.55,2234.55,2609.55,2245.65,2576.5,2240.45,2542.6,2223.6,2516.9,2207.4,2508.8
1-184,Uninfected,No_comment,Polygon,13,2339,2497.75,2312.5,2496.3,2278,2510.25,2250.8,2537.45,2241.2,2560.2,2252.2,2594.15,2286.1,2622.05,2330.15,2633.85,2375.8,2628.7,2401.5,2608.05,2411.8,2576.5,2402.95,2539,2375,2508.05
1-185,Uninfected,No_comment,Polygon,13,2339,2735.25,2350.8,2707.35,2347.05,2663.25,2336.1,2624.85,2312.6,2599.15,2280.25,2587.35,2244.85,2597.75,2227.2,2625.75,2224.25,2661.75,2230.15,2694.15,2247.8,2727.9,2275,2748.55,2310.3,2753.7
1-186,Uninfected,No_comment,Polygon,12,2158.85,2658.85,2126.5,2679.4,2114,2708.85,2116.9,2746.35,2128,2767.6,2158.15,2786.05,2201.5,2783.05,2232.35,2757.35,2247.9,2727.15,2240.5,2692.6,2215.5,2669.15,2186.75,2658.85
1-187,Uninfected,No_comment,Polygon,12,2886.8,1927.15,2868.45,1937.45,2849.3,1967.6,2844.5,2000.95,2855.55,2025.2,2870.2,2045.1,2922.8,2064.65,2956.65,2055.9,2971.4,2028.7,2971.4,1988.95,2944.85,1955.9,2919.15,1932.3
1-188,Uninfected,No_comment,Polygon,13,2393.45,2622.75,2365.45,2622,2331.7,2638.95,2314.75,2666.15,2311.8,2693.3,2325.8,2722.05,2352.2,2747.75,2392.65,2758.05,2435.3,2753.7,2454.4,2732.35,2461.8,2697.05,2456.65,2664.7,2433.15,2638.25
1-189,Uninfected,No_comment,Polygon,13,2441.9,2539.7,2423.6,2555.1,2411.8,2580.05,2407.35,2613.25,2422.1,2639.55,2448.6,2667.55,2478.75,2674.95,2506.65,2668.4,2527.2,2652.9,2539.7,2623.55,2530.15,2581.65,2509.55,2549.95,2480.95,2539
1-190,Uninfected,No_comment,Polygon,12,3012.5,1914.65,2987.5,1921.3,2965.45,1941.9,2955.9,1975.65,2958.9,2014.6,2974.3,2033.85,3007.35,2055.1,3046.4,2056.6,3080.9,2037.45,3096.4,2006.6,3078.75,1964.65,3044.15,1933.1
1-191,Uninfected,No_comment,Polygon,11,3066.95,2094.1,3036.8,2111.75,3012.5,2146.35,3016.25,2177.15,3033.9,2206.6,3062.5,2213.95,3098.6,2208.85,3134.6,2184.55,3151.55,2145.6,3149.3,2114.65,3122.1,2094.8
1-192,Uninfected,No_comment,Polygon,13,2918.45,2150.75,2898.6,2168.4,2883.9,2190.45,2883.9,2222.75,2894.15,2254.4,2913.25,2277.9,2955.9,2289.65,2986.1,2276.5,3004.45,2258.85,3016.25,2219.8,3006.65,2180.1,2982.35,2154.4,2955.9,2146.35
1-193,Uninfected,No_comment,Polygon,12,2978.75,2285.25,2954.55,2261.05,2919.2,2253.65,2883.1,2264.65,2860.3,2287.45,2854.45,2324.95,2855.15,2368.4,2872.1,2386.75,2916.25,2391.2,2975,2376.5,3000,2350.75,3000.75,2318.4
1-194,Uninfected,No_comment,Polygon,12,2653.75,2414.7,2626.5,2447.75,2616.95,2497.75,2611.8,2524.95,2622.05,2560.25,2653.75,2575.75,2692.65,2569.8,2716.95,2533.05,2730.95,2483.85,2725,2449.25,2714,2431.6,2691.95,2418.4
1-195,Uninfected,No_comment,Polygon,13,2578.25,2520.7,2555.1,2530.6,2531.9,2557.1,2526.65,2582.05,2541.2,2631.3,2558.45,2653.8,2586.2,2665.7,2618,2660.4,2648.45,2637.9,2655.75,2610.75,2648.45,2573.6,2633.25,2543.8,2606.1,2524
1-196,Uninfected,No_comment,Polygon,12,2265.65,2760.45,2237.9,2761.1,2213.35,2780.95,2205.45,2820.7,2204.75,2867.7,2218,2890.9,2245.15,2904.8,2278.9,2902.8,2306.75,2880.3,2321.35,2840.55,2323.3,2806.15,2304.75,2775
1-197,Uninfected,No_comment,Polygon,13,2332.55,2763.75,2357.05,2749.25,2407.35,2746.6,2432.55,2759.75,2451.75,2778.3,2471,2810.75,2471,2844.55,2450.45,2868.4,2420,2881.65,2389.5,2877.65,2362.35,2855.15,2343.15,2823.35,2332.55,2794.85
1-198,Uninfected,No_comment,Polygon,12,2517.35,2790.9,2496.8,2795.55,2472.95,2817.4,2469,2849.2,2479.6,2896.2,2515.4,2933.3,2563.75,2933.3,2587.55,2907.45,2600.15,2879,2598.85,2843.9,2583.55,2818.05,2555.8,2800.15
1-199,Uninfected,No_comment,Polygon,12,2494.15,2674.35,2480.3,2701.5,2480.3,2734.6,2490.2,2757.8,2529.25,2784.25,2572.95,2780.3,2596.8,2752.5,2607.4,2715.4,2599.45,2687.6,2584.9,2670.35,2552.45,2657.75,2528.65,2656.45
1-200,Uninfected,No_comment,Polygon,11,2719.3,2532.55,2699.45,2537.85,2674.95,2568.95,2665.7,2605.45,2677.6,2630.6,2707.4,2644.55,2798.8,2639.25,2814.7,2608.75,2816.05,2571,2793.5,2542.55,2755.75,2526.65
1-201,Uninfected,No_comment,Polygon,11,2794.1,2632.55,2768.3,2626.6,2717.35,2644.5,2694.15,2683.6,2692.85,2716.7,2706.75,2746.5,2741.2,2767.7,2796.85,2765.05,2819.35,2734.6,2840.55,2684.25,2826.65,2656.45
1-202,Uninfected,No_comment,Polygon,10,2880.95,2490.85,2852.45,2509.4,2831.25,2543.85,2825.3,2594.2,2857.75,2614.7,2958.45,2607.45,3004.15,2581.6,3000.2,2541.2,2977.65,2510.75,2932.65,2485.6
1-203,Uninfected,No_comment,Polygon,11,2857.8,2609.35,2891.55,2586.2,2933.9,2584.2,2973.05,2602.15,2985.6,2634.6,2978.95,2680.95,2949.8,2710.75,2903.45,2718.7,2872.35,2698.85,2855.75,2677,2851.15,2643.2
1-204,Uninfected,No_comment,Polygon,11,2842.55,2705.45,2824.55,2713.95,2809.3,2735.15,2804.8,2765.75,2814.7,2804.15,2856.45,2832.6,2898.8,2830.65,2929.3,2806.8,2939.9,2763.1,2914.7,2722.7,2880.95,2702.7
1-205,Uninfected,No_comment,Polygon,10,2848.5,2837.9,2816.05,2843.2,2790.85,2868.4,2778.95,2903.5,2785.55,2936.6,2813.4,2965.1,2852.45,2970.4,2887.55,2952.5,2904.1,2910.75,2893.5,2865.75
1-206,Uninfected,No_comment,Polygon,11,2933.9,2808.1,2963.75,2804.8,3004.15,2812.1,3033.95,2845.85,3037.25,2883.6,3022.65,2920.05,2990.2,2938.6,2951.85,2933.95,2922.05,2910.75,2910.1,2874.35,2909.4,2838.6
1-207,Uninfected,No_comment,Polygon,12,3005.5,2746.5,3041.9,2736.6,3075.7,2739.9,3103.45,2756.45,3122,2785.6,3123.35,2819.35,3108.75,2847.2,3083.65,2860.45,3053.85,2858.45,3025.3,2845.8,3003.4,2814.7,2995.5,2777
1-208,Uninfected,No_comment,Polygon,12,2919.2,2392.5,2969.05,2381.6,3014.7,2384.9,3056.45,2402.15,3071,2426.65,3071.7,2459.75,3052.45,2481.6,3021.35,2487.55,2985.6,2486.9,2958.45,2475.65,2936.55,2447.85,2922.05,2419.35
1-209,Uninfected,No_comment,Polygon,14,3047.2,2486.25,3029.95,2498.15,3020,2527.3,3006.1,2565.05,2998.85,2599.5,3007.45,2629.3,3031.95,2651.8,3057.75,2656.45,3084.25,2649.85,3110.75,2631.95,3126,2606.8,3125.35,2570.35,3110.1,2533.25,3085.6,2506.1
1-210,Uninfected,No_comment,Polygon,14,3047.85,2234.55,3024.65,2243.85,3003.45,2273,2998.85,2308.1,3004.8,2343.85,3024.65,2382.25,3047,2412.3,3068.85,2418.95,3093.55,2412.05,3104.8,2373,3114.75,2320,3117.4,2286.25,3105.45,2256.4,3082.95,2238.55
1-211,Uninfected,No_comment,Polygon,12,3129.35,2317.35,3107.45,2322.6,3089.55,2349.1,3082.95,2382.85,3094.85,2409.35,3128,2435.25,3160.45,2436.55,3188.25,2424.65,3204.15,2396.15,3205.45,2364.4,3190.9,2335.25,3167.1,2320.65
1-212,Uninfected,No_comment,Polygon,13,3183.6,2509.4,3157.8,2522,3137.25,2553.8,3138.55,2580.95,3151.8,2611.4,3180.95,2635.25,3226,2644.55,3255.15,2627.95,3268.4,2604.15,3272.35,2582.95,3271.05,2550.5,3250.55,2529.3,3218.7,2514.7
1-213,Uninfected,No_comment,Polygon,13,3159.75,2835.95,3191.55,2820.7,3242.6,2814.75,3277,2822.7,3307.45,2836.6,3322.7,2855.15,3316.05,2882.95,3288.9,2896.85,3249.85,2908.1,3220.7,2916.05,3182.95,2909.45,3159.15,2892.25,3148.5,2860.45
1-214,Uninfected,No_comment,Polygon,14,3317.4,2747.2,3345.85,2736.6,3377.65,2734.6,3402.15,2751.15,3422.7,2783.6,3419.4,2821.35,3406.85,2853.8,3380.3,2874.35,3355.85,2877.65,3322,2866.4,3300.1,2847.85,3288.9,2821.35,3290.25,2789.55,3296.85,2769.05
1-215,Uninfected,No_comment,Polygon,14,3354.5,2590.9,3377.65,2591.55,3408.8,2601.5,3432.85,2636.9,3439.3,2670.35,3437.25,2708.1,3421.35,2737.25,3400.2,2751.15,3377.05,2752.5,3344.55,2743.25,3307.45,2718.7,3287.6,2671.7,3294.2,2639.25,3313.4,2606.8
1-216,Uninfected,No_comment,Polygon,12,3392.25,2574.3,3380.95,2590.9,3379.65,2623.35,3390.25,2672.35,3406.8,2703.45,3433.3,2719.35,3469.7,2720.05,3491.6,2700.8,3497.55,2666.4,3492.25,2624.65,3467.75,2578.95,3431.3,2563.05
1-217,Uninfected,No_comment,Polygon,12,3280.35,2457.75,3314.75,2455.1,3357.15,2465.7,3390.25,2489.55,3404.2,2526,3395.55,2558.45,3377.05,2574.3,3345.2,2579.6,3310.75,2573.65,3273.65,2553.1,3246.55,2515.4,3248.5,2485.6
1-218,Uninfected,No_comment,Polygon,13,3288.3,2317.35,3268.4,2333.9,3253.8,2369.65,3250.55,2408.75,3271.05,2438.55,3306.8,2459.05,3345.85,2475.6,3384.95,2472.35,3393.55,2449.15,3387.6,2412.05,3364.4,2367.7,3345.85,2342.5,3316.05,2323.3
1-219,Uninfected,No_comment,Polygon,14,3180.95,2237.2,3163.75,2251.1,3154.45,2281.6,3157.8,2314.05,3178.95,2355.7,3204.15,2372.95,3233.3,2378.95,3259.8,2369.6,3280.35,2352.4,3289.6,2323.25,3294.2,2292.85,3275.05,2265.05,3240.55,2241.85,3218.05,2233.9
1-220,Uninfected,No_comment,Polygon,11,3037.05,1815.8,3015.3,1836.2,3002.35,1870.25,3013.9,1911.05,3032.2,1937.75,3061.45,1946.55,3098.95,1938.95,3118.7,1915.15,3122.1,1874.3,3105.75,1837.6,3079.25,1818.55
1-221,Uninfected,No_comment,Polygon,12,3130.25,1877.05,3113.2,1884.5,3098.9,1903.55,3088.7,1936.9,3081.95,1961.4,3093.4,1996.25,3136.4,2013.8,3198.3,1994.05,3226.85,1967.55,3233.65,1928.75,3203.75,1901.55,3169.7,1886.55
1-222,Uninfected,No_comment,Polygon,10,3269.75,1838.25,3305.8,1825.35,3353.4,1830.1,3386.75,1863.45,3387.45,1902.9,3369.05,1934.85,3335.05,1951.9,3293.55,1949.85,3258.85,1924,3250.7,1880.45
1-223,Uninfected,No_comment,Polygon,9,3433,1842.35,3469.1,1845.75,3501.75,1877.05,3515.35,1937.6,3500.35,1968.2,3438.45,1977.75,3406.5,1947.1,3395.6,1895.4,3408.5,1864.1
1-224,Uninfected,No_comment,Polygon,12,3537.8,1839.6,3518.05,1851.2,3494.9,1881.1,3493.5,1909.65,3509.15,1941.65,3532.35,1960.05,3564.3,1966.85,3599,1953.9,3620.1,1928.75,3630.3,1887.25,3602.4,1850.5,3567.75,1835.55
1-225,Uninfected,No_comment,Polygon,13,3658.9,1866.15,3636.45,1879.1,3620.8,1898.8,3616.65,1928.05,3631,1961.4,3650.05,1981.8,3681.35,1992.7,3716.05,1987.25,3739.15,1967.55,3749.4,1941,3750.05,1908.35,3729.65,1875.7,3702.45,1863.45
1-226,Uninfected,No_comment,Polygon,12,3960.95,1824,3986.45,1810.35,4021.5,1810.35,4076.65,1834.2,4092.95,1866.85,4095.7,1901.55,4082.05,1932.15,4052.8,1953.25,4009.95,1949.15,3960.95,1926.7,3941.9,1891.35,3941.9,1851.85
1-227,Uninfected,No_comment,Polygon,13,3868.45,1892.7,3897,1872.95,3949.4,1877,3997,1896.75,4031,1926.75,4052.15,1955.95,4052.15,1983.2,4036.5,1999.5,4003.15,2012.45,3951.45,2014.45,3910.6,2006.3,3876.6,1972.95,3857.55,1932.15
1-228,Uninfected,No_comment,Polygon,13,3754.8,1977.75,3773.85,1957.3,3811.95,1945.1,3861.7,1947.1,3905.15,1968.85,3924.85,2006.95,3920.15,2043.75,3908.6,2066.85,3887.5,2077.05,3849.4,2078.45,3808.55,2070.25,3779.3,2045.1,3759.6,2012.45
1-229,Uninfected,No_comment,Polygon,13,3924.85,2009,3952.1,1992,3986.8,1987.9,4032.4,1998.1,4056.2,2021.3,4063.7,2060.75,4048.05,2084.55,4027.65,2104.95,3995,2119.25,3967.1,2117.2,3935.1,2105.65,3920.15,2079.8,3912.6,2044.4
1-230,Uninfected,No_comment,Polygon,14,3144.55,2017.85,3161.5,1995.4,3198.95,1984.5,3237.75,1985.9,3276.55,2008.35,3293.55,2028.75,3298.3,2059.4,3286.05,2094.75,3259.55,2110.4,3218.05,2123.35,3183.35,2113.8,3158.15,2096.1,3143.2,2072.3,3141.85,2041
1-231,Uninfected,No_comment,Polygon,13,3343.9,2043.75,3314.65,2066.85,3307.85,2098.15,3316,2127.4,3336.4,2151.9,3368.4,2170.25,3401.05,2178.45,3430.3,2171.65,3450.7,2151.2,3459.55,2124.7,3446.6,2098.85,3413.95,2065.5,3379.25,2042.35
1-232,Uninfected,No_comment,Polygon,14,3345.25,2162.8,3313.3,2171.65,3290.15,2200.9,3279.95,2231.5,3288.8,2264.15,3303.75,2288.65,3327.55,2304.3,3349.35,2307.7,3389.45,2297.5,3405.1,2273.7,3413.3,2240.35,3407.85,2200.9,3390.15,2173.7,3370.4,2164.1
1-233,Uninfected,No_comment,Polygon,13,3481.25,1970.9,3450.05,1994.05,3434.4,2018.55,3431.65,2062.1,3440.5,2090.65,3462.95,2112.45,3496.3,2118.55,3541.85,2110.4,3565,2083.2,3573.15,2047.8,3560.9,2006.3,3545.25,1992,3515.35,1973.65
1-234,Uninfected,No_comment,Polygon,13,3637.85,1970.9,3609.25,1972.95,3575.9,1981.15,3558.2,1996.8,3555.4,2025.95,3571.05,2053.15,3602.4,2074.35,3644.6,2087.95,3682.7,2079.1,3705.85,2058,3711.95,2014.45,3684.75,1994.05,3657.6,1976.35
1-235,Uninfected,No_comment,Polygon,13,3711.3,2055.3,3741.9,2046.45,3783.35,2051.8,3822.2,2082.5,3833.75,2109.7,3826.95,2140.35,3802.45,2166.85,3763.65,2178.45,3734.4,2177.75,3693.6,2160.75,3677.25,2129.45,3682.7,2092.7,3692.9,2073.6
1-236,Uninfected,No_comment,Polygon,13,3912,2075,3886.1,2062.05,3852.75,2066.15,3817.4,2083.15,3805.15,2111.75,3805.15,2145.05,3820.8,2163.45,3848.7,2186.6,3875.25,2188.65,3907.2,2179.8,3928.3,2173,3937.85,2145.8,3938.5,2114.5
1-237,Uninfected,No_comment,Polygon,13,3738.5,2198.15,3759.6,2185.9,3815.35,2185.25,3861.65,2213.8,3877.95,2241.7,3872.5,2275.05,3846.65,2311.8,3816.75,2326.75,3795.65,2326.05,3758.2,2315.2,3729.65,2292.05,3716.05,2263.5,3720.1,2230.15
1-238,Uninfected,No_comment,Polygon,13,3399.7,2316.55,3378.6,2334.9,3363.75,2365.65,3371.25,2403.75,3387.6,2446.6,3414.65,2465.55,3458.2,2467.6,3473.15,2449.9,3482,2414.5,3473.85,2378.45,3462.25,2347.15,3441.85,2328.1,3423.5,2317.25
1-239,Uninfected,No_comment,Polygon,13,3530.3,2305,3499,2324.05,3479.3,2359.4,3479.95,2394.1,3496.3,2417.9,3528.25,2432.2,3572.5,2436.3,3607.85,2426.75,3630.3,2401.6,3629.65,2369.6,3618.05,2343.1,3588.15,2319.95,3564.3,2309.75
1-240,Uninfected,No_comment,Polygon,12,3694.85,2332.35,3724.45,2322.45,3767.25,2322.45,3803.45,2336.3,3823.85,2363.25,3819.2,2400.05,3804.75,2429.7,3783.7,2454.7,3753.4,2456.7,3722.5,2441.5,3692.9,2412.55,3681.7,2380.35
1-241,Uninfected,No_comment,Polygon,12,3458,2487.6,3466.75,2455.35,3495.5,2426.4,3537.5,2422.75,3569.05,2436.6,3594.85,2458.65,3602.75,2492.2,3592.25,2526.4,3563.3,2550.1,3523.75,2555.35,3488.3,2548.15,3465.25,2526.4
1-242,Uninfected,No_comment,Polygon,14,3864.15,2288.3,3892.9,2289.55,3925.8,2303.4,3950.8,2337.55,3959.35,2383.6,3948.85,2419.8,3927.75,2444.2,3908.05,2449.4,3877.1,2435.65,3843.55,2406.7,3822.45,2386.9,3812.55,2360.65,3818.55,2334.3,3836.55,2304.1
1-243,Uninfected,No_comment,Polygon,14,3733.05,2451.4,3752.05,2432.3,3789.55,2434.95,3833.05,2450.75,3862,2470.45,3879.75,2495.45,3888.3,2527.7,3876.4,2556.05,3846.85,2569.8,3811.35,2574.4,3775.8,2564.6,3756.7,2544.8,3742.9,2513.25,3733.05,2473.75
1-244,Uninfected,No_comment,Polygon,13,3590.25,2548.15,3590.9,2531.7,3606.05,2499.4,3644.2,2480.35,3681.05,2479,3712.65,2491.5,3733.05,2515.85,3737.65,2549.4,3725.8,2584.3,3699.45,2604.05,3664.6,2610,3628.4,2598.75,3600.15,2573.75