263,5312,2988
3-1,Uninfected,No_comment,Polygon,12,2487.2,86.55,2498.75,62.8,2536.5,57.05,2586.5,79.5,2615.35,120.55,2639.75,159.6,2635.25,188.5,2616.7,207.7,2584,212.8,2541.05,196.8,2501.95,160.9,2482.7,108.35
3-2,Uninfected,No_comment,Polygon,12,2441.7,171.8,2461.5,146.15,2493.6,135.25,2535.9,144.85,2559.65,180.15,2566.05,217.35,2562.2,261.55,2530.8,289.75,2502.6,300,2471.15,284.05,2443.55,233.35,2439.75,189.75
3-3,Uninfected,No_comment,Polygon,13,2669.25,59.6,2705.8,41.65,2741.7,49.4,2763.5,71.15,2760.9,102.6,2751.95,134.05,2727.6,176.95,2700.65,200,2673.1,201.3,2643.6,182.7,2630.15,144.25,2643.6,103.85,2654.45,75.65
3-4,Uninfected,No_comment,Polygon,14,2724.35,139.05,2740.4,115.35,2771.8,96.15,2812.2,101.35,2834.65,125,2852.6,158.35,2860.25,190.4,2854.5,221.8,2832.05,240.4,2790.35,252,2759,241.1,2735.25,212.8,2716.05,171.75,2716.7,153.15
3-5,Uninfected,No_comment,Polygon,14,2917.95,153.2,2891.05,158.35,2862.85,178.85,2844.2,210.15,2834.65,253.85,2840.35,291.65,2864.1,319.95,2895.55,327.55,2925,316.65,2943.6,284.05,2960.9,252,2965.4,210.9,2957.05,181.45,2935.9,161.55
3-6,Uninfected,No_comment,Polygon,13,2564.75,275,2553.85,239.75,2562.2,209.05,2606.4,190.4,2650.05,188.4,2686.55,201.25,2710.25,237.25,2714.1,269.25,2706.45,308.35,2683.3,324.4,2638.5,327.55,2600,315.4,2575,293.6
3-7,Uninfected,No_comment,Polygon,13,2570.55,312.25,2581.35,284.55,2604.45,264.75,2631.35,257.05,2655.1,267.95,2676.25,305.75,2684,347.45,2677.6,378.25,2665.35,402.55,2643.6,415.4,2609,409.6,2584.65,380.2,2571.15,338.5
3-8,Uninfected,No_comment,Polygon,13,2387.85,211.55,2400,193.6,2421.8,184.6,2469.9,190.4,2503.85,220.5,2514.75,262.2,2517.95,307.05,2509,332.7,2483.35,345.5,2451.3,338.5,2412.85,312.25,2384.65,262.8,2382.7,235.9
3-9,Uninfected,No_comment,Polygon,12,2997.45,173.7,2981.45,180.75,2961.5,208.3,2957.05,242.95,2962.15,275.65,2985.3,305.75,3010.3,316.65,3037.85,309.05,3061.55,287.25,3072.45,245.55,3064.75,205.75,3035.3,175.65
3-10,Uninfected,No_comment,Polygon,13,3115.4,219.85,3096.8,227,3069.2,253.8,3059.6,280.7,3060.9,315.4,3076.25,348.15,3097.45,362.2,3121.15,359.6,3150.65,341.65,3171.8,321.8,3180.8,288.5,3173.75,253.85,3147.45,225.65
3-11,Uninfected,No_comment,Polygon,12,2935.9,421.2,2916.7,393.6,2916.7,360.9,2937.15,332.7,2967.95,321.8,3007.05,323.15,3037.15,340.4,3056.45,370.5,3059.65,405.2,3031.45,430.75,2992.95,440.4,2957.7,433.35
3-12,Uninfected,No_comment,Polygon,12,2685.25,346.2,2686.5,317.25,2708.95,291.6,2746.15,278.25,2780.8,271.8,2817.3,282.05,2839.1,312.8,2832.7,350.65,2805.8,377,2766.7,392.35,2721.8,398.15,2689.1,375
3-13,Uninfected,No_comment,Polygon,12,2408.35,346.8,2426.95,331.45,2454.45,328.2,2484.65,341.05,2517.3,368.6,2522.4,398.15,2512.85,430.2,2484,444.95,2435.9,449.4,2403.4,442.35,2387.2,416.65,2387.85,380.2
3-14,Uninfected,No_comment,Polygon,12,2364.75,405.75,2372.4,382.05,2405.8,365.4,2441,382.7,2460.25,414.15,2471.15,452,2471.15,481.4,2445.5,504.5,2418.55,512.2,2389.75,504.5,2360.9,476.3,2355.8,437.2
3-15,Uninfected,No_comment,Polygon,12,2202.55,223.15,2214.1,196.8,2244.25,185.9,2270.5,196.8,2297.45,224.4,2326.95,269.25,2324.35,303.25,2303.85,329.5,2275.6,336.55,2251.3,327,2215.4,278.85,2201.95,246.8
3-16,Uninfected,No_comment,Polygon,14,2265.4,379.5,2280.15,362.8,2307.05,354.5,2329.45,357.05,2350,377,2370.45,412.8,2374.9,453.15,2365.4,491.65,2340.4,513.45,2315.4,520.5,2291.05,516.1,2270.5,500,2255.8,460.3,2250.6,412.2
3-17,Uninfected,No_comment,Polygon,13,2175,297.45,2149.35,321.2,2140.4,346.8,2151.3,389.1,2173.1,428.85,2201.95,448.15,2230.15,448.7,2254.55,435.9,2267.95,405.75,2268.6,372.5,2252.55,330.75,2223.75,297.45,2196.8,290.4
3-18,Uninfected,No_comment,Polygon,13,2026.95,395.5,2036.55,358.35,2058.35,335.9,2089.1,323.15,2115.4,323.7,2151.95,334.6,2173.75,364.1,2185.15,405.15,2171.15,440.4,2140.4,455.15,2098.75,461.55,2060.25,446.8,2033.35,418.6
3-19,Uninfected,No_comment,Polygon,12,3341,260.9,3362.85,234.6,3398.05,217.95,3439.15,223.7,3466,249.4,3473.75,293.6,3460.9,325.65,3433.35,348.7,3393.6,350.65,3354.5,339.75,3337.85,308.35,3334.65,281.45
3-20,Uninfected,No_comment,Polygon,13,3497.45,316.65,3470.55,317.95,3436.45,338.4,3413.5,371.2,3408.95,402,3416,432.7,3439.15,457.05,3464.15,467.35,3501.3,459.6,3527.6,438.45,3546.2,405.75,3550.65,370.5,3539.75,333.35
3-21,Uninfected,No_comment,Polygon,14,3278.25,390.4,3294.9,368.6,3318.6,342.95,3360.2,334.55,3394.15,344.2,3405.8,361.55,3418,395.45,3412.85,428.15,3396.8,459.05,3372.45,477.55,3340.4,483.35,3309.65,473.7,3284.65,448.15,3273.05,412.2
3-22,Uninfected,No_comment,Polygon,13,3394.85,457.05,3425.65,452,3462.2,455.7,3478.25,474.4,3482.7,507.7,3475.05,542.35,3456.45,563.45,3428.25,578.85,3397.45,578.25,3367.35,560.9,3357.7,534.05,3363.5,494.25,3378.85,467.95
3-23,Uninfected,No_comment,Polygon,13,3242.95,514.75,3262.85,483.35,3294.9,467.95,3329.5,473.1,3352.6,492.35,3364.1,521.8,3364.1,551.9,3348.05,586.55,3320.55,607.1,3283.95,610.3,3252.6,596.2,3233.35,567.35,3235.3,535.9
3-24,Uninfected,No_comment,Polygon,12,2931.45,421.8,2900.65,441.1,2878.85,471.2,2877.6,506.4,2895.55,537.9,2926.25,556.4,2956.45,558.35,2978.85,537.2,2989.1,506.4,2991.7,476.3,2976.9,438.45,2956.4,425
3-25,Uninfected,No_comment,Polygon,13,2651.95,444.95,2658.3,417.95,2682.7,398.7,2724.95,399.35,2760.25,417.95,2775,442.35,2777.6,477.55,2769.2,509.6,2744.9,527,2717.3,530.85,2684,517.35,2650,489.75,2644.9,465.4
3-26,Uninfected,No_comment,Polygon,13,2660.25,578.25,2670.55,545.5,2698.1,530.15,2724.4,522.5,2752.6,530.85,2774.35,553.25,2782.05,584.05,2776.95,619.95,2760.9,649.35,2739.1,667.3,2710.25,668.6,2678.85,653.25,2660.25,610.9
3-27,Uninfected,No_comment,Polygon,13,2549.35,498.15,2561.5,477.55,2591.7,466.65,2636.55,471.2,2663.5,482.75,2680.8,511.6,2682.65,552,2674.95,591.65,2657.05,613.45,2627.6,619.95,2596.15,609.6,2565.35,581.4,2540.35,536.55
3-28,Uninfected,No_comment,Polygon,12,2778.2,496.8,2756.45,509.05,2736.5,541.7,2728.8,578.25,2741.65,610.9,2769.2,632.7,2794.9,634.6,2823.1,614.75,2846.8,580.85,2854.5,545.5,2837.85,512.9,2805.8,497.45
3-29,Uninfected,No_comment,Polygon,13,2107.65,460.85,2091.05,484.6,2080.8,519.95,2097.45,560.9,2124.35,594.95,2148.1,607.7,2180.15,605.85,2201.95,592.35,2211.5,566.1,2216.05,523.7,2194.9,491.65,2166.05,460.9,2130.8,451.9
3-30,Uninfected,No_comment,Polygon,13,2232.65,512.9,2254.45,492.95,2285.9,492.95,2319.9,510.9,2339.75,539.15,2340.4,570.5,2330.8,609.6,2315.4,635.3,2293.55,644.95,2264.75,640.4,2240.4,614.75,2220.5,578.85,2218.55,542.95
3-31,Uninfected,No_comment,Polygon,15,2249.9,618,2262.75,592.35,2289.65,576.35,2323,575.05,2341.05,587.2,2359.65,616.1,2371.8,652,2371.15,685.9,2364.75,714.15,2344.25,727,2319.9,730.15,2290.4,718.6,2259,689.15,2244.25,656.4,2245.5,637.2
3-32,Uninfected,No_comment,Polygon,14,2131.95,590.3,2137.75,568.5,2157.6,555.05,2181.95,555.7,2210.25,577,2239.65,617.35,2244.8,653.85,2232.65,687.9,2212.85,707.1,2178.2,717.3,2147.45,706.4,2127.55,684.05,2121.15,648.1,2126.95,619.95
3-33,Uninfected,No_comment,Polygon,11,2534.65,646.2,2548.1,616.1,2591,602,2643.6,624.35,2660.25,657.1,2664.1,701.3,2653.2,726.3,2625.65,735.3,2578.2,730.85,2541.7,704.5,2532.7,667.95
3-34,Uninfected,No_comment,Polygon,13,2787.2,657.7,2796.75,634.6,2823.7,612.8,2860.25,613.45,2893.6,630.85,2914.75,662.2,2917.35,698.8,2907.05,725.05,2890.35,743,2864.75,752,2826.95,746.8,2800,727.55,2785.25,690.4
3-35,Uninfected,No_comment,Polygon,12,3102.6,588.45,3071.8,597.45,3046.15,631.4,3044.2,675.05,3060.9,710.9,3087.15,734.05,3120.55,747.45,3153.25,732.1,3179.5,707.7,3185.9,667.3,3173.75,628.25,3139.75,592.95
3-36,Uninfected,No_comment,Polygon,12,3211.55,620.5,3174.4,632.65,3150.65,664.7,3144.9,712.8,3144.9,750.65,3166.7,785.25,3198.75,790.4,3227.6,777,3250,738.45,3265.4,686.55,3262.85,648.1,3235.3,626.3
3-37,Uninfected,No_comment,Polygon,12,3320.55,631.4,3334.65,601.3,3368.6,591.65,3411.55,597.45,3447.45,623.1,3455.8,665.4,3450.65,696.2,3435.9,720.5,3402.6,727,3354.5,710.3,3326.3,692.95,3316.7,661.55
3-38,Uninfected,No_comment,Polygon,11,3648.75,516,3677.6,492.9,3718,479.45,3762.2,489.1,3775.05,507.6,3776.9,535.85,3761.55,577.55,3734.65,599.3,3683.35,602.55,3641.05,576.25,3639.15,542.9
3-39,Uninfected,No_comment,Polygon,13,3844.85,659.6,3872.45,633.95,3909.65,609.6,3944.25,609.6,3965.4,625,3972.45,652.55,3968.65,694.85,3957.75,732.6,3929.5,756.35,3900.05,764.1,3863.5,753.2,3841.05,723.05,3835.95,689.1
3-40,Uninfected,No_comment,Polygon,13,3683.95,687.8,3698.1,658.3,3732.1,630.1,3781.45,622.4,3814.15,639.1,3830.15,664.1,3830.75,700,3819.85,733.95,3797.45,757.05,3770.55,770.5,3737.2,766,3699.4,749.3,3687.2,719.85
3-41,Uninfected,No_comment,Polygon,13,3785.3,783.3,3792.9,757.6,3825.65,741,3857,747.35,3885.3,782.05,3901.3,817.25,3909,850,3900.7,871.15,3873.7,891.65,3845.55,893.5,3808.35,882.05,3786.55,846.75,3784.65,810.9
3-42,Uninfected,No_comment,Polygon,12,3940.4,813.45,3959,786.45,3994.9,769.2,4042.35,769.85,4076.3,782.6,4088.5,814.7,4085.95,853.85,4062.85,877.55,4026.95,890.35,3984.6,887.15,3952.6,864.1,3938.5,829.45
3-43,Uninfected,No_comment,Polygon,11,3637.2,785.2,3664.15,761.45,3696.85,750.55,3745.55,771.15,3758.35,817.95,3744.25,858.3,3723.1,878.85,3681.45,884.6,3649.4,876.25,3632.7,848.7,3628.25,811.45
3-44,Uninfected,No_comment,Polygon,12,3503.25,696.75,3525.05,675.55,3558.95,665.35,3594.25,671.75,3626.9,696.75,3631.45,731.35,3626.9,762.15,3609.65,789.7,3579.5,800.55,3538.5,796.75,3507.1,776.25,3495.55,731.35
3-45,Uninfected,No_comment,Polygon,13,3303.85,673.05,3275.05,679.45,3248.05,702.55,3225.55,742.9,3220.45,776.2,3235.9,808.3,3259.65,823.7,3292.35,824.3,3319.25,799.3,3343.6,753.8,3354.5,720.5,3348.1,690.95,3328.9,675.55
3-46,Uninfected,No_comment,Polygon,13,3356.45,695.5,3332.65,702.5,3308.3,721.1,3307.05,759.55,3317.3,803.8,3335.3,835.9,3360.3,848.7,3393.6,841,3417.35,818.5,3430.15,779.45,3424.4,740.35,3398.1,712.8,3371.85,698.7
3-47,Uninfected,No_comment,Polygon,13,3548.75,877.55,3574.4,852.55,3600.05,849.3,3639.05,853.15,3664.05,879.4,3669.85,920.5,3666.05,953.85,3650.65,977.55,3629.5,989.1,3592.35,989.75,3568,976.25,3545.55,942.95,3541,908.95
3-48,Uninfected,No_comment,Polygon,11,3052.7,817.1,3076.25,795.5,3121.8,781.35,3166.7,780.75,3203.25,797.4,3212.85,831.4,3196.8,876.25,3167.35,891,3101.95,889.7,3067.95,871.15,3051.4,842.7
3-49,Uninfected,No_comment,Polygon,12,1627.5,2371.8,1654.05,2335.5,1700.85,2319.4,1741.15,2329.05,1761.3,2354.9,1759.7,2391.15,1751.7,2434.7,1725.05,2458.9,1687.1,2464.55,1656.5,2457.3,1623.4,2425.85,1618.55,2392.8
3-50,Uninfected,No_comment,Polygon,12,1841.15,2387.15,1810.5,2392.8,1770.25,2414.55,1747.7,2433.85,1737.1,2464.55,1754.05,2496,1792.75,2512.15,1833.15,2512.95,1875.05,2490.35,1891.95,2460.55,1888.8,2422.6,1865.4,2396.8
3-51,Uninfected,No_comment,Polygon,12,1943.6,2443.6,1918.6,2465.35,1901.7,2501.65,1907.35,2538.75,1929.85,2564.55,1959.7,2579.1,1995.25,2571.8,2019.45,2544.4,2026.7,2496.8,2016.15,2458.1,1989.6,2438.75,1962.95,2437.95
3-52,Uninfected,No_comment,Polygon,12,1824.2,2637.95,1848.4,2607.3,1880.7,2590.35,1918.6,2587.95,1938.8,2603.25,1956.5,2633.9,1954.05,2667.8,1940.35,2700.85,1914.6,2717,1884.7,2715.35,1847.6,2704.1,1821.05,2670.2
3-53,Uninfected,No_comment,Polygon,12,2020.25,2553.25,1991.95,2562.95,1969.4,2596.8,1960.5,2642,1975.9,2668.6,2000.05,2684.75,2033.15,2690.35,2070.25,2676.65,2092.8,2639.55,2091.95,2592.8,2067.8,2567,2041.95,2557.3
3-54,Uninfected,No_comment,Polygon,12,2071.05,2710.55,2083.15,2679.9,2113.8,2667,2146,2677.45,2169.45,2708.1,2184.7,2742.8,2173.4,2775.05,2152.45,2801.65,2131.55,2812.95,2104.05,2804.1,2082.35,2770.2,2069.45,2735.55
3-55,Uninfected,No_comment,Polygon,10,2231.55,2874.25,2238.8,2840.35,2270.25,2818.6,2308.1,2830.7,2333.9,2866.2,2346.8,2909.75,2337.2,2937.15,2313,2952.45,2274.25,2943.6,2243.65,2917
3-56,Uninfected,No_comment,Polygon,12,2419.45,2864.55,2434.7,2839.55,2450.1,2820.2,2480.75,2814.55,2512.2,2829.9,2538.75,2849.25,2543.65,2886.35,2535.55,2923.45,2516.15,2942.8,2483.1,2951.65,2446.8,2939.55,2421.8,2896.85
3-57,Uninfected,No_comment,Polygon,11,2585.55,2764.55,2556.55,2767.8,2543.65,2795.2,2547.65,2841.2,2564.55,2879.9,2598.45,2909.75,2642,2904.9,2673.45,2873.45,2673.45,2829.1,2643.65,2793.6,2611.4,2775.05
3-58,Uninfected,No_comment,Polygon,10,2734.75,2758.1,2704.1,2779.9,2686.4,2816.2,2688.75,2851.65,2710.55,2872.65,2752.45,2884.75,2792.85,2859.75,2813.75,2821,2808.1,2784.75,2769.4,2759.75
3-59,Uninfected,No_comment,Polygon,11,2846,2812.95,2887.2,2808.9,2922.65,2833.9,2932.3,2871.85,2922.65,2917,2901.65,2950.85,2860.6,2959.75,2821.85,2937.95,2807.3,2894.4,2808.9,2854.9,2825.85,2828.3
3-60,Uninfected,No_comment,Polygon,12,2813.75,2703.25,2837.2,2684.75,2879.95,2684.75,2916.2,2699.25,2929.15,2733.1,2933.1,2777.45,2927.5,2806.5,2907.3,2818.6,2849.2,2811.3,2812.2,2788.75,2800.05,2749.25,2804.1,2719.4
3-61,Uninfected,No_comment,Polygon,11,2868.6,2628.25,2848.5,2656.5,2844.35,2695.2,2863.7,2731.45,2900.8,2757.25,2933.85,2760.5,2963.75,2738.75,2980.7,2696.8,2972.7,2662.95,2945.2,2631.5,2910.6,2619.4
3-62,Uninfected,No_comment,Polygon,12,3017.85,2625.05,2993.6,2642,2980.7,2678.25,2979.95,2721.8,2997.7,2755.7,3033.1,2775.05,3066.25,2770.2,3089.6,2744.4,3098.5,2718.6,3093.6,2678.25,3066.25,2642,3046.85,2629.1
3-63,Uninfected,No_comment,Polygon,11,2996.85,2813.75,3017.05,2783.1,3056.5,2775.05,3086.4,2788.75,3108.95,2825.85,3117.05,2872.65,3100.05,2910.55,3077.5,2933.1,3040.4,2932.3,3006.5,2904.9,2986.4,2850.85
3-64,Uninfected,No_comment,Polygon,12,2263.8,2746,2285.5,2713.75,2322.6,2697.65,2363,2708.9,2382.35,2736.35,2387.2,2780.7,2367,2810.55,2342,2827.45,2304.1,2834,2275.1,2823.5,2259.7,2786.35,2259.7,2763.75
3-65,Uninfected,No_comment,Polygon,11,2386.35,2731.5,2404.9,2707.3,2446,2686.35,2474.3,2693.6,2505.75,2725.85,2508.1,2765.35,2492.85,2806.5,2461.4,2824.25,2424.3,2821.85,2395.2,2796,2380.75,2756.45
3-66,Uninfected,No_comment,Polygon,11,2232.35,2600.05,2256.55,2580.7,2289.55,2575.85,2327.45,2592,2346.8,2624.25,2346.8,2662.95,2329.05,2694.4,2289.55,2706.5,2249.25,2696,2219.45,2660.55,2221,2625.05
3-67,Uninfected,No_comment,Polygon,11,2464.55,2547.65,2429.9,2567.8,2411.35,2598.45,2404.9,2633.1,2418.65,2672.65,2447.6,2689.55,2481.55,2685.55,2508.9,2664.55,2528.25,2623.45,2529.9,2576.65,2504.1,2552.45
3-68,Uninfected,No_comment,Polygon,13,3262.15,2469.4,3283.95,2456.5,3317.8,2450.85,3355.7,2465.35,3387.95,2497.6,3400.85,2526.65,3390.45,2553.25,3362.15,2573.45,3329.9,2580.7,3296.9,2572.65,3267.8,2547.65,3257.3,2519.4,3252.5,2488.75
3-69,Uninfected,No_comment,Polygon,12,3107.3,2824.2,3104.95,2854,3119.4,2896,3151.65,2916.2,3190.4,2918.6,3217.8,2902.45,3234.8,2867.8,3225.85,2829.9,3192.8,2800.05,3165.4,2781.5,3134.8,2789.55,3117.8,2808.1
3-70,Uninfected,No_comment,Polygon,12,3254.9,2771,3239.6,2780.7,3229.9,2815.35,3230.65,2851.6,3245.25,2897.65,3276.7,2923.45,3304.15,2918.6,3326.7,2898.45,3335.6,2853.3,3325.05,2808.1,3300.05,2779.9,3273.5,2769.4
3-71,Uninfected,No_comment,Polygon,12,3143.6,2652.45,3123.5,2662.95,3103.3,2692,3098.55,2716.2,3112.15,2760.55,3146.75,2783.1,3175.85,2787.95,3205.7,2773.45,3227.5,2744.4,3229.9,2702.45,3211.35,2667,3177.5,2650.85
3-72,Uninfected,No_comment,Polygon,12,3292.8,2639.55,3266.25,2650.05,3241.25,2679.9,3235.6,2714.55,3252.5,2751.65,3279.9,2778.25,3313.8,2785.55,3342.8,2773.45,3362.15,2742.8,3367.8,2703.25,3361.35,2667.8,3327.5,2644.4
3-73,Uninfected,No_comment,Polygon,10,2253.25,2463.75,2238.8,2479.1,2232.35,2518.6,2249.25,2558.1,2272.65,2587.2,2304.1,2586.4,2332.35,2558.9,2344.45,2518.6,2333.9,2480.7,2299.25,2458.1
3-74,Uninfected,No_comment,Polygon,11,2812.95,2513.75,2827.45,2494.4,2860.6,2487.15,2892.05,2497.6,2921.85,2532.3,2924.3,2569.4,2912.15,2592.8,2887.2,2610.55,2843.65,2610.55,2820.2,2590.35,2801.65,2548.45
3-75,Uninfected,No_comment,Polygon,11,3121.85,2466.15,3090.4,2500.85,3087.15,2543.6,3100.05,2584.7,3139.6,2604.9,3178.35,2603.25,3203.35,2581.5,3221.05,2533.9,3208.15,2489.55,3184.8,2466.15,3158.95,2458.9
3-76,Uninfected,No_comment,Polygon,12,2511.35,2396.8,2525.85,2375.85,2574.3,2358.1,2612.2,2370.2,2638.75,2397.6,2648.45,2436.35,2633.1,2467.8,2606.55,2491.15,2569.45,2496.8,2545.2,2489.55,2515.35,2460.55,2508.9,2426.65
3-77,Uninfected,No_comment,Polygon,13,2291.15,2413.75,2288.8,2385.5,2303.25,2365.35,2339.55,2364.55,2381.55,2373.45,2406.55,2387.95,2419.45,2426.65,2413.75,2458.1,2392.8,2478.25,2364.55,2492.8,2329.05,2486.25,2304.05,2470.15,2294.45,2440.35
3-78,Uninfected,No_comment,Polygon,11,2236.35,2342.8,2258.1,2315.35,2301.65,2298.45,2346.8,2299.25,2370.2,2316.95,2378.2,2349.2,2366.15,2379,2339.5,2412.9,2295.95,2417.7,2258.1,2401.65,2240.35,2372.6
3-79,Uninfected,No_comment,Polygon,12,1975.9,2358.9,1996.8,2335.5,2021.05,2321,2054.05,2321.8,2082.35,2345.2,2104.05,2377.45,2104.85,2412.15,2088.8,2437.15,2057.35,2452.45,2025.9,2450.05,1993.6,2429.9,1975.9,2400.05
3-80,Uninfected,No_comment,Polygon,12,1975.05,2281.5,1995.25,2254.9,2035.5,2244.4,2075.9,2250.85,2102.45,2280.7,2108.9,2307.3,2097.6,2335.5,2060.55,2365.3,2025.9,2371.75,1999.25,2356.45,1984.7,2325.05,1975.05,2304.05
3-81,Uninfected,No_comment,Polygon,13,1753.3,2316.15,1765.4,2295.2,1796.85,2279.05,1823.4,2273.45,1854.85,2289.55,1879.05,2311.35,1879.85,2344.4,1863.8,2374.25,1841.95,2391.15,1820.25,2394.4,1791.15,2385.5,1764.6,2363.75,1749.25,2338.75
3-82,Uninfected,No_comment,Polygon,12,1852.5,2217.8,1872.6,2200.85,1912.15,2194.4,1953.25,2197.6,1985.5,2224.25,1996.8,2264.6,1987.15,2296.8,1968.6,2322.6,1925.9,2333.9,1887.95,2315.35,1861.3,2272.6,1850.85,2241.95
3-83,Uninfected,No_comment,Polygon,12,2117.8,2247.6,2135.5,2230.7,2177.45,2215.35,2208.9,2223.4,2233.9,2250.85,2237.15,2289.55,2222.6,2328.25,2194.45,2359.7,2157.35,2363.75,2126.7,2347.6,2113,2314.55,2109.7,2278.25
3-84,Uninfected,No_comment,Polygon,12,2560.55,2272.6,2586.4,2254.9,2613,2254.9,2654.1,2269.4,2676.65,2301.65,2681.55,2347.6,2668.65,2374.25,2647.65,2387.15,2604.9,2391.15,2569.45,2375.05,2559.7,2347.6,2554.1,2304.9
3-85,Uninfected,No_comment,Polygon,11,2887.95,2308.1,2907.3,2287.15,2944.4,2278.25,2985.6,2292.8,3006.5,2321,3000.85,2356.5,2979.95,2388.75,2948.5,2402.45,2916.2,2398.45,2891.2,2380.7,2879.15,2345.2
3-86,Uninfected,No_comment,Polygon,12,3025.85,2324.25,3039.6,2300.05,3077.5,2287.95,3114.6,2287.95,3140.4,2298.45,3161.4,2326.65,3161.4,2364.55,3146.05,2387.95,3116.25,2400.05,3087.95,2400.05,3056.5,2385.5,3030.7,2356.5
3-87,Uninfected,No_comment,Polygon,13,3237.95,2396,3258.95,2374.25,3292.8,2362.15,3333.15,2366.15,3354.15,2389.55,3367.8,2425.05,3363.8,2456.5,3348.45,2479.9,3320.25,2497.6,3290.45,2501.65,3262.95,2487.95,3239.6,2460.55,3231.5,2425.85
3-88,Uninfected,No_comment,Polygon,12,2649.3,2208.9,2665.35,2187.15,2697.65,2173.4,2726.65,2178.25,2755.75,2200.85,2762.2,2238.75,2752.45,2277.45,2718.65,2301.65,2684.75,2300.85,2660.55,2294.35,2645.2,2271.8,2642.85,2237.15
3-89,Uninfected,No_comment,Polygon,12,2497.65,2197.6,2509.7,2173.4,2535.55,2153.25,2567.85,2149.25,2600.85,2161.35,2617.85,2194.4,2617.85,2225.85,2600.85,2252.45,2576.65,2263.75,2539.55,2266.95,2513,2252.45,2497.65,2225.05
3-90,Uninfected,No_comment,Polygon,13,2436.35,2201.65,2456.55,2178.25,2483.9,2159.7,2516.15,2163.75,2544.4,2180.7,2548.45,2212.9,2537.95,2244.35,2521.8,2271,2504.9,2292.8,2475.9,2297.6,2448.45,2292.8,2432.35,2271,2428.25,2233.1
3-91,Uninfected,No_comment,Polygon,12,2328.25,2233.1,2334.7,2205.7,2359.7,2179.05,2392,2176.65,2420.2,2197.6,2432.4,2229.1,2436.35,2267.8,2422.6,2306.5,2396.8,2321,2368.65,2317.85,2347.6,2302.5,2333.9,2264.55
3-92,Uninfected,No_comment,Polygon,10,3401.65,2632.25,3376.65,2648.45,3360.5,2681.45,3362.9,2724.15,3391.95,2758.1,3433.1,2763.75,3476.65,2746.8,3493.55,2712.9,3481.5,2657.25,3439.6,2632.25
3-93,Uninfected,No_comment,Polygon,12,3365.4,2391.95,3373.4,2366.95,3401.65,2344.4,3443.55,2345.95,3476.65,2362.95,3491.95,2397.6,3490.4,2442.8,3466.2,2466.95,3431.45,2482.25,3401.65,2474.25,3376.65,2448.4,3364.45,2419.35
3-94,Uninfected,No_comment,Polygon,11,3794.4,2431.5,3814.6,2408.9,3857.35,2399.25,3892.8,2412.15,3916.15,2440.35,3926.7,2475.85,3918.6,2512.15,3879.05,2529.85,3835.5,2518.6,3801.7,2494.4,3790.4,2458.9
3-95,Uninfected,No_comment,Polygon,12,3744.4,2269.4,3770.25,2249.2,3804.05,2242.75,3841.95,2250.85,3871.05,2275.85,3882.35,2304.85,3873.4,2341.15,3847.6,2366.95,3812.95,2371.8,3779.05,2359.7,3743.6,2326.6,3740.4,2295.2
3-96,Uninfected,No_comment,Polygon,11,3879.85,2230.65,3908.15,2208.85,3950.9,2204.05,3994.45,2222.6,4021.05,2258.9,4019.45,2300.85,3999.25,2331.5,3958.9,2346.8,3921.8,2335.5,3888.8,2308.9,3871.05,2267.75
3-97,Uninfected,No_comment,Polygon,11,3262.9,2264.5,3276.65,2243.6,3311.3,2230.65,3347.65,2233.05,3382.3,2254.85,3400,2287.95,3397.65,2325.05,3373.4,2345.15,3330.65,2351.6,3293.55,2336.3,3266.2,2301.6
3-98,Uninfected,No_comment,Polygon,11,3517.75,2090.3,3483.15,2104.85,3459.75,2140.3,3457.3,2185.5,3479.1,2216.15,3517.75,2221.8,3550.05,2209.7,3582.3,2180.65,3596.85,2142.75,3586.3,2108.85,3554.05,2089.55
3-99,Uninfected,No_comment,Polygon,13,3812.15,2135.5,3838.8,2120.95,3871.8,2114.55,3908.95,2122.6,3934.7,2141.95,3948.4,2172.6,3941.9,2206.5,3912.8,2232.25,3879.85,2237.05,3839.6,2233.9,3813.8,2216.15,3800.05,2179.85,3801.7,2150.85
3-100,Parasitized,No_comment,Polygon,12,3972.6,2033.85,3949.25,2049.2,3926.7,2087.95,3923.4,2125.05,3937.95,2164.5,3963.8,2183.1,3993.6,2184.7,4026.7,2171.8,4047.6,2133.85,4057.35,2086.3,4044.45,2047.6,4006.55,2030.65
3-101,Uninfected,No_comment,Polygon,12,3816.15,2011.3,3841.15,1992.75,3887.15,1990.3,3918.6,2001.65,3950.9,2026.65,3957.3,2061.25,3947.6,2092.65,3923.4,2120.1,3891.1,2121.8,3839.6,2104.85,3805.7,2073.4,3804.05,2040.3
3-102,Uninfected,No_comment,Polygon,12,3945.25,1890.3,3923.4,1896,3900.9,1929.05,3894.45,1968.55,3901.6,2004.05,3931.4,2029.8,3968.6,2030.65,3996.8,2016.15,4015.35,1985.5,4013.8,1950.85,3986.35,1910.5,3963,1898.4
3-103,Uninfected,No_comment,Polygon,13,4037.15,1828.2,4006.55,1843.55,3993.6,1872.6,3996.8,1912.1,4016.2,1951.55,4041.15,1976.65,4075.9,1990.3,4104.05,1982.3,4134.7,1955.65,4144.45,1916.15,4138.8,1882.3,4111.35,1849.2,4066.15,1830.65
3-104,Uninfected,No_comment,Polygon,13,3631.5,1917.75,3642.75,1899.2,3667.75,1869.35,3699.2,1868.55,3730.65,1884.65,3759.7,1912.1,3764.6,1946.75,3756.5,1977.45,3735.5,2001.65,3701.7,2011.3,3662.95,2000.85,3629.85,1974.2,3624.2,1942.75
3-105,Uninfected,No_comment,Polygon,12,3139.55,2200.05,3158.9,2178.25,3199.2,2160.5,3224.2,2163.75,3252.5,2183.85,3270.2,2218.6,3269.3,2257.25,3238.75,2285.5,3196.85,2290.35,3154.9,2279.85,3136.35,2247.6,3131.45,2222.6
3-106,Uninfected,No_comment,Polygon,12,3009.75,2208.05,3017,2187.95,3058.1,2170.95,3096,2166.95,3122.65,2188.75,3128.3,2222.6,3125,2257.3,3098.35,2290.4,3074.15,2297.65,3042.8,2286.3,3018.55,2262.95,3006.45,2235.5
3-107,Uninfected,No_comment,Polygon,12,2944.35,2141.15,2958.05,2128.25,2985.55,2120.95,3018.55,2123.4,3043.55,2141.95,3060.55,2166.15,3058.1,2197.6,3039.55,2227.4,3006.55,2232.2,2970.15,2224.2,2946.8,2200.85,2938.7,2170.95
3-108,Uninfected,No_comment,Polygon,12,3077.45,2029.05,3054.1,2035.5,3033.9,2060.5,3027.45,2105.65,3043.5,2147.55,3073.45,2171.8,3105.65,2175.05,3126.65,2162.95,3152.45,2133.1,3157.25,2104.05,3149.2,2062.95,3123.45,2037.95
3-109,Uninfected,No_comment,Polygon,12,3208.1,2021,3185.55,2030.65,3168.55,2058.85,3157.25,2095.95,3160.55,2125.05,3183.1,2151.65,3212.9,2158.1,3242,2144.4,3262.9,2117.75,3274.2,2083.85,3264.55,2050.85,3237.9,2029.85
3-110,Uninfected,No_comment,Polygon,13,3325.85,1942.75,3303.3,1952.45,3280.65,1979.05,3271,2014.55,3282.3,2050.85,3305.65,2074.2,3335.55,2075.85,3366.2,2070.2,3384.75,2045.2,3399.2,2010.5,3391.2,1972.6,3368.55,1950.85,3346.85,1942.75
3-111,Uninfected,No_comment,Polygon,15,3123.45,1959.65,3140.4,1940.3,3167.75,1926.65,3193.55,1929.85,3217,1945.2,3235.55,1973.4,3234.75,2004.85,3228.25,2031.45,3217.7,2055.65,3193.55,2071.8,3170.2,2070.2,3153.3,2061.3,3134.75,2039.55,3118.55,2004.85,3117.75,1977.45
3-112,Uninfected,No_comment,Polygon,13,2807.25,2037.95,2821.8,2013.75,2856.45,2004.85,2891.2,2009.7,2914.55,2033.85,2921.8,2061.3,2912.1,2098.4,2892,2125.85,2870.15,2132.3,2839.5,2126.65,2812.9,2108.85,2796.8,2081.5,2795.95,2058.85
3-113,Uninfected,No_comment,Polygon,11,1613.8,625.6,1593,634.4,1574.55,668,1584.95,721.65,1605.8,759.25,1632.2,785.65,1666.6,784.05,1699.4,760.85,1709,728.05,1696.2,684.85,1653.8,644
3-114,Uninfected,No_comment,Polygon,11,1700.2,683.25,1681,690.4,1665,723.2,1669,767.2,1695.4,806.45,1726.6,826.45,1758.6,822.45,1777,807.25,1789,767.25,1779.4,722.45,1735.4,686.45
3-115,Uninfected,No_comment,Polygon,13,1603.45,740,1625.8,724,1662.6,732,1693,753.6,1712.2,794.35,1715.4,842.4,1713.8,896.9,1704.2,937.65,1681.8,944.85,1661.8,937.65,1643.4,900.9,1623.4,844,1606.6,782.45
3-116,Uninfected,No_comment,Polygon,13,1503.35,871.3,1522.55,849.6,1565.75,843.2,1601,852.8,1619.4,878.5,1641,919.25,1645.8,949.65,1630.6,975.25,1592.2,988.05,1557.75,978.45,1525.75,955.25,1500.15,912.9,1495.35,894.5
3-117,Uninfected,No_comment,Polygon,13,1523.35,1004.85,1537.75,988.05,1568.15,968.9,1607.35,962.5,1644.2,964.05,1668.2,984.05,1680.2,1011.25,1676.2,1041.65,1655.4,1063.3,1622.6,1075.3,1574.55,1075.3,1540.95,1061.7,1520.15,1037.65
3-118,Uninfected,No_comment,Polygon,14,1733.8,836.85,1716.25,837.55,1701.85,862.35,1695.45,893.55,1695.45,930.4,1705.8,963.25,1726.6,991.25,1750.6,1002.45,1782.6,995.25,1801.8,974.45,1812.2,932.05,1809,893.7,1785.8,866.4,1760.2,847.2
3-119,Uninfected,No_comment,Polygon,14,1790.6,743.25,1803.4,725.65,1825.8,708.05,1857.8,704.05,1891.4,712.05,1922.6,731.25,1933,760.05,1926.6,792.85,1905,820.85,1880.2,834.45,1848.2,832.85,1812.2,814.45,1788.2,792.05,1781.8,760.75
3-120,Uninfected,No_comment,Polygon,12,1399.35,1102.5,1419.35,1079.3,1449.75,1066.5,1492.15,1070.5,1520.15,1091.3,1524.95,1126.5,1519.35,1162.5,1497.75,1189.7,1466.55,1199.3,1433.75,1193.7,1404.15,1170.5,1396.95,1133.7
3-121,Uninfected,No_comment,Polygon,14,1528.95,1094.5,1542.55,1076.9,1574.55,1063.25,1615.35,1063.25,1650.6,1072.1,1675.4,1099.3,1687.4,1127.3,1682.6,1154.5,1661,1179.3,1626.6,1189.7,1597,1187.3,1572.15,1173.7,1540.15,1149.7,1525.7,1128.85
3-122,Uninfected,No_comment,Polygon,14,1703.4,963.25,1721.05,949.65,1749,939.25,1780.2,947.25,1806.6,969.65,1828.2,1005.65,1829.8,1044.05,1815.4,1066.5,1785.8,1080.9,1746.6,1088.1,1718.6,1075.3,1691.4,1044.85,1682.55,1007.25,1691.4,980.05
3-123,Uninfected,No_comment,Polygon,14,1817.8,871.3,1833,848.8,1863.35,827.95,1905.8,835.25,1934.6,850.4,1964.2,880.1,1967.4,908.1,1953.8,931.25,1916.2,955.25,1885.8,967.25,1864.2,964.05,1839.4,947.25,1816.2,915.3,1813,890.5
3-124,Uninfected,No_comment,Polygon,11,1869,970.45,1852.2,983.25,1831.4,1015.25,1835.4,1056.05,1861,1084.1,1898.6,1087.3,1930.6,1069.7,1943.4,1046.45,1941.8,1005.65,1920.2,976.05,1901.8,967.25
3-125,Uninfected,No_comment,Polygon,12,1941,835.25,1917.75,847.3,1900.15,871.3,1899.35,904.1,1918.55,929.7,1942.6,946.45,1978.65,952.85,2013.85,940.85,2033.85,905.7,2031.45,868,2005.05,841.6,1961.8,830.45
3-126,Uninfected,No_comment,Polygon,11,1544.15,1215.3,1560.15,1196.1,1602.55,1184.8,1641.8,1199.3,1671.4,1225.65,1673.8,1256.95,1657.8,1288.95,1627.9,1314.15,1586.55,1310.5,1546.55,1282.55,1536.15,1250.55
3-127,Uninfected,No_comment,Polygon,13,1665,1187.3,1666.6,1157.65,1685.75,1132.05,1721,1122.5,1755.4,1128.9,1788.2,1148.9,1807.4,1185.7,1805.8,1224.05,1782.6,1247.25,1743.4,1250.55,1714.6,1245.65,1689.8,1228.05,1671.4,1208.9
3-128,Uninfected,No_comment,Polygon,13,1605.75,1255.3,1589.75,1260.9,1577.75,1280.1,1576.15,1325.7,1589,1356.9,1612.2,1390.5,1637.8,1400.9,1669,1392.1,1687.4,1376.1,1691.4,1341.7,1682.6,1308.9,1661,1279.3,1628.2,1253.7
3-129,Uninfected,No_comment,Polygon,12,1958.6,1041.65,1981.85,1028.85,2016.25,1024.05,2045.05,1036.85,2060.25,1071.3,2058.65,1117.7,2038.65,1148.1,2013.05,1158.5,1981.85,1148.9,1950.6,1125.7,1940.2,1097.7,1944.2,1064.1
3-130,Uninfected,No_comment,Polygon,11,2009.85,958.45,1979.45,979.25,1973.85,1011.25,1977.8,1059.25,1991.4,1094.45,2019.45,1104.05,2065.05,1090.5,2103.45,1067.3,2107.45,1032.85,2100.25,992.05,2049.05,958.45
3-131,Uninfected,No_comment,Polygon,12,1946.6,659.2,1928.2,676,1916.2,715.25,1926.55,753.6,1954.6,778.45,1991.45,781.65,2028.25,774.45,2045.85,750.45,2061.85,719.25,2053.85,684.85,2023.45,667.2,1979.45,655.2
3-132,Uninfected,No_comment,Polygon,13,2031.45,616,2053.85,596.8,2092.25,599.2,2122.65,619.2,2146.35,651.9,2158.35,692.7,2153.85,726.45,2137.05,754.45,2105.05,760.85,2081.85,755.25,2055.45,737.6,2033.05,691.2,2025.85,649.6
3-133,Uninfected,No_comment,Polygon,13,2084.25,768.05,2111.5,739.2,2152.3,719.2,2189.85,722.45,2210.65,736.85,2222.65,766.45,2215.45,802.45,2189.85,833.65,2156.25,849.6,2125.05,852,2097.05,843.2,2080.25,818.45,2073.85,790.45
3-134,Uninfected,No_comment,Polygon,14,2194.65,812.8,2177.85,840,2181.05,882.5,2197.85,916.05,2228.25,941.65,2253.05,952.85,2288.25,945.65,2312.25,922.45,2319.45,893.7,2318.65,846.4,2298.65,813.65,2269.85,796.85,2235.45,789.65,2205.85,801.6
3-135,Uninfected,No_comment,Polygon,12,2106.65,945.65,2130.65,928.85,2170.65,924.85,2209.05,935.25,2233.85,973.65,2230.65,1024.85,2210.65,1057.65,2176.25,1068.9,2136.25,1060.1,2105.9,1034.45,2095.5,997.65,2099.45,970.45
3-136,Uninfected,No_comment,Polygon,13,2282.6,944.8,2287.4,928.8,2309.8,903.15,2339.45,896.1,2377.1,898.5,2413.1,915.3,2426.7,943.25,2422.7,983.25,2402.7,1008.85,2374.7,1021.65,2327.45,1020.85,2298.65,1003.25,2281.85,972.05
3-137,Uninfected,No_comment,Polygon,12,2459.5,740.85,2477.9,719.25,2515.5,704.05,2570.65,716.6,2589.9,742.45,2593.1,776.05,2585.9,807.25,2558.7,831.25,2534.7,834.45,2491.5,828.85,2462.7,799.25,2455.5,766.45
3-138,Uninfected,No_comment,Polygon,12,2673.9,696.05,2647.45,711.8,2627.45,736.6,2633.9,781.65,2660.3,826.45,2694.7,835.25,2720.3,827.25,2752.35,805.65,2768.35,769.65,2759.55,728.05,2733.9,700.05,2696.3,691.25
3-139,Uninfected,No_comment,Polygon,12,2845.95,770.45,2862.4,744.05,2894.4,732.85,2928.35,745.65,2943.55,765.65,2944.35,795.25,2940.35,840.8,2920.35,867.2,2897.95,878.5,2867.55,874.5,2848.35,856.8,2843.55,816.85
3-140,Uninfected,No_comment,Polygon,12,2734.75,829.65,2740.3,813.55,2777.15,797.65,2814.75,800.05,2848.35,822.4,2862.75,860.75,2858.75,900.1,2840.35,922.45,2805.15,932.05,2770.75,917.65,2734.75,879.3,2732.3,853.6
3-141,Uninfected,No_comment,Polygon,12,2997.15,775.25,3031.55,756.05,3077.95,755.25,3112.35,770.45,3132.75,805.9,3127.95,845.05,3099.1,874.7,3059.55,895.3,3024.35,888.1,2997.15,868,2980.35,838.45,2985.15,808.05
3-142,Uninfected,No_comment,Polygon,12,2533.9,848,2557.1,830.35,2602.7,824.85,2648.3,823.25,2679.5,840.8,2687.5,875.3,2671.5,903.3,2641.9,918.45,2598.7,924.85,2569.1,923.25,2542.7,902.5,2529.1,876.9
3-143,Uninfected,No_comment,Polygon,12,2777.15,947.25,2778.75,910.45,2797.15,880.05,2835.55,877.65,2881.15,895.3,2906.75,924.05,2913.95,968.05,2897.95,996.05,2862.75,1016.05,2823.55,1013.65,2793.95,989.65,2782.75,969.65
3-144,Uninfected,No_comment,Polygon,14,2058.65,1132.1,2056.25,1104.85,2074.65,1083.25,2104.25,1087.3,2141.05,1106.5,2173.85,1129.7,2189.85,1155.3,2194.65,1190.5,2184.25,1210.5,2161.05,1226.45,2137.05,1235.25,2109.05,1234.45,2085.05,1209.7,2062.65,1164.9
3-145,Uninfected,No_comment,Polygon,14,2174.65,1078.5,2188.25,1053.65,2220.25,1042.45,2258.65,1040.05,2293.85,1046.45,2318.65,1068.1,2325.85,1093.7,2318.65,1124.1,2289.85,1141.7,2244.25,1160.1,2206.65,1156.9,2182.7,1144.05,2170.65,1120.9,2168.25,1099.3
3-146,Uninfected,No_comment,Polygon,13,2261,1060.1,2277.05,1036.85,2309.85,1014.45,2341,1012.8,2378.65,1019.2,2405.9,1054.45,2417.1,1085.7,2411.5,1112.9,2392.3,1129.7,2358.7,1132.9,2313.8,1121.65,2275.4,1099.25,2261,1079.25
3-147,Uninfected,No_comment,Polygon,12,2513.1,964.05,2532.3,940.85,2570.7,930.45,2593.9,940.85,2614.7,964.05,2623.5,992.85,2621.9,1021.65,2602.7,1048.85,2576.3,1053.65,2537.1,1047.25,2517.1,1014.45,2512.3,987.25
3-148,Uninfected,No_comment,Polygon,11,2948.35,938.45,2937.15,943.25,2919.55,968.85,2916.35,1011.25,2933.95,1043.25,2961.15,1048.85,2990.75,1044.85,3015.55,1023.25,3022.75,986.45,3009.95,952.85,2985.15,937.65
3-149,Uninfected,No_comment,Polygon,12,2685.1,1040.85,2709.9,1007.25,2755.55,997.65,2797.95,1008.05,2817.15,1037.65,2817.15,1072.1,2805.15,1105.7,2779.55,1132.1,2753.15,1143.3,2721.9,1138.5,2687.5,1112.1,2677.1,1079.3
3-150,Uninfected,No_comment,Polygon,12,2820.35,1053.65,2842.75,1038.45,2877.15,1033.65,2906.75,1047.25,2923.55,1072.9,2921.95,1108.1,2906.75,1144.9,2882.75,1160.1,2850.75,1160.1,2823.55,1144.9,2805.15,1111.3,2805.95,1081.65
3-151,Uninfected,No_comment,Polygon,12,2418.7,1064.1,2425.9,1040.05,2453.1,1017.65,2481.9,1019.25,2509.9,1028.85,2531.5,1055.25,2530.7,1089.7,2515.5,1120.9,2489.9,1140.1,2459.5,1140.9,2437.9,1128.9,2418.7,1095.3
3-152,Uninfected,No_comment,Polygon,13,2272.25,1159.3,2288.2,1126.45,2321.8,1104.05,2357.05,1107.25,2391.45,1119.25,2414.7,1136.9,2429.1,1173.7,2421.1,1206.5,2397.9,1239.25,2373.1,1261.75,2341.85,1260.95,2307.45,1248.85,2276.25,1213.7
3-153,Uninfected,No_comment,Polygon,11,2421.1,1151.3,2393.1,1157.7,2373.85,1190.45,2374.65,1235.25,2386.7,1272.95,2415.5,1292.15,2448.3,1286.55,2476.3,1266.55,2495.5,1226.45,2484.3,1181.7,2453.1,1157.7
3-154,Uninfected,No_comment,Polygon,12,2633.1,1159.3,2660.3,1140.9,2697.1,1137.7,2725.9,1153.7,2747.55,1184.9,2748.35,1219.3,2737.95,1252.15,2716.3,1269.75,2680.3,1276.15,2652.3,1264.15,2624.3,1219.3,2620.3,1180.9
3-155,Uninfected,No_comment,Polygon,12,3028.35,925.65,3048.3,894.45,3076.3,880.05,3132.75,883.5,3166.8,919.25,3174,957.65,3154,984.85,3124.4,1004.05,3089.95,1006.45,3053.15,992.85,3032.35,972.05,3028.35,947.25
3-156,Uninfected,No_comment,Polygon,11,2912.35,1139.3,2931.55,1123.3,2964.35,1116.9,3002.75,1124.1,3028.35,1154.5,3029.15,1196.1,3003.55,1228.05,2971.55,1240.85,2935.55,1239.25,2914.75,1222.45,2901.95,1180.1
3-157,Uninfected,No_comment,Polygon,10,2055.45,1220.55,2079.15,1186.85,2123,1174.55,2157.25,1188.9,2180.8,1228.05,2182.15,1267.05,2161.6,1306.85,2117.75,1313.7,2086.95,1300,2056.8,1269.15
3-158,Uninfected,No_comment,Polygon,11,2191.05,1230.15,2217.75,1207.55,2252.7,1204.8,2284.55,1220.25,2320.5,1264.35,2317.1,1306.15,2302.7,1326,2273.25,1328.05,2235.15,1317.85,2195.15,1296.55,2173.95,1260.95
3-159,Uninfected,No_comment,Polygon,12,2272.5,1252.05,2288.95,1246.55,2333.85,1251.05,2367.75,1264.35,2382.15,1300.7,2380.8,1337.65,2369.8,1360.2,2332.85,1384.9,2304.75,1382.2,2275.3,1360.95,2266.35,1327.4,2264.3,1282.2
3-160,Uninfected,No_comment,Polygon,11,2383.4,1313.7,2397.2,1302.7,2426.65,1295.2,2469.15,1304.8,2487.65,1334.9,2495.15,1367.8,2484.2,1405.45,2448.6,1426.7,2419.15,1423.3,2385.6,1393.85,2372.45,1347.95
3-161,Uninfected,No_comment,Polygon,10,2526,1228.05,2559.55,1220.55,2597.9,1230.75,2630.1,1254.8,2630.1,1297.95,2610.25,1328.05,2570.5,1343.85,2535.6,1332.2,2509.55,1302.7,2504.05,1260.95
3-162,Uninfected,No_comment,Polygon,12,1921.2,1249.3,1929.4,1224.65,1949.3,1212.3,1993.8,1210.2,2023.25,1224.65,2049.3,1258.2,2053.4,1295.85,2047.2,1315.05,2023.95,1340.4,1989,1337.65,1952.7,1319.85,1921.9,1273.25
3-163,Uninfected,No_comment,Polygon,11,2139,1371.2,2159.55,1343.85,2194.5,1332.85,2243.8,1343.15,2265.05,1373.9,2266.4,1425.35,2245.85,1454.1,2199.95,1469.15,2171.9,1465.75,2150.65,1440.4,2136.95,1396.55
3-164,Uninfected,No_comment,Polygon,11,2245.15,1478.05,2245.1,1451.3,2273.25,1419.85,2308.2,1413.7,2340.35,1428.75,2358.2,1458.9,2365.05,1495.85,2352.7,1515.75,2311.6,1541.75,2281.45,1545.85,2252,1528.75
3-165,Uninfected,No_comment,Polygon,11,2393.8,1434.9,2370.5,1474.65,2363.65,1515.05,2376,1545.85,2425.3,1567.05,2455.45,1561.65,2485.6,1539,2493.8,1504.1,2484.9,1465.75,2454.05,1431.5,2417.1,1428.05
3-166,Uninfected,No_comment,Polygon,12,2534.9,1378.75,2562.95,1357.5,2596.55,1346.55,2642.45,1350.7,2665.05,1379.45,2669.8,1417.05,2654.05,1449.3,2625.3,1467.05,2581.45,1475.35,2556.8,1474.65,2532.15,1450,2523.25,1411.65
3-167,Uninfected,No_comment,Polygon,10,2571.9,1501.35,2595.85,1476,2639,1467.05,2673.25,1478.05,2691.75,1507.5,2693.8,1550.65,2669.15,1582.15,2632.85,1587.65,2588.3,1577.4,2569.15,1537.65
3-168,Uninfected,No_comment,Polygon,12,2169.15,1594.5,2173.25,1548.6,2203.4,1523.3,2229.4,1515.75,2256.75,1521.15,2286.25,1547.2,2295.85,1575.35,2294.5,1608.9,2284.9,1632.15,2262.3,1637.65,2226,1632.85,2176,1616.45
3-169,Uninfected,No_comment,Polygon,12,1839.7,1316.4,1876.7,1298.6,1922.55,1300.7,1959.55,1312.95,1967.75,1343.15,1967.75,1382.2,1955.45,1406.85,1915.05,1429.45,1884.2,1432.2,1849.95,1415.05,1831.45,1383.55,1831.45,1343.85
3-170,Uninfected,No_comment,Polygon,12,1989,1337.6,1962.3,1361.6,1940.35,1399.25,1941.05,1435.6,1958.2,1469.15,1983.5,1478.75,2026.7,1468.5,2056.8,1441.75,2076,1396.55,2073.25,1355.45,2045.85,1334.25,2015.05,1326.65
3-171,Uninfected,No_comment,Polygon,12,1703.4,1439.7,1709.55,1396.55,1731.45,1367.05,1773.95,1355.45,1816.4,1368.5,1845.85,1406.1,1851.35,1455.45,1836.25,1499.3,1804.05,1513.7,1769.15,1511.65,1731.45,1491.1,1708.2,1460.2
3-172,Uninfected,No_comment,Polygon,10,1839.7,1526,1834.15,1500.55,1858.85,1453.35,1893.1,1437,1950.65,1449.9,1970.5,1482.2,1973.95,1514.35,1955.45,1559.55,1921.9,1576.7,1877.35,1569.15
3-173,Uninfected,No_comment,Polygon,11,1841.05,1609.55,1854.75,1588.35,1885.6,1573.95,1930.8,1586.3,1968.45,1614.35,1991.05,1660.2,1984.9,1690.4,1963.65,1707.5,1917.1,1701.35,1860.9,1683.55,1834.9,1652.7
3-174,Uninfected,No_comment,Polygon,13,1965.05,1580.15,1972.55,1553.35,2008.85,1533.55,2045.85,1538.35,2069.15,1556.85,2076,1585.6,2077.35,1632.85,2063,1663.7,2040.35,1677.4,2006.8,1680.8,1984.85,1671.85,1965,1644.45,1961.55,1608.2
3-175,Uninfected,No_comment,Polygon,13,2069.85,1572.65,2041.75,1588.35,2030.8,1616.45,2036.95,1655.45,2067.75,1683.55,2106.15,1695.85,2143.8,1695.85,2165.05,1682.15,2188.3,1652.7,2190.35,1619.8,2168.5,1593.85,2132.15,1577.4,2091.05,1573.3
3-176,Uninfected,No_comment,Polygon,13,2100.65,1706.85,2105.45,1680.2,2131.45,1658.25,2167.75,1651.4,2194.5,1656.15,2223.25,1673.95,2235.6,1697.25,2232.15,1727.4,2211.6,1750.65,2182.85,1769.85,2147.9,1769.15,2117.75,1758.2,2103.4,1737.65
3-177,Uninfected,No_comment,Polygon,12,2290.35,1611.6,2258.85,1632.8,2244.5,1665.05,2247.2,1698.6,2269.15,1718.5,2295.85,1732.15,2329.4,1732.85,2362.3,1713.7,2379.4,1687.65,2380.8,1658.2,2367.1,1628.75,2330.8,1608.2
3-178,Uninfected,No_comment,Polygon,12,2539,1590.4,2562.95,1569.85,2603.4,1569.8,2639,1599.3,2664.35,1637,2675.3,1669.15,2667.75,1689.65,2639,1711.65,2608.2,1709.55,2561.6,1692.45,2539,1654.8,2533.5,1619.15
3-179,Uninfected,No_comment,Polygon,12,2418.45,1691.1,2434.2,1663,2473.25,1645.2,2515.7,1647.95,2545.15,1670.55,2561.6,1695.2,2558.85,1726,2544.5,1747.25,2521.2,1760.95,2477.35,1760.2,2441.05,1742.45,2421.9,1717.1
3-180,Uninfected,No_comment,Polygon,12,2691.75,1532.8,2671.9,1535.55,2641.05,1547.2,2623.25,1578,2627.3,1606.1,2647.85,1638.3,2675.3,1650,2709.55,1650.65,2743.8,1633.55,2763.65,1597.25,2752.7,1561.65,2729.4,1541.1
3-181,Uninfected,No_comment,Polygon,11,1363.75,1363.75,1342.55,1373.5,1337.2,1411.55,1355.8,1457.55,1387.65,1485,1431.05,1487.65,1454.1,1464.65,1462,1433.7,1456.75,1399.15,1427.55,1374.4,1401.8,1364.65
3-182,Uninfected,No_comment,Polygon,12,1293.85,1471.75,1309.8,1448.7,1354.9,1431.9,1387.6,1438.95,1408.85,1463.75,1423.05,1503.55,1417.75,1546.05,1392.15,1569.1,1356.75,1575.3,1328.35,1561.1,1298.3,1526.6,1292.95,1502.7
3-183,Uninfected,No_comment,Polygon,11,1346.95,1589.45,1308.95,1614.2,1287.65,1644.3,1292.95,1683.25,1320.4,1709.8,1360.25,1723.95,1400.05,1717.75,1419.5,1697.4,1423.05,1658.45,1420.4,1623.05,1389.45,1594.75
3-184,Uninfected,No_comment,Polygon,12,1362.9,1776.15,1385,1754.95,1424.85,1742.5,1471.8,1747.85,1498.35,1775.3,1504.5,1820.4,1491.2,1855.8,1462.95,1878.85,1417.75,1877.05,1386.8,1861.15,1364.65,1838.1,1359.4,1805.4
3-185,Uninfected,No_comment,Polygon,11,1502.7,1847.85,1474.45,1852.25,1448.75,1884.1,1448.75,1930.15,1467.3,1965.55,1499.15,1983.25,1531.05,1984.15,1562.95,1962.9,1579.7,1925.75,1572.65,1881.5,1541.65,1856.7
3-186,Uninfected,No_comment,Polygon,11,1602.7,1923.95,1616.9,1888.55,1646.95,1868.2,1697.4,1862.9,1722.25,1874.4,1737.3,1908.05,1727.5,1947.85,1702.7,1976.2,1678,1991.25,1642.6,1986.8,1613.4,1959.35
3-187,Uninfected,No_comment,Polygon,12,2016,1725.75,1979.75,1736.35,1947.85,1762,1941.65,1791.2,1978.9,1817.75,2044.35,1831.95,2097.45,1831.95,2123.15,1812.45,2128.4,1788.55,2118.65,1762.9,2096.6,1748.75,2056.7,1731.9
3-188,Uninfected,No_comment,Polygon,11,1885.9,1809.8,1901.9,1791.2,1935.5,1784.15,1977.05,1798.35,1997.45,1823.1,2006.3,1860.25,1990.4,1888.55,1946.15,1902.75,1918.65,1898.3,1889.45,1877.95,1875.35,1838.1
3-189,Uninfected,No_comment,Polygon,11,2606.25,1654.05,2586.8,1671.75,2584.2,1716.9,2601.05,1758.45,2634.65,1785.9,2670.9,1793,2697.45,1776.15,2708.1,1734.6,2701,1697.4,2660.25,1670.9,2631.05,1657.6
3-190,Uninfected,No_comment,Polygon,13,1907.1,1849.6,1921.25,1844.3,1949.65,1851.4,1983.2,1880.6,2002.8,1926.6,1995.65,1965.55,1983.25,1985.9,1959.35,2000.1,1940.85,2003.6,1911.6,1987.7,1897.4,1958.5,1893.05,1918.65,1896.55,1877.95
3-191,Uninfected,No_comment,Polygon,11,2013.35,1850.5,2040.85,1836.35,2088.6,1836.35,2122.2,1862,2129.35,1904.5,2109,1939,2077.95,1957.6,2039.9,1953.15,2008.95,1934.6,1992.9,1899.15,2000.1,1869.1
3-192,Uninfected,No_comment,Polygon,12,1738.1,1967.35,1756.7,1939.9,1798.3,1923.95,1838.15,1924.85,1870.05,1941.65,1884.2,1973.55,1878.9,2002.75,1858.5,2023.1,1826.6,2034.55,1782.35,2032.8,1746.95,2018.65,1734.6,1995.65
3-193,Uninfected,No_comment,Polygon,11,2316.05,1947,2325.75,1923.95,2359.45,1903.6,2394.85,1899.2,2422.25,1910.65,2439.95,1934.6,2442.6,1970,2421.4,1998.3,2390.35,2008,2349.65,2005.4,2321.4,1979.7
3-194,Uninfected,No_comment,Polygon,12,2540.8,1802.7,2570.9,1783.25,2608.1,1783.25,2638.15,1798.3,2661.2,1832.8,2659.4,1862.9,2641.7,1892.1,2613.45,1910.65,2578.05,1908.9,2551.5,1894.75,2530.25,1862.9,2527.6,1829.25
3-195,Uninfected,No_comment,Polygon,10,2581.55,1913.35,2555,1931.05,2540.8,1966.45,2548.8,2002.75,2578.05,2031.05,2609.9,2028.4,2642.65,2015.1,2665.6,1990.3,2666.55,1956.7,2633.8,1919.5
3-196,Uninfected,No_comment,Polygon,12,2128.4,1951.4,2154.05,1936.35,2189.45,1932.8,2218.7,1942.55,2239.9,1970,2247.9,2009.8,2243.45,2047.85,2221.35,2070.9,2185.95,2080.6,2144.4,2057.6,2121.35,2007.15,2119.55,1970
3-197,Uninfected,No_comment,Polygon,12,2662.05,1813.3,2673.5,1793.85,2707.25,1772.65,2734.65,1777.05,2762.05,1788.55,2779.75,1813.3,2778.9,1845.2,2768.25,1874.4,2745.25,1893.9,2718.7,1897.4,2683.3,1887.7,2657.65,1852.25
3-198,Uninfected,No_comment,Polygon,12,2703.65,1415.05,2678.9,1430.15,2667.35,1462,2668.4,1495.2,2686.1,1524.35,2710.3,1541.65,2744.35,1545.2,2770.9,1526.6,2787.75,1501.8,2786.9,1476.15,2769.2,1446.05,2738.15,1418.65
3-199,Uninfected,No_comment,Polygon,13,2745.25,1350.5,2765.6,1340.75,2798.35,1339,2831.15,1355.8,2846.2,1383.25,2854.1,1430.15,2847.05,1457.55,2833.75,1477.95,2808.95,1487.65,2774.4,1477.85,2746.1,1454.85,2728.4,1418.55,2732.85,1376.15
3-200,Uninfected,No_comment,Polygon,13,2759.35,1535.4,2767.4,1507.05,2787.7,1483.25,2816,1474.4,2847.05,1480.6,2876.25,1502.7,2885.1,1541.65,2876.25,1579.7,2863.9,1600.05,2837.35,1615.1,2803.65,1613.35,2765.15,1592.95,2754.1,1553.15
3-201,Uninfected,No_comment,Polygon,12,2060.25,2031.05,2086.8,2014.25,2126.65,2013.35,2156.7,2033.7,2187.65,2066.45,2191.3,2100.1,2181.5,2129.3,2153.25,2139,2123.15,2139.9,2091.3,2120.45,2059.4,2085.05,2050.55,2050.5
3-202,Uninfected,No_comment,Polygon,13,2246.95,2006.25,2220.4,2029.25,2216.85,2069.95,2222.2,2096.5,2250.6,2118.65,2273.6,2127.5,2308.05,2125.75,2339.9,2112.45,2354.1,2074.4,2347,2036.35,2325.75,2004.5,2289.5,1995.65,2266.45,2000.1
3-203,Uninfected,No_comment,Polygon,12,2793.95,1731.05,2826.65,1717.75,2863.9,1715.95,2893.1,1739,2904.55,1770.85,2901,1808.05,2885.95,1833.7,2857.7,1848.7,2816.05,1847.85,2782.4,1822.1,2766.55,1779.7,2773.55,1753.15
3-204,Uninfected,No_comment,Polygon,12,2824.9,1637.25,2835.45,1611.5,2868.2,1589.35,2913.4,1593.85,2944.4,1620.4,2955.9,1655.8,2943.55,1697.4,2917.85,1717.75,2885.95,1722.2,2858.55,1718.75,2832,1690.35,2822.3,1662.85
3-205,Uninfected,No_comment,Polygon,12,2566.55,1992.1,2542.65,1998.3,2529.3,2029.3,2537.3,2067.35,2564.7,2110.7,2589.55,2118.65,2617.8,2119.55,2649.65,2100.95,2661.2,2066.45,2660.35,2034.55,2637.3,2012.45,2598.4,1997.4
3-206,Uninfected,No_comment,Polygon,11,2449.65,2057.6,2478,2031.05,2515.15,2030.15,2544.5,2047.85,2555.95,2077.95,2554.15,2111.6,2541.7,2147,2516.05,2163.65,2482.4,2153.2,2460.3,2128.4,2445.3,2088.6
3-207,Uninfected,No_comment,Polygon,13,1877.9,1995.7,1853.1,1993.9,1826.55,2019.6,1820.45,2062.05,1829.3,2104.5,1858.5,2124,1895.65,2124,1922.2,2116,1938.15,2086.8,1945.2,2053.2,1942.55,2023.1,1922.2,2003.6,1898.3,1996.55
3-208,Uninfected,No_comment,Polygon,12,2660.4,2075.3,2679.75,2059.35,2717.8,2051.4,2754.1,2063.8,2773.55,2083.25,2775.4,2123.05,2759.4,2143.45,2737.35,2162.05,2716.95,2168.25,2690.4,2162.9,2664.7,2134.6,2656.75,2100.1
3-209,Uninfected,No_comment,Polygon,13,1616,2016.95,1638.7,1990.8,1690,1979.45,1730.3,1993.35,1759.05,2012.7,1771.45,2045.45,1765.6,2071.5,1732.75,2104.35,1695.8,2118.6,1655.5,2117.75,1618.5,2099.25,1608.4,2073.25,1605.95,2045.45
3-210,Uninfected,No_comment,Polygon,12,1700.05,2132.05,1698.3,2092.55,1715.15,2068.25,1752.1,2054.8,1781.55,2069.85,1815.15,2089.15,1831.1,2115.2,1830.3,2152.25,1814.3,2179.1,1788.25,2193.4,1758.9,2190.85,1710.9,2161.45
3-211,Uninfected,No_comment,Polygon,13,2000.9,2106,1982.4,2119.4,1963.05,2139.6,1958.85,2181.6,1962.55,2215.35,1981.9,2249.7,2009.5,2254.7,2042.25,2248.8,2063.9,2220.25,2083.25,2179.95,2082.35,2148.85,2062.25,2118.6,2033.65,2106.8
3-212,Uninfected,No_comment,Polygon,12,2184.55,2126,2161,2125.15,2119,2136.05,2086.55,2169,2064.65,2209.3,2068.1,2237.9,2104.2,2258.95,2140.45,2255.2,2183.3,2234.2,2207.6,2200.95,2213.45,2163.95,2201.75,2137.9
3-213,Uninfected,No_comment,Polygon,12,2283.05,2120.55,2254.7,2130.4,2223.6,2157.25,2211.8,2196.75,2216.95,2236.75,2238.7,2258.95,2272.35,2263.15,2306.8,2253.9,2329.85,2228.95,2339.55,2192.55,2338.7,2158.1,2315.2,2128.65
3-214,Uninfected,No_comment,Polygon,12,4029.3,891.2,3989.75,893.35,3949.75,923.7,3936.35,965.95,3943.8,1005.2,3974.2,1031.85,4013.45,1039.25,4056.35,1029.65,4077.9,999.25,4082.35,962.25,4077.9,931.1,4046.05,902.25
3-215,Uninfected,No_comment,Polygon,13,3631.9,1008.9,3648.2,986.7,3680.05,970.4,3724.55,964.45,3765.3,988.15,3778.6,1021.5,3775.7,1054.1,3760.85,1077.05,3721.6,1091.85,3693.45,1095.55,3662.3,1086.7,3635.6,1057.05,3629,1031.1
3-216,Uninfected,No_comment,Polygon,13,3833.45,1007.4,3846.75,995.55,3883.05,977.8,3925.3,985.2,3950.85,997.85,3980.45,1028.2,3980.05,1063.7,3972.65,1099.3,3948.2,1116.3,3916.35,1123.7,3874.15,1105.95,3837.9,1083,3825.3,1050.4
3-217,Uninfected,No_comment,Polygon,12,3767.5,1085.95,3773.45,1065.95,3797.9,1037.8,3840.8,1028.85,3878.6,1040.7,3891.9,1067.35,3889.75,1116.3,3877.9,1148.9,3852.65,1171.15,3819.35,1172.6,3779.35,1151.85,3768.2,1116.3
3-218,Uninfected,No_comment,Polygon,14,4134.2,1088.15,4140.1,1060.75,4122.35,1035.55,4091.2,1020,4058.9,1027.45,4017.9,1050.4,3993.45,1088.15,3983.8,1117.05,3989,1153.35,4012.65,1174.1,4048.2,1178.55,4075.65,1171.15,4101.6,1146.7,4126.75,1114.85
3-219,Uninfected,No_comment,Polygon,13,3914.15,1135.55,3925.3,1114.8,3969.75,1097,4006.05,1098.45,4044.55,1110.3,4057.9,1133.25,4059.4,1174,4045.3,1208.9,4019.35,1234.1,3979.35,1241.5,3940.85,1234.1,3920.85,1214.85,3910.45,1168.9
3-220,Uninfected,No_comment,Polygon,12,4036.35,1223.7,4039.35,1204.4,4066.05,1185.2,4111.2,1173.35,4152.65,1180.75,4184.5,1205.95,4190.5,1237.05,4182.35,1266.7,4154.9,1288.9,4116.35,1298.55,4063.8,1288.9,4040.8,1253.35
3-221,Uninfected,No_comment,Polygon,12,4092.65,1337.8,4104.5,1307.45,4135.6,1280.7,4185.2,1259.25,4214.9,1265.95,4232.65,1286.7,4240.8,1314.1,4225.25,1349.65,4197.1,1368.9,4163.05,1387.45,4124.5,1389.65,4098.6,1367.45
3-222,Uninfected,No_comment,Polygon,13,3842.3,1239.3,3869,1224.4,3907.5,1215.55,3949.75,1230.35,3964.5,1257.8,3975.65,1294.85,3968.2,1326.7,3947.5,1344.45,3920.85,1354.1,3883.85,1351.85,3851.9,1329.65,3840.85,1297.05,3837.9,1265.2
3-223,Uninfected,No_comment,Polygon,12,3950.45,1346.7,3952.65,1314.85,3978.6,1288.15,4022.3,1277.05,4057.05,1280.7,4075.65,1306.7,4076.35,1353.35,4066.05,1391.15,4046.75,1416.3,4011.2,1420.75,3976.35,1406.7,3954.9,1376.3
3-224,Uninfected,No_comment,Polygon,13,4029,1450.4,4034.2,1423.75,4051.95,1401.5,4095.65,1391.85,4128.3,1396.3,4151.95,1425.2,4165.3,1466.7,4160.8,1496.3,4140.8,1523.75,4117.9,1536.3,4087.5,1532.6,4052.65,1508.85,4035.65,1481.5
3-225,Uninfected,No_comment,Polygon,13,3791.2,1403.7,3798.6,1383,3834.9,1363,3869.75,1354.85,3903.05,1362.25,3922.3,1391.85,3923.85,1428.15,3918.6,1474.1,3897.9,1500,3866.05,1517.05,3833.45,1514.1,3807.5,1486.7,3793.45,1442.25
3-226,Uninfected,No_comment,Polygon,12,3662.25,1088.1,3633.45,1103.7,3610.45,1126.7,3603.05,1159.3,3623.75,1192.6,3649.7,1216.3,3683.75,1222.25,3717.85,1213.35,3736.35,1190.4,3741.6,1156.3,3732.7,1123,3708.2,1100
3-227,Uninfected,No_comment,Polygon,12,3195.6,881.5,3176.4,928.15,3183.8,965.95,3214.85,1000,3245.25,1001.5,3266.8,988.15,3291.95,957.8,3300.1,928.15,3298.6,900,3279.3,874.85,3260.1,863.7,3228.25,865.2
3-228,Uninfected,No_comment,Polygon,11,3282.95,971.1,3245.2,997.05,3238.6,1045.95,3254.15,1090.4,3294.15,1111.85,3328.25,1105.95,3363.1,1080,3380.1,1046.7,3374.9,1019.25,3352.7,984.45,3317.15,971.85
3-229,Uninfected,No_comment,Polygon,13,3480.85,1125.2,3496.4,1100,3529,1083.7,3561.55,1087.4,3586,1099.3,3604.55,1123.7,3612.7,1159.9,3603.75,1189.65,3578.6,1214.85,3549,1221.5,3517.85,1214.1,3489.7,1190.4,3480.85,1156.3
3-230,Uninfected,No_comment,Polygon,12,3323.75,1130.4,3339.3,1103.7,3377.85,1080.75,3420.85,1085.95,3445.3,1109.65,3458.6,1144.45,3450.45,1182.25,3429,1203,3394.15,1214.1,3360.85,1211.15,3329.7,1188.9,3317.15,1157.8
3-231,Uninfected,No_comment,Polygon,12,3399.3,1230.4,3411.85,1194.85,3445.95,1177.8,3484.55,1183.7,3514.15,1205.9,3520.85,1243,3511.9,1280.75,3478.6,1308.9,3449.7,1313.35,3421.55,1301.5,3398.6,1274.1,3397.85,1254.1
3-232,Uninfected,No_comment,Polygon,12,3133.55,1000.45,3117.85,1029.65,3108.25,1066.7,3124.55,1097.8,3146,1118.55,3177.1,1124.45,3211.15,1108.15,3234.15,1074.85,3238.55,1038.5,3225.95,1003,3196.3,983,3165.25,980.75
3-233,Uninfected,No_comment,Polygon,12,3191.95,1180,3210.45,1162.25,3249,1145.95,3289,1149.65,3312.7,1168.15,3320.85,1205.95,3312.7,1235.55,3294.95,1261.5,3263,1270.4,3220.1,1260,3187.45,1232.6,3183.8,1203.7
3-234,Uninfected,No_comment,Polygon,13,3114.15,1117.8,3083.8,1137.05,3071.95,1169.65,3077.1,1215.55,3087.5,1245.2,3108.95,1259.3,3136.4,1260.75,3163.8,1251.15,3181.55,1225.95,3185.25,1189.65,3173.4,1150.4,3148.4,1120.4,3128.95,1114.85
3-235,Uninfected,No_comment,Polygon,12,2980.1,1253.35,2995.25,1231.15,3029.7,1219.3,3069.7,1223,3097.15,1250.4,3099.3,1283.7,3092.7,1317.8,3072.7,1343.7,3051.95,1354.1,3020.1,1358.55,2994.85,1335.6,2978.55,1288.15
3-236,Uninfected,No_comment,Polygon,11,3120.1,1280,3097.1,1311.15,3099.3,1357.05,3125.25,1389.65,3158.65,1404.45,3192.7,1393.35,3216.4,1371.15,3222.3,1338.55,3217.85,1319.3,3197.85,1289.65,3160.85,1274.85
3-237,Uninfected,No_comment,Polygon,12,3235.6,1292.6,3246,1274.85,3283,1268.15,3313.4,1289.65,3336.4,1320,3337.15,1351.85,3330.45,1378.55,3305.25,1399.3,3263,1392.6,3231.15,1369.65,3220.1,1342.95,3225.25,1311.15
3-238,Uninfected,No_comment,Polygon,13,3649,1411.15,3671.2,1403,3707.55,1404.45,3749.75,1423.75,3771.2,1454.85,3786,1489.65,3774.9,1514.85,3753.45,1532.6,3714.15,1534.1,3666,1524.45,3629.7,1505.95,3617.15,1471.15,3625.3,1435.6
3-239,Uninfected,No_comment,Polygon,13,3513.45,1374.85,3536.4,1354.85,3574.15,1351.15,3602.3,1363,3627.55,1396.3,3631.3,1427.45,3625.3,1459.3,3609.7,1488.15,3580.85,1506.7,3545.3,1503.75,3517.85,1475.6,3504.55,1440,3505.3,1402.25
3-240,Uninfected,No_comment,Polygon,13,3034.15,1472.6,3032.7,1441.5,3052.7,1422.25,3093.4,1413.35,3123,1416.3,3149.7,1438.55,3158.65,1467.45,3154.15,1501.5,3136.4,1525.2,3113.4,1534.85,3089.7,1537.05,3063.8,1530.4,3043.8,1502.25
3-241,Uninfected,No_comment,Polygon,12,2877.1,1310.35,2851.2,1342.95,2837.8,1378.6,2835.6,1411.2,2854.85,1436.4,2881.55,1443.65,2914.85,1428.9,2943,1403.65,2957.8,1365.95,2958.55,1328.1,2934.85,1302.95,2912.65,1301.5
3-242,Uninfected,No_comment,Polygon,13,2965.25,1365.95,2939.3,1382.9,2919.3,1420.65,2923.8,1457.05,2934.85,1486.65,2957.1,1502.25,2987.5,1502.95,3011.95,1491.1,3036.35,1465.9,3038.55,1429.65,3030.4,1401.5,3014.1,1378.5,2988.95,1369.65
3-243,Uninfected,No_comment,Polygon,13,2988.95,1560.7,2991.15,1542.25,3028.2,1531.8,3065.95,1534.8,3088.95,1544.4,3108.2,1574.8,3111.95,1613.35,3100.1,1640.7,3072.65,1647.4,3035.65,1644.4,3006.7,1637,2991.15,1619.25,2985.95,1590.4
3-244,Uninfected,No_comment,Polygon,13,2954.5,1643.9,2968.95,1619.95,2999.3,1599.1,3027.45,1593.25,3054.85,1608,3074.85,1639.85,3080.05,1690.4,3067.5,1721.5,3037.1,1736.25,3008.2,1738.55,2985.95,1731.1,2960.8,1708.85,2951.9,1680.7
3-245,Uninfected,No_comment,Polygon,12,2906.7,1801.5,2933.4,1778.55,2969.7,1763.7,3003.8,1776.25,3017.8,1798.55,3023,1836.25,3010.4,1860.7,2979.35,1877,2940.8,1883.7,2916.35,1871.15,2902.25,1848.15,2897.1,1825.95
3-246,Uninfected,No_comment,Polygon,13,3109.7,1667.4,3121.55,1647.4,3151.95,1637.8,3192.65,1644.4,3219.3,1665.95,3228.95,1688.1,3222.25,1722.95,3206,1750.4,3182.25,1765.15,3158.55,1762.25,3118.55,1743,3101.55,1713.35,3100.1,1688.1
3-247,Uninfected,No_comment,Polygon,12,3011.95,1865.95,3028.2,1833.3,3058.55,1818.55,3100.8,1815.55,3128.95,1828.85,3148.95,1860.7,3146.7,1891.15,3123.8,1922.25,3085.95,1937.8,3060.05,1936.3,3027.5,1920.7,3014.85,1891.85
3-248,Uninfected,No_comment,Polygon,11,3385.25,1439.95,3420.8,1410.4,3470.45,1408.1,3504.6,1420.7,3531.2,1462.25,3524.55,1501.5,3500.05,1523.65,3463.75,1531.1,3423,1522.95,3394.15,1507.4,3379.3,1470.4
3-249,Uninfected,No_comment,Polygon,11,3355.6,1545.2,3368.95,1527.4,3400.1,1511.75,3443.75,1516.95,3474.15,1530.25,3497.1,1571.8,3491.9,1602.25,3474.15,1625.2,3438.55,1634.1,3389.7,1620.7,3357.85,1591.1
3-250,Uninfected,No_comment,Polygon,12,3394.1,1622.95,3371.95,1635.55,3360.8,1662.25,3363,1693.35,3398.55,1728.1,3424.55,1743.7,3454.15,1748.1,3476.4,1732.55,3483,1703.7,3470.45,1673.35,3447.45,1644.4,3426.65,1628.15
3-251,Uninfected,No_comment,Polygon,14,3246.7,1645.95,3266,1622.95,3300.1,1610.4,3334.15,1613.35,3365.25,1628.1,3375.65,1651.05,3372.65,1682.9,3356.4,1707.4,3326.7,1731.1,3300.1,1739.25,3278.55,1740.7,3251.95,1725.15,3235.6,1697,3237.85,1671.1
3-252,Uninfected,No_comment,Polygon,14,3135.65,1805.15,3146.7,1786.7,3174.1,1768.1,3208.25,1765.95,3237.1,1777,3258.55,1803,3260.1,1839.25,3250.4,1867.4,3228.95,1885.15,3201.55,1891.85,3177.1,1887.4,3152.65,1876.25,3131.95,1849.7,3127.45,1818.55
3-253,Uninfected,No_comment,Polygon,13,3319.25,1733.35,3326.65,1707.4,3342.25,1691.1,3377.1,1688.1,3403.7,1696.95,3429.65,1716.25,3442.95,1746.65,3439.3,1779.25,3423.75,1801.5,3395.6,1813.3,3355.6,1808.85,3331.15,1790.4,3318.55,1760
3-254,Uninfected,No_comment,Polygon,12,3473.4,1825.95,3488.95,1806.7,3515.6,1797.8,3552.15,1815,3574.85,1852.55,3584.55,1900.7,3576.4,1930.4,3553.4,1945.15,3521.55,1945.95,3484.55,1925.15,3464.55,1888.85,3468.95,1850.4
3-255,Uninfected,No_comment,Polygon,12,3534.15,1504.4,3511.9,1517.8,3491.15,1548.85,3485.95,1588.9,3499.3,1625.2,3528.95,1642.95,3560.05,1645.2,3591.15,1628.1,3611.9,1593.35,3612.7,1555.55,3592.7,1521.5,3557.15,1502.95
3-256,Uninfected,No_comment,Polygon,12,4052.65,1574.8,4066.75,1549.65,4094.15,1533.35,4131.9,1536.25,4169.75,1554.8,4188.95,1586.7,4192.65,1628.85,4172.65,1659.95,4137.1,1678.55,4098.6,1671.1,4064.5,1649.65,4047.45,1617
3-257,Uninfected,No_comment,Polygon,13,3916.35,1648.85,3943.05,1631.8,3977.85,1626.7,4012.65,1634.1,4046,1664.4,4050.45,1701.5,4038.6,1739.95,4010.45,1759.25,3973.45,1763,3935.6,1757,3912.65,1734.85,3901.55,1695.55,3909,1666.7
3-258,Uninfected,No_comment,Polygon,13,3649.7,1562.25,3663.75,1545.95,3697.9,1531.8,3746.05,1529.6,3789,1541.5,3801.55,1565.95,3796.35,1594.1,3785.25,1621.5,3755.6,1636.25,3719.3,1639.25,3684.55,1633.35,3650.45,1608.85,3645.25,1588.85
3-259,Uninfected,No_comment,Polygon,14,3637.1,1658.55,3659.3,1642.95,3697.85,1628.9,3729.7,1637.05,3746.75,1654.85,3761.55,1688.1,3762.3,1714.85,3749.7,1739.95,3726.75,1758.55,3698.6,1763,3668.2,1755.55,3644.55,1741.5,3623,1710.4,3626.75,1687.4
3-260,Uninfected,No_comment,Polygon,12,3798.6,1745.15,3820.85,1725.95,3851.15,1718.55,3893.4,1719.95,3923,1737.7,3943.05,1773.35,3940.05,1807.4,3913.4,1831.1,3883.05,1839.25,3840.85,1831.1,3813.4,1807.4,3798.6,1777
3-261,Uninfected,No_comment,Polygon,12,3503,1708.1,3521.55,1691.1,3554.15,1679.95,3580.05,1681.5,3617.85,1702.95,3634.85,1737,3632.7,1773.35,3614.15,1797,3580.05,1801.5,3539.3,1794.1,3509.7,1775.55,3494.85,1748.1
3-262,Uninfected,No_comment,Polygon,12,3585.95,1796.2,3594.1,1772.5,3626.7,1751,3659.3,1743.7,3700.85,1761.5,3718.6,1793.3,3722.3,1831.85,3703,1862.25,3673.7,1874.05,3632.7,1871.15,3598.6,1850.4,3584.55,1824.4
3-263,Uninfected,No_comment,Polygon,14,3758.6,1840,3778.6,1818.55,3818.6,1810.3,3852.65,1819.15,3874.9,1839.95,3880.05,1873.3,3880.85,1909.65,3870.45,1929.65,3837.85,1946.7,3807.45,1947.4,3777.15,1932.55,3758.15,1912.55,3753.4,1885.95,3754.15,1860