185,5312,2988
1-1,Parasitized,No_comment,Polygon,14,2966.75,1264.85,2983.85,1255.3,3010.55,1252.45,3031.5,1259.1,3048.65,1275.3,3056.25,1303.9,3051.5,1329.55,3040.05,1351.5,3015.3,1371.5,2988.65,1375.3,2963.85,1367.7,2946.7,1349.55,2939.1,1320.05,2946.7,1288.65
1-2,Uninfected,No_comment,Polygon,13,2603.75,68.8,2622.95,65.1,2654.2,71.55,2684.45,91.75,2697.3,117.35,2698.25,144.95,2690.9,175.15,2667.05,191.75,2628.45,194.5,2604.6,182.5,2580.75,154.05,2572.55,118.35,2581.7,89
1-3,Uninfected,No_comment,Polygon,13,2738.55,114.6,2756.9,110.1,2784.5,112.85,2801.85,129.35,2821.2,155.05,2824.85,178.9,2817.45,204.6,2799.1,225.7,2767.9,231.2,2743.2,221.1,2722.1,196.3,2720.2,160.55,2725.7,134.85
1-4,Uninfected,No_comment,Polygon,13,3011.95,97.25,3031.25,89,3064.25,90.75,3085.35,106.35,3100.95,129.35,3104.65,157.8,3097.35,191.75,3075.25,210.1,3050.55,211,3019.35,200.85,3000.95,174.3,2998.25,138.5,3002.85,119.25
1-5,Uninfected,No_comment,Polygon,15,2922.1,200.85,2950.55,194.5,2977.15,200,3001.85,216.5,3011.1,241.3,3011.1,271.55,3004.65,298.1,2985.35,322.95,2957.9,335.8,2931.25,335.8,2905.6,323.85,2886.25,300,2885.4,262.4,2896.35,232.1,2910.15,215.6
1-6,Uninfected,No_comment,Polygon,13,3162.45,184.4,3191.85,176.15,3223.95,181.65,3250.5,195.4,3257.9,221.95,3260.65,252.3,3245.9,275.2,3211.1,280.75,3177.1,280.75,3155.15,268.8,3139.55,240.3,3142.3,214.65,3148.65,197.25
1-7,Uninfected,No_comment,Polygon,12,3300.1,187.15,3273.5,199.05,3251.35,228.45,3245,254.1,3248.65,278,3266.15,294.5,3297.35,300,3323.05,285.25,3330.35,256.85,3336.8,230.2,3332.15,208.25,3318.45,191.75
1-8,Uninfected,No_comment,Polygon,13,3389.1,244.95,3407.45,244.95,3429.4,255.05,3448.7,272.45,3454.25,301.85,3452.4,333.95,3436.8,356.9,3402.85,370.65,3367,364.15,3345.05,343.05,3342.3,308.25,3356,272.45,3377.1,252.3
1-9,Uninfected,No_comment,Polygon,14,3667.1,401.85,3691.8,397.25,3717.55,397.25,3740.45,410.95,3749.6,435.8,3749.6,463.3,3733.15,492.6,3705.55,510.1,3678.1,515.6,3657,511.95,3636.75,495.35,3630.4,461.4,3638.65,431.2,3651.5,413.7
1-10,Uninfected,No_comment,Polygon,15,2377.1,154.05,2399.15,144.95,2424.85,145.8,2452.3,157.8,2467.9,173.4,2473.4,201.85,2473.9,226.25,2465.15,255.05,2447.75,272.45,2417.5,278.9,2389,273.4,2372.55,256.85,2362.45,228.45,2360.55,200.85,2363.3,177.95
1-11,Uninfected,No_comment,Polygon,16,2541.3,313.75,2556.05,310.1,2588.15,311,2608.3,323.85,2622.1,344.05,2630.35,366.9,2633.1,396.35,2629.45,422.95,2611.1,439.45,2585.4,448.6,2556.95,444.95,2530.35,431.2,2516.6,411.95,2511.05,384.4,2513.85,357.8,2525.7,332.1
1-12,Uninfected,No_comment,Polygon,14,3227.55,374.25,3251.4,368.8,3288.1,374.25,3311.05,394.5,3323.95,418.35,3323.95,444.95,3316.55,470.65,3299.15,493.6,3279,496.35,3250.5,490.85,3223.95,477,3204.7,452.3,3199.15,422.95,3211.1,395.35
1-13,Uninfected,No_comment,Polygon,15,3097.35,378,3130.3,373.4,3161.5,388.05,3173.5,408.25,3180.8,434.8,3176.25,458.65,3159.7,479.75,3141.35,496.35,3111.95,506.4,3080.8,509.2,3055.15,502.75,3042.3,482.5,3043.15,449.55,3059.65,418.35,3085.35,391.75
1-14,Uninfected,No_comment,Polygon,15,2938.65,449.1,2961,446.45,2986.85,450.9,3007.35,462.5,3023.5,480.4,3025.2,503.6,3013.6,530.4,2997.6,549.15,2977.95,557.15,2949.3,558.05,2935.95,550,2917.2,533.05,2909.2,508.05,2910.95,483.95,2922.6,463.4
1-15,Uninfected,No_comment,Polygon,16,3206.55,525.9,3220.8,524.15,3244.05,525,3261,535.75,3277.1,554.5,3286.9,578.6,3290.45,607.15,3286,635.75,3269.95,655.4,3248.5,663.45,3229.75,663.45,3205.65,651.8,3186.9,633.95,3177,602.7,3177,572.35,3188.7,545.55
1-16,Uninfected,No_comment,Polygon,16,3517.3,500,3535.15,500,3561.05,506.25,3578.9,522.35,3591.4,542.9,3595.85,577.7,3591.4,606.3,3577.1,625.9,3559.25,639.3,3529.8,646.45,3504.8,642,3480.6,625.05,3464.6,595.55,3464.6,567,3475.25,536.65,3494.95,516.1
1-17,Uninfected,No_comment,Polygon,15,3801.25,545.55,3826.25,544.65,3851.25,547.35,3875.35,561.65,3887.85,583.95,3892.25,612.55,3884.3,639.3,3870,656.3,3845,669.7,3824.45,671.45,3795,665.2,3770.85,646.45,3754.8,617,3757.5,586.65,3773.55,566.1
1-18,Uninfected,No_comment,Polygon,14,3651.15,575.9,3679.8,575.05,3711.05,583.95,3722.65,605.4,3730.7,635.75,3725.35,663.45,3711.05,683.95,3687.85,695.55,3656.6,697.35,3631.55,689.3,3613.65,667.9,3606.55,633.05,3619.05,603.6,3632.4,587.55
1-19,Uninfected,No_comment,Polygon,15,2216.2,317.85,2239.5,306.25,2273.35,307.15,2305.5,323.2,2314.5,349.1,2315.4,374.1,2313.6,400.9,2302.9,423.25,2281.45,437.5,2259.1,439.3,2233.25,429.5,2217.15,409.85,2208.25,381.25,2204.65,352.7,2208.25,333.05
1-20,Uninfected,No_comment,Polygon,16,2070.65,376.8,2085,365.2,2110,358.05,2140.3,359.85,2164.45,373.2,2181.45,391.95,2193.05,417.85,2199.3,444.65,2193.05,476.8,2172.45,493.75,2144.85,498.25,2121.55,494.65,2093.95,482.15,2073.4,459.85,2061.8,430.35,2060.9,399.1
1-21,Uninfected,No_comment,Polygon,16,2398.4,479.5,2420.75,475,2445.75,482.15,2465.4,500.9,2477.9,527.7,2481.4,557.15,2483.25,583.95,2475.15,609.85,2459.15,625.9,2438.6,633.95,2416.3,629.5,2391.3,617,2374.25,593.8,2368,561.65,2368.95,532.15,2377,505.4
1-22,Uninfected,No_comment,Polygon,15,3586.05,739.35,3610.15,723.25,3644.1,718.8,3669.95,723.25,3682.45,737.55,3694.95,757.2,3698.55,784.85,3691.4,809.85,3674.45,829.5,3645.8,841.1,3606.55,837.55,3584.25,822.35,3569,798.25,3568.2,771.45,3574.45,753.6
1-23,Uninfected,No_comment,Polygon,14,3294.95,705.4,3321.7,699.15,3353.8,706.3,3378,725.95,3385.1,753.6,3382.45,780.4,3372.6,803.6,3352.1,818.8,3324.4,822.35,3293.15,818.8,3269.05,805.4,3255.65,782.2,3258.3,751.85,3277.9,725.05
1-24,Uninfected,No_comment,Polygon,14,2811.85,650.05,2838.65,638.45,2868.05,636.65,2901.15,642.9,2919.9,661.65,2921.7,691.1,2911.8,718.8,2887.75,739.35,2858.3,747.35,2835.9,747.35,2810,735.75,2796.65,715.2,2790.4,688.45,2797.5,666.1
1-25,Uninfected,No_comment,Polygon,15,2503.8,608.95,2525.2,598.25,2552.9,599.15,2584.15,608.95,2599.35,632.2,2604.7,658.95,2604.7,683.05,2595.7,705.4,2576.95,721.45,2545.7,728.6,2518.95,722.35,2498.45,706.3,2486.8,683.95,2481.4,653.6,2485.95,627.7
1-26,Uninfected,No_comment,Polygon,15,2363.6,655.4,2383.25,650.95,2408.25,650.95,2437.65,658.05,2456.4,673.25,2463.55,701.8,2457.3,731.3,2435.95,752.7,2409.15,767,2381.4,767,2358.25,756.3,2343.95,740.2,2335.85,715.2,2335.85,692.9,2351.1,668.8
1-27,Uninfected,No_comment,Polygon,15,2158.2,635.75,2140.3,650.05,2120.65,673.25,2113.55,708.95,2115.3,748.25,2136.8,776.85,2158.2,785.75,2186.8,782.2,2211.8,772.35,2231.45,751.85,2240.35,717,2236.8,690.2,2223.4,661.65,2206.45,642,2184.95,635.75
1-28,Uninfected,No_comment,Polygon,14,1848,465.75,1872.3,464.85,1902.05,471.2,1920.1,487.45,1930.95,511.7,1937.2,549.55,1926.4,579.35,1909.25,600.05,1881.35,612.7,1848.9,612.7,1827.25,593.7,1809.25,554.95,1807.45,515.35,1825.45,482.05
1-29,Uninfected,No_comment,Polygon,14,1826.35,600.95,1840.8,578.3,1866.9,559.4,1899.35,557.6,1920.95,574.7,1939.9,594.6,1951.6,618.1,1951.6,647.8,1938.1,673.9,1917.4,685.6,1888.6,688.35,1855.2,676.6,1829.05,654.1,1823.65,627.1
1-30,Uninfected,No_comment,Polygon,14,1674.1,587.4,1696.6,573.95,1729.95,572.15,1761.5,582.95,1779.5,600.95,1791.25,620.8,1794.85,651.4,1790.35,671.25,1770.5,686.55,1746.2,694.65,1710.15,691.05,1682.2,671.25,1663.3,639.65,1662.4,609.05
1-31,Uninfected,No_comment,Polygon,16,2028.2,673.9,2051.65,670.35,2084.95,680.2,2109.3,698.25,2128.5,708.7,2134.85,727.6,2131.2,760.95,2112.9,790.2,2085.85,804.55,2058.85,808.15,2029.1,804.55,2007.5,792.9,1987.65,766.7,1988.55,734.3,1995.75,706.4,2011.1,689.25
1-32,Uninfected,No_comment,Polygon,13,1505.6,810.85,1530.85,798.3,1556.95,798.3,1586.7,806.35,1604.7,824.4,1616.45,845.15,1616.45,877.6,1605.6,909.1,1574.1,925.35,1544.35,924.45,1519.1,910,1491.2,882.1,1487.6,849.6
1-33,Uninfected,No_comment,Polygon,14,1762.4,829.85,1738.95,838.85,1721.85,862.25,1711.05,891.05,1719.15,926.25,1732.65,947.85,1752.5,959.55,1784.9,965.9,1811.05,949.65,1830,918.15,1836.3,888.4,1826.35,860.45,1805.65,837.95,1786.75,831.65
1-34,Uninfected,No_comment,Polygon,16,1932.7,928.05,1956.1,928.95,1985.85,935.2,2000.25,954.15,2009.3,975.8,2007.5,1006.45,2001.15,1028.9,1986.75,1047.9,1964.25,1063.15,1938.1,1064.95,1912.85,1059.6,1887.7,1042.45,1875.95,1010.05,1880.45,981.15,1893.95,952.35,1912.85,941.5
1-35,Uninfected,No_comment,Polygon,13,1522.7,1031.6,1556.05,1027.1,1583.15,1031.6,1610.1,1047.9,1621.85,1079.4,1621.85,1115.4,1607.4,1136.2,1583.15,1153.25,1549.75,1155.95,1518.2,1148.8,1501.1,1127.15,1494.85,1092.05,1501.1,1060.5
1-36,Uninfected,No_comment,Polygon,14,1606.5,1007.35,1582.25,1022.6,1567.7,1044.15,1568.65,1076.6,1583.1,1100.9,1604.65,1116.25,1629.05,1125.35,1657.9,1128.05,1688.5,1115.4,1703.85,1091.15,1708.35,1061.4,1702.05,1037.05,1685.8,1019.05,1656.1,1007.35
1-37,Uninfected,No_comment,Polygon,15,1405.6,1163.15,1430.8,1155.95,1459.65,1155.05,1483.1,1163.15,1502.9,1174.9,1512.8,1197.4,1514.6,1225.4,1506.5,1248.75,1482.2,1266.85,1457.85,1268.65,1425.4,1265.05,1405.6,1255.1,1383.95,1232.6,1377.65,1202.8,1389.35,1182.15
1-38,Uninfected,No_comment,Polygon,14,1609.2,1205.5,1632.65,1201.9,1656.1,1203.7,1680.4,1217.25,1698.4,1241.55,1704.75,1269.55,1699.35,1296.55,1684.9,1315.5,1662.4,1326.25,1631.75,1323.6,1597.5,1311,1579.5,1286.6,1571.4,1254.2,1584.9,1228.1
1-39,Uninfected,No_comment,Polygon,14,2109.3,1030.7,2128.2,1028,2147.2,1039.75,2160.65,1060.5,2163.35,1086.6,2167.85,1116.3,2165.15,1146.1,2156.15,1165.9,2137.25,1173.1,2114.7,1165.9,2100.3,1144.3,2090.35,1107.3,2091.3,1072.15,2101.2,1045.15
1-40,Uninfected,No_comment,Polygon,17,1856.1,1207.3,1884.05,1205.5,1909.25,1210.05,1930.95,1224.5,1946.2,1243.35,1957.9,1267.75,1956.1,1295.65,1944.4,1316.4,1923.7,1334.35,1889.45,1345.2,1867.8,1340.7,1847.1,1331.65,1827.25,1313.7,1818.25,1290.2,1815.55,1265.95,1822.75,1242.45,1836.3,1223.6
1-41,Uninfected,No_comment,Polygon,14,1970.55,1167.7,1981.35,1151.45,2002.05,1144.3,2028.2,1145.2,2048.95,1161.35,2055.25,1185.75,2057.95,1212.75,2047.15,1237.05,2028.2,1256,2005.7,1256.9,1984.05,1247.85,1971.45,1233.5,1962.45,1204.6,1961.55,1183.95
1-42,Uninfected,No_comment,Polygon,15,2020.1,1273.15,2036.3,1259.6,2064.25,1250.55,2089.45,1252.4,2112.9,1260.5,2129.1,1279.45,2135.45,1301.95,2133.6,1326.25,2127.3,1348.8,2105.75,1364.15,2082.25,1371.3,2053.45,1366.85,2028.2,1348.8,2016.55,1322.7,2012.9,1295.65
1-43,Uninfected,No_comment,Polygon,15,2212,974.9,2229.15,969.5,2260.65,974,2281.4,986.55,2294,1008.25,2296.7,1033.4,2293.1,1063.15,2285,1084.8,2267,1101.95,2239.05,1108.2,2212.9,1102.85,2186.8,1085.7,2173.25,1058.7,2171.45,1020.8,2191.35,992
1-44,Uninfected,No_comment,Polygon,14,2297.6,1096.55,2320.15,1092.05,2350.75,1098.35,2371.5,1113.6,2389.5,1134.4,2399.45,1166.8,2391.3,1194.7,2367.05,1212.75,2340.85,1218.15,2309.35,1212.75,2288.6,1201,2268.8,1176.7,2259.75,1143.4,2268.8,1117.2
1-45,Uninfected,No_comment,Polygon,15,2173.25,1286.6,2195.8,1275.85,2228.25,1271.35,2255.25,1276.75,2277.85,1288.4,2285,1310.1,2285,1330.75,2278.75,1352.45,2262.45,1372.2,2236.4,1386.65,2207.5,1389.35,2175.45,1377.55,2152.55,1348.8,2152.55,1319.1,2158.85,1302.85
1-46,Uninfected,No_comment,Polygon,15,2470.6,889.25,2491.35,889.25,2517.45,894.65,2538.25,914.5,2549,944.2,2548.1,971.3,2539.15,999.2,2523.75,1016.35,2497.7,1020.8,2471.5,1019.05,2443.6,1004.65,2428.25,981.15,2425.55,950.55,2432.75,922.65,2449.9,905.5
1-47,Uninfected,No_comment,Polygon,14,2517.45,1039.75,2545.4,1037.05,2575.15,1047,2593.15,1064.05,2603.95,1092.05,2605.75,1122.65,2594.05,1149.7,2564.3,1165.9,2531.9,1169.5,2492.25,1156.85,2475.1,1129.85,2466.1,1098.35,2474.2,1065.85,2492.25,1051.5
1-48,Uninfected,No_comment,Polygon,14,2656.25,847.8,2681.45,848.7,2710.3,857.7,2740,885.7,2749.95,910.9,2752.65,950.55,2737.3,974.9,2704.9,985.65,2673.35,983.85,2645.4,970.4,2620.2,950.55,2606.65,920.85,2608.45,891.05,2623.8,866.75
1-49,Uninfected,No_comment,Polygon,14,2518.35,1188.45,2542.7,1188.45,2569.75,1197.4,2592.25,1211.85,2606.65,1238.85,2604.85,1265.05,2594.95,1286.6,2572.45,1301.95,2549.9,1304.65,2526.5,1301.95,2499.45,1283.9,2485.05,1255.1,2485.95,1229,2496.8,1206.4
1-50,Uninfected,No_comment,Polygon,12,2633.7,1131.65,2658.95,1128.95,2684.15,1139.8,2699.5,1157.75,2707.6,1189.35,2703.1,1224.5,2691.35,1246.05,2666.15,1256,2640,1249.65,2619.3,1229,2610.25,1193.8,2615.7,1160.45
1-51,Uninfected,No_comment,Polygon,13,2831.05,1042.45,2859.85,1043.35,2892.3,1061.4,2907.6,1085.7,2913,1111.8,2905.8,1137.1,2877,1161.35,2848.15,1164.1,2812.1,1148.8,2797.7,1123.55,2793.2,1093.85,2797.7,1068.55,2811.2,1051.5
1-52,Uninfected,No_comment,Polygon,11,2903.1,1065.85,2886.05,1069.4,2867.05,1091.1,2861.65,1126.2,2869.75,1154.1,2891.4,1168.6,2923.85,1177.65,2952.65,1162.25,2963.5,1133.45,2955.35,1096.55,2935.55,1076.65
1-53,Uninfected,No_comment,Polygon,15,3096.85,995.6,3068,1001,3038.25,1018.15,3016.7,1048.8,3013.05,1083.9,3022.05,1111.8,3039.15,1130.75,3067.1,1138.9,3106.75,1134.4,3135.6,1118.1,3156.3,1092.95,3156.3,1060.5,3151.8,1034.35,3135.6,1015.45,3119.35,1004.65
1-54,Uninfected,No_comment,Polygon,13,3075.2,823.5,3095.05,819.9,3126.55,832.55,3138.3,855.9,3138.3,884.8,3131.95,912.7,3116.65,932.55,3097.75,945.1,3074.3,943.3,3045.45,927.15,3033.75,898.25,3036.45,868.55,3053.6,840.65
1-55,Uninfected,No_comment,Polygon,14,2671.6,1308.3,2695.85,1303.75,2720.2,1307.35,2739.1,1322.7,2749.05,1343.4,2749.05,1371.3,2733.7,1395.7,2711.2,1403.8,2689.55,1405.6,2665.25,1396.6,2648.1,1379.4,2644.5,1357.85,2649,1334.35,2658.95,1319.1
1-56,Uninfected,No_comment,Polygon,13,3163.5,795.6,3138.25,807.3,3113.05,831.6,3104,859.5,3111.25,890.15,3136.45,905.45,3168,910,3192.35,900.1,3218.45,882.1,3231.05,846.95,3221.15,820.8,3208.55,798.35,3193.25,796.5
1-57,Uninfected,No_comment,Polygon,14,3273.4,910,3302.25,905.5,3331.1,915.45,3353.6,930.8,3367.15,963.2,3362.6,993.8,3346.4,1011.85,3318.45,1021.75,3289.65,1024.45,3267.1,1017.3,3240.95,1000.1,3231.05,969.5,3238.25,938.85,3252.7,920.85
1-58,Uninfected,No_comment,Polygon,13,3395.05,869.45,3417.6,873.1,3441.9,888.45,3455.4,911.8,3453.65,945.15,3441.9,968.6,3418.5,980.3,3385.15,981.2,3362.55,967.65,3346.35,946,3348.2,917.25,3360.8,886.65,3378.85,876.7
1-59,Uninfected,No_comment,Polygon,13,3493.2,826.2,3469.85,828.95,3444.6,849.65,3429.25,880.25,3416.65,919.9,3431.05,952.3,3459.95,966.8,3491.45,965,3514,946.05,3531.1,913.6,3532.9,880.3,3524.8,850.55,3514,835.25
1-60,Uninfected,No_comment,Polygon,12,3600.5,862.25,3572.55,872.2,3554.55,903.7,3560.85,936.15,3580.6,955.05,3609.5,961.4,3639.25,957.75,3661.75,943.35,3675.25,916.35,3672.55,892,3655.45,874,3631.1,866.75
1-61,Uninfected,No_comment,Polygon,13,3705,951.45,3675.25,955.95,3652.75,975.85,3633.85,1000.1,3634.75,1033.45,3647.35,1056,3668.1,1063.2,3691.5,1058.75,3714.05,1042.45,3727.55,1019.1,3733.85,993.8,3732.95,968.6,3721.25,957.75
1-62,Uninfected,No_comment,Polygon,13,3782.5,880.3,3761.75,890.2,3745.55,910,3739.25,935.25,3747.35,965.9,3760.85,987.5,3791.5,995.6,3819.45,992.9,3840.15,977.6,3851,946.95,3838.35,911.8,3823.95,894.7,3805.9,887.55
1-63,Uninfected,No_comment,Polygon,11,3978,900.1,3952.8,901,3928.5,915.45,3914.05,944.25,3907.75,979.4,3921.25,1007.35,3953.7,1019.95,3990.65,1012.75,4006.85,988.4,4006.85,951.45,3998.75,917.25
1-64,Uninfected,No_comment,Polygon,14,4153.7,1114.55,4135.7,1112.75,4109.55,1115.45,4087.05,1128.05,4072.65,1155.1,4074.45,1186.65,4080.75,1207.35,4100.55,1219.05,4127.6,1220.9,4160.95,1214.55,4176.25,1191.2,4188.8,1163.2,4185.25,1139.8,4172.65,1123.55
1-65,Uninfected,No_comment,Polygon,14,3304.95,1065,3329.3,1063.2,3364.45,1072.2,3381.55,1089.35,3389.65,1115.45,3383.35,1140.7,3370.7,1166.8,3354.5,1181.25,3330.2,1188.45,3304.95,1185.75,3284.2,1171.3,3270.7,1142.5,3268.9,1112.75,3280.6,1089.35
1-66,Uninfected,No_comment,Polygon,12,3386.05,1086.6,3362.55,1094.7,3337.35,1116.35,3336.45,1144.25,3348.15,1174,3368,1187.55,3397.75,1195.65,3427.5,1188.45,3449.1,1161.4,3451.85,1128.05,3434.7,1101.95,3413.95,1089.35
1-67,Uninfected,No_comment,Polygon,14,3674.35,1084.8,3657.25,1092.05,3635.65,1109.15,3624.85,1136.2,3624.85,1167.7,3634.75,1190.3,3654.55,1204.65,3678.9,1209.15,3714.95,1208.25,3735.65,1188.45,3748.25,1156.9,3742.85,1127.15,3725.75,1104.7,3698.7,1091.15
1-68,Uninfected,No_comment,Polygon,14,3913.15,1105.6,3884.3,1110.95,3856.4,1129.85,3846.45,1167.7,3851,1201.95,3866.3,1220.9,3888.85,1233.55,3914.95,1236.25,3947.4,1229,3972.65,1210.05,3982.55,1178.55,3971.65,1152.4,3953.7,1128.05,3927.55,1110.95
1-69,Uninfected,No_comment,Polygon,15,3184.2,1168.6,3199.55,1158.7,3226.55,1158.7,3250.9,1165.9,3267.1,1183.05,3277.05,1206.45,3280.6,1236.25,3277.05,1264.15,3265.3,1282.15,3245.5,1293.85,3224.75,1291.15,3199.55,1281.25,3177.9,1252.4,3172.5,1217.25,3176.1,1192.1
1-70,Uninfected,No_comment,Polygon,14,3392.35,1227.2,3416.7,1220,3444.6,1222.7,3472.55,1239.8,3484.25,1264.15,3487.85,1294.75,3477.95,1319.1,3450.95,1333.5,3423,1335.3,3403.15,1329.9,3386.05,1314.6,3373.45,1284.85,3377.95,1257.8,3383.35,1239.8
1-71,Uninfected,No_comment,Polygon,15,3859.1,1274.95,3880.7,1270.45,3904.15,1270.45,3929.4,1283.95,3943.8,1296.55,3953.7,1320.05,3948.3,1342.5,3933.85,1366,3917.65,1377.65,3896.95,1384.85,3865.4,1385.75,3841,1372.25,3826.65,1342.5,3833.85,1308.3,3845.55,1290.25
1-72,Uninfected,No_comment,Polygon,14,1492.65,1294.8,1518.7,1292.65,1551,1296.9,1576,1310.4,1591.65,1330.15,1594.75,1359.35,1579.15,1383.35,1549.95,1396.85,1513.5,1394.8,1487.45,1390.6,1466.65,1375,1449.95,1350,1453.1,1328.1,1465.6,1312.5
1-73,Uninfected,No_comment,Polygon,14,1417.65,1433.35,1443.7,1434.35,1465.6,1444.8,1483.3,1462.5,1490.6,1487.5,1490.6,1513.55,1477.05,1539.6,1452.05,1553.1,1422.9,1556.25,1396.85,1544.8,1378.1,1522.85,1370.8,1494.8,1375,1462.5,1394.75,1441.6
1-74,Uninfected,No_comment,Polygon,14,1755.6,1316.9,1777.5,1316.15,1798.65,1326.35,1814.75,1341.7,1827.1,1362.85,1830.05,1386.95,1825.7,1414.7,1804.5,1435.85,1770.2,1444.65,1748.3,1439.5,1718.3,1418.35,1706.65,1385.5,1711,1354.1,1723.5,1330.75
1-75,Uninfected,No_comment,Polygon,15,1644.6,1454.85,1670.85,1453.4,1697.2,1460.7,1716.9,1473.85,1732.2,1495.75,1732.2,1518.35,1727.85,1538.8,1716.2,1557.75,1698.65,1572.35,1673.1,1577.5,1652.6,1574.55,1630,1564.35,1614.7,1542.45,1610.3,1510.35,1621.25,1475.3
1-76,Uninfected,No_comment,Polygon,13,1470.9,1565.05,1492.8,1562.9,1519.8,1564.35,1543.9,1578.95,1557.7,1601.55,1559.2,1623.45,1549.75,1640.25,1532.15,1651.95,1510.35,1654.85,1485.5,1651.2,1462.15,1638.05,1449,1615.45,1451.95,1588.45
1-77,Uninfected,No_comment,Polygon,15,1957,1335.85,1974.55,1339.5,1997.95,1348.25,2024.95,1363.6,2038.85,1381.85,2040.25,1404.5,2031.55,1429.3,2010.35,1441.7,1987.7,1443.9,1961.45,1439.5,1938.1,1427.1,1913.2,1403,1908.15,1375.3,1922,1352.65,1935.1,1344.6
1-78,Uninfected,No_comment,Polygon,15,2127.85,1418.35,2145.4,1407.4,2166.6,1403.75,2191.4,1410.3,2206.75,1424.9,2214.05,1445.35,2212.55,1474.55,2199.45,1497.2,2178.25,1514,2153.4,1524.2,2128.6,1524.9,2110.3,1514,2099.35,1490.6,2098.65,1460.7,2111.1,1437.35
1-79,Uninfected,No_comment,Polygon,14,1984.8,1505.2,2014.7,1500.85,2044.6,1508.85,2063.65,1527.85,2070.15,1551.95,2066.5,1579.65,2052.7,1605.95,2027.15,1623.45,2002.3,1624.2,1979.7,1617.65,1957,1598.65,1951.95,1570.2,1956.35,1539.5,1968.75,1520.55
1-80,Uninfected,No_comment,Polygon,14,1752.7,1579.65,1781.15,1573.1,1812.5,1576,1845.35,1592.8,1854.15,1620.55,1853.4,1652.65,1840.3,1675.3,1823.45,1686.25,1797.9,1692.1,1765.05,1689.15,1738.1,1673.85,1730.05,1647.55,1732.9,1614.7,1739.5,1596.45
1-81,Uninfected,No_comment,Polygon,15,1600.85,1686.25,1628.55,1676.05,1658.5,1674.55,1683.35,1682.6,1695,1700.85,1703.7,1727.15,1700.05,1751.95,1695,1772.4,1672.4,1789.9,1646.1,1795,1627.05,1792.85,1606.65,1784.05,1585.5,1764.35,1578.2,1735.15,1585.5,1705.25
1-82,Uninfected,No_comment,Polygon,14,1751.15,1720.55,1770.95,1716.2,1794.25,1717.65,1816.9,1727.15,1831.5,1749.75,1835.9,1779.7,1824.95,1810.35,1804.5,1822.75,1778.25,1830.05,1757.75,1828.6,1737.35,1814,1724.2,1790.65,1722.75,1762.15,1732.9,1735.15
1-83,Uninfected,No_comment,Polygon,14,1526.35,1815.45,1552.65,1801.6,1584.75,1801.6,1608.15,1811.1,1627.05,1830.8,1634.35,1860.7,1629.3,1887.7,1613.95,1908.15,1600.85,1919.1,1574.55,1923.5,1541.7,1918.4,1515.4,1894.3,1511.75,1859.25,1519.05,1833.7
1-84,Uninfected,No_comment,Polygon,11,1423.45,1942.45,1408.15,1956.35,1402.25,1989.9,1413.9,2030.8,1438.05,2045.4,1469.45,2048.3,1499.4,2034.45,1508.1,2008.15,1498.65,1978.95,1476,1954.15,1453.35,1946.1
1-85,Uninfected,No_comment,Polygon,12,1713.25,1933.7,1684.75,1938.8,1663.55,1955.6,1651.9,1978.95,1651.9,2009.65,1668,2039.55,1695,2047.6,1720.55,2049.05,1750.45,2028.6,1758.45,1999.4,1757.75,1972.4,1741,1945.4
1-86,Uninfected,No_comment,Polygon,13,1887,1748.3,1914,1742.45,1939.55,1743.2,1964.3,1753.4,1977.5,1774.6,1980.4,1810.35,1967.3,1830.05,1944.65,1841.75,1909.55,1846.1,1879.7,1841.75,1860.7,1822.75,1855.6,1789.2,1870.9,1762.15
1-87,Uninfected,No_comment,Polygon,11,1926.4,1863.65,1953.35,1852.7,1983.35,1859.25,2003.05,1873.1,2016.95,1896.5,2022,1921.3,2011.75,1939.55,1984.8,1946.1,1958.5,1938.8,1929.3,1915.45,1918.35,1889.2
1-88,Uninfected,No_comment,Polygon,12,2030,1938.1,2049.8,1930.05,2071.7,1930.8,2089.95,1941.75,2100.9,1962.9,2101.6,1986.25,2092.05,2006,2072.4,2018.4,2048.25,2020.6,2031.55,2015.45,2014,1991.4,2012.55,1960.7
1-89,Uninfected,No_comment,Polygon,14,2139.55,1741.75,2170.95,1741.75,2196.5,1749.05,2218.4,1766.55,2226.4,1792.85,2222.05,1814.75,2208.9,1838.8,2189.9,1858.55,2165.85,1869.45,2137.4,1870.2,2110.3,1857.8,2088.4,1830.05,2085.55,1791.35,2107.45,1759.25
1-90,Uninfected,No_comment,Polygon,13,2294.25,1640.25,2322.05,1643.9,2341,1658.5,2354.15,1681.85,2360.75,1705.95,2351.95,1735.15,2338.05,1758.5,2308.85,1768.75,2272.35,1762.9,2250.45,1743.2,2237.35,1709.6,2243.15,1679.7,2260.75,1655.6
1-91,Uninfected,No_comment,Polygon,15,2235.85,1828.6,2262.2,1821.3,2283.3,1827.15,2306,1843.95,2319.8,1868.75,2325.7,1895.75,2321.3,1919.1,2312.5,1939.55,2295.75,1958.55,2266.55,1965.1,2239.5,1955.6,2217.6,1940.3,2204.5,1910.35,2203.8,1876.05,2219.1,1846.85
1-92,Uninfected,No_comment,Polygon,16,2222.05,1981.15,2251.25,1976.05,2281.9,1980.45,2310.35,1988.45,2341.7,2006.7,2354.9,2029.35,2359.25,2057.8,2356.3,2082.65,2335.9,2104.55,2308.85,2116.2,2273.85,2115.5,2241.75,2104.55,2216.2,2084.8,2195.05,2051.95,2195.05,2013.3,2206,1995.05
1-93,Uninfected,No_comment,Polygon,14,2552.7,1945.4,2576.1,1930.8,2605.95,1926.4,2637.4,1931.5,2646.9,1951.25,2649.1,1977.5,2638.8,2008.15,2622.8,2028.6,2604.55,2038.1,2570.25,2040.3,2545.4,2030.8,2525.75,2005.25,2529.4,1976.8,2535.2,1960.7
1-94,Uninfected,No_comment,Polygon,13,2650.5,1972.4,2625.7,1962.85,2594.3,1966.5,2570.95,1978.95,2564.3,2011.1,2569.45,2038.1,2580.4,2067.3,2602.3,2085.55,2638.8,2092.1,2672.45,2079,2683.4,2052.7,2690.7,2024.95,2676.8,1992.1
1-95,Uninfected,No_comment,Polygon,13,2420.6,1355.55,2441.05,1351.2,2476.8,1357.05,2494.3,1377.45,2504.55,1397.9,2500.9,1424.9,2490.65,1446.1,2472.4,1461.4,2450.5,1463.6,2423.55,1456.3,2398,1433.7,2392.8,1395,2403.75,1366.5
1-96,Uninfected,No_comment,Polygon,13,2546.9,1349,2573.1,1349.75,2605.3,1361.4,2628.65,1384.75,2636.65,1412.5,2635.95,1435.85,2625.7,1457.75,2609.6,1468,2581.9,1470.9,2552,1460.7,2519.85,1429.3,2514.05,1390.6,2524.25,1359.2
1-97,Uninfected,No_comment,Polygon,13,2808.25,1334.4,2827.9,1335.15,2855.7,1345.35,2877.6,1368.7,2882.65,1396.45,2872.45,1423.45,2857.1,1444.65,2820.6,1453.4,2790.7,1441,2762.9,1417.6,2757.15,1387.7,2768.1,1360.7,2787.75,1346.8
1-98,Uninfected,No_comment,Polygon,13,2768.8,1473.85,2795.05,1468,2824.25,1474.55,2846.9,1489.9,2857.1,1518.35,2855.7,1550.45,2848.4,1575.3,2825,1595.75,2802.35,1599.4,2773.85,1591.35,2751.25,1561.4,2740.3,1528.55,2749.85,1495.75
1-99,Uninfected,No_comment,Polygon,12,2876.85,1625.65,2846.9,1638.05,2832.3,1665.8,2827.9,1692.8,2838.85,1719.85,2865.9,1738.8,2895.85,1741,2925.75,1728.6,2938.9,1700.85,2940.35,1670.2,2924.95,1642.45,2903.05,1630.75
1-100,Uninfected,No_comment,Polygon,14,2803.05,1668.75,2840.35,1663.55,2859.4,1669.4,2874.7,1689.85,2875.45,1719.85,2863,1751.2,2849.8,1773.85,2830.15,1784.05,2807.5,1792.85,2777.5,1787,2762.2,1761.45,2759.25,1728.6,2769.5,1701.6,2782.7,1684.8
1-101,Uninfected,No_comment,Polygon,12,2522.1,1662.9,2550.55,1658.5,2582.65,1662.15,2610.55,1674.9,2617.7,1705.95,2608.95,1735.9,2587.7,1754.15,2558.6,1758.5,2537.4,1750.5,2514.05,1734.45,2504.55,1708.9,2508.9,1685.5
1-102,Uninfected,No_comment,Polygon,13,2605.95,1595.75,2582.65,1610.35,2564.4,1639.55,2562.95,1669.4,2576.8,1706.7,2595.8,1728.6,2618.4,1732.25,2649.1,1730.8,2671.65,1708.15,2678.25,1676.05,2671.65,1640.25,2649.1,1607.4,2627.2,1598.65
1-103,Uninfected,No_comment,Polygon,14,2376.1,1716.2,2396.45,1700.1,2427.2,1692.8,2457.1,1704.5,2477.55,1727.85,2486.3,1756.35,2479.7,1786.25,2467.35,1806.7,2446.15,1814,2424.25,1815.45,2395.75,1805.25,2375.35,1784.8,2367.25,1754.15,2366.55,1732.95
1-104,Uninfected,No_comment,Polygon,13,2610.4,1756.35,2635.95,1753.4,2656.4,1760,2682.6,1779.7,2689.2,1807.45,2687.75,1836.65,2674.6,1856.35,2654.2,1864.35,2627.2,1863.65,2598.65,1849.75,2585.55,1822.05,2583.4,1796.5,2592.85,1773.85
1-105,Uninfected,No_comment,Polygon,13,2715.45,1863.65,2690.7,1872.4,2677.55,1889.2,2675.3,1918.4,2678.25,1950.5,2696.5,1981.15,2722.05,1994.3,2745.45,1992.85,2762.2,1979.7,2769.5,1948.3,2766.55,1914.75,2758.55,1886.25,2739.6,1871.65
1-106,Uninfected,No_comment,Polygon,13,2903.05,1911.1,2860.05,1920.55,2836.7,1943.2,2835.95,1975.3,2842.5,2005.25,2860.75,2022.75,2879.75,2027.9,2906.05,2027.9,2927.2,2014,2939.55,1989.9,2938.9,1967.3,2935.9,1943.2,2922.8,1924.2
1-107,Uninfected,No_comment,Polygon,16,2941.05,1349,2960.2,1334.85,2988.65,1329.8,3014.2,1337.8,3033.1,1353.85,3046.9,1378.85,3047.55,1405.2,3039.6,1433.6,3026.45,1454.1,3004.55,1466.45,2978.25,1470.1,2954.15,1462.8,2932.25,1445.35,2919.15,1418.35,2921.3,1389.8,2927.9,1370.9
1-108,Uninfected,No_comment,Polygon,13,3086.3,1327.1,3061.5,1336.55,3044.7,1356.95,3032.95,1388.35,3039.6,1415.35,3058.5,1443.15,3081.9,1447.55,3109.6,1446.05,3129.35,1424.85,3142.45,1397.9,3141.8,1370.1,3129.35,1343.15,3111.85,1332.2
1-109,Uninfected,No_comment,Polygon,14,3339.6,1429.95,3311.15,1435.1,3292.9,1457,3284.1,1485.5,3281.95,1513.25,3288.45,1543.1,3308.2,1560.65,3331.55,1568.65,3361.5,1565.8,3386.3,1548.25,3396.55,1518.35,3395.75,1479.65,3383.4,1447.55,3362.25,1435.1
1-110,Uninfected,No_comment,Polygon,14,3027.9,1517.55,3057.85,1511.05,3084.05,1517.55,3100.9,1532.15,3114.75,1553.4,3115.5,1580.4,3108.95,1608.8,3090.7,1629.3,3067.3,1640.25,3040.25,1638,3017.7,1630,2993.6,1605.95,2987.75,1567.95,3003.1,1534.4
1-111,Uninfected,No_comment,Polygon,14,3115.5,1638.8,3133.75,1624.9,3156.4,1635.15,3176.8,1658.5,3189.25,1686.9,3195.8,1711,3199.45,1731.5,3194.35,1749.75,3175.3,1763.55,3152.75,1757.05,3130.1,1737.35,3112.6,1705.15,3108.2,1673.8,3108.2,1653.4
1-112,Uninfected,No_comment,Polygon,15,3268.05,1596.45,3281.15,1586.2,3310.4,1579.6,3327.2,1589.85,3333.05,1609.6,3333.05,1642.45,3325.75,1670.15,3321.35,1693.55,3306,1711.8,3281.95,1716.1,3261.5,1710.3,3248.3,1692.05,3243.95,1663.55,3251.25,1628.55,3256.4,1612.45
1-113,Uninfected,No_comment,Polygon,14,3533.05,1412.5,3556.35,1406.6,3588.5,1409.55,3608.95,1421.2,3624.3,1446.8,3627.2,1471.6,3620.65,1500.1,3600.95,1522.7,3573.95,1537.3,3547.65,1534.4,3519.2,1522,3503.1,1496.45,3499.6,1464.2,3512.55,1432.15
1-114,Uninfected,No_comment,Polygon,15,3722.85,1392,3744.75,1390.6,3768.85,1397.1,3785.6,1411.7,3802.35,1435.1,3809.65,1464.3,3803.85,1492,3792.9,1514.7,3774.65,1529.3,3740.3,1532.15,3717,1519.8,3698,1500.1,3685.6,1466.45,3687.8,1435.8,3700.2,1415.35
1-115,Uninfected,No_comment,Polygon,13,3986.35,1337.25,4008.25,1334.4,4042.55,1339.5,4064.45,1350.45,4080.55,1373.75,4082.7,1397.9,4077.55,1419,4046.95,1438.05,4019.2,1445.35,3987.8,1438.05,3957.9,1412.5,3950.6,1381.85,3970.25,1354.1
1-116,Uninfected,No_comment,Polygon,14,4117.05,1349,4074.6,1362.75,4054.2,1384.65,4052,1410.9,4053.5,1440.25,4068.85,1470.9,4087.85,1485.5,4113.4,1495,4146.9,1494.25,4166.65,1481.05,4176.9,1451.2,4181.25,1419.8,4171.05,1382.5,4151.35,1359.15
1-117,Uninfected,No_comment,Polygon,14,3954.95,1481.05,3977.55,1477.4,4007.55,1473.1,4039.65,1486.2,4054.25,1506.6,4053.5,1531.5,4044.7,1552.65,4021.4,1567.25,3994.4,1575.25,3963.75,1576.75,3939.65,1567.95,3917.75,1548.25,3917.75,1519.8,3936,1497.9
1-118,Uninfected,No_comment,Polygon,15,3959.3,1585.5,3972.4,1567.15,3997.95,1555.4,4020.65,1558.4,4042.55,1572.3,4062.95,1599.35,4067.4,1629.3,4062.95,1659.2,4051.35,1681.1,4035.25,1692.75,4012.65,1695.7,3985.65,1686.25,3967.4,1659.9,3955.65,1629.3,3952,1608.8
1-119,Uninfected,No_comment,Polygon,14,4110.4,1599.35,4137.45,1593.5,4168.15,1595.7,4195.85,1613.25,4205.3,1633.65,4207.55,1660.7,4200.25,1684.75,4176.1,1701.5,4152.05,1708.15,4130.15,1704.5,4107.55,1693.55,4092.15,1670.85,4085.65,1646.8,4092.15,1621.25
1-120,Uninfected,No_comment,Polygon,16,3583.4,1549.75,3608.95,1542.45,3649.1,1545.35,3688.55,1567.95,3698.75,1592.8,3703.8,1627.85,3693.65,1662.85,3680.5,1690.55,3660.05,1703.7,3632.3,1711.8,3600.15,1709.6,3572.45,1696.4,3549.05,1671.65,3540.35,1634.35,3544,1597.85,3557.85,1572.3
1-121,Uninfected,No_comment,Polygon,15,3417.65,1630.7,3444,1622,3473.2,1625.65,3505.25,1637.3,3524.3,1653.4,3530.8,1679.6,3530.15,1700.85,3517.7,1720.55,3490,1735.15,3471,1738,3444,1735.85,3423.55,1728.55,3406.7,1714.65,3398,1689.1,3401.65,1652.6
1-122,Uninfected,No_comment,Polygon,15,3717,1762.1,3739.65,1753.4,3763.7,1751.15,3791.4,1753.4,3819.2,1768.7,3837.45,1789.1,3841.1,1818.3,3833.8,1846.1,3816.95,1870.2,3789.25,1874.55,3761.55,1876.05,3733,1866.55,3713.35,1847.5,3698.75,1818.3,3700.2,1786.95
1-123,Uninfected,No_comment,Polygon,13,3963.75,1716.9,3940.35,1727.05,3928.7,1757.75,3920.65,1791.35,3924.3,1830.05,3936.7,1849,3956.45,1853.4,3989.3,1846.85,4011.2,1824.95,4020.65,1787.7,4017.75,1750.45,4000.95,1729.25,3979.8,1719.1
1-124,Uninfected,No_comment,Polygon,12,4052.8,1866.55,4025.8,1877.5,4014.85,1899.4,4011.9,1927.8,4022.15,1953.35,4042.55,1970.2,4063.75,1973.85,4088.5,1968.75,4105.35,1949,4106.75,1919.1,4092.15,1887.65,4075.4,1872.4
1-125,Uninfected,No_comment,Polygon,13,3063.65,1805.95,3083.4,1802.3,3111.85,1810.35,3127.85,1833.7,3132.3,1865.1,3124.2,1900.1,3108.95,1920.5,3093.6,1927.1,3069.45,1927.8,3052,1916.15,3035.2,1892.8,3027.15,1862.9,3035.2,1830.05
1-126,Uninfected,No_comment,Polygon,13,3135.95,1789.9,3113.25,1800.05,3092.85,1825.65,3085.55,1850.5,3095,1873.85,3109.6,1895,3129.35,1905.2,3152.75,1905.9,3179.75,1896.45,3198.7,1875.3,3208.15,1848.3,3200.2,1816.9,3181.2,1796.4
1-127,Uninfected,No_comment,Polygon,13,3387.8,1873.85,3352,1881.15,3327.9,1904.5,3321.35,1935.9,3329.4,1969.45,3346.15,1992.1,3368.8,2002.3,3404.55,2003.75,3441.05,1987.7,3454.95,1959.95,3457.15,1928.6,3444.7,1901.6,3421.3,1886.25
1-128,Uninfected,No_comment,Polygon,14,3519.85,1953.35,3493.65,1962.9,3469.55,1984.8,3462.25,2010.35,3466.6,2037.3,3481.95,2053.35,3499.45,2064.3,3522.85,2068.75,3547.65,2067.3,3573.95,2053.35,3585.55,2029.3,3586.35,1996.45,3569.55,1973.1,3544,1958.5
1-129,Uninfected,No_comment,Polygon,14,3701.65,1904.5,3674.65,1911.05,3656.4,1926.4,3644.75,1945.35,3644.75,1976.05,3656.4,1989.85,3671.75,2000.8,3697.3,2006.7,3727.95,2007.4,3757.9,1997.95,3773.15,1980.4,3773.95,1957.8,3763,1934.4,3738.9,1918.35
1-130,Uninfected,No_comment,Polygon,15,3701.65,2084.05,3725.7,2073.1,3753.5,2068.75,3782.7,2075.25,3803.85,2092.05,3815.55,2117.6,3814.1,2146.85,3808.25,2170.15,3794.4,2187.75,3770.3,2198.7,3746.95,2198.7,3716.25,2192.85,3695.85,2172.4,3686.35,2145.4,3684.15,2119.05
1-131,Uninfected,No_comment,Polygon,14,2791.4,2065.8,2817.65,2062.15,2848.35,2067.3,2870.9,2083.35,2889.95,2109.6,2888.5,2140.95,2870.25,2165.85,2844.7,2184.1,2823.45,2187.75,2800.9,2184.75,2773.85,2171.65,2761.4,2145.4,2759.25,2113.25,2773.85,2084.05
1-132,Uninfected,No_comment,Polygon,14,2905.25,2055.55,2878.2,2066.5,2857.1,2093.5,2852,2122,2857.8,2147.55,2876.8,2169.5,2899.4,2181.9,2934.45,2178.95,2960.75,2162.2,2979,2134.45,2984.1,2104.45,2972.4,2073.8,2950.5,2057,2927.15,2053.35
1-133,Uninfected,No_comment,Polygon,14,3033.75,1972.4,3014.05,1981.15,2995.05,2005.25,2990.65,2037.3,2996.5,2066.5,3009.65,2088.4,3032.95,2098.65,3062.15,2100.8,3096.5,2095,3113.25,2078.9,3125.7,2046.05,3109.6,2012.55,3086.3,1988.45,3059.3,1977.5
1-134,Uninfected,No_comment,Polygon,14,3209.65,2023.5,3189.9,2030.8,3165.85,2052.7,3157.05,2079.7,3158.55,2110.3,3169.5,2132.25,3193.55,2149.05,3220.6,2153.4,3251.95,2147.6,3279.75,2124.9,3289.25,2097.95,3287.75,2067.3,3271,2042.4,3246.15,2027.15
1-135,Uninfected,No_comment,Polygon,16,3871.85,2199.4,3887.9,2197.2,3910.5,2199.4,3929.45,2208.15,3948.45,2222.75,3959.4,2240.25,3961.6,2265.85,3957.95,2288.45,3941.85,2311.8,3922.15,2321.3,3898.05,2324.95,3870.35,2319.1,3849.95,2301.6,3830.9,2271.65,3831.7,2239.55,3848.45,2219.1
1-136,Uninfected,No_comment,Polygon,14,3803.9,2330.8,3789.3,2339.55,3771.05,2354.9,3766.7,2382.65,3769.65,2412.55,3790.05,2439.55,3812.65,2453.4,3847,2457.05,3871.85,2449.75,3888.6,2427.15,3892.25,2395.05,3879.15,2365.85,3854.25,2339.55,3834.55,2333.05
1-137,Uninfected,No_comment,Polygon,14,3717.75,2323.5,3743.3,2318.45,3776.15,2326.4,3799.55,2338.8,3815.55,2360,3816.25,2390.65,3804.6,2410.35,3771.05,2424.95,3744.8,2428.6,3717.75,2423.5,3697.35,2408.2,3680.55,2381.9,3681.25,2352.7,3694.4,2335.2
1-138,Uninfected,No_comment,Polygon,14,3738.95,2487,3757.2,2478.25,3780.6,2476.85,3801.7,2484.15,3821.45,2495.1,3828.75,2514.75,3828.75,2541.75,3817.1,2566.55,3797.35,2581.15,3773.3,2584.8,3748.45,2577.5,3724.35,2563.65,3718.55,2531.6,3723.6,2506.7
1-139,Uninfected,No_comment,Polygon,15,3541.1,2204.5,3571.1,2196.45,3598.1,2197.2,3621.4,2211.05,3638.95,2228.6,3645.55,2254.15,3644.05,2278.3,3628.7,2297.2,3607.55,2313.3,3583.5,2318.45,3559.35,2318.45,3536.75,2306.7,3517.8,2288.45,3513.35,2258.55,3525.8,2227.2
1-140,Uninfected,No_comment,Polygon,14,3410.5,2156.3,3438.9,2151.2,3474.7,2154.85,3498.8,2178.2,3509.05,2200.85,3504.6,2226.4,3494.45,2253.4,3476.2,2267.35,3452.8,2273.15,3427.95,2273.15,3405.35,2259.25,3386.35,2230.85,3386.35,2199.4,3395.1,2176.75
1-141,Uninfected,No_comment,Polygon,14,3441.1,2319.85,3473.25,2314.8,3497.3,2318.45,3517,2327.15,3540.4,2341.75,3552.85,2365.1,3557.15,2395.05,3546.2,2422.05,3520,2436.65,3486.35,2441.05,3456.45,2435.15,3433.8,2415.5,3422.15,2384.8,3425.8,2349.05
1-142,Uninfected,No_comment,Polygon,14,3591.5,2422.05,3562.3,2432.25,3551.35,2457.05,3549.2,2489.2,3558.65,2522.05,3578.4,2543.2,3596.65,2554.9,3629.45,2562.2,3663,2558.55,3679.8,2533,3684.2,2499.4,3670.3,2465.85,3644.75,2438.8,3624.35,2427.85
1-143,Uninfected,No_comment,Polygon,14,3322.1,2221.3,3303.15,2230.85,3286.4,2254.15,3278.3,2278.95,3276.85,2306.7,3284.9,2337.35,3306.05,2357.8,3330.2,2362.9,3356.45,2355.6,3374,2338.85,3388.6,2309.65,3385.65,2278.3,3367.4,2241.8,3344.8,2223.55
1-144,Uninfected,No_comment,Polygon,13,3079.05,2117.65,3060.05,2121.3,3039.6,2142.45,3028.65,2170.2,3028.65,2200.1,3049.1,2224.2,3079.75,2233.7,3106.8,2226.4,3131.65,2209.6,3139.65,2182.6,3133.8,2156.3,3120.7,2133.7,3105.3,2122.75
1-145,Uninfected,No_comment,Polygon,13,3188.55,2277.5,3170.3,2282.6,3151.3,2301.6,3143.3,2326.4,3150.6,2356.35,3171.8,2381.9,3192.2,2392.1,3224.35,2395.05,3251.3,2381.15,3261.55,2362.9,3261.55,2335.9,3249.1,2304.5,3224.35,2286.25
1-146,Uninfected,No_comment,Polygon,12,3337.5,2384.1,3308.3,2397.25,3294.4,2422.8,3297.35,2454.9,3309,2481.9,3328.7,2495.75,3355.75,2501.6,3382.7,2489.2,3396.6,2465.85,3400.95,2440.3,3384.15,2411.85,3367.4,2390.65
1-147,Uninfected,No_comment,Polygon,15,3393.65,2533,3412.65,2527.95,3433.1,2530.05,3458.65,2541,3474.7,2562.2,3479.85,2593.65,3480.55,2629.35,3468.1,2652.7,3441.85,2662.2,3410.5,2661.5,3392.25,2646.15,3373.2,2623.5,3368.1,2594.3,3371.05,2570.2,3379.8,2549.05
1-148,Uninfected,No_comment,Polygon,14,3551.35,2569.5,3530.15,2579.05,3517,2600.15,3509.05,2630.8,3511.2,2658.55,3525.8,2679.75,3544.05,2689.2,3574.75,2689.95,3602.45,2683.4,3622.85,2662.2,3628.7,2635.2,3613.4,2602.35,3594.45,2578.25,3576.2,2572.4
1-149,Uninfected,No_comment,Polygon,15,3463.75,2727.9,3487.85,2717.7,3517,2721.35,3538.9,2734.5,3547,2755.65,3554.3,2781.2,3544.75,2807.45,3535.25,2827.15,3512.7,2841.05,3486.35,2842.5,3464.45,2837.4,3449.85,2824.25,3439.7,2806.75,3435.25,2776.8,3445.5,2749.1
1-150,Uninfected,No_comment,Polygon,14,3270.3,2667.3,3296.55,2660.75,3320.65,2665.85,3346.95,2684.85,3355.75,2706,3358.6,2737.4,3352.1,2761.45,3333.05,2773.9,3312.65,2776.8,3291.45,2773.9,3267.35,2760.05,3252.1,2735.95,3250.6,2709.65,3258.6,2685.55
1-151,Uninfected,No_comment,Polygon,14,3133.8,2446.85,3150.6,2437.4,3185.6,2435.15,3214.1,2453.4,3230.85,2478.25,3236,2508.9,3233.85,2540.3,3221.4,2560.8,3197.35,2572.4,3170.3,2571.75,3147.65,2558.55,3128.7,2531.6,3117.05,2499.4,3121.4,2468.75
1-152,Uninfected,No_comment,Polygon,12,3041.1,2359.25,3023.55,2368.75,3011.9,2388.45,3006.05,2410.35,3011.2,2438.8,3036.75,2464.35,3075.4,2468,3097.3,2447.6,3114.1,2419.15,3111.9,2394.3,3090,2369.5,3073.25,2362.2
1-153,Uninfected,No_comment,Polygon,14,2970.25,2389.2,2998,2392.1,3024.35,2410.35,3040.4,2441.7,3043.25,2473.2,3037.45,2500.85,3015.55,2518.4,2992.95,2526.4,2971.75,2522.75,2953.5,2512.55,2930.9,2484.8,2925.75,2447.6,2934.55,2414,2952,2400.15
1-154,Uninfected,No_comment,Polygon,14,3042.55,2561.45,3063.7,2554.15,3093.65,2555.6,3119.2,2563.65,3145.45,2588.45,3154.25,2615.55,3156.4,2645.4,3144,2667.3,3128,2676.1,3101.65,2677.6,3067.35,2665.85,3044.05,2644.75,3031.6,2613.3,3030.15,2584.8
1-155,Uninfected,No_comment,Polygon,14,3026.5,2700.15,3045.45,2691.4,3068.8,2695.8,3092.2,2709.65,3107.5,2728.65,3115.55,2746.15,3117.05,2771.7,3107.5,2789.95,3088.55,2800.2,3071.75,2800.9,3052.05,2792.15,3033.1,2774.65,3022.85,2749.1,3019.2,2721.35
1-156,Uninfected,No_comment,Polygon,15,3099.5,2808.2,3124.35,2800.2,3154.25,2804.55,3176.1,2819.15,3191.5,2836.65,3199.5,2862.2,3199.5,2889.95,3184.2,2911.85,3165.95,2922.05,3141.1,2930.9,3117.05,2924.25,3090.7,2906.75,3080.55,2879,3079.05,2849.05,3086.35,2825.05
1-157,Uninfected,No_comment,Polygon,13,2938.2,2787.75,2963.75,2773.9,2991.45,2778.3,3022.15,2794.3,3037.45,2822.05,3041.1,2852.7,3033.1,2876.8,3019.9,2895.05,3000.25,2902.35,2971.05,2896.5,2943.25,2878.25,2930.1,2848.35,2925.75,2816.2
1-158,Uninfected,No_comment,Polygon,14,2820.6,2465.85,2844,2457.8,2870.25,2461.45,2891.45,2474.6,2900.25,2494.3,2908.2,2519.1,2903.1,2545.4,2892.15,2568.1,2864.4,2585.55,2828.7,2590.65,2803.1,2573.85,2787.8,2537.35,2793.6,2502.4,2805.35,2485.55
1-159,Uninfected,No_comment,Polygon,15,2819.15,2619.85,2846.95,2609.65,2879,2610.4,2898.05,2622.05,2915.5,2643.95,2921.35,2671.7,2923.6,2700.9,2911.15,2726.45,2884.85,2743.25,2857.9,2746.15,2833.05,2741.05,2809,2725.7,2790.75,2695.8,2794.4,2659.35,2805.35,2639.6
1-160,Uninfected,No_comment,Polygon,15,2692.9,2389.95,2672.45,2397.95,2649.1,2413.25,2635.95,2438.8,2635.95,2470.2,2642.5,2497.2,2654.9,2519.85,2674.65,2530.8,2696.55,2535.25,2725.75,2527.15,2747.65,2508.9,2760.05,2483.35,2761.55,2455.65,2751.3,2422.8,2730.1,2398.7
1-161,Uninfected,No_comment,Polygon,13,2671.7,2722.05,2698,2719.15,2725.75,2725.7,2749.8,2749.1,2755.65,2776.05,2755.65,2806.75,2740.35,2833,2711.85,2842.5,2681.95,2838.85,2662.2,2825.7,2650.55,2801.6,2646.9,2770.25,2655.7,2738.15
1-162,Uninfected,No_comment,Polygon,14,2507.45,2065.05,2490.65,2071.65,2462.95,2087.7,2447.6,2111.8,2443.25,2139.6,2449.85,2162.15,2472.4,2183.4,2493.65,2182.6,2525.7,2173.1,2553.5,2157.05,2564.45,2128.65,2561.5,2102.3,2543.95,2078.25,2525,2068.7
1-163,Uninfected,No_comment,Polygon,14,2445.4,2187.7,2459.3,2160.65,2486.35,2140.2,2516.9,2138,2541.7,2147.5,2561.5,2163.6,2570.95,2198.65,2569.5,2227.85,2552.05,2251.95,2528.65,2264.35,2498.75,2267.35,2470.25,2253.4,2451.25,2225.65,2447.6,2210.35
1-164,Uninfected,No_comment,Polygon,14,2370.25,2206.7,2352,2213.25,2331.55,2229.3,2325.75,2251.95,2324.95,2275.3,2338.1,2300.85,2358.6,2312.55,2383.35,2316.95,2406.05,2308.9,2425,2290.65,2434.45,2268.75,2435.25,2244.65,2423.5,2222,2398.75,2212.6
1-165,Uninfected,No_comment,Polygon,14,2441.75,2339.55,2466.6,2322.1,2493.65,2319.1,2517.7,2324.25,2535.25,2342.5,2548.4,2368.05,2546.2,2397.95,2531.6,2422.8,2509.7,2438.1,2486.35,2441.75,2459.3,2434.45,2438.9,2419.15,2429.35,2388.45,2434.45,2365.85
1-166,Uninfected,No_comment,Polygon,13,2554.2,2443.2,2530.8,2450.5,2506.75,2470.2,2498.75,2499.4,2506.75,2528.6,2521.35,2554.15,2546.2,2563.65,2573.9,2559.25,2600.15,2548.3,2614.75,2524.95,2616.95,2497.2,2608.95,2468,2588.5,2450.5
1-167,Uninfected,No_comment,Polygon,15,2438.1,2558.55,2464.45,2551.95,2488.5,2557.15,2517,2578.25,2523.5,2610.4,2522.05,2637.45,2514.75,2660.75,2503.1,2674.6,2483.35,2682.65,2462.95,2682.65,2440.3,2674.6,2420.65,2654.2,2408.2,2630.15,2406.05,2600.95,2422.05,2576.8
1-168,Uninfected,No_comment,Polygon,15,2337.4,2341.75,2360.75,2341.75,2389.2,2345.4,2404.55,2365.85,2414.75,2395.05,2417,2425.7,2406.05,2451.25,2384.85,2467.3,2358.6,2476.05,2322.8,2468,2299.4,2444.7,2292.1,2418.4,2295.05,2387,2308.9,2365.85,2324.25,2354.15
1-169,Uninfected,No_comment,Polygon,14,2569.5,2858.6,2553.5,2870.25,2537.45,2897.25,2541.75,2922.8,2554.9,2950.5,2573.15,2968.1,2604.6,2974.65,2632.3,2965.1,2651.25,2948.35,2657.85,2925.75,2651.25,2898.75,2631.55,2869.55,2609.65,2855.65,2592.15,2851.3
1-170,Uninfected,No_comment,Polygon,13,2880.5,2863.7,2861.55,2866.6,2841.05,2879.75,2826.45,2903.85,2820.6,2934.5,2826.45,2963.7,2844,2977.55,2862.25,2983.35,2898.75,2983.35,2924.3,2962.25,2934.55,2923.55,2929.4,2898,2910.4,2871.7
1-171,Uninfected,No_comment,Polygon,13,1518.6,2045.15,1551.4,2037.2,1583.2,2036.3,1604.5,2049.6,1615.05,2069.95,1612.4,2097.4,1602.7,2123.95,1576.15,2139,1551.4,2143.4,1523.05,2142.5,1500.9,2130.15,1485,2100.05,1499.15,2065.55
1-172,Uninfected,No_comment,Polygon,12,1780.55,2034.55,1814.25,2033.65,1849.65,2048.7,1861.15,2070.85,1859.3,2102.7,1845.15,2128.35,1823.1,2143.4,1792.05,2146.95,1757.6,2139.85,1731.9,2108.9,1734.6,2077.05,1754.95,2049.6
1-173,Uninfected,No_comment,Polygon,13,1873.5,2013.3,1846.1,2028.35,1819.45,2049.6,1813.25,2082.35,1824.75,2110.7,1846.9,2125.7,1874.35,2127.5,1910.65,2116.85,1934.6,2098.25,1948.7,2072.6,1939.85,2040.75,1920.4,2022.15,1900.05,2015.1
1-174,Uninfected,No_comment,Polygon,14,1930.1,2146.05,1959.35,2138.1,1986.75,2133.65,2009.75,2139.85,2030.15,2154.9,2039.85,2178.8,2032.8,2206.25,2016.9,2231,1992.05,2250.5,1965.5,2256.7,1945.15,2250.5,1915.95,2232.8,1900.9,2202.7,1907.1,2172.6
1-175,Uninfected,No_comment,Polygon,13,2014.25,2089.4,1989.4,2104.45,1970,2120.4,1965.45,2154.85,1968.15,2184.95,1995.55,2211.5,2026.6,2218.6,2056.65,2208.9,2082.4,2187.65,2096.55,2163.75,2100.9,2132.8,2079.7,2106.25,2053.15,2093.85
1-176,Uninfected,No_comment,Polygon,11,2181.45,2148.7,2160.2,2158.45,2145.15,2185.9,2144.3,2219.5,2160.2,2247.85,2181.45,2265.55,2210.65,2265.55,2234.55,2249.6,2245.2,2216.85,2238.15,2182.35,2219.5,2154.9
1-177,Uninfected,No_comment,Polygon,14,2039.85,2234.55,2067.35,2231,2096.55,2233.65,2115.95,2248.7,2126.65,2268.2,2129.3,2293.85,2120.45,2322.15,2101.8,2340.75,2075.25,2347.85,2045.15,2345.2,2020.45,2335.45,2000.05,2305.35,2000.9,2271.75,2019.5,2248.7
1-178,Uninfected,No_comment,Polygon,13,1546.95,2193.85,1578.8,2194.75,1607.1,2201.8,1626.55,2220.4,1631.9,2245.2,1630.1,2276.15,1611.55,2295.6,1585.85,2308,1555.8,2305.35,1526.55,2290.3,1515.05,2262,1518.6,2223.95,1531.05,2205.35
1-179,Uninfected,No_comment,Polygon,13,1622.2,2438.1,1608.05,2423.95,1599.2,2387.65,1604.5,2351.4,1623.9,2324.85,1647.8,2318.65,1674.35,2324.85,1694.7,2345.2,1703.55,2371.75,1700.9,2404.5,1693.85,2427.5,1676.15,2437.2,1648.75,2443.4
1-180,Uninfected,No_comment,Polygon,12,1832.8,2256.7,1809.75,2276.15,1789.4,2306.25,1785,2339.85,1800.05,2367.3,1829.25,2380.6,1858.5,2385,1891.2,2371.75,1911.55,2343.4,1912.4,2308,1900.05,2279.7,1869.05,2260.2
1-181,Uninfected,No_comment,Polygon,13,1896.55,2474.4,1922.15,2462,1955.8,2463.75,1976.2,2474.4,1986.75,2500.05,1986.75,2529.25,1972.65,2558.45,1946.05,2574.4,1924.8,2577.05,1895.6,2573.5,1882.35,2559.35,1879.7,2532.8,1883.2,2499.15
1-182,Uninfected,No_comment,Polygon,12,2024.8,2362,2006.25,2369.1,1987.7,2392.1,1977.9,2421.3,1980.55,2455.8,1998.25,2476.15,2022.15,2485,2048.7,2477.95,2070,2459.35,2080.55,2430.15,2077.05,2395.65,2058.5,2372.6
1-183,Uninfected,No_comment,Polygon,15,2092.95,2536.35,2120.45,2524.85,2153.15,2531.9,2181.45,2548.75,2193.9,2569.95,2202.75,2596.5,2203.6,2626.6,2192.1,2644.3,2169.05,2655.8,2144.3,2657.6,2118.6,2650.5,2097.4,2634.55,2080.55,2608.9,2074.35,2583.25,2080.55,2559.35
1-184,Uninfected,No_comment,Polygon,15,1938.95,2652.25,1947.8,2626.6,1969.05,2605.35,1997.4,2593.85,2032.8,2593.85,2062,2614.2,2071.7,2639,2071.7,2673.5,2058.5,2705.35,2039.85,2719.55,2016.9,2722.2,1993.9,2720.4,1975.25,2708.9,1951.35,2686.8,1943.45,2667.3
1-185,Uninfected,No_comment,Polygon,15,2112.45,2712.45,2082.4,2726.6,2071.7,2750.5,2069.05,2786.8,2079.7,2820.4,2100.1,2842.55,2122.15,2852.3,2150.5,2850.5,2179.7,2839,2192.1,2813.35,2200.95,2782.35,2192.1,2757.6,2178.8,2733.7,2150.5,2722.2,2129.3,2717.75