196,5312,2988
2-1,White_Blood_Cell,No_comment,Polygon,22,2880,1373,2927.55,1346.75,2960.6,1347.75,2995.55,1354.55,3024.65,1368.1,3049.9,1386.55,3081,1413.75,3100.4,1440,3111.1,1463.3,3116.9,1497.25,3105.25,1514.7,3082.95,1531.25,3061.55,1541.95,3032.45,1541.95,2994.55,1543.9,2963.5,1533.15,2923.7,1521.5,2895.55,1496.25,2874.15,1471.05,2866.4,1446.8,2863.5,1414.75,2872.25,1384.65
2-2,Uninfected,No_comment,Polygon,23,1396.85,2086.2,1428.8,2060.7,1457.55,2033.55,1469.7,2019.7,1478.25,2000,1486.75,1975.55,1509.6,1963.35,1533,1962.25,1555.9,1970.8,1566.6,1989.95,1570.25,2018.15,1562.85,2054.85,1546.85,2080.85,1521.85,2084.6,1510.7,2076.6,1491.55,2086.7,1468.15,2099.5,1463.35,2109.6,1453.8,2121.85,1437.8,2130.85,1407.55,2122.9,1398.95,2109.1,1396.85,2096.85
2-3,Uninfected,No_comment,Polygon,16,1356.95,2176.65,1365.45,2163.9,1384.05,2147.95,1409.05,2139.45,1441.5,2142.6,1460.65,2159.1,1468.1,2179.3,1462.25,2209.65,1450.55,2230.4,1437.25,2241.05,1413.85,2251.65,1387.8,2250.05,1366,2240.5,1353.75,2230.4,1346.85,2208.6,1348.45,2192.1
2-4,Uninfected,No_comment,Polygon,21,1472.9,2104.3,1467.05,2117.6,1464.4,2133.05,1470.8,2149.05,1479.3,2160.75,1480.35,2176.2,1477.7,2197.95,1479.3,2214.95,1489.4,2225.65,1510.15,2241.05,1534.1,2243.7,1547.9,2231.5,1555.35,2216.55,1567.6,2166.6,1567.6,2136.25,1565.45,2117.6,1553.75,2103.8,1541,2091,1525.55,2085.2,1503.75,2087.3,1482.5,2094.75
2-5,Uninfected,No_comment,Polygon,28,1464.4,1962.8,1467.6,1967.1,1469.7,1984.15,1460.15,2008.05,1447.35,2029.3,1430.35,2046.85,1406.95,2062.85,1389.9,2072.45,1355.35,2068.7,1344.15,2057.5,1334.6,2046.35,1332.45,2034.65,1326.6,2008.55,1319.15,1994.25,1310.65,1988.4,1316.5,1976.7,1326.6,1965.5,1344.7,1958.55,1364.4,1962.8,1375.55,1967.1,1381.4,1975.6,1388.35,1983.55,1397.9,1983.55,1411.2,1975.05,1419.7,1961.75,1429.3,1953.3,1443.1,1952.2,1451.1,1952.2
2-6,Uninfected,No_comment,Polygon,20,1587.8,2067.6,1586.2,2085.75,1586.2,2110.15,1585.15,2143.7,1585.7,2169.2,1596.3,2185.15,1614.95,2193.2,1637.25,2188.35,1653.75,2176.2,1665.45,2164.45,1681.4,2132.05,1694.2,2113.9,1702.7,2096.85,1702.7,2076.15,1695.8,2059.65,1685.7,2045.85,1669.7,2038.35,1644.7,2039.4,1615.45,2041.6,1598.95,2053.3
2-7,Uninfected,No_comment,Polygon,20,1581.4,1945.85,1583,1965,1581.95,1985.7,1587.8,2005.9,1601.65,2017.6,1619.7,2022.95,1640.45,2022.95,1662.25,2019.2,1679.3,2017.6,1692.05,2011.75,1698.45,1997.45,1696.3,1976.7,1699,1962.3,1703.25,1949.55,1688.35,1930.4,1669.7,1912.3,1656.4,1904.85,1630.9,1905.35,1613.85,1913.9,1598.95,1921.85
2-8,Uninfected,No_comment,Polygon,19,1705.35,2110.15,1712.8,2101.65,1723.45,2089.45,1744.2,2077.7,1766,2077.7,1782.5,2084.15,1796.3,2091,1807.5,2105.4,1819.2,2130.4,1813.35,2151.65,1811.2,2168.7,1788.9,2188.35,1764.4,2196.9,1738.35,2195.35,1721.3,2189.95,1701.65,2174.05,1692.05,2158.05,1697.9,2142.6,1700.55,2127.75
2-9,Uninfected,No_comment,Polygon,27,1717.6,1936.2,1736.25,1931.45,1742.1,1922.4,1743.7,1911.2,1759.1,1909.65,1769.2,1918.65,1787.25,1943.15,1798.5,1951.1,1804.3,1960.7,1807.5,1978.25,1808.6,1987.8,1814.95,2001.65,1807,2017.1,1800.05,2036.75,1795.8,2054.3,1779.85,2057.5,1754.35,2049,1733.05,2041.55,1720.8,2023.45,1724.55,2013.35,1732.5,2002.7,1719.75,1995.25,1711.25,1987.3,1714.95,1976.1,1723.5,1964.95,1722.4,1954.3,1717.1,1946.35
2-10,Uninfected,No_comment,Polygon,17,1844.7,1888.35,1830.95,1900.6,1822.95,1913.35,1817.65,1936.75,1815.5,1958.05,1834.1,1981.95,1848.45,1993.65,1863.4,2000.05,1880.4,1998.45,1893.15,1988.9,1906.45,1980.9,1918.7,1963.35,1922.4,1937.3,1915.5,1907.5,1902.15,1887.3,1888.85,1878.25,1861.75,1877.2
2-11,Uninfected,No_comment,Polygon,21,1852.25,1847.95,1841.55,1842.1,1826.1,1830.9,1816.55,1817.6,1812.3,1796.35,1818.15,1770.8,1829.35,1750.6,1842.1,1738.9,1853.85,1731.45,1863.9,1725.05,1896.85,1722.95,1921.35,1722.95,1939.95,1739.4,1950.1,1764.95,1951.15,1779.3,1945.3,1791,1934.7,1805.9,1931.45,1832,1916,1842.6,1890.55,1852.7,1870.25,1854.8
2-12,Uninfected,No_comment,Polygon,19,1929.3,1842.6,1924.55,1861.25,1928.25,1883.55,1937.3,1905.9,1948,1918.1,1963.9,1926.65,1989.45,1929.3,2008.6,1925.55,2022.4,1916,2034.65,1902.15,2046.9,1885.7,2046.9,1861.75,2040,1844.2,2030.45,1826.15,2016.05,1813.35,1992.6,1806.4,1961.75,1810.15,1951.15,1817.6,1937.85,1827.2
2-13,Uninfected,No_comment,Polygon,17,1795.25,1829.8,1795.8,1812.25,1791.05,1799.55,1780.9,1786.25,1767.6,1774.55,1753.8,1767.1,1732.5,1764.95,1703.8,1773.45,1685.7,1792.6,1674.5,1812.25,1679.85,1828.8,1687.35,1847.4,1698.45,1863.35,1732.5,1874.55,1752.75,1873.95,1771.35,1865.5,1784.1,1854.3
2-14,Uninfected,No_comment,Polygon,19,1719.2,1671.35,1727.2,1658.55,1741.55,1644.75,1760.7,1634.65,1781.95,1631.45,1804.85,1636.75,1825.6,1647.35,1836.8,1655.9,1846.85,1669.75,1849.55,1687.8,1841,1711.75,1830.4,1730.9,1817.1,1744.75,1796.4,1754.3,1770.25,1750.05,1739.95,1745.25,1728.8,1731.45,1719.8,1711.75,1716.05,1695.25
2-15,Uninfected,No_comment,Polygon,19,1905.9,1629.85,1922.95,1621.3,1933.6,1609.1,1950.6,1585.15,1964.95,1560.7,1963.9,1539.4,1955.4,1525.55,1940.45,1511.2,1907,1504.85,1877.75,1513.35,1855.4,1530.35,1836.8,1546.85,1821.35,1564.95,1816.55,1582.5,1814.45,1602.7,1823.45,1617.6,1835.15,1629.3,1852.75,1638.35,1865.5,1639.95
2-16,Uninfected,No_comment,Polygon,17,1775.6,1556.45,1757.5,1558.55,1743.1,1549.5,1729.8,1539.95,1714.4,1518.15,1708.55,1489.4,1722.35,1456.95,1744.2,1434.1,1771.85,1426.65,1809.1,1433.55,1824,1443.1,1834.1,1454.8,1838.35,1473.95,1836.8,1499,1830.95,1519.2,1808.6,1543.15,1797.95,1550.55
2-17,Uninfected,No_comment,Polygon,17,2015.45,1455.35,2008.6,1473.95,2006.45,1494.7,2011.8,1526.1,2024.55,1545.8,2036.25,1556.45,2064.95,1557.5,2096.35,1549.5,2123.5,1530.9,2135.2,1516.55,2142.05,1499,2142.05,1472.4,2134.1,1450.05,2108.05,1433,2082,1428.75,2060.2,1430.35,2041.55,1437.25
2-18,Uninfected,No_comment,Polygon,18,2082,1584.1,2091.05,1564.4,2108.6,1552.7,2130.95,1543.65,2160.7,1545.8,2177.75,1554.3,2187.8,1566.55,2199.05,1585.15,2202.2,1604.85,2200.6,1629.3,2190.5,1656.45,2174.5,1672.4,2151.15,1678.25,2125.6,1675.6,2110.2,1666,2094.75,1653.75,2084.1,1638.35,2076.15,1614.95
2-19,Uninfected,No_comment,Polygon,17,2150.65,1829.85,2158.6,1819.2,2171.35,1786.75,2164.45,1751.65,2152.75,1729.85,2136.25,1710.7,2099.5,1700.05,2081.45,1702.2,2060.75,1711.2,2052.2,1730.35,2047.95,1753.8,2048.5,1783.1,2059.15,1800.05,2076.7,1824.55,2092.1,1837.3,2112.85,1842.65,2131.5,1838.35
2-20,Uninfected,No_comment,Polygon,19,2338.4,1613.9,2346.35,1598.45,2358.55,1582.45,2371.85,1570.75,2405.95,1565.45,2430.95,1570.25,2445.3,1582.45,2457.55,1596.85,2473,1620.75,2480.9,1645.25,2482.55,1664.9,2478.85,1676.65,2466.05,1683.05,2440,1688.9,2412.35,1690.5,2382,1691.5,2357,1672.9,2344.75,1659.6,2337.85,1642.6
2-21,Uninfected,No_comment,Polygon,18,2317.1,1734.65,2309.15,1750.6,2311.25,1773.5,2322.4,1803.8,2336.25,1816.05,2366.6,1817.65,2390.5,1822.4,2405.95,1828.25,2426.7,1818.7,2443.7,1807.5,2449.55,1776.65,2437.3,1742.65,2428.3,1718.7,2408.55,1704.35,2383.55,1692.65,2368.15,1691.55,2343.15,1700.6,2336.25,1708.6
2-22,Uninfected,No_comment,Polygon,17,2292.1,1720.8,2310.2,1717.1,2321.85,1701.15,2322.95,1686.75,2324,1665.5,2313.4,1638.35,2294.25,1617.1,2261.25,1602.75,2236.2,1610.15,2223.5,1625.6,2214.95,1641.55,2213.9,1661.25,2218.15,1679.85,2225.6,1699.55,2239.95,1718.15,2256.95,1728.25,2267.1,1724.55
2-23,Uninfected,No_comment,Polygon,22,2440,1656.45,2435.25,1675.6,2431,1706.95,2434.7,1720.2,2446.4,1747.95,2449.5,1772.95,2456,1796.8,2462.3,1809.65,2488.45,1819.2,2510.75,1823.45,2525.6,1817.1,2537.85,1805.4,2548.5,1774.55,2552.2,1745.8,2545.9,1721.35,2535.2,1700.05,2526.15,1672.95,2518.2,1663.35,2499.05,1662.3,2476.75,1663.35,2463.95,1655.35,2453.85,1653.25
2-24,Uninfected,No_comment,Polygon,19,2322.45,1917.55,2312.3,1909.1,2304.35,1889.95,2304.85,1871.8,2312.3,1845.8,2326.7,1836.75,2338.4,1828.8,2359.65,1827.2,2375.6,1829.8,2394.75,1836.25,2404.9,1843.1,2417.1,1855.9,2418.2,1877.65,2410.15,1897.95,2400.1,1912.25,2385.15,1925.55,2362.85,1935.7,2344.75,1934.65,2335.2,1928.25
2-25,Uninfected,No_comment,Polygon,17,2525.05,1878.25,2536.25,1870.3,2562.35,1859.65,2590.5,1860.15,2619.2,1870.8,2633.1,1890.5,2642.1,1918.15,2637.35,1947.95,2623.5,1975.05,2601.65,1987.3,2571.9,1990.45,2549.05,1982.5,2535.75,1964.95,2528.8,1952.15,2519.2,1939.45,2510.15,1922.4,2507.55,1905.9
2-26,Uninfected,No_comment,Polygon,18,2487.85,1912.85,2502.2,1923.45,2509.15,1943.7,2517.1,1962.3,2528.3,1974.55,2532.55,1986.25,2529.9,2000.05,2520.85,2020.8,2502.2,2035.7,2470.85,2038.9,2439.45,2029.35,2421.85,2012.3,2409.15,1992.6,2400.6,1968.15,2410.15,1943.7,2422.45,1925.55,2438.4,1912.85,2457,1907
2-27,Uninfected,No_comment,Polygon,20,2558.1,2009.6,2547.95,2020.3,2537.35,2031.45,2532,2048.5,2530.4,2062.85,2535.75,2082,2543.7,2096.35,2554.9,2109.1,2570.3,2118.65,2590,2119.25,2602.25,2119.25,2621.9,2111.2,2638.95,2093.7,2647.95,2064.45,2642.65,2043.7,2630.9,2026.15,2619.2,2014.95,2606.5,2004.35,2587.35,2001.15,2563.95,2005.9
2-28,Uninfected,No_comment,Polygon,20,2675.65,1921.9,2667.65,1929.85,2659.7,1954.3,2661.8,1977.75,2666.05,2002.75,2674.55,2015.45,2686.25,2021.9,2700.65,2024.55,2715.55,2024.55,2729.9,2019.2,2744.25,2009.1,2758.6,1992.6,2769.8,1976.65,2771.9,1955.9,2773,1937.3,2760.7,1917.1,2742.65,1906.4,2731.5,1900.55,2709.1,1897.95,2693.2,1908
2-29,Uninfected,No_comment,Polygon,20,2819.25,1910.15,2827.75,1903.8,2843.15,1894.7,2859.7,1893.1,2876.2,1895.8,2885.2,1896.9,2899,1905.4,2908.1,1913.35,2919.75,1928.8,2932.05,1952.15,2934.15,1974,2919.75,2007.5,2897.45,2021.3,2879.35,2024.55,2846.4,2017.65,2825.1,2007.5,2813.4,1992.6,2804.35,1966.55,2803.85,1954.85,2815.55,1924.55
2-30,Uninfected,No_comment,Polygon,17,2831,2148.5,2827.25,2135.2,2841.1,2108.6,2856.5,2091.05,2882.6,2080.9,2908.1,2075.6,2941.6,2082,2966.6,2092.1,2979.4,2111.8,2986.85,2146.9,2978.85,2163.9,2958.65,2181.95,2932.6,2196.9,2906,2203.2,2876.2,2199.55,2854.9,2192.1,2841.1,2177.2
2-31,Uninfected,No_comment,Polygon,21,2644.25,2161.25,2660.2,2161.8,2680.4,2167.1,2701.7,2178.8,2717.65,2187.3,2741.6,2188.35,2766.6,2175.1,2777.25,2163.35,2787.4,2145.3,2790,2126.65,2780.4,2096.9,2770.35,2084.1,2757.55,2073.5,2740.5,2065.5,2707.55,2070.8,2686.8,2079.35,2667.65,2092.1,2648.5,2103.8,2627.2,2125.05,2621.9,2139.45,2626.15,2150.6
2-32,Uninfected,No_comment,Polygon,19,2599.55,2255.4,2596.9,2243.7,2601.15,2222.95,2611.3,2205.4,2622.95,2191.05,2635.2,2182.5,2653.35,2180.4,2667.65,2180.4,2692.65,2191.05,2707.55,2207.5,2713.4,2230.95,2712.35,2246.9,2708.6,2266.05,2697.5,2279.8,2680.95,2294.75,2658.6,2304.85,2639.45,2308.05,2621.9,2293.7,2612.85,2280.95
2-33,Uninfected,No_comment,Polygon,18,2893.7,2278.8,2895.3,2268.7,2902.2,2241.05,2910.2,2222.95,2922.45,2207.55,2952.2,2195.3,2966.6,2187.85,2989.45,2180.95,3005.95,2190,3020.3,2204.85,3027.25,2235.75,3021.4,2268.7,3011.25,2290.5,2986.8,2305.4,2960.2,2318.7,2937.35,2323.5,2913.4,2312.35,2897.45,2301.15
2-34,Uninfected,No_comment,Polygon,18,2858.6,2308.6,2851.15,2283.6,2838.9,2262.3,2819.75,2250.6,2797.45,2244.75,2775.6,2246.35,2757,2259.15,2738.4,2272.95,2722.95,2288.4,2718.7,2316.05,2719.75,2333.05,2729.85,2346.35,2758.05,2363.9,2786.25,2371.35,2800.1,2372.95,2818.2,2368.7,2833.6,2356.5,2846.9,2343.2
2-35,Uninfected,No_comment,Polygon,16,2823.5,2413.95,2833.05,2397.45,2849.55,2384.65,2864.45,2376.7,2894.25,2374.05,2909.65,2378.3,2929.9,2398.5,2932,2426.15,2924.05,2451.7,2912.85,2476.7,2887.85,2493.2,2868.7,2495.85,2848.5,2486.8,2834.15,2472.95,2826.7,2458.1,2821.35,2436.25
2-36,Uninfected,No_comment,Polygon,16,3102.25,2352.75,3127.75,2334.15,3156.5,2328.8,3179.9,2333.05,3193.75,2343.7,3207.55,2363.4,3211.8,2388.4,3206.5,2419.25,3197.45,2441.6,3179.9,2452.75,3143.2,2450.65,3116.6,2440,3101.7,2426.7,3091.05,2413.4,3092.1,2379.35,3095.85,2368.7
2-37,Uninfected,No_comment,Polygon,18,3238.4,2316.05,3233.1,2345.85,3232.55,2399.05,3237.35,2424.05,3249.05,2433.1,3263.4,2441.05,3284.7,2438.95,3297.45,2433.1,3308.1,2418.7,3318.75,2392.1,3317.65,2374.55,3323.5,2360.75,3325.1,2344.75,3317.65,2318.2,3307.05,2305.4,3294.8,2295.3,3277.75,2294.25,3266.05,2297.45
2-38,Uninfected,No_comment,Polygon,18,3330.95,2413.4,3325.65,2395.3,3331.5,2373.5,3341.6,2355.95,3354.9,2341.6,3375.65,2332,3394.25,2330.95,3414.5,2338.4,3435.25,2352.2,3450.65,2370.85,3460.75,2388.95,3453.3,2422.45,3444.8,2441.6,3426.7,2460.75,3405.45,2472.95,3376.2,2468.2,3353.3,2457.55,3341.05,2446.4
2-39,Uninfected,No_comment,Polygon,22,3111.8,2234.15,3110.75,2223.5,3116.6,2205.4,3127.2,2192.1,3143.75,2183.6,3158.05,2175.65,3170.35,2165.5,3194.75,2158.05,3213.9,2154.35,3238.4,2160.2,3252.2,2180.4,3262.85,2202.2,3261.25,2228.3,3251.7,2252.75,3243.2,2270.3,3228.8,2282,3207.05,2287.35,3179.4,2293.7,3158.05,2287.35,3138.35,2277.75,3121.95,2264.45,3113.9,2253.8
2-40,Uninfected,No_comment,Polygon,19,3117.7,2092.1,3114.5,2076.65,3107.55,2056.45,3109.65,2035.7,3119.25,2017.6,3142.7,1999,3164.5,2001.65,3175.15,2003.8,3196.95,2002.2,3214.5,2013.9,3226.75,2029.85,3237.35,2049,3236.25,2075.05,3225.15,2096.35,3204.9,2118.15,3184.15,2128.25,3163.95,2132,3144.3,2124,3131.5,2113.35
2-41,Uninfected,No_comment,Polygon,19,2996.95,2066.55,3009.7,2066,3032.05,2062.85,3046.95,2060.7,3067.7,2049.55,3079.4,2037.3,3084.65,2022.4,3081.5,1999,3073,1982.5,3065.5,1967.6,3051.75,1958.55,3024.05,1958.05,3000.15,1962.8,2979.35,1968.15,2961.3,1987.3,2950.6,2012.3,2951.7,2029.85,2958.65,2047.4,2969.75,2054.3
2-42,Uninfected,No_comment,Polygon,29,2901.2,1884.1,2904.35,1877.7,2898.55,1868.65,2905.45,1859.65,2906,1853.25,2915,1843.15,2923,1835.15,2936.3,1826.1,2957.05,1825.05,2980.95,1827.2,2995.35,1838.9,3007.05,1850.6,3017.65,1866,3029.9,1886.2,3042.7,1899,3054.4,1908.55,3058.1,1918.65,3050.1,1930.9,3050.1,1942.6,3037.35,1950.05,3027.8,1948.45,2999.6,1949.5,2983.65,1958.05,2958.05,1960.15,2949.05,1952.2,2941.1,1938.9,2930.45,1913.35,2916.6,1900.6,2904.35,1896.35
2-43,Uninfected,No_comment,Polygon,23,3108.65,1929.3,3118.2,1908.55,3126.2,1897.95,3140.55,1896.85,3145.35,1889.95,3156,1886.2,3171.95,1888.35,3200.15,1888.9,3223.55,1901.1,3236.25,1907.5,3244.3,1923.45,3249.1,1938.35,3242.15,1952.7,3228.3,1965.5,3224.55,1977.7,3213.45,1983.05,3203.85,1983.55,3187.35,1987.8,3161.85,1985.15,3143.75,1980.4,3118.75,1971.35,3096.35,1960.15,3104.9,1946.35
2-44,Uninfected,No_comment,Polygon,29,3057.6,1900.05,3048.55,1893.65,3040,1885.15,3032.6,1874,3024.6,1866,3018.75,1855.9,3017.65,1843.65,3017.65,1828.25,3019.8,1818.15,3028.3,1807.5,3037.35,1799.5,3047.45,1791.55,3058.1,1786.2,3067.7,1788.9,3081,1785.15,3096.95,1793.65,3106.5,1797.9,3118.75,1799.5,3127.25,1806.95,3140.05,1822.9,3146.4,1846.35,3138.4,1860.15,3137.35,1871.85,3131,1880.35,3118.75,1887.3,3111.3,1899,3107.55,1906.45,3084.65,1911.2,3070.35,1906.45
2-45,Uninfected,No_comment,Polygon,21,3195.85,1822.4,3203.3,1806.95,3215,1793.65,3242.15,1786.75,3256.5,1784.6,3276.2,1790.45,3298.55,1804.3,3307,1821.35,3308.65,1833.55,3312.85,1847.4,3309.7,1863.35,3309.7,1880.35,3305.45,1895.8,3294.3,1908.05,3270.9,1912.3,3252.8,1909.1,3242.7,1895.8,3227.8,1883.05,3214.5,1877.7,3200.65,1862.3,3194.8,1849.5
2-46,Uninfected,No_comment,Polygon,15,3454.4,1870.3,3441.65,1860.7,3432.05,1835.15,3439,1802.7,3461.3,1775.05,3501.75,1769.2,3523.05,1772.95,3539.5,1786.75,3551.2,1805.9,3556.55,1828.8,3551.2,1855.4,3540.55,1869.2,3516.65,1884.1,3493.75,1889.95,3466.05,1878.25
2-47,Uninfected,No_comment,Polygon,21,3420.35,1882,3423,1867.6,3416.65,1844.7,3418.75,1821.35,3427.75,1797.95,3437.4,1787.25,3441.65,1772.95,3438.45,1754.3,3417.15,1735.65,3393.75,1735.15,3375.7,1743.1,3361.3,1757.5,3342.15,1770.8,3328.85,1798.95,3323,1830.4,3329.4,1851.15,3324.6,1877.2,3326.75,1901.65,3359.2,1918.15,3383.15,1918.15,3408.15,1904.85
2-48,Uninfected,No_comment,Polygon,24,3719.3,2134.6,3708.65,2130.9,3698,2119.75,3676.7,2110.7,3663.95,2101.65,3657.05,2087.3,3658.65,2070.25,3668.2,2054.85,3681.5,2042.05,3701.75,2030.9,3718.75,2024,3739.5,2022.9,3764.5,2027.7,3777.8,2028.75,3782.6,2038.35,3777.8,2050.6,3786.3,2056.95,3781.5,2069.75,3785.75,2088.35,3782.05,2103.25,3770.9,2110.7,3764.5,2120.25,3754.9,2133.05,3740.55,2134.1
2-49,Uninfected,No_comment,Polygon,18,3497.45,2056.45,3516.1,2055.35,3537.9,2050.05,3551.2,2042.6,3563.95,2028.75,3567.7,2012.3,3562.9,1992.05,3553.85,1977.7,3538.95,1965.45,3506.5,1957.5,3477.25,1959.6,3461.8,1967.05,3446.4,1979.85,3436.8,1994.7,3432.55,2018.65,3440,2035.7,3450.65,2051.65,3474.05,2061.75
2-50,Uninfected,No_comment,Polygon,17,3433.65,2141.55,3450.1,2134.1,3468.2,2120.25,3481.5,2108.05,3492.65,2089.95,3494.25,2081.45,3503.85,2088.35,3523.55,2094.2,3540,2117.6,3553.85,2142.05,3554.9,2163.35,3545.35,2185.7,3519.25,2203.25,3494.25,2206.45,3470.85,2193.15,3454.35,2180.9,3438.95,2160.7
2-51,Uninfected,No_comment,Polygon,18,3585.25,2150.05,3592.7,2142.05,3612.9,2128.75,3635.25,2121.3,3662.35,2130.35,3677.8,2139.4,3697.45,2147.9,3708.65,2159.6,3718.2,2174,3712.9,2195.8,3703.85,2211.75,3682.6,2217.6,3653.3,2222.4,3632.55,2228.25,3604.4,2220.25,3582.05,2202.7,3578.3,2189.4,3578.85,2172.9
2-52,Uninfected,No_comment,Polygon,22,3903.85,2007.5,3898.55,1993.15,3898.55,1976.65,3908.65,1964.4,3919.85,1956.4,3937.4,1953.25,3968.25,1956.95,3990.05,1962.3,4007.6,1966.55,4019.3,1971.8,4031,1986.7,4033.65,2002.7,4032.6,2020.8,4020.9,2034.1,3996.4,2044.15,3973.55,2057.45,3952.8,2064.45,3941.1,2060.15,3932.6,2049.55,3929.4,2040.45,3920.35,2033.55,3915.05,2026.65
2-53,Uninfected,No_comment,Polygon,16,3806,2078.25,3807.6,2058.55,3818.25,2039.4,3833.65,2027.7,3845.9,2021.3,3878.85,2026.15,3897.5,2035.1,3913.95,2055.85,3918.25,2080.35,3917.15,2101.15,3902.25,2117.05,3877.25,2126.15,3855.45,2124.5,3832.05,2116.55,3816.65,2105.35,3810.8,2097.4
2-54,Uninfected,No_comment,Polygon,17,3713.95,1858.05,3705.45,1876.05,3711.85,1905.4,3723,1927.15,3735.8,1944.2,3768.75,1948.4,3785.25,1949,3803.85,1940.45,3816.1,1930.9,3826.75,1917.1,3829.4,1901.1,3829.95,1886.25,3818.25,1866.55,3806.5,1854.3,3777.8,1843.65,3750.15,1837.8,3726.75,1840.5
2-55,Uninfected,No_comment,Polygon,17,3902.25,1805.9,3888.45,1819.2,3874.1,1841.55,3871.95,1859.1,3870.9,1881.4,3883.65,1897.4,3896.95,1909.65,3918.25,1915.5,3944.85,1915.95,3970.9,1904.25,3985.8,1888.85,3991.65,1862.25,3991.65,1839.95,3981,1824.5,3968.25,1812.75,3951.75,1804.3,3920.35,1797.35
2-56,Uninfected,No_comment,Polygon,20,3751.7,1791.55,3761.35,1783.55,3766.1,1772.4,3770.85,1744.7,3783.15,1721.9,3802.3,1707.5,3823.55,1703.25,3842.2,1708.6,3864.5,1718.65,3880.5,1734.1,3890.6,1762.3,3885.3,1781.45,3872.45,1800.6,3857.6,1817.05,3826.75,1839.4,3804.4,1836.75,3783.7,1827.7,3764,1824.5,3751.25,1817.05,3745.4,1810.2
2-57,Uninfected,No_comment,Polygon,20,3616.1,1734.6,3619.25,1720.8,3636.35,1696.3,3652.8,1684.1,3675.15,1679.85,3707.1,1679.3,3731,1685.7,3741.65,1699,3746.95,1717.6,3750.15,1733.6,3750.15,1751.1,3740.6,1764.95,3728.9,1779.35,3709.2,1791.05,3695.35,1793.1,3668.25,1796.3,3649.1,1789.95,3633.65,1778.25,3620.9,1762.3,3617.2,1753.25
2-58,Uninfected,No_comment,Polygon,20,3482.05,1511.5,3493.1,1495.15,3503.1,1483.6,3512.6,1476.8,3526.25,1470.45,3535.2,1464.1,3544.7,1458.9,3569.95,1457.85,3595.2,1463.6,3608.9,1475.7,3616.25,1498.9,3614.15,1525.7,3609.95,1550.45,3593.65,1565.7,3571.55,1577.85,3549.4,1583.6,3518.35,1579.95,3501,1571.5,3491.55,1557.85,3484.15,1544.1
2-59,Uninfected,No_comment,Polygon,24,3456.25,1494.1,3467.85,1488.9,3483.1,1478.35,3505.75,1465.7,3517.85,1453.6,3526.8,1437.3,3531.55,1417.3,3524.7,1396.25,3514.7,1376.8,3495.75,1364.65,3483.65,1358.35,3459.4,1360.45,3441,1366.8,3425.2,1372.55,3403.65,1383.05,3393.65,1397.85,3385.2,1407.3,3385.2,1427.85,3392.05,1437.85,3399.95,1445.15,3404.15,1458.35,3411.55,1477.3,3419.95,1486.2,3433.1,1490.45
2-60,Uninfected,No_comment,Polygon,22,3315.2,1664.65,3316.25,1654.1,3327.3,1637.3,3339.45,1621,3349.4,1612.05,3374.15,1608.9,3387.85,1606.8,3404.15,1608.9,3418.9,1608.9,3433.1,1615.15,3444.15,1624.1,3451,1645.15,3447.85,1665.15,3441.55,1681.5,3427.3,1702.55,3410.5,1714.1,3392.6,1720.45,3369.95,1722.55,3345.75,1713.05,3332.6,1702.55,3319.45,1692.05,3317.3,1682.05
2-61,Uninfected,No_comment,Polygon,17,3702.6,1597.3,3721.55,1582.05,3744.7,1568.9,3773.65,1563.6,3793.65,1563.6,3812.6,1569.4,3828.9,1577.85,3849.4,1597.3,3854.15,1621.5,3845.75,1644.1,3831,1661.5,3803.65,1671.5,3773.1,1675.7,3743.65,1666.8,3722.05,1652.55,3705.2,1635.15,3701.55,1613.05
2-62,Uninfected,No_comment,Polygon,17,4059.4,1483.65,4050.45,1475.25,4038.85,1459.45,4031.5,1439.45,4036.75,1415.75,4046.25,1397.35,4065.15,1384.2,4088.85,1379.45,4118.35,1385.75,4142,1397.85,4151.5,1418.9,4156.25,1435.25,4147.3,1453.1,4130.45,1468.9,4119.9,1478.9,4097.8,1492.05,4088.35,1491.55
2-63,Uninfected,No_comment,Polygon,22,3927.3,1323.15,3933.55,1302.6,3930.95,1290.5,3939.9,1268.9,3950.95,1253.65,3966.75,1246.3,3987.3,1235.75,4011.5,1235.25,4036.25,1244.7,4052,1255.25,4069.9,1264.2,4082,1279.45,4086.75,1296.3,4083.55,1321.55,4072.55,1341.55,4053.55,1361,4036.25,1371.55,4009.9,1371.55,3984.1,1372.05,3959.4,1363.65,3945.2,1353.65,3934.6,1338.9
2-64,Uninfected,No_comment,Polygon,18,3826.25,1489.95,3828.35,1473.1,3836.25,1455.25,3850.45,1442.6,3874.1,1432.6,3895.2,1431,3916.25,1437.85,3932.5,1449.45,3944.1,1468.4,3940.45,1496.3,3935.7,1513.1,3923.05,1529.45,3909.9,1536.8,3888.85,1543.65,3863.05,1541,3846.25,1535.25,3833.55,1525.25,3829.4,1506.3
2-65,Uninfected,No_comment,Polygon,19,3747.8,1335.75,3751.45,1355.75,3757.3,1371.55,3770.45,1384.7,3795.2,1394.2,3817.3,1394.7,3852,1381,3867.3,1367.85,3879.4,1353.15,3885.7,1333.15,3879.9,1307.85,3872,1294.7,3855.7,1278.4,3835.7,1271.55,3807.3,1275.75,3789.9,1282.6,3770.45,1293.15,3757.8,1305.25,3751.45,1319.45
2-66,Uninfected,No_comment,Polygon,19,3647.3,1461.55,3637.8,1451,3630.45,1418.9,3636.25,1387.85,3648.85,1365.25,3663.55,1353.65,3680.45,1348.9,3707.8,1353.65,3722,1363.65,3744.65,1387.35,3754.15,1405.75,3753.05,1437.85,3746.75,1457.85,3737.3,1475.25,3720.95,1487.85,3702,1496.8,3678.85,1494.7,3663.55,1486.3,3653.05,1475.25
2-67,Uninfected,No_comment,Polygon,18,3689.1,1183.9,3680.3,1174.6,3673.05,1163.7,3672.55,1139.35,3681.85,1121.75,3696.4,1103.1,3707.8,1088.55,3732.15,1074.05,3746.65,1065.25,3769.45,1070.45,3783.4,1081.85,3792.75,1096.35,3788.6,1119.65,3779.3,1143.5,3763.75,1170.45,3750.25,1183.4,3732.15,1193.75,3712.95,1193.25
2-68,Uninfected,No_comment,Polygon,18,3776.15,1191.7,3782.4,1174.05,3792.25,1151.25,3806.75,1123.8,3821.25,1107.75,3837.3,1098.4,3852.85,1099.95,3864.25,1105.65,3876.15,1116.05,3887.05,1129.5,3893.25,1165.25,3892.25,1189.1,3878.25,1212.4,3857,1233.65,3841.45,1243,3822.8,1240.4,3795.35,1227.95,3785.5,1218.1
2-69,Uninfected,No_comment,Polygon,27,3560.6,1296.35,3556.5,1276.65,3563.75,1264.75,3567.35,1254.4,3574.6,1243,3582.9,1232.1,3594.3,1225.35,3605.2,1214.5,3618.65,1215.5,3630.05,1209.8,3642.5,1206.2,3656.5,1207.25,3670.45,1216.55,3681.85,1228.45,3691.2,1240.9,3690.7,1256.95,3688.6,1272,3676.15,1289.6,3666.3,1306.2,3657.5,1319.65,3649.25,1328.45,3639.4,1331.6,3629,1335.2,3611.4,1335.2,3597.4,1330.05,3581.85,1326.9,3568.4,1316.55
2-70,Uninfected,No_comment,Polygon,24,3519.7,1338.85,3525.9,1333.15,3536.25,1323.8,3546.1,1309.8,3542.5,1289.1,3539.9,1270.95,3539.9,1248.15,3529.55,1222.25,3517.1,1210.85,3492.75,1207.75,3469.45,1212.4,3451.8,1221.2,3439.9,1231.05,3425.9,1253.35,3417.1,1275.6,3415.55,1297.4,3420.75,1321.2,3433.7,1339.35,3444.55,1340.9,3453.9,1340.9,3463.75,1341.95,3477.2,1344,3485,1339.35,3500,1338.85
2-71,Uninfected,No_comment,Polygon,22,3452.35,1121.75,3452.35,1102.05,3468.9,1080.8,3482.4,1070.45,3503.1,1062.15,3525.9,1060.05,3554.9,1070.45,3566.3,1083.4,3577.7,1099.95,3583.95,1125.35,3582.9,1150.25,3573.05,1160.6,3566.85,1171.45,3553.35,1178.75,3547.65,1187.55,3536.8,1188.05,3524.35,1192.7,3505.2,1190.65,3483.95,1181.85,3471.5,1170.45,3459.6,1156.45,3453.9,1139.85
2-72,Uninfected,No_comment,Polygon,18,3878.25,1055.95,3874.1,1044.55,3875.1,1008.25,3887.55,990.15,3902.1,977.7,3914,960.6,3934.25,952.3,3947.65,952.3,3966.35,959.55,3979.8,970.95,3989.15,987.55,3987.1,1009.8,3984.45,1050.25,3976.15,1065.25,3957.05,1082.35,3933.15,1088.05,3908.3,1083.9,3898.95,1077.7
2-73,Uninfected,No_comment,Polygon,20,3797.4,1014.5,3795.85,996.85,3792.8,981.3,3784.45,971.5,3775.15,956.95,3764.75,945.55,3742.45,934.7,3715.55,932.1,3698.5,933.65,3676.65,943,3664.3,953.85,3653.35,973.05,3658,993.25,3677.7,1018.65,3695.3,1030.05,3719.7,1040.9,3745.1,1048.7,3757,1048.15,3769.4,1040.9,3781.4,1034.15
2-74,Uninfected,No_comment,Polygon,22,3778.75,912.4,3785.5,904.1,3791.7,883.4,3801,860.6,3811.9,848.7,3823.3,839.85,3838.85,836.25,3859.05,842.45,3873.6,847.1,3885,859.55,3893.75,881.85,3887.1,898.4,3889.6,911.35,3899.45,918.1,3901.55,934.7,3889.6,962.65,3866.85,976.65,3833.15,978.2,3818.7,974.6,3799.45,964.2,3788.05,946.6,3780.3,929.5
2-75,Uninfected,No_comment,Polygon,19,3782.95,883.9,3768.9,874.6,3758,865.25,3753.35,855.95,3762.2,824.85,3776.15,797.4,3798.95,783.4,3825.4,775.1,3848.7,776.65,3864.75,784.45,3883.45,798.4,3896.9,808.25,3903.65,820.2,3902.1,838.85,3895.3,854.9,3882.9,865.8,3860.1,878.75,3831.1,884.45,3806.2,890.15
2-76,Uninfected,No_comment,Polygon,20,3812.4,713,3816.05,697.95,3825.4,676.7,3844.55,665.3,3874.15,660.65,3906.75,667.35,3920.2,672.05,3958,730.6,3963.2,748.75,3962.75,772.05,3944.1,789.65,3932.7,795.9,3916.05,795.35,3905.15,782.4,3896.9,772.55,3880.3,766.35,3854.4,762.75,3840.4,756.5,3826.45,744.55,3817.15,733.15
2-77,Uninfected,No_comment,Polygon,17,3580.3,580.3,3580.3,562.2,3589.6,543.55,3611.45,528,3636.8,521.75,3679.3,517.6,3697.95,519.15,3716.6,532.65,3719.7,549.25,3716.05,566.85,3705.15,581.4,3690.7,598.5,3658,615.05,3630.1,620.2,3608.8,617.15,3593.25,608.3,3582.95,593.8
2-78,Uninfected,No_comment,Polygon,17,3481.85,814.5,3465.85,808.3,3452.35,777.25,3452.9,737.85,3460.15,712.45,3476.15,691.7,3507.3,680.3,3528.55,681.4,3551.35,693.8,3563.75,709.9,3575.15,736.8,3574.1,764.3,3567.35,795.35,3554.45,810.9,3538.35,822.85,3523.3,827.45,3506.7,823.85
2-79,Uninfected,No_comment,Polygon,17,3413.45,636.8,3409.35,601.6,3421.75,589.65,3437.35,576.7,3467.35,563.2,3492.25,560.15,3513.5,563.8,3533.15,578.8,3539.95,600.5,3535.8,637.35,3524.4,666.85,3507.8,677.25,3489.55,686,3466.85,682.95,3446.65,677.25,3433.15,670,3425.95,657.05
2-80,Uninfected,No_comment,Polygon,31,3279.75,788.6,3286,798.95,3304.65,809.35,3316.6,819.15,3332.1,814.45,3346.1,806.2,3357.5,794.8,3373.55,777.2,3383.9,753.35,3394.35,736.75,3394.8,710.85,3390.65,685.95,3387.55,675.15,3378.2,665.8,3367.35,661.15,3345.6,665.8,3337.8,659.05,3330.1,663.15,3322.8,668.85,3310.35,672,3301.6,678.2,3298.95,686.55,3290.65,695.85,3290.65,705.7,3281.85,714,3284.95,718.65,3279.75,732.15,3274.6,741.95,3277.25,753.85,3278.8,766.85,3272.5,777.7
2-81,Uninfected,No_comment,Polygon,21,3135.75,766.85,3149.2,764.75,3175.15,761.15,3182.9,755.9,3192.25,741.45,3192.25,718.65,3184.5,688.6,3178.2,665.25,3160.6,654.9,3145.05,651.75,3125.35,651.3,3111.4,657,3097.45,668.4,3084.5,687.55,3075.15,710.3,3083.4,720.15,3091.15,730.05,3100,741.45,3103.15,752.3,3111.9,758,3120.25,759.55
2-82,Uninfected,No_comment,Polygon,20,3097.45,751.3,3093.8,764.75,3086,779.3,3087.05,804.6,3096.35,815.55,3110.35,827.4,3137.8,830.55,3155.4,829,3179.25,826.95,3196.85,823.3,3208.85,810.85,3221.2,795.85,3232.6,783.4,3232.6,764.25,3230.1,749.25,3218.15,731.55,3195.9,721.25,3165.85,721.3,3133.75,731.15,3122.35,739.4
2-83,Uninfected,No_comment,Polygon,26,3141.45,645.6,3144,635.75,3146.65,625.9,3144,618.65,3136.75,608.75,3141.45,602.6,3147.15,589.1,3153.85,575.15,3171.55,567.35,3198.95,561.6,3222.3,564.25,3231.65,569.45,3245.1,579.3,3261.1,589.6,3271.55,601.55,3274.05,616.6,3269.45,640.35,3263.2,658.55,3262.65,670.95,3261.7,680.25,3247.65,680.25,3237.35,683.9,3213.95,688.05,3195.3,679.3,3179.75,667.9,3166.3,654.9
2-84,Uninfected,No_comment,Polygon,21,3288.1,562.2,3283.9,584.45,3284.95,610.3,3292.75,623.3,3304.65,638.35,3315.55,648.7,3329.55,653.85,3348.75,652.3,3363.2,650.2,3379.25,643,3389.6,635.2,3393.25,618.65,3401.6,600,3408.8,571.5,3410.35,547.15,3401.6,527.4,3378.2,518.65,3349.2,513.95,3332.6,522.8,3311.4,531.6,3298.95,542.45
2-85,Uninfected,No_comment,Polygon,32,3032.6,595.3,3022.3,586.55,2998.4,579.3,2995.9,564.25,2991.15,552.35,2990.2,539.4,2986.05,532.15,2989.6,531.6,2995.35,521.7,3004.1,511.9,3017.1,506.7,3023.85,500.5,3021.75,489.1,3043.5,489.1,3066.3,495.85,3090.2,502.6,3109.8,522.3,3120.7,538.35,3128,558.05,3127.45,579.8,3122.8,591.2,3124.85,601,3117.1,608.3,3116.05,612.4,3107.75,623.8,3090.65,624.85,3081.35,635.2,3071,636.25,3065.3,625.9,3058.05,619.15,3037.35,615.55,3031.05,605.7
2-86,Uninfected,No_comment,Polygon,18,2877.75,409.85,2867.9,430.05,2863.25,452.3,2867.35,472,2878.75,490.15,2897.4,504.15,2915.05,513.95,2934.75,513.95,2953.9,510.35,2968.95,501.55,2987.6,489.6,2997.4,468.9,2993.3,439.35,2983.45,416.05,2964.8,401,2935.25,392.2,2915.05,392.75,2902.6,396.35
2-87,Uninfected,No_comment,Polygon,16,2720.75,615.55,2714.5,603.1,2715.05,566.8,2732.15,526.95,2748.7,515,2780.85,505.15,2809.85,510.85,2830.05,530.05,2839.4,558.55,2838.85,586.5,2831.6,607.25,2820.2,633.15,2788.1,656.45,2767.35,653.85,2746.15,644.55,2733.15,636.25
2-88,Uninfected,No_comment,Polygon,19,2633.7,567.85,2642,561.65,2654.4,554.4,2667.9,543.5,2680.3,524.35,2681.9,496.35,2674.6,476.65,2663.2,463.2,2644.05,448.7,2620.75,441.95,2593.25,446.6,2568.4,462.15,2555.95,482.35,2549.75,511.4,2554.4,532.1,2564.8,546.1,2575.15,561.1,2589.65,571.5,2604.65,571.5
2-89,Uninfected,No_comment,Polygon,21,2682.4,384.95,2675.15,402.55,2668.9,417.1,2669.95,434.7,2675.65,451.3,2682.4,461.65,2692.75,476.65,2704.15,488.6,2725.9,497.9,2746.15,502.55,2767.35,498.45,2794.3,487.05,2811.4,467.85,2820.2,434.7,2817.1,409.3,2803.1,383.9,2774.1,369.95,2759.1,364.25,2723.85,366.3,2709.85,367.35,2700,369.4
2-90,Uninfected,No_comment,Polygon,22,3046.65,468.9,3038.35,453.8,3032.65,434.15,3040.95,409.8,3051.3,398.4,3065.3,389.1,3083.45,373.55,3094.3,361.65,3119.7,358,3141.45,364.75,3153.4,374.05,3164.8,389.1,3176.7,409.3,3176.2,441.95,3177.2,462.65,3164.8,480.3,3146.65,496.85,3130.6,504.65,3107.8,501,3087.6,494.8,3074.1,487,3062.7,480.8
2-91,Uninfected,No_comment,Polygon,20,2962.7,393.25,2956.5,379.25,2943.55,372.5,2935.75,363.7,2934.2,340.9,2938.85,321.75,2948.2,300.5,2962.2,289.55,2976.7,279.75,3003.1,278.75,3020.75,279.75,3038.35,290.15,3057,302.55,3063.25,332.6,3062.2,363.2,3050.25,378.2,3039.4,391.15,3015.55,404.1,2990.7,409.8,2973.6,403.6
2-92,Uninfected,No_comment,Polygon,22,2875.15,395.85,2881.35,390.15,2893.8,380.3,2904.15,365.8,2915.05,347.65,2919.7,326.9,2919.2,308.25,2911.95,287,2896.4,274.05,2870.5,264.75,2858.55,270.45,2842.5,275.6,2830.6,287.55,2812.45,300.5,2801.55,314.5,2794.3,338.8,2796.4,365.25,2799.5,377.2,2807.25,389.1,2822.3,396.35,2835.25,399.95,2850.8,398.4
2-93,Uninfected,No_comment,Polygon,20,2658.05,346.6,2651.8,337.3,2639.9,322.75,2634.75,299.95,2637.3,279.75,2651.3,252.8,2676.2,243,2690.15,235.7,2714,239.85,2729.05,240.4,2744.55,249.2,2758.05,255.95,2773.05,272,2778.25,290.65,2771,314.5,2758.55,335.7,2739.9,346.6,2718.15,352.3,2695.85,352.3,2682.9,350.75
2-94,Uninfected,No_comment,Polygon,38,2477.7,300.45,2486.5,307.7,2498.4,315.5,2501.05,326.9,2506.2,340.35,2510.9,344,2519.15,336.75,2528.45,339.35,2538.9,342.45,2546.65,330.5,2558.05,328.5,2562.65,319.1,2563.75,299.5,2573.55,288.1,2581.85,277.2,2575.6,263.15,2581.85,255.4,2584.5,240.95,2578.25,233.15,2583.4,219.1,2575.6,210.3,2565.8,207.7,2556,205.7,2554.4,198.4,2540.95,203.1,2524.35,205.15,2523.3,217.55,2515,215.5,2507.25,216.55,2499.5,223.25,2499.5,237.3,2487.6,239.85,2484.95,253.3,2486.05,261.1,2478.25,266.25,2485.45,272.5,2480.8,281.8,2480.35,290.65
2-95,Uninfected,No_comment,Polygon,20,2292.2,405.7,2293.3,395.85,2289.1,381.35,2293.75,356.45,2299.95,343,2314,328.95,2327.5,320.2,2354.9,319.1,2382.4,322.8,2403.6,333.65,2416.1,352.85,2421.8,379.25,2422.25,401,2414,419.1,2404.1,434.65,2382.4,451.75,2359.6,452.35,2337.3,448.15,2324.35,443.5,2310.4,433.65
2-96,Uninfected,No_comment,Polygon,22,2244.05,399.5,2258,395.85,2268.95,387.05,2279.25,371.95,2285.5,355.4,2289.65,339.9,2292.7,320.7,2290.65,297.9,2290.65,282.4,2282.4,269.95,2269.9,260.1,2258,251.75,2235.2,253.3,2215.55,265.25,2203.6,276.1,2194.8,296.35,2186.5,320.2,2183.95,333.65,2184.45,349.2,2192.2,369.95,2204.7,379.75,2216.55,385.45
2-97,Uninfected,No_comment,Polygon,22,2538.3,168.35,2544,145.55,2554.9,124.8,2581.85,114.5,2605.7,106.75,2637.8,104.6,2656,105.7,2665.8,113.4,2675.15,134.65,2674.65,168.85,2684.95,190.65,2687.55,211.4,2674.65,225.35,2649.2,239.35,2634.7,250.75,2616.6,256.95,2595.9,247.6,2589.65,237.3,2586.5,213.4,2577.2,204.1,2566.85,200.45,2549.75,191.7
2-98,Uninfected,No_comment,Polygon,23,2880.85,115.5,2874.1,131.55,2865.3,149.2,2859.6,166.3,2859.05,195.3,2873.6,211.9,2883.4,225.85,2893.8,237.25,2907.25,248.15,2918.65,253.85,2929,256.95,2947.65,259.05,2958.55,251.25,2971,243.5,2983.4,230,2991.2,219.65,2997.4,195.8,2989.1,162.65,2978.75,142.95,2967.35,127.45,2934.7,108.8,2914.5,105.15,2890.7,109.8
2-99,Uninfected,No_comment,Polygon,25,2797.4,184.95,2805.2,173,2814,155.4,2817.1,139.35,2811.9,123.3,2804.15,103.6,2797.95,86.5,2787.55,81.85,2781.85,73,2775.65,63.7,2767.35,63.2,2755.95,64.75,2736.25,67.3,2722.3,70.45,2711.4,79.75,2703.1,96.35,2696.9,108.8,2694.8,120.15,2700,133.65,2700,151.8,2697.4,174.05,2708.3,181.85,2733.7,193.25,2747.65,201.5,2759.05,201.5
2-100,Uninfected,No_comment,Polygon,16,3228.5,284.45,3206.25,287.05,3172.55,280.8,3151.3,266.8,3143,249.7,3136.8,219.65,3146.15,188.05,3168.95,165.25,3196.4,150.25,3225.9,148.7,3259.6,163.2,3275.15,190.65,3279.8,221.75,3272.05,247.15,3261.65,262.7,3250.3,274.6
2-101,Uninfected,No_comment,Polygon,19,3028.5,209.3,3020.2,198.95,3015.55,182.4,3012.95,165.8,3009.85,147.15,3018.15,131.6,3030.55,115,3039.9,99.5,3047.65,91.7,3059.05,86.5,3075.15,83.95,3096.35,89.65,3119.7,100.5,3139.4,132.65,3145.05,155.45,3132.1,195.35,3118.15,217.6,3090.65,230.05,3060.1,224.85
2-102,Uninfected,No_comment,Polygon,23,3347.7,431.05,3353.4,413.95,3356.5,396.85,3365.3,364.75,3364.25,335.7,3357.55,315,3343,298.4,3324.9,287.55,3288.1,282.85,3265.3,284.4,3237.85,304.1,3229.05,321.75,3230.05,353.35,3237.85,373.55,3247.7,391.7,3258.05,399.95,3276.7,408.25,3289.65,410.35,3301.05,417.05,3311.4,425.85,3324.35,435.2,3334.2,438.3,3343,438.3
2-103,Uninfected,No_comment,Polygon,29,3363.25,460.05,3369.45,453.35,3374.1,439.35,3373.6,426.9,3377.75,417.6,3382.9,409.8,3385.5,406.2,3404.7,397.4,3424.9,388.55,3452.85,376.15,3469.95,383.9,3479.8,390.65,3487.6,405.65,3496.9,426.9,3499,439.85,3494.85,446.6,3492.75,462.65,3488.6,470.95,3480.35,475.6,3479.3,489.1,3471.5,493.75,3473.1,504.1,3461.15,506.7,3448.75,516.05,3418.65,526.9,3396.9,521.2,3375.15,510.35,3363.25,495.3,3359.6,476.15
2-104,Uninfected,No_comment,Polygon,27,3497.9,506.2,3500,489.6,3496.35,474.6,3501.05,466.3,3510.35,462.7,3515.55,455.95,3522.8,451.8,3545.6,449.7,3550.75,442.45,3561.15,447.65,3570.45,452.85,3581.35,451.3,3591.2,460.6,3598.45,470.45,3606.75,479.25,3602.6,487.05,3597.35,507.75,3599.45,519.15,3591.2,527.95,3578.7,541.45,3566.3,552.85,3551.8,555.45,3526.95,563.7,3513.45,554.4,3506.7,546.1,3501.55,537.3,3498.45,527.45
2-105,Uninfected,No_comment,Polygon,21,3236.25,552.85,3224.85,545.05,3213.45,537.3,3199.45,524.85,3190.65,496.9,3190.15,473.05,3204.6,447.15,3232.1,429.5,3246.6,420.7,3272.55,420.7,3305.7,429,3327.95,439.9,3343,450.75,3347.15,471.5,3346.1,486.5,3336.75,503.6,3321.25,516.55,3305.7,528.5,3296.9,540.9,3285.95,553.35,3276.15,561.1
2-106,Uninfected,No_comment,Polygon,33,2915.55,620.15,2918.15,606.7,2929.55,599.45,2936.3,591.65,2943,583.4,2966.85,582.9,2992.75,581.35,3012.95,591.65,3025.4,607.25,3030.05,619.65,3035.75,626.95,3031.6,637.8,3038.35,647.65,3039.9,659,3034.2,668.85,3039.4,679.8,3026.45,686.55,3016.6,693.75,3020.75,701.55,3007.25,706.2,2997.4,703.65,2989.65,716,2976.15,715.55,2967.9,711.85,2954.4,718.65,2947.7,713.45,2942.5,700.5,2932.15,695.3,2924.35,687.5,2922.8,672.5,2913.5,662.7,2910.9,644,2912.45,631.05
2-107,Uninfected,No_comment,Polygon,21,2808.3,728.95,2811.4,714.45,2813.5,701,2816.6,687.5,2826.95,672.5,2836.3,660.1,2848.7,651.3,2864.25,651.3,2875.65,654.4,2891.2,664.25,2910.9,683.4,2918.15,697.95,2919.2,723.8,2918.65,740.35,2906.25,759.05,2897.4,769.4,2886,781.35,2862.7,784.4,2840.95,778.7,2829,769.95,2818.65,756.5
2-108,Uninfected,No_comment,Polygon,25,2962.15,715.95,2962.7,731.05,2953.4,740.9,2944.05,751.75,2934.2,761.6,2935.75,779.8,2939.4,788.6,2939.4,803.05,2952.35,814.45,2962.7,824.35,2979.8,828.5,2985.5,827.4,2998.45,832.1,3008.8,825.35,3019.7,821.7,3041.45,816.55,3050.25,805.15,3055.95,789.6,3059.6,769.95,3058.05,752.3,3051.3,736.25,3021.25,723.25,3006.25,718.65,2988.55,717.5,2980.25,716.5
2-109,Uninfected,No_comment,Polygon,17,2651.3,742.45,2666.35,712.95,2684.45,695.85,2704.15,686.55,2733.7,679.8,2756.5,691.65,2774.6,722.8,2777.75,747.15,2776.7,769.95,2765.3,789.1,2748.7,808.75,2729,816.55,2705.7,820.15,2687.55,815.05,2664.75,800,2655.45,785.5,2652.85,772.5
2-110,Uninfected,No_comment,Polygon,19,2417.6,487,2416.05,509.3,2420.75,532.6,2429,553.8,2439.4,569.9,2459.6,582.35,2487.55,591.65,2503.65,592.2,2517.6,585.95,2529,577.2,2536.8,562.15,2537.3,534.15,2536.8,505.65,2524.9,490.15,2500,470.95,2476.15,461.65,2451.8,463.15,2437.3,468.85,2428.5,473.55
2-111,Uninfected,No_comment,Polygon,21,2385,497.35,2394.8,516.55,2401.05,531.6,2408.3,544.5,2412.95,553.35,2406.75,568.9,2398.95,583.9,2387.05,600.5,2375.15,609.8,2352.35,615.5,2320.2,612.95,2302.1,604.1,2289.1,581.3,2282.9,561.6,2284.45,541.95,2295.85,526.4,2310.9,515.5,2318.65,506.65,2332.65,498.95,2344.05,498.95,2360.6,498.4
2-112,Uninfected,No_comment,Polygon,28,2031.1,656.95,2040.95,652.8,2046.65,659.55,2053.9,663.15,2062.7,662.15,2070.45,656.45,2081.35,658.5,2091.2,650.2,2101.05,641.4,2111.9,632.6,2115.55,611.35,2114.5,592.7,2108.3,579.75,2103.6,563.7,2082.9,551.75,2067.35,541.95,2051.8,532.6,2033.65,534.65,2022.3,541.4,2010.35,551.25,1999.5,559.55,1990.15,582.35,1987.05,597.35,1991.7,609.3,1993.8,615.5,1990.15,629.5,1997.4,635.2,2009.3,644.5
2-113,Uninfected,No_comment,Polygon,18,2087.55,386.5,2090.15,416.55,2093.8,453.85,2104.65,487,2126.4,509.8,2153.9,514.45,2188.1,503.05,2212.95,481.3,2222.3,460.05,2222.3,432.6,2205.2,397.35,2191.2,381.8,2178.25,360.05,2164.75,348.65,2147.65,340.9,2120.2,345.05,2105.7,354.35,2098.95,363.7
2-114,Uninfected,No_comment,Polygon,18,2786.05,817.6,2776.2,830.05,2767.9,845.6,2757.55,873.05,2762.7,900,2780.85,928,2798.45,944.55,2823.35,957,2859.1,957,2872.55,945.1,2890.15,930.05,2895.85,909.85,2891.75,873.05,2885,841.45,2868.95,820.2,2846.65,809.85,2826.95,807.25,2805.7,810.9
2-115,Uninfected,No_comment,Polygon,19,2588.1,1006.2,2604.7,1000,2625.9,982.9,2650.25,980.3,2673.05,983.95,2693.8,989.65,2710.9,997.4,2719.2,1011.4,2721.25,1028.5,2717.65,1047.15,2709.85,1061.65,2695.85,1073.05,2670.5,1075.65,2647.7,1070.45,2630.05,1063.75,2610.9,1055.95,2604.15,1048.2,2601.55,1038.35,2595.85,1029
2-116,Uninfected,No_comment,Polygon,20,2550.8,873.05,2542,880.85,2535.75,897.95,2535.25,921.75,2545.6,942.5,2555.45,959.6,2569.95,968.9,2587.05,978.25,2603.65,979.8,2623.35,976.7,2638.85,971.5,2651.3,962.2,2662.2,942.5,2658.05,909.35,2647.7,883.95,2628.5,874.1,2608.3,869.45,2589.15,874.6,2581.35,868.4,2572.55,864.75
2-117,Uninfected,No_comment,Polygon,20,2521.75,910.35,2528,898.45,2537.85,880.3,2544.05,866.3,2550.25,851.3,2546.15,811.9,2540.45,796.4,2526.95,778.75,2510.4,767.9,2487.6,764.25,2462.2,772.55,2447.7,794.8,2439.4,811.9,2432.15,832.65,2430.05,858.55,2442,885.5,2457.55,906.75,2469.95,915.05,2491.2,917.6,2500.55,913.5
2-118,Uninfected,No_comment,Polygon,34,2604.65,1173,2610.9,1177.15,2614.5,1196.35,2616.6,1208.25,2629,1214.45,2641.45,1218.6,2649.75,1226.4,2660.6,1219.65,2667.35,1218.05,2676.7,1223.3,2683.95,1217.6,2694.8,1211.4,2707.25,1201.5,2718.15,1191.7,2725.9,1180.3,2728,1172.5,2734.7,1168.9,2734.7,1147.65,2738.85,1141.95,2737.3,1130.55,2730.05,1117.05,2725.4,1102.05,2708.8,1104.65,2700.5,1101,2689.1,1100.5,2674.1,1106.2,2662.2,1107.2,2647.65,1108.25,2636.25,1122.75,2623.3,1119.65,2620.75,1130.05,2620.75,1143.5,2612.45,1155.4,2606.75,1163.2
2-119,Uninfected,No_comment,Polygon,21,3474.4,1680.2,3478.95,1666.15,3488.9,1651.75,3503.75,1641.75,3517,1635.2,3536.8,1632.25,3553.35,1637.2,3571.95,1643.9,3592.2,1652.5,3605,1665.8,3608.3,1683.9,3605.4,1707.95,3600.05,1726.05,3588.05,1739.3,3566.15,1747.95,3551.3,1747.6,3522.35,1740.95,3508.7,1733.1,3488.45,1722.75,3480.6,1713.3,3474.85,1695.5
2-120,Uninfected,No_comment,Polygon,18,2963.7,1662.4,2956.9,1675.65,2949.2,1692.95,2943.3,1712.4,2938.05,1736.15,2940.55,1760.25,2944.9,1779.35,2956,1792.95,2976.05,1795.4,2995.45,1795.75,3006.9,1789.25,3014.35,1776,3021.7,1760.85,3022.95,1725.35,3020.5,1698.2,3010,1677.2,3002.55,1663.6,2987.75,1660.85
2-121,Uninfected,No_comment,Polygon,24,2821.15,1560.05,2814.9,1574.25,2808.3,1589.9,2810.4,1604.15,2817,1611.75,2816.65,1627.4,2818.35,1642.7,2826.35,1653.45,2843,1663.5,2857.25,1666.3,2879.5,1663.85,2902.4,1663.5,2919.75,1653.8,2929.85,1639.9,2935.75,1621.15,2934.7,1603.1,2938.15,1590.6,2931.2,1572.2,2911.1,1561.75,2890.95,1553.45,2871.5,1550.65,2856.9,1558.3,2839.9,1563.5,2828.1,1562.45
2-122,Uninfected,No_comment,Polygon,25,2829.15,1634,2821.5,1644.4,2815.95,1661.8,2805.85,1675.3,2799.6,1698.6,2809,1714.9,2810.75,1727.4,2824.25,1732.25,2841.65,1726,2858.3,1735.05,2864.55,1743.4,2871.15,1748.25,2886.1,1751,2906.2,1747.9,2916.3,1738.15,2921.85,1727.4,2926.7,1711.45,2930.85,1687.15,2930.85,1660.4,2920.8,1640.6,2913.15,1630.2,2897.2,1619.4,2879.5,1613.15,2859.35,1615.25,2843,1621.85
2-123,Uninfected,No_comment,Polygon,23,2765.9,1744.05,2757.95,1753.1,2753.75,1759,2756.15,1782.95,2758.25,1799.3,2769.05,1814.55,2790.2,1831.55,2812.8,1839.55,2831.9,1840.95,2857.6,1836.45,2868.65,1827.05,2877.7,1819.4,2891.55,1802.05,2897.8,1780.2,2887.1,1765.25,2871.45,1752.75,2856.55,1737.8,2844.35,1729.45,2828.1,1731.85,2812.4,1734,2801.7,1731.9,2793,1731.55,2778.75,1732.6
2-124,Uninfected,No_comment,Polygon,23,2581.6,1623.9,2565.25,1634.45,2551.6,1648.15,2548.55,1670.8,2550.5,1689,2558.05,1703.45,2577,1714.8,2597.45,1722,2611.45,1719.35,2620.9,1716.3,2627.75,1717.05,2636.45,1722.75,2651.3,1726.1,2679.25,1723.15,2688.75,1714.8,2692.95,1700.05,2689.9,1683,2680.75,1663.3,2663.35,1652.65,2643.65,1640.95,2628.5,1626.1,2606.9,1620.1,2598.95,1620.1
2-125,Uninfected,No_comment,Polygon,21,2556.6,1640.95,2547.05,1629.6,2542.1,1617.1,2538.3,1582.6,2545.9,1565.2,2561.45,1556.85,2580.35,1552.7,2603.85,1549.65,2622.05,1555.35,2637.95,1562.15,2646.3,1568.95,2655.35,1579.6,2664.45,1589.4,2674.3,1598.5,2677.35,1618.95,2671.65,1638.3,2660.7,1664.8,2640.65,1671.25,2619.05,1672.75,2597.85,1668.2,2575.9,1658.35
2-126,Uninfected,No_comment,Polygon,40,2544.8,1822.7,2548.95,1815.2,2545.9,1806.45,2551.6,1795.5,2558.8,1790.2,2564.85,1783.35,2566,1771.6,2573.55,1762.55,2580,1758.7,2585.7,1754.55,2587.95,1747,2597.8,1743.15,2607.65,1745.1,2612.95,1740.2,2617.15,1731.45,2625.85,1735.65,2633.8,1741.3,2644.8,1741.7,2651.6,1743.15,2649.35,1756.45,2658.8,1759.9,2664.85,1766.3,2666,1780.65,2663.7,1797.75,2665.25,1811.75,2661.05,1820.1,2652.35,1826.15,2647.05,1832.6,2640.6,1839.45,2633.4,1840.5,2627,1845.85,2625.1,1851.55,2616.75,1850.35,2605,1854.6,2590.95,1860.45,2580.4,1856.85,2567.15,1854.6,2561.05,1845.85,2555.75,1843.55,2548.2,1834.1
2-127,Uninfected,No_comment,Polygon,18,2709.55,1676.55,2703.5,1670.15,2697.8,1657.25,2697.45,1639.05,2701.6,1617.1,2710.3,1601.55,2728.1,1592.5,2746.7,1585.65,2763.35,1584.5,2781.15,1590.6,2792.5,1596.65,2802.75,1608.75,2806.55,1635.3,2798.95,1659.55,2789.85,1671.65,2770.55,1683.75,2751.6,1688.7,2734.2,1685.65
2-128,Uninfected,No_comment,Polygon,25,2764.85,1450.45,2768.65,1464.05,2773.2,1476.55,2772.05,1492.85,2762.2,1504.95,2772.8,1531.5,2779.6,1545.5,2789.45,1553.45,2805,1557.65,2820.8,1562.7,2835.9,1561.95,2867.35,1552.9,2875.1,1545.9,2879.65,1529.2,2878.5,1503.1,2869.4,1487.15,2856.9,1469.75,2850.1,1463.3,2846.3,1454.95,2842.9,1448.55,2832.65,1441.35,2812.2,1436.4,2802.35,1440.95,2788.7,1440.2,2777.35,1444.35
2-129,Uninfected,No_comment,Polygon,22,2759.15,1447,2753.5,1439.45,2733.8,1428.85,2722.8,1428.85,2707.65,1436.4,2694.75,1444.35,2690.6,1452.7,2679.25,1470.9,2671.3,1483,2666.75,1499.3,2673.95,1520.9,2684.9,1529.95,2703.85,1536.05,2722.05,1540.2,2737.6,1542.45,2750.1,1538.3,2756.9,1530.75,2761.8,1513.3,2763.7,1504.95,2768.65,1492.45,2770.1,1474.3,2765.95,1459.15
2-130,Uninfected,No_comment,Polygon,28,2700.05,1217.75,2694.95,1232.25,2693.9,1248.2,2694.6,1262.35,2701.5,1273.55,2702.95,1279.35,2719.95,1279.35,2734.8,1278.65,2752.6,1280.1,2778.3,1275,2799.7,1273.55,2818.9,1262.35,2830.1,1250.75,2839.55,1230.45,2841.7,1213.8,2844.95,1206.55,2837.35,1191.7,2830.5,1179,2819.25,1166.3,2806.55,1153.3,2791,1156.2,2779.75,1154.35,2771.05,1155.8,2762.35,1163.05,2749.3,1166.3,2735.9,1173.95,2726.15,1197.85,2714.15,1207.25
2-131,Uninfected,No_comment,Polygon,29,2743.5,1318.85,2745.7,1306.2,2748.6,1295.3,2759.1,1289.5,2773.25,1285.9,2780.5,1284.45,2788.8,1279.75,2798.95,1276.05,2813.1,1281.2,2822.15,1276.85,2833,1270.3,2843.15,1270.3,2848.6,1275.4,2860.55,1279,2870.35,1284.45,2879.4,1291.35,2892.05,1312.7,2893.9,1333.35,2892.45,1345.3,2880.85,1362.7,2866.35,1377.2,2841.7,1395.3,2826.85,1397.15,2813.45,1391.35,2803.3,1374.3,2785.55,1367.8,2779.4,1353.65,2768.15,1342.05,2747.85,1332.25
2-132,Uninfected,No_comment,Polygon,35,2701.15,1336.6,2697.5,1347.5,2693.9,1359.8,2693.9,1375.75,2694.95,1388.05,2690.25,1400,2698.95,1407.65,2711.25,1405.8,2706.55,1423.6,2708,1428.3,2713.85,1431.05,2726.2,1427.45,2742.15,1432.5,2751.9,1440.5,2759.45,1451.3,2773.9,1445.05,2783.35,1441.45,2801.1,1439.25,2810.5,1436,2814.15,1428.65,2817.8,1421.4,2823.25,1411.6,2824.7,1401.1,2819.55,1393.1,2809.05,1385.85,2805.45,1376.8,2797.8,1372.45,2789.85,1368.8,2779.7,1356.15,2768.85,1344.2,2749.25,1334.75,2739.9,1327.9,2732.3,1326.1,2721.4,1330.8,2715.25,1334.8
2-133,Uninfected,No_comment,Polygon,27,2917.45,1080.75,2917.15,1072.05,2931.1,1059.9,2945.1,1052.8,2961.85,1046.9,2971.15,1045,2985.15,1051.25,2998.55,1063.35,3009.35,1083.2,3014.35,1105.9,3009.7,1113.35,3015.9,1118.6,3013.4,1129.2,3007.2,1140.65,3002.55,1158.7,2981.1,1174.85,2967.45,1181.35,2954.1,1180.1,2939.5,1187.25,2929.55,1182.3,2915.25,1168.6,2908.75,1155.6,2905.65,1134.45,2898.8,1129.2,2902.2,1123.6,2905.65,1116.75,2903.5,1099.7
2-134,Uninfected,No_comment,Polygon,27,3070.25,1132.3,3079.9,1117.4,3085.15,1106.85,3091.4,1094.1,3097,1084.15,3111.9,1079.5,3126.8,1078.9,3144.5,1080.45,3151.3,1089.45,3159.1,1096.9,3172.45,1106.2,3176.15,1121.75,3181.15,1137.9,3183,1150,3176.15,1164.3,3169.05,1175.45,3168.4,1189.45,3157.55,1200.3,3145.4,1208.4,3134.25,1214.3,3112.2,1212.75,3097,1203.4,3088.9,1191.6,3079.6,1183.55,3078.65,1173.3,3080.2,1160.25,3078.05,1145.05
2-135,Uninfected,No_comment,Polygon,35,3072.55,1276.35,3074.9,1284.65,3077.55,1292.9,3076.95,1308.6,3082,1324.55,3088.2,1334.35,3096.5,1333.15,3110.1,1336.4,3111.9,1342.9,3118.7,1342.3,3130.8,1345,3140.3,1349.4,3147.1,1345,3157.15,1338.75,3168.1,1339.95,3174.9,1343.2,3182.6,1339.65,3189.1,1328.4,3203.6,1320.7,3215.15,1313.35,3208.65,1301.8,3210.4,1287.6,3215.45,1274.6,3198.55,1266,3192.05,1256.2,3184.65,1248.55,3171.65,1243.8,3164.85,1239.35,3158.65,1237,3144.15,1227.55,3132.6,1231.65,3112.2,1234.65,3103,1238.2,3086.15,1254.45,3077.85,1258.9
2-136,Uninfected,No_comment,Polygon,22,2990.6,1260.35,3005.95,1245.85,3013.65,1234.05,3025.2,1230.8,3041.45,1225.75,3057.75,1223.7,3075.5,1226.95,3082.6,1231.95,3092.65,1242.6,3100.05,1257.15,3101.55,1280.5,3100.35,1296.75,3095.6,1320.15,3086.15,1337.9,3074.3,1352.1,3047.4,1362.15,3028.45,1364.5,3017.2,1355.05,3005.05,1344.1,2994.4,1326.35,2989.7,1305.95,2988.2,1289.65
2-137,Uninfected,No_comment,Polygon,28,2878.45,1283.15,2878.75,1268.05,2883.45,1257.1,2893.85,1246.75,2899.15,1239.65,2904.8,1229.6,2920.15,1229.9,2932.6,1226.05,2942.05,1225.15,2948.55,1231.1,2955.05,1234.05,2968.1,1237.6,2980.8,1243.5,2989.1,1257.7,3001.25,1269.2,3011.9,1281.95,3006.25,1293.15,3009.5,1305.9,3001.8,1320.65,2988.8,1330.8,2971.35,1337,2951.8,1334.65,2937.05,1337.9,2918.4,1336.4,2905.05,1332.55,2889.65,1327.95,2880.75,1315.3,2873.65,1303.75
2-138,Uninfected,No_comment,Polygon,16,3207.75,1472.45,3185.85,1462.35,3173.7,1456.65,3164,1438.05,3160.75,1401.6,3167.65,1367.6,3194.35,1347.35,3226.8,1335.6,3246.2,1342.1,3260.35,1354.25,3271.7,1379.35,3273.7,1400.4,3270.1,1415.8,3257.95,1434.8,3245,1455.85,3229.25,1467.2
2-139,Uninfected,No_comment,Polygon,16,3276.25,1518.5,3266.8,1506.8,3262.25,1473.55,3262.65,1446,3277.75,1422.25,3293.95,1412.8,3317.75,1409.4,3340.4,1412.45,3361.9,1417.7,3371.7,1433.2,3383.8,1456.65,3385.65,1482.25,3377.75,1503,3361.9,1517.7,3335.5,1530.55,3308.3,1533.2
2-140,Uninfected,No_comment,Polygon,21,3280.75,1527.15,3274.7,1540.75,3278.1,1565.25,3290.95,1580,3301.5,1586.4,3316.6,1592.8,3334.35,1593.2,3349.8,1588.65,3362.25,1591.7,3373.6,1589.05,3382.25,1583,3397.75,1578.1,3410.2,1573.55,3415.1,1547.55,3414.35,1529.8,3402.65,1509.4,3384.55,1498.85,3357.75,1494.4,3325.65,1496.3,3309.05,1504.2,3298.85,1511.4
2-141,Uninfected,No_comment,Polygon,23,3113.65,1630.55,3117.8,1613.6,3134.4,1595.85,3149.85,1583.8,3171,1578.5,3185.35,1575.1,3208.35,1577.35,3221.95,1582.65,3232.9,1588.3,3243.45,1590.95,3253.65,1609.8,3255.9,1628.25,3246.45,1651.35,3223.05,1666.8,3211.75,1675.85,3191.35,1676.6,3177.05,1674.35,3169.85,1668.7,3152.1,1669.45,3144.2,1667.15,3137.4,1660.4,3125.35,1651.35,3116.65,1643.4
2-142,Uninfected,No_comment,Polygon,24,3115.9,1526.05,3114.4,1537,3124.6,1544.15,3125.7,1558.5,3132.1,1566.05,3149.5,1572.4,3169.1,1577,3190.25,1570.55,3208.75,1573.2,3221.2,1575.1,3231.35,1569.8,3240.45,1561.15,3247.2,1549.8,3244.6,1531.7,3241.95,1510.55,3228.35,1486.4,3217.05,1474.35,3193.65,1469.05,3170.55,1472.35,3146.1,1476.6,3132.1,1485.3,3127.6,1496.25,3128.35,1511.3,3123.45,1520
2-143,Uninfected,No_comment,Polygon,33,3047.6,1744.55,3051,1738.15,3051.35,1724.15,3057.8,1718.9,3065.7,1712.1,3071.75,1705.3,3074.75,1691.35,3089.85,1685.3,3097.8,1683.4,3103.8,1675.85,3120.4,1672.1,3129.5,1671.35,3141.55,1667.85,3143.8,1679.65,3162.3,1680.4,3169.1,1693.2,3177.8,1700,3177.4,1713.6,3171,1730.6,3167.6,1740.4,3160.4,1743.05,3152.5,1746.8,3152.9,1757.4,3142.7,1758.9,3124.55,1766.8,3120.05,1774.35,3102.7,1775.1,3090.25,1773.2,3087.95,1767.55,3078.15,1772.1,3066.1,1770.2,3066.1,1761.9,3056.65,1756.6
2-144,Uninfected,No_comment,Polygon,19,2413.95,1392.5,2404.6,1407.2,2398.35,1423.75,2400.95,1443.8,2406.75,1461.25,2417.1,1477.3,2436.75,1491.2,2461.75,1499.2,2478.7,1496.05,2497.85,1485.35,2507.65,1473.3,2510.8,1451.85,2511.3,1429.1,2509.95,1414.35,2504.1,1400.55,2492.55,1386.7,2472.45,1375.5,2437.15,1371.95,2422.4,1380.85
2-145,Uninfected,No_comment,Polygon,17,2428.25,1297.85,2438.9,1275.95,2466.15,1256.3,2486.3,1254.1,2506.8,1252.75,2528.25,1261.7,2537.2,1273.7,2543,1290.7,2545.6,1307.2,2545.2,1324.15,2536.3,1337.6,2509.5,1361.25,2479.6,1362.1,2456.35,1354.1,2445.65,1343.4,2435.85,1328.2,2430.5,1315.25
2-146,Uninfected,No_comment,Polygon,20,2325.5,1341.6,2340.25,1346.95,2354.6,1370.15,2363.95,1391.6,2370.2,1410.35,2359.05,1426.85,2341.2,1444.7,2319.75,1460.35,2299.6,1472.45,2283.15,1475.15,2270.65,1473.75,2257.25,1458.55,2246.5,1439.8,2238.5,1422,2233.55,1396.05,2233.55,1368.85,2245.2,1347.85,2265.25,1335.35,2277.75,1332.65,2296.5,1332.2
2-147,Uninfected,No_comment,Polygon,27,2490.75,1517.5,2512.2,1493.9,2518.9,1478.2,2520.6,1471.05,2526.85,1467.5,2533.6,1462.15,2547.9,1450.55,2559.5,1447,2571.55,1444.3,2588.1,1447.45,2607.25,1459,2617.5,1457.65,2626.9,1473.75,2638.95,1478.7,2628.7,1488.5,2633.15,1500.5,2623.75,1522.9,2606.85,1540.25,2591.2,1544.35,2568.45,1550.1,2546.55,1554.15,2536.75,1559,2521.1,1554.15,2507.65,1555.9,2493.45,1557.2,2495.15,1542.05,2488.5,1527.75
2-148,Uninfected,No_comment,Polygon,18,2202.35,1180.4,2183.15,1202.75,2175.1,1226.4,2174.7,1242.45,2184.05,1263,2201.45,1294.25,2219.3,1309,2240.75,1319.7,2270.65,1318.35,2289.4,1310.3,2305.5,1294.7,2315.3,1268.35,2317.1,1241.55,2308.6,1224.15,2289.4,1200.5,2266.65,1186.2,2249.7,1180.85,2221.55,1182.65
2-149,Uninfected,No_comment,Polygon,14,2148.35,1144.7,2142.55,1128.15,2137.6,1103.15,2143.85,1077.7,2157.7,1052.25,2188.5,1029.95,2228.25,1025.05,2254.6,1041.1,2267.1,1068.35,2272,1098.7,2261.75,1127.3,2232.25,1154.95,2191.65,1163.45,2169.3,1163.45
2-150,Uninfected,No_comment,Polygon,26,2268.9,1175.05,2264.85,1159.85,2268.9,1141.55,2276,1125.05,2277.8,1105.85,2284.5,1084.4,2294.35,1067,2325.6,1054.05,2343.45,1050.95,2363.1,1053.15,2379.6,1065.2,2397,1083.5,2407.3,1108.95,2403.7,1125.95,2396.1,1138,2384.5,1151.85,2367.55,1170.6,2366.2,1192,2367.1,1212.55,2368.9,1226.4,2355.05,1234.85,2342.1,1235.3,2315.75,1222.8,2305.5,1201.85,2287.2,1191.55,2278.25,1186.65
2-151,Uninfected,No_comment,Polygon,18,2060.85,1262.55,2067.1,1255.85,2085.85,1242.9,2116.65,1238,2140.75,1246.05,2166.65,1257.2,2180.95,1276.85,2188.95,1304.05,2183.6,1327.75,2172,1342.9,2139.85,1363.45,2110.4,1366.15,2084.95,1361.65,2067.55,1351.4,2058.6,1335.75,2049.2,1321.95,2043.4,1301.85,2049.65,1284
2-152,Uninfected,No_comment,Polygon,19,2069.75,1229.5,2073.35,1216.1,2069.3,1193.8,2063.05,1172.35,2042.1,1155.4,2019.3,1148.7,1998.35,1148.7,1971.1,1153.6,1953.7,1168.8,1942.05,1193.35,1930.9,1210.3,1926,1231.3,1940.3,1259.45,1955.9,1273.7,1972.9,1279.05,2001,1280.85,2017.1,1276.85,2040.75,1267,2055.45,1249.6
2-153,Uninfected,No_comment,Polygon,18,1971.1,1101.4,1972.9,1077.7,1981.35,1051.85,2005.9,1032.65,2025.55,1024.6,2054.6,1026.4,2075.1,1034.85,2094.3,1045.15,2106.8,1061.2,2117.55,1088,2124.65,1111.65,2121.55,1129.05,2113.05,1144.25,2090.3,1153.15,2059.5,1154.5,2033.15,1154.05,2001.45,1142,1982.25,1126.85
2-154,Uninfected,No_comment,Polygon,24,2527.4,1117.45,2518.9,1126.3,2507.75,1141.1,2505.95,1159.4,2510.4,1170.55,2514.9,1197.8,2518,1220.1,2522.45,1238.4,2531.4,1252.2,2541.2,1263.85,2555.5,1272.35,2580.95,1274.15,2599.25,1267.45,2609.95,1257.15,2616.2,1243.8,2610.85,1225.9,2598.35,1189.25,2594.8,1173.7,2602.85,1162.5,2604.15,1150.9,2593.9,1129.05,2578.7,1119.2,2558.2,1110.25,2543.9,1109.4
2-155,Uninfected,No_comment,Polygon,17,2486.3,1146.45,2474.25,1139.75,2460.4,1133.95,2434.95,1132.15,2409.95,1141.1,2394.35,1151.8,2381.85,1174.15,2377.8,1193.35,2383.15,1219.65,2395.25,1233.05,2416.65,1244.2,2442.55,1252.2,2468,1242.4,2488.1,1229.05,2500.15,1211.65,2503.25,1191.55,2497,1161.65
2-156,Uninfected,No_comment,Polygon,17,2088.55,886.15,2078.35,875.55,2069.65,853.85,2074.7,818.4,2093.1,794.4,2111.05,775.1,2131.85,767.65,2156.75,770.9,2169.6,780.55,2188.55,795.8,2197.25,812.85,2200.05,834.55,2189.85,852.9,2175.6,878.75,2156.75,891.15,2131.35,900.85,2103.7,894.9
2-157,Uninfected,No_comment,Polygon,20,1864.5,935,1846.55,929.4,1830.85,917,1821.7,892.1,1821.2,859.35,1832.3,826.2,1847.05,808.2,1865.9,794.9,1885.3,793.45,1903.25,803.2,1913.35,819.35,1920.3,833.15,1931.8,844.65,1944.3,856.65,1953,874.1,1951.2,903.2,1943.8,917,1929.05,927.6,1900,934.5,1884.35,937.7
2-158,Uninfected,No_comment,Polygon,21,1769.6,894.9,1781.15,888.45,1796.35,871.8,1809.2,852,1815.25,833.15,1817.55,815.6,1809.7,791.7,1793.15,775.1,1774.25,764.45,1743.8,762.2,1722.6,766.75,1708.75,779.65,1697.75,796.7,1690.8,811.45,1687.1,826.2,1692.6,846.05,1699.6,859.35,1709.25,878.75,1721.7,887.05,1737.3,893.5,1748.85,896.75
2-159,Uninfected,No_comment,Polygon,24,1690.3,1020.65,1680.2,1014.2,1672.85,999.05,1677,971.8,1706.95,949.7,1736.9,937.7,1759.95,931.25,1777,929.95,1799.1,940.55,1817.55,949.7,1826.75,960.8,1837.85,976.45,1843.8,990.3,1839.15,1013.8,1831.8,1033.15,1816.15,1056.2,1801.4,1068.2,1778.8,1065.35,1768.7,1058.9,1764.55,1044.7,1752.05,1037.3,1740.15,1031.25,1727.65,1023.5,1709.65,1025.8
2-160,Uninfected,No_comment,Polygon,23,1829.5,1062.15,1835.5,1049.25,1845.6,1034.5,1856.2,1014.2,1859.95,996.25,1864.1,980.6,1873.25,964.95,1894.05,951.55,1920.3,942.85,1945.2,943.25,1961.8,951.15,1974.7,969.5,1985.7,994.4,1976.5,1036.4,1963.6,1058.9,1954.9,1081.5,1936.85,1098.15,1918.5,1107.35,1901.4,1107.35,1880.25,1102.7,1855.8,1095.85,1843.8,1089.4,1835,1079.7
2-161,Uninfected,No_comment,Polygon,17,1842.75,1219.45,1816.55,1209.25,1791.8,1194.7,1782.1,1172.85,1782.55,1152.95,1792.75,1131.6,1810.75,1115.1,1834.5,1108.3,1864.6,1108.3,1888.9,1119.45,1903.45,1133.05,1913.15,1144.7,1922.85,1169.95,1921.4,1191.3,1912.65,1209.25,1893.75,1220.45,1870.9,1220.9
2-162,Uninfected,No_comment,Polygon,22,1760.25,1140.35,1767.05,1131.6,1769,1113.15,1763.65,1103.9,1754.9,1089.85,1754.9,1083.55,1763.15,1074.3,1762.2,1054.9,1749.55,1039.85,1738.4,1033.55,1721.4,1030.15,1687.9,1031.6,1664.6,1038.4,1649.05,1058.75,1641.3,1078.2,1645.2,1101.5,1653.9,1123.8,1661.2,1135.45,1678.7,1150.05,1701,1158.75,1720.45,1157.3,1741.8,1151.5
2-163,Uninfected,No_comment,Polygon,16,1776.9,1380.95,1755.3,1368.35,1738.7,1346.25,1731.2,1326.65,1736.2,1288.95,1751.3,1266.85,1772.9,1257.3,1793,1251.8,1817.6,1256.3,1845.75,1272.9,1863.35,1289.95,1865.85,1317.1,1860.85,1341.75,1848.75,1366.85,1832.2,1381.95,1808.05,1386.45
2-164,Uninfected,No_comment,Polygon,18,1438.4,1349.2,1429.75,1336.8,1427.6,1309.2,1435.15,1285.45,1449.25,1270.85,1469.75,1258.9,1494.65,1254.1,1521.65,1257.35,1542.75,1257.85,1566.55,1270.85,1581.65,1292.45,1581.15,1326,1570.3,1357.35,1547.05,1370.85,1527.6,1373.55,1506.55,1371.4,1486.55,1363.3,1460.6,1363.3
2-165,Uninfected,No_comment,Polygon,18,1397.35,1365.45,1394.65,1346.55,1378.95,1325.45,1348.7,1300.05,1327.05,1295.15,1290.85,1299.5,1274.1,1313,1266,1327.05,1260.55,1347.05,1259.5,1367.05,1276.25,1389.75,1295.15,1407.05,1314.1,1420.05,1348.7,1427.6,1367.05,1424.85,1381.1,1420.6,1388.7,1404.85,1394.1,1389.2
2-166,Uninfected,No_comment,Polygon,19,1389.25,1437.3,1397.9,1422.7,1410.3,1397.85,1417.35,1375.7,1421.65,1363.25,1443.3,1362.15,1456.2,1362.7,1478.95,1366.5,1501.65,1373.5,1526,1383.8,1544.9,1396.2,1543.85,1435.15,1526.55,1459.45,1509.8,1475.15,1473.55,1485.95,1447.6,1488.65,1414.1,1478.4,1398.45,1463.25,1390.3,1449.75
2-167,Uninfected,No_comment,Polygon,17,1473.05,2320.55,1482.2,2299.6,1498.05,2287.35,1518.95,2278.7,1547.55,2283.8,1560.3,2293,1571.05,2313.9,1578.65,2336.85,1579.75,2357.8,1570,2380.25,1558.75,2398.1,1528.15,2417.5,1501.15,2420.05,1482.2,2413.9,1470,2401.65,1462.3,2380.25,1471.55,2341.45
2-168,Uninfected,No_comment,Polygon,18,1830.75,2486.7,1841.15,2462.45,1852.55,2452.05,1879.75,2442.65,1898.6,2437.2,1934.7,2445.6,1950.05,2453.55,1962.95,2468.4,1972.35,2496.1,1977.3,2515.9,1960.95,2550.55,1927.3,2570.35,1898.6,2578.3,1868.9,2571.85,1840.15,2561.45,1825.8,2547.1,1820.85,2524.3,1822.35,2504.5
2-169,Uninfected,No_comment,Polygon,20,2005,2611.45,2009.5,2589.65,2027.8,2567.9,2055.05,2558,2072.85,2555.5,2086.2,2559,2100.55,2564.9,2111.95,2576.8,2125.35,2597.1,2132.75,2619.4,2133.75,2643.65,2122.35,2675.3,2109,2689.2,2086.7,2696.6,2058.5,2700.05,2035.2,2694.6,2017.4,2682.75,2004.05,2663.45,1998.1,2639.65,2001.55,2629.3
2-170,Uninfected,No_comment,Polygon,16,2164.45,2742.7,2170.9,2724.85,2183.25,2703.05,2199.1,2691.7,2223.35,2691.2,2237.2,2697.15,2252.05,2715.95,2264.95,2728.3,2278.8,2755.55,2282.25,2779.3,2271.4,2796.15,2248.6,2807.05,2214.95,2800.1,2198.6,2793.15,2180.8,2782.3,2171.85,2767.45
2-171,Uninfected,No_comment,Polygon,19,2360.5,2681.8,2367.4,2670.4,2393.65,2660,2412.95,2655.05,2436.25,2659.5,2457.5,2670.4,2468.4,2683.75,2477.8,2708.5,2482.75,2732.3,2489.7,2758.5,2481.8,2777.85,2462.45,2791.7,2434.25,2799.1,2399.1,2796.15,2361.95,2782.3,2347.1,2755.55,2346.65,2732.75,2352.55,2709.5,2355.05,2693.15
2-172,Uninfected,No_comment,Polygon,20,2526.8,2589.15,2532.25,2580.25,2553.05,2575.3,2570.9,2576.8,2582.25,2583.7,2596.15,2582.25,2616.95,2581.25,2629.8,2589.15,2645.65,2600.55,2655.55,2630.75,2655.55,2657.5,2642.65,2682.75,2618.9,2697.6,2592.15,2708.95,2547.6,2698.6,2517.4,2683.25,2509,2660.95,2506.05,2635.7,2509.5,2611.95,2513.95,2601.55
2-173,Uninfected,No_comment,Polygon,32,2539.25,2510.5,2552.1,2519.9,2557.55,2534.25,2545.2,2549.6,2552.6,2555.05,2566.95,2552.55,2576.85,2564.95,2587.25,2574.85,2591.65,2567.9,2599.1,2561.95,2615.9,2563.95,2634.25,2570.4,2638.7,2561.95,2649.1,2561.5,2658.05,2558,2663.45,2550.1,2670.45,2536.25,2678.8,2521.4,2685.3,2507.5,2683.3,2497.1,2677.35,2487.7,2666.4,2483.75,2658.5,2469.4,2641.15,2464.95,2622.4,2465.95,2601.05,2458.5,2589.2,2455.55,2578.8,2472.35,2562.5,2471.85,2547.15,2479.3,2554.05,2490.7,2552.1,2502.05
2-174,Uninfected,No_comment,Polygon,17,2510.45,2534.25,2514.5,2523.85,2511.5,2509,2507.05,2482.75,2499.65,2463.95,2484.3,2452.05,2469.45,2443.65,2445.1,2442.65,2422.85,2448.6,2408,2462.95,2393.15,2482.25,2398.1,2514.95,2410.45,2540.2,2425.3,2557.5,2468.95,2570.4,2485.2,2564.95,2497.6,2556.05
2-175,Uninfected,No_comment,Polygon,19,2724.35,2639.2,2729.3,2627.3,2740.75,2608.5,2755.1,2596.15,2776.3,2588.2,2798.65,2588.7,2816.45,2598.6,2831.35,2612.45,2843.2,2632.25,2852.55,2661.5,2847.1,2693.65,2835.3,2706.05,2800.15,2719.9,2776.8,2721.9,2758.05,2713.95,2744.15,2705.05,2734.25,2687.7,2728.8,2676.35,2727.85,2663.95
2-176,Uninfected,No_comment,Polygon,17,2897.6,2886.75,2901.55,2868.45,2911.95,2842.2,2922.35,2821.9,2946.1,2806.55,2966.9,2797.65,2984.25,2796.65,3006,2802.1,3025.3,2813.95,3036.7,2842.2,3030.75,2880.3,3017.9,2910,2986.2,2931.8,2956,2942.7,2936.7,2941.2,2916.9,2929.8,2903.55,2914
2-177,Uninfected,No_comment,Polygon,15,2775.8,2824.35,2771.85,2807.55,2768.9,2788.25,2778.3,2761.5,2796.6,2737.75,2821.85,2725.85,2856.5,2727.35,2877.3,2741.7,2884.25,2768.9,2882.25,2798.15,2871.35,2818.9,2853.05,2840.2,2827.3,2850.6,2812.45,2849.1,2793.15,2842.7
2-178,Uninfected,No_comment,Polygon,17,2766.9,2848.65,2759,2829.3,2745.1,2809,2725.3,2801.6,2705.5,2798.6,2685.7,2801.6,2667.9,2813,2653.55,2837.25,2646.1,2860.5,2653.05,2889.7,2675.3,2918.45,2695.1,2929.8,2715.9,2932.3,2745.1,2920.4,2761.95,2910.5,2771.85,2894.15,2775.8,2863.5
2-179,Uninfected,No_comment,Polygon,18,3069.45,2683.25,3059.05,2700.05,3052.1,2734.7,3059.55,2768.4,3082.75,2797.1,3102.55,2819.4,3129.85,2834.25,3171.95,2845.6,3184.8,2837.7,3182.75,2821.85,3172.85,2807,3172.85,2780.75,3168.4,2743.65,3163.95,2722.85,3150.6,2697.6,3131.3,2679.75,3110,2676.3,3094.2,2673.35
2-180,Uninfected,No_comment,Polygon,18,3163,2515.95,3164.95,2496.6,3172.4,2473.85,3184.75,2460,3203.1,2451.1,3231.75,2451.1,3245.65,2452.05,3269.35,2464.45,3281.75,2483.75,3288.25,2513.95,3276.8,2548.6,3266.95,2563.95,3237.25,2580.3,3217.45,2583.75,3194.65,2579.8,3183.3,2568.9,3173.4,2543.65,3167.95,2532.25
2-181,Uninfected,No_comment,Polygon,20,3144.65,2531.75,3154.55,2553.05,3160,2575.35,3173.85,2591.2,3182.3,2603.05,3179.8,2622.35,3168.85,2641.7,3149.1,2653.05,3128.35,2659.5,3095.15,2651.1,3074.85,2640.7,3058.45,2624.85,3048.15,2593.65,3047.65,2568.9,3054.55,2547.1,3063.95,2529.3,3079.8,2518.4,3103.1,2515.45,3117.45,2519.4,3130.8,2523.85
2-182,Uninfected,No_comment,Polygon,17,3598.65,2443.6,3588.25,2428.25,3588.75,2400.55,3598.65,2377.75,3612.5,2363.9,3627.85,2354.5,3648.65,2356.5,3666.95,2362.9,3687.75,2371.35,3703.1,2383.7,3715,2405.5,3714,2425.8,3706.55,2439.15,3693.7,2451.05,3671.4,2460.45,3651.15,2464.4,3620.45,2459.45
2-183,Uninfected,No_comment,Polygon,22,3627.35,2254,3621.4,2273.3,3618.95,2292.6,3623.9,2309.45,3635.8,2327.75,3649.15,2338.65,3680.35,2349.05,3707.55,2358.45,3733.3,2354.5,3744.7,2349.05,3754.1,2336.7,3760.55,2320.85,3760.05,2298.55,3756.6,2281.25,3749.65,2264.9,3734.8,2253,3717.45,2242.6,3697.65,2235.2,3686.3,2230.25,3667.45,2232.7,3661.5,2240.15,3642.2,2244.6
2-184,Uninfected,No_comment,Polygon,19,3937.3,1560.6,3939.1,1547.15,3950.25,1531.45,3957.85,1516.2,3976.75,1502.3,3997.85,1497.8,4012.65,1500.5,4027.9,1504.1,4043.55,1519.75,4050.7,1544.9,4050.7,1562.35,4040.9,1578.05,4035.5,1599.6,4031,1613.95,4003.2,1622.45,3982.15,1626.5,3960.6,1619.75,3944.45,1609.9,3934.15,1578.5
2-185,Uninfected,No_comment,Polygon,16,3303.6,965.55,3299.6,950.05,3307.05,913.85,3321.95,889.1,3349,873.6,3366.25,864.4,3399.6,865.55,3417.4,873,3429.45,884.5,3442.1,914.4,3443.85,942.55,3431.2,967.3,3403.6,988.55,3388.1,998.3,3350.15,997.15,3325.45,988.55
2-186,Uninfected,No_comment,Polygon,20,3142.1,1052.35,3127.15,1043.7,3117.4,1027.65,3111.05,1008.65,3115.1,976.45,3124.3,956.35,3137.5,938.55,3149,928.75,3166.8,920.15,3187.5,928.75,3200.65,929.9,3211.05,934.5,3226.6,948.9,3237.5,967.3,3239.25,1003.5,3228.3,1023.6,3215.1,1034.5,3199,1050.05,3185.2,1062.1,3154.15,1058.65
2-187,Uninfected,No_comment,Polygon,19,3189.8,1128.8,3191.5,1112.7,3201.8,1093.15,3209.3,1079.35,3223.7,1065,3240.4,1055.2,3258.2,1048.9,3278.3,1051.2,3294.4,1058.65,3305.3,1069,3312.8,1085.65,3313.95,1107.5,3304.75,1125.9,3292.7,1142,3277.75,1169,3249,1182.25,3226.6,1178.8,3205.9,1170.15,3196.7,1159.25
2-188,Uninfected,No_comment,Polygon,18,3112.2,972.45,3100.15,969.6,3088.05,970.15,3080,962.7,3070.85,948.3,3059.35,932.2,3068.55,894.85,3076.6,870.15,3097.25,853.5,3126,844.85,3156.45,844.85,3190.35,849.45,3202.45,872.45,3196.7,903.5,3189.8,927.65,3174.3,940.9,3152.95,956.4,3138.7,965.6
2-189,Uninfected,No_comment,Polygon,17,2041,171.05,2041,157.75,2041.6,137.5,2054.3,108.6,2079.15,97.65,2102.3,98.2,2129.4,107.45,2150.25,127.1,2160.1,151.95,2162.35,188.95,2156.6,212.1,2145.05,229.45,2121.35,238.1,2102.85,236.95,2076.8,225.95,2064.15,208.05,2055.45,187.25
2-190,Uninfected,No_comment,Polygon,18,2015.6,180.85,2000.5,173.35,1971.6,171.65,1937.5,182.05,1919,198.8,1910.4,233.5,1915.6,255.45,1927.7,273.35,1950.85,294.15,1965.85,300.55,1989.55,301.1,2017.3,295.9,2042.7,287.25,2054.3,276.85,2066.4,257.75,2060.65,235.8,2048.55,215,2039.3,195.9
2-191,Uninfected,No_comment,Polygon,15,1693,650.55,1695.7,637.65,1711.3,617.75,1743.55,601.05,1768.8,602.15,1800,610.75,1812.9,628.5,1816.15,652.7,1812.35,683.85,1798.95,705.9,1765.6,719.35,1744.1,717.2,1723.1,710.2,1705.4,697.85,1694.1,681.7
2-192,Uninfected,No_comment,Polygon,18,1655.9,601.6,1638.7,597.3,1627.95,576.9,1617.2,561.3,1619.35,535.5,1632.25,512.35,1651.1,493.55,1677.4,482.8,1704.85,482.25,1733.85,491.4,1751.6,506.45,1764.5,540.3,1759.7,566.65,1749.45,579.55,1732.8,587.65,1709.7,597.85,1697.3,607,1670.95,608.05
2-193,Uninfected,No_comment,Polygon,13,1332.25,664,1344.65,696.25,1362.9,711.85,1381.2,720.95,1411.3,720.95,1434.4,715.05,1447.3,706.45,1461.3,689.25,1467.2,665.05,1461.85,636.55,1444.65,615.05,1430.65,606.45,1380.1,600.55
2-194,Uninfected,No_comment,Polygon,16,1193.5,1732.6,1197.65,1716,1209.45,1696.5,1231.4,1681.7,1261.55,1674,1305.9,1685.85,1325.5,1700.65,1337.9,1722.55,1341.45,1748.55,1335.55,1769.85,1313,1796.5,1278.75,1805.4,1249.1,1797.7,1221.85,1787.6,1212.45,1774,1200.6,1755.1
2-195,Uninfected,No_comment,Polygon,17,2076.1,2150,2068.7,2134.6,2068.7,2100.55,2086.7,2080.3,2109.1,2067.05,2157,2062.25,2181.4,2073.95,2203.25,2093.6,2211.7,2115.4,2205.85,2136.2,2198.95,2153.75,2187.25,2163.8,2159.1,2175.55,2129.25,2179.8,2115.45,2184.05,2095.25,2180.35,2081.95,2172.35
2-196,Uninfected,No_comment,Polygon,29,2478.05,2384.3,2477.7,2363.05,2490,2353.75,2500.85,2347.2,2506.6,2335.65,2523.65,2331.4,2527.9,2327.9,2551.45,2326.75,2563.05,2331,2578.85,2345.3,2584.25,2351.05,2581.55,2359.55,2587.3,2369.6,2591.95,2382.35,2582.75,2392,2580.8,2404.75,2576.95,2413.6,2566.1,2417.85,2561.9,2428.7,2559.15,2438.35,2544.9,2441.8,2533.3,2449.15,2523.65,2449.15,2512.45,2443.75,2497.4,2439.5,2480.75,2426.35,2481.2,2418.65,2466.5,2406.65,2460.7,2400.1