190,5312,2988
3-1,Uninfected,No_comment,Polygon,16,2761.4,2416.6,2771.1,2399.5,2788.3,2386,2815.95,2375.55,2842,2383,2861.4,2397.25,2874.1,2415.85,2881.6,2439.05,2878.6,2462.9,2868.9,2484.5,2855.5,2494.95,2825.65,2499.5,2793.5,2497.2,2775.6,2483.05,2762.9,2465.1,2760.65,2439.05
3-2,Uninfected,No_comment,Polygon,16,2549.85,2641.8,2551.6,2620.55,2560.5,2604.05,2571.6,2589.8,2591.6,2575.15,2620.05,2574.3,2640.5,2580.55,2665.4,2591.15,2672.95,2610.25,2675.15,2639.15,2668.05,2661.8,2650.75,2685.8,2622.3,2697.4,2589.4,2695.6,2566.7,2680.05,2556.95,2664.05
3-3,Uninfected,No_comment,Polygon,17,2468.5,2396.05,2474.7,2375.15,2483.6,2357.85,2517.4,2334.7,2541.85,2334.25,2562.7,2340.9,2574.3,2352.05,2579.6,2371.65,2577.85,2396.05,2571.15,2417.85,2560.95,2438.7,2546.7,2455.15,2525.4,2461.8,2504.5,2462.3,2486.7,2452.9,2470.3,2438.7,2467.15,2416.5
3-4,Uninfected,No_comment,Polygon,20,2625.85,2342.25,2614.3,2353.85,2610.3,2368.05,2599.6,2387.65,2592.95,2408.1,2592.5,2426.7,2592.5,2448.1,2602.75,2459.6,2617.85,2472.9,2636.95,2477.8,2665.85,2476.5,2687.6,2464.5,2704.05,2444.1,2714.75,2420.9,2714.75,2396.9,2708.5,2374.7,2695.15,2353.85,2675.15,2342.7,2658.75,2336.5,2640.95,2336.5
3-5,Uninfected,No_comment,Polygon,14,2385,2743.45,2381.2,2726.6,2379.1,2697.15,2400.95,2669.85,2439.6,2659.75,2465.65,2655.55,2488.35,2666.95,2500.95,2679.1,2508.55,2703.45,2503.5,2734.2,2490.05,2754.75,2464.85,2766.9,2429.55,2766.5,2404.3,2760.2
3-6,Uninfected,No_comment,Polygon,19,2326.15,2763.2,2333.75,2753.95,2344.25,2742.95,2356,2724.1,2361.05,2701.85,2355.6,2677,2345.05,2652.6,2330.35,2637.1,2310.2,2630.35,2287.5,2631.6,2267.35,2638.4,2248.45,2653.95,2237.9,2677.4,2228.7,2698.05,2231.6,2723.2,2246.75,2747.15,2257.65,2761.05,2284.55,2766.5,2313.15,2766.5
3-7,Uninfected,No_comment,Polygon,17,2070.85,2719.05,2060.85,2711.7,2050,2702.15,2045.2,2677.75,2052.6,2653.4,2063.5,2634.7,2077.4,2618.65,2093.5,2610.4,2110,2604.7,2132.6,2608.65,2147.4,2619.05,2160,2635.65,2160,2665.2,2148.25,2691.25,2135.65,2711.25,2106.95,2725.65,2093.9,2726.9
3-8,Uninfected,No_comment,Polygon,17,2124.8,2853.4,2126.1,2834.7,2133.9,2815.2,2149.15,2798.2,2164.8,2790.85,2189.55,2789.9,2209.15,2794.25,2226.1,2806.9,2235.2,2830.4,2237.4,2846.5,2233.9,2868.2,2225.65,2887.75,2211.3,2903,2190,2908.65,2163.9,2905.65,2142.15,2896.05,2131.75,2876.05
3-9,Uninfected,No_comment,Polygon,17,1911,2595.5,1923.75,2574.15,1943.75,2556,1971,2548.25,2001.4,2552.35,2021.4,2560.5,2034.6,2580.5,2046.85,2612.35,2037.8,2642.35,2023.3,2662.8,2000.05,2675.55,1970.05,2679.6,1947.3,2676.45,1930.05,2670.05,1914.6,2654.15,1906,2637.8,1901.85,2615.05
3-10,Uninfected,No_comment,Polygon,18,1846.35,2429.15,1852.75,2409.45,1861.65,2390.75,1876.9,2383.35,1893.65,2380.9,1909.35,2380.9,1926.1,2384.35,1952.7,2389.75,1967.05,2402.05,1974.4,2431.15,1970,2453.8,1959.1,2477.95,1938.95,2492.7,1916.25,2501.6,1893.65,2498.65,1870,2488.3,1857.15,2473.5,1847.85,2458.75
3-11,Uninfected,No_comment,Polygon,17,1736.95,2458.25,1730.05,2475.95,1725.1,2502.1,1728.55,2518.35,1736.5,2540,1746.8,2553.3,1762.05,2562.65,1787.2,2568.6,1814.35,2559.2,1828.6,2547.9,1841.9,2522.75,1851.3,2500.6,1837.45,2469.05,1826.15,2458.75,1805.95,2451.85,1777.9,2447.4,1753.7,2451.85
3-12,Uninfected,No_comment,Polygon,16,1682.3,2449.35,1672.45,2442.45,1656.65,2423.25,1656.65,2389.75,1668.45,2370.05,1683.8,2351.8,1699.55,2344.95,1720.75,2335.55,1743.35,2336.55,1758.6,2344.45,1770,2364.15,1773.4,2385.3,1768.05,2408.95,1746.35,2437.55,1725.1,2449.85,1714.8,2453.8
3-13,Uninfected,No_comment,Polygon,15,2039.5,2422.75,2025.7,2419.8,2011.4,2402.55,2005.5,2382.35,2010.4,2350.85,2028.65,2324.7,2063.15,2312.9,2091.7,2313.9,2106,2322.75,2117.8,2335.55,2125.7,2360.2,2131.6,2382.35,2120.8,2407,2095.65,2424.25,2066.6,2434.1
3-14,Uninfected,No_comment,Polygon,16,1904,2358.2,1887.75,2356.75,1873,2343.45,1862.65,2323.25,1866.1,2295.65,1875.45,2269.05,1906.95,2249.85,1942.45,2236.05,1967.05,2241.95,1985.8,2253.8,1990.25,2280.4,1985.3,2310.45,1976.95,2336.55,1958.2,2352.8,1943.45,2359.7,1926.2,2363.15
3-15,Uninfected,No_comment,Polygon,15,2033.1,2224.2,2040,2212.9,2061.65,2196.15,2088.75,2184.3,2117.8,2179.9,2147.4,2189.25,2169.55,2211.9,2175.45,2234.1,2169.55,2264.6,2150.85,2283.85,2123.75,2296.65,2077.4,2297.65,2051.8,2289.25,2036.05,2274.95,2027.15,2252.8
3-16,Uninfected,No_comment,Polygon,15,2240.4,2391.15,2233.1,2374.4,2231.1,2343.9,2242.4,2313.85,2259.15,2289.75,2285.3,2273.5,2311.4,2269,2337.45,2273,2351.3,2290.25,2358.2,2315.8,2356.75,2350.35,2339,2373.5,2319.8,2390.7,2294.1,2401.55,2267.05,2404.05
3-17,Uninfected,No_comment,Polygon,15,2248.4,2446.9,2267.6,2427.2,2294.2,2420.8,2331.65,2420.3,2360.2,2421.2,2381.4,2446.35,2387.3,2471.05,2380.4,2495.65,2365.65,2517.35,2337.05,2530.65,2308.95,2531.15,2278.9,2527.2,2257.25,2517.35,2246.9,2495.15,2240,2471.45
3-18,Uninfected,No_comment,Polygon,17,2387.8,2160.2,2377.95,2172.6,2368.55,2189.35,2365.1,2215.95,2372.5,2238.1,2388.75,2262.2,2410.95,2271.6,2434.1,2274,2458.25,2267.1,2471.55,2255.3,2479.4,2238.1,2483.85,2217.35,2476.45,2189.75,2470.05,2177.5,2452.3,2156.3,2431.15,2149.85,2413.9,2151.35
3-19,Uninfected,No_comment,Polygon,17,2499.6,2162.2,2504.55,2147.45,2516.85,2134.15,2535.1,2124.75,2557.75,2118.9,2590.75,2127.25,2605.05,2137.6,2620.3,2171.1,2621.8,2198.15,2619.35,2218.85,2604.55,2238.1,2581.4,2249.85,2550.85,2250.35,2529.15,2244.95,2510.45,2226.7,2500.6,2211.45,2495.2,2186.8
3-20,Uninfected,No_comment,Polygon,19,2328.65,2098.15,2318.8,2075.95,2293.7,2056.75,2270.05,2051.9,2254.75,2057.75,2236.05,2072.55,2226.7,2082.45,2215.35,2095.75,2205,2120.3,2204.5,2147.9,2211.9,2169.15,2224.25,2182.45,2243.45,2195.2,2263.65,2192.25,2278.9,2185.9,2294.2,2171.1,2311.45,2151.85,2321.75,2135.1,2326.7,2117.85
3-21,Uninfected,No_comment,Polygon,17,2830.65,2197.7,2819.8,2203.1,2796.1,2214.45,2785.35,2232.7,2782.35,2251.4,2787.3,2276.55,2795.2,2305.55,2806.5,2325.25,2829.15,2336.65,2854.75,2342,2874.45,2332.15,2888.3,2315.4,2899.15,2293.3,2900.6,2267.1,2890.75,2236.15,2879.85,2216.85,2857.25,2202.65
3-22,Uninfected,No_comment,Polygon,19,2738.05,2226.7,2747.35,2234.65,2759.7,2246.9,2767.1,2265.15,2768.1,2279.5,2778.9,2305.55,2775.5,2329.2,2762.6,2347.9,2746.4,2360.3,2725.65,2360.7,2710.9,2352.85,2698.15,2336.65,2683.8,2326.3,2661.7,2316.9,2654.3,2292.8,2655.2,2258.3,2666.1,2236.15,2682.3,2224.3,2713.85,2216.4
3-23,Uninfected,No_comment,Polygon,24,2960.15,2249.45,2949.8,2256.35,2939.5,2271.6,2934.55,2281.9,2929.2,2292.25,2930.65,2302.1,2921.25,2312.45,2927.7,2326.3,2918.85,2336.1,2925.75,2345.45,2925.75,2362.2,2926.65,2374,2938.55,2386.9,2952.85,2388.85,2963.1,2396.2,2978.4,2390.75,2991.7,2380,3009.5,2343.55,3010.95,2319.9,3017.85,2304.05,3013.35,2287.3,3016.8,2272.55,3010.95,2261.7,3005,2249.45
3-24,Uninfected,No_comment,Polygon,18,3045.45,2281.35,3039.05,2271,3035.1,2244.9,3038.05,2219.8,3046.95,2198.1,3059.75,2183.35,3081.9,2173.5,3100.65,2173.5,3115.4,2179.4,3132.65,2188.25,3142.5,2204.5,3148.9,2229.15,3145.95,2256.75,3136.1,2280.4,3123.3,2296.65,3091.75,2308.95,3071.1,2309.45,3050.9,2300.1
3-25,Uninfected,No_comment,Polygon,14,3211.95,2165.6,3211.45,2133.1,3224.3,2087.75,3259.25,2062.65,3283.9,2058.2,3305.05,2068.05,3319.85,2082.85,3329.7,2106.5,3326.75,2142.45,3306.55,2169.05,3289.8,2186.3,3266.15,2193.65,3247.95,2193.2,3227.25,2180.3
3-26,Uninfected,No_comment,Polygon,17,3142.5,2139,3124.25,2135.05,3109.5,2125.7,3097.2,2109.45,3091.25,2080.35,3098.15,2046.35,3115.4,2023.7,3142,2006.95,3158.25,2001.05,3192.25,2010.4,3208.5,2027.65,3216.4,2046.35,3211.95,2069.55,3206.05,2096.15,3195.2,2114.85,3181.9,2128.15,3170.6,2136.55
3-27,Uninfected,No_comment,Polygon,17,3350.4,2295.65,3338.55,2308.5,3327.25,2336.55,3324.7,2362.15,3330.7,2382.35,3339.05,2396.65,3361.65,2409.95,3386.85,2414.4,3406.5,2415.4,3421.75,2405.05,3435.6,2388.3,3445.95,2360.2,3446.4,2330.65,3430.7,2306,3414.85,2290.25,3389.75,2286.8,3369.1,2288.75
3-28,Uninfected,No_comment,Polygon,32,3324.2,2298.6,3332.15,2282.35,3348.9,2273,3367.15,2266.6,3384.8,2268.1,3390.3,2259.2,3393.75,2247.4,3406.5,2243.95,3408.45,2232.6,3400.65,2216.35,3406.5,2203.05,3392.75,2193.2,3386.3,2184.35,3374.95,2177.45,3364.2,2173.5,3354.75,2170.55,3334.1,2175.95,3320.8,2175.45,3316.35,2190.75,3305.55,2189.75,3295.2,2199.1,3282.85,2212.4,3270.1,2224.75,3275.95,2241.5,3269.55,2257.25,3270.55,2267.1,3278.95,2265.1,3289.25,2287.8,3284.3,2293.7,3295.7,2288.75,3305.55,2289.25,3317.8,2297.65
3-29,Uninfected,No_comment,Polygon,17,3524.3,2292.2,3512.45,2314.4,3508.05,2340,3506.55,2366.6,3519.35,2403.05,3535.05,2417.35,3553.35,2428.7,3580.95,2428.7,3599.1,2422.75,3610.95,2411.45,3622.8,2393.7,3626.75,2377.95,3625.7,2347.4,3607,2321.8,3588.75,2304.55,3562.7,2296.15,3540.5,2294.2
3-30,Uninfected,No_comment,Polygon,26,3639.55,2219.8,3622.25,2232.6,3619.35,2249.85,3622.8,2271.05,3626.25,2287.3,3625.25,2304.05,3635.55,2314.4,3647.4,2322.75,3659.75,2330.15,3675.5,2329.15,3682.35,2337.05,3690.75,2338.55,3702.15,2335.55,3720.35,2335.1,3730.2,2331.15,3732.6,2315.85,3741,2304.55,3743.5,2291.75,3737.55,2272,3744.45,2252.8,3723.3,2232.6,3703.1,2218.8,3699.1,2214.4,3680.45,2219.3,3668.65,2211.45,3657.25,2214.4
3-31,Uninfected,No_comment,Polygon,24,3474.95,2113.4,3470.6,2122.25,3461.65,2131.15,3456.75,2139.5,3462.2,2153.3,3454.75,2174.95,3460.75,2193.2,3463.65,2214.4,3468.55,2225.7,3482.4,2234.1,3502.6,2230.65,3525.2,2232.1,3535.55,2225.7,3543.45,2211.9,3558.7,2196.65,3564.7,2186.3,3563.2,2172.5,3570.1,2161.2,3565.6,2146.4,3557.8,2133.6,3545.4,2117.8,3523.75,2101.55,3509,2101.1,3497.7,2106
3-32,Uninfected,No_comment,Polygon,16,3412.5,2031.6,3419.4,2009.95,3429.25,1997.1,3446.45,1984.8,3476.5,1976.45,3501.6,1978.9,3521.8,1992.2,3533.65,2004,3543.05,2021.75,3536.6,2052.3,3527.25,2067.55,3504.65,2081.35,3475,2087.75,3448.4,2082.85,3433.7,2072,3414,2049.35
3-33,Uninfected,No_comment,Polygon,22,3734.15,1953.3,3741.05,1944.4,3745,1927.2,3755.85,1918.8,3776.05,1909.45,3779.5,1901.55,3797.7,1901.55,3822.35,1901.05,3844,1907,3861.25,1921.75,3862.25,1934.55,3872.6,1945.4,3868.15,1961.65,3867.65,1972,3859.3,1986.8,3841.55,2000.6,3831.2,2014.85,3811.5,2025.2,3785.9,2022.75,3754.85,2012.4,3739.1,1993.7,3732.7,1977.45
3-34,Uninfected,No_comment,Polygon,17,3687.35,1962.15,3679.5,1946.9,3654.85,1930.15,3630.2,1921.25,3597.2,1922.75,3573.05,1930.65,3555.85,1942.45,3547.95,1969.05,3549.9,1990.75,3562.25,2006.5,3580.45,2021.25,3601.65,2026.7,3625.3,2024.25,3647.45,2018.8,3663.7,2009.95,3674.55,1999.1,3683.4,1982.35
3-35,Uninfected,No_comment,Polygon,14,3610.5,1827.15,3619.4,1809.45,3641.05,1790.7,3674.05,1785.3,3696.7,1793.2,3719.9,1816.35,3733.2,1840,3735.15,1870.05,3715.45,1892.7,3688.85,1906.5,3663.2,1908.45,3637.1,1898.1,3614.95,1877.4,3608.05,1855.75
3-36,Uninfected,No_comment,Polygon,12,4059.3,1962.15,4038.6,1973,4013,1970.55,3993.3,1964.15,3975.05,1946.9,3965.2,1925.2,3967.65,1895.65,3987.35,1873.5,4025.8,1861.15,4056.35,1865.6,4070.15,1879.9,4082.95,1903.55
3-37,Uninfected,No_comment,Polygon,14,4015.45,2051.8,4009.55,2028.65,4001.15,2004.55,3981.45,1986.8,3960.3,1983.35,3940.1,1986.3,3916.95,2001.1,3909.55,2018.3,3911.5,2052.3,3923.8,2074,3947.95,2084.85,3964.7,2088.25,3978.5,2086.8,3999.7,2075.45
3-38,Uninfected,No_comment,Polygon,16,3942.05,1759.7,3949.95,1743.9,3963.25,1728.65,3987.85,1717.3,4019.4,1714.85,4041.55,1729.15,4049.95,1743.45,4055.85,1784.8,4054.35,1820.3,4032.2,1837.5,3998.7,1853.3,3974.55,1863.65,3950.9,1856.75,3940.1,1840.95,3939.6,1817.3,3939.1,1795.15
3-39,Uninfected,No_comment,Polygon,18,3907.05,1763.15,3916.95,1776.95,3922.85,1813.4,3919.4,1850.35,3908.55,1867.55,3886.85,1881.85,3858.8,1885.8,3826.75,1876.95,3807.05,1857.7,3799.7,1835.05,3795.25,1809.45,3800.65,1792.2,3812,1781.35,3821.85,1772.5,3830.2,1761.15,3835.1,1749.35,3867.15,1742.95,3889.85,1748.35
3-40,Uninfected,No_comment,Polygon,20,3792.8,1813.4,3779.5,1820.3,3759.3,1823.25,3743.55,1817.9,3734.15,1807.5,3722.85,1790.75,3703.6,1780.95,3695.25,1751.8,3702.65,1723.75,3714.95,1703.05,3738.1,1694.25,3759.3,1687.35,3785.9,1691.7,3806.6,1703.05,3815.95,1720.85,3815.45,1744.9,3809.55,1761.2,3818.4,1774.55,3805.6,1785.85,3799.7,1798.6
3-41,Uninfected,No_comment,Polygon,16,3652.9,1754.35,3646.5,1766.6,3621.85,1773.05,3606.1,1771.5,3591.3,1763.65,3577,1747.45,3561.25,1730.15,3550.9,1715.35,3549.45,1694.25,3558.3,1673.5,3573.05,1665.65,3601.65,1661.15,3630.7,1669.55,3651.9,1699.15,3664.2,1729.2,3666.2,1750.35
3-42,Uninfected,No_comment,Polygon,17,3534.15,1789.8,3540.05,1772,3526.25,1746.9,3506.55,1729.65,3477.5,1725.75,3457.3,1729.2,3436.1,1737.6,3423.3,1751.8,3410,1769.05,3409,1800.1,3422.35,1828.2,3438.6,1846.45,3467.65,1858.25,3489.8,1853.8,3506.05,1846.9,3518.4,1833.6,3527.75,1819.35
3-43,Uninfected,No_comment,Polygon,14,3333.65,1730.1,3318.35,1722.7,3302.6,1700.05,3300.15,1671,3310.5,1651.3,3321.8,1629.1,3355.8,1615.3,3392.25,1620.25,3413.95,1639.45,3423.3,1659.15,3425.75,1691.2,3412.95,1720.2,3391.3,1734.05,3361.25,1742.9
3-44,Uninfected,No_comment,Polygon,16,3149.4,1645.9,3139.05,1660.7,3129.7,1684.35,3129.7,1713.85,3144,1736.05,3155.3,1747.4,3181.9,1752.25,3208.5,1755.75,3229.7,1742.95,3245.45,1729.65,3259.25,1703.05,3254.85,1674,3243,1646.35,3221.8,1625.7,3192.25,1623.2,3167.15,1630.1
3-45,Uninfected,No_comment,Polygon,17,3169.1,1825.2,3170.1,1811.45,3178.45,1790.7,3186.85,1781.4,3198.65,1775.4,3218.85,1769.55,3237.1,1765.05,3269.6,1779.9,3286.85,1803.05,3294.25,1827.7,3293.75,1852.8,3280.95,1875.9,3264.2,1888.3,3241.55,1893.7,3212.45,1886.8,3183.4,1867.55,3172.05,1852.8
3-46,Uninfected,No_comment,Polygon,18,3008.5,1613.85,3015.4,1603.5,3035.15,1591.6,3056.3,1585.75,3074.55,1585.75,3094.25,1596.1,3106.05,1607.45,3114.95,1628.6,3119.35,1653.75,3112,1675.9,3103.6,1691.65,3088.35,1704.95,3056.8,1712.35,3031.7,1705.4,3014.45,1692.65,3007.55,1674.45,2998.65,1648.25,3002.1,1627.65
3-47,Uninfected,No_comment,Polygon,16,2986.85,1524.6,2985.85,1493.15,2994.25,1474.35,3007.05,1462.1,3026.25,1454.7,3044,1454.15,3066.65,1463.1,3081.45,1477.35,3091.8,1501.5,3084.9,1525.65,3074.55,1549.3,3061.75,1560.65,3040.55,1567.95,3021.85,1569.5,3007.05,1559.6,2995.2,1547.75
3-48,Uninfected,No_comment,Polygon,30,2981.9,1537.9,2980.45,1552.75,2983.4,1562.1,2993.75,1572.9,2993.25,1593.1,2985.85,1611.8,2979.95,1617.8,2986.35,1631.5,2977.5,1642.4,2968.15,1647.35,2970.1,1660.65,2958.3,1671,2948.4,1682.3,2930.2,1685.2,2917.9,1681.75,2910,1679.85,2900.15,1672.95,2903.6,1660.1,2895.7,1644.8,2899.65,1633.05,2894.75,1614.35,2897.2,1604,2905.55,1595.6,2899.65,1572.9,2911,1556.7,2913.95,1542.85,2923.8,1533.55,2933.15,1528.05,2951.85,1522.7,2963.7,1530.1
3-49,Uninfected,No_comment,Polygon,22,2804.55,1765.5,2805.55,1751.75,2815.9,1725.1,2828.7,1713.35,2849.4,1707.45,2864.65,1701.5,2881.9,1693.15,2896.7,1695.05,2909,1700,2923.8,1705.95,2944.95,1708.9,2953.35,1718.25,2951.4,1731.1,2950.9,1749.3,2939.55,1763.1,2930.7,1773.9,2917.9,1776.4,2908.5,1787.2,2886.85,1789.2,2863.7,1797.6,2846.45,1796.1,2824.75,1790.2
3-50,Uninfected,No_comment,Polygon,18,2687.8,1746.85,2703.1,1748.75,2725.25,1744.9,2743.5,1743.4,2761.7,1748.75,2777.95,1760.15,2789.3,1777.9,2793.25,1791.2,2783.9,1811.9,2771.05,1827.15,2746.45,1845.4,2725.25,1850.75,2700.15,1850.75,2677,1842.35,2666.65,1827.6,2665.65,1807.4,2671.55,1787.2,2679.45,1771.5
3-51,Uninfected,No_comment,Polygon,15,2901.6,1807,2886.85,1828.65,2885.35,1858.7,2896.2,1881.85,2919.35,1894.65,2943,1898.1,2962.7,1890.75,2976,1881.85,2988.3,1869.05,2997.7,1850.8,2996.2,1826.7,2985.35,1801.55,2967.15,1792.7,2940.55,1785.8,2919.85,1794.15
3-52,Uninfected,No_comment,Polygon,14,2465.6,1790.2,2462.15,1770.5,2469.05,1748.8,2479.9,1731.15,2496.65,1721.7,2512.4,1719.8,2529.65,1721.7,2546.9,1728.6,2556.25,1743.9,2563.15,1771.95,2553.8,1797.1,2533.6,1814.9,2515.85,1824.75,2489.25,1817.85
3-53,Uninfected,No_comment,Polygon,17,2506,1885.3,2511.45,1863.65,2518.8,1845.85,2536.05,1835.1,2554.3,1827.15,2569.05,1821.75,2586.3,1824.75,2603.05,1832.05,2614.4,1840.95,2625.25,1860.2,2627.7,1888.3,2619.3,1912.35,2607,1934.55,2580.4,1943.95,2555.75,1947.85,2532.6,1937.5,2512.9,1925.65
3-54,Uninfected,No_comment,Polygon,21,2308.95,1910.9,2301.55,1903.55,2293.2,1892.65,2286.3,1875.4,2287.3,1847.9,2295.65,1828.2,2308.95,1804.55,2319.8,1787.8,2341,1776.9,2355.25,1777.95,2372,1780.35,2388.75,1789.75,2397.15,1809.45,2397.65,1834.05,2392.7,1859.7,2390.75,1872,2386.8,1882.8,2374.5,1888.3,2362.65,1905.95,2352.3,1911.45,2327.2,1911.95
3-55,Uninfected,No_comment,Polygon,17,2141.45,2015.4,2135.05,2005.55,2135.05,1973.5,2145.4,1951.3,2169.55,1933.6,2188.25,1924.2,2216.35,1920.3,2240.5,1927.65,2251.8,1937.05,2260.2,1959.15,2261.15,1989.7,2247.85,2011.4,2230.65,2025.75,2217.35,2036,2189.75,2040.5,2167.1,2040.5,2155.75,2032.15
3-56,Uninfected,No_comment,Polygon,17,2223.25,1797.6,2205.55,1785.8,2194.7,1761.65,2194.7,1735.55,2207.55,1706.95,2218.85,1695.65,2230.15,1686.25,2252.85,1682.35,2276,1686.25,2290.75,1693.65,2306.05,1707.45,2315.9,1730.1,2317.35,1757.2,2309.55,1778.4,2298.65,1791.7,2280.9,1804,2251.85,1806.45
3-57,Uninfected,No_comment,Polygon,17,1762.7,1641.8,1760.7,1638.8,1756.75,1623.4,1762.2,1584.1,1776.65,1567.15,1796.55,1555.25,1819.95,1548.25,1844.8,1548.75,1871.15,1557.7,1888.6,1575.15,1895.05,1603.5,1886.6,1637.3,1874.15,1662.2,1849.8,1676.65,1829.4,1680.1,1808,1675.15,1787.1,1661.2
3-58,Uninfected,No_comment,Polygon,15,1693.55,1733.35,1695.55,1713.45,1707,1689.55,1725.4,1670.65,1753.25,1666.7,1785.1,1674.15,1799.05,1685.6,1816.45,1706.5,1824.9,1729.85,1820.9,1761.7,1805.5,1786.6,1778.15,1798,1757.75,1802,1726.4,1797.55,1705,1780.1
3-59,Uninfected,No_comment,Polygon,20,1560.2,1518.9,1563.7,1495.05,1575.15,1474.15,1598.55,1457.2,1624.9,1452.25,1654.25,1462.2,1665.7,1472.15,1678.65,1489.55,1687.1,1498.5,1692.55,1509.95,1687.1,1520.4,1688.6,1546.75,1683.6,1557.2,1663.2,1573.15,1636.85,1585.6,1617.95,1588.55,1594.55,1583.1,1585.6,1567.65,1580.6,1550.75,1566.7,1538.3
3-60,Uninfected,No_comment,Polygon,16,1552.25,1554.75,1567.7,1573.65,1577.15,1597.5,1573.65,1615.95,1560.7,1638.8,1535.85,1662.7,1507,1669.15,1481.1,1670.15,1459.7,1660.2,1429.85,1621.4,1429.35,1594.55,1439.3,1568.15,1456.75,1549.75,1473.15,1538.8,1498.05,1532.85,1519.9,1534.35
3-61,Uninfected,No_comment,Polygon,17,1930.4,1543.3,1936.35,1535.35,1950.3,1519.4,1971.65,1512.95,1993.05,1512.95,2007,1517.9,2020.45,1526.35,2032.85,1543.8,2031.4,1571.15,2024.4,1597.5,2013.45,1612.45,1995.55,1621.4,1969.7,1623.4,1954.25,1618.4,1942.3,1608.45,1929.9,1587.55,1925.4,1574.65
3-62,Uninfected,No_comment,Polygon,16,2021.9,1727.4,2020.45,1714.95,2025.4,1698.5,2038.85,1683.1,2056.25,1674.15,2073.65,1669.65,2095.05,1673.15,2118.45,1682.1,2136.35,1696.55,2148.8,1725.4,2141.85,1756.25,2130.9,1774.65,2107,1788.05,2080.15,1792.55,2055.75,1783.6,2033.85,1770.65
3-63,Uninfected,No_comment,Polygon,18,1722.4,1860.25,1737.35,1821.95,1753.75,1816.95,1775.65,1815.95,1794.05,1810,1814.95,1817.45,1831.85,1824.9,1849.3,1840.85,1855.75,1865.7,1858.75,1888.1,1847.3,1903.55,1834.35,1917.95,1811,1926.4,1793.55,1929.4,1774.65,1926.4,1751.25,1916.95,1735.85,1905.5,1725.9,1887.6
3-64,Uninfected,No_comment,Polygon,15,1440.8,1902.05,1422.4,1897.05,1403,1885.1,1389.05,1862.25,1385.1,1835.35,1401,1812,1418.9,1796.55,1446.8,1788.1,1478.65,1786.1,1507,1804,1520.9,1823.9,1530.35,1841.35,1524.4,1870.2,1508.5,1885.6,1488.1,1899.05
3-65,Uninfected,No_comment,Polygon,16,1545.25,2042.1,1566.85,2010,1576.85,1991.05,1585.8,1978.95,1595.25,1962.65,1622.1,1947.9,1652.65,1946.3,1680.55,1953.15,1699.5,1975.8,1703.15,2012.1,1690,2045.8,1676.85,2067.35,1639,2083.7,1606.3,2086.85,1581.05,2084.75,1551.55,2073.7
3-66,Uninfected,No_comment,Polygon,15,1408.4,2064.2,1404.75,2037.35,1400.55,2009.45,1414.2,1983.7,1440.55,1960.5,1473.15,1942.65,1498.4,1940.5,1523.15,1947.9,1536.3,1974.2,1538.4,2002.65,1529,2038.95,1506.85,2063.7,1474.75,2078.95,1450.55,2085.25,1430.05,2080
3-67,Uninfected,No_comment,Polygon,17,1287.9,2084.75,1272.65,2072.65,1260.5,2063.7,1252.65,2035.25,1258.95,2014.75,1270,2001.6,1281.05,1989.45,1303.65,1971.05,1322.65,1964.75,1350,1970.55,1364.2,1982.65,1381.6,2014.2,1381.6,2038.95,1375.25,2056.85,1364.75,2070.55,1347.9,2080,1325.8,2088.4
3-68,Uninfected,No_comment,Polygon,16,1532.65,2172.65,1538.4,2149.5,1547.9,2130,1563.7,2113.7,1591.05,2107.35,1617.95,2104.75,1639,2113.7,1652.65,2125.25,1664.2,2152.1,1669.5,2176.85,1653.15,2194.75,1639.5,2210,1610.05,2219.5,1582.1,2216.85,1562.65,2212.65,1546.3,2202.65
3-69,Uninfected,No_comment,Polygon,14,1685.25,2151.6,1685.25,2126.3,1693.7,2101.05,1713.15,2082.65,1742.1,2067.35,1765.8,2062.1,1787.95,2064.2,1801.05,2077.35,1808.95,2101.05,1800,2130.55,1788.45,2163.15,1761.05,2181.05,1736.3,2187.35,1709.5,2182.65
3-70,Uninfected,No_comment,Polygon,16,1796.9,2198.95,1798.95,2176.85,1805.8,2158.4,1824.2,2126.3,1861.05,2111.6,1886.9,2110.55,1917.4,2119.5,1930.55,2138.95,1933.7,2171.6,1931.6,2200,1916.9,2222.65,1901.05,2238.95,1884.2,2246.3,1864.75,2254.2,1837.4,2249.5,1811.6,2237.35
3-71,Uninfected,No_comment,Polygon,26,1320.7,2208.7,1308.15,2196.15,1303.8,2183.05,1306.5,2163.95,1317.45,2143.7,1341.5,2121.8,1350.8,2110.9,1368.8,2103.8,1386.3,2100.5,1410.35,2108.15,1424.55,2114.15,1432.2,2126.75,1429.45,2140.45,1437.1,2151.9,1432.2,2167.2,1427.3,2172.1,1425.65,2183.55,1412.5,2191.75,1408.7,2199.95,1408.15,2212,1389.05,2210.9,1387.4,2217.5,1373.75,2221.8,1359.5,2221.8,1352.95,2227.85,1338.2,2219.65
3-72,Uninfected,No_comment,Polygon,15,1503.25,2334.95,1498.3,2321.3,1501.05,2287.4,1512.5,2268.8,1524,2255.75,1547.5,2245.3,1565,2238.2,1591.2,2238.2,1614.15,2249.15,1633.3,2267.7,1639.85,2301.05,1624.55,2340.45,1587.95,2363.95,1563.9,2369.9,1538.2,2370.45
3-73,Uninfected,No_comment,Polygon,15,2016.85,2006.6,2000.6,1996.4,1988.55,1981.9,1978.9,1952.4,1984.9,1917.45,2004.2,1897,2021.05,1883.75,2042.15,1881.3,2069.85,1886.15,2090.35,1894.55,2100.6,1909.65,2104.8,1937.35,2100.6,1966.85,2080.7,1995.8,2063.25,2006
3-74,Uninfected,No_comment,Polygon,14,2544.55,1706,2520.45,1675.9,2509.6,1644.6,2510.8,1618.05,2530.7,1596.4,2550.6,1585.55,2579.5,1580.7,2595.15,1586.75,2621.05,1609.65,2634.3,1630.1,2642.15,1663.25,2628.9,1696.4,2606,1709.05,2585.5,1713.25
3-75,Uninfected,No_comment,Polygon,16,2431.9,1496.4,2425.3,1485.55,2419.25,1455.4,2428.3,1431.3,2448.15,1413.25,2471.05,1403,2491.55,1399.4,2504.2,1400.6,2539.75,1412.65,2560.2,1432.55,2570.45,1457.85,2571.65,1489.75,2557.2,1521.1,2524.7,1531.95,2501.2,1536.15,2468.65,1521.1
3-76,Uninfected,No_comment,Polygon,17,2383.7,1579.5,2381.3,1559.65,2371.05,1540.95,2349.4,1522.9,2316.85,1517.45,2290.95,1527.7,2274.05,1542.75,2263.25,1559.05,2258.4,1579.5,2262.05,1594.6,2270.45,1616.85,2282.5,1631.95,2299.4,1642.15,2317.45,1640.95,2340.95,1637.35,2359,1624.7,2374.1,1612.05
3-77,Uninfected,No_comment,Polygon,16,2140.95,1366.85,2155.4,1362.05,2186.7,1368.05,2206,1375.9,2224.7,1395.8,2231.9,1411.45,2234.3,1434.95,2224.05,1458.45,2209,1470.5,2192.15,1474.1,2163.25,1472.3,2137.95,1466.85,2120.45,1449.4,2110.2,1428.9,2110.2,1407.25,2120.45,1390.35
3-78,Uninfected,No_comment,Polygon,14,1801.2,1250,1808.4,1236.75,1819.25,1210.8,1841.55,1194.55,1869.85,1192.15,1892.15,1198.15,1922.85,1221.05,1930.1,1237.35,1927.7,1270.45,1913.85,1285.5,1896.35,1299.4,1859.6,1296.95,1833.1,1286.75,1814.45,1272.85
3-79,Uninfected,No_comment,Polygon,14,1926.5,1328.9,1928.3,1307.8,1939.75,1290.35,1972.85,1280.1,1995.15,1279.5,2019.85,1288.55,2043.35,1314.45,2053,1345.75,2050.6,1373.45,2025.9,1394.55,2002.4,1403.6,1968.65,1392.75,1943.95,1377.7,1930.7,1347.5
3-80,Uninfected,No_comment,Polygon,20,1799.4,1406.6,1811.45,1402.35,1819.85,1387.35,1828.9,1377.7,1842.75,1369.85,1859.6,1364.45,1872.85,1365,1894.55,1371.05,1915.05,1392.15,1925.3,1418.05,1919.25,1454.8,1903,1476.5,1887.95,1491.55,1867.45,1504.2,1840.35,1504.2,1816.85,1495.15,1796.35,1480.1,1789.15,1466.25,1783.7,1443.95,1783.7,1427.7
3-81,Uninfected,No_comment,Polygon,18,1771.05,1412.05,1767.45,1392.15,1760.8,1364.45,1737.95,1339.7,1701.2,1325.3,1678.3,1321.65,1648.15,1339.15,1633.1,1360.15,1628.9,1382.5,1630.7,1406,1632.5,1420.45,1645.15,1436.15,1666.25,1448.8,1687.35,1463.85,1716.85,1459,1730.1,1459,1743.35,1449.4,1756.6,1435.5
3-82,Uninfected,No_comment,Polygon,25,1603.6,1278.9,1606.6,1292.75,1621.05,1302.35,1637.95,1302.35,1650.6,1309,1670.45,1303.6,1686.75,1292.15,1697.55,1286.1,1709.6,1286.75,1712.05,1266.25,1725.3,1250,1727.1,1232.5,1714.45,1215.65,1716.85,1197.5,1704.8,1192.15,1683.1,1183.7,1670.45,1185.5,1648.15,1190.3,1629.5,1192.15,1626.5,1201.8,1611.45,1210.15,1606,1221.65,1604.8,1241.55,1593.95,1252.35,1594.55,1262.65
3-83,Uninfected,No_comment,Polygon,15,2238.55,1240.35,2236.15,1213.85,2253.6,1183.1,2281.95,1162.65,2307.25,1155.4,2333.15,1157.2,2351.8,1170.45,2362.7,1186.1,2368.7,1210.8,2362.7,1235.5,2348.2,1255.4,2319.3,1271.65,2294.6,1277.65,2266.85,1270.45,2252.4,1259.6
3-84,Uninfected,No_comment,Polygon,16,2206.05,1006.6,2200.05,1028.9,2201.2,1052.95,2212.1,1082.5,2229.5,1096.35,2252.4,1104.2,2275.35,1096.35,2294.6,1087.95,2303.6,1075.9,2315.65,1046.35,2315.05,1027.65,2302.4,1001.2,2288,986.75,2259.65,977.1,2238,978.3,2222.9,989.75
3-85,Uninfected,No_comment,Polygon,15,2319.3,1109.6,2319.9,1089.15,2325.35,1054.2,2342.85,1037.95,2360.25,1031.9,2382.55,1030.7,2406.05,1038.55,2420.5,1048.15,2433.75,1060.15,2444.6,1097.5,2437.4,1118.65,2418.15,1146.35,2382.55,1150.6,2354.2,1148.15,2334.35,1134.85
3-86,Uninfected,No_comment,Polygon,17,2161.45,1092.75,2168.7,1078.9,2171.1,1057.2,2165.05,1030.7,2153,1007.8,2133.75,987.95,2109.65,981.9,2081.95,989.75,2055.4,1002.95,2044,1018.65,2037.4,1052.4,2045.2,1069.25,2056.1,1089.75,2083.75,1106.6,2105.4,1112.65,2127.7,1108.4,2145.8,1103
3-87,Uninfected,No_comment,Polygon,25,1965.65,1149.4,1968.05,1135.5,1973.5,1133.1,1960.85,1108.4,1962.1,1095.75,1949.4,1084.85,1935.55,1077.65,1918.75,1071.05,1898.2,1074.1,1874.75,1078.3,1862.7,1079.5,1855.4,1085.5,1837.4,1083.1,1840.35,1096.95,1836.75,1109,1832.55,1124.1,1840.95,1150,1852.4,1163.85,1880.1,1173.45,1895.8,1176.5,1908.45,1183.1,1917.45,1177.1,1933.15,1183.1,1944.6,1166.25,1954.2,1159.6
3-88,Uninfected,No_comment,Polygon,18,1845.2,1054.8,1838.6,1045.75,1828.9,1035.45,1824.1,1023.45,1820.5,995.15,1832.55,974.7,1856.65,956.6,1886.15,948.75,1910.85,944.55,1936.15,950.6,1958.45,962.65,1969.3,982.5,1973.5,1008.4,1962.1,1028.9,1951.8,1040.95,1927.7,1052.4,1897.6,1056.6,1879.5,1060.8
3-89,Uninfected,No_comment,Polygon,20,2475.85,1007.85,2486.7,998.75,2494.55,987.9,2498.75,975.85,2506,967.45,2510.75,956.65,2506.6,940.95,2511.4,928.9,2507.2,909.65,2496.9,901.15,2478.9,888.5,2451.75,883.75,2431.9,887.3,2415.6,899.35,2403.55,917.45,2395.15,942.75,2398.1,970.5,2412.6,998.15,2421.6,1004.8,2437.3,1006.65
3-90,Uninfected,No_comment,Polygon,17,2306.6,951.8,2295.15,938.5,2286.7,924.05,2282.5,903.6,2281.3,876.45,2289.1,845.8,2298.1,832.55,2311.35,822.3,2327.65,815.05,2349.95,819.3,2366.2,833.75,2377.05,856.6,2379.5,886.7,2376.45,922.85,2365.6,941.55,2351.75,954.2,2330.7,956.65
3-91,Uninfected,No_comment,Polygon,17,2234.85,951.8,2245.15,942.15,2257.2,928.9,2265,903,2265.6,887.3,2264.4,858.45,2254.8,836.7,2235.45,819.3,2214.4,812.6,2184.25,815.65,2164.4,833.15,2152.35,857.25,2149.35,887.9,2154.2,918.65,2167.45,942.15,2178.85,954.2,2209.55,959.05
3-92,Uninfected,No_comment,Polygon,24,2095.75,963.2,2099.95,951.15,2110.15,951.15,2104.8,933.15,2115,923.45,2111.35,910.8,2102.35,887.9,2084.25,874.05,2071.6,869.3,2049.95,870.5,2033.65,865.05,2019.85,877.7,2003.55,888.5,1995.15,893.95,1996.9,903,1981.3,905.4,1977.05,930.1,1966.2,942.75,1976.45,960.2,1987.3,969.3,2004.15,990.35,2036.05,994,2058.4,984.35,2077.05,973.45
3-93,Uninfected,No_comment,Polygon,18,2498.75,886.7,2496.9,866.85,2502.95,842.75,2523.4,828.9,2538.5,821.7,2555.4,821.7,2572.2,829.5,2585.45,841.55,2598.1,855.4,2600.55,880.7,2591.55,907.85,2584.85,927.7,2577.05,943.35,2555.4,949.95,2539.7,943.95,2531.3,935.5,2524.05,922.3,2515,901.8
3-94,Uninfected,No_comment,Polygon,16,2820.5,1094.55,2801.8,1081.9,2786.75,1069.25,2777.1,1047.5,2778.9,1021.05,2783.75,1004.2,2802.4,985.5,2818.1,976.5,2842.75,970.45,2871.1,984.9,2894.6,1013.25,2893.4,1037.95,2884.95,1065.65,2874.1,1078.9,2850.6,1088.55,2838.55,1096.35
3-95,Uninfected,No_comment,Polygon,17,2702.4,1145.75,2685.55,1139.75,2663.85,1121.65,2651.2,1102.35,2643.4,1075.3,2645.8,1052.4,2657.25,1033.1,2671.1,1022.85,2697.6,1019.85,2724.1,1025.3,2740.35,1037.95,2753,1054.2,2766.85,1074.1,2778.9,1108.4,2768.1,1128.9,2747,1143.95,2731.95,1150.6
3-96,Uninfected,No_comment,Polygon,17,2629.5,990.35,2618.7,977.1,2606.65,962.05,2598.2,942.15,2601.2,916.85,2615.05,898.8,2633.75,886.1,2662.7,882.5,2681.35,881.9,2701.2,887.95,2715.65,903,2727.1,918.65,2736.15,945.15,2727.1,965.65,2706.65,981.3,2690.95,993.35,2662.1,999.4
3-97,Uninfected,No_comment,Polygon,15,2807.25,1201.8,2797.6,1171.65,2807.25,1127.1,2834.95,1109,2852.4,1103.6,2871.7,1110.8,2884.95,1112.05,2901.2,1127.7,2912.1,1150.6,2912.1,1178.3,2901.8,1210.8,2889.15,1226.5,2864.45,1235.5,2846.4,1230.7,2818.1,1218.05
3-98,Uninfected,No_comment,Polygon,18,3080.15,1262.65,3064.45,1262.65,3048.85,1254.8,3038.55,1246.35,3029.6,1225.3,3027.1,1198.1,3036.2,1168.05,3047.05,1155.4,3066.95,1144.55,3090.45,1137.95,3109.1,1140.9,3131.35,1147.5,3148.85,1165,3157.25,1194.55,3150.6,1219.85,3139.15,1239.15,3119.3,1256,3100,1261.4
3-99,Uninfected,No_comment,Polygon,14,2824.75,1368.65,2812.7,1359.55,2801.2,1339.15,2797.05,1312.65,2817.55,1268.05,2841.05,1250,2872.35,1250.6,2897.65,1268.05,2912.65,1290.3,2916.35,1322.2,2910.9,1345.15,2895.8,1363.25,2873.55,1376.5,2847.65,1377.05
3-100,Uninfected,No_comment,Polygon,16,2741.65,1311.4,2724.75,1298.1,2708.45,1287.35,2696.4,1269.85,2686.2,1251.8,2681.35,1221.65,2707.25,1186.1,2727.1,1176.5,2750.6,1174.7,2774.75,1190.3,2788.55,1204.8,2801.8,1229.5,2802.4,1257.2,2798.25,1280.1,2787.95,1295.15,2771.7,1306.6
3-101,Uninfected,No_comment,Polygon,28,2918.1,1100,2913.85,1085.45,2909.7,1074.7,2907.25,1058.4,2911.5,1034.9,2913.25,1023.4,2922.35,1015.6,2926.5,1001.8,2936.8,989.15,2953.1,983.1,2966.95,983.7,2974.75,978.25,2989.15,988.55,2999.45,998.75,3015.75,1010.15,3020.5,1019.25,3019.9,1031.3,3026.5,1039.75,3031.35,1050.6,3019.9,1059,3027.8,1075.3,3022.35,1086.7,3010.9,1095.15,3003.7,1109,2989.15,1113.85,2976.5,1121.65,2951.2,1116.85,2935,1110.75
3-102,Uninfected,No_comment,Polygon,21,3053.7,1365,3042.25,1346.95,3041.65,1335.45,3047.05,1322.2,3044.6,1316.25,3055.45,1313.85,3056.65,1301.2,3078.4,1287.95,3103.7,1281.3,3124.15,1284.85,3139.75,1293.35,3152.4,1306.6,3166.95,1327.05,3162.1,1349.4,3151.2,1364.45,3145.2,1372.8,3145.8,1378.9,3127.8,1380.7,3113.85,1388.55,3092.8,1390.95,3071.1,1386.1
3-103,Uninfected,No_comment,Polygon,17,3156.65,1419.25,3151.2,1402.95,3157.85,1383.1,3172.95,1368.05,3192.8,1352.95,3218.7,1347.5,3241.05,1353.6,3257.85,1365,3274.15,1381.9,3287.95,1405.4,3287.95,1426.5,3278.4,1447.5,3260.3,1460.8,3239.15,1468.05,3212.1,1466.25,3191.05,1457.2,3165.75,1445.15
3-104,Uninfected,No_comment,Polygon,18,3329,1374.7,3335.6,1363.85,3340.45,1354.2,3345.2,1344.55,3360.3,1337.35,3369.9,1325.9,3395.8,1315,3424.15,1321.05,3438.55,1329.5,3451.2,1347.5,3456.65,1369.25,3455.45,1390.95,3439.15,1410.8,3407.25,1434.85,3377.8,1439.7,3356.05,1433.7,3339.85,1419.85,3329,1397.5
3-105,Uninfected,No_comment,Polygon,20,3289.15,1292.15,3291.05,1284.3,3295.8,1270.45,3292.2,1251.2,3290.45,1240.95,3277.8,1233.1,3264.45,1222.2,3247.65,1217.45,3230.75,1213.85,3216.35,1219.85,3192.2,1232.5,3174.75,1250,3169.3,1266.25,3171.75,1292.15,3190.45,1307.2,3204.85,1316.85,3222.95,1319.25,3235.6,1319.25,3250,1317.45,3263.25,1313.85
3-106,Uninfected,No_comment,Polygon,18,3280.15,1227.1,3278.4,1212.65,3286.2,1193.95,3304.85,1178.9,3322.95,1169.25,3357.85,1166.85,3372.95,1176.5,3382.55,1187.35,3387.95,1206.6,3390.45,1230.1,3385.6,1251.8,3372.35,1267.45,3357.85,1283.1,3336.8,1289.15,3309.1,1282.5,3293.95,1274.1,3283.8,1256.6,3277.1,1244.55
3-107,Uninfected,No_comment,Polygon,15,3442.8,1220.45,3433.15,1204.8,3431.95,1172.2,3440.35,1143.35,3465.05,1114.45,3489.75,1105.4,3519.3,1102.35,3542.15,1116.85,3559.65,1144.55,3566.25,1183.7,3551.2,1216.25,3533.75,1231.3,3508.45,1239.7,3480.15,1244.55,3462.05,1238.55
3-108,Uninfected,No_comment,Polygon,14,3336.2,1046.4,3345.2,1013.2,3379.55,990.95,3398.25,978.9,3424.7,979.5,3449.4,992.75,3462.65,1003,3468.1,1043.35,3460.3,1064.45,3450,1083.15,3427.2,1103,3398.25,1107.25,3372.95,1098.75,3353.1,1085.5
3-109,Uninfected,No_comment,Polygon,15,3241.65,984.95,3220.5,966.25,3218.7,935.5,3230.75,904.8,3247.05,890.35,3271.1,877.1,3301.8,874.05,3318.7,882.55,3331.95,894.6,3344.6,915.65,3342.8,944.6,3333.15,973.45,3317.5,986.7,3289.85,996.4,3263.85,994.6
3-110,Uninfected,No_comment,Polygon,26,3138.55,857.25,3127.1,851.75,3130.7,832.55,3127.7,814.45,3126.5,799.35,3126.5,793.95,3138.55,789.75,3148.15,769.25,3174.1,772.85,3181.3,763.2,3188.55,775.25,3213.85,775.85,3220.45,780.7,3230.7,793.35,3241.55,799.95,3246.95,809.65,3242.15,818.05,3237.95,835.5,3233.7,847.6,3216.85,854.8,3216.25,865.65,3206.6,873.45,3190.35,872.3,3175.3,881.3,3161.45,880.7,3151.8,870.5
3-111,Uninfected,No_comment,Polygon,28,3078.3,886.1,3086.75,876.45,3100,875.25,3107.8,875.85,3118.65,869.9,3131.3,880.1,3136.15,893.35,3152.4,896.4,3159.6,907.25,3159,915.05,3167.45,930.1,3166.85,944.6,3161.45,954.2,3166.25,964.45,3159,971.7,3151.8,983.15,3131.3,992.15,3115.05,1002.4,3088.55,997.55,3072.25,990.95,3053,972.85,3056.6,960.2,3052.4,951.8,3046.35,931.95,3050,924.65,3046.95,913.2,3061.45,902.4,3065.05,892.75
3-112,Uninfected,No_comment,Polygon,23,2981.3,824.65,2970.45,812,2954.8,806,2949.4,786.1,2942.75,766.25,2942.75,748.15,2946.95,733.15,2959.6,729.5,2971.05,716.25,2992.75,705.4,3015.65,706.6,3034.9,707.25,3045.15,717.45,3058.4,726.45,3066.25,754.2,3074.7,772.3,3068.05,785.5,3061.45,802.4,3046.95,816.25,3035.5,825.85,3020.45,829.5,3013.85,827.7,3001.8,832.55
3-113,Uninfected,No_comment,Polygon,25,3113.25,803.6,3097.55,799.95,3087.35,789.1,3085.5,767.45,3081.3,737.9,3086.75,714.4,3099.4,699.35,3119.25,687.3,3139.15,687.9,3164.45,695.2,3192.15,691.55,3208.4,686.1,3225.3,689.1,3245.75,702.4,3247.55,728.3,3245.15,749.35,3218.05,759.05,3202.4,761.4,3187.95,766.25,3174.1,759.05,3162.65,766.25,3152.4,771.15,3138.55,774.65,3129.5,787.3,3122.25,792.75
3-114,Uninfected,No_comment,Polygon,27,3324.7,856.6,3322.25,849.95,3315.05,841.55,3316.85,826.45,3318.05,812,3328.9,797.6,3340.95,789.1,3350,781.3,3364.45,775.25,3371.65,771.1,3376.5,775.85,3386.15,778.9,3396.95,777.1,3404.8,787.3,3405.4,798.15,3423.5,809.05,3428.3,828.9,3419.85,845.8,3418.65,851.75,3413.25,864.45,3400,870.5,3393.95,882.55,3376.5,887.3,3368.05,886.7,3348.8,883.15,3333.1,865.05,3321.05,866.25
3-115,Uninfected,No_comment,Polygon,28,3392.75,938.5,3389.15,930.1,3389.15,916.25,3396.35,906.6,3402.4,899.35,3403.6,888.5,3415.05,881.95,3424.7,877.7,3430.7,864.45,3452.4,863.2,3462.05,855.4,3485.55,860.8,3503.6,865.65,3510.2,882.55,3522.25,886.7,3521.65,899.35,3528.3,911.4,3536.15,922.3,3533.1,937.9,3524.7,948.75,3523.5,968.05,3509.6,974.05,3490.35,983.15,3475.9,977.7,3456.6,967.45,3430.7,962,3414.45,958.45,3400.6,951.8
3-116,Uninfected,No_comment,Polygon,16,3557.8,907.25,3556,884.35,3565.05,857.85,3581.3,839.75,3611.45,822.85,3633.7,818.65,3660.25,819.25,3680.1,830.7,3691.55,844.6,3699.4,875.25,3690.95,906.6,3666.25,929.5,3643.35,943.95,3611.45,948.75,3582.5,937.3,3562.65,916.85
3-117,Uninfected,No_comment,Polygon,22,3570.5,758.4,3563.85,741.55,3565.65,731.3,3563.85,719.25,3579.5,704.8,3586.75,690.35,3616.85,684.9,3646.4,689.75,3665.05,702.95,3673.5,719.85,3684.35,738.55,3690.95,750,3676.5,776.5,3659.05,781.3,3652.4,792.15,3646.4,798.7,3633.15,793.35,3613.25,795.15,3603,793.95,3592.15,784.3,3583.75,785.45,3576.5,781.3
3-118,Uninfected,No_comment,Polygon,25,3425.3,749.35,3400.6,733.7,3387.35,717.45,3377.7,707.2,3382.5,691.55,3377.1,676.5,3383.15,663.25,3392.75,652.95,3401.8,634.9,3416.85,633.7,3431.9,626.5,3445.8,625.3,3459.05,636.05,3472.9,639.75,3485.55,648.1,3493.35,662,3504.8,681.9,3499.4,695.75,3503.6,708.4,3496.4,719.85,3486.15,728.25,3481.9,741.55,3472.9,743.95,3457.8,751.8,3445.15,752.95
3-119,Uninfected,No_comment,Polygon,26,3280.7,623.4,3296.4,619.85,3316.25,621.65,3327.7,619.85,3332.5,604.8,3356,598.7,3359.65,589.15,3353,572.85,3357.2,561.35,3353,549.95,3343.35,545.75,3345.15,525.9,3329.5,524.65,3316.25,518.05,3301.8,516.2,3292.15,526.5,3268.65,516.2,3259.65,527.7,3240.35,530.1,3227.7,536.05,3231.3,560.2,3218.65,566.85,3236.75,590.9,3230.7,602.4,3247,601.2,3256.6,610.2
3-120,Uninfected,No_comment,Polygon,24,3210.85,668.65,3213.85,662,3230.7,654.8,3230.7,636.05,3224.1,618.05,3215.65,596.35,3210.85,573.4,3195.15,562.6,3184.95,554.8,3161.45,553,3157.2,560.75,3132.5,554.2,3106.6,573.4,3096.4,593.95,3095.75,605.4,3084.35,615.05,3095.75,631.3,3106,646.35,3116.25,657.8,3128.3,666.2,3145.15,670.45,3160.85,678.85,3175.3,677.1,3186.15,672.85
3-121,Uninfected,No_comment,Polygon,19,3636.75,594.55,3639.15,564.45,3662.05,538.55,3696.95,531.3,3715.65,536.75,3742.75,542.15,3764.45,545.2,3782.5,556,3795.15,577.7,3795.15,595.8,3785.55,607.2,3773.5,615.05,3755.4,614.45,3727.7,604.2,3707.8,609.65,3698.2,621.1,3681.9,624.7,3662.65,622.9,3645.15,615.05
3-122,Uninfected,No_comment,Polygon,22,3547.55,583.75,3551.8,566.85,3559,539.15,3550.6,506.6,3523.5,477.1,3494.55,464.45,3439.75,483.75,3425.3,506.6,3417.45,524.1,3412.05,543.95,3403.6,558.45,3404.8,569.25,3422.25,567.45,3417.45,583.75,3425.3,594.55,3434.9,598.2,3447.55,605.4,3460.85,604.8,3473.5,597.6,3495.75,608.45,3516.25,609.65,3528.9,599.4
3-123,Uninfected,No_comment,Polygon,21,3401.8,535.55,3400,515.05,3423.5,489.15,3430.1,472.9,3428.9,459.05,3424.1,437.95,3418.05,427.7,3398.2,406,3369.85,397.6,3337.95,403,3321.05,420.5,3310.85,438.55,3304.8,461.45,3303.6,481.9,3319.25,504.8,3335.5,515.65,3348.8,519.25,3347.55,533.15,3357.8,542.75,3369.25,550,3383.7,548.8
3-124,Uninfected,No_comment,Polygon,23,3553.6,431.3,3550,441.55,3553,460.85,3546.95,473.5,3562.05,496.4,3575.9,515.65,3589.75,513.85,3603,510.25,3613.85,506.6,3621.65,513.85,3634.9,520.5,3663.25,509.65,3676.5,494.55,3681.3,475.3,3679.5,453.6,3676.5,433.75,3668.05,419.25,3656.55,400.6,3634.9,393.95,3616.25,395.8,3592.15,404.8,3580.7,415.05,3566.85,425.3
3-125,Uninfected,No_comment,Polygon,25,3692.15,706,3684.3,686.75,3684.9,669.25,3693.95,650,3703.6,637.95,3718.65,627.7,3731.9,623.5,3744.55,631.3,3760.25,631.9,3771.05,631.9,3776.5,645.2,3786.15,655.4,3796.35,666.25,3790.35,680.1,3800,691.55,3800,704.8,3800.6,716.25,3787.95,721.1,3787.95,733.15,3775.3,742.75,3757.8,741.55,3745.15,752.4,3727.1,744.55,3714.45,730.7,3693.95,718.05
3-126,Uninfected,No_comment,Polygon,14,3843.9,919.25,3828.9,901.2,3826.45,871.1,3837.3,846.4,3858.95,825.3,3887.9,817.45,3913.8,825.3,3939.1,831.9,3951.75,842.15,3962,869.25,3953.6,898.2,3936.1,915.05,3901.15,920.45,3871,921.7
3-127,Uninfected,No_comment,Polygon,29,3837.9,940.95,3838.5,963.85,3849.35,952.4,3860.2,962.05,3871,974.7,3878.3,981.3,3873.45,1001.2,3881.85,1018.65,3888.5,1034.35,3871,1043.95,3872.85,1059.05,3856.55,1065.05,3847.55,1062.05,3822.85,1078.3,3807.15,1066.85,3796.9,1059.65,3780.7,1057.8,3776.45,1042.15,3763.2,1029.5,3770.4,1015.05,3759.55,1001.2,3774.65,998.2,3772.2,983.15,3780.1,978.3,3780.7,956.6,3799.95,956.6,3808.35,937.95,3819.8,946.4,3831.3,943.35
3-128,Uninfected,No_comment,Polygon,12,3883.05,1242.85,3887.15,1214.95,3872.85,1191.85,3847.75,1175.5,3814.35,1167.35,3779.65,1178.25,3764.7,1195.25,3766.7,1227.2,3781.7,1251.05,3798.7,1264.65,3827.95,1270.75,3859.9,1265.3
3-129,Uninfected,No_comment,Polygon,24,3922.5,1170.75,3927.25,1157.15,3938.85,1154.45,3971.5,1159.85,3992.6,1165.3,4002.8,1181.65,4010.25,1193.2,4015.1,1206.8,4015.1,1221.1,4010.95,1248.3,4012.3,1258.5,3999.4,1261.9,3989.25,1269.4,3979,1277.55,3970.8,1269.4,3959.25,1267.35,3947,1266.7,3939.5,1253.05,3931.35,1247.65,3922.5,1238.8,3912.3,1227.9,3907.55,1208.15,3906.2,1200,3907.55,1184.35
3-130,Uninfected,No_comment,Polygon,14,3976.7,1393.45,3967.95,1362.3,3975.05,1332.8,4005.15,1307.15,4027.55,1295.1,4052.1,1287.45,4085.45,1294.55,4101.3,1306.05,4112.25,1332.25,4112.25,1356.3,4093.1,1386.9,4054.3,1410.4,4029.7,1415.35,4009.5,1409.85
3-131,Uninfected,No_comment,Polygon,16,3935.75,1508.8,3940.1,1485.3,3957.05,1464.5,3976.7,1450.3,4008.4,1438.3,4035.75,1441.55,4052.65,1449.2,4064.7,1457.4,4068.5,1477.65,4069.6,1498.35,4059.8,1524.1,4034.65,1539.4,4009.5,1554.15,3993.1,1549.2,3976.15,1540.45,3954.85,1532.8
3-132,Uninfected,No_comment,Polygon,14,3857.05,1423,3843.9,1413.1,3834.1,1392.95,3832.45,1372.15,3845.55,1341,3869.05,1327.85,3892,1321.9,3918.25,1321.35,3939,1338.8,3945.55,1363.4,3946.1,1389.6,3936.25,1414.8,3918.8,1430.1,3900.2,1432.25
3-133,Uninfected,No_comment,Polygon,18,3712.75,1459.55,3722.05,1454.7,3736.8,1443.7,3750.45,1427.35,3766.3,1407.7,3759.2,1371.6,3749.9,1347.55,3726.4,1331.15,3694.2,1327.85,3663.6,1332.8,3641.15,1356.3,3630.8,1374.3,3624.25,1411.5,3636.8,1439.9,3649.35,1453.05,3669.6,1454.15,3681.05,1459.55,3690.9,1461.25
3-134,Uninfected,No_comment,Polygon,15,3690.9,1488.55,3678.9,1478.2,3650.45,1472.15,3612.75,1476,3589.8,1494,3589.25,1517.5,3583.25,1531.75,3593.65,1558.5,3608.4,1574.35,3651.55,1592.95,3684.9,1588.55,3705.65,1573.8,3714.95,1555.25,3722.6,1517,3699.1,1490.7
3-135,Uninfected,No_comment,Polygon,13,3859.2,1595.65,3869.6,1620.25,3885.45,1645.9,3902.3,1659.05,3928.6,1660.15,3956.95,1650.35,3972.25,1624.65,3973.4,1595.15,3967.4,1570,3955.95,1551.4,3923.1,1537.75,3891.4,1545.4,3869.05,1559.05
3-136,Uninfected,No_comment,Polygon,15,3109.85,2606.6,3116.35,2625.05,3114.75,2654.4,3116.35,2677.25,3127.85,2694.1,3135.95,2704.95,3150.65,2710.95,3170.7,2710.4,3209.35,2703.9,3214.2,2686.5,3214.75,2654.95,3201.7,2621.25,3177.85,2599,3155.5,2599,3130,2603.35
3-137,Uninfected,No_comment,Polygon,16,3206.6,2520.15,3200.65,2537,3197.35,2557.65,3208.2,2589.2,3234.85,2606.6,3247.9,2606.6,3263.7,2603.35,3276.2,2597.9,3289.75,2588.1,3299.55,2576.7,3304.4,2560.4,3300.05,2534.3,3291.4,2509.3,3271.85,2497.9,3250.05,2496.25,3226.15,2504.95
3-138,Uninfected,No_comment,Polygon,15,3331.6,2693.55,3329.4,2653.35,3340.3,2633.2,3362.1,2614.75,3375.1,2612,3400.6,2607.7,3418.55,2614.2,3439.2,2629.4,3451.7,2647.35,3460.4,2675.05,3453.35,2710.95,3425.1,2739.75,3396.8,2745.2,3376.7,2740.85,3350.6,2726.7
3-139,Uninfected,No_comment,Polygon,25,3321.25,2726.7,3301.2,2710.4,3268,2707.7,3230,2709.3,3223.45,2720.2,3210.4,2732.15,3212.05,2741.9,3203.85,2758.2,3205.5,2766.9,3213.1,2779.4,3198.45,2792.45,3219.7,2794.1,3227.8,2805.5,3232.7,2813.1,3244.7,2814.75,3249.05,2827.25,3263.1,2822.9,3276.2,2826.15,3284.35,2829.95,3300.05,2822.35,3318.05,2819.1,3331.05,2801.15,3342.45,2786.5,3337.55,2752.8,3333.25,2738.65
3-140,Uninfected,No_comment,Polygon,16,3166.35,2770.75,3177.85,2793,3184.35,2820.75,3176.15,2847.35,3163.65,2863.65,3144.7,2877.25,3122.35,2878.9,3101.15,2873.45,3084.85,2862.05,3074,2847.35,3069.1,2815.3,3076.7,2788.1,3091.35,2773.45,3108.8,2760.4,3125.65,2757.7,3145.7,2761.5
3-141,Uninfected,No_comment,Polygon,15,3024.5,2460.4,3012.55,2474,3005.5,2494.65,3009.3,2530.5,3023.5,2559.85,3049.5,2580.5,3075.05,2588.65,3095.2,2582.15,3115.85,2565.3,3129.4,2547.9,3131.6,2513.65,3118.55,2469.1,3091.9,2447.35,3077.85,2439.75,3057.15,2438.65
3-142,Uninfected,No_comment,Polygon,17,3637.05,2409.3,3635.95,2422.9,3617.5,2435.4,3610.95,2451.7,3609.85,2483.75,3621.35,2498.4,3641.4,2514.75,3665.85,2528.3,3688.2,2532.65,3709.35,2524.5,3722.35,2512.55,3730.55,2495.15,3728.35,2464.75,3719.15,2438.65,3697.95,2422.9,3668.6,2414.2,3646.35,2411.45
3-143,Uninfected,No_comment,Polygon,14,3472.4,2453.3,3444.1,2439.2,3413.1,2433.2,3393.05,2439.2,3370.25,2458.75,3367.45,2481.55,3376.75,2513.1,3389.25,2528.85,3421.8,2548.95,3451.15,2547.35,3469.1,2547.35,3483.3,2539.2,3489.25,2515.8,3489.75,2486.45
3-144,Uninfected,No_comment,Polygon,15,2490.55,2909.5,2487.25,2876.7,2493.9,2848.9,2517.25,2818.9,2541.7,2804.5,2562.25,2802.8,2576.1,2810.6,2587.8,2822.8,2597.85,2842.25,2596.7,2877.25,2592.8,2906.7,2580.55,2933.9,2552.25,2948.9,2530,2945.6,2510,2935.05
3-145,Uninfected,No_comment,Polygon,15,2395,2904.5,2421.1,2894.5,2437.8,2882.25,2454.45,2865.05,2448.9,2829.5,2442.8,2807.25,2417.25,2785.05,2395.55,2776.7,2374.45,2782.25,2352.25,2796.15,2339.45,2826.15,2331.1,2851.7,2337.8,2873.9,2351.1,2896.7,2362.25,2900.6
3-146,Uninfected,No_comment,Polygon,15,2663.9,2853.35,2679.45,2806.7,2699.45,2780.05,2723.35,2772.25,2747.8,2772.8,2767.25,2784.5,2777.25,2805.05,2773.35,2831.15,2764.45,2856.7,2747.8,2890.05,2730.55,2908.35,2707.8,2915.05,2682.25,2913.35,2670,2904.5,2659.45,2880.6
3-147,Uninfected,No_comment,Polygon,14,1170.7,1628.65,1177.5,1610.6,1195.55,1594,1224.1,1590.3,1254.95,1591.05,1280.5,1600.8,1296.3,1615.05,1299.3,1646.7,1293.3,1669.25,1277.5,1684.3,1251.95,1689.55,1215.85,1682.05,1188.75,1665.5,1173.75,1648.2
3-148,Uninfected,No_comment,Polygon,12,1271.55,1312.6,1280.4,1283.55,1298.1,1265.8,1333.55,1253.15,1369.65,1261.4,1403.2,1294.95,1404.45,1338.55,1394.95,1375.9,1351.3,1398.05,1324.7,1394.95,1287.35,1379.75,1275.35,1360.1
3-149,Uninfected,No_comment,Polygon,14,1417.1,1369,1426.6,1334.15,1446.85,1314.5,1473.45,1306.9,1501.3,1308.8,1525.35,1322.8,1534.85,1345.55,1539.9,1368.3,1532.3,1401.25,1510.15,1422.1,1482.95,1429.1,1462.05,1425.9,1438,1414.5,1424.05,1401.25
3-150,Uninfected,No_comment,Polygon,13,1130.4,1355.05,1148.75,1365.8,1169,1375.9,1185.45,1379.75,1205.1,1372.1,1221.55,1365.2,1239.9,1349.35,1246.85,1326.6,1243.05,1289.25,1229.75,1265.8,1205.7,1255.7,1170.25,1258.8,1139.25,1270.9
3-151,Uninfected,No_comment,Polygon,14,1295.55,1143.05,1282.9,1127.2,1275.3,1104.4,1281.65,1076.55,1308.25,1053.8,1337.35,1046.15,1368.3,1046.15,1399.95,1056.3,1419.6,1087.95,1420.9,1105,1407.6,1132.85,1384.8,1152.5,1351.85,1159.5,1317.7,1159.5
3-152,Uninfected,No_comment,Polygon,14,1277.85,991.75,1276.6,958.2,1286.05,922.15,1310.75,904.4,1339.85,900.6,1363.9,900.6,1387.95,920.85,1406.95,949.3,1410.15,974.05,1402.55,1000.6,1381.65,1018.3,1351.25,1021.5,1326.6,1023.4,1299.95,1010.7
3-153,Uninfected,No_comment,Polygon,14,1556.95,973.4,1561.4,932.85,1575.9,924.65,1607.6,922.15,1641.15,928.45,1663.95,942.35,1681.6,972.75,1684.2,1001.9,1667.7,1029.05,1648.75,1043.65,1615.2,1048.7,1592.35,1039.85,1574,1025.25,1560.75,1003.8
3-154,Uninfected,No_comment,Polygon,13,1722.75,921.5,1715.8,881.65,1739.2,838.55,1767.05,821.5,1791.1,813.9,1825.95,823.35,1847.45,842.35,1853.8,876.55,1842.4,915.8,1817.05,939.25,1792.4,948.1,1764.55,948.1,1738.6,942.35
3-155,Uninfected,No_comment,Polygon,15,1468.95,888.55,1456.3,872.15,1442.4,829.75,1442.4,801.9,1469.6,772.15,1494.9,763.3,1523.4,766.45,1555.05,789.85,1576.55,819,1591.1,848.1,1579.75,884.75,1562.65,901.2,1539.2,913.3,1508.2,912,1491.1,908.8
3-156,Uninfected,No_comment,Polygon,16,1502.5,663.9,1494.9,674.05,1483.5,689.85,1493.65,724.05,1509.45,744.9,1548.7,753.8,1569.6,751.9,1587.95,734.75,1607.6,715.2,1614.55,674.05,1594.9,644.9,1578.45,622.75,1558.85,614.55,1531,617.7,1518.35,625.25,1508.2,639.25
3-157,Uninfected,No_comment,Polygon,15,1650.6,724.05,1648.1,700,1654.4,665.8,1665.8,651.2,1681,637.95,1704.4,629.75,1730.35,634.15,1760.75,654.4,1778.45,693,1770.25,732.85,1758.2,761.4,1732.9,772.75,1710.75,777.15,1688.6,768.35,1666.45,753.8
3-158,Uninfected,No_comment,Polygon,16,1999.35,824.05,1984.15,810.75,1975.95,788,1974.65,762.65,1989.85,731.65,2012.65,720.9,2037.95,720.9,2050.6,730.4,2067.7,729.1,2076.55,740.5,2083.55,761.4,2086.7,780.4,2087.35,806.35,2074.05,820.9,2054.4,832.9,2024.05,832.3
3-159,Uninfected,No_comment,Polygon,14,2040.5,576.6,2027.2,597.45,2026.55,619.65,2041.15,651.25,2064.55,673.4,2100.6,682.9,2125.95,674.7,2146.8,662.05,2153.8,638.55,2146.8,609.5,2132.9,584.8,2106.95,572.15,2084.8,564.55,2066.45,567.1
3-160,Uninfected,No_comment,Polygon,13,2233.55,742.4,2229.1,698.75,2258.2,660.75,2282.9,655.7,2312,663.95,2329.1,680.4,2341.15,706.35,2344.3,734.2,2324.05,777.2,2303.8,793.05,2281.65,796.85,2248.7,782.9,2237.95,767.75
3-161,Uninfected,No_comment,Polygon,17,2200.65,443,2201.9,429.05,2215.85,417.65,2251.3,404.4,2282.3,398.1,2312.7,400,2332.95,412.65,2346.25,428.45,2354.45,453.8,2344.3,484.75,2328.5,522.15,2297.5,539.85,2262.05,534.75,2241.8,524.65,2229.75,508.8,2223.45,484.75,2217.05,470.25
3-162,Uninfected,No_comment,Polygon,14,2101.9,546.2,2091.1,512,2093.05,483.55,2107,460.75,2122.8,445.5,2141.8,440.5,2163.3,444.3,2186.7,456.3,2204.45,485.45,2212.65,524.05,2207.6,548.1,2186.7,568.95,2160.15,570.25,2129.15,565.8
3-163,Uninfected,No_comment,Polygon,14,1943.7,672.15,1922.15,667.7,1901.9,656.3,1881,634.15,1872.15,596.8,1879.15,564.55,1902.55,541.75,1931.05,531.65,1959.5,535.45,1984.8,556.3,1999.4,583.55,1998.1,624.65,1994.95,647.4,1980.4,660.7
3-164,Uninfected,No_comment,Polygon,27,2322.2,538.6,2338,539.25,2339.25,524.05,2360.15,523.35,2365.85,514.55,2387.35,523.35,2408.25,532.85,2415.2,541.15,2426.6,548.1,2436.75,562.65,2439.25,575.25,2447.5,584.75,2434.2,595.5,2439.25,613.3,2420.25,617.7,2422.75,627.85,2405.1,630.35,2398.75,633.55,2388,643.05,2374.7,637.35,2358.25,633.55,2342.4,628.45,2335.45,617.7,2324.1,608.8,2315.2,594.3,2318.35,582.25,2312.05,568.35
3-165,Uninfected,No_comment,Polygon,30,2415.2,467.05,2431.65,458.8,2433.55,446.2,2443.05,434.15,2465.2,429.75,2477.25,419.55,2484.85,423.35,2491.15,417.05,2503.8,419.55,2514.6,415.15,2524.1,421.45,2531.65,427.15,2542.45,429.05,2544.3,448.7,2555.1,451.2,2563.3,456.3,2558.25,466.45,2562.7,487.95,2555.7,503.1,2539.9,512.65,2538.65,527.15,2524.1,530.35,2515.2,537.35,2498.7,534.75,2488.65,534.75,2472.15,534.15,2460.8,525.25,2442.4,512.65,2433.55,503.1,2425.35,487.35
3-166,Uninfected,No_comment,Polygon,21,2358.25,334.8,2369.65,325.9,2369.65,308.2,2381.6,294.9,2398.75,282.9,2427.2,272.1,2449.4,270.85,2472.75,280.35,2484.8,293.65,2493.7,318.3,2492.4,341.1,2486.1,364.55,2474.05,383.5,2453.15,398.7,2419.65,414.55,2395.6,407.55,2378.5,395.55,2368.35,383.5,2360.75,367.05,2362.65,356.3,2359.45,348.05
3-167,Uninfected,No_comment,Polygon,22,2351.85,225.3,2354.45,203.15,2348.75,194.25,2348.75,163.9,2358.25,152.5,2373.45,146.8,2409.45,140.45,2436.7,148.7,2444.3,151.85,2453.75,168.95,2472.75,180.35,2488,196.15,2498.1,215.8,2500.65,232.9,2490.5,246.8,2474.7,257.55,2457.55,253.75,2432.9,244.25,2416.45,253.15,2403.15,256.95,2380.4,251.25,2365.15,243
3-168,Uninfected,No_comment,Polygon,15,2142.75,127.15,2152.05,102.9,2175.75,84.4,2204.05,74.55,2228.35,76.95,2247.4,91.4,2265.9,127.15,2265.9,158.45,2252.05,187.9,2227.2,215.1,2208.7,221.4,2188.45,215.1,2171.65,204.05,2154.9,190.75,2144.45,161.25
3-169,Uninfected,No_comment,Polygon,18,2031.8,269.35,2039.85,241.6,2049.65,228.3,2062.95,217.35,2086.1,216.8,2108.7,223.7,2125.4,237,2142.2,258.45,2148.5,285.55,2146.85,307.5,2142.75,338.8,2133.5,349.75,2117.35,363.05,2093.05,363.6,2074,351.45,2053.15,334.15,2033.5,317.9,2027.75,293.65
3-170,Uninfected,No_comment,Polygon,17,2164.1,299.4,2172.2,283.25,2191.3,270.5,2213.9,267.7,2239.25,269.95,2262.95,286.2,2276.85,305.85,2275.15,333.5,2274.6,357.2,2255.5,382.15,2230,395.35,2198.85,413.3,2164.75,411.05,2152.05,396,2145.1,380.35,2151.45,357.2,2158.35,342.2
3-171,Uninfected,No_comment,Polygon,15,2798.3,179.2,2805.15,165.9,2821.4,146.25,2850.9,138.15,2885.55,146.25,2902.9,164.2,2915,179.75,2915,219.65,2908.1,242.75,2892.5,259.55,2864.75,270.5,2835.85,269.35,2813.85,258.35,2805.75,242.75,2797.7,212.15
3-172,Uninfected,No_comment,Polygon,21,2587.25,150.3,2595.35,133.5,2594.2,123.7,2608.05,125.4,2610.95,113.85,2628.3,100.55,2659.5,103.45,2673.95,113.3,2684.95,128.9,2689.6,161.25,2688.4,180.35,2679.15,190.15,2672.8,201.15,2669.9,211.55,2656.05,216.75,2636.4,224.85,2619.05,220.2,2608.65,210.95,2594.8,203.45,2587.85,197.1,2582.05,181.5
3-173,Uninfected,No_comment,Polygon,19,2572.8,143.9,2565.9,128.3,2561.25,106.9,2541.6,86.7,2517.3,73.4,2503.45,77.45,2483.2,81.5,2474.55,95.35,2464.15,113.3,2464.15,136.4,2472.8,147.95,2487.25,174.55,2504.6,187.25,2517.9,202.9,2539.85,205.75,2552,206.35,2561.85,197.1,2568.75,181.5,2569.35,160.1
3-174,Uninfected,No_comment,Polygon,31,2656.05,254.3,2663.55,243.9,2666.45,234.1,2676.85,228.9,2689.6,225.4,2696.5,213.3,2708.05,213.85,2720.8,200,2730.6,188.45,2749.1,196.5,2756.65,208.1,2784.95,217.9,2771.65,229.45,2783.8,242.2,2787.85,258.35,2774.55,264.15,2771.65,280.9,2772.25,294.2,2733.5,294.8,2745.65,306.35,2746.25,319.65,2728.9,317.9,2713.3,321.35,2709.8,331.8,2691.9,330.6,2685.55,320.8,2679.15,322.55,2667.05,319.05,2665.9,305.2,2646.8,306.9,2652.6,288.45
3-175,Uninfected,No_comment,Polygon,24,2720.8,332.95,2716.15,352,2721.95,365.3,2730.6,375.15,2730.6,389,2749.7,397.1,2759.5,411.55,2768.2,428.9,2784.4,418.5,2792.45,425.4,2795.35,430.05,2806.35,423.7,2820.8,424.85,2844.5,427.15,2840.45,405.2,2838.7,385.55,2846.25,372.25,2853.15,365.3,2814.45,350.3,2818.5,327.75,2784.4,331.8,2759.5,313.3,2750.85,326,2724.85,324.25
3-176,Uninfected,No_comment,Polygon,26,2872.8,321.35,2871.1,309.25,2871.65,295.95,2879.15,280.9,2891.3,272.8,2904.05,265.9,2902.3,256.65,2920.2,257.8,2935.8,258.35,2941.6,249.7,2950.85,256.65,2971.1,256.65,2990.75,269.95,2993.05,291.3,2998.85,320.8,2993.05,350.3,2980.35,369.35,2974.55,383.2,2964.7,386.7,2947.4,384.4,2930.05,389.6,2911.55,387.85,2905.75,371.65,2889.6,371.1,2880.35,368.75,2878.6,356.05
3-177,Uninfected,No_comment,Polygon,33,2980.35,238.7,2977.45,226.6,2983.8,216.15,2979.15,203.45,2982.65,193.65,2983.8,184.95,2986.1,173.4,2994.8,169.35,3008.1,164.15,3015.6,160.1,3035.8,158.35,3040.45,153.15,3046.25,155.5,3052.6,164.75,3064.7,164.15,3075.15,169.35,3079.15,181.5,3088.4,186.7,3100.55,194.2,3105.2,212.15,3089,226,3072.25,239.3,3061.25,254.9,3061.25,271.65,3061.25,283.2,3049.1,282.05,3039.3,284.95,3029.45,284.95,3019.65,278,3009.8,280.35,3001.15,274,2999.4,261.85,2986.7,253.75
3-178,Uninfected,No_comment,Polygon,19,3061.25,253.1,3060.65,279.2,3071.05,286.7,3082,304.6,3096.45,315,3112.1,320.3,3127.15,322.55,3139.05,314.45,3156.05,307.5,3168.2,305.2,3165.85,291.3,3164.15,274,3168.2,248.55,3155.45,233.5,3121.35,221.95,3097.1,217.9,3078,235.3,3065.3,246.2,3060.7,258.85
3-179,Uninfected,No_comment,Polygon,23,3104.6,317.8,3099.4,330.65,3101.1,341.05,3110.35,353.15,3114.95,364.2,3123.1,367.7,3135.8,368.25,3144.5,381.5,3154.3,374,3171.65,375.7,3183.2,373.45,3194.75,368.8,3206.9,365.3,3201.05,346.25,3206.9,334.1,3202.85,323.7,3197.1,307.5,3202.85,294.8,3182,292.5,3163.55,281.4,3152,279.65,3138.1,288.9,3124.8,297.6
3-180,Uninfected,No_comment,Polygon,24,3189,376.3,3190.7,392.5,3184.35,401.75,3189.55,410.4,3189,424.9,3189.55,438.15,3205.7,445.65,3213.25,454.9,3231.75,450.85,3245.05,458.45,3247.9,446.25,3261.25,448.6,3267.55,441.6,3278,425.45,3283.8,412.7,3278.6,401.2,3290.7,389,3284.95,377.5,3275.1,356.05,3253.65,347.4,3235.25,350.85,3224.2,345.65,3212.7,356.65,3199.4,369.2
3-181,Uninfected,No_comment,Polygon,23,3009.8,479.2,3013.85,470.5,3005.7,457.8,3009.2,444,3021.35,424.25,3039.8,406.95,3068.75,409.25,3084.95,419.05,3108.65,423.1,3115.5,433.5,3116.75,444.55,3127.7,447.95,3128.3,467.7,3123.65,474,3134.05,482.7,3125.35,492.5,3110.35,507.5,3104.6,521.95,3091.25,516.2,3075.7,523.1,3053.65,520.3,3031.75,511.05,3012.1,497.15
3-182,Uninfected,No_comment,Polygon,18,3242.35,268,3251.1,247.45,3267.1,226.25,3283.6,214.45,3304.2,209.75,3319.65,220.6,3336.15,235.55,3352.65,265.45,3357.8,285.55,3349.05,314.95,3327.4,331.9,3303.15,340.75,3274.3,345.9,3261.95,340.15,3253.7,329.9,3244.4,319.55,3238.75,302.6,3238.2,289.2
3-183,Uninfected,No_comment,Polygon,19,3356.8,279.35,3369.15,259.75,3388.75,250.5,3407.3,247.45,3422.75,251.5,3431,260.25,3450.1,273.15,3457.8,297.9,3455.25,329.9,3443.9,359.3,3422.25,374.7,3401.1,383.45,3381,380.4,3365.55,372.15,3354.7,364.4,3343.4,347.45,3341.3,335.55,3345.95,320.55,3350.6,306.15
3-184,Uninfected,No_comment,Polygon,23,3429.45,369.6,3422.25,384.05,3421.2,398.45,3425.35,410.25,3434.6,427.35,3445.45,439.65,3465.55,443.8,3475.85,445.9,3498,442.75,3512.95,431.45,3532.05,420.65,3542.85,413.4,3550.1,399,3553.7,384.5,3559.35,375.8,3548,362.85,3539.25,346.85,3530.5,338.6,3515.05,332.5,3494.4,330.95,3482.05,330.4,3468.1,339.65,3453.7,340.75
3-185,Uninfected,No_comment,Polygon,20,2826.85,465.95,2829.45,455.65,2837.15,448.45,2854.2,444.3,2871.2,446.4,2880.45,443.3,2893.85,451.55,2921.2,475.25,2919.65,495.85,2928.4,512.35,2916.55,526.8,2910.9,543.8,2896.45,558.75,2874.3,568.55,2845.4,559.25,2832.55,547.4,2821.2,538.15,2815.5,521.65,2813.95,497.95,2819.65,483.5
3-186,Uninfected,No_comment,Polygon,29,2798,498.95,2799,485.55,2785.1,474.75,2768.1,471.1,2760.35,464.4,2744.4,461.85,2732.5,472.65,2719.05,473.2,2711.9,480.4,2703.65,493.3,2692.85,508.25,2687.15,519.05,2689.2,534.5,2683.05,546.9,2686.6,555.65,2695.9,565.95,2701.1,578.35,2712.4,584.55,2730.45,592.25,2751.1,591.75,2765,595.35,2781,589.15,2792.85,586.6,2800.05,575.25,2807.8,559.8,2816.5,550.5,2816.05,538.15,2812.35,526.3,2813.45,510.25
3-187,Uninfected,No_comment,Polygon,16,2841.3,650.5,2840.75,629.35,2850.05,608.25,2865,594.85,2876.35,587.6,2911.9,592.25,2929.95,602.55,2944.4,628.35,2953.65,655.15,2958.8,671.65,2952.1,693.3,2938.7,713.4,2908.8,721.15,2882.55,715.95,2868.1,711.35,2854.7,693.8
3-188,Uninfected,No_comment,Polygon,17,2791.8,832.45,2784.6,819.6,2775.85,800.55,2779.95,765.5,2795.95,740.7,2813.45,730.9,2830.45,726.25,2859.35,723.7,2885.6,740.7,2902.65,769.55,2907.25,795.35,2897.5,824.2,2884.6,844.3,2860.35,858.8,2837.15,863.9,2814.5,862.35,2794.4,848.45
3-189,Uninfected,No_comment,Polygon,21,2770.65,828.3,2769.1,835,2760.9,844.3,2749,849.45,2745.95,858.2,2750.55,880.45,2758.3,895.85,2765.5,907.2,2777.35,920.1,2802.65,924.7,2822.75,921.6,2837.7,913.9,2853.15,903.6,2860.9,893.25,2861.9,877.3,2868.1,867.05,2861.3,847.4,2849.5,822.7,2827.85,817.55,2807.2,822.15,2788.7,829.4
3-190,Uninfected,No_comment,Polygon,14,1503.3,500.5,1486.9,519.55,1491.1,548.15,1500.65,578.85,1521.85,589.45,1557.3,600.55,1589.55,598.95,1610.15,595.25,1630.25,581.5,1638.75,563.5,1635.05,532.25,1624.5,504.8,1578.95,487.8,1537.7,483.6