218,5312,2988
1-1,Parasitized,No_comment,Polygon,25,3069.95,2087.45,3074.2,2067.45,3083.3,2036.55,3099.05,2017.75,3118.45,2008.05,3147.55,2003.2,3177.25,2005,3197.85,2015.3,3211.8,2026.85,3217.25,2035.95,3218.45,2051.7,3216,2065,3217.25,2080.2,3215.4,2101.4,3209.95,2114.7,3202.1,2123.2,3196.65,2133.5,3171.8,2140.8,3157.85,2148.65,3139.7,2150.5,3114.85,2146.25,3102.05,2138.4,3085.15,2123.2,3076,2108.05,3070.55,2097.15
1-2,Parasitized,No_comment,Polygon,20,2929.35,2128.05,2937.8,2143.8,2948.1,2163.25,2956,2178.95,2970.55,2191.1,2985.7,2200.8,3005.1,2201.4,3025.75,2200.2,3053,2188.65,3068.75,2169.95,3073.6,2148.05,3071.15,2122,3063.3,2094.7,3051.75,2079.55,3026.3,2067.45,3001.45,2065,2982.65,2066.85,2962.65,2077.15,2949.95,2095.95,2935.4,2113.55
1-3,Parasitized,No_comment,Polygon,22,3177.85,2004.45,3169.95,1992.3,3155.4,1961.4,3158.45,1931.05,3167.55,1898.95,3177.85,1882.6,3209.95,1872.3,3229.95,1869.25,3256.65,1878.35,3274.8,1889.85,3288.15,1915.3,3289.95,1932.9,3289.95,1946.2,3297.25,1958.35,3288.15,1966.25,3268.15,1984.4,3252.4,2011.7,3246.35,2032.3,3234.2,2039.55,3215.4,2035.35,3203.9,2017.15,3180.85,2003.8
1-4,Parasitized,No_comment,Polygon,25,2833.55,2133.5,2832.95,2148.65,2838.4,2163.25,2844.5,2172.3,2860.85,2181.4,2882.65,2185.65,2897.8,2180.8,2912.35,2169.25,2925.7,2146.85,2926.9,2132.9,2934.2,2113.55,2945.1,2098.35,2950.55,2081.4,2950.55,2054.15,2942.05,2040.15,2928.1,2027.45,2909.35,2022.6,2882.65,2026.3,2869.35,2032.9,2848.1,2041.4,2840.25,2060.15,2846.3,2075.95,2847.5,2097.15,2847.5,2117.15,2839.65,2126.25
1-5,Parasitized,No_comment,Polygon,20,2832.95,2131.7,2809.95,2142,2786.9,2149.25,2775.4,2146.85,2765.7,2142,2751.75,2129.25,2740.85,2110.55,2734.15,2094.1,2737.2,2074.1,2745.7,2055.35,2759,2043.2,2768.1,2034.7,2786.3,2032.3,2797.2,2037.75,2820.25,2051.7,2834.8,2062,2843.8,2069.85,2847.45,2084.4,2846.85,2104.4,2842.1,2120.2
1-6,Parasitized,No_comment,Polygon,21,2671.75,1925.6,2668.1,1912.9,2667.5,1892.35,2673.6,1874.1,2689.9,1854.1,2707.5,1852.9,2713.55,1849.25,2729.3,1841.95,2744.45,1841.95,2769.9,1848.65,2787.55,1867.45,2794.75,1892.35,2796,1918.95,2791.75,1934.7,2779.6,1953.5,2758.4,1964.4,2740.85,1969.85,2727.5,1963.2,2708.1,1960.75,2694.75,1952.3,2688.75,1940.15
1-7,Parasitized,No_comment,Polygon,22,2859,1855.3,2857.25,1843.8,2870.55,1820.15,2889.95,1803.8,2908.1,1795.9,2937.8,1795.9,2967.5,1806.8,2985.1,1821.95,2999.05,1846.8,2999.65,1862,3001.45,1873.5,3002.05,1881.35,2992.95,1888.05,2985.7,1891.65,2983.25,1898.35,2974.2,1908.65,2957.8,1917.2,2930.55,1919.55,2904.5,1918.35,2882.65,1911.7,2862.65,1891.65,2857.25,1864.4
1-8,Parasitized,No_comment,Polygon,24,3163.2,2147.4,3156.6,2160.75,3151.15,2179.55,3157.2,2200.75,3165.65,2217.15,3181.45,2233.5,3189.3,2246.15,3200.2,2252.85,3216,2254.1,3225.7,2248,3241.45,2243.8,3255.4,2235.85,3264.45,2227.45,3263.25,2205,3259.6,2194.7,3253.55,2176.45,3252.3,2161.95,3245.7,2147.4,3236.6,2140.15,3223.2,2134.7,3208.7,2130.45,3196.6,2134.05,3178.4,2138.35,3171.15,2141.35
1-9,Parasitized,No_comment,Polygon,23,3154.15,2375.95,3134.1,2356.55,3123.2,2344.4,3114.75,2321.4,3114.75,2294.7,3128.05,2266.85,3146.9,2251.7,3166.9,2246.15,3192.25,2246.1,3207.45,2255.85,3234.15,2269.25,3245.7,2297.7,3251.15,2318.35,3256,2338.35,3252.3,2351.1,3240.85,2351.1,3235.35,2361.4,3225.05,2378.35,3202.6,2384.95,3193.5,2378.95,3186.3,2380.8,3175.35,2383.2,3163.8,2380.8
1-10,Parasitized,No_comment,Polygon,19,3108.7,2426.85,3121.45,2409.2,3141.45,2400.8,3169.95,2398.95,3196.6,2401.35,3212.35,2420.8,3217.2,2430.5,3232.35,2443.2,3245.1,2470.5,3243.9,2495.35,3233,2518.3,3203.3,2542,3174.2,2548.6,3142.05,2544.45,3119.65,2529.25,3106.3,2511.7,3094.8,2490.45,3092.35,2463.2,3105.7,2433.5
1-11,Parasitized,No_comment,Polygon,21,2709.9,2363.2,2702,2348.65,2697.15,2317.75,2701.4,2292.25,2709.9,2278.35,2715.35,2266.2,2725.65,2255.3,2745.05,2248,2772.35,2251,2814.75,2274.1,2825.05,2303.2,2826.3,2322.55,2819.6,2349.8,2806.9,2372.9,2792.35,2380.8,2770.5,2386.8,2756.55,2387.45,2741.4,2385.65,2734.75,2378.95,2723.25,2373.5,2718.4,2366.8
1-12,Parasitized,No_comment,Polygon,22,2587.45,2801.45,2589.25,2791.75,2593.45,2771.75,2601.4,2753.55,2614.7,2737.2,2632.85,2728.1,2660.8,2726.9,2680.2,2727.5,2697.7,2741.45,2711.65,2767.5,2718.35,2783.85,2715.35,2806.9,2708.05,2823.85,2695.35,2841.45,2669.85,2855.35,2645.65,2857.2,2618.3,2847.5,2606.85,2840.2,2595.95,2827.5,2591.1,2823.25,2583.8,2815.35,2584.4,2808.7
1-13,Parasitized,No_comment,Polygon,20,2575.95,2676.55,2575.3,2659.6,2575.3,2639,2584.4,2625.05,2593.45,2617.8,2599.55,2603.25,2618.3,2598.4,2623.8,2588.7,2647.4,2590.5,2674.7,2599,2692.9,2615.35,2708.65,2637.8,2715.95,2679.6,2706.8,2702.05,2686.8,2720.2,2658.35,2726.95,2628.65,2727.5,2602.55,2720.8,2584.4,2699.6,2576.55,2686.9
1-14,Parasitized,No_comment,Polygon,19,2832.35,2982.05,2820.8,2968.15,2813.55,2957.2,2806.9,2953.6,2806.9,2943.9,2809.3,2938.45,2812.35,2911.15,2819.6,2887.5,2836,2865.1,2854.15,2854.8,2881.45,2851.75,2922.05,2854.8,2933.55,2867.5,2952.95,2893.6,2958.4,2916.6,2958.4,2945.7,2943.85,2971.15,2934.75,2984.5,2837.2,2987.5
1-15,Parasitized,No_comment,Polygon,19,2238.95,2952.95,2231.1,2937.8,2223.8,2909.3,2231.1,2879,2238.95,2859,2257.75,2841.45,2292.9,2829.3,2318.35,2831.15,2349.9,2842.05,2367.45,2854.75,2379,2876.6,2388.05,2907.5,2382,2935.4,2366.85,2962.05,2348.65,2976.6,2309.9,2980.25,2275.35,2975.4,2251.1,2970.55,2242.6,2964.45
1-16,Parasitized,No_comment,Polygon,19,2126.25,2969.3,2113.5,2965.1,2103.2,2954.8,2082.6,2939,2073.5,2913.55,2085,2859,2097.75,2843.85,2120.75,2826.3,2151.1,2819.6,2168.65,2814.75,2199.55,2825.65,2215.95,2852.95,2215.35,2882.05,2218.95,2912.35,2210.5,2928.1,2197.15,2945.1,2178.95,2957.8,2162.6,2969.95,2140.75,2971.75
1-17,Parasitized,No_comment,Polygon,24,1430.45,2397.3,1425.45,2384.6,1430.45,2365.8,1434.25,2350.35,1433.75,2337.05,1439.8,2324.35,1463.6,2316.05,1476.85,2318.85,1496.2,2311.1,1516.05,2307.8,1529.9,2312.2,1538.7,2316.6,1548.7,2322.15,1553.1,2338.75,1564.15,2348.65,1566.85,2363.05,1566.3,2384.6,1563.6,2403.35,1550.3,2414.4,1510.55,2437.05,1490.6,2438.2,1469.65,2437.6,1451.95,2428.8,1439.8,2413.85
1-18,Parasitized,No_comment,Polygon,18,1607.25,2100.6,1608.4,2087.35,1612.75,2069.65,1619.45,2052,1637.1,2034.35,1663.1,2021.6,1689.55,2022.2,1713.9,2024.9,1728.8,2034.85,1742.6,2063.05,1750.9,2089.6,1743.15,2118.3,1728.8,2140.4,1696.25,2153.1,1662.5,2157.5,1639.3,2146.45,1622.7,2129.9,1608.95,2112.2
1-19,Parasitized,No_comment,Polygon,19,1480.7,2125.45,1453.1,2102.8,1449.25,2085.7,1452,2066.4,1458.6,2053.65,1443.75,2024.35,1470.2,2026,1483.5,2017.2,1515,2003.35,1546.45,2001.2,1556.95,2010,1577.4,2030.45,1589,2056.45,1599.5,2078,1590.1,2094,1571.35,2106.15,1549.8,2123.25,1524.35,2128.8,1496.2,2127.15
1-20,Parasitized,No_comment,Polygon,20,1373,2192.85,1334.35,2182.4,1312.25,2163.6,1314.4,2147.55,1314.95,2128.25,1314.95,2107.8,1326.55,2096.75,1342.6,2081.25,1357.5,2067.5,1379.05,2061.95,1398.4,2061.45,1418.85,2069.1,1433.25,2083.55,1447.55,2107.25,1448.65,2133.25,1443.2,2160.85,1440.4,2174.65,1429.35,2184.05,1407.8,2191.2,1392.85,2193.45
1-21,Parasitized,No_comment,Polygon,18,1337.6,2046.45,1329.35,2043.15,1313.3,2034.35,1298.95,2024.35,1290.15,2002.8,1285.7,1979.1,1293.95,1953.1,1309.45,1931,1335.4,1919.95,1363.05,1917.75,1387.95,1928.8,1404.45,1940.95,1419.95,1970.75,1421.1,1998.4,1417.2,2022.2,1398.4,2038.7,1373,2048.1,1357,2049.2
1-22,Parasitized,No_comment,Polygon,21,1790.1,1680.15,1773,1666.35,1761.4,1632.1,1761.95,1604.5,1779.6,1565.75,1801.7,1554.15,1828.25,1552.5,1852,1556.4,1877.4,1563.55,1900.05,1570.75,1905.05,1578.5,1901.2,1589.55,1902.25,1607.2,1902.25,1627.15,1901.2,1644.8,1891.75,1664.65,1874.6,1680.7,1858.05,1687.9,1833.75,1690.65,1818.3,1692.9,1801.15,1689
1-23,Parasitized,No_comment,Polygon,20,1814.4,1695.05,1805,1708.85,1786.25,1717.7,1777.4,1734.85,1771.85,1764.1,1777.4,1790.65,1785.1,1809.45,1805,1824.9,1823.8,1832.65,1840.35,1837.05,1861.9,1833.2,1879.6,1822.7,1896.75,1807.2,1913.3,1781.8,1914.4,1756.4,1902.8,1728.75,1882.35,1708.3,1868.55,1701.7,1855.85,1687.85,1818.85,1692.3
1-24,Parasitized,No_comment,Polygon,20,1690.65,1733.2,1671.3,1725.45,1660.25,1713.3,1642,1701.15,1632.1,1688.4,1631.5,1672.95,1635.4,1663,1638.7,1644.25,1649.2,1625.45,1664.1,1611.1,1690.65,1599.45,1726,1598.35,1739.25,1606.65,1759.7,1622.15,1770.25,1663.6,1769.65,1675.7,1763,1692.85,1747,1713.85,1729.85,1727.65,1705,1732.65
1-25,Parasitized,No_comment,Polygon,23,1326,1795.05,1314.4,1781.8,1300,1754.2,1291.75,1734.3,1296.15,1718.8,1297.8,1708.85,1305,1700.05,1318.25,1690.65,1329.85,1673.5,1343.1,1665.75,1369.65,1664.1,1397.25,1663.55,1411.65,1671.85,1429.85,1681.8,1442.55,1701.15,1446.45,1725.45,1440.35,1753.6,1429.3,1777.4,1418.8,1789.55,1396.7,1795.6,1378.5,1800.6,1364.65,1802.25,1337.05,1800.6
1-26,Parasitized,No_comment,Polygon,22,1882.95,1521.05,1873.55,1513.3,1861.4,1491.2,1859.15,1460.25,1865.75,1433.2,1881.85,1417.7,1896.2,1411.65,1946.45,1414.4,1981.85,1440.3,1997.25,1456.9,2005.05,1462.4,2006.15,1474,2007.75,1482.35,2015,1502.25,2011.65,1518.75,2001.15,1531,1996.15,1542.05,1978.5,1551.35,1959.75,1555.25,1935.95,1550.8,1908.3,1540.3,1896.2,1532.65
1-27,Parasitized,No_comment,Polygon,19,2020.5,1434.25,2012.75,1418.2,2006.65,1390.05,2017.7,1358,2032.1,1340.35,2047.6,1331.45,2074.6,1330.9,2097.85,1333.75,2122.15,1348.65,2140.35,1374.55,2139.8,1393.95,2144.25,1407.15,2140.35,1429.8,2124.4,1451.35,2112.75,1452.45,2098.95,1465.8,2079.05,1469.1,2045.35,1460.25,2027.7,1444.8
1-28,Parasitized,No_comment,Polygon,19,2004.5,1258,2006.65,1244.2,2019.95,1225.4,2037.65,1211.05,2052.5,1206.1,2069.7,1210.45,2102.3,1215.45,2118.8,1229.3,2131,1251.95,2134.3,1264.05,2128.2,1291.7,2115,1316.05,2086.7,1330.95,2048.7,1326,2039.3,1320.4,2030.4,1304.45,2019.95,1294.5,2005.6,1286.7,2000.6,1275.1
1-29,Parasitized,No_comment,Polygon,24,1621.55,1333.15,1619.4,1319.9,1608.9,1305,1608.9,1295.6,1614.4,1276.8,1617.15,1262.45,1620.5,1251.95,1633.7,1243.1,1646.45,1233.15,1665.2,1227.65,1692.3,1228.2,1721,1240.35,1737.6,1254.7,1748.1,1269.6,1754.15,1298.35,1754.15,1319.35,1742.55,1343.65,1728.25,1359.7,1715.5,1370.2,1700,1373.5,1682.35,1371.85,1662.5,1369.1,1641.5,1361.35,1626.55,1352.5
1-30,Parasitized,No_comment,Polygon,24,1690.1,1191.15,1684.6,1178.45,1683.45,1163.55,1692.85,1144.75,1705,1130.4,1725.45,1116.6,1747,1111.6,1762.5,1111.6,1773.55,1112.7,1790.1,1111.05,1798.9,1118.8,1803.9,1128.2,1813.85,1137.55,1824.35,1156.9,1829.35,1184.55,1828.25,1203.3,1813.3,1223.75,1798.9,1235.9,1781.8,1244.75,1748.65,1245.3,1727.65,1241.45,1705,1231.5,1698.35,1214.35,1695.65,1202.2
1-31,Parasitized,No_comment,Polygon,17,1471.3,1270.75,1445.3,1261.35,1429.85,1251.4,1409.45,1241.45,1395.6,1220.45,1389.55,1195.05,1394.5,1171.25,1409.45,1146.95,1428.2,1129.85,1451.95,1122.65,1482.35,1126.5,1519.4,1142.55,1536.5,1173.5,1544.75,1206.1,1540.95,1232.05,1528.2,1250.85,1494.5,1267.4
1-32,Parasitized,No_comment,Polygon,18,1306.7,1411.6,1295.1,1401.1,1275.75,1387.3,1264.7,1374.05,1259.7,1343.65,1275.75,1314.35,1306.7,1295.6,1338.7,1284,1366.95,1287.3,1396.75,1298.9,1421.65,1316.6,1431.55,1342.55,1432.15,1377.9,1427.15,1405,1411.15,1417.15,1379.05,1422.65,1344.85,1424.85,1321.6,1419.35
1-33,Parasitized,No_comment,Polygon,21,1374.4,1028.35,1348.25,1018.9,1334.65,1000.6,1323.1,971.8,1327.8,940.9,1348.25,921,1366.55,909.95,1391.7,909.95,1419.95,915.25,1439.85,922.55,1446.7,929.35,1454,932.5,1457.15,943,1454,951.35,1453.5,959.2,1457.15,977,1454,1002.15,1447.75,1021.55,1429.9,1029.9,1403.75,1034.6,1387.5,1034.6
1-34,Parasitized,No_comment,Polygon,23,2071.9,803.2,2065.05,786.45,2065.05,762.35,2073.45,736.7,2095.45,711.55,2116.4,699,2144.65,697.95,2165.1,704.75,2183.4,718.9,2198.6,739.85,2201.75,767.6,2199.65,781.75,2194.95,795.35,2194.95,804.25,2189.7,814.7,2178.7,819.95,2169.8,825.2,2153.55,833.05,2136.3,836.7,2120.6,837.25,2099.1,829.4,2082.9,822.05,2073.45,814.7
1-35,Parasitized,No_comment,Polygon,22,1789.15,812.1,1792.3,819.95,1800.15,833.55,1819,847.7,1837.85,858.2,1861.9,860.25,1895.95,850.3,1917.95,836.7,1928.95,825.7,1934.15,813.15,1932.6,796.9,1931.05,781.2,1927.9,753.45,1907.45,735.15,1890.2,723.1,1865.6,717.85,1834.15,722.05,1806.4,738.8,1784.4,777.55,1778.15,796.9,1778.15,807.4,1783.4,811.6
1-36,Parasitized,No_comment,Polygon,19,2349.35,849.25,2350.95,863.4,2355.65,875.4,2367.7,888,2383.4,903.15,2399.6,908.4,2420.55,908.4,2441,901.6,2457.75,889.05,2472.95,859.7,2472.95,831.45,2458.25,793.2,2441.5,779.1,2405.4,772.25,2380.3,787.45,2360.4,796.35,2344.1,813.1,2337.85,829.35,2343.1,841.4
1-37,Parasitized,No_comment,Polygon,23,2453.05,634.55,2458.8,623.05,2460.9,606.3,2466.65,594.25,2481.35,580.1,2509.1,573.85,2540.45,574.85,2548.9,585.35,2562.45,597.9,2572.95,615.7,2579.75,637.2,2580.25,661.25,2569.8,687.45,2548.9,702.1,2534.7,708.4,2495.45,708.4,2472.45,701.6,2460.9,685.9,2457.75,678,2455.15,668.05,2449.35,657.6,2447.8,647.65,2448.3,639.3
1-38,Parasitized,No_comment,Polygon,24,2996.05,861.8,2988.7,849.25,2982.4,837.2,2982.4,815.75,2982.4,796.9,2990.75,774.35,3004.95,767.55,3019.55,759.7,3047.3,755.5,3082.9,759.7,3097.05,777.5,3104.9,798.45,3102.8,831.95,3091.35,861.3,3088.15,867.55,3085.55,891.15,3077.15,893.2,3074.55,898.45,3065.1,899,3058.85,896.9,3052.6,883.8,3032.15,879.1,3009.6,873.85,3002.3,869.15
1-39,Parasitized,No_comment,Polygon,28,3063.05,753.95,3064.05,741.9,3067.2,726.2,3073.55,714.15,3092.4,696.85,3093.9,690.6,3108.6,681.15,3114.35,681.7,3123.75,685.35,3139.45,682.2,3155.2,686.4,3174.05,689,3188.15,698.95,3202.35,739.3,3210.2,770.7,3209.65,786.95,3199.15,801.05,3184.55,824.65,3176.65,837.7,3162,839.8,3141.05,838.25,3119.1,834.05,3108.1,830.4,3103.4,811.55,3106.5,793.75,3096.55,772.8,3085,759.2,3067.8,757.1
1-40,Parasitized,No_comment,Polygon,22,2926.35,809.45,2906.45,806.85,2883.45,805.8,2866.7,793.75,2848.9,765.45,2846.3,737.2,2855.7,709.45,2879.75,691.65,2898.6,686.9,2924.8,682.2,2946.8,682.75,2974,693.2,2986.1,706.8,2995.55,724.6,2998.6,748.2,2998.15,766,2988.2,775.4,2982.9,788.5,2981.4,798.45,2969.35,807.35,2951,812.6,2941.05,814.7
1-41,Parasitized,No_comment,Polygon,21,2756.2,568.05,2732.1,583.25,2700.15,606.3,2690.2,641.35,2685,669.65,2689.75,686.9,2697.6,705.75,2711.15,718.85,2727.45,728.3,2750.45,727.75,2768.25,722.55,2785.5,711.55,2796.5,692.15,2804.35,671.75,2810.7,657.1,2814.3,647.15,2809.1,635.6,2805.4,624.1,2791.85,598.45,2781.9,588.5,2762,567.55
1-42,Parasitized,No_comment,Polygon,22,3195.55,875.95,3189.75,862.85,3180.35,837.25,3193.4,808.95,3208.6,788.5,3217,771.8,3232.7,762.4,3253.65,756.05,3276.7,762.9,3297.1,774.9,3311.25,783.8,3318.05,797.95,3320.65,816.25,3320.15,835.65,3314.4,851.35,3299.2,860.25,3291.35,878.55,3279.3,893.3,3265.15,896.35,3252.1,883.85,3230.1,874.45,3202.35,872.8
1-43,Parasitized,No_comment,Polygon,18,3177.2,689.1,3178.75,671.75,3186.65,646.6,3198.15,627.75,3212.3,617.8,3237.4,607.85,3269.35,600,3289.8,611.55,3310.7,633.5,3318.55,662.3,3314.9,685.9,3309.65,701.05,3296.6,723.05,3277.75,737.7,3252.6,750.8,3223.8,751.9,3204.9,743.55,3188.7,698.45
1-44,Parasitized,No_comment,Polygon,19,3583.5,1040.9,3564.65,1021.55,3547.9,995.9,3545.3,965,3562.05,933.05,3588.75,913.15,3618.6,904.25,3646.85,910.55,3665.2,918.4,3679.85,929.4,3689.8,938.3,3695.05,951.9,3695.55,973.35,3690.85,995.9,3679.85,1000.6,3666.75,1013.7,3647.9,1033.05,3628,1040.4,3596.05,1042.5
1-45,Parasitized,No_comment,Polygon,20,3311.25,1102.15,3307.05,1089.6,3303.35,1066.05,3308.6,1035.65,3326.4,1012.1,3348.95,998.5,3370.9,994.85,3394.5,999.55,3411.75,1005.3,3432.2,1017.35,3441.1,1035.15,3443.7,1067.1,3435.85,1087.5,3416.45,1115.8,3387.65,1128.35,3364.1,1132,3348.4,1125.2,3335.85,1124.7,3322.2,1119.45,3313.85,1110
1-46,Parasitized,No_comment,Polygon,21,3538.5,1123.1,3529.05,1106.3,3529.6,1087,3539.5,1071.8,3558.35,1052.4,3570.4,1044.05,3592.35,1042.35,3621.75,1042.45,3644.25,1048.75,3667.3,1063.4,3677.75,1081.75,3679.85,1113.15,3670.95,1137.25,3656.8,1158.2,3631.7,1171.75,3609.15,1179.15,3590.85,1178.1,3576.7,1170.25,3561,1162.85,3540.55,1156.6,3535.85,1138.8
1-47,Parasitized,No_comment,Polygon,23,3836.4,1067.6,3844.25,1058.2,3850.55,1048.25,3854.2,1036.7,3868.85,1032.5,3878.3,1032.5,3888.25,1028.85,3915.45,1028.85,3943.75,1040.4,3962.6,1051.35,3973.6,1081.75,3962.6,1097.95,3957.35,1117.85,3942.7,1139.35,3925.4,1156.1,3899.75,1159.25,3877.25,1157.15,3853.15,1145.1,3841.65,1129.4,3836.4,1111.6,3837.45,1099.55,3833.25,1088.5,3834.3,1076
1-48,Parasitized,No_comment,Polygon,22,3780.35,1324.75,3780.9,1311.6,3776.15,1299,3779.8,1276.05,3799.75,1245.6,3802.85,1237.25,3810.7,1232.05,3823.75,1232.05,3845.8,1231.55,3868.85,1235.15,3893.45,1247.75,3902.9,1258.25,3908.6,1277.1,3909.65,1298.5,3905.5,1317.35,3897.65,1336.2,3891.3,1352.5,3871.4,1365.5,3851.05,1368.7,3827.5,1366.05,3802.35,1348.75,3784,1335.7
1-49,Parasitized,No_comment,Polygon,23,3431.65,1349.3,3438.95,1327.3,3447.35,1311.05,3463.6,1298.5,3482.95,1292.75,3501.3,1288.6,3521.7,1289.6,3546.85,1301.1,3559.95,1319.95,3570.9,1326.8,3578.25,1335.2,3587.15,1354.05,3581.4,1363.5,3575.1,1375.45,3563.6,1396.95,3537.4,1419,3515.95,1423.65,3488.65,1423.1,3477.7,1413.15,3455.2,1403.75,3443.65,1391.25,3433.7,1376.5,3431.65,1354.55
1-50,Parasitized,No_comment,Polygon,27,3430.6,1344.1,3421.15,1330.45,3403.9,1323.15,3377.65,1325.25,3349.4,1336.2,3340.5,1351.45,3332.7,1365.5,3316.45,1378.65,3317.5,1391.7,3317,1413.7,3317.5,1427.35,3328.5,1441.95,3334.8,1459.25,3347.85,1466.65,3365.15,1469.2,3370.9,1466.1,3379.3,1461.85,3388.2,1454.6,3400.25,1440.4,3407.55,1428.4,3410.2,1410.55,3425.35,1405.85,3429.55,1396.95,3434.25,1387,3437.95,1381.75,3432.15,1370.25,3431.15,1349.8
1-51,Parasitized,No_comment,Polygon,26,3015.9,1490.7,3018,1475.45,3015.4,1457.15,3021.6,1445.6,3034.75,1429.9,3049.9,1414.75,3079.8,1404.25,3120.1,1406.4,3141.05,1422.6,3153.55,1440.9,3161.95,1468.65,3156.25,1491.25,3151.5,1501.65,3133.65,1510.05,3123.25,1516.3,3121.65,1521,3124.75,1525.2,3118.55,1534.1,3104.9,1537.3,3093.4,1529.9,3084.5,1532.55,3074.05,1536.75,3057.8,1530.95,3048.9,1521,3031.05,1514.2,3011.2,1504.25
1-52,Parasitized,No_comment,Polygon,18,2859.85,1467.6,2868.25,1433.05,2886.05,1413.7,2907.5,1402.15,2941.05,1401.1,2961.45,1412.1,2979.8,1430.45,2989.2,1449.8,2989.75,1472.4,2982.9,1481.3,2984.45,1490.7,2978.75,1505.85,2960.95,1522.05,2933.2,1527.85,2902.8,1525.2,2861.95,1512.65,2855.7,1491.25,2857.8,1471.3
1-53,Parasitized,No_comment,Polygon,21,2824.8,1631.05,2827.95,1612.2,2836.3,1593.8,2842.6,1576.5,2853.55,1565.05,2871.4,1559.75,2889.7,1560.8,2904.4,1562.4,2923.25,1566.05,2936.3,1572.85,2944.15,1582.8,2951,1602.75,2946.8,1621.6,2934.2,1637.8,2927.95,1654.55,2910.6,1668.2,2887.6,1672.85,2860.9,1670.75,2849.95,1661.85,2839.45,1653.5,2826.3,1640.95
1-54,Parasitized,No_comment,Polygon,22,2720.05,1645.1,2715.35,1630.5,2713.2,1614.2,2717.45,1598,2725.85,1584.9,2732.6,1575.5,2753.05,1569.7,2776.6,1567.6,2801.75,1567.6,2823.75,1572.35,2842.6,1581.85,2827.95,1609.5,2821.65,1631.5,2826.3,1642.55,2838.4,1655.05,2835.2,1663.95,2830.55,1674.45,2822.15,1683.85,2787.1,1693.3,2765.1,1690.15,2738.4,1680.7,2723.15,1661.35
1-55,Parasitized,No_comment,Polygon,18,3066.15,1761.95,3050.45,1755.15,3028.95,1743.6,3016.95,1728.4,3008.05,1696.5,3006.45,1679.2,3017.45,1660.35,3034.75,1643.6,3063,1633.65,3089.7,1633.15,3105.95,1632.6,3127.95,1648.8,3142.6,1674.95,3145.2,1702.7,3140,1723.15,3127.95,1740.4,3110.65,1754.6,3090.25,1761.95
1-56,Parasitized,No_comment,Polygon,28,3202.85,1705.9,3200.7,1692.8,3196,1676.05,3198.05,1654.05,3208,1636.25,3219.6,1622.1,3231.6,1609,3254.6,1601.15,3276.65,1599.05,3297.05,1601.7,3308.05,1610.6,3317.5,1620.55,3324.3,1633.1,3326.9,1654.55,3322.75,1673.4,3327.45,1678.65,3330,1685.45,3332.7,1690.7,3332.7,1701.7,3331.05,1712.15,3319.55,1716.9,3304.95,1725.25,3296.05,1719.5,3282.9,1727.35,3267.25,1732.6,3252.55,1732.05,3233.2,1725.25,3216.4,1715.3
1-57,Parasitized,No_comment,Polygon,21,3574.55,1795.95,3573.5,1784.95,3575.1,1768.2,3574.55,1754.05,3580.8,1738.35,3594.5,1724.75,3620.1,1714.8,3654.15,1711.1,3685,1727.85,3706,1754.05,3708.6,1784.4,3706,1809.55,3693.9,1826.85,3671.45,1838.35,3661,1839.9,3649.45,1845.7,3638.4,1847.8,3625.9,1843.05,3610.15,1833.1,3591.3,1818.45,3580.35,1803.25
1-58,Parasitized,No_comment,Polygon,18,3637.45,1567.15,3632.2,1554,3628.55,1526.8,3631.15,1505.3,3642.65,1482.85,3658.35,1465.55,3673.05,1451.9,3691.35,1437.75,3697.65,1436.25,3721.2,1458.2,3747.4,1479.15,3761,1520.05,3759.95,1555.05,3747.4,1580.7,3718.05,1592.75,3689.8,1598,3664.15,1592.25,3641.6,1572.85
1-59,Parasitized,No_comment,Polygon,19,3819.65,1524.7,3819.65,1507.95,3828,1481.3,3857.35,1458.7,3889.8,1452.45,3918.6,1463.5,3947.9,1458.2,3951.6,1469.7,3955.25,1480.7,3958.4,1487.5,3958.4,1497.45,3955.8,1511.15,3952.65,1532.55,3936.95,1555.05,3912.85,1563.45,3877.25,1565.05,3846.35,1557.75,3824.9,1547.25,3816,1536.2
1-60,Parasitized,No_comment,Polygon,18,3879.85,1950.35,3867.3,1946.2,3848.45,1931.5,3827.5,1898.55,3827.5,1866.05,3839,1842.5,3858.4,1830.45,3886.65,1825.25,3913.35,1825.25,3941.65,1834.65,3967.8,1850.9,3986.15,1883.35,3987.7,1909.55,3984.5,1934.65,3971.5,1948.3,3946.8,1956.15,3917.55,1959.25,3890.3,1949.85
1-61,Parasitized,No_comment,Polygon,17,3717,2067.15,3703.85,2065.55,3684,2053.5,3664.65,2036.75,3650.5,2009,3651.55,1977.6,3669.35,1950.9,3696.05,1936.25,3722.7,1932.55,3754.2,1937.3,3787.15,1955.6,3800.25,1980.2,3799.75,2016.85,3792.95,2038.35,3771.45,2056.15,3747.9,2066.6,3728,2066.1
1-62,Parasitized,No_comment,Polygon,18,3881.4,2105.35,3863.1,2095.4,3848.95,2076.05,3840.05,2051.45,3843.7,2021.6,3854.15,1999.6,3876.2,1982.3,3897.15,1976.05,3925.4,1973.4,3959.95,1987.55,3984.05,2025.25,3983,2052.45,3982.45,2066.6,3968.35,2077.1,3959.95,2093.3,3942.15,2104.85,3917.55,2113.2,3894.5,2109.55
1-63,Parasitized,No_comment,Polygon,23,3615.95,2145.75,3619.6,2161.9,3627.5,2185.5,3663.1,2211.2,3704.45,2219.55,3723.3,2213.3,3734.8,2217.95,3743.7,2216.9,3749.45,2204.35,3756.3,2188.6,3763.1,2176.05,3770.95,2154.65,3771.45,2129,3757.35,2101.7,3743.2,2087.55,3729.05,2079.2,3697.65,2075.5,3673.55,2079.75,3650,2094.35,3633.75,2114.8,3627.5,2122.1,3618.05,2126.35,3614.9,2132.05
1-64,Parasitized,No_comment,Polygon,20,3433.75,2141.5,3422.75,2139.4,3407.55,2132.05,3394.45,2113.2,3385.05,2092.25,3380.85,2077.1,3381.9,2050.95,3396.05,2032.05,3414.35,2016.95,3434.8,2009.55,3469.35,2012.7,3490.3,2018.45,3501.8,2030.5,3511.75,2050.4,3517.5,2074.45,3519.6,2096.45,3510.7,2113.75,3501.3,2126.9,3476.15,2136.85,3453.1,2145.75
1-65,Parasitized,No_comment,Polygon,32,2565.9,2254.1,2557.3,2247.15,2547.75,2238.1,2539.7,2228.45,2528.45,2204.4,2525.75,2192.1,2534.9,2184.6,2538.05,2178.7,2542.95,2170.15,2550.35,2165.35,2558.95,2156.8,2563.25,2144.5,2573.95,2141.3,2598.55,2140.2,2613.5,2137.55,2632.75,2135.35,2652.55,2144.5,2665.4,2169.1,2671.3,2192.6,2668.05,2221.5,2670.2,2241.3,2678.7,2256.75,2691.6,2268,2693.2,2281.95,2684.65,2290.95,2671.75,2291.55,2654.1,2294.75,2641.8,2286.2,2632.2,2271.75,2617.2,2263.75,2594.8,2262.15,2576.6,2259.45
1-66,Parasitized,No_comment,Polygon,22,2572.35,1812.4,2584.15,1784.05,2598.55,1768.55,2622.65,1758.9,2649.4,1758.4,2670.25,1761.6,2678.8,1772.3,2687.35,1787.25,2688.4,1798.5,2694.85,1814.55,2690,1825.75,2688.95,1835.95,2687.9,1850.9,2678.25,1861.6,2662.2,1869.65,2652.6,1879.25,2634.4,1880.85,2612.45,1878.75,2597.5,1871.25,2582,1857.85,2575.05,1841.3,2569.7,1821.5
1-67,Parasitized,No_comment,Polygon,32,2388.4,1877.1,2382,1873.35,2383.05,1861.05,2385.2,1854.65,2388.95,1837.55,2396.4,1824.2,2407.1,1816.7,2418.9,1811.9,2424.75,1810.25,2430.65,1809.2,2437.6,1802.8,2449.9,1796.35,2465.4,1799.6,2476.1,1803.3,2491.1,1812.4,2496.95,1819.35,2510.35,1820.95,2517.3,1832.75,2519.4,1850.35,2520.5,1861.6,2521,1873.9,2519.4,1897.95,2511.95,1908.65,2502.3,1919.35,2489.45,1927.9,2477.15,1929.5,2460.05,1929.5,2439.75,1927.4,2427.95,1920.45,2415.15,1910.25,2406.6,1901.2,2395.9,1884.05
1-68,Parasitized,No_comment,Polygon,20,2398.55,1708.15,2398.55,1695.3,2403.35,1674.95,2412.45,1645,2436,1626.3,2465.4,1631.1,2494.3,1643.4,2506.6,1651.45,2516.75,1668,2531.2,1699.55,2525.85,1724.7,2518.9,1750.9,2501.25,1769.1,2480.9,1773.35,2460.6,1773.35,2447.75,1768.55,2433.3,1764.25,2417.8,1755.2,2409.8,1739.15,2399.1,1718.8
1-69,Parasitized,No_comment,Polygon,23,2280.9,1761.6,2265.95,1754.65,2251.5,1743.95,2241.35,1726.85,2233.3,1699.55,2231.7,1673.35,2240.25,1650.9,2257.35,1637,2272.35,1622.55,2279.85,1616.65,2298.55,1617.2,2318.85,1624.15,2333.85,1639.65,2349.9,1657.3,2360.05,1675.5,2363.8,1682.45,2362.7,1696.9,2357.4,1718.3,2350.95,1739.65,2337.05,1751.95,2323.15,1760.55,2309.25,1764.25,2293.2,1765.4
1-70,Parasitized,No_comment,Polygon,24,2165.9,1835.95,2150.95,1830.6,2132.25,1818.8,2113.5,1806,2099.6,1788.35,2090,1768.55,2090,1741.25,2098.55,1718.3,2117.8,1706.5,2152.55,1704.9,2175,1711.85,2195.85,1719.9,2204.4,1728.45,2221.55,1740.2,2225.8,1751.45,2226.9,1765.9,2229.55,1774.95,2233.3,1784.6,2234.35,1795.8,2227.4,1804.9,2222.6,1811.35,2215.65,1820.95,2199.6,1827.4,2180.9,1834.35
1-71,Parasitized,No_comment,Polygon,28,2277.7,1610.25,2263.25,1605.95,2247.2,1591,2233.85,1571.2,2223.15,1551.95,2219.95,1526.25,2228.5,1509.15,2229.55,1501.65,2222.6,1495.25,2223.65,1488.85,2239.2,1488.85,2248.8,1483.5,2266.45,1474.9,2292.65,1473.3,2307.65,1483.5,2318.35,1487.75,2326.9,1492.05,2336.5,1492.55,2345.6,1497.4,2353.6,1513.45,2355.75,1530,2353.6,1541.25,2357.35,1555.7,2352,1577.6,2341.85,1599.55,2327.4,1613.45,2310.3,1616.65,2286.25,1612.35
1-72,Parasitized,No_comment,Polygon,24,2864.95,1252.65,2855.7,1248.25,2843,1239.05,2830.75,1218.9,2825.05,1189.95,2833.8,1162.75,2854.4,1141.7,2884.7,1128.95,2906.2,1123.25,2914.5,1126.8,2918.9,1135.55,2926.35,1142.15,2939.05,1147.85,2960.15,1156.15,2962.3,1165.4,2953.1,1203.55,2953.1,1218.9,2950.5,1235.1,2954.4,1243,2942.6,1261,2925.5,1271.5,2907.5,1271.95,2892.15,1266.25,2878.1,1258.8
1-73,Parasitized,No_comment,Polygon,23,2628.5,1271.1,2614.05,1264.5,2595.65,1258.35,2586.85,1248.25,2573.25,1207.5,2579.4,1181.15,2598.7,1158.8,2611.85,1138.2,2624.15,1129.4,2643.9,1126.35,2670.65,1123.7,2689.05,1132.9,2702.2,1152.65,2712.75,1171.95,2715.8,1189.5,2717.55,1203.1,2718.45,1216.7,2719.75,1228.1,2714.95,1238.6,2700.9,1246.95,2682.05,1257.9,2660.1,1261.45,2641.25,1264.95
1-74,Parasitized,No_comment,Polygon,20,2653.55,978.45,2652.65,968.8,2647.85,957.9,2645.65,941.25,2663.65,909.65,2690.4,893,2721.55,885.05,2742.15,889.85,2764.1,906.95,2772.85,922.35,2779.45,950.4,2776.35,977.15,2762.75,1007,2748.3,1017.55,2723.75,1021.45,2700.5,1022.35,2682.95,1016.25,2668.45,1007.9,2655.75,993,2655.75,982.9
1-75,Parasitized,No_comment,Polygon,33,2410.55,1096,2407.5,1076.7,2405.3,1064,2407.95,1050,2414.05,1034.65,2425.05,1022.35,2450.05,1013.6,2470.2,1008.8,2486,1008.8,2501.35,1018.8,2512.75,1024.15,2520.65,1033.8,2530.75,1040.35,2539.5,1045.6,2541.7,1049.15,2548.3,1054.85,2552.65,1060.95,2549.6,1071.95,2538.2,1077.2,2538.2,1092.55,2537.75,1100,2530.3,1110.95,2516.7,1119.3,2500.5,1130.25,2485.1,1131.55,2476.8,1132.9,2474.15,1135.95,2464.05,1134.15,2454,1128.45,2440.4,1124.5,2430.75,1120.2,2420.65,1112.25,2416.7,1105.65
1-76,Parasitized,No_comment,Polygon,27,2879,805.3,2874.6,813.6,2863.2,821.5,2851.8,824.15,2842.6,825.9,2834.7,839.05,2830.75,850.45,2828.1,862.75,2832.95,872.4,2830.3,891.25,2838.2,906.15,2851.35,923.25,2861.9,932.05,2873.3,938.2,2883.8,939.5,2897.4,940.35,2917.15,937.75,2929,933.8,2940.85,927.65,2956.2,919.75,2965.85,898.25,2971.1,870.65,2971.55,852.2,2955.3,825.9,2941.65,813.35,2919.35,806.85,2888.65,803.3
1-77,Parasitized,No_comment,Polygon,26,3097.15,462.3,3096.7,475.8,3098.6,492.25,3103.95,508.7,3124.7,533.3,3141.15,538.65,3148.85,537.2,3161.4,538.65,3176.4,535.75,3190.9,531.4,3209.75,521.7,3222.3,511.1,3233.9,484.05,3234.35,456.5,3229.55,436.2,3221.3,424.15,3200.05,408.65,3178.35,400.95,3164.3,400.45,3153.2,397.55,3139.2,397.1,3132.9,404.3,3122.3,417.85,3111.2,431.85,3102.95,442.5,3098.15,449.25
1-78,Parasitized,No_comment,Polygon,25,2951.75,530.4,2949.35,512.55,2948.35,492.25,2952.25,469.05,2965.3,444.4,2985.55,435.75,3003.95,428.95,3019.85,422.2,3035.35,426.55,3047.4,438.15,3068.65,451.65,3076.9,462.8,3081.7,480.15,3086.55,500.45,3081.7,528,3074.45,547.35,3058.5,561.8,3057.55,571.5,3043.55,576.8,3023.25,577.75,3010.2,572.95,2994.25,568.6,2982.65,561.8,2966.25,554.1,2956.6,544.45
1-79,Parasitized,No_comment,Polygon,20,2950.85,475.8,2939.65,475.35,2922.3,473.4,2904.4,464.7,2888.45,442.95,2884.1,425.1,2889.45,397.1,2897.15,369.55,2917.45,353.1,2943.05,338.6,2962.85,337.15,2979.3,337.65,2999.1,343.95,3008.75,352.65,3022.3,380.15,3027.1,401.45,3019.4,419.8,3005.35,428,2962.4,444.4,2948.85,471.5
1-80,Parasitized,No_comment,Polygon,19,3093.8,332.85,3084.6,320.75,3069.1,298.05,3068.7,271.95,3077.4,243.45,3092.8,216.9,3124.7,206.75,3149.3,199.95,3160.45,197.55,3170.6,202.4,3185.05,219.3,3191.85,242.5,3195.25,272.9,3186.5,298.55,3172,318.8,3159.95,332.35,3141.65,341.05,3122.3,342,3111.7,339.6
1-81,Parasitized,No_comment,Polygon,18,2220.05,434.9,2207.05,416.45,2207.05,382.2,2215.95,348.6,2237.2,326.7,2275.55,307.5,2296.8,306.85,2324.2,319.85,2350.9,344.45,2361.85,377.4,2359.8,413.7,2341.3,428.7,2324.2,448.6,2306.35,454.05,2294.75,441.1,2278.95,447.2,2260.5,458.9,2226.25,444.5
1-82,Parasitized,No_comment,Polygon,17,2268.7,226.7,2275.55,204.75,2296.8,176.7,2314.6,162.3,2343.35,160.25,2354.3,158.2,2385.85,173.95,2402.25,193.1,2410.5,232.15,2411.85,265.75,2394.05,286.95,2359.8,302.7,2329.65,303.35,2302.95,300,2283.75,275.95,2270.05,249.95,2269.4,238.35
1-83,Parasitized,No_comment,Polygon,14,1635.75,503.45,1631.65,469.2,1652.2,432.3,1678.25,414.4,1707.7,414.4,1743.3,428.1,1767.3,445.25,1785.1,461.7,1785.1,499.4,1774.15,522,1749.45,535.7,1719.35,544.55,1678.9,541.15,1651.5,524
1-84,Uninfected,No_comment,Polygon,21,1739.6,2013.1,1751.2,1991.7,1774,1974,1790.75,1964.7,1814,1961,1840.05,1963.3,1855.4,1974,1874.95,1996.8,1885.65,2015.9,1887.05,2039.15,1878.65,2061.05,1870.3,2081.05,1854,2104.3,1827.05,2112.65,1798.65,2116.8,1767.05,2111.3,1754.5,2101.45,1746.8,2079.7,1744.25,2060.05,1738.65,2039.15,1738.2,2031.25
1-85,Uninfected,No_comment,Polygon,18,1845.65,2109.4,1847.95,2127.5,1856.8,2144.75,1877.75,2160.55,1896.35,2163.35,1914.5,2161.45,1934,2155.45,1946.1,2148.9,1964.7,2135.9,1978.2,2121.45,1980.05,2102.85,1973.1,2074.05,1962.85,2052.65,1936.35,2041.45,1900.55,2041.45,1874.95,2051.7,1861.95,2067.95,1851.25,2087.95
1-86,Uninfected,No_comment,Polygon,18,1981.95,2058.7,1981.95,2074.05,1982.4,2092.65,1989.85,2117.25,2000.55,2127.1,2014.95,2135.4,2037.3,2141.45,2062.4,2137.25,2085.65,2129.4,2101.95,2113.55,2110.8,2091.7,2112.65,2068,2103.35,2041.45,2083.8,2021.95,2057.75,2014,2028.45,2015.4,2010.3,2027.05,1993.1,2035.85
1-87,Uninfected,No_comment,Polygon,17,1639.9,2263,1639.4,2245.2,1643.75,2226,1657.75,2197.6,1675.5,2177.4,1698.6,2162.05,1732.7,2160.1,1751,2166.35,1770.2,2188,1777.45,2219.75,1774.1,2252.4,1759.2,2277.4,1746.7,2293.75,1707.75,2307.25,1670.65,2303.4,1651.9,2290.9,1644.75,2276.95
1-88,Uninfected,No_comment,Polygon,19,1492.65,2229.8,1492.15,2255.05,1500.05,2275.35,1509.95,2285.75,1538.7,2296.1,1562.45,2299.6,1584.75,2296.1,1599.6,2287.75,1615.9,2272.4,1630.75,2244.15,1631.75,2215.95,1621.35,2191.7,1601.05,2173.35,1583.25,2165.4,1553.55,2166.95,1523.85,2176.35,1512.95,2185.75,1500.55,2201.6,1494.6,2218.35
1-89,Uninfected,No_comment,Polygon,22,1773.35,2264.45,1773.35,2277.85,1780.3,2295.15,1793.65,2308.95,1806.5,2319.9,1830.3,2335.25,1845.65,2334.75,1858.5,2327.35,1880.8,2321.35,1896.15,2313,1907,2298.15,1926.85,2269.9,1934.25,2245.15,1921.9,2200.1,1911,2180.8,1888.2,2166.45,1855.05,2162.45,1826.8,2169.4,1805.05,2181.8,1787.2,2204.55,1777.3,2232.3,1774.55,2252.15
1-90,Uninfected,No_comment,Polygon,20,1677.35,2445.7,1672.45,2429.35,1671.9,2405.6,1670.45,2381.3,1689.2,2345.2,1715.5,2329.85,1735.3,2321.9,1753.15,2328.85,1770.4,2335.3,1784.25,2334.8,1795.15,2349.15,1804.05,2364.5,1810,2388.75,1802.1,2424.4,1789.2,2445.7,1774.35,2467.95,1751.15,2478.35,1731.8,2478.85,1703.55,2475.9,1683.75,2464.5
1-91,Uninfected,No_comment,Polygon,21,1596.15,2541.25,1596.15,2522.45,1604.05,2497.7,1629.3,2474.4,1660,2460.1,1681.3,2459.6,1698.6,2472.5,1718.9,2487.85,1731.8,2503.1,1737.25,2531.85,1731.8,2554.6,1733.75,2569.45,1741.2,2581.85,1730.8,2590.25,1712,2587.3,1697.6,2591.75,1676.35,2601.65,1638.7,2596.2,1617.9,2585.3,1601.1,2565.5,1597.1,2551.65
1-92,Uninfected,No_comment,Polygon,17,1614.5,2682.3,1622.85,2658.05,1631.3,2638.25,1645.65,2625.4,1666.45,2615.5,1685.3,2610.55,1706.55,2610.95,1733.75,2621.9,1745.15,2637.25,1760.55,2665.95,1764.45,2696.15,1760.55,2721.9,1741.2,2740.25,1712.5,2752.1,1677.35,2751.55,1631.3,2721.9,1617.45,2707.05
1-93,Uninfected,No_comment,Polygon,23,1764.95,2802.6,1762,2782.3,1767.45,2761.95,1786.75,2740.75,1822.4,2725.4,1845.65,2710.55,1865.45,2704.05,1887.75,2696.15,1913,2696.15,1924.85,2694.7,1934.35,2701.15,1936.8,2719.45,1931.85,2744.7,1923.9,2766.5,1936.8,2779.85,1923.4,2799.15,1913.5,2805.1,1885.75,2801.65,1873.95,2818.45,1860,2832.8,1827.85,2840.25,1787.25,2832.8,1767.45,2816.95
1-94,Uninfected,No_comment,Polygon,18,1898.05,2688.8,1874.85,2673.45,1866.4,2647.25,1874.35,2601.7,1885.2,2579.85,1916.35,2555.6,1956.45,2550.7,1977.8,2555.1,2005.05,2565.5,2026.3,2585.8,2037.7,2615,2042.65,2645.2,2031.7,2679.95,2008,2700.65,1977.3,2713.05,1944.15,2712.6,1923.3,2699.7,1904.55,2694.3
1-95,Uninfected,No_comment,Polygon,21,2030.7,2595.25,2050.6,2568,2063.95,2545.75,2073.85,2531.4,2093.65,2519.45,2125.35,2519,2143.15,2528.95,2159,2540.25,2169.4,2563.6,2175.3,2574.9,2178.8,2594.7,2185.2,2612.55,2173.35,2634.4,2163.95,2654.7,2140.15,2671.5,2104.5,2685.3,2085.25,2682.85,2040.7,2667.5,2029.15,2647.75,2022.2,2613.1,2027.15,2602.2
1-96,Uninfected,No_comment,Polygon,18,2184.75,2732.35,2185.75,2712.05,2193.2,2694.2,2209.05,2674.9,2230.8,2663,2252.1,2660.55,2285.75,2665.5,2306.55,2676.4,2317.95,2696.7,2324.9,2722.45,2319.95,2747.2,2311,2763.5,2290.7,2786.3,2262.5,2797.2,2228.35,2792.25,2203.6,2780.85,2190.2,2767.5,2183.8,2745.7
1-97,Uninfected,No_comment,Polygon,21,2178.2,2585.4,2183.3,2562,2194.2,2540.25,2212,2524.9,2242.2,2518.45,2261,2526.35,2281.8,2536.75,2294.2,2547.65,2302.6,2569.45,2309.55,2592.2,2311.5,2609.05,2296.15,2620.45,2279.35,2631.85,2265.45,2656.1,2242.65,2661.6,2228.85,2660.55,2220.9,2650.65,2201.6,2639.25,2185.75,2626.4,2182.65,2609.6,2177.7,2594.8
1-98,Uninfected,No_comment,Polygon,18,2301.6,2540.15,2302.1,2513,2314,2497.15,2326.85,2484.3,2355.6,2471.4,2381.8,2467.4,2405.1,2476.85,2425.4,2504.1,2431.8,2524.9,2433.3,2549.15,2425.4,2581.3,2417.45,2605.1,2391.7,2615.9,2365.95,2625.4,2333.8,2620.85,2316.45,2609.05,2306.4,2580.9,2301.6,2554.1
1-99,Uninfected,No_comment,Polygon,20,2385.3,2672.4,2385.3,2654.6,2393.2,2634.3,2405.1,2615,2417.4,2602.5,2431.35,2590.65,2461.05,2576.85,2485.8,2568.95,2508.55,2578.85,2528.85,2603.05,2529.35,2640.25,2528.85,2670.9,2526.9,2688.25,2501.15,2701.1,2478.35,2710.05,2458.55,2727.85,2439.75,2734.25,2419.45,2728.8,2404.1,2716.4,2388.75,2694.7
1-100,Uninfected,No_comment,Polygon,18,2468.95,2571.4,2477.85,2549.15,2490.25,2529.85,2515.5,2509.55,2537.25,2503.1,2565,2504.6,2580.85,2517.4,2595.2,2543.2,2600.15,2560.05,2600.65,2579.85,2589.25,2602.1,2575.9,2624.9,2562.5,2640.25,2540.25,2646.65,2520.45,2645.2,2500.65,2629.85,2485.3,2606.55,2470.45,2588.75
1-101,Uninfected,No_comment,Polygon,22,2381.3,2334.25,2375.4,2351.55,2376.35,2366.45,2378.8,2383.3,2380.35,2396.15,2381.3,2411,2395.7,2425.85,2413.5,2440.7,2430.35,2446.65,2449.6,2441.7,2465.5,2438.25,2492.7,2422.4,2517.45,2402.05,2520.45,2386.7,2517.45,2350.1,2507.55,2323.8,2493.25,2306.55,2477.9,2294.65,2444.15,2287.25,2412,2295.65,2393.65,2311.45,2385.8,2321.9
1-102,Uninfected,No_comment,Polygon,20,2431.3,2448.15,2428.8,2465.45,2434.25,2490.15,2449.6,2509.55,2479.3,2522.85,2501.6,2521.4,2555.05,2500.6,2571.45,2489.75,2581.85,2479.8,2589.3,2464,2592.7,2448.15,2591.25,2424.85,2585.75,2408.55,2575.9,2398.65,2547.15,2392.2,2514,2392.15,2485.2,2410.95,2473.4,2421.35,2448.15,2435.2,2432.75,2439.65
1-103,Uninfected,No_comment,Polygon,21,2498.7,2310.5,2505.6,2298.55,2525.35,2280.3,2536.8,2264.45,2566.35,2255.55,2582.2,2254.1,2615.85,2264.95,2632.2,2274.35,2645.1,2285.75,2652.15,2299.1,2643.2,2311.45,2639.3,2322.4,2647.2,2330.3,2637.75,2347.15,2626.9,2357.05,2604.15,2363,2571.95,2362.5,2553.1,2370.9,2522.9,2362,2500.55,2341.65,2497.1,2324.85
1-104,Uninfected,No_comment,Polygon,19,2733.3,2512,2722.9,2499.15,2712.5,2458.55,2711.05,2444.7,2723.9,2418.95,2735.8,2402.6,2763,2391.2,2795.2,2390.25,2817.95,2394.2,2837.75,2402.6,2850.15,2415.5,2862.55,2438.25,2869.45,2464,2866,2493.2,2854.6,2522.4,2834.3,2539.75,2805.1,2546.2,2777.35,2548.65,2750.65,2535.8
1-105,Uninfected,No_comment,Polygon,18,2705.1,2621.45,2712.05,2597.65,2722.4,2576.4,2738.75,2558.05,2765,2549.15,2793.2,2555.1,2813.5,2567.45,2829.35,2585.8,2839.25,2609.55,2836.3,2641.25,2827.85,2664.5,2811.55,2684.3,2787.75,2694.7,2759.05,2699.15,2734.3,2693.2,2717,2678.35,2706.65,2651.35,2705.15,2636
1-106,Uninfected,No_comment,Polygon,17,2724.9,2768.5,2734.3,2753.15,2761.55,2740.75,2784.8,2735.3,2804.6,2738.3,2835.8,2753.65,2852.65,2782.85,2854.1,2806.6,2847.2,2836.8,2824.9,2853.15,2785.8,2865,2772.9,2866,2745.2,2853.15,2727.85,2840.75,2718.45,2820.95,2716.65,2791.05,2718.6,2781.15
1-107,Uninfected,No_comment,Polygon,18,2954.6,2802.15,2952.6,2830.4,2954.6,2863.55,2966.05,2890.3,2986.35,2910.1,3010.55,2922.95,3030.85,2927.4,3054.15,2921.95,3073.9,2910.65,3089.8,2897.2,3092.3,2865.55,3086.3,2830.4,3075.4,2816,3049.2,2797.7,3022.45,2782.4,2997.25,2777.45,2977.35,2784.35,2964.05,2792.25
1-108,Uninfected,No_comment,Polygon,17,3554.6,2709.55,3526.85,2702.6,3500.2,2692.7,3482.35,2681.35,3473.9,2655.1,3473.45,2620.45,3479.9,2601.65,3495.25,2580.85,3509.1,2565.5,3530.4,2560.05,3560.6,2564,3587.8,2568.95,3607.55,2579.35,3629.4,2598.65,3639.3,2630.85,3634.85,2639.75,3567,2703.1
1-109,Uninfected,No_comment,Polygon,16,3362.05,2682.8,3325.4,2665.5,3309.1,2646.2,3297.2,2617.45,3298.2,2583.8,3309.6,2558.05,3324.95,2546.65,3346.2,2538.25,3376.9,2539.25,3406.6,2558.05,3433.8,2593.2,3438.3,2625.4,3433.8,2653.1,3418.5,2675.4,3399.2,2684.3,3379.4,2685.3
1-110,Uninfected,No_comment,Polygon,18,3242.7,2447.65,3247.2,2430.35,3262.05,2407.05,3281.35,2396.15,3310.1,2387.75,3338.25,2393.2,3362.05,2409.05,3383.85,2434.8,3389.8,2460.05,3389.8,2486.75,3379.9,2516.95,3355.6,2531.35,3326.9,2537.25,3296.7,2533.8,3271.95,2518.45,3252.15,2500.15,3242.35,2480.3,3238.9,2460.95
1-111,Uninfected,No_comment,Polygon,20,3328.9,2308.05,3334.85,2288.25,3347.2,2267.95,3370.9,2256.1,3389.3,2249.65,3405.55,2252.1,3424.45,2253.6,3439.8,2258.05,3456.05,2271.9,3469.5,2295.2,3473.45,2319.95,3472.95,2338.25,3464,2365.5,3446.7,2383.8,3415.95,2396.7,3393.2,2395.2,3360.5,2385.3,3343.2,2372.9,3333.85,2354.1,3325.35,2328.85
1-112,Uninfected,No_comment,Polygon,20,3522.55,2248.15,3530.9,2226.85,3540.4,2213,3556.15,2200.6,3579.95,2193.7,3604.7,2198.15,3621.1,2207.55,3640.35,2215,3653.25,2231.8,3663.65,2255.6,3667.05,2287.25,3660.15,2307.55,3644.8,2319.95,3632.95,2330.35,3602.2,2337.25,3574.5,2332.8,3549.25,2324.4,3535.45,2311.5,3524.5,2287.75,3520.1,2264
1-113,Uninfected,No_comment,Polygon,29,3279.9,2129.35,3287.35,2113.5,3303.75,2105.55,3331.95,2100.6,3340.3,2094.7,3353.2,2096.15,3368.55,2110.05,3377.45,2117.95,3385.35,2115.45,3395.25,2124.4,3402.25,2135.25,3409.2,2150.6,3400.2,2161.5,3402.25,2175.4,3409.2,2185.75,3405.15,2199.15,3396.3,2209.55,3380.9,2214.5,3366.1,2215.5,3363.1,2225.85,3350.2,2231.8,3334.4,2230.85,3322,2221.9,3308.7,2219.95,3294.75,2215,3289.3,2201.6,3286.85,2181.8,3278.5,2159.05,3277.45,2142.7
1-114,Uninfected,No_comment,Polygon,23,3481.95,2137.75,3483.9,2147.65,3476.45,2160.05,3478.95,2172.4,3495.35,2176.35,3507.7,2184.8,3528,2198.65,3543.35,2200.6,3562.15,2198.65,3589.35,2189.75,3606.65,2167.45,3614.1,2145.65,3614.6,2119.95,3606.2,2093.2,3593.8,2074.85,3572.55,2066.45,3559.15,2061,3528.95,2067.45,3516.4,2080.1,3516.4,2096.95,3510.95,2112.3,3498.6,2125.15,3489.2,2131.1
1-115,Uninfected,No_comment,Polygon,20,3242.75,2036.75,3246.25,2055.55,3253.65,2075.35,3266.55,2088.75,3284.85,2102.1,3307.1,2104.15,3327.9,2102.15,3354.15,2091.2,3367.55,2076.35,3378.9,2050.6,3385.85,2023.85,3373.45,1981.3,3355.65,1965.45,3334.35,1958.05,3303.15,1959,3285.85,1969.9,3268.9,1984.15,3259,2000.5,3249.1,2019.25,3245.2,2028.2
1-116,Uninfected,No_comment,Polygon,19,3492.8,2001.6,3494.25,1975.85,3498.75,1949.6,3507.65,1935.25,3538.35,1927.85,3558.65,1929.8,3576.95,1934.75,3597.25,1946.65,3614.6,1962,3625,1974.35,3630.9,1989.7,3634.4,2008.05,3631.9,2028.8,3621,2043.7,3594.3,2065.45,3573.05,2073.95,3538.4,2069,3509.5,2056.35,3492.15,2020.7
1-117,Uninfected,No_comment,Polygon,20,3712.55,1766.9,3722.45,1751.1,3745.7,1739.15,3776.45,1735.2,3801.7,1735.75,3828.35,1749.55,3842.3,1763.5,3856.1,1782.75,3860.1,1800.55,3852.7,1824.4,3840.25,1842.95,3820.5,1864.5,3791.8,1876.85,3761.6,1882.75,3740.25,1869.9,3717.05,1846.65,3707.15,1824.4,3706.75,1810.3,3705.2,1790.05,3707.65,1777.2
1-118,Uninfected,No_comment,Polygon,18,3440.8,1704.05,3444.25,1684.65,3451.2,1671.35,3461.6,1655,3484.85,1647.6,3520,1648.6,3545.75,1656.45,3564.05,1668.4,3581.9,1696.1,3589.3,1714.35,3580.95,1743.5,3568,1763.45,3548.7,1776.8,3516.05,1783.25,3485.85,1781.75,3461.1,1767.85,3447.2,1751.55,3438.8,1730.25
1-119,Uninfected,No_comment,Polygon,20,3436.35,1543.1,3429.4,1557,3429.4,1575.3,3434.85,1598.5,3443.25,1615.4,3458.6,1628.3,3477.9,1635.2,3510.1,1637.2,3542.3,1632.25,3568,1620.35,3576.45,1607.5,3581.9,1591.1,3579.9,1568.3,3570.5,1544.1,3556.15,1525.3,3535.85,1512.45,3512.55,1507.5,3476.95,1511.95,3454.65,1523.25,3444.25,1530.25
1-120,Uninfected,No_comment,Polygon,20,3719.1,1591.4,3716.55,1607,3729.4,1637.2,3743.8,1648.1,3765.55,1653.55,3791.8,1654.45,3807.65,1646.1,3829.9,1634.15,3843.3,1619.85,3852.2,1600.05,3847.25,1567.4,3840.9,1555.35,3828.05,1537.95,3808.65,1529.25,3795.75,1524.8,3774.45,1523.75,3759.7,1526.6,3744.85,1541.45,3735.95,1555.75,3723.6,1573.1
1-121,Uninfected,No_comment,Polygon,24,3269,1586.65,3267.05,1572.85,3254.15,1553.95,3255.15,1528.7,3267.05,1504.5,3277.95,1491.15,3306.15,1475.25,3336.85,1473.25,3366.75,1469.3,3380.4,1472.35,3387.35,1481.25,3394.25,1489.65,3404.65,1498.5,3415.55,1507.5,3421.55,1521.35,3417.55,1533.15,3423,1547.6,3413.6,1571.3,3390.3,1585.7,3377.95,1597.6,3348.75,1604.5,3314.05,1604.5,3285.05,1599.95,3273.95,1594.6
1-122,Uninfected,No_comment,Polygon,23,3104.15,1542.65,3104.7,1564.4,3108.1,1578.25,3118.5,1593.15,3133.85,1608.45,3152.65,1621.3,3193.75,1622.35,3218.5,1614.35,3229.4,1603.05,3236.85,1592.65,3243.25,1579.25,3239.8,1560.45,3233.85,1550.05,3238.3,1542.65,3242.85,1534.7,3231.9,1523.75,3212.65,1512.85,3189.3,1504,3160.6,1504.5,3139.85,1512.45,3126.95,1520.8,3118.85,1531.75,3109.65,1537.7
1-123,Uninfected,No_comment,Polygon,19,3178.4,1402.45,3174.45,1420.85,3176.95,1439.65,3183.35,1461.45,3192.3,1474.3,3202.7,1488.65,3226.95,1499.55,3253.65,1502.55,3269,1495.55,3303.2,1475.75,3309.1,1452.95,3311.1,1425.8,3301.7,1402.45,3287.85,1382.65,3275.5,1369.35,3248.2,1358.95,3218,1363.9,3196.75,1376.8,3183.35,1387.1
1-124,Uninfected,No_comment,Polygon,19,3104.15,1399.55,3089.3,1373.8,3084.85,1353,3086.35,1323.3,3094.25,1297.55,3112.05,1279.75,3145.25,1272.8,3163.55,1270.35,3185.35,1276.25,3199.7,1282.7,3209.1,1296.5,3216.55,1314.35,3214.55,1344.1,3212.05,1366.85,3198.15,1388.05,3168,1410.4,3150.7,1416.4,3123.3,1410,3108.45,1406.6
1-125,Uninfected,No_comment,Polygon,18,2943.25,1142.15,2953.65,1122.35,2980.85,1105,3008.1,1099.55,3032.85,1100.05,3054.15,1110.45,3064.55,1124.8,3075.95,1153.5,3075.45,1181.75,3068,1203.5,3055.15,1226.3,3029.9,1239.65,2996.7,1244.1,2970.95,1238.65,2957.6,1221.85,2937.7,1192.3,2936.7,1169,2941.15,1154.15
1-126,Uninfected,No_comment,Polygon,19,2870.45,1257,2864.55,1267.9,2867.5,1286.2,2875.9,1309.45,2886.3,1324.3,2899.2,1340.15,2915.5,1352.05,2934.85,1353.55,2949.2,1350.05,2968.5,1338.2,2983.85,1315.9,2989.8,1291.15,2986.3,1264.4,2978.9,1242.65,2963.55,1218.85,2937.7,1204.15,2912.45,1207.15,2884.25,1221.5,2875.8,1243.25
1-127,Uninfected,No_comment,Polygon,20,2606.15,1295.6,2597.2,1303.5,2591.8,1316.4,2590.25,1330.25,2589.35,1351.55,2599.25,1381.25,2610.55,1401.55,2639.35,1409.95,2665,1410.95,2691.8,1400.05,2711.05,1386.2,2724.5,1369.35,2729.45,1353.5,2730.4,1326.8,2725.4,1309.95,2720.05,1289.6,2700.2,1269.35,2672.55,1258.75,2637.9,1266.2,2619.95,1281.25
1-128,Uninfected,No_comment,Polygon,18,2442.8,1299.05,2442.8,1281.25,2451.65,1260.95,2465,1243.1,2481.35,1232.2,2506.15,1224.8,2538.35,1225.8,2560.05,1237.65,2581.4,1253.5,2594.7,1287.65,2595.3,1312.9,2585.3,1342.55,2548.75,1366.4,2513.6,1369.85,2490.8,1363.4,2471,1350,2447.75,1325.3,2444.2,1315.4
1-129,Uninfected,No_comment,Polygon,20,2506.6,1567.4,2505.1,1551.55,2495.7,1530.25,2487.25,1507.9,2489.25,1478.2,2502.1,1452.95,2523.4,1438.65,2548.15,1436.2,2578.85,1439.65,2604.1,1448.55,2624.4,1468.85,2630.85,1490.1,2624.9,1512.45,2616.5,1535.2,2612.05,1555.95,2599.15,1571.3,2573.4,1584.7,2542.2,1601,2514,1592.15,2508.05,1582.25
1-130,Uninfected,No_comment,Polygon,20,2413,1638.6,2395.2,1636.15,2378.85,1628.3,2366.95,1613.85,2355.6,1590.65,2355.4,1559.75,2362,1536.15,2375.4,1513.9,2389.75,1501.55,2416.95,1490.1,2447.15,1491.65,2472.4,1499.05,2489.3,1509,2500.7,1528.8,2505.15,1552.6,2507.55,1572.85,2497.15,1594.6,2474.4,1622.35,2456.95,1633.85,2424.75,1640.85
1-131,Uninfected,No_comment,Polygon,19,2605.1,1566.35,2612.05,1581.2,2622.9,1591.1,2638.25,1603.05,2660.05,1607.5,2692.75,1607,2708.1,1599.55,2721,1590.65,2736.85,1574.3,2746.7,1558.9,2751.65,1535.2,2742.25,1507.9,2722.45,1487.2,2701.15,1476.3,2670.45,1479.75,2634.3,1491.15,2622.45,1506.05,2611.55,1526.85,2606.1,1548.6
1-132,Uninfected,No_comment,Polygon,21,2736.8,1493.05,2741.25,1472.75,2751.65,1454.95,2790.25,1436.7,2817,1430.75,2837.3,1438.1,2853.15,1448.55,2860.8,1462.2,2854.6,1479.75,2860.3,1497.7,2869.7,1512.6,2877.9,1523.75,2880.35,1539.15,2874.9,1553.95,2860.4,1567.25,2845.05,1579.05,2821,1572.85,2784.35,1571.35,2760.55,1561.4,2747.2,1536.65,2735.3,1507.9
1-133,Uninfected,No_comment,Polygon,19,2534.8,1603.95,2526.35,1617.4,2515,1644.55,2513.9,1661.65,2526.3,1686.9,2539.25,1705.5,2553.1,1716.85,2583.3,1731.25,2618.95,1724.75,2635.3,1711.4,2652.1,1679.2,2660.05,1656.95,2661.05,1636.65,2651.65,1614.35,2630.35,1594,2611.55,1580.2,2593.7,1574.3,2566,1586.15,2542.2,1594.1
1-134,Uninfected,No_comment,Polygon,19,2724.45,1752.55,2719.5,1770.35,2727.4,1800.05,2738.75,1825.3,2749.15,1835.7,2773.9,1845.1,2804.1,1849.15,2821.4,1840.15,2839.25,1829.35,2853.15,1816.95,2857.55,1794.6,2858.1,1776.8,2858.6,1761.95,2840.8,1733.8,2814,1721.4,2789.8,1711,2760.1,1715.95,2738.25,1728.35,2730.4,1736.25
1-135,Uninfected,No_comment,Polygon,17,2647.65,1755.55,2642.7,1741.65,2635.25,1723.4,2644.75,1699.05,2659.1,1679.25,2680.8,1663.9,2709.05,1660,2736.85,1662.95,2768.05,1684.7,2776.85,1699.05,2782.35,1719.4,2772.45,1754.5,2741.75,1781.25,2717,1785.75,2694.75,1778.35,2673.8,1769.85,2655.05,1761.95
1-136,Uninfected,No_comment,Polygon,18,3044.75,1815.35,3038.8,1829.3,3029.85,1849.6,3029.85,1880.3,3037.3,1899.6,3050.65,1917.4,3070,1933.7,3079.4,1943.65,3102.15,1937.2,3138.3,1921.85,3165.5,1903.45,3177.4,1877.8,3177.9,1852.55,3171.95,1829.3,3159.1,1809.5,3135.35,1794.15,3089.3,1791.65,3062.55,1801.55
1-137,Uninfected,No_comment,Polygon,20,3148.7,1795.55,3148.2,1782.25,3146.2,1758,3157.1,1736.2,3175.9,1724.75,3194.75,1718.4,3215.05,1719.8,3234.85,1728.3,3247.7,1737.2,3257.1,1749.1,3266.05,1765.35,3268.5,1792.15,3259.1,1814.95,3244.75,1840.6,3225.45,1846.6,3200.7,1847.1,3183.35,1843.1,3162.05,1831.6,3154.15,1819.8,3150.2,1805
1-138,Uninfected,No_comment,Polygon,18,2640.75,2015.95,2651.65,1993.15,2670.45,1975.35,2683.85,1965.95,2706.6,1963.45,2726.95,1966.45,2742.75,1979.8,2752.65,1988.7,2760.05,2014.95,2763.05,2032.3,2752.3,2049.55,2742.4,2061.45,2720.45,2072.4,2690.75,2078.3,2671.95,2070.4,2651.65,2062,2644.2,2044.15,2638.3,2026.85
1-139,Uninfected,No_comment,Polygon,19,2401.6,2115.45,2388.75,2108.55,2378.35,2097.65,2367.45,2078.35,2361.5,2062,2366.95,2024.4,2377.85,2001.1,2402.6,1988.25,2427.85,1986.75,2453.6,1993.2,2468.45,2002.1,2484.8,2020.4,2495.2,2046.15,2491.7,2069.9,2486.3,2090.7,2474.9,2106.05,2451.6,2118.45,2433.8,2120.9,2416.95,2120.4
1-140,Uninfected,No_comment,Polygon,18,2508.55,2067.95,2520.95,2047.15,2531.85,2027.85,2556.1,2011,2578.85,2005.55,2602.15,2007.55,2622.4,2018.95,2635.8,2032.8,2654.1,2056,2662.55,2080.3,2643.2,2103.6,2619.95,2126.35,2586.3,2138.75,2555.1,2138.75,2533.3,2126.35,2521.9,2111,2514,2096.65,2508.55,2075.85
1-141,Uninfected,No_comment,Polygon,21,2670.95,2169.45,2678.35,2155.55,2697.7,2146.15,2723.9,2148.15,2738.75,2141.2,2757.1,2144.7,2768.95,2151.6,2778.4,2160.55,2788.3,2166.45,2795.7,2176.85,2797.7,2204.6,2790.25,2225.9,2774.4,2238.75,2750.65,2245.2,2721.45,2243.2,2706.1,2236.75,2689.25,2239.75,2668.35,2237.85,2664.9,2228.9,2663.4,2210.15,2669.85,2189.8
1-142,Uninfected,No_comment,Polygon,18,2192.7,2190.65,2194.2,2168.9,2204.1,2144.15,2231.3,2117.9,2256.05,2108,2285.3,2109.95,2312.5,2117.35,2327.85,2131.8,2336.25,2157.05,2339.25,2179.3,2330.85,2200.55,2315,2219.4,2298.15,2230.75,2267.45,2239.2,2247.15,2240.2,2221.9,2233.2,2207.55,2221.9,2200.6,2208.5
1-143,Uninfected,No_comment,Polygon,24,2131.8,2258.45,2138.75,2249.6,2163,2245.15,2185.75,2249.6,2207.05,2252.1,2218.95,2255.05,2228.85,2262.95,2227.85,2274.35,2225.85,2283.2,2236.75,2292.7,2244.7,2302.1,2253.6,2314.45,2252.1,2330.8,2243.7,2343.6,2226.85,2360.5,2215.95,2375.35,2190.2,2388.7,2169.45,2385.75,2164.5,2366.9,2164,2342.7,2155.55,2315.45,2144.2,2298.1,2136.75,2282.3,2130.3,2274.85
1-144,Parasitized,No_comment,Polygon,20,2114.45,2036.25,2115.95,2012.45,2115.45,1992.65,2128.8,1980.3,2144.15,1967.4,2157.55,1956.5,2178.35,1950.6,2198.65,1952.55,2224.35,1958.5,2242.7,1972.85,2256.05,1995.65,2262.5,2015.45,2261.5,2046.65,2243.2,2078.8,2221.4,2098.1,2197.65,2107.05,2166.95,2105,2135.75,2090.7,2123.35,2067.9,2117.45,2051.1
1-145,Uninfected,No_comment,Polygon,19,2073.35,1917.4,2070.9,1905.05,2069.4,1887.7,2075.35,1864.45,2091.2,1843.65,2117.95,1829.3,2137.75,1826.3,2161.45,1829.05,2182.7,1832,2202.6,1843.65,2218.95,1865.45,2227.85,1898.1,2220.4,1926.8,2196.6,1954.6,2170.35,1964,2130.3,1962.45,2107.55,1958,2085.75,1943.65,2078.3,1932.25
1-146,Uninfected,No_comment,Polygon,19,2211,1850.1,2219.9,1827.8,2229.3,1807.5,2254.1,1789.7,2275.85,1781.75,2303.6,1786.7,2324.4,1797.1,2338.25,1809.5,2349.15,1822.35,2357.05,1844.65,2359.55,1868.4,2350.6,1893.6,2338.25,1919.4,2315.95,1933.75,2292.2,1936.25,2269.4,1938.7,2236.25,1918.4,2222.35,1898.1,2208,1863.95
1-147,Uninfected,No_comment,Polygon,17,3674.3,2340.4,3673.45,2316.9,3681.7,2293.85,3699.55,2277.35,3728.25,2263.45,3764.75,2267.8,3798.25,2281.25,3816.95,2313.45,3823,2339.95,3817.8,2365.15,3807.8,2384.75,3790.4,2400.4,3763,2407.35,3734.75,2404.75,3703,2392.5,3689.55,2379.95,3683,2365.6
1-148,Uninfected,No_comment,Polygon,18,2931,2379.8,2916.4,2363.85,2909.85,2346.9,2908.45,2320.15,2919.7,2292,2939.45,2270.85,2970.4,2254.9,3007.05,2254.45,3027.2,2266.65,3040.85,2277.45,3061.05,2302.8,3064.3,2331.9,3052.1,2361.95,3038,2384.5,3025.8,2396.2,2999.05,2409.85,2967.15,2404.65,2947.9,2396.2
1-149,Uninfected,No_comment,Polygon,19,2053.1,2461.5,2045.55,2448.35,2039.45,2423.9,2048.85,2388.7,2065.25,2368.5,2085.9,2351.15,2113.6,2346.45,2140.4,2349.75,2159.15,2358.65,2163.25,2367.35,2170.3,2382.85,2182.15,2395.3,2186.85,2411.25,2178.4,2441.75,2167.6,2462.4,2150.7,2478.85,2125.4,2491.55,2093.9,2490.1,2070.9,2482.15
1-150,Uninfected,No_comment,Polygon,18,1386.55,2328.1,1375.85,2318.55,1366.3,2305.65,1360.15,2284.85,1359,2249.45,1368,2228.7,1382.6,2211.25,1418.55,2200,1444.95,2196.65,1473.6,2215.2,1483.75,2234.3,1489.9,2258.45,1484.85,2301.15,1477.55,2313.5,1467.5,2321.5,1446.7,2331.6,1421.95,2342.7,1403.95,2337.65
1-151,Uninfected,No_comment,Polygon,20,2209,1413.2,2208.2,1394.6,2218.05,1364.15,2234.1,1344.8,2252.25,1330.85,2274.45,1324.7,2300.4,1330.05,2322.6,1339.9,2337,1353.9,2346.9,1374.85,2350.15,1392.95,2347.7,1418.9,2339.9,1441.95,2323.4,1460.05,2302.45,1473.2,2270.35,1474.1,2249.75,1470.4,2237.4,1461.3,2223.4,1447.3,2213.15,1430.4
1-152,Uninfected,No_comment,Polygon,19,2311.5,1179,2309,1159.65,2310.25,1138.25,2328.35,1103.3,2344.8,1090.1,2370.75,1086,2387.6,1086.4,2405.3,1091.35,2417.1,1101.75,2432.75,1121.1,2442.75,1140.75,2447.7,1162.55,2439.9,1185.6,2425.05,1210.7,2411.9,1223.45,2390.5,1232.9,2360.85,1226.75,2337.85,1218.1,2322.2,1204.1
1-153,Uninfected,No_comment,Polygon,20,2109.45,1214.8,2106.15,1194.25,2113.95,1171.6,2123.85,1157.6,2148.5,1145.25,2163.35,1137.45,2185.55,1134.55,2218.9,1140.75,2238.25,1155.15,2251.8,1178.6,2253.45,1206.6,2248.5,1227.55,2240.3,1246.9,2225.05,1262.55,2203.65,1276.15,2172,1281.5,2140.3,1271.2,2124.25,1261.25,2116.45,1246.9,2111.1,1232.5
1-154,Uninfected,No_comment,Polygon,20,1954.55,1062.85,1947.15,1045.4,1944.55,1026.6,1947.15,1003,1952.85,981.2,1966.8,962.85,1981.65,948,2012.2,941.05,2051.5,950.65,2076.4,967.65,2086.9,988.65,2092.15,1013.1,2090.4,1036.25,2084.7,1062,2071.6,1079.9,2053.25,1091.25,2029.25,1099.55,2003.5,1097.35,1982.5,1088.65,1965.95,1081.2
1-155,Uninfected,No_comment,Polygon,16,2137.55,974.65,2138.85,957.2,2143.2,935.75,2167.7,911.35,2198.7,902.15,2228.35,903.9,2251.1,913.5,2270.75,942.8,2274.25,970.75,2267.7,1001.75,2247.15,1021.8,2225.3,1029.25,2201.75,1032.3,2179.9,1025.75,2162.85,1015.25,2147.15,1000
1-156,Uninfected,No_comment,Polygon,19,1823.4,1133.85,1828.4,1109.6,1839.4,1089.1,1860.85,1063.95,1888.7,1055.3,1922.05,1059.4,1943.05,1066.7,1958.55,1076.3,1972.25,1096.4,1981.85,1119.2,1985.05,1145.7,1976.85,1173.1,1951.25,1197.75,1917.9,1206,1886.85,1209.2,1858.55,1203.7,1841.2,1190,1823.85,1160.55,1822,1145.25
1-157,Uninfected,No_comment,Polygon,17,1864.05,1273.55,1867.25,1249.35,1875.45,1228.8,1885.5,1216.95,1901.05,1209.2,1924.75,1200.95,1950.35,1199.15,1972.7,1206,1988.25,1218.75,1996.9,1254.4,2000.6,1291.35,1989.4,1310.15,1964.05,1325.15,1936.2,1333.4,1900.55,1325.15,1877.3,1314.2,1865.4,1291.85
1-158,Uninfected,No_comment,Polygon,19,1747.3,1347.15,1751.4,1328.75,1762.15,1308.2,1780.6,1293.3,1809.85,1281.05,1832.4,1278,1860.1,1288.75,1876.3,1299.7,1892.4,1331.25,1900.1,1365.7,1894.45,1386.7,1882.15,1409.8,1858.05,1428.75,1825.25,1435.9,1799.1,1431.3,1777.55,1421.6,1757.55,1398.5,1748.8,1374.9,1746.25,1361.6
1-159,Uninfected,No_comment,Polygon,17,1561.6,1445.7,1561.1,1427.75,1570.85,1403.15,1584.7,1383.65,1605.25,1372.35,1631.4,1364.15,1661.5,1363.4,1690.35,1377,1705.25,1391.35,1715.45,1421.1,1713.4,1448.8,1694,1477,1664.25,1492.4,1630.85,1502.1,1604.7,1495.45,1576.55,1482.65,1564.7,1463.65
1-160,Uninfected,No_comment,Polygon,20,1453.4,1320.55,1441.1,1337.5,1436.5,1361.6,1432.95,1386.75,1431.9,1412.9,1446.8,1434.95,1469.85,1450.85,1507.25,1446.2,1523.15,1445.2,1543.65,1433.4,1560.05,1420.6,1577.95,1390.85,1585.25,1365.7,1583.15,1337.5,1568.8,1308.8,1545.7,1288.25,1531.85,1283.65,1504.15,1288.25,1479.05,1301.1,1464.15,1309.3
1-161,Uninfected,No_comment,Polygon,18,1460.65,1562.15,1455.95,1550.85,1453.4,1530.35,1454.45,1509.3,1465.75,1486.2,1490.35,1465.2,1525.7,1462.1,1545.7,1467.25,1561.6,1469.8,1578.5,1479.55,1596.55,1497,1602.65,1523.65,1600.6,1557.5,1590.4,1576.5,1557.55,1594.95,1533.9,1599.55,1494.95,1592.9,1475.45,1583.65
1-162,Uninfected,No_comment,Polygon,16,1688.3,1482.65,1688.8,1500.6,1699.55,1532.9,1729.9,1549.3,1745.2,1551.35,1774.45,1554.95,1800.1,1550.35,1817.55,1539.55,1834.95,1514.95,1833.95,1482.65,1825.8,1459.55,1811.95,1439.55,1789.3,1431.85,1734.45,1435.45,1708.75,1447.25,1696.45,1466.2
1-163,Uninfected,No_comment,Polygon,16,1292.75,1522.6,1312.45,1542.25,1341.1,1563.05,1379.3,1565.3,1409.05,1552.35,1427.6,1535.5,1441.15,1503.5,1438.9,1475.95,1418.6,1448.4,1397.85,1427.05,1355.6,1424,1330.4,1436.05,1305.15,1456.85,1286.05,1475.95,1279.3,1493.95,1280.95,1504.6
1-164,Uninfected,No_comment,Polygon,17,1218.6,1535.5,1201.2,1528.2,1190.5,1500.65,1184.35,1466.4,1197.25,1433.8,1219.75,1414.15,1254.55,1404.6,1292.75,1409.65,1311.3,1422.6,1329.85,1436.1,1342.15,1462.5,1336.05,1498.5,1325.85,1514.2,1299.5,1531,1278.75,1540.55,1246.75,1545.05,1229.85,1542.25
1-165,Uninfected,No_comment,Polygon,17,1213.55,1654.05,1205.65,1638.85,1204,1602.9,1222.55,1573.7,1239.9,1557.4,1277.05,1547.85,1307.95,1546.15,1333.75,1564.7,1350.05,1582.15,1358.45,1606.3,1355.1,1636.6,1341.65,1656.3,1320.3,1674.25,1303.95,1687.2,1278.1,1691.1,1250.6,1691.1,1230.35,1675.95
1-166,Uninfected,No_comment,Polygon,14,1356.85,1909.7,1340.55,1889.45,1337.2,1854.6,1345.6,1832.7,1372.6,1810.25,1402.9,1803.5,1437.2,1810.8,1474.25,1833.85,1484.95,1865.3,1479.35,1898.45,1465.3,1918.1,1442.25,1927.65,1403.5,1930.45,1370.75,1919.5
1-167,Uninfected,No_comment,Polygon,18,1181.55,1863.6,1179.3,1840.6,1175.35,1817,1179.85,1795.65,1198.95,1773.15,1219.2,1764.15,1252.35,1757.4,1279.9,1765.85,1300.1,1779.35,1323.7,1800.1,1336.6,1825.4,1324.8,1851.8,1312.45,1863.6,1299.55,1878.2,1282.1,1892.25,1245.05,1898.45,1209.1,1895.65,1186.6,1886.1
1-168,Uninfected,No_comment,Polygon,18,1170.3,1839.45,1145.6,1830.45,1124.8,1804.05,1119.75,1759.1,1136.6,1722.05,1163.55,1704.05,1194.45,1696.75,1218.05,1696.2,1242.8,1701.25,1260.2,1715.85,1270.3,1727.65,1270.3,1755.75,1273.65,1781.6,1266.9,1807.4,1254,1822.6,1233.75,1836.1,1201.15,1841.65,1181.55,1838.9
1-169,Uninfected,No_comment,Polygon,17,1432.15,1808.6,1432.7,1788.9,1437.2,1765.3,1454.6,1735.5,1468.1,1718.1,1484.4,1708,1509.65,1699.55,1542.25,1705.15,1565.3,1713.6,1581.6,1733.25,1583.25,1759.1,1579.9,1797.9,1559.1,1821.45,1532.15,1840.6,1490,1848.45,1458,1840.05,1438.3,1822.1
1-170,Uninfected,No_comment,Polygon,18,1525.4,1842.8,1527.1,1854.6,1535.5,1878.2,1536.65,1901.25,1550.7,1918.1,1567.55,1928.2,1595.05,1936.65,1619.8,1929.35,1633.85,1919.25,1648.45,1906.3,1656.85,1884.4,1661.35,1863.05,1650.15,1832.15,1620.9,1809.65,1592.25,1796.2,1571.45,1806.35,1550.7,1816.4,1538.3,1828.2
1-171,Uninfected,No_comment,Polygon,18,1640.6,1808.55,1641.7,1794.5,1655.2,1782.15,1670.35,1764.15,1678.25,1746.75,1693.95,1737.75,1721.5,1733.25,1748.45,1742.25,1766.45,1753.5,1780.15,1784.35,1778.8,1815.85,1772.6,1834.95,1759.15,1854.6,1731.6,1865.85,1705.75,1867,1672.6,1857.45,1650.7,1839.45,1638.35,1819.8
1-172,Uninfected,No_comment,Polygon,18,2946.65,1576.15,2951,1557.05,2964.35,1532.15,2989.2,1518.25,3014.55,1514.9,3044.7,1524.45,3064.8,1540.75,3076.3,1569.45,3077.8,1590.55,3068.65,1612.05,3058.6,1627.85,3037.9,1641.85,3016.05,1645.55,2986.35,1641.75,2975.8,1633.55,2967.7,1615.9,2956.65,1608.25,2948.75,1595.65
1-173,Uninfected,No_comment,Polygon,17,3649.45,1408.25,3644.4,1395,3648.95,1364,3658.1,1341.55,3668.6,1323.75,3698.7,1305.05,3727.05,1299.1,3762.7,1315.6,3775.9,1325.15,3791.45,1350.25,3796.45,1382.2,3782.75,1408.7,3759,1424.7,3723.85,1438,3686.85,1435.2,3667.25,1421.95,3658.55,1412.8
1-174,Uninfected,No_comment,Polygon,20,3659,1248.45,3659.95,1224.2,3669.05,1192.7,3681.4,1176.8,3701.95,1165.75,3724.75,1158.9,3748.45,1159.85,3765.4,1164.85,3779.1,1173.55,3789.6,1185.85,3798.75,1203.2,3804.7,1221.05,3803.15,1236.65,3792.15,1264.05,3778.5,1277.35,3758.55,1293.7,3729.3,1307.4,3703.7,1301.4,3687.8,1286.35,3670.45,1271.7
1-175,Uninfected,No_comment,Polygon,16,3389.6,1178.15,3390.5,1163.5,3401.95,1137.95,3423.85,1123.35,3454,1116,3486.4,1123.8,3504.25,1133.35,3516.55,1156.2,3523.85,1180.4,3517.95,1212.85,3500.1,1230.65,3482.3,1243.9,3453.55,1243.45,3429.8,1236.6,3407.9,1223.8,3397.85,1204.15
1-176,Uninfected,No_comment,Polygon,16,3182.75,881.75,3170.8,896.3,3160.35,918.75,3154.4,947.5,3162.2,971.7,3174.95,991.8,3201.85,1004.15,3224.25,1009.6,3253.45,1000.95,3275.45,981.75,3287.7,947.9,3286.35,918.3,3257.6,891.35,3239.3,875.95,3208.25,868.6,3191.8,874
1-177,Uninfected,No_comment,Polygon,17,3277.25,904.6,3290,885.85,3312.4,863.9,3326.6,850.7,3355.8,851.15,3377.7,863.9,3401,879,3424.75,910.95,3424.3,941.05,3416.55,962.55,3403.75,975.75,3379.5,990.9,3349.8,995.45,3323.4,984.95,3298.7,975.75,3282.3,948.9,3272.7,925.6
1-178,Uninfected,No_comment,Polygon,17,3416.5,900.05,3421.55,880.85,3438,855.2,3469.5,846.6,3512,850.2,3544.85,860.3,3557.2,881.25,3563.6,905.95,3558.1,931,3549.75,953.7,3530.7,974.4,3501.05,982.2,3474.55,981.75,3449.45,969.4,3428.4,957.55,3419.7,938.85,3417.4,915.55
1-179,Uninfected,No_comment,Polygon,20,3543.05,855.65,3543.5,833.8,3554.45,811.4,3570.45,789.9,3589.6,774.85,3610.6,765.7,3640.75,759.3,3664.95,762.5,3679.55,770.3,3695.1,785.35,3701.95,806.4,3706.05,829.25,3699.2,847.5,3680.95,877.6,3659.95,895.9,3640.75,905.45,3604.25,906.4,3570.45,905.05,3558.45,895.05,3543.85,874.05
1-180,Uninfected,No_comment,Polygon,18,3397.35,784,3405.6,768,3408.8,748.8,3415.65,731.45,3438,712.75,3464.05,704.05,3486.4,700,3505.15,706.35,3519.3,718.7,3529.8,731.9,3537.55,752.95,3531.6,779,3519.75,804.55,3497.4,825.6,3468.6,835.6,3435.25,833.8,3406.95,820.55,3397.85,796.35
1-181,Uninfected,No_comment,Polygon,21,3664.5,910.95,3671.8,892.7,3687.8,862.9,3704.7,848.35,3717.5,834.65,3728.45,821.45,3742.6,802.25,3748.55,787.2,3755.4,802.25,3762.7,816.9,3790.1,841.5,3800.6,865.3,3801.5,904.6,3791.45,927.35,3771.8,942.9,3753.1,964.85,3734.35,987.65,3710.15,989.45,3688.5,987.95,3673.45,963.3,3665.7,924.9
1-182,Uninfected,No_comment,Polygon,16,3730.25,986.75,3728,1000.45,3728.9,1027,3738.5,1048.4,3754.5,1068.5,3789.2,1074.95,3815.65,1066.25,3832.55,1045.2,3844,1021.5,3844.9,990.45,3837.6,968.95,3826.15,951.2,3799.25,938.85,3774.05,941.05,3759.45,949.25,3737.55,969.4
1-183,Uninfected,No_comment,Polygon,19,3292.8,769.35,3290.5,748.8,3292.35,733.3,3302.75,713.75,3313.25,690.9,3320.65,676.25,3324.3,650.65,3341.2,669.35,3364.5,678.1,3397.85,689.05,3413.35,708.7,3419.25,731.05,3409.65,762.55,3400.95,785.35,3377.3,792.7,3354,801.85,3328.4,794.55,3308.3,786.45,3296.9,778.25
1-184,Uninfected,No_comment,Polygon,16,3268.6,592.7,3263.55,555.7,3264.95,529.2,3288.25,499.5,3310.15,488.6,3353.05,486.3,3380.95,492.25,3397.35,502.75,3411.05,527.85,3419.3,559.35,3409.25,597.7,3396.9,613.2,3359,630.1,3324.75,632.4,3305.5,626.1,3278.1,606.05
1-185,Uninfected,No_comment,Polygon,19,3486.4,478.1,3480.95,501.8,3469.05,517.8,3462.65,540.6,3467.25,561.6,3476.8,579.9,3487.8,601.35,3506.95,616.9,3528.4,627.85,3561.3,620.05,3580,602.7,3591.9,581.3,3599.65,564.8,3591.45,527.4,3581.4,505.5,3564.05,485.8,3548.05,476.7,3521.1,475.3,3499.65,473.45
1-186,Uninfected,No_comment,Polygon,18,3244.8,367.55,3248.05,350.65,3243.5,326.45,3261.3,302.25,3282.3,284.45,3322,286.25,3335.7,288.1,3353.55,297.25,3364.5,312.3,3377.75,336.95,3375,361.15,3377.75,381.25,3368.6,395.4,3351.25,408.2,3319.75,416.4,3293.7,417.8,3272.25,408.65,3254.45,395.85
1-187,Uninfected,No_comment,Polygon,17,2799.2,599.55,2801.45,578.15,2809.25,552.1,2829.35,533.8,2851.7,526.55,2888.25,530.6,2907.4,543.9,2927.05,567.1,2940.3,592.7,2944.4,628.3,2937.55,650.7,2922.5,673.05,2890.3,691.2,2859.45,690.85,2824.3,674,2807.75,642.95,2800,612.4
1-188,Uninfected,No_comment,Polygon,18,2937.55,335.65,2919.75,318.7,2906.05,300.45,2900.55,271.2,2904.2,252.05,2918.8,229.65,2949.85,216.4,2980.9,209.55,3010.6,203.2,3037.55,211.9,3048.5,224.65,3058.55,253,3063.1,280.4,3051.7,304.1,3031.6,322.8,3000.55,334.7,2977.3,344.8,2940.4,339.75
1-189,Uninfected,No_comment,Polygon,15,2769.95,218.7,2769.5,190.4,2780,151.6,2798.75,132.4,2826.6,124.65,2865.4,130.15,2890.05,152.05,2903.75,190.4,2901,218.25,2891.45,244.3,2866.3,264.85,2840.3,277.15,2813.8,274.9,2784.1,260.3,2772.25,232.4
1-190,Uninfected,No_comment,Polygon,19,2293.4,989.65,2294.2,968.65,2300.8,948.9,2323.45,925.45,2346.5,914.35,2376.95,912.7,2400,914.35,2420.55,921.35,2436.2,933.7,2446.5,951.4,2447.7,975.65,2441.55,999.55,2428.65,1021.55,2408.2,1036.55,2376.95,1044,2349.35,1047.7,2328.8,1041.5,2311.1,1030,2298.35,1014.35
1-191,Uninfected,No_comment,Polygon,18,2209.45,897.05,2202.05,878.15,2195.45,848.5,2200.8,818.45,2222.2,800.35,2251,785.15,2292.6,786.8,2325.5,800.75,2335.8,812.3,2340.3,831.6,2351.35,859.1,2353.9,895,2340.3,914.75,2317.25,939.85,2291.35,946.45,2260.6,940.55,2234.65,924.05,2220.25,911.3
1-192,Uninfected,No_comment,Polygon,19,2476.95,820.55,2475.3,797.1,2479.8,785.15,2496.25,766.65,2504.5,757.2,2531.25,751.45,2551,748.95,2573.25,758,2595.85,772.85,2607.8,801.65,2609.85,828.4,2607.8,852.65,2593.4,873.65,2576.1,890.5,2543.6,894.2,2519.75,887.65,2494.65,872.85,2481.85,852.25,2477.75,837.85
1-193,Uninfected,No_comment,Polygon,18,2343.6,737.85,2337,706.95,2341.1,676.9,2350.6,656.75,2370.75,641.95,2410.6,638.65,2436.15,644,2446.45,652.25,2454.7,667.05,2465.8,695.05,2478.95,708.6,2482.25,722.2,2469.1,748.95,2458.4,765.4,2425.05,771.55,2388.85,771.95,2361.3,767.85,2350.6,755.1
1-194,Uninfected,No_comment,Polygon,21,2251.4,464.6,2240.7,476.95,2234.55,490.95,2229.2,507.4,2231.65,528,2232.9,541.95,2245.25,563.8,2259.25,575.7,2280.2,586,2300.8,588.05,2320.15,585.6,2343.2,576.95,2356.35,566.25,2366.2,553.1,2372.8,530.85,2365,497.55,2354.7,476.15,2334.55,452.25,2312.6,449.7,2286.4,450.2,2265,458
1-195,Uninfected,No_comment,Polygon,18,2048.7,349.1,2056.15,318.25,2074.4,303.9,2102.2,293.45,2129.2,287.8,2153.55,291.3,2164.85,296.95,2175.7,308.25,2190.9,330,2202.25,363.45,2196.6,397.35,2177.9,418.7,2150.5,429.1,2111.35,428.7,2092.2,423,2069.65,403,2054.35,377.8,2050.05,366.95
1-196,Uninfected,No_comment,Polygon,18,2083.55,428.7,2056.15,451.35,2053.1,470.45,2052.25,506.55,2066.6,544.4,2087.9,567,2106.15,578.75,2130.5,585.25,2156.15,590.05,2170.95,579.6,2177.9,557.4,2188.75,532.2,2195.3,509.15,2185.75,471.75,2172.25,439.6,2150.45,422.6,2117.4,417.8,2095.2,423.9
1-197,Uninfected,No_comment,Polygon,18,1916.6,442.2,1917,420,1921.8,399.15,1934.4,383.95,1967,367.4,1994.4,370.9,2017.45,375.25,2030.5,389.6,2040.95,412.65,2043.55,443.95,2034.4,471.35,1999.2,483.05,1992.25,490,1976.15,493.05,1960.05,487,1941.35,478.7,1927.9,470.45,1921.8,457.4
1-198,Uninfected,No_comment,Polygon,18,1889.9,686.55,1893.15,667,1901.05,647,1912.7,630.25,1926.65,617.7,1950.8,616.75,1987.55,626.55,2017.8,647.95,2028.95,672.1,2036.4,702.8,2022,731.65,2001.05,749.35,1975.95,755.4,1948.95,754.9,1925.25,747,1908.5,732.6,1894.1,714,1888.95,700
1-199,Uninfected,No_comment,Polygon,21,1811.75,703.75,1795,694.9,1779.65,679.1,1771.3,666.55,1765.25,651.65,1763.85,630.7,1767.1,608.4,1777.8,590.7,1792.65,575.35,1813.15,571.65,1828.95,572.1,1849.9,574.45,1865.7,580.95,1875.95,590.7,1887.55,613.5,1898.25,634.9,1898.75,654.95,1888.95,679.1,1880.1,696.3,1858.7,708.85,1828.5,712.6
1-200,Uninfected,No_comment,Polygon,24,1853.6,556.3,1851.75,531.2,1852.7,512.1,1863.4,495.8,1876.85,486.5,1899.65,474.9,1912.7,468.4,1930,471,1950,482.65,1963.35,492.1,1985.7,502.35,2002.45,514.9,2009.9,525.15,2013.15,551.2,2010.85,569.8,2001.05,585.6,1991.3,597.7,1977.35,608.85,1945.7,611.2,1926.65,608.85,1908.5,600.5,1881.5,592.55,1860.1,578.2,1855,567.45
1-201,Uninfected,No_comment,Polygon,19,1578.05,788.2,1584.5,758.8,1597.35,733.1,1614.45,719.2,1637.95,706.45,1685.05,708.5,1705.4,722.45,1726.75,740.65,1740.1,766.3,1739.55,802.1,1735.3,828.35,1720.3,852.95,1690.4,865.25,1652.4,864.7,1626.2,861.45,1595.2,858.8,1591.45,846,1588.25,822.45,1581.3,807.45
1-202,Uninfected,No_comment,Polygon,17,1482.9,962,1474.85,950.3,1467.4,924.1,1465.25,905.3,1475.9,882.35,1492,864.15,1515.5,853.45,1547.6,854,1575.95,870.05,1588.75,887.65,1600.05,915.5,1594.7,949.7,1582.9,970.6,1560.45,982.9,1541.15,987.7,1512.3,985.6,1496.8,977
1-203,Uninfected,No_comment,Polygon,18,1325.65,805.85,1324.05,821.9,1326.7,842.25,1335.8,870.05,1351.85,888.2,1381.3,897.9,1426.25,903.2,1454,899.5,1473.25,881.25,1485,860.4,1480.2,833.15,1471.1,809.1,1454.55,783.4,1425.15,765.75,1389.85,760.95,1357.75,770,1336.35,782.85,1328.35,791.45
1-204,Uninfected,No_comment,Polygon,20,1437.45,697.3,1437.45,717.65,1437.95,741.15,1444.9,761.5,1459.35,776.5,1474.85,791.95,1495.7,805.85,1517.1,811.8,1540.65,804.8,1568.45,786.1,1579.1,774.3,1586.6,755.05,1583.4,725.7,1575.45,704.8,1554,674.9,1527.25,658.25,1491.45,657.25,1471.1,663.6,1452.45,675.4,1442.8,681.85
1-205,Uninfected,No_comment,Polygon,16,1635.3,1026.2,1621.4,1009.05,1618.7,977.5,1624.65,946.45,1640.65,925.1,1666.9,908.55,1720.85,904.2,1744.9,913.35,1769,928.8,1787.15,960.35,1787.15,988.2,1771.65,1020.25,1750.25,1039.5,1717.7,1054.5,1686.15,1056.1,1659.35,1045.45
1-206,Uninfected,No_comment,Polygon,17,1536.95,1156.15,1533.7,1125.1,1549.75,1102.6,1570.1,1086.6,1604.8,1078,1632.6,1082.85,1654.6,1097.85,1672.2,1117.6,1680.8,1147.05,1681.8,1173.75,1673.25,1210.65,1655.1,1227.8,1620.3,1247.05,1588.75,1242.25,1565.25,1226.7,1546,1203.7,1538.65,1176.65
1-207,Uninfected,No_comment,Polygon,16,1920.35,948.65,1890.4,937.95,1878.1,919.8,1872.75,898.4,1885.05,863.65,1910.55,842,1940.15,826.75,1985.6,823,2015,839.05,2028.9,855.6,2034.25,889.85,2028.9,912.85,2016.6,927.3,1984,944.4,1965.8,955.6,1936.4,952.95
1-208,Uninfected,No_comment,Polygon,15,1266.35,1146.55,1259.4,1131.05,1251.85,1111.8,1263.1,1085.05,1279.7,1062.6,1328.85,1048.7,1368.45,1063.7,1403.75,1090.4,1410.15,1113.95,1402.65,1145.55,1390.9,1165.25,1362.55,1176.5,1327.85,1185.6,1297.3,1179.15,1279.7,1169.55
1-209,Uninfected,No_comment,Polygon,17,1182.9,1218.25,1180.75,1240.2,1188.25,1265.8,1206.95,1295.75,1240.65,1303.75,1266.85,1308.05,1302.65,1295.2,1322.5,1273.3,1331,1241.75,1328.85,1215.6,1317.1,1187.75,1296.85,1175.45,1274.9,1162.6,1256.7,1158.3,1229.95,1167.4,1203.25,1180.25,1191.45,1195.2
1-210,Uninfected,No_comment,Polygon,16,1500.85,540.1,1500.45,562.3,1504.3,580.65,1517.85,602.9,1536.65,618.35,1552.6,625.1,1569.5,632.85,1591.75,634.75,1626.45,620.75,1642.9,598.05,1646.35,571.95,1648.75,541.05,1642.4,514.05,1619.3,490.8,1595.05,480.65,1554.05,481.65
1-211,Uninfected,No_comment,Polygon,14,1996.6,186.45,1988.4,209.65,1986.95,235.25,1990.8,260.35,2003.35,280.15,2024.15,293.2,2049.75,302.4,2069.9,306.15,2111.55,284,2124.6,256,2127.5,218.3,2112.05,191.75,2086.95,172.9,2062.3,162.3
1-212,Uninfected,No_comment,Polygon,18,2123.15,180.65,2131.4,158.4,2146.85,143.95,2173.4,131.85,2195.65,125.55,2224.15,126.55,2252.65,142.95,2261.35,169.05,2269.05,201.4,2268.25,225.75,2256.5,250.2,2231.4,269.55,2206.25,274.85,2174.85,276.8,2151.2,265.2,2131.4,251.65,2122.75,219.75,2117.85,189.8
1-213,Uninfected,No_comment,Polygon,17,2350.7,426.55,2355.05,445.35,2366.15,465.2,2391.3,481.1,2413.5,492.7,2439.65,493.7,2465.7,481.1,2488.9,458.4,2498.55,435.2,2498.1,407.2,2486.95,381.1,2466.15,361.8,2444.9,354.05,2408.75,358.4,2377.35,370.5,2366.15,382.1,2354.85,399.7
1-214,Uninfected,No_comment,Polygon,18,2414.55,271.45,2418.35,293.7,2427.05,320.75,2438.65,338.6,2454.65,352.15,2478.8,364.2,2514.95,357.95,2539.1,348.25,2550.7,335.2,2558,317.35,2554.6,275.8,2544.5,249.7,2529.95,221.2,2496.65,211.55,2471.95,210.6,2447.4,220.25,2429.95,234.25,2414.95,253.1
1-215,Uninfected,No_comment,Polygon,19,2617.45,443.45,2618.9,417.85,2627.05,396.1,2645.95,372.9,2667.6,362.3,2693.2,358.4,2715.45,360.85,2733.85,369.5,2753.6,391.75,2766.7,420.2,2765.25,448.75,2759.45,476.3,2746.35,493.7,2721.25,506.65,2694.2,510.1,2665.25,504.8,2653.2,499.5,2635.75,482.55,2625.15,468.55
1-216,Uninfected,No_comment,Polygon,17,2522.2,186.45,2521.25,171,2526.55,143.45,2536.2,124.7,2553.1,107.75,2577.75,98.55,2609.15,99.5,2635.25,114.5,2655.55,142.55,2661.35,163.75,2666.15,201.45,2657,231.4,2630.4,251.25,2595.65,257.95,2565.65,253.15,2546.85,241.55,2528.5,217.4
1-217,Uninfected,No_comment,Polygon,15,2683.55,69.15,2666.65,85,2655.55,109.7,2652.65,141.05,2665.65,178.3,2673.4,202,2704.3,214.5,2737.65,213.5,2760.35,201.45,2775.7,188.3,2786.85,169,2798.9,146.75,2800.45,122.2,2791.75,98.05,2780.65,77.75
1-218,Uninfected,No_comment,Polygon,19,2709.05,867.1,2706.6,852.25,2705.25,833.2,2714.6,802.75,2724.25,788.9,2748.15,778.2,2775.5,771.95,2795.9,779.55,2813.9,792.4,2831.9,810,2838.2,834.35,2835.45,858.55,2829.1,883.4,2817,902.05,2786.2,912.45,2763.55,913.45,2740.4,906.85,2726.2,896.85,2713.55,880.95