207,5312,2988
2-1,Parasitized,No_comment,Polygon,21,2242.8,2059.85,2246.65,2041.2,2249.75,2021.85,2252.85,2007.1,2273.8,1983.8,2290.05,1976.9,2311,1976.9,2334.25,1967.55,2353.65,1976.05,2380.8,2003.25,2385.45,2035.8,2379.2,2052.8,2376.1,2073,2366.8,2084.65,2346.65,2093.95,2331.95,2104.8,2310.25,2102.45,2290.85,2097.8,2271.45,2095.5,2258.3,2082.3,2245.9,2067.6
2-2,Parasitized,No_comment,Polygon,20,2125.7,1907.9,2136.55,1896.2,2149.75,1882.3,2162.95,1868.35,2190.05,1853.6,2231.95,1853.6,2251.3,1864.45,2271.45,1883.05,2283.1,1903.25,2285.4,1935,2277.65,1955.15,2271.45,1972.95,2261.4,1984.65,2234.25,1992.4,2214.85,1991.6,2192.4,1985.35,2179.2,1980.7,2157.5,1974.5,2134.25,1951.3,2125.7,1928.8
2-3,Parasitized,No_comment,Polygon,20,2271.45,1875.3,2283.85,1854.4,2301.7,1831.85,2317.2,1819.45,2339.7,1814.05,2362.95,1819.45,2368.35,1817.15,2387.75,1817.15,2393.95,1821.8,2395.5,1835.8,2403.25,1851.3,2402.5,1867.55,2400.95,1888.45,2394.75,1914.1,2366.8,1936.55,2336.6,1938.9,2308.7,1928.8,2283.8,1918.75,2280.7,1897.85,2272.95,1883.1
2-4,Parasitized,No_comment,Polygon,15,2122.6,2139.7,2096.25,2129.55,2085.4,2089.3,2095.5,2052.8,2119.5,2031.15,2145.85,2016.4,2183.85,2009.45,2202.45,2014.1,2226.5,2028.8,2238.9,2062.1,2240.45,2083.1,2233.5,2109.45,2214.1,2129.55,2185.4,2146.65,2142.75,2148.2
2-5,Parasitized,No_comment,Polygon,24,2452.85,2163.7,2452.85,2138.85,2457.55,2115.6,2470.7,2092.4,2483.9,2080.75,2508.7,2075.35,2533.5,2076.1,2562.95,2081.55,2574.6,2098.6,2575.35,2117.95,2577.7,2129.55,2580,2142.8,2581.55,2150.55,2567.6,2159.05,2564.5,2173,2559.1,2185.4,2542.8,2193.15,2529.6,2190.8,2521.1,2198.55,2501.7,2199.35,2494.75,2183.85,2484.65,2176.9,2469.95,2173,2457.55,2170.7
2-6,Parasitized,No_comment,Polygon,18,1910.95,2053.65,1906.3,2040.4,1897,2017.95,1893.9,1993.95,1907.1,1958.25,1932.7,1956.7,1945.1,1940.45,1972.2,1939.65,1991.6,1940.45,2014.85,1954.4,2028.05,1982.25,2033.45,2021.05,2024.15,2045.05,2010.2,2071.45,1984.6,2078.45,1957.5,2078.45,1930.35,2068.35,1920.25,2062.95
2-7,Parasitized,No_comment,Polygon,20,1941.2,1931.9,1915.6,1922.6,1894.7,1905.5,1881.5,1890,1876.1,1848.2,1890.8,1826.5,1912.5,1816.35,1936.55,1810.15,1959.05,1808.6,1971.45,1807.1,1979.2,1812.5,1992.35,1824.95,2005.55,1849.75,2007.9,1869.1,2004.8,1891.55,1999.35,1907.9,1983.05,1918.75,1982.3,1922.6,1971.45,1930.35,1953.6,1935
2-8,Parasitized,No_comment,Polygon,16,1947.1,2255.45,1923.9,2244.1,1909.05,2230.45,1897.7,2201.25,1897.7,2176.25,1910.2,2150.05,1940.6,2131,1973.3,2123.9,2007.85,2130.45,2029.85,2145.35,2044.8,2174.5,2046.5,2204.85,2038.85,2231.05,2020.35,2252.5,1987.6,2265.6,1960.8,2262
2-9,Parasitized,No_comment,Polygon,15,1708.4,2030.4,1697.1,2017.3,1702.45,1979.25,1713.8,1950.7,1728.65,1934.6,1750.05,1925.1,1784.6,1921.5,1814.95,1936.95,1829.25,1959.6,1831.1,1989.95,1820.95,2024.45,1797.1,2044.75,1768,2052.5,1737.55,2048.85,1722.1,2039.95
2-10,Parasitized,No_comment,Polygon,17,1733.4,2572.75,1726.85,2557.85,1722.1,2536.45,1734.6,2511.4,1752.45,2487,1775.7,2473.9,1802.45,2468.55,1822.1,2467.35,1847.7,2472.75,1858.45,2486.4,1867.35,2512,1857.85,2538.25,1851.9,2552.5,1832.25,2567.95,1807.25,2584.05,1780.45,2591.2,1748.25,2585.25
2-11,Parasitized,No_comment,Polygon,16,1662.6,2435.8,1654.85,2421.55,1650.1,2394.75,1655.45,2377.5,1664.95,2359.65,1681.65,2347.7,1708.4,2339.4,1738.2,2338.8,1757.85,2348.9,1773.9,2378.7,1778.65,2405.45,1766.75,2428.7,1753.65,2448.9,1729.2,2458.45,1704.85,2456.65,1679.25,2448.3
2-12,Parasitized,No_comment,Polygon,24,2198.9,2591.8,2190,2585.25,2179.25,2588.85,2169.7,2596,2157.2,2597.15,2149.5,2587.65,2138.15,2578.15,2125.05,2569.2,2113.8,2552.55,2115,2512.65,2120.35,2502.55,2134.6,2487.05,2157.2,2473.35,2182.85,2462.05,2197.7,2460.85,2202.5,2468.6,2214.4,2469.2,2220.95,2481.1,2233.45,2489.45,2239.35,2513.25,2240.6,2543,2238.75,2561.45,2221.55,2585.85,2209.05,2591.8
2-13,Parasitized,No_comment,Polygon,20,2225.65,2582.3,2232.8,2567.95,2248.3,2555.5,2260.8,2543.6,2277.5,2538.25,2303.1,2536.45,2319.15,2540.6,2332.8,2546.6,2347.15,2562.65,2353.7,2589.45,2356.05,2622.75,2348.9,2650.75,2334.05,2669.8,2312,2683.5,2283.4,2687.65,2253.7,2675.15,2238.15,2659.7,2226.25,2628.15,2223.9,2600.15,2229.75,2571.65
2-14,Parasitized,No_comment,Polygon,24,2156,2467.4,2137.55,2458.5,2123.9,2431.1,2117.35,2404.3,2124.5,2373.95,2140,2354.3,2162,2339.4,2192.35,2332.3,2213.75,2335.25,2229.85,2351.9,2244.15,2362.05,2253.1,2373.35,2253.1,2387.05,2251.85,2398.95,2257.2,2412.05,2258.45,2428.1,2251.85,2442.4,2248.3,2456.1,2234.05,2469.8,2219.1,2472.75,2211.9,2469.2,2200.05,2466.2,2187,2460.25,2165.6,2470.95
2-15,Parasitized,No_comment,Polygon,24,2523.35,2440.55,2507.25,2428.05,2491.8,2412.6,2485.25,2385.25,2490,2370.35,2492.95,2353.7,2493.55,2341.2,2519.15,2323.95,2548.9,2313.8,2576.3,2313.2,2598.35,2325.1,2610.25,2339.95,2631.05,2349.5,2618.55,2353.7,2631.05,2369.75,2631.05,2387.05,2625.1,2404.3,2617.4,2412.05,2609.05,2429.3,2595.35,2438.2,2588.2,2447.1,2571.55,2459.05,2546.55,2455.5,2527.5,2443
2-16,Parasitized,No_comment,Polygon,18,2903.7,2734.1,2890.05,2721,2874.55,2697.2,2869.8,2666.8,2872.75,2638.85,2893.55,2609.65,2915.05,2591.8,2944.15,2579.3,2967.4,2582.3,2993,2594.2,3015.05,2615.05,3025.15,2645.4,3019.2,2679.3,3008.5,2709.7,2987.65,2732.9,2960.85,2743,2926.95,2744.8,2915.05,2737.65
2-17,Parasitized,No_comment,Polygon,19,2751.35,2669.8,2738.85,2647.15,2729.85,2618,2727.5,2598.95,2735.85,2582.3,2735.25,2576.35,2743.6,2568.6,2753.1,2565.05,2767.4,2553.7,2798.35,2550.15,2823.35,2556.1,2844.8,2572.15,2853.15,2596.6,2853.7,2622.15,2840.65,2650.15,2832.3,2666.2,2813.85,2675.15,2779.9,2672.75,2753.1,2671
2-18,Parasitized,No_comment,Polygon,21,2873.35,2535.85,2876.95,2525.15,2878.15,2502.5,2878.7,2473.95,2891.2,2451.35,2916.2,2431.7,2938.2,2425.15,2956.1,2427.5,2973.35,2434.65,2986.45,2447.75,2998.35,2451.35,3011.45,2460.25,3016.25,2473.95,3012.05,2484.65,3013.2,2507.9,3004.35,2533.5,2982.9,2560.85,2954.3,2569.8,2923.35,2567.4,2900.1,2550.15,2887.6,2541.8
2-19,Parasitized,No_comment,Polygon,15,3083.55,2856.1,3070.4,2845.45,3054.35,2807.9,3047.75,2779.3,3052,2759.1,3071.6,2732.3,3101.35,2720.35,3134.7,2722.75,3157.3,2734.65,3174,2752.55,3182.9,2785.85,3181.1,2816.25,3168.6,2837.7,3146,2849.55,3114.45,2854.9
2-20,Parasitized,No_comment,Polygon,16,2695.35,2813.9,2680.55,2802.55,2665,2767.4,2660.85,2738.85,2666.8,2713.85,2683.5,2692.4,2703.7,2675.75,2726.95,2671.6,2756.15,2678.7,2783.45,2700.2,2791.8,2721.6,2797.15,2759.1,2786.45,2792.4,2764.4,2817.4,2736.45,2828.15,2705.55,2822.2
2-21,Parasitized,No_comment,Polygon,18,3358.5,2670.95,3340.65,2662.65,3318.6,2643,3304.4,2620.35,3300.75,2585.2,3309.7,2557.85,3322.2,2538.2,3346.6,2526.9,3385.95,2526.9,3410.3,2539.4,3426.4,2554.25,3442.5,2594.2,3444.2,2622.15,3441.25,2636.45,3432.95,2645.95,3421,2660.2,3404.4,2669.8,3378.15,2675.15
2-22,Parasitized,No_comment,Polygon,16,3447.8,2361.4,3444.2,2342.35,3444.2,2314.35,3459.7,2287.6,3480,2273.3,3509.7,2268.55,3534.1,2272.15,3565.65,2290,3577.55,2314.35,3582.3,2341.8,3577,2364.35,3560.3,2392.95,3527.55,2407.8,3495.45,2410.85,3466.85,2400.1,3453.15,2379.9
2-23,Parasitized,No_comment,Polygon,21,3381.75,2314.35,3362.65,2306.05,3343,2290.6,3331.75,2267.95,3326.95,2249.5,3334.1,2218.55,3340.65,2208.45,3347.85,2197.15,3369.25,2187,3393.6,2181.6,3422.8,2184.65,3446,2192.95,3461.55,2202.5,3476.4,2220.3,3473.4,2248.3,3469.85,2268.55,3464.45,2279.3,3448.45,2296.55,3434.7,2309.05,3412.05,2315.6,3396,2316.8
2-24,Parasitized,No_comment,Polygon,25,3362.05,2094.75,3360.95,2089.4,3364.45,2079.85,3361.5,2066.75,3368.6,2053.05,3376.35,2046.5,3380.5,2032.85,3385.95,2020.95,3397.2,2013.2,3414.45,2009,3426.95,2009,3441.25,2009,3469.85,2009,3490.05,2017.9,3509.7,2040,3512.1,2066.75,3510.9,2090,3494.8,2110.8,3463.9,2129.85,3455,2138.8,3440.65,2141.75,3421,2141.15,3400.15,2132.85,3387.05,2125.05,3367.45,2116.15
2-25,Parasitized,No_comment,Polygon,26,2926.9,2343.55,2932.85,2338.8,2934.05,2329.25,2934.05,2313.2,2946.55,2301.3,2956.65,2293.55,2975.7,2287,2988.8,2290.05,2997.15,2287.6,3006.65,2291.75,3023.35,2297.7,3029.3,2295.95,3040,2300.1,3050.15,2316.75,3057.85,2338.8,3057.85,2366.2,3044.75,2398.3,3031.1,2412.6,3012.65,2422.2,2986.45,2421.55,2962.6,2409.7,2952.5,2395.35,2935.85,2383.45,2929.9,2377.5,2925.1,2370.35,2923.35,2356.65
2-26,Parasitized,No_comment,Polygon,22,2862.15,2193.6,2847.1,2189.6,2830.6,2175.1,2820.6,2156.1,2814.6,2134.6,2815.1,2114.6,2820.6,2098.6,2829.1,2088.1,2844.1,2077.6,2855.6,2069.1,2867.15,2066.1,2883.15,2070.1,2890.15,2066.6,2908.65,2070.1,2932.65,2088.6,2946.15,2108.6,2953.65,2132.6,2949.65,2155.6,2941.65,2173.6,2931.65,2190.1,2905.65,2195.6,2882.15,2196.1
2-27,Parasitized,No_comment,Polygon,21,3263.65,1750.1,3261.15,1738.6,3253.15,1728.1,3246.65,1713.6,3244.15,1696.1,3242.65,1680.1,3252.15,1658.1,3276.15,1637.6,3294.65,1630.1,3320.15,1629.1,3337.15,1635.6,3351.65,1648.1,3363.65,1668.1,3365.65,1698.1,3361.15,1725.1,3351.15,1744.1,3338.15,1755.6,3314.15,1760.1,3294.65,1758.6,3285.65,1758.6,3279.65,1760.6
2-28,Parasitized,No_comment,Polygon,22,3095.65,1756.1,3085.65,1751.6,3075.15,1741.1,3062.65,1722.1,3055.65,1699.6,3057.65,1675.1,3068.15,1657.1,3081.65,1646.1,3092.65,1639.6,3111.15,1632.1,3120.15,1632.1,3126.65,1630.6,3136.65,1628.1,3146.65,1629.6,3156.65,1636.1,3168.65,1647.6,3181.15,1681.6,3180.15,1711.1,3173.65,1733.6,3155.15,1752.1,3124.65,1762.1,3105.15,1759.6
2-29,Parasitized,No_comment,Polygon,27,2911.15,1779.1,2898.15,1773.1,2886.65,1753.6,2876.65,1731.1,2877.15,1704.1,2886.15,1675.6,2898.15,1665.6,2918.15,1656.6,2927.65,1652.1,2937.65,1649.6,2955.15,1649.6,2973.15,1656.1,2990.65,1671.1,3001.65,1683.6,3008.65,1695.6,3012.65,1714.1,3011.15,1729.6,3008.65,1737.6,3011.65,1752.1,3013.65,1760.1,3003.65,1769.1,3000.65,1777.1,2987.15,1781.6,2976.15,1778.6,2962.15,1787.6,2942.15,1788.1,2923.65,1784.1
2-30,Parasitized,No_comment,Polygon,28,3364.7,1960.6,3350.2,1946.6,3346.2,1938.1,3339.7,1926.6,3329.7,1905.1,3328.2,1887.1,3336.2,1867.1,3350.7,1850.1,3368.2,1836.6,3381.2,1827.6,3395.7,1827.1,3413.7,1827.6,3435.7,1837.6,3442.7,1848.6,3452.7,1862.1,3460.7,1866.6,3466.7,1881.1,3466.2,1893.6,3469.2,1914.1,3466.2,1924.6,3459.2,1931.6,3456.2,1946.6,3446.7,1955.1,3420.7,1961.6,3405.2,1962.6,3395.2,1962.1,3380.7,1964.6,3376.2,1965.1
2-31,Parasitized,No_comment,Polygon,22,3640.2,1717.6,3629.2,1752.6,3633.2,1775.6,3653.2,1809.6,3676.7,1817.1,3693.7,1818.6,3708.7,1815.1,3725.7,1809.6,3742.2,1794.6,3754.2,1776.1,3755.7,1758.1,3757.7,1741.1,3757.2,1729.6,3759.2,1716.6,3750.2,1706.1,3736.2,1690.6,3726.2,1683.6,3709.2,1677.6,3692.7,1679.6,3667.7,1689.6,3651.7,1698.6,3642.7,1707.6
2-32,Parasitized,No_comment,Polygon,20,3888.75,1188.55,3875.25,1180.05,3864.75,1168.05,3856.7,1136.05,3858.25,1112.55,3866.75,1093.05,3880.75,1072.05,3905.75,1064.55,3940.25,1062.55,3960.75,1069.55,3975.75,1086.05,3985.75,1115.05,3988.75,1131.55,3990.75,1148.55,3984.25,1156.05,3975.25,1167.55,3964.75,1179.55,3951.75,1191.55,3926.75,1197.05,3906.75,1197.55
2-33,Parasitized,No_comment,Polygon,20,3754.2,1303.55,3739.7,1289.55,3735.7,1260.55,3744.7,1221.05,3758.7,1201.55,3779.7,1188.05,3793.7,1183.55,3809.7,1182.55,3827.7,1181.55,3841.7,1180.05,3856.7,1186.05,3879.75,1202.05,3886.75,1220.55,3889.25,1253.05,3880.75,1278.05,3861.75,1300.55,3835.7,1316.05,3806.2,1320.55,3782.7,1318.05,3763.2,1309.55
2-34,Parasitized,No_comment,Polygon,21,3387.7,1280.05,3378.2,1261.05,3362.7,1232.05,3356.2,1208.05,3356.2,1185.55,3361.7,1162.55,3374.2,1140.05,3393.2,1127.05,3412.7,1115.05,3433.2,1117.05,3453.2,1128.05,3470.7,1136.55,3484.2,1152.05,3490.2,1184.05,3492.7,1214.05,3486.2,1235.55,3477.7,1250.55,3459.7,1264.55,3437.7,1279.05,3411.2,1285.05,3398.2,1283.55
2-35,Parasitized,No_comment,Polygon,20,3767.2,631.5,3736.7,625,3704.2,632,3682.7,654.45,3664.2,676.95,3657.7,700.45,3664.7,713.95,3675.7,736.45,3687.2,754.95,3705.2,757.95,3715.2,759.45,3722.2,767.45,3738.7,766.95,3754.7,758.95,3767.2,752.45,3783.7,736.45,3797.2,714.95,3808.2,692.95,3798.7,659.95,3780.2,636
2-36,Parasitized,No_comment,Polygon,18,3540.7,591,3533.7,581,3526.2,565,3524.7,541,3527.2,513.5,3552.2,490.5,3585.2,479,3613.2,475.5,3639.7,484.5,3658.7,493,3674.7,515,3677.2,539,3669.7,570.5,3645.7,601.5,3623.7,614,3593.7,615.5,3565.7,610.5,3557.7,603
2-37,Parasitized,No_comment,Polygon,19,3519.2,558.5,3506.2,546,3480.7,537,3456.7,540,3433.2,552.5,3418.7,566.5,3403.7,588,3399.7,608,3404.2,638,3423.2,669.45,3441.7,676.95,3465.7,680.45,3493.7,675.45,3508.2,659.95,3526.2,639.95,3533.7,615.5,3536.7,593,3531.75,577.55,3523.2,562.5
2-38,Parasitized,No_comment,Polygon,29,3159.65,502,3176.65,516.5,3192.65,530,3215.15,534.5,3248.15,529,3263.15,521.5,3286.65,499,3293.65,480.5,3299.15,456.5,3290.65,431.5,3282.15,410,3266.15,394.5,3247.15,384.5,3218.15,380.5,3201.15,388,3181.65,402.5,3165.65,420,3149.15,443.5,3140.65,445,3129.65,454,3126.65,465,3115.15,477.5,3114.15,495.5,3124.15,521.5,3135.65,533.5,3148.15,533,3153.65,526,3159.15,517,3154.15,507
2-39,Parasitized,No_comment,Polygon,26,2668.15,211.5,2673.15,191,2677.15,182,2687.15,172,2687.15,157,2693.15,144.5,2702.15,131.5,2707.65,119.5,2720.65,115,2742.15,115.5,2747.15,111.5,2773.65,115,2785.65,124,2802.65,150.5,2810.65,175.5,2810.15,200,2795.15,209,2801.65,218.5,2801.15,235.5,2784.15,243,2762.65,257.5,2737.15,267.5,2704.65,265,2688.15,252,2672.65,233,2668.65,218
2-40,Parasitized,No_comment,Polygon,28,2493.15,403.5,2509.15,403.5,2529.65,407,2546.65,418.5,2560.15,421.5,2574.65,411.5,2582.15,390.5,2587.65,372.5,2595.15,350,2591.15,334,2588.15,314.5,2587.65,299.5,2576.15,278.5,2563.65,270.5,2541.65,255.5,2515.65,259.5,2500.65,263,2480.15,270,2457.15,300,2448.65,318.5,2453.65,339.5,2446.65,352,2443.15,364,2445.65,379,2456.15,391.5,2464.65,400.5,2480.65,406,2485.65,406
2-41,Parasitized,No_comment,Polygon,22,2429.6,65.5,2422.1,83,2417.1,103.5,2410.1,128,2413.1,150,2421.1,163,2437.6,173.5,2453.6,178.5,2471.6,188,2482.6,191,2504.6,193,2514.1,185,2529.1,178.5,2545.1,170,2557.6,154.5,2558.6,142.5,2559.1,124,2558.1,114.5,2558.6,104.5,2551.6,87.5,2536.1,68,2528.6,51.5
2-42,Parasitized,No_comment,Polygon,29,1828.1,400.5,1826.1,385.5,1826.1,373.5,1826.1,361.5,1828.6,351.5,1836.6,334,1839.6,324.5,1848.6,313.5,1870.6,309.5,1888.6,308,1901.1,309,1916.6,309.5,1920.6,311,1926.55,319,1943.05,328,1950.55,347,1951.55,360.5,1955.55,375.5,1961.05,391,1952.05,413.5,1934.05,429,1933.55,436.5,1923.55,443,1909.6,444,1897.6,443.5,1877.1,441.5,1860.1,435,1837.6,425.5,1830.1,413
2-43,Parasitized,No_comment,Polygon,21,2108.6,554,2104.6,534,2102.6,503.5,2112.6,475.5,2133.6,456,2160.1,446.5,2172.1,443.5,2206.1,449.5,2214.6,463.5,2228.6,477,2237.6,501.5,2234.1,519.5,2231.6,532,2232.1,548.5,2227.1,562,2214.6,570.5,2203.1,581,2180.6,588.5,2159.1,588.5,2136.1,579.5,2115.1,568.5
2-44,Parasitized,No_comment,Polygon,22,2453.6,653.95,2451.1,640.45,2457.6,621,2464.6,603.5,2476.1,590.5,2497.1,584.5,2516.6,584.5,2535.6,584,2557.6,596.5,2574.6,613.5,2583.6,621.5,2587.1,636,2591.6,658.45,2585.6,681.95,2575.1,699.45,2557.6,705.45,2542.1,713.95,2526.1,716.45,2505.6,712.45,2475.1,700.45,2463.1,681.95,2457.1,664.95
2-45,Parasitized,No_comment,Polygon,26,2595.1,862.05,2582.6,856.05,2565.1,839.05,2562.1,829.55,2553.6,808.55,2551.1,787.55,2554.6,769.55,2571.6,755.55,2584.6,743.05,2605.1,736.55,2624.1,734.55,2636.6,738.55,2650.1,750.05,2655.6,758.55,2670.6,763.55,2676.1,778.05,2676.1,787.55,2679.1,803.55,2680.1,818.05,2673.1,833.55,2666.6,838.05,2659.1,844.05,2652.6,853.55,2639.1,863.55,2626.6,864.55,2609.1,866.55
2-46,Parasitized,No_comment,Polygon,20,2871.1,794,2865.05,781.35,2855.35,763.4,2852.4,732.8,2865.05,701.5,2883,679.1,2905.75,668.1,2930.25,667.35,2958.1,675.55,2975.15,697.35,2987.35,702.8,2998.25,711.6,2996.85,723.85,2994.8,737.45,2988.75,751.1,2979.2,763.95,2971.75,781.65,2949.9,807.5,2919.3,817.05,2888.75,817.05
2-47,Parasitized,No_comment,Polygon,24,2990,933.9,2985.55,922.8,2974.45,913.35,2967.25,900,2966.7,885,2955,866.65,2945.55,838.9,2952.8,813.35,2963.85,791.8,2985,776.1,3015,776.1,3038.35,784.45,3058.9,804.45,3075,828.9,3082.25,855,3083.35,875.55,3065,908.9,3061.1,924.45,3061.1,931.65,3052.8,940.55,3033.9,942.25,3018.35,948.9,3002.25,952.25,2995,943.9
2-48,Parasitized,No_comment,Polygon,17,3062.25,805.55,3071.7,795,3093.9,789.45,3118.35,789.45,3140.55,798.9,3160.55,821.65,3166.7,846.1,3166.1,870.55,3155.55,892.8,3138.9,911.65,3110.55,922.25,3092.8,927.25,3066.7,915.55,3066.05,901.7,3083.3,877.3,3079.4,840.05,3069.95,818.95
2-49,Parasitized,No_comment,Polygon,19,2984.45,1163.9,2971.1,1161.65,2956.7,1156.1,2943.9,1140,2937.8,1110,2935.55,1081.1,2942.25,1061.1,2973.9,1043.9,3003.9,1040,3028.9,1042.25,3049.45,1058.35,3057.25,1090.55,3060.55,1118.35,3062.8,1136.65,3056.7,1147.8,3046.1,1151.1,3035,1161.1,3021.75,1166.65,3001.75,1163.35
2-50,Parasitized,No_comment,Polygon,23,2820.55,1270,2827.8,1251.65,2836.1,1236.1,2849.45,1224.45,2870.55,1218.35,2877.8,1214.45,2882.25,1204.45,2896.7,1202.25,2912.8,1205.55,2930,1212.25,2945.55,1214.45,2953.9,1221.1,2963.9,1238.9,2968.9,1251.65,2971.7,1272.8,2969.45,1291.7,2955.55,1314.45,2923.35,1334.45,2902.8,1341.1,2877.25,1340.55,2856.1,1332.25,2837.25,1316.1,2823.9,1283.35
2-51,Parasitized,No_comment,Polygon,19,2817.8,1282.8,2801.1,1299.45,2771.1,1307.25,2740.55,1305,2723.9,1303.9,2707.25,1285,2695,1256.65,2692.8,1232.8,2698.35,1211.1,2711.1,1191.65,2724.45,1180.55,2749.45,1172.25,2777.8,1172.25,2803.35,1181.65,2818.35,1201.1,2831.1,1230,2831.1,1241.65,2821.1,1263.9,2821.05,1271.05
2-52,Parasitized,No_comment,Polygon,21,2650.05,1757.05,2652.4,1740.7,2665.5,1718.7,2686.05,1703.75,2708.45,1693.95,2741.65,1694.9,2764.1,1702.35,2783.25,1715,2793.05,1732.75,2800.55,1749.55,2802.4,1774.35,2804.25,1791.15,2798.2,1803.75,2775.3,1817.8,2752.4,1828.05,2719.7,1830.85,2699.6,1829.45,2674.35,1813.6,2664.55,1803.3,2654.25,1788.35,2649.1,1766.85
2-53,Parasitized,No_comment,Polygon,19,2634.65,1576.65,2630.45,1563.55,2629.05,1542.1,2635.1,1516.4,2648.65,1502.8,2679.05,1490.2,2706.6,1489.25,2724.35,1500,2744.9,1512.65,2759.4,1535.55,2764.1,1564.05,2753.35,1588.8,2733.25,1608.9,2705.2,1615,2683.25,1611.7,2667.8,1610.3,2654.75,1602.35,2647.25,1592.55,2641.65,1581.35
2-54,Parasitized,No_comment,Polygon,35,2511.75,1608.45,2514.05,1596.75,2528.55,1587.4,2524.35,1575.25,2528.55,1564.05,2538.85,1558.9,2554.25,1556.1,2573.4,1553.3,2585.55,1556.1,2596.3,1568.25,2601,1581.35,2607.95,1583.2,2619.2,1582.25,2633.25,1581.35,2644.9,1584.1,2645.4,1592.55,2646.8,1599.1,2650.5,1606.1,2651,1617.8,2645.4,1622.9,2644.9,1633.65,2644.45,1648.6,2635.55,1653.3,2632.25,1664.5,2632.75,1673.4,2622.95,1679.45,2611.75,1684.6,2593.5,1689.3,2575.3,1690.2,2556.6,1685.05,2540.25,1675.25,2527.15,1658.9,2522,1648.6,2517.35,1635.55,2512.2,1621.5
2-55,Parasitized,No_comment,Polygon,21,2505.15,1420.1,2496.75,1429.95,2486.5,1446.75,2480.4,1462.15,2479.95,1485.05,2486,1500,2498.65,1517.3,2515.9,1526.2,2535.55,1533.2,2562.2,1533.65,2577.15,1528.05,2591.15,1517.3,2603.75,1502.85,2614.05,1479.45,2610.3,1450,2589.3,1422,2567.3,1408.45,2543.95,1407.95,2533.2,1410.75,2525.75,1407.5,2515.45,1410.75
2-56,Parasitized,No_comment,Polygon,37,2328.55,1561.7,2319.65,1555.15,2315.9,1544.9,2315.45,1535.55,2310.3,1527.15,2309.35,1513.1,2314.5,1506.1,2317.8,1494.9,2320.1,1487.4,2324.8,1480.85,2330.4,1472.45,2336.95,1465.9,2350.5,1459.85,2360.3,1452.85,2367.3,1446.75,2371.5,1439.25,2378.55,1442.55,2383.2,1449.55,2390.7,1459.85,2405.65,1466.4,2417.8,1473.85,2425.75,1484.6,2429.45,1499.1,2429.95,1509.85,2433.2,1521.5,2423.4,1539.3,2415.45,1542.55,2416.85,1553.75,2412.15,1564.5,2403.3,1572.45,2401.9,1580.85,2393.95,1587.4,2384.15,1588.35,2371.5,1588.8,2357.5,1586.45,2343.5,1581.8,2330.85,1573.4
2-57,Parasitized,No_comment,Polygon,25,2258.9,1650.95,2262.15,1624.8,2269.2,1607.05,2279,1589.3,2298.6,1577.15,2309.85,1574.8,2323.4,1574.8,2334.6,1577.1,2350.5,1587.4,2356.55,1595.8,2362.65,1604.25,2372,1612.2,2380.4,1620.1,2386.45,1623.4,2379.45,1642.55,2368.25,1658.9,2355.65,1664.05,2357.5,1670.1,2350,1677.15,2330.85,1683.2,2305.65,1684.15,2294.9,1683.2,2288.8,1679,2281.35,1674.35,2265.9,1662.65
2-58,Parasitized,No_comment,Polygon,25,2250.5,1641.15,2232.75,1630.85,2211.25,1624.35,2182.25,1621.5,2166.85,1633.2,2159.35,1641.6,2145.8,1651.45,2136.45,1659.85,2136,1672.45,2137.85,1692.55,2143.5,1707.5,2150,1725.75,2155.65,1734.6,2166.35,1739.75,2179.45,1742.1,2188.35,1749.1,2203.3,1759.85,2215.45,1761.7,2229.45,1762.2,2253.3,1751.9,2270.6,1736.95,2278.05,1719.65,2275.25,1695.8,2268.7,1670.1,2256.1,1648.15
2-59,Parasitized,No_comment,Polygon,20,1933.85,1623.3,1933.85,1607.95,1935.45,1586.2,1944.95,1564,1958.75,1551.3,1977.25,1546.05,1998.4,1545.5,2024.35,1547.6,2039.15,1552.4,2058.2,1561.4,2069.3,1576.15,2073.55,1616.95,2065.6,1640.2,2052.4,1660.3,2034.9,1678.85,2016.95,1684.15,1980.95,1675.65,1960.3,1665.1,1944.45,1648.7,1937.55,1636
2-60,Parasitized,No_comment,Polygon,26,1828.55,1511.1,1828.05,1500.55,1833.35,1483.55,1840.2,1465.65,1846.55,1457.65,1851.3,1452.4,1856.1,1444.95,1869.85,1440.2,1882.55,1436.55,1897.9,1433.85,1907.95,1436,1921.15,1442.35,1935.45,1441.25,1942.85,1445.5,1948.15,1453.4,1967.2,1465.1,1977.8,1501.1,1971.45,1525.95,1962.45,1543.9,1946.55,1561.95,1929.65,1570.85,1905.3,1574.05,1875.15,1571.45,1857.15,1564.5,1841.25,1550.75,1832.3,1530.65
2-61,Parasitized,No_comment,Polygon,21,1243.85,1663.4,1246.05,1650.2,1254.5,1641.8,1263.5,1627.45,1270.9,1611.55,1288.85,1599.45,1297.9,1591.5,1321.1,1586.2,1356.55,1590.45,1380.4,1598.85,1392,1608.4,1398.9,1631.2,1398.9,1659.7,1392,1680.95,1371.4,1701.05,1345.5,1711.55,1309,1714.25,1290.45,1712.7,1266.6,1702.05,1253.4,1691.5,1247.6,1676.7
2-62,Parasitized,No_comment,Polygon,17,1425.4,1758.7,1425.9,1740.65,1438.1,1723.8,1458.7,1707.9,1475.6,1698.85,1498.35,1696.25,1534.9,1700,1550.2,1715.85,1559.75,1732.25,1561.9,1760.8,1551.85,1784.65,1529.1,1803.15,1499.45,1815.85,1477.25,1818.5,1451.3,1812.15,1430.65,1797.85,1423.25,1770.35
2-63,Parasitized,No_comment,Polygon,19,1447.8,1353.8,1440.7,1337.9,1439.05,1311.5,1446.7,1289.55,1453.85,1279.65,1475.3,1268.1,1495.6,1263.15,1523.65,1265.35,1535.7,1275.25,1557.15,1284.05,1564.85,1300.5,1569.8,1310.95,1579.1,1332.95,1579.1,1364.25,1557.7,1385.15,1531.85,1392.85,1506.05,1392.3,1476.9,1383.5,1454.95,1367
2-64,Parasitized,No_comment,Polygon,20,1353.3,1485.15,1346.7,1470.85,1336.8,1456,1331.85,1434.6,1337.95,1413.15,1347.25,1393.95,1370.9,1378.55,1397.8,1369.2,1422.55,1370.85,1440.15,1379.1,1461.55,1391.75,1477.45,1408.75,1481.85,1432.95,1477.45,1462.05,1468.2,1486.25,1447.8,1500.5,1418.75,1506.55,1387.35,1503.8,1366.55,1503.8,1357.15,1492.85
2-65,Parasitized,No_comment,Polygon,20,1257.7,1331.3,1253.85,1315.9,1251.1,1293.4,1252.75,1274.15,1262.65,1257.65,1286.8,1242.3,1310.45,1238.45,1343.95,1236.25,1370.9,1241.75,1381.3,1252.15,1395.6,1258.75,1396.15,1274.15,1401.1,1292.3,1402.2,1313.15,1391.75,1341.75,1369.8,1356.55,1343.95,1363.7,1315.45,1361.5,1283.5,1351.6,1261.55,1341.75
2-66,Parasitized,No_comment,Polygon,18,1134,1149.95,1136.75,1164.8,1147.2,1178.55,1162.05,1198.85,1181.8,1205.4,1215.35,1210.95,1237.3,1210.4,1252.65,1200.5,1263.15,1187.85,1269.75,1159.8,1267,1141.7,1259.8,1126.35,1246.65,1110.95,1225.25,1099.4,1203.2,1095,1182.35,1100.5,1165.9,1107.05,1149.9,1108.15
2-67,Parasitized,No_comment,Polygon,32,1839.25,901.9,1837.35,894.7,1835.9,886.6,1839.25,883.25,1839.25,868.4,1844.05,849.75,1850.75,833,1861.75,820.1,1874.2,808.1,1877.05,799.5,1895.25,800,1901.95,807.15,1922.05,808.1,1949.8,819.1,1966.05,836.8,1970.35,852.15,1971.35,868.9,1969.9,882.75,1972.3,890.9,1977.05,902.85,1970.35,915.3,1961.3,918.65,1956,931.55,1956,942.1,1940.2,950.7,1920.6,951.2,1899.05,951.2,1874.2,946.85,1861.75,937.3,1854.6,925.8,1847.9,917.7,1843.1,908.6
2-68,Parasitized,No_comment,Polygon,41,1981.3,1203.35,1983.75,1194.25,1975.1,1185.65,1968.85,1178.45,1970.35,1167,1975.1,1163.15,1972.75,1156,1972.75,1147.35,1978.9,1134,1987.55,1130.65,1997.6,1127.75,2002.85,1124.4,2014.85,1121.05,2026.75,1120.6,2040.15,1122.95,2053.55,1123.95,2065.05,1125.35,2070.35,1131.1,2073.7,1139.25,2076.1,1145.45,2083.25,1154.05,2085.6,1162.2,2084.65,1170.8,2082.8,1174.65,2081.8,1181.35,2083.25,1189,2086.6,1197.6,2084.65,1208.15,2080.9,1211.5,2079.45,1217.7,2077.05,1224.4,2064.55,1228.7,2056,1233,2041.65,1239.7,2031.1,1240.7,2024.4,1234.45,2012,1223.95,2004.3,1221.55,2000,1221.55,1991.4,1219.15,1982.75,1212.9
2-69,Parasitized,No_comment,Polygon,32,1755.5,998.6,1755.5,1016.75,1758.85,1023.95,1766.5,1030.15,1770.35,1041.65,1770.8,1054.55,1767.95,1067.5,1774.65,1078.5,1785.15,1084.7,1800.95,1095.7,1811.95,1097.15,1823.45,1090.9,1832.05,1085.2,1840.2,1080.4,1848.8,1079.9,1856.45,1078,1861.25,1071.3,1867.95,1067,1872.7,1060.3,1874.15,1049.75,1874.65,1038.75,1868.9,1026.8,1862.7,1017.25,1862.2,1010.55,1860.75,997.6,1852.65,987.1,1844.95,986.6,1833,982.3,1808.15,972.75,1795.7,970.35,1776.05,975.15,1759.3,984.7
2-70,Parasitized,No_comment,Polygon,22,1446.25,832.95,1423.9,822.85,1404.25,815.9,1386.65,797.85,1377.1,760.65,1378.15,746.3,1388.25,732.45,1403.7,717,1415.4,705.85,1426.05,696.3,1440.95,690.9,1455.3,696.3,1465.95,703.7,1479.25,716.5,1494.65,735.05,1505.8,751.05,1502.65,765.9,1503.7,776.6,1500.5,797.85,1492,815.45,1473.9,825.5,1455.8,831.35
2-71,Parasitized,No_comment,Polygon,21,1546.8,640.9,1541.45,649.45,1537.75,661.15,1536.7,679.25,1546.25,702.15,1555.3,712.75,1563.25,721.3,1574.45,733.45,1588.25,740.45,1606.35,746.3,1636.15,746.3,1655.85,732.95,1674.45,713.8,1678.15,694.15,1676.55,672.85,1665.4,650,1640.95,631.35,1619.65,620.75,1609,618.05,1587.75,618.05,1564.35,627.15
2-72,Parasitized,No_comment,Polygon,23,1585.1,489.9,1585.1,478.2,1585.65,458.45,1596.8,445.15,1622.35,433,1639.9,432.45,1662.25,436.7,1683,445.75,1696.8,460.1,1710.1,486.15,1710.65,516.5,1706.4,538.3,1690.4,555.85,1671.8,565.9,1656.9,571.75,1640.95,571.25,1636.15,563.85,1623.95,559.55,1609.05,547.35,1601.05,534.55,1595.75,524.45,1587.75,513.85,1586.65,501.6
2-73,Parasitized,No_comment,Polygon,25,2231.3,1175.85,2228.4,1163.75,2223.4,1147.1,2218.8,1130,2222.15,1113.35,2224.25,1101.25,2227.15,1089.2,2232.55,1079.2,2247.55,1070.45,2267.55,1061.7,2290.9,1060.85,2315.05,1065.45,2328.8,1072.5,2341.8,1085.45,2352.15,1104.6,2358.05,1132.95,2355.55,1157.1,2343.05,1182.95,2329.65,1200.45,2308.05,1209.6,2289.3,1209.6,2280.05,1202.95,2272.55,1189.2,2260.05,1182.5,2244.25,1182.1
2-74,Parasitized,No_comment,Polygon,19,1249.45,2200,1247.8,2180.45,1258.7,2163.6,1270.1,2144.6,1276.6,2128.25,1289.1,2117.95,1304.35,2115.75,1317.4,2117.4,1335.85,2122.85,1347.8,2129.35,1352.7,2143.5,1358.15,2158.7,1369.6,2178.8,1371.8,2209.25,1352.7,2229.9,1325.55,2243.5,1300.55,2245.65,1272.25,2238.05,1258.7,2220.1
2-75,Uninfected,No_comment,Polygon,21,1376.8,1042.7,1378.45,1025.95,1389.8,1005.95,1408.65,984.35,1434.6,976.75,1471.9,975.7,1490.35,989.2,1510.9,1009.2,1531.4,1023.25,1547.65,1035.7,1552.5,1057.3,1548.7,1080.55,1542.2,1102.75,1520.55,1118.4,1481.7,1125.95,1456.8,1125.95,1432.5,1121.65,1414.1,1111.4,1395.75,1098.4,1382.2,1076.8,1380,1060
2-76,Uninfected,No_comment,Polygon,22,1356.8,1227.05,1351.35,1206.5,1355.7,1181.1,1370.3,1157.3,1379.5,1144.35,1397.9,1132.45,1422.2,1126.5,1443.85,1127.05,1468.15,1138.4,1484.9,1155.15,1495.75,1172.45,1501.7,1190.3,1504.9,1211.4,1506.55,1235.15,1493.55,1251.9,1479.55,1262.2,1449.8,1266.5,1430.85,1266.5,1413.05,1260.05,1398.95,1254.65,1383.3,1246,1364.35,1234.1
2-77,Uninfected,No_comment,Polygon,32,1504.4,1126.5,1496.8,1136.8,1500.05,1144.35,1491.85,1164.35,1504.9,1170.85,1513.05,1164.35,1506,1185.95,1503.2,1201.1,1514.6,1198.95,1541.15,1204.35,1547.65,1204.9,1543.85,1218.4,1547.65,1223.8,1561.15,1224.35,1584.4,1216.25,1609.2,1222.2,1621.15,1214.1,1635.75,1193.55,1644.4,1184.9,1650.85,1167.05,1646,1151.4,1636.3,1131.9,1633.05,1117.85,1617.35,1123.25,1602.75,1117.85,1598.45,1109.2,1583.85,1113,1574.1,1103.8,1569.2,1095.15,1550.35,1100,1536.8,1104.85,1508.6,1121.05
2-78,Uninfected,No_comment,Polygon,21,1591.95,1020,1595.75,1003.25,1619.5,982.7,1649.8,980,1675.15,987.05,1690.9,990.85,1700.1,1002.7,1710.35,1022.2,1723.8,1038.95,1731.45,1051.35,1723.3,1069.2,1714.65,1079.5,1719.55,1089.2,1720.6,1097.85,1694.65,1111.9,1665.45,1117.3,1641.15,1108.65,1614.15,1091.9,1600.55,1076.8,1592.5,1055.7,1592.5,1038.95
2-79,Uninfected,No_comment,Polygon,20,1681.15,1128.15,1671.45,1145.45,1664.95,1176.8,1679,1217.35,1700.1,1230.85,1731.95,1241.65,1757.9,1251.4,1788.75,1248.15,1806.55,1238.4,1817.9,1222.75,1825.5,1207.05,1817.9,1176.8,1807.65,1156.8,1799.55,1137.3,1791.4,1130.85,1775.75,1121.1,1753.05,1108.15,1727.1,1107.05,1705.45,1111.4,1690.35,1116.8
2-80,Uninfected,No_comment,Polygon,18,1662.2,968.1,1663.3,933,1662.75,896.75,1674.15,867.55,1694.65,847.55,1738.5,835.15,1764.95,839.45,1787.1,853,1798.45,867.05,1807.1,893,1811.45,919.45,1807.1,951.9,1794.1,967.05,1763.05,992.7,1745.45,998.95,1721.7,997.85,1691.4,994.05,1674.15,982.7
2-81,Uninfected,No_comment,Polygon,19,1599.55,908.1,1586,901.65,1571.4,885.95,1561.65,872.45,1556.25,847.05,1566,813,1582.25,788.1,1598.45,776.2,1630.35,763.8,1656.85,774.05,1674.65,785.95,1687.65,796.2,1695.8,809.2,1691.4,828.1,1686,845.4,1684.85,869.75,1662.2,896.2,1642.75,905.95,1621.7,911.35
2-82,Uninfected,No_comment,Polygon,14,2018.45,960.55,2021.7,929.2,2036.25,909.2,2063.3,892.45,2096.8,890.8,2122.2,897.85,2142.2,917.85,2150.35,951.9,2142.2,987.05,2117.35,1016.2,2094.1,1021.1,2066.55,1020,2038.45,1007.55,2021.7,986.5
2-83,Uninfected,No_comment,Polygon,20,1875.2,1025.4,1867.6,1009.75,1873.55,998.4,1888.15,993,1896.8,968.1,1910.85,962.15,1946,955.15,1962.75,947.55,1988.15,957.3,2006.55,980,2020.05,999.45,2016.8,1013.5,2017.35,1040,2013.55,1057.85,1990.3,1068.65,1954.65,1081.65,1927.25,1078.4,1910.3,1074.05,1894.1,1059.45,1878.95,1035.7
2-84,Uninfected,No_comment,Polygon,16,1877.9,1048.1,1870.1,1065.6,1876.25,1090.8,1886,1118.4,1906,1134.05,1929.25,1143.25,1953.55,1143.25,1976.8,1132.45,1988.15,1117.85,1996.25,1095.15,1989.25,1069.7,1980.05,1045.9,1968.15,1029.15,1942.2,1015.7,1910.85,1017.85,1887.05,1030.75
2-85,Uninfected,No_comment,Polygon,19,2317.9,998.95,2321.7,976.8,2342.25,947.6,2358.45,935.7,2381.15,925.45,2408.7,924.35,2442.8,926.5,2459,938.4,2473.05,968.15,2471.45,996.25,2459,1030.9,2443.85,1050.9,2412.5,1068.7,2388.2,1079.55,2358.45,1074.1,2346.55,1063.85,2339.55,1049.75,2328.15,1035.7,2317.9,1022.75
2-86,Uninfected,No_comment,Polygon,24,2506.55,1080.05,2505.5,1067.05,2507.65,1058.4,2516.85,1047.6,2526.55,1038.4,2537.35,1027.6,2549.8,1017.35,2576.3,1014.6,2596.85,1022.75,2609.25,1030.3,2627.65,1038.95,2643.85,1053,2654.7,1074.65,2654.15,1095.7,2649.8,1121.65,2637.9,1139.5,2626.05,1151.95,2597.9,1161.65,2573.05,1156.85,2549.8,1148.7,2536.3,1138.45,2526,1128.2,2515.2,1112.5,2510.9,1101.65
2-87,Uninfected,No_comment,Polygon,22,2389.8,825.4,2394.65,815.7,2397.9,804.9,2400.05,796.25,2410.35,787.6,2437.35,777.35,2469.8,775.7,2492.5,779.5,2507.65,791.4,2522.25,804.9,2529.8,822.7,2524.95,846.5,2524.4,856.8,2514.65,863.8,2502.8,872.45,2476.85,886.5,2453.05,890.3,2422.75,886,2409.25,877.85,2397.35,866.5,2387.65,848.7,2387.1,838.4
2-88,Uninfected,No_comment,Polygon,30,2522.3,885.45,2514.65,890.85,2509.85,900,2507.15,913.6,2501.2,923.8,2498.5,934.65,2498.5,947.05,2499.55,955.15,2509.85,955.7,2509.3,968.15,2509.85,985.45,2520.6,990.9,2531.95,991.95,2542.25,997.35,2557.4,1010.3,2578.45,1016.9,2586.6,1009.25,2590.4,1000.6,2602.8,991.95,2614.15,991.95,2626.05,982.25,2635.8,972.45,2641.75,945.95,2634.15,924.95,2627.7,912.45,2614.15,894.1,2602.25,884.35,2584.45,880,2563.9,877.35,2537.35,880.6
2-89,Uninfected,No_comment,Polygon,18,2594.15,877.85,2600.6,870.35,2614.5,864.75,2635.2,867.05,2649.85,873,2666.55,887.05,2675.8,896.3,2682.8,911.4,2686.05,941.65,2679.05,967.6,2667.7,993,2641.2,1005.45,2603.9,993.6,2592.55,981.1,2586.6,963.25,2580.1,938.95,2580.1,921.65,2580.65,907.05
2-90,Uninfected,No_comment,Polygon,18,2794.7,808.65,2783.9,831.95,2779,863.3,2782.25,883.25,2795.8,903.8,2808.2,920.05,2824.95,927.05,2862.25,926.55,2880.1,913.55,2895.8,900.05,2904.45,887.05,2907.15,863.3,2901.2,834.65,2894.9,817.25,2887.3,804.8,2860.65,789.75,2836.85,788.65,2808.75,798.4
2-91,Uninfected,No_comment,Polygon,21,2837.95,1014.65,2836.3,1004.85,2837.4,990.85,2840.1,975.2,2850.4,957.35,2862.25,942.75,2876.85,928.7,2895.25,920.05,2920.1,922.75,2943.35,930.25,2955.25,936.25,2968.2,948.15,2980.1,979.5,2977.4,1012.5,2966.6,1036.25,2953.7,1054.15,2935.8,1067.6,2896.35,1072.5,2879.55,1071.4,2861.2,1057.35,2846.6,1042.2
2-92,Uninfected,No_comment,Polygon,22,3063.9,997.35,3066.6,984.35,3068.25,968.15,3074.15,952.45,3084.45,940.05,3095.8,930.25,3109.3,926,3121.75,924.35,3140.65,922.2,3168.25,935.7,3183.35,946.55,3191.5,964.35,3200.65,981.65,3200.65,1011.95,3195.8,1033.5,3181.75,1056.25,3163.9,1068.15,3127.15,1069.25,3106.05,1067.05,3090.95,1055.15,3079.05,1040.6,3068.75,1027.6
2-93,Uninfected,No_comment,Polygon,19,3165.55,792.4,3165.55,781.65,3171.5,757.85,3184.95,744.35,3204.95,733,3227.15,727.6,3262.85,729.15,3285.5,739.45,3303.4,760.55,3308.2,786.5,3302.3,816.25,3298,835.15,3281.2,855.65,3253.6,868.15,3226.1,868.15,3192.05,856.25,3177.95,841.05,3170.9,826.5,3166.1,814.6
2-94,Uninfected,No_comment,Polygon,20,3084.45,782.2,3067.65,771.35,3048.25,757.85,3039.6,744.35,3037.95,717.3,3040.65,691.35,3045.55,670.8,3066.05,655.1,3087.65,645.4,3112,644.85,3135.8,654.6,3152,665.95,3164.45,681.05,3172.55,703.75,3170.9,724.9,3171.5,741.05,3161.2,760,3144.45,775.65,3128.25,783.25,3104.95,781.65
2-95,Uninfected,No_comment,Polygon,16,3127.65,642.7,3122.85,629.75,3122.85,608.1,3133.6,575.15,3143.9,560.5,3162.85,546.5,3198.5,538.4,3237.45,552.45,3256.35,575.7,3262.25,595.1,3252.05,644.35,3240.15,658.95,3213.6,671.85,3188.2,677.8,3160.65,664.35,3140.65,653.5
2-96,Uninfected,No_comment,Polygon,17,2781.15,810.85,2748.75,814.05,2722.8,795.65,2705,774.05,2705,725.95,2713.6,692.4,2737.4,672.4,2762.8,660,2790.95,657.3,2824.45,667.05,2841.15,684.35,2850.4,702.15,2858.7,729.7,2855.45,760.5,2843.35,780,2829.2,795.7,2801.15,808.65
2-97,Uninfected,No_comment,Polygon,21,3262.85,984.3,3261.75,938.9,3269.35,923.8,3280.15,911.9,3296.85,903.25,3316.35,898.35,3329.85,896.8,3355.3,898.95,3372.05,906.5,3383.4,918.9,3383.95,931.9,3394.75,941.1,3400.1,957.3,3398.5,987.55,3386.1,1007.55,3349.85,1030.25,3318.5,1030.25,3302.8,1025.45,3289.85,1013.55,3276.85,1001.6,3269.85,996.2
2-98,Uninfected,No_comment,Polygon,19,2655.85,594.45,2642,585.05,2627.65,572.35,2619.4,555.8,2614.9,534.8,2621.6,499.5,2637.55,479.55,2652.55,473.45,2681.2,466.85,2697.25,465.8,2715.45,471.3,2737,482.35,2754.75,513.8,2758.05,541.4,2755.85,567.95,2740.7,596.8,2721.6,607.7,2696.75,611.6,2676.25,602.75
2-99,Uninfected,No_comment,Polygon,19,2654.25,594.45,2656.4,621.05,2666.9,640.3,2700.05,653.1,2724.35,661.3,2753.05,655.8,2779.6,649.2,2794.5,638.15,2811.1,618.2,2811.65,596.1,2805.55,566.85,2796.7,551.9,2774.1,534.8,2740.4,524.3,2708.85,508.25,2679.6,519.9,2665.2,530.35,2655.85,551.35,2651.5,569.6
2-100,Uninfected,No_comment,Polygon,16,2797.8,533.7,2799.5,511.6,2801.7,487.35,2814.9,468.5,2828.25,451.9,2845.35,438.7,2875.15,434.25,2906.7,445.85,2926.55,468.5,2937.05,499.5,2935.35,535.35,2918.8,572.35,2880.1,586.8,2852.5,585.6,2811.65,564.1,2804.45,549.75
2-101,Uninfected,No_comment,Polygon,16,3072.45,354.65,3075.2,309.35,3082.95,285.05,3097.3,264.05,3139.85,247.5,3182.4,258.55,3200.1,272.9,3212.25,306.05,3215,334.2,3211.15,357.45,3199.55,377.3,3184.05,396.1,3157.55,401.65,3130.45,398.85,3108.9,390.05,3090.15,379
2-102,Uninfected,No_comment,Polygon,18,2632.65,346.4,2629.9,329.8,2636,313.8,2644.25,302.2,2649.8,283.95,2658.65,275.65,2679.1,266.8,2697.3,266.25,2720.5,276.2,2739.3,290.6,2752.55,312.7,2753.65,344.7,2743.7,363.5,2730.45,380.1,2705.05,396.65,2678.5,391.15,2654.75,381.2,2639.3,365.7
2-103,Uninfected,No_comment,Polygon,21,2548.15,249.7,2542.6,241.4,2532.1,218.75,2532.65,201.6,2541.5,188.9,2550.9,174.55,2559.45,154.95,2575.75,142.5,2606.7,135.9,2623.25,145.8,2628.8,160.2,2639.85,175.1,2660.85,202.2,2661.95,218.75,2638.2,225.95,2637.1,238.1,2629.35,251.9,2613.9,260.2,2594.55,264.6,2570.25,266.8,2554.2,259.1
2-104,Uninfected,No_comment,Polygon,16,2917.75,195,2917.75,169.05,2940.95,134.75,2978,117.1,3002.85,117.1,3024.4,127.6,3045.95,146.95,3061.4,183.95,3058.1,219.3,3050.35,246.4,3030.45,269.05,3001.2,276.2,2973,271.25,2949.8,260.2,2931,240.85,2921.6,221.5
2-105,Uninfected,No_comment,Polygon,18,2826.8,329.9,2817,307.6,2817,289.65,2824.6,265.75,2835.5,241.3,2855.05,228.25,2879.45,220.1,2904.45,222.25,2918.1,227.7,2931.7,243.45,2945.8,266.85,2948,308.7,2950.15,332.05,2931.15,348.35,2917,359.75,2881.2,359.3,2849.6,348.35,2839.8,345.1
2-106,Uninfected,No_comment,Polygon,18,2823,331.5,2814.8,353.25,2815.9,375.55,2822.45,398.9,2840.9,421.75,2859.4,430.95,2883.85,432.05,2900.7,438.05,2921.9,430.95,2934.95,425.55,2952.35,407.05,2960.5,389.1,2961.05,356.5,2949.6,328.85,2934.35,307.1,2899.6,290.25,2859.95,297.3,2837.1,304.95
2-107,Uninfected,No_comment,Polygon,16,3366.5,705.45,3363.2,753.25,3373,791.8,3385.5,811.4,3401.8,818.95,3435.5,827.7,3473.55,815.75,3496.9,794,3509.4,769,3513.25,738.6,3501.85,713.05,3483.35,690.2,3456.7,680.95,3425.7,679.9,3395.85,686.95,3380.05,693.4
2-108,Uninfected,No_comment,Polygon,16,3504,814.15,3508.35,829.35,3523.55,850,3555.6,865.75,3588.8,866.85,3612.7,857.05,3628.45,844.55,3643.65,827.7,3649.6,810.35,3650.2,777.7,3636.05,752.7,3601.8,738.05,3571.4,738.05,3546.95,745.65,3521.95,760.85,3505.6,783.15
2-109,Uninfected,No_comment,Polygon,18,3570.9,1021.2,3584.4,989.7,3602.35,963.6,3629.05,936.45,3659.95,926.1,3683.35,926.65,3700.25,934.8,3718.65,958.15,3729,978.8,3723.55,1007.1,3717.6,1032.65,3698.05,1065.25,3674.65,1076.65,3651.8,1090.25,3623,1091.35,3588.75,1078.3,3574.1,1061.45,3570.3,1045.15
2-110,Uninfected,No_comment,Polygon,16,3706.15,914.7,3700.2,889.15,3706.15,862,3732.8,834.25,3758.3,819.65,3794.8,816.35,3817,822.85,3841.5,839.15,3851.85,874.5,3845.85,914.7,3828.45,940.8,3804.5,953.85,3781.2,958.75,3746.95,957.65,3721.95,943.5,3709.45,928.85
2-111,Uninfected,No_comment,Polygon,17,3819.2,966.3,3819.2,953.8,3834.9,926.1,3847.95,910.4,3878.45,903.25,3907.25,899.45,3932.8,915.25,3950.2,939.7,3958.35,962.5,3955.1,978.3,3946.4,1003.3,3933.9,1019.05,3908.35,1034.8,3870.85,1032.1,3850.75,1014.7,3832.8,996.2,3825.75,986.45
2-112,Uninfected,No_comment,Polygon,20,3786.05,1095.7,3775.75,1088.6,3764.85,1074.5,3756.15,1054.35,3751.8,1033.15,3756.7,1012.5,3764.3,996.2,3776.8,981.55,3796.4,970.65,3820.25,962,3839.25,958.7,3859.4,961.45,3874.05,967.35,3883.85,983.65,3893.1,1017.35,3894.2,1048.4,3882.8,1076.6,3865.4,1094,3839.85,1102.2,3809.95,1104.35
2-113,Uninfected,No_comment,Polygon,17,3687.7,1204.9,3670.85,1192.95,3651.25,1178.85,3640.4,1149.5,3645.3,1112,3654,1096.75,3666.6,1082.6,3686.1,1070.1,3720.85,1067.95,3747.45,1075,3774.7,1084.85,3787.7,1105.45,3793.65,1137,3789.3,1164.15,3771.6,1192.2,3739.85,1206,3711.05,1209.25
2-114,Uninfected,No_comment,Polygon,16,3436,1115.8,3426.3,1091.85,3420.85,1061.45,3421.9,1038.05,3439.85,1010.9,3474.65,996.2,3501.85,993.5,3537.7,1006,3556.7,1027.2,3567.05,1058.15,3568.1,1084.25,3557.75,1113.05,3546.95,1131.55,3518.7,1142.4,3482.8,1134.25,3457.8,1127.2
2-115,Uninfected,No_comment,Polygon,17,3236.05,1184.85,3218.1,1171.85,3206.15,1156.6,3200.15,1139.75,3201.8,1107.1,3209.95,1083.8,3233.3,1065.25,3260.5,1051.7,3295.8,1054.95,3312.65,1064.2,3329.5,1081.05,3336.6,1103.3,3337.1,1137.55,3321.35,1161.5,3303.95,1181.05,3288.2,1189.2,3261.05,1191.9
2-116,Uninfected,No_comment,Polygon,18,3466.55,1347.9,3466,1368,3473.55,1400.6,3484.45,1421.8,3502.35,1435.4,3523.05,1437.55,3555.1,1437.55,3573.55,1431.6,3588.8,1420.15,3601.85,1405.5,3610.55,1382.1,3610.55,1363.1,3602.4,1340.25,3590.95,1320.7,3575.25,1307.65,3532.85,1306.05,3501.3,1312,3481.2,1323.95
2-117,Uninfected,No_comment,Polygon,16,3468.65,1338.65,3473,1321.8,3469.2,1303.85,3462.7,1283.2,3451.85,1265.4,3427.9,1254.55,3395.85,1250.2,3370.85,1258.75,3348.6,1279.4,3337.15,1299.5,3336.65,1333.75,3356.15,1365.8,3396.95,1380.5,3428.5,1382.1,3446.4,1370.15,3458.9,1360.4
2-118,Uninfected,No_comment,Polygon,16,3680.1,1447.35,3673.55,1434.85,3668.65,1421.25,3662.7,1403.35,3674.1,1366.4,3709.45,1344.1,3732.8,1338.65,3762.15,1344.65,3788.25,1357.7,3807.3,1385.45,3811.6,1418,3803.45,1450.1,3781.2,1469.15,3755.65,1471.8,3724.6,1468.6,3698,1462.65
2-119,Uninfected,No_comment,Polygon,17,3604.55,1480.5,3598.05,1464.8,3594.2,1439.25,3600.2,1419.65,3618.65,1396.8,3645.85,1387.55,3674.7,1385.4,3698.05,1383.75,3732.8,1393.55,3745.3,1406.6,3732.25,1451.1,3720.8,1476.7,3707.8,1496.8,3694.25,1504.95,3664.9,1510.45,3644.2,1508.8,3630.6,1503.9
2-120,Uninfected,No_comment,Polygon,18,3874.1,1545.65,3867.05,1531,3865.4,1506.55,3867.05,1484.75,3875.75,1460.9,3894.75,1442.35,3926.8,1431,3964.85,1436.4,3992.6,1455.4,4004.55,1471.25,4012.15,1496.25,4014.3,1520.1,4000.75,1551.6,3987.15,1569.6,3957.25,1579.95,3925.2,1579.95,3907.8,1574.45,3895.3,1566.3
2-121,Uninfected,No_comment,Polygon,17,3744.2,1579.4,3742,1560.9,3737.7,1540.8,3742.55,1515.25,3759.4,1490.75,3772.45,1481,3814.85,1475.6,3844.2,1487.55,3860.5,1504.95,3875.2,1529.4,3874.1,1557.6,3862.7,1587.5,3848.55,1603.8,3823,1612.5,3807.25,1612.5,3782.8,1607.65,3766.5,1596.8
2-122,Uninfected,No_comment,Polygon,16,3583.3,1644.05,3569.2,1621.25,3564.3,1598.4,3567.55,1580.95,3581.7,1562.55,3620.3,1547.85,3651.25,1531.55,3679,1529.95,3698.55,1541.3,3720.85,1573.95,3721.35,1605.5,3709.95,1635.9,3683.85,1656.55,3653.45,1662.5,3627.9,1662.5,3602.9,1658.7
2-123,Uninfected,No_comment,Polygon,15,3785.5,1744.1,3770.3,1728.95,3750.5,1705.65,3742.05,1680,3750.2,1646.85,3782.8,1628.9,3821.9,1620.75,3853.45,1645.2,3867.05,1662.05,3881.15,1695.75,3879,1721.85,3865.95,1755,3854.55,1765.3,3833.35,1768.55,3808.9,1762.1
2-124,Uninfected,No_comment,Polygon,19,3773,1740.3,3765.95,1763.7,3763.75,1790.3,3775.75,1812.1,3792.6,1826.2,3812.15,1838.7,3829,1844.1,3847.45,1844.65,3876.3,1844.1,3911.6,1827.8,3932.25,1795.8,3938.25,1775.1,3933.35,1751.75,3915.95,1725.1,3904,1711.55,3889.85,1702.25,3853.95,1702.25,3826.2,1700.1,3794.7,1714.3
2-125,Uninfected,No_comment,Polygon,15,3849.65,1934.85,3844.2,1909.35,3853.45,1874.5,3879,1849.55,3925.2,1841.4,3956.15,1846.8,3980.6,1870.75,3994.2,1901.15,3987.7,1949,3975.75,1970.7,3957.25,1982.2,3930.6,1991.35,3895.85,1984.35,3872.45,1972.35,3859.4,1961.5
2-126,Uninfected,No_comment,Polygon,14,3663.25,2004.95,3647.45,1983.75,3638.25,1964.15,3639.35,1932.15,3651.3,1907.15,3682.25,1890.3,3708.35,1884.8,3740.4,1891.35,3757.8,1910.95,3776.85,1941.9,3776.85,1980.5,3753.45,2015.85,3721.45,2024,3697.5,2022.85
2-127,Uninfected,No_comment,Polygon,16,3695.85,2087.05,3699.65,2065.3,3711.6,2042.45,3748,2027.8,3777.35,2021.8,3806.2,2028.35,3822,2043,3831.7,2058.25,3836.65,2080.5,3840.45,2110.9,3827.95,2141.95,3794.8,2158.25,3768.7,2164.2,3733.35,2157.15,3711.6,2138.65,3702.9,2121.8
2-128,Uninfected,No_comment,Polygon,18,3502.35,2013.65,3495.85,1997.85,3484.45,1985.95,3481.15,1958.75,3485.5,1934.3,3504.55,1913.65,3545.9,1894.65,3573,1897.3,3593.7,1907.6,3615.4,1919.65,3632.8,1932.15,3639.4,1959.85,3631.2,1988.1,3615.4,2020.2,3599.65,2032.7,3565.4,2037.55,3537.7,2034.85,3530.1,2028.9
2-129,Uninfected,No_comment,Polygon,18,3463.75,1826.7,3463.75,1810.4,3474.05,1785.95,3488.75,1761.45,3499.05,1752.8,3527.35,1743.55,3550.15,1746.8,3567,1758.75,3582.2,1772.9,3595.8,1797.35,3604.5,1822.9,3593.65,1851.7,3578.4,1870.7,3548.55,1881.05,3530.05,1886.5,3499.05,1875.05,3482.75,1863.1,3475.7,1856.6
2-130,Uninfected,No_comment,Polygon,29,3316.45,1762,3313.2,1774.5,3317.55,1789.75,3325.15,1789.2,3332.75,1798.45,3345.25,1814.2,3356.65,1814.75,3368.1,1810.4,3378.95,1820.15,3399.6,1821.25,3408.3,1815.8,3420.8,1806.6,3431.65,1796.8,3439.3,1778.3,3433.3,1764.75,3440.9,1754.95,3451.25,1739.75,3447.45,1724.5,3437.65,1723.45,3424.6,1722.9,3417.55,1706.6,3409.4,1691.35,3397.45,1690.8,3380.6,1701.7,3369.15,1700.05,3363.1,1699.55,3354.35,1710.95,3339.2,1727.8,3330.95,1739.8
2-131,Uninfected,No_comment,Polygon,16,3377.35,1612.6,3377.35,1589.75,3382.75,1563.15,3397.45,1546.8,3419.75,1536,3449.6,1530.5,3478.95,1541.95,3492.55,1554.95,3509.95,1578.9,3514.3,1605.5,3503.45,1632.7,3483.85,1646.3,3457.25,1655,3427.9,1658.25,3411.55,1649.05,3391.45,1633.8
2-132,Uninfected,No_comment,Polygon,16,3138.75,1602.85,3128.95,1580,3138.2,1539.2,3150.15,1509.85,3175.7,1496.3,3195.8,1490.3,3219.7,1494.65,3240.9,1505.5,3262.1,1533.25,3270.25,1554.45,3267,1582.7,3256.65,1603.9,3240.9,1622.9,3215.35,1632.7,3183.3,1632.7,3159.4,1622.9
2-133,Uninfected,No_comment,Polygon,16,3032.2,1539.8,3018.6,1531.65,3008.3,1511,3009.4,1484.3,3015.9,1462.6,3033.85,1436.5,3047.95,1424.55,3081.65,1414.8,3100.15,1415.85,3115.9,1426.75,3136,1443.6,3139.3,1469.65,3125.7,1507.7,3100.7,1532.7,3078.95,1541.95,3058.85,1544.65
2-134,Uninfected,No_comment,Polygon,17,2783.3,1588.2,2770.8,1578.35,2761.8,1559.3,2765.35,1521.3,2778.95,1499.55,2809.35,1484.3,2832.2,1476.15,2858.3,1475.6,2879.5,1480.5,2896.35,1493,2908.3,1513.1,2905,1539.2,2898.5,1560.4,2881.1,1584.85,2862.65,1594.7,2834.9,1600.7,2808.3,1596.8
2-135,Uninfected,No_comment,Polygon,19,2780,1590.35,2774.6,1613.15,2774.6,1627.85,2779.45,1653.9,2793.05,1672.9,2820.8,1686.55,2834.9,1689.75,2856.1,1684.4,2871.35,1680,2884.35,1669.7,2897.95,1657.2,2907.2,1638.65,2914.25,1607.2,2903.4,1581.05,2890.9,1565.95,2871.35,1552.9,2857.8,1551.25,2828.45,1551.8,2809.4,1565.4
2-136,Uninfected,No_comment,Polygon,18,3053.95,1923.45,3061,1896.3,3065.9,1875.65,3086.55,1857.15,3115.9,1845.75,3131.7,1846.85,3156.15,1850.65,3175.15,1856.05,3193.65,1878.95,3203.4,1906.1,3204.5,1928.35,3196.9,1945.75,3173.55,1970.75,3146.9,1980.55,3111.55,1977.8,3087.65,1971.3,3076.25,1962.65,3062.65,1947.4
2-137,Uninfected,No_comment,Polygon,20,3164.3,1844.1,3159.4,1831.6,3153.95,1803.9,3154.5,1787.6,3182.2,1758.25,3202.9,1749.55,3231.7,1746.3,3251.25,1747.9,3273,1760.4,3284.95,1772.9,3280.6,1787.05,3282.25,1797.35,3298.55,1809.85,3305.6,1832.7,3286.05,1863.15,3270.8,1875.65,3237.65,1882.7,3214.3,1878.95,3202.35,1871.3,3190.9,1864.25
2-138,Uninfected,No_comment,Polygon,20,2777.85,2021.85,2769.65,2008.8,2763.7,1982.7,2770.2,1962.05,2782.2,1950.1,2790.85,1941.95,2796.35,1932.15,2805.05,1922.35,2818.05,1912.05,2846.35,1905.5,2864.8,1912.6,2877.3,1924,2893.6,1939.2,2899.55,1980,2886.55,2013.7,2874.05,2030,2848.5,2043.55,2830.05,2050.1,2803.9,2043.05,2790.35,2038.7
2-139,Uninfected,No_comment,Polygon,17,2649.6,2039.2,2639.8,2026.2,2631.1,2009.35,2627.3,1988.15,2636.5,1956.05,2658.3,1931.6,2681.1,1921.85,2704.5,1918,2731.1,1925.65,2753.35,1948.45,2762.65,1977.25,2758.3,2003.35,2751.75,2025.1,2740.85,2045.75,2725.15,2059.35,2697.4,2063.7,2674.6,2058.25
2-140,Uninfected,No_comment,Polygon,16,2539.75,1958.2,2529.45,1951.15,2510.4,1932.7,2500.1,1904.95,2506.6,1866.35,2517.5,1844.65,2537.6,1833.2,2565.9,1825.6,2601.2,1827.8,2625.65,1845.15,2643.05,1883.75,2646.35,1913.1,2638.15,1938.65,2611.5,1962.05,2568.6,1970.7,2546.9,1966.35
2-141,Uninfected,No_comment,Polygon,20,2395.75,2051.7,2392,2033.75,2388.15,2014.75,2383.25,1993,2397.35,1962.55,2419.7,1944.65,2441.95,1939.75,2460.4,1940.85,2484.9,1950.6,2497.9,1963.65,2509.35,1976.7,2524.05,1995.2,2529.45,2009.3,2521.3,2039.7,2511.55,2065.3,2491.45,2078.95,2474.05,2087.1,2450.65,2082.7,2427.85,2074,2419.7,2070.2
2-142,Uninfected,No_comment,Polygon,24,2608.85,2180,2601.75,2166.4,2597.95,2145.75,2603.95,2135.45,2614.8,2127.85,2613.75,2112.6,2622.45,2093.6,2645.3,2083.8,2658.85,2074.55,2670.85,2066.95,2691.5,2065.3,2710.5,2067.5,2729.55,2077.8,2751.25,2123.5,2754,2145.75,2745.85,2171.85,2738.2,2186,2722.45,2194.7,2712.15,2205.6,2696.9,2213.15,2684.95,2214.8,2648.5,2216.4,2633.85,2209.9,2622.95,2205
2-143,Uninfected,No_comment,Polygon,26,2334.35,2208.8,2327.85,2201.2,2319.7,2181.1,2318.05,2154.45,2324.55,2138.15,2328.95,2115.85,2336,2108.8,2356.65,2100.65,2367.5,2088.15,2383.3,2090.85,2390.9,2097.9,2395.2,2102.25,2406.1,2096.3,2419.7,2097.9,2431.1,2106.05,2433.25,2117.5,2444.2,2125.65,2451.8,2137.65,2452.85,2174,2438.7,2195.2,2429.5,2203.9,2417,2222.95,2400.15,2224.55,2380,2226.2,2355.55,2224.55,2347.4,2214.25
2-144,Uninfected,No_comment,Polygon,23,2388.15,2302.8,2389.25,2285.45,2392.5,2265.85,2399.05,2255.55,2408.25,2253.35,2415.35,2243.6,2436.05,2233.8,2458.85,2231.1,2469.7,2234.35,2480,2238.15,2500.7,2251.75,2510.45,2275.65,2513.7,2293.6,2515.9,2315.3,2500,2338.95,2490.4,2354.45,2470.25,2361.5,2443.6,2359.9,2427.3,2355,2417.5,2351.2,2406.1,2341.95,2397.4,2331.1,2391.95,2315.3
2-145,Uninfected,No_comment,Polygon,20,2287.6,2443.6,2276.15,2437.1,2264.25,2425.15,2254.45,2397.4,2252.7,2373.95,2262.05,2348.5,2290.85,2318.05,2313.65,2310.45,2333.25,2309.35,2350.65,2319.7,2370.75,2328.4,2379.5,2335.45,2380.55,2353.4,2383.25,2368.05,2387.05,2391.45,2383.85,2402.85,2371.85,2421.85,2343,2441.95,2325.65,2447.95,2308.8,2448.5
2-146,Uninfected,No_comment,Polygon,18,2124.55,2294.7,2115.3,2282.75,2109.9,2265.85,2105.55,2236,2118.05,2214.8,2132.15,2192.5,2151.75,2177.85,2181.1,2161.5,2209.9,2166.4,2232.15,2183.8,2242.45,2197.95,2248.5,2216.95,2249.55,2243.6,2234.9,2275.65,2216.95,2305,2194.65,2319.15,2158.75,2315.9,2141.9,2306.1
2-147,Uninfected,No_comment,Polygon,21,2343,2445.8,2349.55,2472.4,2361.55,2495.8,2383.25,2508.3,2408.25,2507.75,2428.7,2501.4,2461,2492.5,2476.2,2472.95,2486,2455,2494.1,2440.9,2496.9,2421.85,2498.85,2402.55,2490.7,2383.5,2474.05,2370.25,2460.4,2362.6,2434.9,2365.9,2408.25,2375.1,2395.25,2384.9,2377.8,2392,2359.25,2405.55,2347.9,2418.6
2-148,Uninfected,No_comment,Polygon,16,2377.3,2508.85,2374.55,2524.6,2384.35,2538.2,2396.35,2550.65,2411.55,2558.3,2432.2,2562.65,2447.9,2553.4,2471.3,2545.25,2486,2532.75,2497.4,2518.6,2496.3,2495.25,2493.6,2467.5,2484.75,2458.3,2465.25,2452.85,2430.4,2465.9,2391.85,2485.45
2-149,Uninfected,No_comment,Polygon,15,1944.1,2462.05,1935.4,2443.6,1929.95,2409.9,1934.3,2386,1945.15,2365.85,1960.95,2351.75,1985.4,2342.5,2024,2343.6,2053.85,2356.65,2063.1,2381.65,2068.55,2407.7,2063.1,2434.9,2039.75,2455,2007.6,2464.4,1966.9,2465.35
2-150,Uninfected,No_comment,Polygon,18,1941.9,2469.15,1935.4,2485.45,1940.3,2520.25,1948.45,2539.25,1973.45,2551.2,1999,2549.05,2015.85,2547.95,2043,2531.65,2057.15,2519.15,2066.9,2507.2,2073.45,2484.35,2067.45,2453.35,2050.6,2424.6,2025.6,2405.55,1996.25,2408.8,1966.9,2413.7,1955.5,2432.75,1950.05,2462.05
2-151,Uninfected,No_comment,Polygon,20,1852.8,2462.6,1842.45,2459.35,1819.1,2452.3,1809.85,2445.75,1809.85,2428.9,1800.6,2414.8,1797.35,2397.4,1798.45,2382.7,1807.1,2361,1825.05,2334.35,1853.85,2327.3,1880.5,2326.2,1906.6,2334.9,1921.8,2357.15,1932.15,2374.55,1934.9,2408.8,1927.25,2437.6,1915.3,2455,1900.05,2466.4,1875.6,2472.95
2-152,Uninfected,No_comment,Polygon,18,1750.1,2276.2,1752.25,2259.35,1749,2241.45,1760.4,2214.3,1774,2201.8,1796.8,2188.75,1818.6,2183.25,1848.45,2188.15,1873.45,2204.45,1885.45,2227.3,1892.5,2256.15,1888.15,2288.15,1875.65,2309.35,1848.45,2323.5,1817.5,2324.05,1801.75,2322.4,1773.45,2314.25,1760.95,2295.25
2-153,Uninfected,No_comment,Polygon,20,1697.35,2332.75,1710.4,2317.5,1726.2,2287.6,1729.95,2266.45,1721.85,2245.75,1706.05,2221.85,1682.75,2212.1,1647.35,2222.45,1628.4,2227.85,1601.15,2248.5,1589.2,2275.65,1582.7,2309.35,1593,2328.95,1608.8,2343.65,1626.15,2346.3,1635.4,2346.3,1647.9,2351.75,1658.75,2355,1674.55,2348,1696.85,2339.25
2-154,Uninfected,No_comment,Polygon,18,1657.7,2212.6,1651.2,2201.2,1639.75,2191.4,1622.9,2167.5,1624.05,2141.4,1632.2,2118.1,1652.25,2102.85,1675.65,2093.05,1701.2,2084.9,1726.7,2088.75,1747.9,2095.2,1762.1,2106.1,1776.2,2128.4,1778.95,2164.25,1774,2188.75,1742.45,2205,1725.65,2213.15,1701.1,2219.2
2-155,Uninfected,No_comment,Polygon,16,1614.75,1874.5,1616.95,1857.05,1624.05,1838.1,1635.95,1822.9,1663.7,1814.75,1708.8,1822.9,1724.6,1833.2,1737.1,1859.85,1739.25,1890.3,1733.3,1915.3,1721.85,1931.6,1699.05,1942.45,1671.85,1944.65,1647.9,1931.6,1629.45,1919.65,1621.3,1902.25
2-156,Uninfected,No_comment,Polygon,19,1605,1882.05,1588.65,1892.45,1571.85,1911.4,1562.6,1941.9,1561,1967.45,1577.25,1983.75,1597.9,1999,1611,2004.95,1626.7,2007.15,1639.2,2009.3,1652.85,2004.95,1678.4,1995.1,1689.2,1984.3,1694.1,1966.35,1696.85,1946.8,1689.15,1923.4,1673.4,1901.65,1655.45,1882.1,1627.75,1874
2-157,Uninfected,No_comment,Polygon,21,2091.4,1843,2081.1,1832.65,2071.85,1802.3,2077.3,1767.45,2086.55,1751.75,2105,1743.05,2120.75,1737.05,2154.45,1735.9,2167.45,1744.6,2179.95,1754.45,2203.95,1784.3,2206.65,1797.35,2202.85,1807.7,2191.95,1827.8,2186.5,1840.8,2181.65,1854.45,2166.95,1866.05,2144.65,1870.75,2130.55,1863.65,2118.6,1852.8,2111,1848.95
2-158,Uninfected,No_comment,Polygon,23,1964.25,1802.75,1955,1795.75,1945.2,1781.1,1937.05,1758.25,1930.55,1733.8,1940.35,1716.95,1965.85,1693.05,1983.2,1688.1,1996.85,1691.4,2011.55,1697.9,2025.05,1696.8,2040.9,1701.75,2052.85,1710.9,2069.15,1737.6,2068.6,1750.6,2069.7,1760.9,2077.8,1779.4,2074.55,1798.45,2066.4,1805.5,2048.45,1815.8,2036.55,1825.1,2002.25,1825.1,1986.8,1818.9
2-159,Uninfected,No_comment,Polygon,20,1756.6,1878.9,1748.95,1869.15,1738.65,1854.45,1731.6,1829.45,1740.85,1802.3,1749.55,1789.8,1787.6,1772.95,1801.2,1766.4,1828.3,1764.8,1852.8,1772.4,1867.5,1787.05,1877.3,1801.75,1880.55,1821.8,1870.75,1850.65,1862.6,1871.3,1852.8,1889.2,1833.8,1897.95,1813.15,1905,1788.15,1901.7,1776.75,1894.15
2-160,Uninfected,No_comment,Polygon,19,2118.6,1876.7,2103.9,1894.15,2088.7,1901.7,2075.1,1915.35,2070.75,1934.35,2073.45,1952.85,2087.05,1973.5,2097.95,1985.4,2121.3,1999.5,2134.9,2006.6,2153.4,2007.2,2162.6,2001.75,2177.85,1994.7,2189.8,1979.05,2188.65,1953,2184.85,1925.8,2175.1,1893.25,2166.95,1879.1,2151.15,1870.1
2-161,Uninfected,No_comment,Polygon,17,2063.2,1555.5,2067.55,1537,2084.95,1517.95,2102.85,1503.85,2120.75,1495.7,2152.85,1489.75,2179.45,1499,2193.1,1515.3,2204.45,1534.8,2213.15,1556,2209.95,1577.2,2196.85,1598.45,2159.95,1621.85,2127.85,1627.2,2090.35,1620.7,2076.75,1606.55,2068.15,1579.85
2-162,Uninfected,No_comment,Polygon,24,2248.5,1373.45,2257.7,1353.85,2276.15,1338.1,2290.35,1333.2,2306.65,1332.65,2312.05,1332.1,2321.3,1333.75,2333.8,1332.1,2344.15,1336.45,2357.75,1343.55,2365.9,1348.95,2370.75,1360.95,2373.5,1372.9,2385.4,1389.2,2387.6,1411.45,2369.7,1422.9,2365.35,1437,2350.15,1452.8,2333.8,1462,2300.65,1452.25,2281.65,1440.3,2261,1423.95,2253.35,1414.75,2247.4,1401.15
2-163,Uninfected,No_comment,Polygon,25,2509.9,1242.45,2503.95,1256.55,2503.4,1268,2497.9,1281.55,2499.05,1292.45,2509.4,1305.5,2517.5,1313.65,2527.85,1338.1,2544.7,1352.25,2563.15,1356.05,2590.3,1354.95,2616.45,1343,2625.7,1334.85,2638.2,1325.6,2648.5,1315.8,2656.65,1298.4,2656.65,1275.6,2649.6,1260.4,2640.9,1243,2626.2,1224.5,2606.1,1213.65,2587.65,1206.55,2564.25,1214.7,2540.9,1219.6,2524.6,1227.75
2-164,Uninfected,No_comment,Polygon,16,2762.1,1163.6,2747.4,1145.15,2739.8,1116.85,2749.05,1086.9,2764.8,1059.75,2793.05,1042.9,2823.5,1042.4,2856.4,1052.7,2881.1,1073.95,2894.7,1100,2898.5,1126.1,2898.5,1153.3,2878.95,1178.85,2838.7,1188.6,2803.7,1179.55,2777.6,1171.95
2-165,Uninfected,No_comment,Polygon,17,2413.7,1214.15,2412.6,1198.4,2415.3,1175,2427.3,1155.45,2441.95,1141.25,2458.8,1132.65,2487.6,1130.45,2516.4,1130.95,2542.5,1145.15,2556.65,1172.3,2552.85,1201.65,2542.5,1223.45,2516.95,1243.5,2493.05,1257.1,2466.95,1257.65,2439.8,1245.7,2421.85,1237
2-166,Uninfected,No_comment,Polygon,18,1981.1,1325.05,1981.1,1301.7,1987.05,1283.2,1997.4,1265.8,2012.6,1252.2,2039.25,1244.05,2069.7,1248.95,2093.6,1256.55,2113.15,1273.95,2119.15,1306.05,2117.55,1329.95,2097.95,1350.05,2082.7,1369.1,2061,1375.6,2031.65,1378.85,2014.25,1370.7,1999,1360.4,1984.35,1345.7
2-167,Uninfected,No_comment,Polygon,19,1581.6,1343.5,1585.95,1328.85,1601.15,1313.1,1620.7,1303.3,1635.9,1294.6,1650.6,1291.35,1674.55,1291.9,1690.25,1296.25,1701.15,1309.8,1705.5,1327.2,1699.55,1348.95,1689.7,1369.6,1676.7,1385.9,1658.75,1404.4,1631,1414.7,1617.45,1410.9,1595.7,1403.85,1585.95,1389.7,1577.2,1372.85
2-168,Uninfected,No_comment,Polygon,17,1688.65,1498.95,1695.2,1472.85,1709.85,1451.7,1732.7,1433.75,1759.85,1428.85,1793,1437.55,1812.6,1450.05,1830.5,1471.8,1834.5,1503.5,1825.65,1539.7,1814.75,1556.05,1783.25,1573.4,1753.9,1572.35,1733.75,1569.6,1718,1562,1700.1,1546.25,1692.45,1521.8
2-169,Uninfected,No_comment,Polygon,18,1479.4,1603.3,1477.8,1586.45,1475.1,1551.15,1489.75,1526.15,1514.15,1509.3,1560.35,1502.75,1582.7,1507.1,1603.9,1519.6,1625.6,1544.6,1634.85,1564.75,1634.3,1602.25,1626.7,1617.45,1613.65,1635.4,1585.95,1646.25,1557.7,1653.3,1534.8,1646.8,1515.3,1637.55,1500.6,1625.6
2-170,Uninfected,No_comment,Polygon,16,1393.55,1593,1395.15,1554.95,1399.5,1534.85,1414.75,1519.05,1444.1,1508.2,1472.9,1506.55,1507.1,1517.45,1517.4,1526.15,1532.1,1547.35,1534.2,1574.5,1520.7,1608.15,1507.65,1628.8,1474.5,1637,1454.4,1633.75,1428.85,1624.5,1404.9,1612.55
2-171,Uninfected,No_comment,Polygon,17,1339.15,2066.95,1311.45,2049,1297.85,2023.45,1291.85,2001.75,1295.15,1974,1310.35,1949,1323.4,1933.8,1348.4,1920.75,1380.45,1916.4,1425.05,1924.55,1446.25,1956.6,1451.65,1985.95,1448.95,2019.1,1438.1,2040.85,1423.95,2059.9,1391.9,2069.1,1363.6,2071.85
2-172,Uninfected,No_comment,Polygon,16,1328.3,2117.5,1334.25,2096.3,1352.75,2082.7,1373.4,2074.55,1386.45,2076.75,1413.05,2083.8,1434.25,2095.2,1445.15,2107.7,1453.3,2144.15,1445.15,2167.5,1434.8,2184.9,1421.75,2197.95,1383.75,2208.25,1362.95,2201.6,1339.65,2178.25,1330.4,2156.55
2-173,Uninfected,No_comment,Polygon,18,2533.35,2823.6,2532.5,2795.3,2539.1,2774.5,2551.05,2763.9,2569.2,2754.6,2582.05,2743.95,2613,2743.1,2632.9,2748.4,2649.75,2760.35,2661.25,2783.8,2672.75,2807.7,2670.55,2838.65,2662.55,2863,2635.6,2878.5,2620.55,2887.8,2588.25,2883.35,2557.7,2872.75,2546.65,2860.8
2-174,Uninfected,No_comment,Polygon,21,2412.1,2890.9,2399.3,2879.8,2390.85,2870.95,2386.45,2854.15,2385.55,2837.35,2390.85,2819.65,2394.85,2801.95,2397.05,2782,2409,2767.4,2424.5,2758.1,2447.05,2751.5,2464.75,2754.6,2477.15,2759.9,2486.45,2770.95,2497.05,2787.75,2504.15,2798.4,2512.1,2823.15,2501.95,2852.8,2488.65,2875.85,2464.35,2887.35,2439.55,2893.55
2-175,Uninfected,No_comment,Polygon,18,2116.5,2793.55,2117.4,2771.85,2121.3,2757.7,2130.15,2744.4,2143.05,2734.7,2167.85,2724.95,2190.35,2728.05,2208.05,2736.45,2226.7,2750.15,2235.55,2772.75,2238.65,2795.3,2229.35,2824.95,2208.55,2843.1,2188.65,2848.4,2162.95,2848.4,2147.45,2840,2126.25,2828.5,2121.3,2821.4
2-176,Uninfected,No_comment,Polygon,17,1957.65,2667.8,1956.3,2643.5,1965.6,2615.65,1986.85,2596.15,2012.05,2586.4,2030.2,2581.55,2057.2,2582.45,2088.2,2601.05,2101,2621.4,2109.45,2651.05,2100.6,2679.35,2092.6,2702.8,2067.4,2721.85,2030.65,2733.8,2004.1,2727.6,1974.9,2710.7,1961.2,2691.75
2-177,Uninfected,No_comment,Polygon,19,1538.25,2576.5,1541.65,2556.85,1550,2538.75,1566.25,2517.7,1597.55,2511.3,1619.1,2511.3,1648.05,2518.15,1659.8,2532.85,1673.55,2559.3,1677.5,2581.45,1669.1,2624.05,1659.3,2641.65,1640.2,2655.4,1613.25,2656.45,1599.5,2653.95,1581.35,2650,1562.75,2640.7,1552.95,2625,1540.7,2606.85
2-178,Uninfected,No_comment,Polygon,17,3229.15,2784.15,3221.6,2762.6,3230.45,2734.4,3249.85,2713.7,3277.55,2706.25,3303.1,2705.75,3326.5,2716.8,3341,2728.2,3346.25,2755.55,3351.15,2782.4,3346.25,2807.55,3333.55,2830,3311.9,2840.55,3288.6,2842.3,3265.65,2837.45,3246.75,2825.15,3235.25,2811.5
2-179,Uninfected,No_comment,Polygon,20,3176.7,2652.45,3174.9,2634.4,3181.95,2616.3,3196.05,2588.55,3203.15,2578.45,3217.65,2571.4,3236.15,2563.9,3255.1,2566.1,3271.8,2575.85,3289.5,2593.85,3300.05,2612.4,3298.75,2641.85,3285.05,2665.2,3267.85,2675.8,3260.4,2693.9,3249.85,2702.2,3226.9,2704.85,3211.05,2703.95,3196.05,2696.9,3183.75,2683.7
2-180,Uninfected,No_comment,Polygon,20,3019,2426,3027.3,2415.35,3040.05,2403.45,3054.65,2396.95,3073.15,2392.55,3106.2,2397.8,3131.75,2412.35,3147.6,2433.5,3157.75,2449.8,3162.6,2469.6,3167.45,2491.2,3156.4,2515.9,3132.65,2533.5,3101.35,2548.5,3074.5,2548.9,3057.75,2543.2,3033.95,2523.35,3025.6,2510.15,3012.05,2464.1,3017.2,2444.05
2-181,Uninfected,No_comment,Polygon,16,3279.75,2375.8,3285.95,2359.05,3294.75,2341,3308,2324.25,3322.9,2316.75,3346.25,2307.5,3376.7,2316.3,3394.75,2338.35,3406.2,2363,3407.5,2399.15,3395.6,2425.6,3368.3,2444.1,3337.9,2448.9,3314.1,2443.2,3295.6,2434.85,3285.95,2414.1
2-182,Uninfected,No_comment,Polygon,17,3385.95,2464.35,3392.55,2445.85,3414.55,2421.15,3423.8,2411.05,3443.65,2407.05,3466.55,2407.5,3491.65,2416.3,3517.2,2427.35,3531.75,2455.1,3537,2495.6,3524.7,2522.95,3504.9,2543.65,3474.05,2550.25,3445.85,2552,3413.25,2537.45,3385.95,2502.65,3381.05,2485.95
2-183,Uninfected,No_comment,Polygon,17,3587.7,2325.1,3617.2,2292.95,3639.2,2283.25,3660.8,2282.35,3682.85,2288.6,3709.7,2299.55,3725.1,2323.35,3736.15,2348.9,3736.15,2375.75,3728.65,2404.9,3701.35,2432.15,3665.2,2439.2,3641.85,2435.7,3616.35,2426,3604.85,2407.95,3592.5,2390.75,3584.15,2366.5
2-184,Uninfected,No_comment,Polygon,18,3515,2244.05,3507.05,2225.55,3501.75,2196.05,3510.6,2181.95,3519.4,2161.25,3537,2146.25,3564.75,2136.1,3598.25,2139.65,3621.15,2159,3633.05,2174.9,3642.3,2193.85,3649.35,2218.5,3644.5,2247.55,3628.65,2267.4,3601.35,2277.95,3574,2280.15,3548.9,2273.6,3539.2,2265.65
2-185,Uninfected,No_comment,Polygon,28,3246.3,2122.05,3251.55,2111,3259.05,2101.3,3266.1,2088.95,3278,2081.5,3304.45,2073.95,3325.15,2078,3343.6,2085,3355.55,2094.3,3364.7,2111.9,3369.15,2129.9,3364.35,2137.45,3362.15,2151.05,3365.65,2162.5,3356.85,2171.75,3355.1,2181.5,3346.7,2195.6,3336.15,2204.35,3313.7,2208.35,3303.55,2203.05,3285.45,2199.55,3276.2,2196.9,3266.55,2185.85,3258.6,2168.25,3257.75,2160.8,3255.55,2152.45,3247.6,2144,3243.2,2136.95
2-186,Uninfected,No_comment,Polygon,29,3243.2,2108.35,3236.15,2093.4,3241,2081.5,3239.65,2067.4,3226.45,2059,3220.25,2045.8,3207.05,2037.45,3183.7,2032.6,3157.75,2042.7,3142.3,2052.85,3130,2070.45,3121.55,2084.15,3117.65,2093.4,3118.95,2105.25,3121.15,2120.65,3113.2,2138.75,3113.2,2160.3,3124.7,2174.9,3142.75,2179.7,3152.45,2184.55,3166.55,2190.75,3192.1,2185.05,3205.75,2177.1,3214.1,2166.05,3220.25,2155.45,3226,2149.75,3233.95,2136.15,3237.05,2130.4,3246.7,2124.25
2-187,Uninfected,No_comment,Polygon,29,3011.9,2200.85,3017.65,2189.85,3025.15,2172.7,3031.7,2159.45,3039.65,2148,3060.8,2146.2,3073.6,2148,3089.45,2151.95,3096.9,2158.6,3105.25,2159.9,3113.75,2163.85,3129.15,2175.25,3132.6,2185.05,3131.75,2194.3,3138.35,2203.55,3134.85,2212.8,3133.95,2229.1,3127.8,2237.9,3137.05,2259,3130.8,2268.75,3113.7,2265.65,3106.65,2262.5,3088.95,2270.45,3073.6,2270.45,3062.1,2263.45,3048.9,2259.5,3035.25,2252.85,3023.35,2241.8,3013.7,2226.9
2-188,Uninfected,No_comment,Polygon,26,2949.35,2073.6,2954.65,2060.8,2955.55,2050.65,2960.85,2042.3,2976.25,2037.9,2986.4,2026,3015.45,2021.15,3032.65,2024.7,3046.3,2035.25,3054.65,2048.9,3067.9,2056.4,3076.7,2067.85,3078.9,2087.25,3070.5,2097.8,3069.2,2118.05,3069.2,2135.7,3054.15,2146.25,3033.9,2153.75,3018.55,2154.2,3007.95,2146.7,2987.7,2152,2975.35,2142.7,2960.85,2133.05,2954.65,2125.1,2952.45,2109.7,2945.85,2097.35
2-189,Uninfected,No_comment,Polygon,19,2867.9,2277.55,2869.65,2257.75,2875.8,2230,2883.75,2211.5,2904.9,2200.9,2929.5,2191.4,2949.4,2185.05,2972.75,2188.6,2990.8,2200.05,3003.55,2222.5,3008.4,2249.8,3003.1,2272.3,2993.45,2286.4,2964.75,2300.45,2939.2,2309.7,2922.05,2312.35,2903.55,2307.1,2881.1,2304.45,2874.95,2300.5
2-190,Uninfected,No_comment,Polygon,17,2765.25,2366.1,2766.1,2344.95,2768.3,2323.8,2780.2,2304.45,2798.3,2290.8,2821.6,2289,2849.4,2298.7,2871.4,2309.3,2884.6,2331.3,2889.45,2357.75,2885.05,2378.9,2877.15,2398.7,2855.1,2420.3,2835.3,2424.7,2807.1,2420.3,2786.4,2408.85,2773.6,2391.65
2-191,Uninfected,No_comment,Polygon,17,2761.7,2359.05,2748.95,2352,2731.75,2337.5,2723.85,2311.5,2726.9,2274.05,2740.55,2259.05,2758.65,2244.95,2784.6,2235.7,2817.65,2233.95,2845.4,2247.6,2862.15,2264.8,2862.15,2296.5,2862.15,2333.5,2849.8,2357.75,2827.8,2370.05,2799.15,2372.65,2785.05,2366.5
2-192,Uninfected,No_comment,Polygon,21,2477.5,1684.8,2466.8,1699.55,2457.05,1717.6,2450.9,1749.55,2459.85,1775.4,2476.7,1793.4,2500.45,1803.65,2511.5,1809.8,2536.15,1812.7,2552.5,1809.4,2567.25,1799.55,2576.7,1788.1,2586.95,1768.85,2592.25,1750,2584.45,1728.25,2580.8,1713.5,2577.95,1699.55,2563.85,1684.65,2541.45,1679.9,2517.25,1678.65,2498.4,1681.1
2-193,Uninfected,No_comment,Polygon,20,2384.05,1613.95,2385.25,1599.2,2392.45,1587.1,2403.1,1576.85,2421.75,1570.1,2438.15,1569.7,2449.6,1572.95,2469.3,1579.45,2482.4,1586.9,2494.3,1601.6,2504.1,1606.55,2518.7,1641.15,2503.3,1650.35,2495.5,1672.95,2471.35,1691.75,2452.9,1694.7,2421.75,1684.45,2400,1672.55,2386.9,1652.05,2380.6,1634.2
2-194,Uninfected,No_comment,Polygon,14,1079.6,1639.45,1083.8,1620.85,1098.2,1607.1,1113.15,1596.3,1144.3,1589.75,1175.45,1592.1,1201.75,1605.95,1220.35,1637.05,1219.15,1675.4,1205.35,1704.15,1167.65,1722.05,1139.45,1724.5,1106.55,1708.9,1086.2,1683.75
2-195,Uninfected,No_comment,Polygon,15,1174.2,1390.4,1172.4,1422.1,1174.8,1446.65,1187.4,1471.2,1217.4,1488.6,1258.65,1496.95,1286.8,1492.2,1304.8,1478.4,1321.5,1464.65,1331.75,1439.1,1328.15,1399.95,1304.2,1367.05,1271.45,1347.4,1230.55,1350.85,1210.15,1360.45
2-196,Uninfected,No_comment,Polygon,18,2259.25,570,2268.8,559.25,2297.55,552.05,2331.7,550.8,2361.65,564.6,2382,584.4,2397.6,608.35,2401.2,630.5,2400,658.65,2376.65,683.2,2351.5,695.75,2329.35,695.15,2297.55,683.8,2272.4,670.6,2254.5,645.45,2243.65,622.1,2238.35,600.5,2246.65,576.6
2-197,Uninfected,No_comment,Polygon,17,2155.65,847.25,2164.7,831.1,2185,812.55,2201.8,802.95,2232.3,804.75,2264.7,816.15,2286.2,835.3,2294.55,864,2294.55,897.55,2279.65,914.9,2258.65,934.1,2235.9,939.45,2193.95,940.05,2177.25,929.3,2158.05,913.7,2151.5,891.55,2148.5,870.6
2-198,Uninfected,No_comment,Polygon,17,2081.4,699.3,2074.25,716.15,2075.45,741.3,2080.8,765.2,2089.25,791,2110.15,810.75,2139.55,820.3,2171.8,817.3,2190.45,808.95,2206.55,789.75,2216.2,761.65,2213.8,740.65,2202.4,713.75,2182.6,691.6,2149.1,678.4,2128.15,674.75,2107.15,683.2
2-199,Uninfected,No_comment,Polygon,17,2111.95,671.8,2120.3,642.45,2125.15,624.45,2145.45,604.15,2167.1,595.15,2185.6,599.35,2200,604.75,2217.3,616.1,2231.7,628.7,2243.65,641.9,2250.3,658.65,2246.65,688.6,2227.55,713.15,2201.8,728.6,2163.45,735.2,2130.5,725,2117.9,711.85
2-200,Uninfected,No_comment,Polygon,17,2211.95,434.1,2216.15,412.55,2232.9,393.4,2261.05,379,2276.6,374.8,2311.95,380.2,2335.9,392.8,2352.05,407.75,2362.85,428.7,2356.85,470,2347.3,490.95,2317.95,502.35,2295.2,510.15,2269.45,508.95,2252.05,503.55,2235.9,490.95,2217.35,463.45
2-201,Uninfected,No_comment,Polygon,17,2365.25,420.3,2364.65,402.35,2380.8,375.4,2408.95,359.25,2432.9,352.65,2453.05,359.8,2469.85,382.55,2485.6,410.15,2483.8,426.25,2487.4,444.85,2489.2,461.65,2472.45,485.6,2451.45,501.75,2428.7,507.15,2391.6,493.35,2374.85,477.8,2364.65,452.05
2-202,Uninfected,No_comment,Polygon,16,2345.45,137.1,2332.3,141.9,2321.5,155.05,2307.15,180.2,2303.55,195.2,2316.7,231.7,2333.5,258.05,2350.85,270.65,2370,270.65,2400.55,258.65,2419.7,237.7,2434.1,214.95,2428.1,176.6,2420.05,154.7,2401.75,138.3,2372.4,128.1
2-203,Uninfected,No_comment,Polygon,14,1961.6,386.8,1977.8,361.65,1992.75,352.05,2025.1,350.85,2059.85,362.85,2071.2,377.8,2078.4,402.95,2075.4,447.25,2075.4,474.8,2040.05,488,2009.55,486.8,1980.8,477.2,1965.2,451.45,1956.25,435.3
2-204,Uninfected,No_comment,Polygon,16,1697,430.55,1704.15,411.35,1719.15,397,1735.9,385.6,1767.05,380.25,1796.4,385.6,1819.15,400.6,1831.05,417.25,1843.7,449.1,1837.7,488.6,1814.95,512.55,1782,522.75,1740.1,524.55,1715.55,507.75,1694.65,473.2,1687.4,444.3
2-205,Uninfected,No_comment,Polygon,17,1677.8,570.05,1673.05,581.5,1668.25,607.75,1676.05,625.15,1694.6,656.35,1717.95,669.45,1747.3,667.1,1769.45,658.65,1784.4,650.9,1797,638.9,1805.95,619.15,1804.75,585.6,1792.2,554.5,1768.25,525.75,1741.3,520.95,1703,534.15,1685.05,549.75
2-206,Uninfected,No_comment,Polygon,15,1525.15,625.75,1504.75,616.8,1492.2,597.6,1468.85,569.45,1461.05,557.45,1523.35,494.6,1536.5,492.25,1551.5,497.6,1579,508.35,1590.4,522.75,1599.4,564.65,1595.8,589.2,1582.6,606.55,1562.3,627.15,1546.7,633.5
2-207,Uninfected,No_comment,Polygon,19,2106.8,2929.05,2097.15,2947,2079.2,2955.3,2048.85,2962.2,2023.95,2962.2,1996.35,2955.3,1979.8,2947,1968.75,2929.05,1966,2912.5,1967.45,2893.2,1981.25,2871.15,1996.35,2864.25,2015.75,2844.9,2048.85,2843.55,2072.3,2843.55,2086.1,2851.8,2104.05,2867,2110.85,2891.8,2110.85,2905.6