178,5312,2988
4-1,Parasitized,No_comment,Polygon,19,2989.4,1962.55,2994.75,1944.7,3007.25,1926.2,3024.55,1914.35,3042.4,1909.6,3070.35,1907.75,3088.8,1913.7,3106.1,1920.25,3118.6,1937.55,3130.5,1955.4,3133.45,1983.4,3125.15,2009,3110.25,2029.25,3081.1,2041.75,3059.05,2045.3,3025.15,2038.15,3008.45,2023.9,2996.55,2005.4,2989.4,1984
4-2,Parasitized,No_comment,Polygon,18,2865,1961.95,2855.5,1942.3,2845.95,1914.95,2849.55,1899.45,2857.25,1879.25,2869.15,1861.95,2891.2,1852.45,2921.55,1848.25,2940,1847.1,2954.3,1851.85,2966.8,1865.55,2979.3,1886.95,2982.25,1914.35,2979.3,1939.35,2963.8,1957.75,2945.95,1973.3,2915.6,1976.25,2884.05,1970.9
4-3,Parasitized,No_comment,Polygon,19,2787.65,2161.4,2803.7,2169.7,2820.4,2177.45,2843,2181.65,2862.05,2173.3,2879.3,2161.4,2896,2142.95,2901.95,2122.1,2904.9,2091.75,2899.55,2070.3,2885.25,2056,2864.45,2046.5,2843.6,2042.95,2800.15,2059,2782.9,2081.05,2774.55,2098.3,2771,2110.2,2771,2126.25,2778.7,2144.7
4-4,Parasitized,No_comment,Polygon,17,2763.85,2314.4,2751.35,2299.5,2742.35,2276.9,2745.95,2245.95,2754.85,2225.7,2767.35,2210.8,2796.55,2197.1,2809.65,2195.9,2835.85,2202.45,2851.35,2217.95,2862.65,2242.95,2867.95,2272.1,2856.1,2296.5,2844.8,2311.4,2826.95,2319.75,2801.95,2321.55,2783.45,2322.1
4-5,Parasitized,No_comment,Polygon,22,2992.65,2362.5,2986.7,2356.55,2979.65,2344.3,2974.45,2330.9,2969.95,2315.3,2979.65,2291.9,2995.25,2274.8,3011.55,2261.75,3026.4,2255.45,3044.65,2256.2,3063.95,2259.9,3081.85,2266.95,3095.25,2282.2,3104.1,2303.8,3106.7,2325.7,3102.65,2352.1,3093,2371.45,3075.55,2383.35,3055.1,2390.75,3035.4,2390.75,3017.2,2386.3,2998.95,2369.6
4-6,Parasitized,No_comment,Polygon,20,2457.2,2285.8,2448.5,2277.45,2446.9,2253.7,2451.65,2226.65,2460.4,2209.2,2481.05,2188.6,2508.8,2169.55,2527.05,2166.4,2546.9,2169.95,2562.75,2176.65,2573.9,2184.2,2583.4,2199.25,2585.4,2225.45,2583,2246.5,2573.1,2269.1,2554.05,2291.4,2538.15,2303.65,2512.75,2307.65,2483.4,2304.45,2465.95,2295.35
4-7,Parasitized,No_comment,Polygon,18,1957.45,1979.95,1968,1950.6,1980.85,1929.95,2003.35,1915.25,2023.5,1908.4,2046.9,1905.15,2062.05,1912.5,2075.8,1920.75,2083.15,1943.7,2077.2,1986.35,2069.4,2019.4,2061.6,2034.1,2042.8,2049.65,2021.2,2056.55,1987.25,2051.5,1973.05,2040.05,1960.65,2024.9,1957.9,1991.85
4-8,Parasitized,No_comment,Polygon,16,1966.65,1941.85,1961.6,1915.25,1934.05,1899.65,1892.75,1896.45,1864.35,1909.75,1846.45,1931.8,1833.15,1962.05,1834.05,1990.05,1840.95,2019.4,1857.9,2038.2,1879.95,2046.9,1917.55,2044.15,1950.55,2030.85,1959.7,2007,1955.6,1977.2,1967.05,1951.55
4-9,Parasitized,No_comment,Polygon,14,1103.95,1782.85,1115.6,1770.05,1143.95,1755.05,1168.4,1752.85,1186.7,1753.4,1205.05,1763.4,1226.15,1783.95,1235.6,1808.95,1235.6,1831.2,1223.95,1851.2,1206.15,1867.3,1184.5,1876.75,1157.85,1879.5,1124.5,1875.05
4-10,Parasitized,No_comment,Polygon,22,1255.6,1755.6,1258.4,1738.4,1265.6,1719.5,1276.15,1708.95,1299.5,1700.6,1323.95,1696.75,1338.95,1696.75,1352.3,1703.95,1371.2,1711.75,1385.05,1717.3,1397.85,1723.95,1409.5,1742.3,1415.65,1762.85,1415.05,1783.95,1405.05,1806.75,1390.65,1825.05,1361.75,1836.2,1320.6,1841.2,1291.75,1831.2,1263.4,1809.5,1254.5,1784.5,1254.5,1769.5
4-11,Parasitized,No_comment,Polygon,21,1535.75,1883.95,1531,1895.7,1529.9,1912.3,1536.85,1929.95,1546.45,1952.4,1563.6,1965.75,1588.2,1974.9,1617.1,1972.7,1642.2,1960.4,1656.1,1943.85,1664.1,1919.8,1663.05,1898.35,1656.1,1877.55,1649.7,1856.15,1641.1,1847.6,1633.65,1842.75,1616.5,1841.15,1603.2,1843.35,1587.15,1846,1568.95,1854.5,1548.05,1870.05
4-12,Parasitized,No_comment,Polygon,22,1713.55,1647.9,1709.1,1638.45,1708.1,1627,1717.1,1614.55,1721.1,1599.65,1729,1580.7,1753.35,1565.8,1778.25,1553.85,1802.2,1547.4,1820.05,1548.4,1841.45,1559.85,1858.9,1581.7,1867.3,1601.6,1862.85,1631.95,1860.35,1646.4,1847.4,1667.8,1822.05,1684.7,1808.15,1693.65,1781.8,1692.65,1754.85,1687.2,1734.95,1677.25,1722.1,1660.35
4-13,Parasitized,No_comment,Polygon,20,1864.85,1390.6,1844.9,1376.7,1828.5,1356.8,1815,1343.35,1805.55,1319.45,1804.15,1299.05,1810.55,1278.65,1821.5,1263.75,1839.45,1251.8,1860.8,1244.85,1883.25,1244.85,1899.15,1247.8,1917.5,1259.75,1926.05,1284.15,1932.45,1314.5,1937.9,1351.8,1936,1369.7,1923.5,1382.65,1901.6,1393.6,1881.2,1394.6
4-14,Parasitized,No_comment,Polygon,22,1914.1,1254.3,1924.55,1235.9,1941.45,1225.45,1979.2,1211.5,1996.7,1206.5,2016.1,1209,2050.35,1212.5,2056.9,1212,2057.4,1233.4,2054.35,1270.2,2050.9,1301.05,2043.9,1326.95,2038,1352.3,2028.45,1371.2,1994.65,1392.6,1968.75,1399.55,1944.95,1392.6,1931.5,1377.7,1936.9,1364.25,1931.95,1305.55,1921.5,1262.25,1914.1,1256.35
4-15,Parasitized,No_comment,Polygon,23,2052.9,1292.6,2061.85,1278.65,2083.75,1270.2,2104.6,1263.75,2132.5,1264.25,2158.4,1267.7,2171.75,1283.65,2184.25,1300.55,2182.7,1326.45,2184.25,1332.4,2193.7,1339.35,2194.2,1349.8,2192.15,1360.75,2172.75,1365.25,2171.75,1389.6,2160.8,1413,2144.45,1425.45,2125.5,1429.45,2110.05,1424.95,2080.2,1387.15,2051.9,1377.2,2030.45,1370.7,2042.95,1331.4
4-16,Parasitized,No_comment,Polygon,23,1925.45,1219.15,1902.1,1205.7,1896.95,1186.55,1899.5,1155.45,1908.35,1122.3,1927.5,1097.4,1950.8,1086.55,1984,1080.3,2018.65,1080.85,2052.35,1084.95,2064.85,1087.05,2069.45,1091.2,2068.95,1100.5,2064.85,1104.65,2066.9,1116.6,2067.9,1138.85,2057.05,1160.1,2039.9,1179.8,2021.8,1195.35,1998.55,1206.15,1980.9,1211.85,1939.9,1224.35,1932.15,1225.4
4-17,Parasitized,No_comment,Polygon,21,1942.05,1078.25,1934.8,1072.55,1919.75,1061.15,1912.5,1038.85,1911.4,1020.7,1920.2,1000,1937.85,983.4,1958.55,972.55,1974.15,971.5,2005.2,971,2032.7,962.7,2052.35,963.2,2072.05,969.45,2086.05,977.2,2088.6,990.65,2076.75,1021.25,2064.25,1045.6,2044.6,1064.25,2002.2,1079.25,1973.7,1080.85,1954.4,1082.9
4-18,Parasitized,No_comment,Polygon,16,1930.05,850.25,1946.15,834.2,1972.6,823.3,1994.3,820.2,2024.9,832.65,2045.1,853.9,2060.65,883.95,2057.05,916.05,2046.65,947.15,2030.05,960.6,2006.8,970.5,1975.7,970,1947.15,963.2,1927,933.15,1917.1,900,1920.2,866.3
4-19,Parasitized,No_comment,Polygon,24,1733.15,1010.9,1712.95,1002.05,1692.8,981.85,1679.85,956.45,1678.3,923.85,1687.6,900.5,1702.1,877.2,1722.3,863.75,1743,855.95,1752.85,851.3,1764.85,842.5,1776.25,841.95,1787.1,847.65,1793.3,863.2,1801.1,876.15,1815.6,890.65,1811.4,904.65,1807.25,921.75,1804.7,942.5,1811.4,965.3,1808.8,981.85,1796.95,1000,1778.3,1008.8,1757.05,1014
4-20,Parasitized,No_comment,Polygon,18,1872.8,742.4,1868.75,722.65,1860.15,708.1,1845,694.95,1822.8,688.4,1791.95,690.9,1765.7,705.05,1750.05,725.2,1744.5,749.95,1747.5,776.25,1756.1,790.9,1774.3,810.1,1797,818.2,1823.3,818.7,1841.45,814.6,1857.65,802.45,1868.25,783.85,1874.3,762.1
4-21,Parasitized,No_comment,Polygon,20,1867.2,790.4,1870.75,805.55,1881.85,821.2,1897.55,833.85,1928.85,842.95,1937.45,836.35,1946.15,833.1,1968.9,823.5,1995.5,816.65,2002.6,796.95,2009.65,762.55,2009.15,737.9,2000.05,720.15,1981.35,702,1941.95,693.95,1916.7,700,1890.45,715.1,1877.3,737.35,1876.3,754.05,1873.8,770.15
4-22,Parasitized,No_comment,Polygon,18,2357.2,407.55,2354.15,417.15,2348.6,430.8,2345.05,441.4,2348.1,453.55,2356.15,464.15,2372.85,471.7,2391.55,479.3,2411.75,482.8,2436.5,476.25,2453.65,459.6,2461.75,451.5,2449.6,422.2,2439.5,413.65,2428.9,396.45,2412.25,391.4,2395.05,391.9,2370.8,397.95
4-23,Parasitized,No_comment,Polygon,21,2356.15,411.05,2344.55,407.55,2327.9,404.55,2309.7,392.9,2292.55,374.75,2280.9,346.45,2276.9,318.15,2289,291.4,2303.15,274.75,2327.9,266.65,2347.6,266.65,2375.85,273.7,2392.55,282.8,2409.2,305.05,2414.75,322.7,2415.25,347.45,2408.7,370.7,2402.15,384.35,2397.6,389.9,2380.4,394.95,2363.7,402.5
4-24,Parasitized,No_comment,Polygon,19,2203.1,122.3,2200.65,137.25,2193.15,156.2,2174.25,179.05,2172.25,194.45,2175.3,217.4,2191.7,244.2,2209.05,259.15,2238,268.15,2256.9,269.6,2272.8,261.15,2284.7,260.65,2287.75,253.25,2292.7,235.25,2301.1,201,2303.15,167.6,2297.7,142.7,2284.7,111.9,2269.25,100
4-25,Parasitized,No_comment,Polygon,20,2304.15,215.35,2305.6,197.5,2314.55,175.6,2325.5,158.65,2352.35,146.75,2366.3,146.25,2397.65,150.25,2414.6,155.2,2421.5,169.1,2426,186.05,2430.55,202,2431,231.85,2421,253.75,2398.7,272.15,2384.55,277.25,2353.9,266.1,2328.05,264.6,2316.55,266.65,2309.55,256.15,2305.1,238.3
4-26,Parasitized,No_comment,Polygon,18,2705.65,253.7,2704.65,236.35,2712.6,218.4,2725.55,200,2746.45,190.6,2776.8,190.6,2802.7,192.5,2822.6,200,2838,210.45,2846.45,229.85,2847.45,259.2,2846.95,279.6,2834.5,302.5,2814.1,317.45,2780.3,322.9,2742.45,323.35,2721.6,301.5,2708.15,269.65
4-27,Parasitized,No_comment,Polygon,21,2585.75,228.35,2588.75,197.5,2603.65,157.7,2627.55,133.3,2657.4,113.4,2684.75,101.45,2725.05,93.5,2738,96.5,2751.45,110.9,2759.4,119.9,2755.9,144.8,2747.95,174.6,2733.45,198.5,2712.6,212.9,2700.7,225.85,2680.3,228.85,2670.35,247.75,2657.9,250.75,2642.95,244.25,2620.55,242.25,2592.7,237.8
4-28,Parasitized,No_comment,Polygon,20,2994.45,386.85,2994.9,372.3,3003.85,345.05,3014.15,323.45,3030.6,304.7,3048.45,289.65,3070.05,279.8,3093.05,273.7,3116.5,273.7,3135.3,280.75,3140.45,296.7,3143.25,321.1,3140,338.5,3131.55,362.9,3113.25,401.4,3092.55,422.5,3069.55,431.9,3036.25,431.45,3009.45,419.25,2999.6,400.9
4-29,Parasitized,No_comment,Polygon,16,2840.2,810.15,2827.85,790.65,2825.15,766.75,2834.45,721.15,2846.85,700.85,2870.75,689.35,2896.4,683.6,2922.5,686.25,2953.5,702.6,2969,730,2969.85,763.65,2961.9,798.65,2947.75,822.1,2911.45,837.5,2886.7,836.7,2862.35,829.15
4-30,Parasitized,No_comment,Polygon,20,2907.4,839.8,2899.05,858,2893.75,891.65,2906.15,915.05,2911.9,929.65,2919.85,946.9,2941.05,957.05,2970.75,957.95,2994.65,949.15,3007.4,938.95,3021.2,916.8,3028.25,895.55,3023.85,866.8,3007.9,843.35,2991.05,825.65,2980.05,811.05,2963.65,808,2951.65,817.65,2937.1,827.85,2916.7,835.35
4-31,Parasitized,No_comment,Polygon,17,2763.35,1338.15,2758.95,1316.65,2758.95,1290.15,2775.5,1257.45,2802.45,1238.15,2823.45,1226.05,2842.3,1217.95,2861.2,1215.3,2883.15,1219.75,2893.45,1229.65,2894.75,1251.6,2896.55,1282.55,2884.45,1317.55,2863.85,1344.9,2827.5,1365.95,2807.3,1372.7,2784.45,1359.7
4-32,Parasitized,No_comment,Polygon,15,3141.2,1661.45,3154.6,1633.2,3193.2,1608.95,3218.95,1608.95,3247.15,1611.95,3278.85,1627.75,3297.15,1662.45,3292.7,1688.65,3279.35,1714.4,3256.55,1729.25,3226.35,1739.65,3196.15,1739.65,3164,1727.8,3143.7,1706.5,3139.75,1683.7
4-33,Parasitized,No_comment,Polygon,23,2911,1686.7,2917.45,1678.75,2930.3,1663.4,2949.15,1650.05,2963.5,1631.25,2978.85,1620.35,3001.6,1612.45,3018.95,1605.5,3031.3,1599.05,3034.3,1610.45,3039.25,1630.25,3043.7,1657.5,3040.7,1680.25,3037.25,1701.55,3035.75,1722.85,3023.4,1738.65,3008.05,1751.05,2994.7,1757,2969.9,1755.5,2957.55,1748.1,2935.75,1736.7,2921.9,1721.85,2912.5,1701.05
4-34,Parasitized,No_comment,Polygon,18,2831.3,1600.55,2842.7,1577.3,2851.6,1565.4,2867.95,1553,2888.25,1543.6,2912,1541.15,2934.75,1545.6,2952.1,1558.95,2964.95,1581.25,2963.5,1607.95,2956.55,1629.25,2948.15,1646.1,2931.75,1663.95,2916.95,1673.3,2888.25,1675.3,2859,1661.95,2845.15,1643.6,2834.25,1623.8
4-35,Parasitized,No_comment,Polygon,17,3003.6,1488.15,3003.6,1476.8,3005.55,1466.4,3019.9,1455,3049.15,1442.6,3071.4,1444.6,3102.1,1450.55,3118.95,1465.9,3132.8,1494.6,3132.8,1520.85,3119.45,1550.05,3094.7,1574.8,3065.45,1577.3,3040.2,1572.8,3017.95,1560.95,3000.1,1532.25,2998.65,1505
4-36,Parasitized,No_comment,Polygon,21,3116,1457.95,3115.5,1440.15,3126.9,1411.9,3144.7,1389.15,3176.9,1376.25,3198.65,1370.85,3231.35,1370.85,3255.1,1373.8,3270.9,1390.65,3274.4,1409.95,3275.4,1438.15,3268,1473.3,3247.7,1500.55,3239.25,1508.45,3228.85,1514.9,3205.1,1515.4,3180.3,1515.4,3144.2,1506.95,3134.8,1495.6,3125.9,1472.8,3120.45,1463.4
4-37,Parasitized,No_comment,Polygon,19,3708.6,1481.75,3686.3,1471.35,3664.55,1454.5,3653.65,1440.65,3647.65,1406.95,3651.15,1386.65,3663.55,1367.85,3679.4,1352,3701.15,1342.6,3720.4,1336.65,3750.6,1337.65,3777.4,1351.05,3793.7,1376.75,3800.2,1400.55,3790.7,1429.25,3773.4,1457.95,3762.55,1475.8,3741.75,1482.2,3723.95,1483.2
4-38,Parasitized,No_comment,Polygon,18,3783.85,1357.45,3791.2,1337.65,3807.6,1317.85,3827.4,1309.45,3853.1,1307.95,3879.4,1313.9,3900.7,1330.75,3909.05,1352,3915.55,1386.2,3901.1,1413.9,3872.45,1449.55,3841.2,1470.85,3812.55,1474.8,3788.8,1468.35,3781.85,1440.2,3801.1,1407.95,3796.7,1379.75,3788.8,1362.4
4-39,Parasitized,No_comment,Polygon,26,3815,1699.55,3819.45,1686.7,3825.9,1676.8,3836.8,1668.85,3845.2,1662.45,3860.55,1655.5,3871.45,1654,3887.3,1653,3909.55,1656.5,3924.4,1663.9,3944.7,1665.9,3956.6,1671.85,3959.05,1685.2,3957.1,1698.55,3956.6,1723.3,3955.6,1746.6,3947.7,1760.45,3934.8,1772.35,3915.5,1783.25,3893.7,1787.7,3873.4,1791.15,3858.1,1787.7,3837.3,1775.8,3819.95,1758,3808.05,1731.25,3809.05,1709.95
4-40,Parasitized,No_comment,Polygon,17,3667,1601.55,3667,1579.85,3669,1558.5,3677.35,1531.75,3689.75,1509.55,3709.1,1492.7,3733.85,1487.25,3766.5,1487.25,3786.8,1498.1,3801.1,1523.85,3805.55,1559,3794.75,1589.2,3773.4,1607.55,3747.2,1621.85,3725.85,1627.85,3694.75,1623.85,3669,1611.45
4-41,Parasitized,No_comment,Polygon,19,3393.65,1844.65,3384.95,1830.35,3379.35,1810,3379.35,1786.2,3386.25,1764.55,3398.85,1748.1,3418.7,1736.85,3449.05,1734.25,3470.65,1738.6,3489.7,1753.3,3503.6,1783.15,3504.05,1806.55,3497.95,1824.3,3494.9,1837.3,3487.6,1848.95,3474.55,1856.75,3454.65,1865.45,3429.15,1865.45,3404.4,1858.5
4-42,Parasitized,No_comment,Polygon,22,3259.85,1978.85,3263.75,1968,3281.5,1953.75,3300.15,1937.3,3310.1,1924.75,3316.15,1908.7,3324.35,1897.9,3344.7,1885.75,3375.05,1875.8,3407.05,1868.9,3414.4,1882.75,3430.85,1914.75,3437.35,1954.6,3426.1,1995.75,3410.95,2019.95,3388.9,2023.45,3365.05,2008.3,3331.3,1996.6,3313.1,1997.05,3297.95,2005.7,3275.9,2005.7,3259.85,1994.85
4-43,Parasitized,No_comment,Polygon,17,3471.55,2154.65,3468.55,2127.35,3475.45,2096.6,3492.8,2070.65,3517.05,2054.6,3553.4,2040.75,3589.75,2031.25,3595.4,2026.05,3607.05,2039.05,3619.65,2061.55,3634.8,2087.1,3627.85,2122.15,3611.4,2152.05,3583.25,2174.95,3544.75,2186.25,3509.25,2187.1,3482.85,2174.1
4-44,Parasitized,No_comment,Polygon,17,3329.05,2466.25,3326.95,2448.25,3332.4,2415.6,3339.95,2394.7,3355.85,2377.55,3378.85,2367.5,3405.65,2362.45,3429.9,2365.4,3452.05,2380.9,3467.95,2404.75,3473.85,2443.25,3463.35,2477.55,3439.95,2500.55,3410.25,2509.75,3379.25,2510.2,3345.35,2495.55,3335.75,2480.45
4-45,Parasitized,No_comment,Polygon,19,3201,2570,3200.6,2542.8,3206.85,2521.05,3211.9,2503.9,3221.5,2488.85,3234.9,2480.45,3249.15,2474.2,3265.85,2467.9,3303.55,2467.9,3315.25,2472.1,3330.75,2477.55,3344.5,2495.55,3352.9,2528.15,3344.1,2558.3,3317.75,2580.9,3288.05,2596.8,3265.85,2599.3,3237,2595.1,3209.4,2580.05
4-46,Parasitized,No_comment,Polygon,19,2934.9,2888.45,2952.5,2903.9,2981.35,2905.15,3013.15,2899.75,3036.6,2887.2,3052.9,2877.95,3061.3,2857.05,3063.8,2834.85,3062.15,2811,3049.6,2788.85,3031.15,2774.2,3003.55,2762.9,2966.7,2760.35,2947.9,2762.5,2937.45,2775.45,2927.4,2790.9,2921.55,2814.35,2918.6,2839.5,2919.85,2864.6
4-47,Parasitized,No_comment,Polygon,20,2292.6,2960.85,2274.2,2949.1,2257.9,2922.35,2255.35,2892.6,2261.25,2869.6,2272.95,2845.75,2284.65,2828.6,2300.15,2816.9,2324,2808.1,2344.1,2806.45,2365.4,2808.95,2382.15,2811.45,2393.45,2818.15,2397.65,2841.6,2392.6,2876.7,2390.55,2906.45,2379.25,2929.45,2362.5,2949.1,2332.8,2962.1,2311.45,2963.35
4-48,Parasitized,No_comment,Polygon,19,1949.75,2615.8,1957.9,2598.15,1976,2576.9,1995,2564.65,2019,2559.7,2036.2,2560.15,2058.35,2565.55,2076.45,2575.5,2088.25,2594.55,2099.55,2626.2,2098.65,2654.7,2091.4,2679.15,2069.25,2703.6,2038,2721.7,2010.85,2721.25,1975.55,2708.55,1956.1,2683.65,1961.55,2656.5,1959.75,2632.1
4-49,Parasitized,No_comment,Polygon,22,1824.9,2680.05,1828.95,2666.45,1833.95,2650.2,1836.2,2639.3,1842.1,2629.35,1857,2618.05,1870.15,2604.05,1888.25,2593.6,1902.7,2590.45,1926.25,2590.9,1943.45,2599.05,1949.75,2614.9,1957.45,2633.45,1961.5,2664.65,1956.5,2684.55,1948.4,2713.55,1928.05,2732.95,1900,2738.4,1864.25,2734.8,1841.65,2724.85,1834.4,2704.95,1827.15,2689.1
4-50,Parasitized,No_comment,Polygon,19,1655.95,2338.8,1656.4,2313.8,1663.8,2287.3,1692.7,2263.8,1709.35,2257.4,1733.9,2257.4,1752.5,2263.3,1769.65,2274.05,1779.4,2285.35,1788.3,2303.5,1789.75,2328,1786.35,2350.55,1766.7,2367.2,1749.55,2379.95,1725.05,2388.3,1700.55,2385.35,1678.5,2377.5,1664.75,2365.25,1658.85,2348.6
4-51,Parasitized,No_comment,Polygon,23,1681.45,2566.3,1678.5,2545.8,1679,2527.75,1694.6,2507.25,1711.2,2480.4,1731.7,2452.6,1750.25,2431.65,1762.9,2421.9,1777.05,2413.6,1783.9,2409.2,1795.6,2404.8,1812.2,2404.8,1829.75,2406.3,1837.05,2404.8,1839.5,2423.85,1839.5,2449.7,1836.1,2483.35,1820.95,2513.6,1798.5,2536.5,1774.15,2558,1730.25,2576.5,1707.3,2578.95,1691.7,2575.55
4-52,Parasitized,No_comment,Polygon,19,2209.25,2422.9,2204.35,2406.3,2199.95,2373.15,2201.45,2347.8,2217.55,2330.2,2238,2316.55,2260.95,2308.75,2284.85,2307.8,2301.45,2311.2,2323.9,2322.9,2335.1,2332.15,2346.8,2358.5,2345.35,2399,2327.3,2423.4,2310.2,2439.5,2283.9,2447.75,2263.4,2447.3,2238.5,2443.85,2219.95,2430.7
4-53,Parasitized,No_comment,Polygon,16,2226.75,1726.8,2208.7,1720.45,2195.55,1695.1,2182.85,1658.5,2189.7,1625.85,2206.25,1595.6,2231.15,1581.95,2262.85,1581.45,2286.75,1590.2,2305.3,1608.25,2316.05,1647.8,2314.1,1681.45,2303.85,1705.85,2289.2,1720,2268.2,1729.25,2241.4,1731.2
4-54,Parasitized,No_comment,Polygon,16,2203.35,952.15,2206.3,930.2,2216.5,907.25,2244.8,894.1,2266.75,889.7,2289.7,890.7,2321.4,908.75,2340.9,925.3,2342.4,955.55,2326.75,989.7,2308.25,1010.2,2278,1019.45,2248.7,1020.95,2223.85,1011.65,2204.35,976.05,2204.35,961.9
4-55,Parasitized,No_comment,Polygon,18,1852.65,290.7,1838,303.9,1828.25,320.95,1823.35,345.85,1825.85,370.7,1838.5,394.15,1855.05,408.75,1877.5,421.45,1898.5,422.9,1920.45,410.25,1939.95,394.15,1948.25,374.15,1952.15,350.7,1948.8,325.35,1941.4,308.3,1919.45,284.85,1903.35,276.1,1883.35,276.1
4-56,Parasitized,No_comment,Polygon,17,1389,1177.95,1376.85,1157.5,1368,1135.4,1368,1106.1,1380.15,1081.25,1393.95,1063.55,1419.4,1053.05,1435.95,1046.45,1456.4,1047.55,1490.65,1059.7,1505.6,1092.3,1508.35,1133.2,1505.6,1162.45,1490.65,1187.35,1466.35,1200.6,1442.6,1204.45,1416.6,1193.4
4-57,Parasitized,No_comment,Polygon,20,1360.8,1364.7,1356.95,1343.15,1358.6,1315.5,1372.4,1290.65,1386.8,1276.85,1410,1266.9,1428.8,1264.15,1452.55,1264.7,1471.3,1271.3,1490.1,1280.15,1500.6,1302.25,1503.9,1333.75,1497.3,1360.85,1491.2,1371.9,1481.8,1396.2,1458.05,1407.25,1434.85,1410,1406.1,1403.95,1386.25,1393.45,1370.75,1380.15
4-58,Parasitized,No_comment,Polygon,15,3967.75,978.25,3955.05,970.15,3929.15,962.45,3890.55,965.5,3865.2,990.4,3851,1005.6,3844.9,1022.35,3854,1049.85,3865.2,1068.1,3887,1089.9,3925.6,1101.55,3958.6,1084.85,3979.4,1066.6,3986,1042.75,3989.05,1017.85
4-59,Uninfected,No_comment,Polygon,22,2473.8,1700.15,2486.3,1680.7,2503,1664.7,2519,1652.2,2548.8,1648.05,2573.8,1651.5,2598.8,1668.9,2614.15,1682.75,2618.25,1700.85,2618.95,1725.15,2616.9,1742.5,2605.75,1761.25,2591.9,1777.9,2576.65,1785.55,2555.05,1793.2,2530.75,1788.35,2510.6,1784.15,2498.1,1775.85,2486.3,1764.05,2477.3,1750.15,2471.05,1736.25,2471.05,1716.8
4-60,Uninfected,No_comment,Polygon,24,2311.2,1616.05,2320.65,1600.5,2329.65,1593.1,2351,1594.35,2364.9,1602.55,2386.25,1610.3,2405.9,1620.55,2426.8,1634.9,2446.85,1656.65,2454.65,1683.7,2461.6,1716.5,2459.55,1744.35,2450.15,1758.3,2420.65,1761.15,2409.2,1756.25,2394.4,1738.6,2371.1,1725.1,2336.65,1715.65,2315.3,1707.85,2305.4,1700.6,2308.3,1685,2309.9,1666.15,2312,1647.3,2309.9,1625.6
4-61,Uninfected,No_comment,Polygon,22,2263.25,1737.35,2253.45,1753.35,2251.4,1766.8,2254.7,1788.6,2270.6,1811.9,2286.2,1823.85,2312.9,1832.4,2340.75,1832.85,2373.15,1825,2389.9,1813.15,2398.95,1800.45,2407.5,1782.45,2412.85,1763.6,2411.6,1753.7,2405.85,1740.25,2393.55,1723,2375.2,1712.35,2354.25,1712.35,2332.9,1711.95,2309.95,1714.75,2291.95,1721.8,2276.75,1727.45
4-62,Uninfected,No_comment,Polygon,19,2076.8,1804.55,2080.9,1790.65,2096.85,1767.7,2110,1758.25,2130.45,1754.5,2155.85,1754.95,2177.15,1762.35,2187.8,1774.2,2200.95,1799.2,2202.6,1823.85,2199.7,1841.8,2190.3,1858.2,2171.85,1871.8,2143.95,1876.7,2116.9,1875.9,2100.95,1865.6,2088.65,1850,2080.45,1833.65,2076,1824.2
4-63,Uninfected,No_comment,Polygon,19,2717.35,1850.1,2718.55,1832.05,2725.55,1810.3,2743.15,1789.85,2765.7,1782.05,2787,1781.65,2810.35,1788.6,2831.25,1803.75,2844.4,1816.45,2857.9,1836.5,2863.25,1861.5,2851.5,1894.35,2840.3,1909.5,2805.85,1922.55,2773.9,1921.4,2754.65,1913.2,2739.85,1899.65,2726.35,1882.45,2720.2,1867.3
4-64,Uninfected,No_comment,Polygon,19,2555.85,1809.1,2551.35,1821.8,2549.3,1840.65,2556.65,1864.8,2571,1886.5,2590.7,1902.15,2617.35,1913.6,2640.3,1913.2,2665.7,1903.75,2681.25,1894.35,2693.15,1881.25,2700.95,1859.45,2702.15,1833.2,2682.5,1798.45,2654.2,1776.7,2618.55,1771.35,2596.85,1776.25,2571,1791.05,2564.05,1798.45
4-65,Uninfected,No_comment,Polygon,20,3190.3,1929.6,3189.9,1903.8,3193.2,1883.25,3205.05,1865.65,3222.3,1850.95,3249.75,1836.15,3271.45,1828.75,3297.7,1826.3,3311.2,1831.2,3321.05,1839,3326.8,1855.85,3322.7,1886.2,3317.2,1909.6,3308.2,1929.7,3291,1948.55,3263.7,1962.8,3241.55,1966.9,3216.95,1962,3203.45,1952.1,3195.65,1943.5
4-66,Uninfected,No_comment,Polygon,20,2952.2,1844.35,2950.95,1819.35,2951.8,1800.45,2962.45,1776.7,2970.65,1763.65,2992.55,1754.7,3012.85,1748.85,3035,1745.15,3053.4,1745.15,3076.35,1746.35,3085.4,1751.35,3082.1,1776.7,3071.85,1816.85,3040.3,1878.35,3034.15,1900.95,3015.3,1910.75,2995.2,1906.65,2981.3,1890.65,2966.65,1864.8,2959.55,1850.95
4-67,Uninfected,No_comment,Polygon,24,3046.85,1903.8,3037.85,1892.3,3035.4,1879.15,3035.8,1859.5,3049.75,1830.05,3066.55,1812.8,3090.3,1805.4,3112.85,1805.8,3135.4,1813.2,3161.2,1821.85,3178.45,1833.65,3192.75,1853.8,3196.05,1860.3,3199.3,1879.7,3197.25,1911.65,3191.1,1934.95,3181.7,1948.45,3165.3,1959.5,3141.95,1961.55,3127.5,1949.5,3110.4,1917.7,3092.75,1907.45,3066.55,1904.6,3053.85,1905.05
4-68,Uninfected,No_comment,Polygon,21,3087.1,1748.05,3098.8,1735.9,3117.6,1723.35,3144.95,1718.45,3165.4,1722,3192.75,1732.75,3215.65,1740.8,3231.05,1755.65,3244.1,1785.25,3250.35,1808.1,3259.35,1835.45,3251.7,1843.95,3221.2,1849.8,3194.3,1847.15,3155.35,1825.75,3126.2,1819.45,3095.25,1815,3077.3,1810.05,3071.5,1806.25,3069.7,1791.45,3079.55,1764.1
4-69,Uninfected,No_comment,Polygon,20,3038.55,1625.8,3044.85,1608.4,3057.1,1595.4,3074.35,1584.3,3099.65,1580.45,3123.8,1586.95,3150.2,1598.05,3158.25,1607.65,3159.05,1624.5,3150.8,1646.55,3141.55,1671.4,3135.65,1700,3128.75,1716.45,3096.7,1738.9,3070.55,1741.75,3038.75,1735.6,3026.65,1722.3,3036.65,1689.35,3045.65,1665.5,3038.95,1638.85
4-70,Uninfected,No_comment,Polygon,19,3148.65,1588.1,3145.25,1570.1,3144.1,1547.5,3150.95,1531.8,3173.6,1518.4,3199.1,1515.75,3224.75,1512.3,3257.1,1506.9,3287.75,1516.45,3319.55,1530.65,3342.95,1538.3,3349.45,1550.2,3346,1565.9,3326.85,1573.95,3305,1586.6,3269.75,1603.45,3225.3,1607.65,3185.85,1607.3,3159.4,1601.55
4-71,Uninfected,No_comment,Polygon,17,3272.4,1501.9,3270.5,1478.9,3275.85,1451.7,3281.55,1415.7,3290.4,1390.8,3310.75,1370.1,3337.95,1357.45,3366.3,1362.45,3381.25,1370.45,3401.55,1393.45,3406.9,1419.5,3397.7,1459.35,3382.4,1491.55,3362.85,1514.55,3338.7,1524.9,3311.05,1524.5,3286.55,1516.5
4-72,Uninfected,No_comment,Polygon,19,3017.65,1368.6,3024.55,1350.95,3034.5,1328.75,3048.7,1312.65,3070.5,1299.25,3094.65,1286.95,3125.3,1288.1,3146.4,1296.95,3164,1306.15,3177.4,1322.6,3182,1349.05,3179.7,1368.6,3172.65,1390.5,3146.6,1418.1,3114.2,1431.4,3081.65,1432.2,3052.5,1426.45,3029.9,1409.95,3019.95,1387.75
4-73,Uninfected,No_comment,Polygon,20,2820.3,1372.35,2814.95,1382.75,2816.1,1395.35,2827.2,1409.15,2850.95,1415.3,2880.85,1422.95,2898.4,1427.15,2923,1430.25,2955.55,1421.45,2970.9,1406.85,2983.9,1389.25,2985.05,1358.6,2975.85,1339.05,2960.55,1321.8,2930.65,1311.85,2894.65,1314.9,2877.85,1326.25,2864.4,1339.25,2839.55,1353.8,2826.55,1362.25
4-74,Uninfected,No_comment,Polygon,20,2791.95,1488.5,2791.15,1470.8,2797.3,1452.1,2806.15,1435.55,2817.25,1422.95,2829.1,1415.7,2850.55,1414.85,2880.9,1420.6,2905.75,1431.4,2921.45,1447.1,2929.85,1471.2,2928.35,1496.15,2921.05,1518.75,2908.05,1533.3,2884.55,1545.75,2854.75,1551.3,2829.1,1547.85,2810.7,1532.55,2803.45,1524.1,2793.1,1501.05
4-75,Uninfected,No_comment,Polygon,19,2709.55,1572.4,2714.15,1552.85,2727.55,1533.7,2748.25,1513.4,2767.45,1504.2,2792.7,1496.15,2804.2,1504.2,2822.2,1532.55,2833.7,1553.25,2836.8,1576.2,2839.3,1593.65,2829.1,1623.35,2818.75,1644,2794.25,1657.05,2769.75,1652.85,2742.2,1644.4,2720.3,1622.95,2713.4,1606.5,2708.1,1585.05
4-76,Uninfected,No_comment,Polygon,20,2635.2,1249.45,2649.8,1232.15,2677.4,1219.55,2693.85,1214.95,2709.95,1214.55,2726.45,1222.6,2742.5,1241.35,2754.8,1263.55,2758.6,1278.9,2757.6,1294.9,2753.25,1319.15,2744.8,1333.75,2721.45,1352.1,2698.4,1357.85,2668.6,1350.2,2644.8,1339.05,2631.05,1318,2623.75,1296.95,2624.5,1278.15,2627.95,1260.55
4-77,Uninfected,No_comment,Polygon,20,2522.6,1262.1,2527.9,1227.6,2544.8,1202.25,2568.95,1187.35,2599.25,1174.3,2618,1172,2630.65,1169.7,2647.1,1175.45,2650.2,1185.05,2650.2,1203.8,2652.5,1227.15,2644.4,1257.1,2633.7,1284.7,2621.05,1304.95,2606.5,1317.25,2585.45,1319.95,2565.9,1320.7,2546.75,1312.25,2533.7,1301.5,2524.15,1279.7
4-78,Uninfected,No_comment,Polygon,18,2632.95,1161.3,2624.55,1141.35,2620.7,1118,2626.45,1091.95,2637.55,1072.4,2661.3,1058.6,2690.45,1051.35,2719.95,1060.15,2742.15,1078.9,2758.65,1108.8,2760.15,1130.25,2751.75,1152.5,2740.65,1175.45,2718.4,1189.25,2700,1190.05,2676.25,1186.6,2656.7,1179.3,2644.1,1170.85
4-79,Uninfected,No_comment,Polygon,20,2786.25,1106.1,2793.5,1089.65,2806.15,1073.15,2817.25,1062.05,2835.65,1054,2857.9,1047.5,2879.35,1045.2,2901.15,1049.4,2918.8,1057.45,2928.4,1078.9,2936.4,1102.3,2932.6,1132.55,2914.95,1170.5,2889.3,1188.5,2861.7,1192.35,2828.35,1191.2,2809.6,1181.6,2795.05,1167.05,2787.75,1140.6,2785.85,1129.5
4-80,Uninfected,No_comment,Polygon,18,2903.45,1180.45,2899.25,1206.5,2901.55,1226.05,2915.35,1252.45,2933.35,1267.4,2954.4,1277.75,2985.85,1281.6,3007.3,1279.65,3032.2,1265.5,3044.45,1252.85,3053.65,1233.3,3056.7,1213,3044.85,1172.4,3029.9,1157.85,3005.75,1146.35,2973.2,1140.95,2939.45,1147.5,2915.35,1163.55
4-81,Uninfected,No_comment,Polygon,16,3058.3,1203.85,3067.05,1181.25,3082.8,1166.3,3096.55,1155.95,3118.05,1146.75,3147.9,1142.55,3165.5,1148.65,3184.7,1172.4,3192.7,1191.55,3191.55,1239.85,3176.65,1270.5,3137.15,1287.35,3098.85,1285.5,3079.35,1276.65,3061.75,1245.6,3054.8,1226.45
4-82,Uninfected,No_comment,Polygon,19,3190.85,1180.1,3217.65,1149.8,3235.65,1134.1,3266.65,1121.45,3288.95,1118.4,3316.9,1123.75,3331.8,1140.25,3340.2,1160.55,3336,1191.55,3326.1,1217.6,3304.95,1237.55,3286.25,1253.25,3251,1269.75,3217.25,1278.15,3187,1278.55,3172.45,1268.95,3164.8,1253.65,3161.35,1229.5,3170.9,1204.2
4-83,Uninfected,No_comment,Polygon,17,3397.3,1087.3,3402.45,1055.8,3409.65,1036.3,3424.35,1021.1,3459.45,1007.95,3488.55,1004.35,3520.45,1008.75,3535.95,1026.7,3543.5,1053.35,3545.15,1087.7,3535.55,1111.2,3521.2,1128.65,3492.9,1143.45,3450.25,1143.85,3427.2,1135.85,3408.05,1117.9,3402.45,1105.15
4-84,Uninfected,No_comment,Polygon,18,3482.95,1271.2,3482.55,1256.2,3488.8,1233.7,3501.3,1208.35,3526.3,1191.65,3554.65,1183.35,3598.8,1189.95,3622.15,1203.35,3633.4,1221.2,3641.7,1256.65,3640.45,1281.65,3628.8,1305.4,3608.8,1324.6,3570.45,1333.35,3544.2,1331.65,3519.65,1325.85,3504.65,1317.45,3491.7,1300.4
4-85,Uninfected,No_comment,Polygon,16,3685.25,1204.45,3679.9,1187.9,3680.75,1162.8,3693.8,1133.65,3716.65,1114.35,3747.6,1108.5,3781.2,1115.25,3802.3,1130.05,3818,1143.05,3822.05,1158.75,3812.15,1193.25,3797.8,1213.9,3775.85,1228.7,3748.05,1233.65,3714.85,1230.95,3695.1,1221.5
4-86,Uninfected,No_comment,Polygon,22,3819.3,1142.6,3829.65,1124.65,3847.6,1109.4,3877.65,1097.25,3903.65,1097.25,3926.05,1104,3942.65,1116.6,3961.95,1135.4,3975.4,1152.9,3979.9,1178.45,3976.3,1204.45,3973.6,1219.75,3965.1,1238.55,3947.15,1251.1,3922.95,1258.3,3891.1,1259.65,3858.35,1252.9,3833.7,1235.85,3823.4,1221.1,3813.95,1198.65,3813,1177.1,3813.45,1160.1
4-87,Uninfected,No_comment,Polygon,20,3560.85,992.9,3557.55,975.8,3559.6,953.3,3568.35,924.95,3580.05,908.3,3603.8,891.65,3622.1,886.2,3643.35,886.65,3679.6,894.95,3698.35,909.95,3706.7,931.65,3712.55,959.55,3707.55,990.8,3692.95,1012.05,3673.35,1028.3,3643.8,1042.45,3614.2,1047.05,3593.8,1039.95,3573.35,1025.4,3562.1,1005.8
4-88,Uninfected,No_comment,Polygon,17,3720.85,801.4,3704.3,794.85,3689.7,785.35,3675.55,765.55,3665.7,740.35,3663.2,720.45,3667.15,697.5,3696.55,656.2,3718.4,645.35,3756.25,641.3,3778.1,644.85,3825.9,717.4,3825.9,736.8,3814.45,764.7,3802.35,778.65,3772,796.55,3735.35,797.5
4-89,Uninfected,No_comment,Polygon,18,3352.3,563.15,3350.4,537.55,3356.95,503.85,3373.6,481,3400,468.2,3432.9,462.75,3459.7,464.7,3481,471.3,3498.45,491.45,3509.7,510.85,3516.25,538.75,3508.15,572.45,3491.1,591.05,3463.15,606.55,3428.25,613.15,3391.1,606.2,3371.35,595.7,3356.6,578.25
4-90,Uninfected,No_comment,Polygon,17,3308.15,398.05,3303.85,375.15,3316.25,351.9,3355.85,324.8,3389.1,325.15,3424.45,334.45,3440.65,356.55,3446.55,385.65,3444.2,411.6,3436.45,437.55,3418.95,458.5,3389.85,473.25,3371.7,476.35,3349.2,467.8,3332.9,459.3,3320.5,437.2,3312.05,420.15
4-91,Uninfected,No_comment,Polygon,17,3188.75,379.05,3176.35,363.9,3167.05,338.35,3163.95,308.1,3168.95,286.8,3187.2,259.25,3219,243.75,3249.6,238.7,3277.9,255,3293.35,274,3300.35,295.7,3306.95,334.45,3301.15,363.5,3275.95,384.85,3254.65,397.25,3226.75,396.85,3205,393.35
4-92,Uninfected,No_comment,Polygon,21,2884.1,347.25,2883.7,313.15,2893,299.2,2914.35,290.25,2932.15,280.6,2947.3,263.55,2979.45,235.6,3007.35,227.85,3038.75,226.3,3067.05,232.5,3067.05,249.2,3060.05,279.4,3047.15,301.6,3023.5,331.85,2998.85,353.85,2991.45,375.95,2972.1,389.1,2949.2,397.65,2911.25,399.95,2895.35,386,2884.5,367.4
4-93,Uninfected,No_comment,Polygon,22,2851.55,440.25,2846.15,467,2848.45,488.35,2856.55,506.15,2869,515.85,2889.15,524,2912.4,527.1,2933.3,529.8,2967.1,516.25,2981.75,499.55,2991.9,480.2,2996.15,455.4,3001.15,428.65,2995.35,394.9,2991.1,375.55,2987.25,362.75,2973.65,372.05,2943.05,383.3,2918.25,387.95,2895.7,396.85,2876.4,408.85,2857,430.6
4-94,Uninfected,No_comment,Polygon,19,2756.55,334.85,2743.8,353.05,2737.6,375.95,2737.95,398,2745,418.95,2760.1,437.15,2780.25,446.85,2801.2,455.4,2825.2,452.3,2858.1,437.15,2875.55,418.15,2892.25,393.75,2888,352.3,2883,324.45,2864.75,314.3,2838.8,306.15,2807.6,311.05,2774.65,316.85,2763.9,324.75
4-95,Uninfected,No_comment,Polygon,18,2833.3,204.25,2838.35,179.8,2848.8,158.1,2859.3,146.85,2879.85,137.95,2898.8,133.3,2926.35,137.95,2948.8,155.8,2965.1,174,2977.9,197.65,2974.8,233.3,2965.05,258.9,2929.8,289.9,2892.25,296.85,2865.1,286.4,2848.65,262.95,2843.2,235.1,2833.9,206.8
4-96,Uninfected,No_comment,Polygon,18,2525.6,405,2531,390.3,2547.3,374.4,2573.65,364.3,2609.3,363.55,2643,364.7,2670.15,383.3,2686.8,398.4,2684.5,417,2674.8,445.7,2659.3,469.75,2636.05,486.4,2604.65,497.65,2569.4,492.2,2545.35,479.8,2529.85,456.55,2523.25,442.2,2521.7,425.95
4-97,Uninfected,No_comment,Polygon,18,2771.35,599.6,2767.8,582.95,2773.25,554.65,2782.2,533.7,2797.65,517.45,2817.45,507.75,2844.95,507.75,2863.95,513.95,2883.75,532.15,2894.95,555.35,2900.75,582.15,2893.05,605.8,2879.1,626.75,2856.15,637.6,2834.1,645.75,2812.4,641.85,2785.65,628.7,2775.55,616.65
4-98,Uninfected,No_comment,Polygon,16,2535.3,634.9,2518.6,605.8,2515.45,574.4,2526.35,542.65,2542.65,524.4,2572.1,510.85,2610.05,513.55,2643.75,527.85,2658.5,548.05,2669.35,568.6,2674,591.45,2667.45,613.55,2649.25,627.85,2622.1,641.1,2583.3,650,2553.85,649.2
4-99,Uninfected,No_comment,Polygon,20,2569.05,649.65,2558.2,666.65,2555.1,684.5,2550.85,707.35,2557.75,731,2570.6,750.75,2601.2,760.45,2632.25,765.1,2655.1,767.8,2688.45,756.55,2707.75,734.1,2723.3,704.65,2729.85,673.25,2735.35,644.55,2726.4,628.3,2715.5,621.3,2683.35,617.4,2644.25,619.8,2607.75,629.5,2577.95,642.6
4-100,Uninfected,No_comment,Polygon,19,2508.95,851.9,2503.95,837.2,2508.55,810.85,2518.6,783.3,2530.7,769.35,2556.2,760.85,2588,755.1,2626.75,761.3,2648.45,775.95,2663.55,800,2668.6,826.35,2662.85,850,2641.1,876.35,2617.05,893,2594.65,903.1,2569.4,903.1,2542.65,895.7,2523.3,886.8,2517.05,877.1
4-101,Uninfected,No_comment,Polygon,20,2817.4,829.8,2803.1,836.05,2788.35,853.45,2779.45,871.3,2772.85,895.35,2770.9,919.35,2782.9,943,2810.05,971.7,2835.65,975.95,2862.75,970.9,2887.2,957.35,2903.85,940.7,2910.5,923.85,2913.6,897.5,2908.95,864.95,2903.55,849.05,2887.85,837.25,2876.2,829.5,2847.65,824.4,2829.05,824.4
4-102,Uninfected,No_comment,Polygon,19,2986.8,802.3,2989.55,779.4,2998.85,760.05,3015.1,746.1,3041.1,735.25,3050.75,739.9,3062,755.4,3085.65,763.5,3105.05,766.25,3125.2,770.1,3127.5,786.8,3131.4,808.5,3132.15,836.8,3126.75,853.45,3103.1,872.45,3074.4,883.7,3029.45,875.55,2997.7,839,2990.7,815.05
4-103,Uninfected,No_comment,Polygon,22,3134.9,768.55,3131.8,789.1,3132.5,817,3141.45,831.35,3165.5,849.55,3200.4,857.7,3239.9,850.75,3270.15,825.55,3284.9,806.55,3296.1,777.1,3292.65,755,3279.85,731.35,3264.75,713.9,3256.6,706.15,3238.75,697.65,3206.95,696.45,3189.55,701.1,3184.5,711.6,3179.45,724,3168.6,738.7,3156.6,751.9,3138.35,761.95
4-104,Uninfected,No_comment,Polygon,17,3133.35,763.15,3110.05,764.3,3077.1,760.85,3060,753.5,3055.05,728.25,3056.6,698.8,3063.55,666.6,3077.15,646.45,3102.7,633.7,3129.45,627.45,3170.15,634.85,3192.25,648.4,3197.3,670.1,3194.55,692.2,3184.5,714.3,3165.1,745.3,3146.9,758.5
4-105,Uninfected,No_comment,Polygon,21,3096.9,631.75,3092.25,611.6,3091.1,596.5,3102.3,570.5,3119.75,553.05,3143.4,537.15,3175.2,523.2,3209.7,518.55,3239.9,530.2,3263.95,541.05,3269.75,546.85,3266.65,559.25,3263.15,579.8,3265.5,604.25,3255.05,627.85,3233.7,643,3207.75,649.6,3175.6,648.45,3150.4,641.1,3122.15,637.6,3107.8,636.05
4-106,Uninfected,No_comment,Polygon,18,2433.1,187.45,2440.7,167.3,2459.35,145.6,2476.85,136.5,2492.05,131.15,2513.7,134.95,2532.75,142.2,2554.8,165.75,2561.25,190.5,2555.15,220.5,2545.3,245.25,2519.45,262.75,2492.45,271.45,2468.1,272.6,2448.7,260.45,2434.65,242.95,2431.85,221.05,2429.6,201.7
4-107,Uninfected,No_comment,Polygon,18,1921.25,665.6,1913.1,639.35,1912.65,618.95,1924.5,595.45,1962,569.65,2011.75,554.7,2049.8,546.55,2094.1,541.6,2105.05,538.9,2097.75,559.7,2091.9,584.15,2086,611.3,2074.25,640.25,2051.65,673.25,2029.4,689.55,2000.5,694.55,1967.9,693.2,1940.75,683.7
4-108,Uninfected,No_comment,Polygon,16,1907.25,624.85,1888.75,625.75,1847.95,614,1831.2,598.15,1823.55,558.8,1829,530.75,1843.5,509.9,1865.2,495.45,1890.05,488.65,1919.5,495.45,1947.95,507.2,1964.3,526.65,1965.2,552.45,1957.4,579.2,1948.85,593.7,1927.15,615.4
4-109,Uninfected,No_comment,Polygon,18,2037.6,486.85,2041.25,456.05,2055.25,427.1,2076.5,409.45,2100.5,394.1,2133.55,388.2,2168.4,390,2181.5,394.55,2188.25,400.85,2194.6,448.85,2182.85,477.35,2155.7,509,2131.75,526.2,2100.05,536.6,2067.9,537.05,2054.8,533,2048.4,521.7,2040.75,508.1
4-110,Uninfected,No_comment,Polygon,16,2217.65,777.8,2210.85,760.15,2211.8,733.45,2228.95,709.95,2256.1,692.75,2289.6,686.4,2312.7,694.15,2327.15,709.5,2349.8,739.4,2353.4,778.7,2343,805.4,2324,815.85,2295.95,825.3,2264.7,823.5,2243,815.35,2231.7,805.85
4-111,Uninfected,No_comment,Polygon,19,2115.35,891.85,2111.8,870.55,2120.85,847.05,2145.25,823.95,2190.05,807.2,2214.5,804.95,2247.45,812.15,2278.7,822.55,2288.7,835.75,2286.9,858.35,2277.85,882.35,2242.25,896.95,2216.45,908.75,2206.05,928.65,2190.5,947.95,2165.6,948.85,2144.8,939.8,2128.05,928.5,2122.65,916.25
4-112,Uninfected,No_comment,Polygon,18,2133.5,828.05,2107.25,824.4,2088.2,815.35,2076.95,796.8,2070.1,773.3,2068.35,751.1,2076.5,717.65,2101.8,696.8,2142.55,687.75,2172.85,685.95,2198.65,696.35,2212.7,708.6,2216.75,725.35,2221.7,754.3,2214.95,786.85,2199.55,801.8,2167.8,819.05,2147,824
4-113,Uninfected,No_comment,Polygon,17,1251.95,1005.95,1254.6,967.95,1264.25,939.1,1276.55,924.7,1299,911.8,1334.85,911.3,1360.5,917.7,1378.7,942.3,1392.6,985.1,1401.7,1013.4,1395.8,1041.25,1380.85,1064.25,1346.6,1076.55,1316.1,1072.8,1291,1063.7,1271.75,1048.7,1261.55,1027.35
4-114,Uninfected,No_comment,Polygon,21,1365.85,918.25,1372.8,880.25,1376,855.65,1387.25,830,1404.35,812.35,1431.65,804.3,1447.15,818.75,1458.9,843.9,1476.55,871.75,1489.95,886.7,1502.25,919.85,1505.45,949.8,1493.65,980.85,1479.75,999,1460,1005.95,1438.05,1011.25,1422,1006.45,1403.8,996.85,1392.05,989.4,1380.85,971.2,1368,939.7
4-115,Uninfected,No_comment,Polygon,24,1422,802.7,1411.3,789.35,1403.3,776.5,1414,754.1,1433.25,733.75,1456.75,705.4,1490.45,698.45,1513.45,704.9,1543.4,714.5,1554.65,728.9,1561.05,759.45,1556.25,779.7,1549.8,804.3,1546.6,823.05,1550.9,845.55,1550.35,862.6,1540.2,878.7,1530.05,889.4,1511.3,897.35,1491.5,890.5,1472.25,864.3,1460.5,839.1,1449.8,818.25,1431.6,804.35
4-116,Uninfected,No_comment,Polygon,19,1562.1,764.75,1578.15,749.25,1603.85,742.8,1626.3,743.9,1649.85,748.75,1665.85,760.45,1677.65,778.1,1686.2,801.1,1691.55,830,1689.4,848.15,1681.4,874.4,1651.95,898.45,1614.55,902.7,1586.7,900.1,1559.45,886.15,1544.45,869,1538.6,848.65,1540.2,813.35,1550.9,776
4-117,Uninfected,No_comment,Polygon,19,1814.45,885.1,1823.6,856.75,1850.9,836.35,1878.7,832.65,1908.6,840.7,1920.9,848.65,1925.25,869.5,1927.95,898.85,1930.55,924.55,1933.75,954.6,1934.85,978.65,1913.95,1008.55,1889.9,1023.6,1864.75,1024.65,1837.45,1011.3,1816.65,995.25,1806.35,966,1806.95,932.75,1814,902.75
4-118,Uninfected,No_comment,Polygon,19,2162.7,1031.55,2146.65,1047.6,2141.3,1074.9,2142.9,1100.55,2156.25,1115.55,2173.9,1128.9,2198,1136.95,2222.05,1131.6,2250.4,1124.65,2267.5,1111.8,2285.7,1084,2287.3,1058.3,2281.95,1035.3,2260.55,1017.9,2234.9,1015.25,2219.9,1016.6,2207.1,1025.7,2195.85,1032.1,2179.8,1031.55
4-119,Uninfected,No_comment,Polygon,21,2179.8,1247.65,2176.05,1230.5,2173.9,1209.15,2178.75,1180.25,2183,1160.45,2191.55,1147.6,2201.2,1136.35,2224.7,1118.15,2264.3,1117.15,2291.55,1127.3,2307.1,1146.55,2314.55,1163.15,2319.4,1189.35,2308.15,1217.7,2292.65,1244.95,2272.85,1264.75,2249.85,1274.9,2230.05,1280.25,2214.55,1273.3,2200.65,1262.05,2190.5,1255.1
4-120,Uninfected,No_comment,Polygon,17,2313.5,1147.6,2321.5,1114.45,2338.1,1088.8,2364.85,1069.55,2398.55,1061,2419.4,1066.85,2443.45,1083.45,2456.3,1105.4,2465.4,1133.2,2463.8,1162.6,2448.25,1190.95,2424.75,1211.25,2396.4,1221.95,2373.95,1221.95,2343.45,1208.05,2321.5,1184,2318.3,1168.5
4-121,Uninfected,No_comment,Polygon,17,2299.05,1355.15,2296.9,1339.1,2302.8,1304.85,2312.95,1284,2331.15,1267.95,2356.3,1262.6,2383,1263.15,2418.3,1280.25,2433.3,1310.75,2436.5,1342.85,2430.1,1365.3,2412.45,1384,2394.25,1394.15,2364.85,1400.6,2330.1,1400.05,2312.45,1389.35,2306,1376
4-122,Uninfected,No_comment,Polygon,24,2155.75,1442.85,2146.1,1450.85,2139.15,1467.45,2138.6,1485.6,2137.55,1503.8,2154.15,1524.15,2173.9,1536.95,2194.8,1545,2216.15,1543.9,2239.15,1533.2,2251.45,1507.55,2262.15,1483.5,2273.95,1464.75,2294.25,1440.15,2306.55,1416.65,2312.45,1398.45,2316.1,1377.05,2309.7,1370.7,2288.35,1379.2,2269.65,1393.1,2230.6,1410.75,2213.5,1424.1,2179.25,1434.8,2165.9,1433.75
4-123,Uninfected,No_comment,Polygon,22,2243.45,1528.95,2245.05,1549.8,2254.15,1573.35,2280.9,1585.1,2306,1585.65,2328.45,1577.6,2342.4,1565.85,2347.2,1544.45,2350.95,1530.55,2363.25,1505.4,2387.85,1490.45,2398,1477.05,2402.3,1452.45,2404.4,1420.4,2398,1405.4,2378.2,1399,2337.55,1409.15,2318.3,1420.9,2291.05,1436.45,2275,1457.8,2253.05,1486.7,2242.35,1518.8
4-124,Uninfected,No_comment,Polygon,17,2333.3,1577.05,2331.7,1589.35,2355.55,1601.1,2389.25,1613.95,2427.4,1612.9,2451.5,1600.6,2472.35,1585.1,2483.55,1562.1,2490.5,1536.45,2485.7,1509.7,2473.4,1494.7,2445.6,1482.95,2408.15,1480.8,2381.4,1494.75,2360.55,1506.55,2339.7,1538.55,2330.1,1559.4
4-125,Uninfected,No_comment,Polygon,18,1750.9,1445.05,1739.65,1432.15,1732.15,1413.45,1732.15,1388.85,1739.65,1370.15,1753,1356.75,1766.4,1345.55,1792.6,1342.9,1813.45,1347.65,1834.35,1359.6,1849.8,1383.5,1858.35,1406.5,1854.1,1424.7,1847.7,1447.15,1834.85,1459.45,1814.5,1459.45,1793.65,1461.6,1771.2,1456.75
4-126,Uninfected,No_comment,Polygon,18,1805.95,1463.2,1790.45,1473.9,1780.3,1486.7,1780.85,1512.9,1803.3,1532.15,1831.1,1545.55,1856.75,1551.4,1882.95,1550.4,1904.9,1541.8,1920.95,1524.2,1930.55,1489.9,1924.15,1466.95,1916.15,1442.35,1904.9,1429,1887.8,1422.55,1860.5,1430,1840.2,1438.2,1831.1,1447.75
4-127,Uninfected,No_comment,Polygon,20,1549.05,1597.4,1555.75,1582,1570.15,1561.4,1587.7,1550,1612.95,1540.2,1648,1539.15,1683.55,1543.85,1705.2,1550,1711.4,1561.85,1712.45,1586.6,1709.85,1610.8,1708.3,1640.25,1690.8,1665.5,1649.55,1688.15,1620.15,1688.7,1604.2,1687.15,1578.9,1676.85,1566.55,1664.5,1551.1,1647.4,1547.5,1612.95
4-128,Uninfected,No_comment,Polygon,17,1504.2,1486.05,1500.55,1474.2,1502.65,1449,1523.25,1419.55,1558.3,1401.6,1585.1,1396.9,1615,1403.15,1635.65,1415,1653.15,1437.6,1658.8,1464.4,1650.05,1502.55,1638.2,1525.75,1600.05,1549.95,1571.2,1551.55,1543.85,1543.3,1522.75,1525.75,1510.9,1507.25
4-129,Uninfected,No_comment,Polygon,18,1359.85,1532,1365.5,1512.9,1377.9,1488.2,1404.7,1470.1,1428.9,1458.8,1459.35,1460.3,1473.75,1471.65,1488.2,1497.45,1492.3,1520.65,1493.85,1546.45,1486.15,1564.95,1469.15,1584.6,1453.65,1595.4,1418.6,1599.55,1401.1,1593.3,1386.65,1584.6,1367.05,1569.05,1362.4,1553.65
4-130,Uninfected,No_comment,Polygon,16,1170.45,1502.7,1171,1486.3,1180.3,1458.4,1197.2,1439.85,1228.35,1419.6,1283.55,1409.8,1319.05,1419.1,1338.2,1436,1349.15,1460.05,1350.75,1485.75,1342,1513.6,1318.55,1528.9,1280.3,1543.1,1241.5,1554.6,1205.95,1546.95,1183,1534.4
4-131,Uninfected,No_comment,Polygon,15,1087.4,1604.3,1102.15,1577,1122.35,1561.7,1165,1549.7,1195.05,1546.95,1219.05,1552.95,1227.8,1569.35,1228.35,1599.95,1220.15,1621.25,1220.7,1650.2,1218,1678.1,1196.65,1698.85,1170.45,1711.4,1124.55,1707.6,1092.3,1693.95
4-132,Uninfected,No_comment,Polygon,17,1226.7,1561.7,1244.75,1546.95,1258.4,1533.3,1289,1527.25,1314.15,1536,1334.9,1550.2,1347.5,1578.65,1344.2,1605.4,1332.2,1631.1,1315.25,1651.85,1283,1669.35,1242,1675.35,1220.15,1666.55,1211.95,1648,1208.1,1619,1215.75,1589,1221.25,1575.35
4-133,Uninfected,No_comment,Polygon,17,1648.6,1840.9,1643.15,1811.95,1655.7,1781.35,1672.7,1761.7,1702.7,1750.75,1737.15,1748.5,1757.95,1762.8,1775.4,1790.1,1786.3,1820.7,1778.1,1840.4,1760.1,1865.5,1742.1,1893.4,1730.05,1911.95,1703.85,1927.25,1672.1,1927.8,1658.15,1894.3,1650.5,1857.2
4-134,Uninfected,No_comment,Polygon,21,1733.25,1901.55,1731.1,1921.2,1733.3,1939.85,1745.9,1958.95,1756.8,1971.5,1787.4,1978.65,1824,1969.9,1838.85,1952.2,1852.5,1929.85,1868.9,1908.5,1885.75,1895.55,1895.65,1884.65,1897.8,1862.8,1887.4,1836,1877.55,1825.1,1842.65,1821.25,1814.75,1822.35,1787.4,1833.8,1763.85,1860,1749.65,1875.3,1738.2,1894.4
4-135,Uninfected,No_comment,Polygon,20,1886.3,1827.25,1898.9,1801.6,1928.95,1793.4,1969.35,1802.65,1999.95,1815.8,2037.7,1816.35,2055.15,1824.55,2077.55,1838.75,2083.6,1848.05,2081.4,1867.65,2065.05,1889,2043.7,1900.5,2001.05,1914.1,1977.55,1923.45,1945.95,1912.3,1919.75,1902.5,1901.6,1889,1891.7,1867.65,1884.55,1844.7,1886.2,1834.3
4-136,Uninfected,No_comment,Polygon,19,1916.35,1790.1,1909.25,1778.1,1914.75,1758.95,1929.5,1730.55,1951.9,1705.4,1977.55,1686.85,2013.1,1668.2,2045.9,1664.95,2064.5,1667.15,2093.95,1679.7,2106,1697.2,2112.55,1725.1,2104.65,1760.85,2072.7,1797.75,2039.3,1811.4,2011.95,1819.05,1978.6,1812.5,1942,1803.75,1931.6,1800.5
4-137,Uninfected,No_comment,Polygon,20,2083.5,1940.85,2094.8,1927.1,2107.85,1918.9,2126.2,1914.1,2146.95,1914.1,2167.75,1918.9,2184.15,1930.55,2195.75,1954.2,2202.05,1980.75,2199.15,2008.3,2187.05,2032.9,2162.4,2053.7,2136.8,2062.4,2110.25,2058.55,2092.85,2048.4,2076.4,2033.45,2070.15,2021.35,2067.1,1998.75,2072.85,1967.9,2075.75,1952.5
4-138,Uninfected,No_comment,Polygon,19,1919.4,2135.85,1917.5,2115.55,1922.3,2093.8,1941.65,2066.25,1951.8,2056.6,1984,2048.6,2020.65,2055.3,2052.25,2067.7,2066.3,2083.7,2073.5,2110.2,2076.9,2136.3,2078.85,2159,2054.7,2175.45,2027.65,2187.5,1996.7,2192.4,1968.7,2186.05,1948.4,2179.3,1936.8,2170.6,1927.15,2152.75
4-139,Uninfected,No_comment,Polygon,16,2021.85,2311.2,2023.75,2289.45,2032.45,2257.55,2052.25,2223.75,2091.4,2201.5,2132.45,2203.45,2151.8,2214.05,2161.45,2237.75,2167.75,2270.6,2165.8,2301.05,2151.3,2331,2124.75,2347.9,2090.45,2361.9,2067.25,2362.4,2038.75,2346.45,2018.95,2325.2
4-140,Uninfected,No_comment,Polygon,17,1933.9,2341.6,1901.55,2324.2,1892.85,2303.95,1886.1,2276.4,1892.35,2254.15,1902,2225.2,1930.05,2200.55,1969.2,2192.8,2003.95,2203.45,2017.5,2216.95,2030.05,2241.6,2030.05,2271.6,2023.3,2302.55,2010.7,2323.75,1999.6,2337.75,1968.2,2346.95,1951.3,2348.85
4-141,Uninfected,No_comment,Polygon,17,1903.95,2495.75,1901.05,2479.35,1905.9,2444.05,1911.2,2424.25,1925.7,2401.55,1956.1,2382.25,1983.2,2372.1,2011.2,2379.35,2030.05,2399.6,2046,2424.75,2046.45,2454.2,2034.4,2493.35,2012.65,2521.35,1987.05,2542.15,1951.75,2538.75,1933.9,2529.1,1920.35,2518
4-142,Uninfected,No_comment,Polygon,19,1614.55,2384.65,1608.3,2398.15,1610.7,2431,1620.35,2463.4,1626.15,2498.2,1641.15,2514.6,1667.2,2518.95,1680.75,2514.6,1693.3,2505.9,1717.2,2481.25,1737.45,2464.4,1753.4,2437.35,1758.55,2407.35,1756.1,2388.05,1745.75,2379.8,1712.9,2375.05,1687.3,2367.3,1656.1,2358.05,1631.45,2366.75
4-143,Uninfected,No_comment,Polygon,21,1516.5,2569.7,1508.75,2553.25,1501.05,2530.05,1504.4,2511.7,1517.95,2476.45,1526.65,2454.7,1534.85,2438.75,1547.9,2414.1,1569.65,2394.3,1587,2388.05,1601.5,2391.4,1613.6,2415.55,1618.85,2456.15,1629,2491.9,1638.65,2512.65,1645.5,2534.9,1633.9,2550.35,1607.3,2557.6,1579.75,2572.1,1559,2578.35,1527.6,2574.05
4-144,Uninfected,No_comment,Polygon,20,2261.4,2714.6,2267.75,2693.35,2276.4,2672.05,2292.85,2651.25,2306.4,2638.25,2334.4,2630.05,2353.25,2626.7,2381.7,2630.5,2391.9,2636.8,2400.1,2657.6,2403.5,2697.15,2400.1,2729.1,2390.9,2749.85,2377.35,2768.25,2356.15,2777.4,2331.5,2785.1,2303.5,2781.75,2282.7,2771.55,2273.05,2755.65,2265.3,2736.35
4-145,Uninfected,No_comment,Polygon,18,2057.55,2811.5,2065.3,2795.05,2082.2,2777.7,2115.55,2771.3,2149.35,2764,2173.1,2772.25,2190.45,2790.05,2204.15,2811.5,2201.4,2848.95,2193.2,2875.9,2176.3,2899.2,2153,2911.5,2119.2,2913.35,2090.9,2906.95,2071.7,2883.65,2063.95,2864,2056.65,2838.45,2052.1,2822.45
4-146,Uninfected,No_comment,Polygon,18,1913.7,2850.75,1922.4,2817,1935.2,2790.95,1953.45,2772.25,1974.45,2760.8,1992.7,2754.9,2008.25,2755.35,2030.15,2770.85,2041.1,2783.2,2051.6,2811.05,2048.45,2854.9,2045.7,2881.85,2028.35,2909.7,1983.6,2926.1,1942.5,2920.2,1929.25,2907.85,1922.4,2894.6,1914.65,2874.05
4-147,Uninfected,No_comment,Polygon,20,2393.7,2810.55,2401.45,2781.35,2423.35,2763.6,2453.95,2749.9,2481.35,2756.3,2502.8,2766.3,2529.3,2780.9,2543.45,2795.05,2546.65,2824.25,2537.5,2854.85,2517.45,2883.7,2485.9,2905.1,2458.55,2920.15,2436.15,2924.3,2415.15,2914.25,2398.7,2900.05,2395.05,2888.7,2392.55,2865.4,2398.5,2838.95,2396.4,2824.25
4-148,Uninfected,No_comment,Polygon,21,2453.5,2923.4,2449.4,2944.35,2457.15,2961.7,2469.95,2974.5,2501,2977.7,2525.65,2980.45,2569.5,2971.35,2600.1,2959.9,2616.05,2925.65,2626.1,2898.7,2622.9,2869,2617.9,2848,2605.55,2827.05,2594.6,2819.75,2574.5,2818.8,2551.7,2820.2,2533.85,2831.05,2520.15,2855.75,2506.45,2882.65,2480.45,2900.45,2462.65,2911.45
4-149,Uninfected,No_comment,Polygon,18,2739.5,2823.6,2727.25,2808.15,2717.1,2784.15,2712.2,2764.25,2715.9,2737.4,2731.8,2711.4,2749.2,2693.5,2769.95,2680.9,2803.75,2676,2838.65,2684.15,2859.85,2706.1,2868.75,2727.65,2867.55,2769.1,2854.5,2797.55,2828.5,2817.05,2803.3,2828.45,2781.35,2832.5,2757.35,2832.1
4-150,Uninfected,No_comment,Polygon,22,2799.6,2829.25,2795.6,2845.55,2800.5,2867.5,2811.8,2893.1,2825.7,2916.65,2837.45,2926.4,2855.3,2931.3,2874,2932.5,2895.6,2925.2,2919.55,2913,2934.95,2889.2,2940.6,2864.5,2938.6,2834,2940.6,2818.95,2944.3,2797,2929.3,2771.55,2904.1,2751.2,2874,2753.25,2858.2,2761.45,2841.9,2786.65,2823.65,2807.75,2806.55,2820.8
4-151,Uninfected,No_comment,Polygon,23,2895.6,2747.95,2891.15,2738.6,2888.65,2713.8,2898,2693.5,2906.55,2682.1,2926.45,2670.75,2939.85,2670.75,2953.75,2664.65,2972.8,2652.45,2996.8,2639,3037.9,2638.2,3059.4,2650.4,3072.8,2669.5,3078.9,2686.2,3082.55,2715.85,3068.75,2746.35,3052.05,2761.8,3034.6,2766.25,3011.05,2762.6,2974.7,2760.8,2947.2,2760.55,2932.15,2767.5,2914.2,2763.8
4-152,Uninfected,No_comment,Polygon,19,2746.75,2604.5,2743.5,2618.75,2745.15,2635.05,2753.65,2654.5,2767.1,2670.4,2783.75,2672.8,2801.65,2667.9,2814.65,2659.75,2828.45,2644.75,2840.25,2628.1,2849.2,2601.7,2848,2576.9,2852.45,2555.7,2836.2,2552.9,2817.9,2551.25,2786.6,2560.25,2768.7,2567.55,2759.35,2576.9,2751.25,2587.45
4-153,Uninfected,No_comment,Polygon,20,2845.95,2550.4,2854.5,2525.25,2874.4,2509.75,2895.95,2504.5,2917.9,2500.4,2945.15,2505.3,2962.2,2515.5,2972.35,2535.05,2970.75,2571.15,2961,2605.7,2950.4,2630.95,2936.2,2649.65,2917.5,2662.25,2890.25,2666.7,2873.2,2661.8,2856.5,2652.45,2844.75,2632.15,2836.95,2611.4,2837.35,2581.8,2839.8,2564.75
4-154,Uninfected,No_comment,Polygon,19,2969.55,2518.3,2980.9,2494.75,3000.4,2475.25,3035.4,2454.95,3064.25,2448.4,3070.75,2456.15,3071.15,2481.35,3066.3,2526.9,3057.35,2569.95,3043.5,2595.6,3025.6,2622.8,3001.25,2635.8,2967.55,2654.95,2933.8,2669.6,2931.7,2657.8,2941.05,2630.85,2954.5,2593.05,2959.35,2554.45,2965.85,2529.3
4-155,Uninfected,No_comment,Polygon,18,3069.5,2520.8,3070.7,2538.2,3080.05,2564.25,3094.3,2581.35,3123.95,2591.9,3142.65,2590.7,3167.45,2585.4,3187.8,2575.25,3202.6,2557.5,3213.55,2530.25,3215.05,2493.95,3204.4,2471.15,3185.35,2456.9,3156.5,2451.65,3117.85,2455.35,3092.25,2472.75,3079.25,2484.95,3070.7,2500
4-156,Uninfected,No_comment,Polygon,19,2826.85,2394.7,2826.05,2380.45,2830.9,2363.8,2841.9,2342.25,2861.4,2328.85,2891.9,2325.6,2914.65,2326.8,2936.6,2338.2,2949.2,2358.1,2956.95,2376,2961.4,2402.85,2957.35,2432.9,2940.65,2458.9,2917.9,2471.1,2880.1,2478.05,2861,2467.85,2845.55,2443.5,2837.8,2420.3,2831.7,2407.7
4-157,Uninfected,No_comment,Polygon,16,2714.65,2538.2,2716.7,2506.9,2722.35,2473.95,2740.25,2436.55,2759.75,2415.45,2787.4,2404.85,2810.6,2402.4,2831.3,2409.35,2848.05,2429.25,2860.2,2480.45,2854.5,2517.05,2835,2545.9,2793.5,2562.25,2765.45,2573.6,2736.2,2567.85,2724.4,2558.95
4-158,Uninfected,No_comment,Polygon,15,2695.55,2527.2,2678.05,2534.15,2654.1,2533.3,2625.6,2520.7,2610.6,2504.45,2595.95,2461.75,2604.1,2419.5,2633.75,2394.7,2663.45,2382.9,2717.1,2378.85,2737.4,2393.05,2748.4,2423.55,2739.05,2460.2,2724,2493.95,2703.65,2521.1
4-159,Uninfected,No_comment,Polygon,17,2554.05,2294.7,2549.6,2318.3,2552.85,2341.45,2565.45,2360.55,2588.2,2371.15,2609.35,2375.6,2638.65,2373.55,2662.6,2360.55,2674.4,2334.95,2682.55,2303.65,2669.5,2270.3,2657.75,2250.8,2644.3,2243.5,2623.6,2238.2,2588.2,2251.6,2570.6,2268.75,2563.25,2279.7
4-160,Uninfected,No_comment,Polygon,18,2427.2,2204.1,2412.95,2195.15,2398.7,2182.55,2392.2,2163.85,2388.15,2140.65,2395.45,2113.05,2409.7,2090.25,2430,2072.8,2456.1,2062.2,2481.3,2060.2,2507.7,2066.7,2524.35,2076.45,2532.1,2099.6,2529.25,2137.4,2516.2,2162.2,2492.15,2180.15,2473.05,2194.8,2448.7,2206.95
4-161,Uninfected,No_comment,Polygon,20,1534.25,2098.5,1536.4,2074.45,1546.05,2045.55,1566.35,2023.05,1582.4,2012.95,1611.8,2009.15,1643.35,2014.55,1668.5,2032.75,1683.5,2057.35,1695.25,2082.95,1692.55,2112.9,1688.3,2130.05,1673.3,2155.75,1656.75,2167.45,1625.7,2177.65,1602.2,2178.7,1574.4,2165.35,1559.4,2152.5,1548.2,2134.85,1542.3,2122.05
4-162,Uninfected,No_comment,Polygon,18,3575.35,2472.4,3577.9,2454.4,3585.45,2435.55,3603,2418.85,3622.25,2406.7,3650.25,2401.7,3680.85,2410,3702.55,2436,3718.45,2470.25,3716,2507.05,3702.15,2531.4,3683.3,2544.75,3658.2,2548.1,3632.65,2548.1,3608.8,2538.5,3593.8,2523.85,3579.1,2499.6,3575.75,2487.85
4-163,Uninfected,No_comment,Polygon,22,3424.05,2505.55,3423.05,2522.6,3424.7,2543.1,3436.85,2564.45,3456.1,2577,3481.2,2585.35,3508.4,2593.3,3536.85,2590.8,3557.75,2587.05,3576.15,2579.9,3590,2560.65,3599.2,2543.95,3598.8,2519.25,3589.2,2485.8,3573.65,2462.7,3550.25,2444.35,3521.35,2438.1,3486.65,2443.95,3475.75,2453.55,3457.05,2468.3,3442.8,2481.3,3430.7,2491.75
4-164,Uninfected,No_comment,Polygon,20,3446.05,2233.45,3440.15,2251.85,3442.7,2267.75,3451.9,2290.75,3466.95,2302.9,3486.2,2313.35,3513,2318.4,3544.35,2315.05,3569.9,2301.65,3595,2278.65,3606.3,2261.05,3610.45,2241,3615.05,2215.45,3606.3,2194.1,3595.4,2178.2,3585.35,2179.45,3544.3,2186.85,3514.65,2194.55,3484.1,2203.75,3466.55,2213.8
4-165,Uninfected,No_comment,Polygon,19,3618.4,2165.25,3625.55,2139.3,3648.95,2122.55,3682.85,2110,3706.7,2109.6,3728.9,2118.4,3743.1,2133.05,3753.55,2153.1,3762.35,2178.2,3765.3,2204.15,3758.6,2226.75,3746.85,2243.5,3725.55,2258.15,3695,2264.4,3663.2,2254.35,3642.25,2242.65,3630.95,2228.45,3623.45,2212.55,3620.1,2193.7
4-166,Uninfected,No_comment,Polygon,18,3267.8,2005,3248.1,2035.1,3246.45,2058.15,3252.3,2084.5,3266.5,2110.85,3292.05,2134.7,3314.2,2146,3334.3,2145.15,3357.75,2140.95,3379.9,2128.85,3397.05,2103.75,3404.2,2080.3,3408.8,2051.85,3396.25,2026.35,3367.35,2009.4,3336.4,1997.7,3301.25,1998.95,3283.25,2002.7
4-167,Uninfected,No_comment,Polygon,17,3330.95,2149.35,3321.75,2164.8,3315.05,2191.2,3312.95,2215.45,3319.65,2226.35,3343.1,2256.45,3376.55,2266.5,3408.8,2264.4,3435.55,2256.05,3462.75,2225.15,3472.8,2199.15,3468.2,2153.55,3457.3,2128.85,3428.05,2125.9,3397.9,2124.65,3367.35,2132.6,3343.5,2141.4
4-168,Uninfected,No_comment,Polygon,18,3412.15,2039.3,3415.9,2021.3,3425.5,1997.65,3448.1,1979.9,3467.75,1964.4,3504.2,1954.8,3527.6,1949.35,3552.7,1959.4,3570.3,1982,3574.45,1997.05,3569.85,2025.1,3557.75,2044.65,3526.75,2057.6,3489.55,2080.2,3465.7,2088.25,3441.4,2085.35,3430.95,2076.95,3420.1,2063.6
4-169,Uninfected,No_comment,Polygon,19,3623.4,1934.7,3616.75,1953.55,3615.05,1977.4,3619.65,2011.25,3641.85,2029.7,3674.9,2040.55,3704.6,2041,3728.45,2031.8,3746.85,2020.05,3758.55,1996.65,3765.25,1970.7,3769.45,1942.25,3771.1,1927.6,3763.6,1908.75,3745.2,1900,3721.35,1894.55,3683.25,1900,3656.5,1907.1,3638.5,1918.4
4-170,Uninfected,No_comment,Polygon,18,3760.95,2128.9,3760.05,2105.5,3766.85,2075.75,3775.45,2054.15,3793.45,2041.1,3825.9,2029.8,3856.45,2027.55,3883.5,2043.8,3903.75,2076.2,3900.6,2103.7,3876.3,2154.6,3871.4,2173.95,3852.4,2185.7,3833.05,2189.35,3808.7,2185.25,3789.85,2175.3,3777.7,2161.85,3769.1,2148.3
4-171,Uninfected,No_comment,Polygon,19,3760.3,1993.65,3769.1,2009.1,3783.95,2022.65,3807.8,2028.45,3833.5,2025.3,3867.8,2014.1,3884.9,1997.85,3896.1,1967.25,3901.95,1936.1,3895.25,1910.9,3887.6,1893.8,3878.55,1874.9,3869.6,1867.65,3833.05,1876.7,3802.85,1889.7,3765.25,1913.1,3757.15,1929.3,3753.55,1957.7,3754,1975.65
4-172,Uninfected,No_comment,Polygon,16,3870.95,2032.5,3870.5,2019.5,3872,2001.35,3886.9,1980.65,3910.1,1966.35,3940.75,1960.45,3969.1,1962.25,3996.1,1975.8,4014.65,1997.85,4020.45,2019.95,4006.05,2071.3,3989.4,2084.35,3958.3,2094.3,3913.75,2085.25,3898.75,2072.6,3880.8,2049.25
4-173,Uninfected,No_comment,Polygon,16,3885.4,1638,3877.85,1626.7,3871.75,1614.05,3876.95,1584,3887.75,1570.85,3915.9,1555.85,3944.05,1553,3975.05,1559.6,3990.55,1578.85,3994.75,1600.9,3991,1630.95,3981.65,1641.75,3962.85,1657.25,3934.2,1663.45,3904.65,1656.4,3892.4,1648.3
4-174,Uninfected,No_comment,Polygon,19,3863.3,1569.9,3853,1564.75,3840.3,1555.85,3827.15,1545.05,3822.95,1516.85,3820.6,1491.5,3833.1,1471.05,3862.85,1458.65,3893.35,1438.95,3914.95,1417.8,3937.95,1422.05,3968,1441.25,3980.2,1486.8,3970.35,1519.2,3960.95,1532.8,3945.5,1550.2,3918.25,1560.55,3896.65,1572.3,3871.3,1578.85
4-175,Uninfected,No_comment,Polygon,17,3926.7,1411.7,3947.8,1388.7,3971.75,1377.45,3993.35,1374.15,4021.55,1380.7,4037.95,1395.75,4052.5,1426.7,4050.65,1453.5,4043.15,1476.5,4016.85,1505.6,3989.6,1512.65,3969.85,1506.05,3952.95,1491.05,3925.7,1478.85,3917.75,1463.35,3914.9,1444.1,3921,1417.35
4-176,Uninfected,No_comment,Polygon,22,1472.45,1200.55,1472.45,1228,1476.55,1256.7,1485.3,1277.6,1502.85,1290,1527.45,1293.5,1560.75,1281.25,1573.05,1264.3,1585.9,1245.55,1600.55,1230.35,1618.05,1218.65,1628,1198.8,1633.25,1173.05,1630.95,1147.9,1618.65,1136.2,1606.35,1126.85,1578.3,1130.35,1552.55,1132.1,1526.85,1146.75,1507.55,1159.6,1493.05,1174.4,1484.3,1186.7
4-177,Uninfected,No_comment,Polygon,17,1570.1,1273.65,1567.2,1302.3,1574.8,1323.35,1587.1,1336.2,1601.7,1344.4,1632.1,1346.15,1669.55,1342.05,1688.25,1323.35,1697.6,1304.05,1702.3,1281.25,1694.1,1252.6,1682.4,1236.2,1663.1,1225.1,1629.75,1225.1,1608.15,1230.35,1589.35,1241.45,1576.5,1254.35
4-178,Uninfected,No_comment,Polygon,17,3828.2,783.55,3808.9,783.55,3787.1,783.5,3769.15,786.25,3752.6,793.15,3727.5,805.55,3717.85,819.35,3699.9,847,3717.85,888.4,3752.35,916,3789.6,921.5,3828.2,909.1,3851.65,886.95,3862.7,859.35,3865.45,833.25,3869.6,812.45,3855.8,790.45