209,5312,2988
3-1,White_Blood_Cell,No_comment,Polygon,28,2310,1497.2,2263.4,1520.5,2241.05,1546.75,2219.7,1591.45,2212.9,1647.7,2239.1,1688.55,2280.85,1742.9,2296.4,1755.55,2326.55,1759.4,2371.15,1736.1,2389.6,1726.35,2413.9,1719.6,2439.15,1715.7,2461.45,1700.15,2485.75,1690.5,2478.95,1673.95,2465.35,1649.65,2461.45,1615.7,2472.2,1572.95,2479.9,1564.2,2448.85,1555.5,2423.65,1530.25,2395.45,1512.8,2392.5,1484.65,2386.7,1486.55,2380.85,1515.65,2365.35,1509.85,2343.95,1501.15
3-2,White_Blood_Cell,No_comment,Polygon,22,1350.2,1784.5,1343.1,1831,1330,1838.9,1327.35,1859.95,1323.8,1893.25,1334.4,1916.9,1351.95,1937.95,1375.65,1956.4,1417.75,1973.05,1451.95,1970.45,1484.35,1958.15,1517.75,1943.3,1525.65,1929.2,1530.85,1897.6,1531.8,1871.3,1530.05,1801.1,1509.85,1771.3,1480.05,1759,1454.6,1762.5,1423,1766.9,1386.15,1767.75,1364.2,1772.15
3-3,Parasitized,No_comment,Polygon,20,1936.2,2400.65,1931.05,2384.15,1927.4,2357.85,1934.1,2335.7,1942.35,2322.3,1952.15,2314.05,1958.35,2299.1,1979.5,2290.35,1992.9,2283.65,2009.9,2280,2030.5,2286.2,2048.55,2296,2070.2,2314.05,2077.45,2342.9,2072.8,2376.95,2057.85,2403.25,2032.05,2423.35,1996.5,2434.15,1969.2,2430.05,1946.5,2413
3-4,Parasitized,No_comment,Polygon,28,1908.85,2262,1906.8,2249.1,1906.8,2241.35,1899.6,2226.4,1901.15,2216.1,1910.9,2209.9,1911.95,2195.5,1922.8,2184.65,1933.6,2176.9,1953.2,2169.2,1969.7,2163.5,1989.8,2153.2,2013.5,2155.8,2033.6,2168.65,2041.35,2181.05,2046.5,2194.95,2047,2214.55,2041.35,2233.65,2026.9,2242.4,2032.05,2247.05,2031.05,2259.4,2020.75,2269.7,2006.8,2279,1977.4,2288.25,1956.8,2289.8,1937.75,2280,1930,2275.4,1918.15,2271.25
3-5,Parasitized,No_comment,Polygon,29,1822.75,2146,1811.95,2134.65,1802.65,2110.95,1802.65,2099.6,1805.75,2085.15,1811.45,2072.3,1827.95,2064.05,1840.3,2060.95,1848.55,2050.6,1863.5,2052.7,1876.4,2055.25,1887.2,2048.05,1896.5,2048.55,1910.4,2056.8,1924.35,2071.75,1940.3,2076.9,1954.25,2092.4,1963.5,2109.4,1964.55,2119.7,1962.45,2137.25,1953.7,2160.45,1940.8,2170.75,1926.4,2173.85,1911.45,2175.9,1893.4,2175.4,1881.05,2164.55,1849.6,2149.1,1835.15,2150.65,1826.9,2151.65
3-6,Parasitized,No_comment,Polygon,19,1554.2,2407.35,1548.55,2380.05,1536.65,2353.2,1533.6,2340.35,1538.75,2323.85,1559.35,2304.25,1584.1,2288.8,1615.55,2286.7,1639.25,2294.45,1654.7,2304.75,1668.65,2321.8,1675.35,2344.45,1676.35,2363.55,1669.65,2396,1650.6,2414.55,1626.9,2427.95,1601.1,2432.1,1576.9,2425.4,1559.85,2417.65
3-7,Parasitized,No_comment,Polygon,20,1803.25,2472.8,1809.4,2487.75,1808.9,2507.35,1807.4,2519.2,1809.4,2541.9,1819.7,2553.25,1841.85,2571.3,1863.5,2574.9,1888.25,2566.65,1913.05,2535.2,1931.55,2506.35,1932.15,2471.25,1920.25,2449.1,1894.95,2428.5,1879.05,2423.35,1860.45,2422.8,1842.9,2429,1830.05,2438.8,1819.7,2451.7,1801.15,2464.05
3-8,Parasitized,No_comment,Polygon,21,1705.3,2454.8,1690.35,2433.15,1684.65,2417.65,1687.2,2406.3,1688.25,2393.95,1694.5,2384.15,1721.8,2360.45,1750.15,2355.3,1769.7,2364.05,1787.25,2359.95,1805.85,2364.05,1818.65,2368.7,1818.65,2380.55,1804.75,2393.95,1797.6,2409.95,1790.9,2431.05,1781.05,2447.05,1768.65,2455.3,1743.9,2460.45,1731.1,2460.95,1716.15,2458.9
3-9,Parasitized,No_comment,Polygon,27,1968.1,2784.4,1975,2764.2,1993.7,2749.4,2005.05,2732.15,2015.85,2727.75,2033.6,2728.7,2053.8,2723.8,2072.05,2730.2,2077.45,2745.95,2082.85,2756.8,2087.8,2766.65,2093.7,2778.45,2090.25,2795.2,2080.9,2812.45,2081.35,2821.85,2076,2830.2,2064.15,2835.15,2057.75,2844,2046.9,2846.45,2034.1,2844.5,2009.4,2845.45,1996.65,2843,1986.8,2836.1,1979.9,2826.25,1973,2818.4,1964.65,2809,1966.05,2794.75
3-10,Parasitized,No_comment,Polygon,17,2101.55,2762.7,2106.45,2753.85,2111.4,2746.95,2106.05,2726.25,2116.35,2708.5,2146.85,2698.15,2173.45,2696.7,2199.65,2701.6,2222.8,2712.95,2234.1,2746.95,2230.15,2789.8,2207.5,2819.85,2184.35,2840.55,2151.35,2834.15,2114.85,2820.85,2095.7,2797.7,2095.2,2779.95
3-11,Parasitized,No_comment,Polygon,22,2044.45,2719.35,2034.6,2700.65,2016.9,2690.3,2004.55,2667.15,2001.65,2647.45,2014.4,2622.8,2034.1,2599.15,2049.35,2587.35,2082.85,2575.5,2106,2575.5,2125.75,2584.4,2135.1,2596.2,2141,2611.95,2148.95,2637.6,2149.35,2660.75,2141.5,2676,2142.95,2694.75,2113.95,2708.5,2102.15,2725.75,2084.85,2726.25,2069.05,2723.8,2051.9,2722.3
3-12,Parasitized,No_comment,Polygon,23,2881.95,2745,2879.9,2729.2,2879.9,2716.9,2884.4,2709.55,2891.75,2705.55,2902.65,2698.65,2912.5,2684.4,2926.3,2673.5,2956.35,2671.6,2978,2678,2991.75,2692.25,3008.05,2714.4,3018.85,2738.1,3021.35,2765.2,3014.95,2785.4,3002.65,2802.15,2982.95,2816.4,2962.25,2818.9,2946,2813.5,2923.25,2807.5,2911.45,2804.55,2893.2,2790.75,2880.45,2754.85
3-13,Parasitized,No_comment,Polygon,18,2768.15,2798.2,2752.8,2788.35,2739,2761.75,2741,2739.05,2748.9,2724.25,2756.8,2706.6,2773.55,2686.8,2801.65,2676.95,2834.15,2678,2854.35,2685.85,2866.15,2704.05,2873,2731.7,2875,2758.75,2858.8,2788.85,2836.55,2802.6,2815.45,2805.1,2795.75,2809.5,2779.4,2809
3-14,Parasitized,No_comment,Polygon,17,2598.2,2681.45,2592.75,2669.65,2591.7,2643.45,2597.7,2620.3,2603.1,2604.6,2618.35,2593.2,2646.9,2583.85,2662.7,2582.45,2689.8,2591.75,2706,2606.5,2712.95,2631.2,2712.4,2659.3,2701.65,2683.4,2680.4,2697.65,2651.85,2704.05,2624.8,2702.1,2606.05,2691.3
3-15,Parasitized,No_comment,Polygon,22,2606.05,2585.4,2586.35,2586.85,2571.1,2580.45,2555.8,2570.1,2545.5,2536.1,2548.45,2514,2557.3,2489.8,2565.2,2474.55,2574.05,2461.25,2597.2,2445.05,2618.9,2439.05,2644.5,2440.55,2659.3,2454.85,2673.55,2472.55,2679.95,2495.3,2680.95,2518.4,2667.15,2542.55,2654.85,2555.85,2647.95,2569.2,2641.55,2579.45,2634.65,2584.9,2616.9,2583.4
3-16,Parasitized,No_comment,Polygon,22,2714.45,2434.65,2712,2420.35,2712,2397.2,2720.85,2378.95,2738.6,2364.2,2762.25,2353.85,2782.45,2354.35,2802.65,2359.25,2818.4,2369.65,2828.25,2379.45,2833.2,2379.45,2841.05,2383.9,2843.55,2394.8,2842.55,2398.25,2844.5,2411.55,2840.55,2443,2826.8,2459.25,2805.6,2469.6,2783.4,2476.5,2756.35,2478,2733.65,2466.15,2717.9,2446.45
3-17,Parasitized,No_comment,Polygon,21,3049.9,2340.05,3043,2334.15,3031.2,2338.55,3020.9,2328.2,3027.25,2294.7,3026.75,2272.55,3040.05,2252.85,3063.7,2237.55,3103.6,2231.15,3129.75,2237.55,3145.5,2246.95,3154.9,2262.7,3164.7,2279.45,3169.65,2302.1,3166.65,2322.3,3152.4,2342.5,3109.5,2361.2,3089.35,2362.7,3075.55,2366.65,3062.25,2355.3,3054.85,2347.45
3-18,Parasitized,No_comment,Polygon,34,3217.9,2219.35,3207.05,2229.2,3200.15,2233.15,3195.25,2247.9,3195.25,2263.7,3199.7,2272.05,3207.05,2277.95,3204.1,2288.8,3207.55,2296.7,3216.45,2300.15,3226.3,2304.1,3233.2,2310.5,3249.95,2315.9,3262.75,2316.9,3275.05,2315.4,3287.85,2316.4,3309.05,2312.45,3326.8,2305.55,3339.6,2293.75,3342.55,2284.35,3334.15,2271.05,3325.3,2263.7,3323.85,2255.3,3335.15,2248.4,3329.75,2237.55,3316.95,2226.25,3304.1,2219.85,3292.3,2224.25,3282.95,2212.95,3272.6,2204.05,3254.35,2205.05,3246.95,2207.5,3227.25,2210,3219.4,2213.9
3-19,Parasitized,No_comment,Polygon,26,2918.4,2285.35,2913.45,2273.55,2907.55,2258.75,2907.1,2245.95,2907.1,2236.1,2918.85,2215.9,2920.35,2203.6,2928.25,2191.75,2941.05,2180.9,2958.8,2175,2973.55,2178.45,2992.3,2184.85,3006.55,2196.2,3021.85,2209.5,3025.75,2222.3,3026.75,2239.55,3026.25,2252.85,3026.25,2260.25,3022.35,2269.6,3012.95,2278.95,3002.6,2287.8,2990.3,2297.65,2969.1,2299.65,2954.35,2291.25,2937.1,2292.75,2926.75,2292.75
3-20,Parasitized,No_comment,Polygon,22,3230.7,2446.45,3241.05,2453.85,3258.3,2460.7,3283.95,2460.7,3311,2447.9,3317.45,2436.6,3323.35,2418.35,3334.2,2402.1,3340.1,2377.45,3336.65,2364.65,3330.25,2358.75,3317.9,2351.85,3286.9,2335.6,3256.9,2331.65,3234.15,2342,3217.9,2355.3,3211.5,2367.6,3205.6,2386.35,3203.15,2410.45,3207.05,2422.8,3215.95,2431.65,3221.9,2437.1
3-21,Parasitized,No_comment,Polygon,32,3334.65,2562.2,3337.15,2551.85,3347.5,2543,3355.9,2534.15,3374.55,2527.7,3390.35,2530.2,3405.6,2533.65,3420.95,2535.6,3431.7,2535.1,3438.6,2542.5,3446.5,2559.25,3450.45,2574.5,3450.45,2595.2,3448.45,2609,3445,2622.3,3441.55,2633.65,3431.7,2652.85,3410.05,2661.25,3389.4,2666.65,3375.55,2667.15,3361.25,2657.8,3354.85,2652.35,3344.5,2653.35,3335.7,2649.9,3331.7,2640.55,3331.7,2625.75,3331.2,2620.35,3318.95,2611.95,3315.95,2599.65,3319.9,2588.8,3324.8,2577.95,3328.25,2568.1
3-22,Parasitized,No_comment,Polygon,22,3477.55,2106.5,3479.55,2098.15,3482.5,2088.75,3484.45,2075.95,3493.35,2063.15,3507.6,2049.8,3525.35,2044.45,3553.45,2044.45,3571.15,2051.35,3584,2060.2,3591.85,2077.95,3599.75,2094.2,3599.25,2116.85,3594.3,2136.05,3578.05,2150.35,3560.35,2163.6,3539.15,2165.6,3517,2160.2,3504.65,2148.85,3493.8,2136.05,3483,2123.75,3479.55,2117.35
3-23,Parasitized,No_comment,Polygon,29,3258.35,2040.5,3250.95,2034.1,3249,2024.25,3249.95,2007,3257.85,1991.7,3261.3,1978.9,3267.2,1972.5,3279.5,1971.5,3291.85,1967.6,3301.2,1972,3311.55,1973,3324.35,1965.1,3338.65,1964.6,3365.25,1970.55,3372.15,1979.4,3377.55,1985.8,3390.85,1990.25,3399.25,2004.05,3405.15,2019.8,3398.25,2035.05,3395.3,2048.35,3387.9,2062.15,3375.6,2075,3345.05,2083.85,3322.4,2084.85,3308.1,2081.85,3293.3,2072,3273.1,2059.7,3261.3,2049.35
3-24,Parasitized,No_comment,Polygon,27,3141.1,2134.6,3135.2,2113.9,3130.25,2093.2,3143.55,2064.65,3171.15,2051.35,3180,2046.9,3185.45,2041.95,3191.85,2037.05,3205.15,2037.55,3215.95,2043.45,3224.85,2041.95,3236.15,2041.95,3253.4,2051.35,3267.7,2059.2,3279.05,2071.55,3276.55,2082.85,3275.1,2097.15,3275.6,2108.95,3270.65,2126.2,3262.75,2140,3247,2151.85,3233.7,2155.75,3219.9,2162.65,3205.65,2165.6,3185.9,2164.65,3165.25,2157.25,3146.5,2143.95
3-25,Parasitized,No_comment,Polygon,26,3285.9,1955.75,3273.65,1951.85,3261.75,1939,3250.9,1925.7,3246.5,1901.1,3250.45,1880.4,3257.8,1863.15,3272.15,1848.85,3296.25,1838.55,3308.55,1832.6,3324.3,1834.1,3334.15,1839,3347.5,1841.5,3359.3,1846.9,3369.65,1855.3,3374.55,1862.65,3378,1871.55,3381,1894.2,3378.5,1914.9,3368.65,1933.1,3357.8,1944.45,3347,1951.35,3339.15,1957.75,3326.8,1958.75,3310.55,1955.75,3297.7,1952.8
3-26,Parasitized,No_comment,Polygon,22,3070.6,2086.3,3052.4,2079.45,3041.1,2073,3027.25,2054.3,3019.85,2019.35,3025.8,1998.15,3037.65,1979.9,3052.4,1964.15,3078,1951.85,3106.55,1948.9,3129.75,1959.2,3148.45,1974,3156.8,1997.65,3157.8,2017.85,3155.35,2028.7,3151.45,2042.5,3149.45,2054.3,3141.6,2061.7,3136.15,2070.55,3118.9,2079.45,3100.15,2085.85,3082.95,2087.3
3-27,Parasitized,No_comment,Polygon,24,3070.6,1905.5,3067.15,1892.2,3068.15,1881.9,3071.6,1871.55,3073.05,1862.15,3079.95,1857.25,3085.9,1852.8,3088.35,1843.45,3098.7,1838.55,3103.1,1831.15,3119.85,1825.2,3136.6,1825.2,3157.3,1831.15,3179.5,1843.95,3192.3,1859.2,3199.2,1887.3,3190.8,1913.9,3172.1,1925.25,3158.8,1936.05,3142.05,1942.95,3128.75,1944.95,3101.65,1942.95,3081.95,1933.1,3069.15,1913.4
3-28,Parasitized,No_comment,Polygon,22,3004.6,1780.35,3000.2,1764.6,2998.7,1737.95,3002.15,1719.7,3017.4,1704.95,3039.1,1690.2,3058.3,1682.75,3084.4,1685.3,3107.1,1693.1,3117.45,1709.45,3124.8,1724.2,3135.65,1737.95,3139.1,1760.1,3133.7,1773.95,3127.3,1783.8,3114.95,1794.15,3096.75,1802.55,3082.45,1809.9,3067.2,1814.85,3047,1813.85,3022.85,1804.5,3005.1,1789.75
3-29,Parasitized,No_comment,Polygon,22,2746.95,1938.95,2736.1,1920.3,2743.5,1902.5,2747.45,1886.3,2756.3,1875.4,2782.45,1864.6,2798.2,1864.1,2817.4,1866.1,2831.2,1867,2847.45,1877.9,2860.25,1893.2,2874.05,1911.4,2880.45,1928.65,2883.45,1946.9,2880.95,1962.6,2868.65,1979.35,2852.9,1992.2,2820.35,1996.65,2793.75,1996.1,2782.45,1989.2,2766.65,1972.45,2758.3,1956.25
3-30,Parasitized,No_comment,Polygon,24,2627.75,1957.65,2633.65,1944.4,2649.9,1924.7,2664.7,1914.85,2684.4,1907.4,2698.2,1904.5,2715.95,1907.4,2734.65,1913.9,2737.6,1918.75,2739.55,1926.65,2748.4,1942.8,2754.85,1959.2,2755.85,1972,2754.85,1984.3,2749.45,1997.15,2737.1,2010.45,2728.75,2014.4,2722.35,2020.3,2704.6,2028.65,2684.4,2029.6,2658.3,2023.25,2637.1,2007.5,2630.7,1996.1,2627.25,1971
3-31,Parasitized,No_comment,Polygon,28,2463.2,1978.4,2451.4,1969.55,2445.45,1958.7,2449.9,1950.35,2452.35,1944.4,2449.9,1933.6,2444.95,1924.7,2446.45,1915.8,2459.75,1904.5,2469.1,1897.6,2475.5,1889.25,2484.4,1883.35,2495.7,1882.85,2510.5,1874.95,2531.2,1870.05,2549.4,1874.45,2565.2,1888.75,2575.5,1907.4,2581.45,1925.2,2579.95,1944.4,2573.05,1960.7,2562.2,1976.95,2534.15,1993.7,2512.95,1997.65,2495.7,1997.65,2481.9,1991.7,2478.45,1984.8,2469.1,1981.35
3-32,Parasitized,No_comment,Polygon,33,2522.3,1862.65,2518.85,1854.25,2503.1,1840.45,2494.25,1820.25,2493.25,1801.05,2493.25,1784.3,2491.75,1773,2500.65,1766.1,2503.1,1754.75,2512.45,1745.9,2529.7,1743.9,2545.45,1740.45,2555.3,1737.5,2566.65,1744.9,2573.05,1754.75,2594.25,1767.05,2616.9,1782.85,2633.65,1801.05,2640.55,1814.85,2645,1824.2,2652.35,1830.6,2655.8,1840,2662.25,1852.8,2677.5,1863.65,2692.3,1871.5,2687.35,1877.35,2666.15,1885.75,2633.65,1891.2,2593.75,1893.7,2573.55,1894.65,2561.75,1882.85,2543.95,1872.5,2521.35,1868.55
3-33,Parasitized,No_comment,Polygon,27,2481.9,1675.95,2489.8,1676.9,2497.65,1686.3,2513.9,1688.75,2522.3,1680.35,2535.1,1682.85,2548.9,1678.9,2559.25,1673.95,2567.6,1666.6,2578.95,1656.25,2585.35,1644.4,2591.25,1617.8,2588.3,1587.25,2581.4,1568.55,2561.7,1557.2,2546.45,1549.8,2527.2,1545.9,2503.1,1551.8,2493.25,1563.6,2474,1573.45,2468.6,1582.85,2465.65,1600.05,2464.15,1616.8,2464.15,1630.1,2469.6,1644.9,2475,1659.2,2478.95,1668.55
3-34,Parasitized,No_comment,Polygon,21,2576,1530.1,2578.45,1508.95,2581.4,1491.7,2588.3,1474.45,2601.6,1464.6,2619.35,1455.25,2636.6,1447.35,2651.85,1442.9,2672.55,1444.9,2690.3,1454.25,2702.6,1471.5,2710.5,1491.7,2710,1511.9,2704.1,1535.05,2695.7,1552.3,2677.45,1566.55,2650.85,1577.9,2631.65,1578.4,2611.95,1573.45,2584.35,1558.2,2578.95,1544.4
3-35,Parasitized,No_comment,Polygon,28,2973.1,1476.95,2956.35,1468.1,2948.95,1455.25,2941.55,1438.5,2941.05,1424.7,2936.65,1406.05,2943.05,1396.65,2950.9,1384.8,2957.8,1374.45,2974.55,1358.75,2990.85,1351.3,3012.5,1350.85,3030.75,1353.85,3040.6,1354.25,3054.4,1367.15,3064.25,1387.75,3072.1,1406.5,3079,1416.85,3084.9,1425.2,3081,1436.1,3075.55,1441.95,3070.65,1454.75,3055.85,1470.05,3037.65,1479.9,3031.25,1489.75,3014,1488.25,3000.7,1486.8,2985.4,1483.35
3-36,Parasitized,No_comment,Polygon,21,2803.15,1348.9,2802.15,1357.3,2801.15,1368.6,2806.1,1399.15,2813.95,1419.8,2829.75,1438,2851.9,1453.3,2876.55,1452.85,2896.25,1446.4,2913,1435.05,2918.4,1420.85,2929.25,1414.4,2937.2,1403.6,2934.65,1374.95,2925.8,1356.75,2918.9,1342.95,2899.2,1330.7,2879.5,1325.25,2850.45,1331.6,2831.2,1340,2815.45,1346.4
3-37,Parasitized,No_comment,Polygon,27,3109.05,1468.55,3119.9,1454.75,3129.75,1445.4,3156.85,1442.5,3176.05,1441.45,3194.8,1441.95,3216.45,1448.35,3227.8,1457.25,3237.15,1472,3244.55,1488.75,3247.5,1509.5,3245.05,1524.3,3233.7,1541.95,3221.4,1553.8,3199.2,1562.15,3195.75,1568.55,3188.85,1573.5,3178.55,1569.05,3164.25,1574.55,3148.95,1571.6,3142.55,1560.2,3117.45,1548.4,3109.55,1536.6,3109.55,1520.8,3108.1,1507,3104.65,1492.75,3106.6,1477.5
3-38,Parasitized,No_comment,Polygon,24,3242.05,1478.8,3243.55,1457.7,3247,1439.45,3253.35,1423.15,3270.1,1409.85,3281.9,1404,3306.55,1401.45,3323.85,1404,3334.65,1407.95,3344.55,1408.9,3353.85,1419.75,3358.75,1430.05,3369.15,1438.4,3369.65,1446.8,3365.15,1453.7,3368.6,1471.5,3366.2,1492.1,3352.9,1509.4,3336.15,1524.15,3314.9,1527.65,3294.7,1524.15,3272.6,1515.3,3255.35,1498.55,3244.95,1481.35
3-39,Parasitized,No_comment,Polygon,20,3855.4,1163.1,3863.25,1143.4,3877.05,1120.75,3896.75,1106.95,3922.4,1103,3946.5,1107.95,3976.55,1124.7,3987.9,1148.35,3989.4,1184.8,3982.5,1202.05,3973.6,1208.95,3966.25,1220.25,3955.9,1226.2,3947.5,1234.05,3937.15,1235.05,3922.85,1229.65,3898.75,1227.65,3875.1,1212.9,3859.8,1191.7,3854.9,1173.95
3-40,Parasitized,No_comment,Polygon,24,3642.55,1246.4,3636.15,1257.7,3632.2,1273,3632.2,1289.25,3640.1,1309.95,3656.35,1330.6,3679.5,1340.45,3707.1,1342.95,3730.75,1336.55,3747.5,1327.65,3762.25,1318.3,3770.15,1310.4,3772.6,1293.2,3780,1278.4,3777.55,1257.2,3768.7,1236.5,3758.35,1220.75,3734.2,1210.9,3711.05,1208.95,3689.85,1211.4,3673.1,1214.85,3656.85,1220.25,3647.5,1230.6,3647,1236.05
3-41,Parasitized,No_comment,Polygon,27,3161.8,886.25,3158.8,874.4,3158.8,865.05,3160.8,857.65,3162.25,845.85,3171.15,834.5,3179.5,821.2,3189.35,812.35,3212.5,805.95,3226.8,801.5,3253.9,804.95,3269.65,813.8,3286.9,828.1,3299.25,842.4,3302.2,858.65,3303.15,881.8,3291.35,910.85,3287.4,920.2,3279.05,929.6,3260.8,941.4,3232.25,948.3,3215,944.85,3200.2,936.95,3181,926.65,3177.05,918.25,3172.1,902.5,3168.7,897.55
3-42,Parasitized,No_comment,Polygon,26,2939.6,886.25,2938.1,897.05,2941.55,911.85,2947.5,925.15,2959.8,936,2966.7,942.4,2972.6,951.75,2988.35,957.65,3004.65,963.55,3016.45,967,3036.65,964.05,3052.9,956.7,3066.7,939.95,3073.1,924.15,3071.65,888.2,3065.7,875.4,3055.85,857.15,3043.05,839.9,3025.3,830.55,3003.15,825.15,2989.85,829.6,2977.05,836,2957.8,847.8,2948.45,856.2,2942.05,867,2940.1,875.4
3-43,Parasitized,No_comment,Polygon,20,3416.45,347.8,3403.65,350.25,3399.7,358.65,3391.8,366.5,3385.4,369.45,3379.5,371.95,3373.55,381.8,3362.75,392.15,3358.8,405.45,3363.25,418.25,3372.1,430.55,3380.95,444.85,3411,456.65,3425.3,455.2,3437.6,449.3,3454.35,442.9,3477.5,439.9,3497.7,435.5,3508.55,428.6,3511,415.3
3-44,Parasitized,No_comment,Polygon,25,3140.05,630.1,3126.75,631.05,3106.55,628.6,3089.3,620.25,3070.6,600.5,3060.25,582.8,3056.8,565.05,3058.3,549.8,3061.25,536,3066.15,515.8,3076.5,503,3092.75,495.1,3116.9,483.75,3131.7,480.3,3157.3,484.75,3172.6,497.05,3181.45,509.4,3185.4,521.7,3194.25,536.95,3203.6,552.75,3202.65,568,3198.2,588.7,3184.4,602,3167.65,614.8,3153.85,623.7
3-45,Parasitized,No_comment,Polygon,26,2633.65,414.8,2631.65,407.4,2628.2,392.6,2630.7,378.8,2636.1,360.6,2650.4,346.8,2666.65,333,2678.95,327.1,2696.7,323.15,2709.55,322.15,2720.35,320.2,2730.7,321.15,2736.6,337.9,2742.5,350.25,2750.9,368.45,2750.9,381.75,2752.35,405.9,2759.8,429.55,2753.85,441.4,2732.65,456.15,2713.95,465.05,2680.95,465.05,2662.2,457.15,2656.3,445.8,2643.5,436.45,2636.6,427.6
3-46,Parasitized,No_comment,Polygon,26,2546.95,408.85,2533.65,401,2518.9,395.05,2512.95,383.75,2506.05,363.55,2500.6,345.8,2498.7,330.55,2500.15,313.8,2504.55,292.6,2519.35,283.25,2532.2,279.3,2538.05,270.45,2548.4,265,2569.15,267.95,2585.9,273.4,2601.1,287.65,2611.95,310.35,2619.35,341.85,2614.9,361.55,2611.45,372.4,2610.5,383.75,2608.5,390.15,2598.65,394.6,2582.9,400,2567.6,405.9,2550.85,410.85
3-47,Parasitized,No_comment,Polygon,21,2391.75,273.4,2383.85,263.05,2378.45,243.35,2376,217.25,2384.35,194.05,2398.2,178.3,2428.25,167.45,2450.35,165,2471.55,170.9,2494.7,186.7,2509,213.8,2512.45,236.95,2510,252.7,2501.6,269.45,2488.8,281.75,2468.1,293.1,2443,294.1,2420.3,288.65,2413.9,295.55,2405.1,294.55,2397.65,288.15
3-48,Parasitized,No_comment,Polygon,26,2216.9,264.5,2215.9,254.15,2215.9,246.3,2216.4,235.45,2221.3,230.05,2227.25,211.3,2238.05,196.55,2247.45,188.65,2254.3,186.7,2265.15,182.75,2275.5,178.8,2295.7,176.85,2306.05,178.3,2313.45,188.15,2323.3,194.05,2334.15,196.55,2344.95,211.3,2351.35,237.4,2350.9,255.15,2343,272.9,2329.7,291.1,2310.5,298,2280.95,300,2262.2,292.1,2243.5,283.25,2228.7,278.8
3-49,Parasitized,No_comment,Polygon,25,2114.4,382.75,2103.6,374.85,2099.65,360.1,2099.65,346.8,2092.75,332,2096.7,318.7,2110,309.35,2118.35,297.55,2131.15,287.2,2150.85,286.2,2165.15,289.15,2177.45,286.7,2191.25,296.05,2201.6,305.9,2212.95,318.2,2217.85,328.05,2219.35,345.3,2221.8,361.55,2218.35,378.3,2206.55,389.15,2186.35,401.45,2167.15,408.35,2144.95,407.4,2129.2,401,2120.3,392.1
3-50,Parasitized,No_comment,Polygon,26,2540,574.9,2535.05,582.3,2519.35,591.65,2508.45,621.7,2508.45,646.85,2519.35,673.95,2533.1,691.15,2549.4,699.05,2562.2,700.55,2574.55,701.5,2591.3,700.55,2604.6,693.15,2618.8,685.25,2625.2,676.9,2633.15,660.15,2640.05,638.95,2640.5,625.15,2635.1,608.9,2627.2,599.05,2612.45,585.25,2602.6,571.45,2594.25,561.1,2587.85,551.75,2574.55,548.35,2559.25,554.7,2548.35,565.55
3-51,Parasitized,No_comment,Polygon,22,2386.85,579.35,2379.4,572.95,2366.65,550.25,2363.2,537.45,2360.65,526.65,2359.2,513.35,2364.65,499.05,2373.55,485.25,2382.85,473,2396.15,466.05,2415.4,460.6,2434.55,460.6,2454.75,470.45,2471.5,483.25,2487.35,503.45,2491.2,528.1,2487.8,549.8,2477.5,571.45,2455.3,586.25,2442,594.1,2413.45,594.1,2399.15,587.2
3-52,Parasitized,No_comment,Polygon,24,2210.4,661.1,2199.15,647.3,2192.25,631.55,2195.15,617.25,2206.5,605.95,2210.95,591.65,2213.85,584.75,2222.8,575.9,2229.7,566.55,2247.35,562.1,2261.7,560.15,2280.35,560.6,2300.15,569.5,2311.95,583.3,2325.25,596.1,2328.7,609.9,2333.15,632.55,2333.65,651.75,2328.2,665.55,2305.5,684.25,2284.35,689.2,2254.8,689.7,2234.1,682.3,2223.7,673.45
3-53,Parasitized,No_comment,Polygon,25,2419.3,979.3,2403.1,962.55,2394.2,942.85,2394.75,923.1,2399.1,908.3,2405.05,898,2413.4,888.65,2420.8,882.25,2426.7,868.95,2443.45,863,2458.7,857.15,2493.25,857.15,2508.5,868.95,2521.85,882.75,2525.7,898.5,2525.25,917.25,2514.95,930,2513.9,936.95,2511.95,948.75,2503.55,957.15,2496.7,968.4,2485.35,970.95,2462.15,971.4,2453.35,981.3,2441.55,985.7
3-54,Parasitized,No_comment,Polygon,23,2853.8,1247.35,2842.95,1242.95,2834.6,1229.1,2824.75,1212.35,2823.75,1189.75,2830.65,1176.9,2838.05,1165.05,2843.95,1143.4,2853.8,1129.15,2869.55,1121.7,2896.15,1118.25,2915.85,1120.25,2934.1,1128.15,2948.85,1146.85,2959.2,1172.45,2954.3,1194.15,2945.9,1216.85,2934.6,1231.15,2913.9,1253.3,2897.65,1258.65,2884.35,1258.65,2870.55,1255.25,2857.25,1253.3
3-55,Parasitized,No_comment,Polygon,18,2692.7,1236,2677.9,1230.15,2662.15,1219.8,2651.8,1206.5,2640,1180.35,2638,1149.35,2653.8,1126.2,2671.05,1115.3,2696.15,1109.9,2718.3,1116.8,2735.55,1131.6,2751.35,1146.4,2765.6,1160.65,2766.6,1181.4,2760.2,1201.6,2749.35,1217.85,2736.05,1231.65,2715.35,1235.5
3-56,Parasitized,No_comment,Polygon,22,2432.6,1268,2418.3,1262.1,2395.15,1253.2,2377.9,1231,2371.5,1206.9,2374.45,1185.65,2379.4,1170.95,2381.85,1156.15,2382.85,1148.3,2393.7,1146.3,2407.95,1138.85,2424.7,1130.5,2440.5,1126.6,2467.55,1131.05,2488.25,1143.35,2504.05,1167,2503.05,1202.4,2497.15,1221.2,2484.3,1233.95,2481.35,1244.3,2467.55,1256.65,2448.35,1267.45
3-57,Parasitized,No_comment,Polygon,23,2129.15,1396.55,2125.2,1377.35,2133.55,1344.85,2148.35,1329.5,2166.1,1316.2,2168.55,1308.4,2177.9,1302.95,2186.3,1305.45,2202.05,1306.9,2227.15,1315.75,2246.85,1327.55,2263.15,1343.35,2278.9,1353.2,2273,1364.05,2270.5,1374.35,2260.6,1395,2248.85,1400.4,2246.4,1413.15,2238.5,1425.15,2220.75,1441.9,2180.35,1442.4,2147.85,1429.1,2133.1,1406.35
3-58,Parasitized,No_comment,Polygon,25,1994.15,1372.85,1996.6,1360.1,1999.1,1349.25,2005.5,1343.35,2010.4,1335.5,2020.25,1320.2,2031.1,1315.3,2054.75,1315.3,2074.95,1314.8,2089.25,1321.15,2099.1,1329.05,2111.4,1343.85,2115.35,1355.2,2117.8,1378.35,2121.75,1401.45,2118.3,1419.65,2107.45,1432.95,2095.65,1440.4,2073.95,1441.9,2051.8,1439.4,2033.05,1430.55,2019.75,1421.15,2001.05,1411.3,1991.7,1394.1,1990.7,1380.8
3-59,Parasitized,No_comment,Polygon,24,1923.7,1452.3,1920.75,1471,1925.7,1489.2,1933.55,1504.5,1949.35,1511.95,1971,1519.75,1991.7,1521.25,2008.95,1517.8,2026.2,1505,2037.5,1492.65,2039.5,1477.4,2042.45,1456.2,2043.9,1439.95,2036.5,1430.45,2017.25,1421.1,2000.55,1412.85,1991.2,1407,1978.4,1405.5,1970.5,1398.1,1959.65,1394.15,1946.35,1400.1,1934.05,1407.95,1929.15,1426.7,1927.15,1440.95
3-60,Parasitized,No_comment,Polygon,25,1772,1195.1,1770.5,1174.95,1774.95,1150.3,1786.75,1134.6,1802.05,1121.7,1821.75,1112.35,1836.5,1108.9,1848.35,1106.5,1862.6,1104.55,1877.9,1110.4,1893.15,1114.85,1904.5,1124.25,1915.35,1135,1921.25,1146.85,1924.7,1159.7,1927.15,1175.95,1924.2,1194.15,1912.85,1211.45,1897.1,1226.2,1872.95,1238.5,1851.8,1247.9,1822.25,1244.4,1801.55,1235.5,1782.8,1221.3,1776.4,1207.45
3-61,Parasitized,No_comment,Polygon,21,1582.15,1407.15,1569.9,1395.9,1565.25,1369.9,1562.75,1353,1577.55,1334.7,1590.75,1322.45,1600,1310.2,1615.25,1303.55,1629.05,1302.05,1651.05,1298.95,1670.35,1301.5,1689.25,1316.75,1708.1,1338.25,1712.7,1366.75,1711.25,1393.85,1697.9,1409.7,1679.6,1423.45,1653.6,1433.65,1627.05,1434.15,1596.9,1422.45,1589.8,1412.25
3-62,Parasitized,No_comment,Polygon,23,1282.65,1494.9,1269.35,1479.05,1266.8,1452.05,1268.9,1429.6,1275.95,1415.8,1289.3,1406.1,1312.75,1395.9,1336.75,1389.2,1359.65,1387.75,1378.55,1392.35,1391.8,1396.95,1405.1,1402.55,1409.2,1413.75,1414.25,1430.6,1414.25,1451.5,1406.65,1469.9,1403.55,1481.1,1397.45,1493.35,1388.2,1498.95,1369.9,1509.1,1349.45,1516.85,1319.35,1513.25,1293.9,1506.6
3-63,Parasitized,No_comment,Polygon,18,1604.95,932.25,1607.6,918.8,1616.2,900,1631.8,883.35,1654.95,871.5,1677.5,868.8,1697.45,870.95,1719.5,886.55,1737.2,901.6,1747.4,924.2,1746.35,949.45,1731.8,975.8,1716.2,994.1,1680.25,1002.15,1651.75,996.8,1624.3,984.4,1611.4,966.65,1606.55,943.55
3-64,Parasitized,No_comment,Polygon,18,1366.75,1091.95,1350.6,1069.9,1349.05,1043,1358.15,1024.75,1371.6,1009.15,1387.7,1000.55,1417.3,999.45,1443.1,1001.6,1468.9,1005.9,1488.3,1016.15,1494.75,1029.6,1495.25,1052.7,1490.95,1076.35,1476.95,1098.95,1458.15,1114.55,1429.1,1118.85,1404.9,1114.55,1375.35,1102.7
3-65,Parasitized,No_comment,Polygon,19,1389.85,997.85,1372.1,983.35,1361.95,968.8,1358.7,952.15,1364.1,927.4,1375.35,908.6,1403.35,892.5,1430.2,883.85,1451.7,884.4,1471.1,893.55,1492,903.25,1507.05,922.6,1515.65,937.1,1513.5,968.8,1503.3,990.35,1482.9,1004.3,1463.5,1003.75,1430.7,1001.6,1396.9,996.8
3-66,Parasitized,No_comment,Polygon,18,1462.45,853.75,1458.15,826.9,1463,807.5,1473.25,788.7,1492,774.75,1513.5,767.2,1543.65,774.2,1575.4,787.65,1600.65,802.15,1607.1,822.05,1609.25,848.95,1598.5,875.25,1580.2,898.4,1558.7,910.75,1536.65,910.2,1513.5,902.7,1495.25,887.65,1467.8,864
3-67,Parasitized,No_comment,Polygon,18,1667.35,680.45,1664,664.85,1666.9,646.3,1674.65,626.8,1695.2,614.6,1718.55,607.75,1736.2,607.3,1762.05,613.15,1778.15,626.8,1791.75,642.4,1797.15,668.25,1798.55,687.3,1792.7,705.35,1774.65,721.45,1752.7,729.75,1722.45,733.15,1690.75,720.95,1671.75,691.2
3-68,Parasitized,No_comment,Polygon,24,3915.8,1671.25,3903.95,1661.35,3894.05,1643.05,3889.6,1627.2,3887.6,1612.85,3890.05,1598.5,3899.95,1587.6,3913.85,1574.25,3926.2,1563.85,3946,1556.9,3967.3,1556.9,3989.1,1562.35,4003.95,1569.75,4018.3,1588.1,4030.65,1610.85,4033.15,1635.1,4024.25,1650.45,4011.35,1663.85,4005.9,1672.75,3997,1681.15,3985.1,1684.6,3972.25,1681.65,3951.45,1682.15,3926.2,1680.65
3-69,Parasitized,No_comment,Polygon,19,1659.7,1860.25,1636.5,1856.9,1617.15,1849.2,1593.95,1832.05,1583.45,1800.55,1585.1,1775.15,1593.4,1749.75,1621.55,1730.95,1650.3,1722.65,1672.95,1720.45,1693.95,1723.75,1719.35,1739.25,1736.5,1765.75,1737.6,1786.75,1730.95,1810.5,1722.65,1823.75,1711.05,1838.7,1692.85,1851.95,1677.9,1858
3-70,Parasitized,No_comment,Polygon,15,1200,2038.1,1205.55,2007.15,1221.55,1989.5,1253.05,1982.3,1278.45,1981.75,1301.1,1993.9,1316.6,2012.15,1324.85,2030.95,1334.25,2051.95,1349.75,2083.95,1353.05,2108.3,1338.7,2136.45,1321,2158.55,1279,2175.15,1257.45,2174.05
3-71,Parasitized,No_comment,Polygon,24,1910.45,2048.6,1902.75,2032.6,1899.4,2011.05,1903.3,2001.65,1911,1992.8,1917.65,1981.75,1923.2,1971.25,1939.15,1958.55,1955.75,1949.7,1976.25,1946.4,1996.15,1952.5,2028.7,1978.45,2036.45,1995,2040.35,2013.25,2037.55,2029.25,2029.3,2053.6,2019.9,2074.6,2011,2086.75,1994.95,2093.35,1974.6,2090.05,1954.15,2076.8,1940.9,2069.05,1929.3,2066.3,1915.45,2058.55
3-72,Parasitized,No_comment,Polygon,23,2187.8,2074,2176.75,2059.65,2175.15,2039.2,2175.7,2021,2185.1,2000.55,2195.6,1983.95,2204.9,1973.45,2218.8,1961.85,2232,1954.7,2249.65,1950.8,2267.95,1960.2,2287.25,1969.6,2304.35,1988.4,2309.9,2004.4,2308.85,2018.2,2308.85,2033.15,2306.05,2050.25,2295,2070.15,2274.6,2084.5,2254.65,2097.25,2237.5,2101.65,2218.25,2099.45,2198.3,2087.3
3-73,Parasitized,No_comment,Polygon,26,2078.45,2228.7,2070.15,2215.45,2065.7,2203.85,2074.6,2185.65,2098.3,2160.75,2108.3,2151.95,2127,2144.2,2138.6,2140.9,2154.1,2142.55,2166.25,2146.95,2177.9,2153.05,2186.2,2154.15,2196.15,2165.2,2205.45,2182.85,2209.35,2197.25,2207.75,2209.95,2196.7,2229.25,2195,2236.45,2197.25,2248.05,2187.8,2260.2,2175.7,2267.4,2155.2,2269.6,2132.55,2275.15,2111.6,2273.45,2093.85,2265.2,2082.8,2241.45
3-74,White_Blood_Cell,No_comment,Polygon,21,3387.6,477.75,3361,531.95,3346.1,563.85,3336.55,596.85,3346.1,633.05,3367.4,669.2,3398.25,689.4,3438.7,699.05,3482.25,701.1,3504.65,691.6,3521.65,677.7,3553.6,652.25,3571.65,620.25,3580.2,581.95,3570.6,535.2,3562.1,504.35,3544,479.8,3519.55,454.35,3471.65,443.7,3420.6,462.85,3400.35,462.85
3-75,Uninfected,No_comment,Polygon,18,2825.6,1836.45,2821.5,1816.45,2824.7,1791.9,2837.4,1766.5,2859.7,1745.55,2881.5,1739.15,2906.05,1744.6,2926.05,1758.3,2937,1770.55,2947,1794.6,2949.7,1823.7,2933.35,1866.9,2914.25,1885.1,2891.5,1891,2869.25,1890.6,2856.05,1881.45,2844.7,1866.9,2833.8,1852.35
3-76,Uninfected,No_comment,Polygon,18,2950.15,1808.3,2962.9,1800.55,2979.25,1791.45,2996.5,1786.9,3013.2,1790.8,3030.9,1800.35,3047.3,1813.95,3058.35,1838.7,3061.55,1861.45,3053.35,1876.45,3038.8,1895.6,3019.25,1909.65,2995.6,1917.85,2970.15,1914.65,2955.15,1907.4,2944.25,1888.7,2927.4,1861.45,2930.55,1829.65
3-77,Uninfected,No_comment,Polygon,20,3101.9,1621.55,3104.1,1607.95,3123.4,1593.5,3142.7,1581.65,3166.8,1581.2,3183.9,1583.85,3202.35,1593,3218.55,1602.65,3229.95,1618.9,3237,1646.15,3234.8,1667.6,3223.85,1688.2,3203.2,1701.4,3184.35,1704.45,3166.8,1698.75,3147.95,1691.75,3132.15,1692.15,3112.85,1689.1,3099.7,1671.15,3093.55,1656.2
3-78,Uninfected,No_comment,Polygon,19,2974.7,1653.15,2967.25,1635.6,2963.3,1606.6,2971.2,1570.65,2990.9,1555.8,3001.45,1548.3,3023.8,1542.6,3048.8,1538.65,3069,1543.5,3084.35,1558.35,3095.3,1574.6,3104.95,1597.45,3105.4,1629,3088.3,1655.8,3075.55,1673.35,3047.95,1683.85,3029.95,1689.1,3008.05,1678.15,2987.4,1671.15
3-79,Uninfected,No_comment,Polygon,18,3300.6,1607.95,3315.5,1591.3,3333.9,1582.95,3361.1,1580.3,3380.4,1587.8,3401.9,1604.4,3407.6,1618,3415.95,1634.25,3416.4,1666.75,3405.85,1692.15,3391.8,1710.15,3351.9,1713.2,3326,1710.55,3310.65,1702.3,3300.15,1691.25,3293.55,1671.95,3289.6,1652.65,3290.95,1639.05
3-80,Uninfected,No_comment,Polygon,15,3295.35,1825.5,3282.15,1814.1,3273.85,1789.95,3273.85,1761,3286.55,1733.4,3319.45,1714.95,3349.75,1713.65,3383.95,1716.7,3405.4,1741.3,3414.65,1774.15,3405.85,1810.6,3386.55,1829.9,3365.5,1836.9,3328.25,1833.4,3313.95,1832.5
3-81,Uninfected,No_comment,Polygon,19,2863.2,1700.15,2854.05,1684.3,2848.8,1663.25,2849.65,1641.75,2862.8,1624.25,2875.1,1612.8,2883.85,1601,2894.8,1594.4,2905.8,1593.95,2926.4,1600.5,2936.5,1602.7,2944.4,1603.15,2953.2,1611.45,2962.85,1628.6,2974.65,1663.25,2978.2,1694.35,2947.45,1722.9,2912.4,1729,2888.7,1722
3-82,Uninfected,No_comment,Polygon,17,2692.2,1652.25,2691.35,1633.85,2696.15,1607.05,2705.8,1586.9,2727.3,1572.85,2748.8,1562.75,2772.05,1564.95,2802.75,1578.1,2823.35,1597.4,2830.35,1622.85,2829.05,1645.65,2820.3,1672,2808.45,1693.5,2769.4,1707.95,2736.05,1701.35,2717.2,1692.6,2703.6,1679.45
3-83,Uninfected,No_comment,Polygon,19,2532.55,1733.85,2537.4,1717.15,2533.45,1696.55,2542.65,1683.85,2564.55,1672,2575.75,1653.2,2585.4,1644.4,2614.55,1637.75,2644.4,1643.5,2660.2,1653.15,2674.25,1668.5,2683.9,1689.95,2690.45,1710.15,2677.3,1747,2655.35,1771.1,2628.6,1779.9,2593.3,1772.35,2556.05,1750.4,2540,1739.1
3-84,Uninfected,No_comment,Polygon,15,2655.4,1819.8,2656.7,1806.2,2669.85,1784.7,2688.3,1773.3,2722.95,1775.95,2745.3,1786.9,2757.2,1797.45,2763.3,1815.4,2766.35,1830.35,2763.3,1854.45,2737,1879,2711.1,1888.2,2679.75,1879.75,2666.6,1860.95,2654.3,1840.3
3-85,Uninfected,No_comment,Polygon,15,2905.85,2003.55,2895.3,1990.85,2893.15,1965.85,2896.65,1943.5,2908.9,1926.35,2938.35,1913.65,2973,1912.65,2999.25,1924.2,3015.5,1940.85,3027.35,1975.05,3028.05,1999.45,3008.55,2034.7,2975.15,2045.25,2935.65,2036.45,2919.45,2019.8
3-86,Uninfected,No_comment,Polygon,16,2873.4,2103.55,2871.2,2079.9,2883.9,2055.75,2908.05,2039.55,2941.8,2030.7,2984.8,2041.25,3004.95,2054,3021.25,2081.2,3029.1,2104.45,3022.05,2137.35,3008.9,2160.6,2974.7,2172.85,2940.5,2175.05,2908.05,2164.1,2892.7,2145.7,2879.95,2127.7
3-87,Uninfected,No_comment,Polygon,18,2772.9,2219,2762.4,2200.1,2758.85,2180.4,2764.15,2154.1,2776.85,2130,2795.3,2115,2820.3,2108.9,2841.35,2110.2,2862.8,2116.4,2879.05,2126.8,2897.9,2160.7,2895.7,2184.35,2885.65,2208.05,2868.1,2230.8,2843.1,2243.6,2818.1,2249.7,2798.35,2240.45,2788.7,2230.8
3-88,Uninfected,No_comment,Polygon,16,2804.5,2347.45,2791.35,2330.4,2786.55,2299.2,2797.5,2268.95,2809.35,2252.7,2849.25,2244.35,2873.8,2251.45,2899.25,2270.75,2911.1,2285.2,2925.15,2316.8,2927.75,2337.4,2914.6,2362.4,2895.3,2375.55,2864.15,2379,2841.8,2375.55,2822.95,2365.9
3-89,Uninfected,No_comment,Polygon,16,2830.2,2457.45,2838.25,2479.9,2853.2,2501.4,2874.25,2512.8,2898.8,2519.85,2925.1,2522.05,2961.5,2492.65,2971.15,2470.25,2969.4,2435.2,2962.85,2409.3,2939.15,2383.85,2906.7,2377.7,2882.1,2387.35,2861.5,2401.85,2844.7,2415.4,2832.85,2442.1
3-90,Uninfected,No_comment,Polygon,18,2737.8,2568.95,2732.55,2557.55,2731.7,2528.15,2743.5,2502.3,2754.05,2487.8,2783,2481.25,2806.7,2480.35,2829.95,2485.2,2843.75,2487.7,2859.5,2503.05,2870.7,2520.25,2878.6,2551.4,2871.6,2576,2858,2598.8,2824.25,2609.75,2801.85,2609.3,2769.85,2601.4,2752.75,2591.75
3-91,Uninfected,No_comment,Polygon,17,3186.5,2609.75,3183.05,2579.95,3188.75,2551,3202.75,2522.9,3226,2506.25,3247.95,2499.25,3270.3,2502.3,3292.65,2515.9,3306.7,2532.55,3319.4,2563.25,3321.9,2587.15,3314.6,2612.4,3290.45,2631.25,3260.25,2639.15,3238.3,2641.8,3217.7,2630.8,3198.4,2624.25
3-92,Uninfected,No_comment,Polygon,16,3003.2,2667.25,3012.85,2632.6,3029.1,2617.2,3053.2,2609.35,3070.35,2606.25,3099.65,2611.1,3115.05,2624.7,3125.15,2646.6,3132.2,2670.75,3126.85,2702.35,3119.45,2722.95,3086.1,2744.85,3059.8,2746.65,3030.85,2737.4,3012.55,2723.55,3001.9,2699.25
3-93,Uninfected,No_comment,Polygon,18,3243.1,2750.1,3244,2723.35,3255.8,2700.1,3276.85,2687.8,3303.65,2679.9,3323.8,2680.35,3345.7,2691.35,3360.2,2710.2,3370.3,2723.8,3377.7,2751,3375.55,2782.55,3368.05,2800.55,3344,2813.7,3331.25,2809.75,3310.65,2807.1,3289.15,2810.65,3268.55,2801.85,3251.4,2784.75
3-94,Uninfected,No_comment,Polygon,12,3661.1,2558,3638.7,2551.4,3608.05,2544.4,3586.55,2523.8,3574.7,2491.75,3578.65,2445.7,3590.95,2425.55,3614.6,2412.35,3648.35,2414.55,3680.85,2426.85,3697.95,2464.1,3716.8,2506.25
3-95,Uninfected,No_comment,Polygon,15,3326.45,2515.45,3311.95,2500.1,3308.45,2469.85,3306.7,2453.15,3322.8,2417.1,3346.6,2403.6,3383.05,2392.65,3401.9,2394.4,3421.6,2410.6,3433.05,2435.6,3443.55,2461.95,3443.1,2488.25,3412.85,2508.4,3394,2522.9,3345.75,2531.25
3-96,Uninfected,No_comment,Polygon,16,3316.8,2313.7,3322.5,2338.25,3330.85,2355.35,3342.65,2381.25,3365.5,2394.4,3399.25,2397.05,3429.95,2390.85,3457.15,2380.8,3466.8,2354.9,3465.5,2318.5,3456.7,2291.75,3430.4,2268.05,3403.6,2260.15,3360.2,2272,3346.6,2285.15,3330.6,2300.05
3-97,Uninfected,No_comment,Polygon,15,3515.5,2306.2,3509.35,2270.7,3516.8,2239.1,3538.3,2218.05,3574.7,2200.5,3599.3,2204,3626.45,2214.1,3641.4,2238.25,3650.15,2259.75,3655.4,2288.25,3649.7,2313.25,3629.55,2333.4,3595.75,2344.4,3566.4,2344.8,3542.25,2335.15
3-98,Uninfected,No_comment,Polygon,18,3242.7,2155.8,3247.05,2168.05,3253.65,2187.35,3264.6,2200.95,3286.1,2201.85,3301,2206.2,3323.4,2205.35,3346.2,2199.2,3364.6,2191.75,3375.15,2174.2,3378.2,2157.1,3370.75,2129,3361.55,2107.55,3339.2,2090.85,3320.15,2086.1,3294.45,2096.55,3276.15,2111.8,3259.9,2140.25
3-99,Uninfected,No_comment,Polygon,16,3409.3,1932.95,3406.25,1914.5,3403.6,1893.05,3415,1864.9,3426.45,1853.1,3454.95,1842.15,3483.45,1843.05,3497.9,1844.35,3516.8,1857.5,3533.45,1886,3540.9,1919.75,3532.55,1948.7,3507.15,1968.45,3483.05,1976.75,3455.85,1978.1,3433,1968.45
3-100,Uninfected,No_comment,Polygon,15,3503.65,1836.85,3510.6,1800.9,3522.5,1778.1,3545.75,1763.6,3565.45,1760.15,3601.9,1768,3625.1,1779,3639.6,1800.5,3645.75,1833.4,3640.05,1870.65,3613.3,1893.85,3587,1901.8,3551.45,1893.05,3524.65,1882.05,3500.95,1852.75
3-101,Uninfected,No_comment,Polygon,13,3892.75,1983.4,3891.85,1967.6,3901.5,1936.9,3915.55,1920.7,3944.9,1912.8,3975.2,1915.85,3996.25,1923.75,4010.7,1950.95,3991.85,2027.25,3968.6,2038.25,3924.75,2037.8,3906.75,2024.2,3895.8,2005.8
3-102,Uninfected,No_comment,Polygon,17,3839.2,2038.25,3851.05,2027.25,3867.3,2013.65,3876.5,1993.05,3880.45,1962.8,3869.5,1937.8,3849.3,1919.8,3829.55,1911.9,3814.2,1910.6,3784.85,1917.6,3765.1,1926.85,3748.4,1945.7,3745.8,1981.65,3756.75,2008.85,3770.35,2026.4,3802.8,2037.35,3815.1,2040.45
3-103,Uninfected,No_comment,Polygon,17,3832.65,1775.95,3837.45,1756.2,3847.1,1734.25,3868.15,1717.15,3891.85,1706.2,3916.85,1708.4,3942.7,1716.3,3959.4,1723.75,3979.15,1737.35,3976.5,1761.9,3980.9,1789.1,3969.5,1821.1,3930.9,1829.9,3891.85,1830.75,3866.85,1825.5,3848.85,1809.7,3833.05,1800.95
3-104,Uninfected,No_comment,Polygon,15,3710.25,1487.4,3715.5,1461.05,3723.4,1440.05,3754.1,1417.2,3782.2,1411.9,3807.6,1418.5,3833.05,1429.9,3846.2,1450.1,3855,1468.5,3851.5,1499.7,3840.1,1522.45,3805,1536.05,3768.6,1535.65,3737.9,1527.25,3725.6,1514.1
3-105,Uninfected,No_comment,Polygon,14,3502.8,1494.4,3503.2,1468.5,3515.5,1445.25,3546.65,1426.85,3581.75,1422.9,3608.05,1425.95,3626.9,1443.5,3648.4,1493.1,3645.35,1514.55,3627.35,1540,3597.1,1554.45,3558.05,1558,3534.8,1551.9,3519.45,1535.15
3-106,Uninfected,No_comment,Polygon,15,3390.05,1400.05,3385.25,1371.55,3401.45,1343.05,3429.1,1323.3,3445.3,1317.15,3488.75,1321.1,3514.6,1332.95,3533.05,1359.3,3542.25,1385.2,3536.1,1414.15,3521.65,1435.6,3498.85,1451,3452.35,1458.45,3426.45,1451,3404.55,1428.6
3-107,Uninfected,No_comment,Polygon,19,3441.4,1240,3444.9,1222.45,3453.65,1208.9,3471.25,1197.85,3484.8,1181.65,3504.55,1179.05,3515.95,1182.1,3538.75,1190.85,3558.05,1200.05,3564.65,1203.15,3571.65,1232.1,3570.4,1251.8,3558.95,1275.05,3544.9,1286.05,3521.2,1297.5,3490.1,1298.3,3469.1,1285.6,3456.75,1271.6,3446.65,1258.4
3-108,Uninfected,No_comment,Polygon,15,3352.8,1299.2,3332.6,1293.55,3315.1,1279,3300.6,1248.35,3305.4,1204.95,3326.9,1174.6,3350.65,1164.1,3375.6,1155.75,3403.65,1160.65,3430.45,1174.6,3443.6,1200.5,3446.2,1233.45,3433.95,1261.95,3410.7,1293.05,3389.25,1300.05
3-109,Uninfected,No_comment,Polygon,18,3557.7,1189.95,3559.4,1175.5,3563.35,1156.2,3576.1,1140.85,3584.8,1121.55,3604.15,1106.2,3625.15,1097.45,3653.25,1096.15,3668.65,1100.1,3690.95,1118.05,3705.9,1137.35,3708.95,1172.45,3698.4,1197,3676.75,1215.75,3652.6,1231.95,3625.15,1237.75,3601.5,1233.4,3573.4,1215.85
3-110,Uninfected,No_comment,Polygon,16,3773.85,1241.25,3797.1,1247.4,3828.25,1251.35,3840.95,1240.85,3854.55,1215.4,3859.8,1196.55,3860.65,1178.45,3855.85,1161.85,3844.45,1141.7,3813.75,1128.1,3787.9,1125.45,3758.05,1134.25,3744.05,1163.65,3734.8,1197.85,3738.75,1210.15,3746.45,1219.25
3-111,Uninfected,No_comment,Polygon,16,3820.35,1254.4,3805.85,1275.9,3801.5,1302.65,3809.8,1325.9,3822.55,1350.05,3848.4,1364.95,3873.4,1369.75,3894.05,1371.1,3916.85,1363.6,3928.25,1353.1,3935.7,1335.55,3941.85,1309.65,3926.5,1273.25,3914.2,1252.65,3880,1243.9,3843.1,1240.4
3-112,Uninfected,No_comment,Polygon,20,2210.2,1445.25,2208.05,1461.9,2213.75,1472.4,2222.5,1482.95,2236.1,1487.8,2261.1,1482.5,2275.55,1470.25,2287.4,1449.6,2298.8,1425.05,2317.2,1402.7,2323.35,1380.75,2321.15,1363.2,2311.5,1343.45,2292.65,1334.25,2272.9,1332.5,2254.15,1338.25,2239.25,1354.05,2228.25,1374.65,2219.95,1403.55,2213.8,1420.25
3-113,Uninfected,No_comment,Polygon,20,2273.35,1475.5,2278.6,1489.95,2287,1494.35,2312.2,1495.9,2336.95,1492.15,2358.45,1493.9,2379.95,1491.7,2390.9,1479.9,2401.9,1464.55,2414.2,1445.25,2417.25,1422,2411.15,1394.8,2406.25,1383.4,2388.7,1368.9,2360.65,1369.8,2326,1375.05,2309.75,1393.5,2293.1,1415.45,2287,1443.95,2276.85,1457.95
3-114,Uninfected,No_comment,Polygon,23,2398.35,1475.05,2404.45,1458.9,2413.65,1445.7,2426,1438.65,2433.5,1430.3,2450.1,1430.3,2457.6,1434.7,2471.6,1432.5,2489.15,1436,2496.6,1443.9,2503.7,1449.6,2521.2,1464.55,2527.75,1481.2,2531.25,1494.8,2527.3,1515.4,2517.65,1530.3,2508.45,1547.45,2487.45,1561.9,2463.15,1559.05,2443.35,1552,2421.45,1529.65,2398.15,1516.1,2388.1,1497.6
3-115,Uninfected,No_comment,Polygon,24,2611.6,1337.35,2605.9,1352.25,2599.3,1379.45,2601.05,1394.8,2609.75,1415.85,2619,1427.7,2633.05,1435.6,2650.2,1437.75,2660.2,1439.1,2671.65,1436.45,2684.85,1431.2,2695.3,1422.85,2702.75,1418.9,2712.9,1415.85,2723.8,1404.9,2725.15,1385.6,2725.6,1364.5,2720.3,1346.55,2713.3,1331.65,2701.45,1328.55,2687.9,1328.1,2675.55,1322.4,2652.75,1315.4,2627.75,1320.65
3-116,Uninfected,No_comment,Polygon,21,2695.25,1271.45,2702.75,1262.3,2711.5,1241.7,2723.85,1233.4,2754.05,1225.9,2777.75,1232.05,2799.65,1236,2816.35,1246.95,2831.25,1266.7,2836.5,1288.6,2832.55,1320.65,2816.75,1339.95,2797.9,1355.7,2778.15,1357.9,2744.85,1353.1,2731.25,1348.25,2713.8,1335.15,2702.75,1324.6,2694.4,1309.65,2685.6,1291.65,2688.25,1281.1
3-117,Uninfected,No_comment,Polygon,26,2560.55,1228.55,2564.1,1215.8,2571.55,1202.2,2589.5,1194.75,2602.7,1192.15,2622,1195.2,2638.25,1196.95,2649.75,1203.6,2658.4,1218.45,2671.6,1228.1,2680.35,1238.65,2683.4,1251.35,2676.4,1271.1,2656.25,1279.85,2661.5,1297.4,2654.85,1310.1,2643.95,1306.2,2623.75,1312.3,2605.75,1311,2595.2,1303.1,2579.05,1299.15,2569.8,1293,2565.45,1281.2,2565,1272.85,2550.9,1255.75,2554.85,1244.75
3-118,Uninfected,No_comment,Polygon,25,2644,979.4,2648.8,971.05,2660.65,961.85,2676,961,2691.35,966.25,2705.4,965.8,2725.55,977.65,2736.1,991.25,2737.9,1009.65,2739.15,1026.35,2727.75,1046.5,2729.5,1074.6,2731.7,1087.3,2718.1,1092.55,2704.5,1097.85,2683.95,1103.55,2672.5,1093.9,2660.2,1084.25,2641.8,1073.25,2630.4,1059.65,2631.7,1048.7,2625.55,1039.5,2623.8,1018,2628.2,1000.45,2633.45,992.15
3-119,Uninfected,No_comment,Polygon,22,2502.8,1082.9,2497.9,1094.75,2497.1,1114.95,2498.8,1143.45,2511.1,1160.55,2528.7,1171.5,2562.4,1180.75,2588.75,1179.4,2599.7,1169.75,2608,1160.55,2614.65,1157.05,2626,1149.6,2635.65,1139.95,2639.15,1116.25,2635.65,1096.1,2626.9,1070.65,2608,1062.3,2596.25,1063.6,2570.75,1068,2548,1075.9,2526.85,1071.5,2515.9,1070.65
3-120,Uninfected,No_comment,Polygon,19,2410.2,1129.4,2394.9,1123.7,2380.8,1113.65,2370.3,1096.1,2361.95,1078.1,2356.25,1056.6,2367.2,1024.6,2376.5,1007.9,2400.1,999.6,2417.25,993,2443.15,997.4,2465.9,1003.95,2483.5,1021.1,2494.4,1045.2,2497.9,1066.25,2497.15,1092.95,2481.25,1109.25,2462.45,1119.35,2446.6,1125.9
3-121,Uninfected,No_comment,Polygon,21,2478.7,1007.05,2483.9,994.3,2491.8,977.2,2502.6,961.75,2511.55,957.9,2527.3,957.05,2536.95,947.85,2553.2,946.95,2580,949.15,2597.95,950.9,2611.1,970.2,2620.35,984.25,2622.05,1014.5,2615.45,1038.6,2608.05,1064.5,2583.05,1067.55,2548.9,1077.2,2519.45,1073.7,2505.85,1067.15,2495.25,1045.65,2475.95,1022.85
3-122,Uninfected,No_comment,Polygon,18,2732.6,1118.9,2733,1098.25,2733.45,1072.85,2743.55,1047.85,2761.1,1031.6,2780.85,1025,2799.25,1023.7,2817.75,1029.85,2844.85,1043.45,2861.1,1061.45,2867.7,1090.8,2863.75,1118,2851.7,1137.25,2829.1,1156.15,2807.6,1161.85,2783.45,1157.95,2761.1,1150.45,2749.7,1142.2
3-123,Uninfected,No_comment,Polygon,16,2665.05,922.9,2656.7,904,2650.2,885.1,2649.3,866.25,2664.15,842.15,2684.35,824.15,2706.3,820.2,2740.05,824.15,2768.1,850.5,2776.9,874.15,2771.7,904,2760.25,930.35,2741.85,940.4,2712.9,940.9,2693.1,937.35,2671.65,936
3-124,Uninfected,No_comment,Polygon,18,2732.2,806.2,2736.15,782.1,2739.15,759.75,2760.25,734.75,2782.6,721.95,2801.5,716.75,2825.15,714.95,2835.3,716.75,2850.65,721.1,2865.5,743.9,2870.3,764.05,2873.4,793,2854.95,824.15,2830.45,844.8,2802.4,843.45,2779.55,841.75,2759.35,831.15,2740.95,820.7
3-125,Uninfected,No_comment,Polygon,23,2468.95,770.2,2471.6,753.1,2479.05,738.6,2486.5,732.45,2484.75,714.5,2497,701.75,2524.65,694.3,2550.05,700.75,2564.15,705.7,2589.55,715.8,2600.1,724.15,2614.55,743.85,2625.55,759.65,2634.3,780.3,2627.75,803.95,2614.55,823.7,2589.55,838.6,2564.55,844.3,2545.7,834.25,2532.55,814.5,2507.55,803.1,2486.05,786.85,2467.65,789.5
3-126,Uninfected,No_comment,Polygon,23,2429.05,858.8,2419.4,853.1,2411.05,835.55,2425.5,805.7,2441.3,791.25,2462.35,785.1,2479.05,786.4,2497,797.4,2515.4,807.05,2526.85,816.7,2542.65,829.4,2551.4,838.6,2559.75,848.25,2563.7,871.5,2563.25,890.8,2560.2,916.25,2536.95,914.05,2531.25,900.45,2510.95,877.55,2491.15,871.85,2476.3,867.45,2450,867.45,2435.6,861.4
3-127,Uninfected,No_comment,Polygon,20,2341.75,706.6,2342.2,691.25,2351,668,2361.95,652.2,2384.3,638.6,2407.55,634.2,2431.7,639.5,2448.35,649.15,2467.2,658.8,2476.85,668,2482.55,680.25,2476.45,703.1,2476.85,730.25,2467.65,750.9,2449.65,768.85,2423.8,774.55,2395.7,772.8,2376,765.8,2356.25,750,2347.9,740.35
3-128,Uninfected,No_comment,Polygon,16,1931.4,861.4,1935.2,839,1945.2,811.4,1957.6,797.1,1991.4,784.25,2023.35,789.5,2052.9,801.85,2065.7,824.25,2076.65,856.15,2072.4,885.7,2052.4,917.6,2026.65,929.95,1995.2,925.7,1967.1,913.75,1949.5,898.05,1939.5,878.05
3-129,Uninfected,No_comment,Polygon,16,1807.1,814.7,1783.85,788.55,1766.15,753.75,1779,722.35,1789.95,710.9,1813.85,694.25,1835.2,687.6,1868.55,684.25,1889,697.1,1902.9,715.7,1912.4,739.5,1906.65,774.25,1896.15,794.7,1884.8,808.55,1858.05,819,1839,823.3
3-130,Uninfected,No_comment,Polygon,16,2048.55,779,2044.8,757.1,2051.9,737.1,2066.15,716.15,2082.4,704.25,2110.45,706.15,2136.15,712.8,2164.3,719.95,2183.85,746.15,2184.8,776.65,2181.4,804.7,2163.35,821.4,2144.3,835.7,2114.3,841.85,2081.9,827.1,2063.85,815.7
3-131,Uninfected,No_comment,Polygon,16,2072.8,700.45,2050.45,694.75,2030.45,668.05,2024.8,647.1,2031.85,610.45,2040.45,591.85,2062.35,583.3,2094.3,577.6,2120.9,582.85,2143.8,600.9,2154.3,629,2151.4,659,2142.8,684.75,2124.3,699.5,2100.9,707.1,2075.2,702.35
3-132,Uninfected,No_comment,Polygon,17,1971.4,646.15,1947.6,638.55,1924.3,626.65,1908.55,594.25,1902.35,555.2,1915.7,526.65,1928.05,517.1,1957.1,518.55,1980.9,512.85,1990.45,514.75,1998.55,538.05,2010.9,553.3,2022.35,564.75,2029,587.6,2021.4,618.55,2003.3,636.15,1987.6,644.25
3-133,Uninfected,No_comment,Polygon,17,1863.8,540.45,1841.4,538.05,1818.55,530.9,1807.1,519.95,1792.35,501.4,1782.35,478.55,1776.15,453.3,1786.65,428.55,1800.45,407.1,1829,396.65,1855.2,393.8,1887.6,404.25,1908.05,423.3,1918.55,454.25,1921.4,489.5,1914.8,513.8,1900.9,525.7
3-134,Uninfected,No_comment,Polygon,16,2033.8,554.75,2039,539.95,2050.45,513.3,2083.8,490.9,2111.85,481.85,2149,485.7,2177.1,502.35,2193.3,530.45,2199.5,565.7,2195.75,595.2,2183.3,617.1,2158.05,620.9,2132.8,608.1,2109.9,599.05,2081.8,591.9,2053.8,579.5
3-135,Uninfected,No_comment,Polygon,15,2216.15,513.75,2197.1,495.2,2192.4,467.1,2191.95,435.7,2206.15,410.9,2237.1,397.1,2265.2,396.15,2290.95,404.25,2315.25,417.6,2328.55,440.45,2331.95,473.3,2319.95,501.85,2299.95,524.25,2274.3,530.9,2248.55,529
3-136,Uninfected,No_comment,Polygon,32,2077.6,483.3,2082.9,476.15,2078.55,470.45,2085.2,457.6,2094.8,455.2,2095.2,445.7,2090.45,435.2,2095.2,423.75,2106.15,414.7,2114.8,401.4,2109.5,387.6,2097.6,369.5,2073.85,357.1,2044.8,361.4,2026.65,368.05,2010.95,391.4,1999.5,406.15,1999.95,418.05,1993.35,426.15,1982.4,444.7,1987.1,452.8,1993.35,456.65,1987.1,474.25,1987.1,485.7,1993.85,489,2006.65,489,2014.3,497.1,2016.65,513.75,2029.5,518.05,2040.45,510.9,2057.6,504.25,2084.3,493.35
3-137,Uninfected,No_comment,Polygon,23,1966.1,278.55,1972.85,263.3,1986.6,253.8,2013.3,248.1,2022.85,241.4,2033.3,235.7,2052.85,242.85,2063.8,251.4,2073.8,272.85,2072.35,293.3,2078.5,301.9,2071.9,318.55,2062.85,333.8,2061.9,343.8,2053.8,357.15,2027.55,361.9,2020,353.8,2000,350.45,1984.75,350.95,1975.15,338.55,1968.5,330.45,1960.45,320,1957.55,305.7
3-138,Uninfected,No_comment,Polygon,24,2075.2,189.5,2064.8,194.25,2058.55,218.1,2059.95,225.7,2068.55,237.6,2074.8,247.1,2079.5,261.9,2088.05,261.9,2104.8,257.1,2116.15,262.85,2129,274.75,2138.05,280,2156.15,276.65,2161.85,273.8,2171.85,278.55,2179.5,275.2,2186.65,267.1,2196.15,259.05,2207.1,246.15,2214.8,224.25,2213.35,203.3,2199.95,188.1,2177.1,176.65,2160.9,161.9
3-139,Uninfected,No_comment,Polygon,20,2535.2,549.95,2509.95,544.25,2495.65,520.9,2493.75,495.2,2496.6,466.15,2512.8,445.2,2537.1,432.35,2563.75,423.75,2587.6,431.85,2607.1,440.9,2619,450.9,2629.95,465.7,2630.45,475.2,2629.95,484.25,2634.7,509.95,2622.8,525.7,2609.5,543.3,2588.05,547.6,2568.05,548.05,2548.55,550.45
3-140,Uninfected,No_comment,Polygon,25,2817.6,345.2,2811.45,360.5,2810.15,374.55,2812.35,388.15,2815.85,406.55,2819.35,421.5,2825.05,428.1,2840.85,433.8,2849.6,441.2,2868.05,444.35,2876.8,441.2,2889.95,446.05,2902.7,442.95,2914.55,435.5,2924.2,430.25,2934.7,411.4,2941.7,395.15,2943.9,375.05,2941.3,357.45,2927.25,338.65,2911,325.85,2889.95,315.8,2857.05,314.9,2837.75,328.1,2828.55,335.1
3-141,Uninfected,No_comment,Polygon,25,2745.65,517.6,2745.65,500.05,2747.85,488.65,2755.75,476.75,2755.3,457.45,2764.1,443.85,2779.45,435.5,2797.4,429.4,2823.75,427.6,2836.45,436.85,2847,445.6,2855.3,454,2866.7,464.05,2875.05,486,2876.35,506.15,2879.9,521.05,2870.25,543.45,2851.8,556.2,2843.05,570.65,2824.6,575,2807.5,570.65,2796.55,566.2,2782.95,568.4,2767.15,561.4,2757.95,548.3
3-142,Uninfected,No_comment,Polygon,24,2950.5,427.2,2955.3,414.5,2964.1,398.65,2979.9,382.95,2995.65,378.1,3013.65,380.25,3022.85,376.3,3039.55,375.45,3052.7,386.85,3056.65,398.65,3064.1,407.95,3074.2,416.7,3080.3,434.7,3076.35,457.95,3078.55,475.45,3072.4,496.9,3044.8,520.65,3014.55,531.55,2999.6,527.25,2977.25,519.75,2963.65,512.25,2953.55,489.45,2949.2,468.45,2948.3,446.05
3-143,Uninfected,No_comment,Polygon,22,2712.75,308.8,2700.9,297.35,2696.95,276.3,2697.4,257,2705.75,232.9,2717.15,213.6,2731.6,199.1,2757.5,194.7,2783.35,200.9,2804,208.3,2811,222.8,2810.1,238.6,2820.2,247.8,2827.65,257.9,2832.05,272.8,2824.6,294.3,2805.3,300.05,2793,310.95,2791.25,327.6,2771.1,335.5,2751.35,332.9,2724.85,323.15
3-144,Uninfected,No_comment,Polygon,21,2824.15,245.2,2832.5,233.75,2843.45,228.05,2842.6,212.7,2849.6,199.55,2871.95,187.25,2897.4,179.35,2914.5,186.85,2935.55,197.35,2944.35,208.3,2953.55,234.2,2960.55,251.8,2959.25,276.3,2950.05,299.15,2933.8,308.3,2909.7,316.2,2885.55,318.45,2863.65,313.65,2851.35,306.55,2840.4,289.9,2833.35,276.3
3-145,Uninfected,No_comment,Polygon,22,2977.65,219.7,2982.05,213.6,2986.9,200.4,2981.6,190.35,2989.95,183.75,3007.05,174.55,3023.3,167.95,3042.6,162.25,3083.8,173.25,3095.65,184.2,3100.9,198.25,3107.95,214.9,3111.9,235.95,3096.55,257.9,3083.35,267.55,3056.6,279.85,3036,285.95,3010.55,282.9,2995.65,275.4,2984.7,268.4,2977.25,257.45,2973.7,243.85
3-146,Uninfected,No_comment,Polygon,19,3085.1,269.7,3090.35,283.3,3086.8,301.3,3095.65,323.25,3118.9,334.65,3143,343.4,3160.55,346.05,3185.55,339.45,3203.05,320.6,3207.5,300.8,3208.35,277.2,3203.05,241.65,3198.7,219.7,3143,201.75,3133.75,214.9,3115.75,219.7,3103.5,225.75,3091.6,235.05,3084.6,249.5
3-147,Uninfected,No_comment,Polygon,21,3111.8,338.1,3105.7,347.75,3107.5,367.55,3111,382.9,3111.8,396.95,3112.7,407.9,3131.6,416.65,3153.05,414,3171.95,410.45,3194.3,406.15,3214.95,395.6,3229.4,378.95,3234.25,356.6,3236.45,327.65,3233.35,308.75,3216.25,300.45,3185.5,279.35,3177.6,274.5,3141.2,283.3,3125.85,304.7,3117.95,319.7
3-148,Uninfected,No_comment,Polygon,25,3150.5,475.85,3150.05,460.95,3154.85,446,3149.6,431.55,3168.45,422.35,3183.8,414,3204,405.25,3221.95,401.3,3229.45,407,3238.2,405.65,3254,400.4,3263.65,403.5,3275.5,416.2,3284.25,428.5,3295.65,458.75,3297,474.95,3285.15,492.5,3262.35,509.2,3251.8,524.95,3223.75,523.2,3209.7,520.15,3192.6,518.4,3184.3,513.9,3168.95,506.9,3159.75,499.85
3-149,Uninfected,No_comment,Polygon,25,3199.15,700.45,3193.45,712.25,3186.45,725.45,3179,742.1,3185.55,763.15,3193,772.35,3203.55,778.5,3211.45,784.65,3220.2,790.35,3238.2,787.7,3243.9,784.2,3255.75,789.45,3274.6,786.9,3293,784.65,3301.3,773.7,3307.95,764.9,3317.6,755.7,3323.3,738.15,3321.5,719.3,3310.55,698.7,3305.75,677.25,3294.7,669.75,3265.4,664.05,3242.55,672.4,3217.55,684.2
3-150,Uninfected,No_comment,Polygon,24,3198.25,685.5,3185.55,675,3179.85,656.55,3185.05,635.1,3200.05,620.15,3210.95,608.75,3228.35,587.5,3254.35,579,3274.15,575.85,3281.15,578.1,3286.45,594.75,3284.7,604.4,3291.25,617.1,3298.7,621.5,3318.45,618.4,3328.1,621.05,3327.2,637.75,3316.25,655.25,3318.9,670.15,3298.65,685.15,3279.8,693.5,3241.15,700.85,3222.75,695.25,3207,688.6
3-151,Uninfected,No_comment,Polygon,17,3182.9,626.35,3177.65,614.9,3173.8,599,3172.5,580.6,3180.4,556.85,3200.05,536.4,3210.95,529.8,3231.15,529,3246.95,535.5,3255.75,543.45,3264.5,560.5,3268.45,571.5,3266.65,594.75,3265.8,618.4,3257.4,628.95,3229.8,636.85,3208.75,642.6
3-152,Uninfected,No_comment,Polygon,22,2961,813.6,2955.3,804.85,2938.2,797.8,2929.4,781.15,2924.15,756.6,2930.75,725,2939.05,705.7,2953.55,694.25,2966.7,687.3,2997.4,682.9,3014.95,683.35,3029.4,691.25,3034.7,701.3,3036.45,708.35,3044.35,718.45,3053.55,733.35,3053.1,748.2,3048.3,766.7,3033.8,790.8,3012.3,809.2,2994.35,817.1,2983.35,817.5
3-153,Uninfected,No_comment,Polygon,25,2837.75,707.05,2828.55,701.75,2821.5,694.25,2814.05,675.9,2806.6,658.35,2807.5,642.1,2808.35,623.7,2813.2,601.3,2823.3,585.95,2851.8,578.1,2869.75,574.95,2878.55,586.4,2888.2,588.6,2897.85,585.95,2910.1,590.8,2916.25,601.75,2922.4,610.95,2929.85,628.5,2926.35,647.4,2922.4,659.65,2922.4,683.8,2918,696.5,2899.15,706.15,2888.65,714.05,2858.8,716.65
3-154,Uninfected,No_comment,Polygon,26,3032.5,825.45,3036.9,817.1,3041.7,810.55,3038.2,798.7,3050.9,782.85,3058.8,766.25,3066.25,756.6,3082.5,752.2,3097.85,744.3,3117.15,746.05,3125.9,753.5,3133.35,758.8,3144.8,757.45,3154.85,766.7,3156.6,785.1,3158.35,803.1,3164.5,825.9,3157.95,843.45,3139.95,853.95,3122.85,859.65,3105.75,863.6,3093.45,864.05,3085.15,857.45,3076.35,858.35,3057.1,859.95,3035.15,844.6
3-155,Uninfected,No_comment,Polygon,20,3063.65,951.3,3069.35,978.05,3075.05,995.2,3082.05,1005.25,3108.4,1018,3136.9,1028.05,3159.7,1027.2,3179.45,1019.3,3198.3,1003.05,3205.75,981.15,3202.25,957.45,3192.6,941.65,3178.15,926.75,3169.35,913.2,3152.7,902.65,3135.6,900,3122.85,906.2,3111,907.9,3093.9,910.15,3079,918.9
3-156,Uninfected,No_comment,Polygon,20,3362.7,1112.3,3356.6,1095.2,3359.25,1073.7,3365.75,1052.2,3372.85,1037.75,3386.45,1028.1,3400.9,1026.35,3415.4,1016.7,3431.1,1015.35,3437.3,1018.45,3446.45,1035.1,3455.75,1057.9,3465.4,1082.9,3458.8,1109.25,3442.15,1126.8,3425.9,1130.3,3410.95,1134.65,3400.9,1143,3385.95,1143.45,3370.6,1133.35
3-157,Uninfected,No_comment,Polygon,26,3450.05,1126.8,3454.85,1138.2,3460.55,1148.7,3472.35,1161,3482,1168.9,3499.55,1163.6,3507,1172.4,3524.55,1170.65,3535.55,1160.55,3542.55,1150,3554.85,1145.2,3571.9,1139.95,3584.45,1121.1,3581.55,1100.9,3577.2,1093.9,3582.9,1082.05,3584.2,1068.45,3576.3,1056.6,3552.6,1049.6,3538.65,1049.6,3529.85,1045.65,3517.55,1050.45,3491.25,1057.9,3473.25,1063.6,3465.75,1081.15,3460.55,1110.55
3-158,Uninfected,No_comment,Polygon,26,3343,894.3,3357.05,896.5,3375.5,889.9,3384.25,885.5,3397.4,891.65,3417.6,891.65,3423.3,883.3,3438.2,871.05,3447.4,863.15,3447.4,847.8,3443,835.5,3454.45,824.55,3449.15,817.1,3427.25,806.55,3433.35,787.7,3425.9,777.2,3405.3,777.6,3392.6,783.3,3382.05,780.7,3368.9,776.75,3361.45,779.35,3346.1,790.75,3329.45,814.45,3311.45,837.7,3317.15,858.3,3325.5,874.55
3-159,Uninfected,No_comment,Polygon,23,3404.85,907.45,3393,920.15,3393,935.1,3393.9,957,3390.4,977.2,3401.8,1002.6,3413.2,1014.45,3432.85,1016.25,3445.2,1018.4,3456.6,1012.7,3464.1,1007.45,3483.4,1003.95,3493.45,990.8,3501.35,976.3,3521.1,964.9,3520.65,942.95,3515.4,906.15,3509.7,888.15,3497.85,884.2,3475.9,877.2,3446.1,878.95,3425.05,891.2,3411.45,898.25
3-160,Uninfected,No_comment,Polygon,17,3680.75,942.1,3682.05,916.65,3691.7,883.3,3709.25,857.45,3740.4,835.05,3768.9,829.35,3794.35,832,3813.2,847.8,3824.6,869.7,3829.85,888.6,3821.1,928.95,3797.85,971.05,3779.45,989.45,3754.45,995.6,3731.2,996.9,3709.7,988.15,3696.1,972.8
3-161,Uninfected,No_comment,Polygon,18,3455.75,761.4,3452.2,743.85,3470.2,724.15,3489,711.85,3508.8,693.85,3542.15,686.85,3562.25,696.5,3578.5,704.4,3591.7,724.95,3596.1,753.5,3591.7,785.95,3576.8,815.3,3543.85,828.5,3514.5,829.8,3496.95,821.05,3489,814.45,3463.2,802.2,3456.1,789.9
3-162,Uninfected,No_comment,Polygon,16,3140,1267.55,3129,1254.4,3124.2,1220.2,3133.9,1195.6,3156.25,1172.85,3182.15,1165.35,3199.65,1166.7,3223.75,1174.15,3233.4,1185.55,3248.3,1204.85,3254.9,1227.2,3248.3,1262.75,3234.3,1281.6,3203.6,1296.05,3186.05,1296.05,3167.15,1290.8
3-163,Uninfected,No_comment,Polygon,24,3077,1410.7,3078.55,1396.05,3086.45,1383.8,3088.65,1371.95,3102.25,1367.95,3108.85,1350.9,3114.1,1343,3132.5,1333.8,3150.05,1323.65,3169.8,1318,3191.3,1320.2,3211.45,1323.25,3218.9,1317.55,3223.75,1339.9,3229.9,1362.75,3227.7,1385.05,3214.1,1400.9,3198.75,1409.65,3182.1,1428.95,3163.85,1444,3127.45,1454.95,3103.15,1450.45,3093.5,1444.3,3085.6,1433.3
3-164,Uninfected,No_comment,Polygon,20,2884.7,1320.2,2883.4,1310.05,2882.5,1296.95,2877.25,1277.2,2887.75,1267.55,2922,1249.6,2943.5,1228.45,2964.1,1219.7,2981.65,1221.95,3006.2,1224.6,3025.5,1242.55,3032.05,1261.4,3039.1,1275.9,3038.2,1306.15,3026.35,1323.65,3004,1340.8,2976.8,1354.35,2948.75,1359.2,2925.1,1351.95,2908.85,1339.3
3-165,Uninfected,No_comment,Polygon,19,1997.75,945.9,1990.45,964.7,1984.9,981.7,1982.65,1003.25,1993.2,1029.85,2005.15,1041.8,2023,1054.65,2053.3,1058.75,2090,1050.05,2107.85,1039.5,2121.65,1022.5,2129.45,1001.4,2129.9,980.3,2122.05,959.65,2113.35,942.7,2093.15,928.5,2064.75,925.75,2039.1,929.85,2006.95,934
3-166,Uninfected,No_comment,Polygon,26,1789.55,1011.5,1791.8,1002.8,1802.35,989.5,1817.45,983.05,1824.35,973.45,1835.4,968.85,1857.9,970.7,1867.45,973.45,1883.55,978.5,1892.7,983.55,1900.1,991.35,1901,999.6,1911.95,1008.3,1919.35,1026.2,1917.05,1039.05,1909.25,1050.5,1904.65,1070.25,1901,1079.85,1892.3,1084,1865.7,1092.7,1849.6,1092.25,1834.9,1083.55,1820.7,1078.05,1811.5,1070.25,1801.45,1050.95,1793.15,1030.3
3-167,Uninfected,No_comment,Polygon,16,1624.4,1123.95,1632.9,1108.45,1648.4,1087.95,1679.9,1080.95,1707.4,1081.95,1731.4,1084.45,1748.4,1103.45,1756.4,1121.45,1763.9,1149.95,1762.9,1174.45,1746.4,1196.45,1713.4,1210.95,1680.9,1210.45,1655.4,1193.95,1624.9,1168.45,1618.4,1145.95
3-168,Uninfected,No_comment,Polygon,20,1860.5,1274.15,1857.85,1296.8,1854.2,1317.35,1870,1340.5,1896.3,1353.1,1910.5,1360,1934.2,1363.1,1950,1354.15,1956.8,1346.8,1977.85,1338.4,1988.9,1330,1996.3,1314.65,1996.8,1293.1,1992.6,1272.6,1980,1256.75,1956.8,1252.1,1945.25,1244.65,1916.3,1239.45,1890.5,1246.75,1881.05,1255.2
3-169,Uninfected,No_comment,Polygon,15,1393.15,1338.9,1396.3,1316.8,1407.85,1294.65,1425.75,1273.6,1452.6,1262.1,1479.45,1251.55,1512.6,1260.5,1533.15,1275.7,1545.75,1306.3,1537.35,1361.55,1529.45,1382.05,1489.95,1396.3,1451.55,1397.85,1415.75,1386.3,1396.3,1363.6
3-170,Uninfected,No_comment,Polygon,18,1231.55,1400,1223.65,1371.05,1228.9,1343.6,1243.15,1315.7,1255.75,1288.4,1279.95,1272.1,1304.2,1264.65,1346.8,1271.55,1362.6,1284.65,1377.85,1295.2,1389.95,1317.35,1386.3,1351.55,1372.6,1375.7,1341.05,1389.65,1311.55,1404.4,1282.15,1419.65,1261.05,1423.6,1246.3,1413.6
3-171,Uninfected,No_comment,Polygon,16,1805.25,1423.6,1791.55,1436.3,1781.05,1454.7,1782.6,1478.4,1791.55,1504.7,1804.7,1519.45,1835.25,1532.55,1863.15,1528.4,1884.7,1522.55,1905.8,1511.05,1915.25,1492.05,1914.7,1457.35,1904.7,1430,1887.35,1411.05,1851.05,1408.4,1823.15,1411.05
3-172,Uninfected,No_comment,Polygon,18,1416.7,1498.1,1414.2,1509.65,1429.9,1542,1447,1557.2,1459.65,1559.7,1479.3,1552.65,1500.6,1543.05,1522.3,1539.45,1533.85,1536.95,1545.55,1523.35,1548.5,1491.5,1540.95,1465.8,1518.6,1437.6,1501.55,1424.8,1463.7,1432.95,1441,1451.15,1428.35,1463.75,1420.8,1483.9
3-173,Uninfected,No_comment,Polygon,15,1462.2,1429.35,1463.7,1410.7,1472.8,1401.15,1497.65,1390.35,1525.45,1384.85,1545.05,1384.45,1568,1396.1,1580.4,1411.25,1595.05,1446.1,1592,1470.35,1569.8,1489.45,1546.5,1486.05,1523.25,1496.15,1499.55,1482.45,1480.35,1468.35
3-174,Uninfected,No_comment,Polygon,16,1529.35,1559.2,1523.35,1577.9,1526.35,1604.15,1538,1634.45,1567.25,1659.2,1599.05,1664.75,1624.3,1659.7,1650.6,1651.1,1665.25,1641.5,1675.35,1617.8,1678.35,1591,1669.85,1568.3,1653.6,1548.1,1618.25,1535.95,1593.05,1530.4,1553.6,1541.5
3-175,Uninfected,No_comment,Polygon,16,1405.1,1674.35,1397.55,1663.75,1397.05,1634.95,1403.1,1610.7,1420.75,1597.05,1442,1589.5,1477.35,1591.5,1511.7,1601.1,1527.85,1621.8,1538.45,1641.5,1537.45,1674.35,1525.9,1695.55,1496.55,1708.7,1469.75,1715.75,1443,1710.2,1415.7,1692.55
3-176,Uninfected,No_comment,Polygon,16,1262.75,1648.85,1264.45,1633.85,1276.1,1608.3,1293.85,1590.55,1306.1,1586.1,1324.45,1565.55,1343.3,1557.75,1365.55,1556.65,1383.3,1568.3,1395,1595.55,1400.15,1636.6,1390.55,1667.75,1366.1,1692.25,1322.75,1699.45,1298.85,1696.1,1278.85,1682.75
3-177,Uninfected,No_comment,Polygon,15,1184.45,1631.1,1174.45,1611.1,1144.45,1578.3,1138.3,1542.25,1155,1508.3,1179.45,1487.8,1201.65,1480.55,1234.45,1477.25,1264.45,1492.25,1280.55,1511.1,1285.55,1544.4,1277.75,1583.85,1264.45,1608.85,1237.2,1622.75,1206.65,1629.4
3-178,Uninfected,No_comment,Polygon,17,1136.1,1730,1141.1,1705.55,1155.55,1691.1,1189.45,1671.1,1216.65,1665,1241.1,1666.1,1268.85,1672.75,1287.2,1695,1290.55,1728.85,1284.45,1760,1273.3,1777.25,1251.1,1790,1227.2,1795,1196.65,1787.75,1175.55,1772.25,1164.45,1762.25,1150,1751.7
3-179,Uninfected,No_comment,Polygon,17,1347.2,2070.55,1343.35,2048.9,1351.1,2029.45,1379.45,2020,1401.65,2014.45,1412.8,2006.65,1425.55,2013.35,1440.55,2025,1450.55,2012.8,1464.45,2020,1475.55,2048.35,1478.35,2072.8,1461.1,2102.25,1426.1,2130.55,1386.65,2125.55,1367.2,2119.45,1356.1,2096.65
3-180,Uninfected,No_comment,Polygon,19,1442.2,2132.8,1433.35,2150,1440,2184.45,1464.45,2208.35,1488.9,2216.65,1521.65,2221.1,1557.8,2210.55,1573.9,2198.9,1584.45,2183.35,1586.1,2161.65,1597.2,2144.45,1593.35,2125,1577.2,2100.55,1556.65,2092.25,1536.1,2091.1,1521.65,2087.8,1492.8,2093.35,1469.45,2096.1,1450,2116.65
3-181,Uninfected,No_comment,Polygon,13,1606.1,2268.3,1598.85,2250.55,1599.4,2212.7,1608.25,2184.95,1622.7,2171.65,1656.1,2159.95,1688.85,2167.15,1706.1,2179.95,1719.4,2206.1,1722.7,2247.15,1708.3,2276.65,1672.2,2288.3,1637.2,2284.95
3-182,Uninfected,No_comment,Polygon,14,1714.4,2315.55,1710.55,2297.15,1722.2,2268.9,1756.1,2247.15,1794.95,2253.3,1821.1,2262.7,1842.2,2277.7,1855.55,2312.15,1873.85,2333.9,1858.3,2343.9,1820.55,2341.1,1787.2,2350,1754.4,2349.4,1728.3,2337.75
3-183,Uninfected,No_comment,Polygon,14,1786.65,2237.15,1783.85,2216.1,1783.3,2188.9,1794.95,2164.95,1830.45,2147.1,1859.35,2149.35,1876.65,2164.4,1889.4,2177.7,1898.85,2203.3,1895.55,2229.4,1879.4,2243.3,1855.55,2257.15,1826.05,2264.45,1791.1,2249.95
3-184,Uninfected,No_comment,Polygon,19,2139.9,2289.95,2122.15,2308.9,2113.3,2317.7,2114.95,2327.15,2112.15,2344.95,2118.85,2370.55,2129.95,2384.4,2143.85,2406.65,2196.65,2422.15,2221.1,2411.1,2238.3,2398.3,2252.15,2383.3,2257.7,2361.1,2253.85,2333.3,2244.4,2309.95,2224.9,2284.4,2192.7,2274.95,2167.15,2276.1,2146.1,2283.3
3-185,Uninfected,No_comment,Polygon,17,2234.4,2275.55,2235.55,2262.7,2244.4,2238.9,2262.15,2229.4,2283.3,2216.65,2292.15,2210.55,2304.95,2215.55,2323.3,2214.4,2333.3,2218.9,2349.95,2233.3,2359.4,2256.1,2361.1,2303.3,2336.65,2331.65,2297.15,2345.55,2262.7,2341.1,2246.55,2312.1,2238.3,2288.9
3-186,Uninfected,No_comment,Polygon,17,2317.15,2563.9,2316.1,2542.15,2324.95,2514.4,2341.65,2492.75,2378.3,2469.95,2406.1,2467.7,2427.7,2469.95,2468.85,2478.9,2475.55,2502.75,2476.1,2533.9,2463.85,2576.65,2446.1,2605.55,2416.65,2617.15,2397.15,2619.4,2378.3,2611.1,2346.65,2597.75,2333.85,2585
3-187,Uninfected,No_comment,Polygon,17,2439.95,2607.25,2438.35,2628.35,2438.35,2657.25,2460,2685.55,2478.95,2693.35,2497.8,2696.1,2525.55,2691.1,2550.55,2682.25,2562.8,2670.55,2577.25,2648.35,2581.2,2635,2576.2,2610.55,2565.55,2590.55,2550,2572.8,2511.7,2563.9,2480,2573.9,2454.35,2588.9
3-188,Uninfected,No_comment,Polygon,20,2154.45,2685.55,2149.45,2674.45,2155.55,2653.35,2162.8,2632.8,2168.35,2608.9,2177.8,2588.35,2200.55,2577.8,2213.35,2571.65,2234.45,2572.8,2254.45,2577.25,2265.55,2580.55,2281.1,2605.55,2291.7,2623.35,2287.8,2663.9,2276.1,2697.25,2248.95,2711.65,2233.35,2719.45,2213.2,2706.05,2186.5,2699.4,2158.95,2693.9
3-189,Uninfected,No_comment,Polygon,16,2425,2800,2418.3,2776.65,2419.45,2748.9,2432.75,2727.2,2446.65,2710,2461.65,2701.15,2486.1,2696.15,2518.9,2705,2538.9,2726.65,2553.9,2757.75,2552.2,2797.2,2536.1,2822.75,2497.2,2839.45,2471.1,2835,2448.9,2827.2,2437.75,2816.65
3-190,Uninfected,No_comment,Polygon,16,2312.75,2897.75,2313.9,2877.75,2316.65,2848.35,2335.55,2820,2360,2805.55,2403.3,2795.55,2421.1,2800.55,2436.65,2812.2,2449.45,2825,2458.35,2847.2,2451.1,2867.75,2443.3,2887.75,2422.75,2912.2,2397.2,2925,2373.9,2926.65,2335,2915.6
3-191,Uninfected,No_comment,Polygon,14,2105.55,2937.2,2099.45,2915.6,2109.45,2889.45,2123.9,2873.9,2145,2856.65,2168.9,2847.2,2196.65,2843.9,2226.1,2846.65,2250,2863.35,2266.65,2880.6,2273.3,2910.6,2266.1,2935,2241.65,2959.45,2211.65,2976.15
3-192,Uninfected,No_comment,Polygon,18,1878.9,2618.9,1873.9,2589.45,1884.5,2572.2,1904.5,2560,1919.35,2526.1,1933.9,2515.55,1965.55,2506.1,1999.5,2509.45,2016.1,2519.45,2038.35,2541.1,2048.9,2567.8,2032.3,2606.05,2013.35,2638.85,1989.5,2663.35,1963.35,2655,1939.5,2638.9,1906.65,2626.1,1888.35,2626.1
3-193,Uninfected,No_comment,Polygon,15,1870.55,2626.1,1851.65,2635,1836.1,2644.45,1828.9,2661.1,1820,2690,1822.25,2721.65,1834.5,2753.9,1900,2776.65,1931.1,2774.45,1958.35,2753.35,1974.5,2727.2,1982.25,2696.1,1973.35,2657.8,1920.55,2629.45,1891.1,2621.65
3-194,Uninfected,No_comment,Polygon,14,1685.55,2610,1675,2628.9,1669.45,2656.65,1678.35,2695.55,1706.1,2715.55,1751.1,2718.35,1781.1,2705,1796.65,2688.35,1809.45,2658.35,1809.45,2624.45,1800.55,2606.1,1778.35,2598.9,1736.1,2597.2,1702.8,2602.2
3-195,Uninfected,No_comment,Polygon,17,1682.8,2613.35,1659.45,2608.35,1651.1,2599.45,1642.8,2583.9,1635,2554.45,1646.65,2521.65,1659.45,2504.45,1691.65,2486.1,1729.45,2482.8,1762.25,2499.45,1788.9,2516.1,1802.8,2545,1793.9,2585,1782.2,2602.85,1756.6,2614.45,1736.05,2622.8,1707.75,2621.6
3-196,Uninfected,No_comment,Polygon,16,2685,2967.8,2661.1,2962.8,2632.25,2953.35,2611.7,2930,2603.35,2893.35,2616.1,2855.6,2632.25,2835,2656.1,2826.7,2677.25,2832.25,2692.25,2833.9,2720.55,2845.6,2736.7,2860,2748.9,2891.7,2746.7,2925,2736.15,2952.8,2705,2968.9
3-197,Uninfected,No_comment,Polygon,14,2755.55,2935,2759.45,2913.35,2768.9,2890,2781.15,2876.7,2798.35,2869.45,2812.8,2866.7,2838.9,2868.35,2859.45,2879.45,2872.8,2896.7,2885.55,2939.45,2878.9,2960.6,2866.15,2978.35,2784.45,2987.25,2775,2981.15
3-198,Uninfected,No_comment,Polygon,19,2452.75,2157.2,2449.45,2176.15,2457.75,2216.7,2466.65,2242.75,2479.45,2261.7,2492.2,2276.7,2506.1,2286.15,2532.75,2291.15,2555.55,2291.7,2572.2,2285.55,2594.45,2273.3,2607.75,2248.3,2615.55,2215,2608.35,2177.2,2587.75,2143.3,2561.65,2118.85,2538.3,2112.2,2503.9,2124.45,2472.75,2140.55
3-199,Uninfected,No_comment,Polygon,19,2461.65,2146.7,2436.65,2141.1,2417.75,2116.1,2413.3,2086.7,2415.55,2065,2428.3,2040,2442.75,2030,2452.2,2031.1,2459.45,2027.25,2468.3,2021.1,2477.75,2016.1,2499.45,2018.85,2515,2028.85,2531.65,2047.25,2534.45,2078.85,2528.25,2115,2519.4,2131.1,2499.4,2142.75,2474.4,2148.3
3-200,Uninfected,No_comment,Polygon,16,2201.75,2173.7,2199.45,2156.15,2202.2,2134.45,2213.9,2114.45,2228.9,2105.55,2265.55,2100,2286.1,2090,2311.1,2105,2321.1,2131.1,2319.45,2156.15,2309.45,2171.15,2302.75,2192.75,2288.3,2207.2,2264.45,2216.15,2243.3,2212.2,2227.2,2201.7
3-201,Uninfected,No_comment,Polygon,16,2173.25,1917.2,2178.85,1887.8,2184.4,1871.1,2201.1,1847.2,2220.55,1831.65,2249.9,1821.65,2287.7,1830,2301.1,1836.65,2311.65,1868.9,2297.7,1896.65,2279.9,1908.9,2266.65,1931.65,2253.85,1943.35,2227.8,1956.25,2203.3,1956.65,2182.7,1940.55
3-202,Uninfected,No_comment,Polygon,14,2066.65,1952.8,2053.25,1931.1,2043.85,1902.2,2051.1,1867.8,2064.95,1852.8,2103.85,1837.8,2127.15,1836.1,2162.15,1864.45,2173.85,1896.65,2169.4,1931.65,2158.25,1956.1,2135.5,1968.35,2113.85,1969.45,2091.1,1963.9
3-203,Uninfected,No_comment,Polygon,15,2294.9,1964.45,2309.4,1931.1,2339.9,1915.55,2354.4,1907.8,2384.9,1910,2406.65,1917.2,2419.4,1932.8,2428.3,1963.35,2424.9,1988.9,2410.55,2013.35,2376.1,2027.8,2335.55,2028.35,2318.3,2020,2304.95,2001.25,2297.2,1987.35
3-204,Uninfected,No_comment,Polygon,17,1757.75,2079.45,1737.2,2071.7,1718.85,2056.1,1705,2035.55,1697.2,2012.25,1703.85,1975,1723.85,1948.9,1750.55,1938.35,1768.85,1929.45,1790,1931.7,1808.85,1940,1827.2,1953.35,1841.65,1981.1,1843.3,2012.8,1822.2,2050.55,1806.1,2066.7,1779.45,2076.7
3-205,Uninfected,No_comment,Polygon,15,1923.3,1958.35,1911.65,1937.8,1909.45,1916.1,1916.1,1895,1926.65,1874.45,1947.75,1862.25,1983.85,1858.35,2008.3,1868.35,2027.75,1882.25,2044.45,1909.5,2053.3,1954.45,2041.65,1981.1,2015.45,1985.85,1983.2,1988.1,1957.1,1978.1
3-206,Uninfected,No_comment,Polygon,15,2006.1,1693.85,1987.25,1688.85,1960.55,1677.2,1951.75,1655.5,1953.95,1620.5,1968.95,1593.25,1988.35,1573.8,2012.25,1569.95,2043.95,1577.7,2066.75,1594.4,2076.1,1604.95,2086.2,1632.7,2086.75,1658.25,2057.25,1693.25,2031.1,1697.7
3-207,Uninfected,No_comment,Polygon,14,1378.35,2390.05,1380.1,2365.45,1406.45,2328.05,1431.55,2317.5,1457.35,2311.65,1477.75,2318.7,1517,2342.05,1533.35,2364.9,1547.35,2386.5,1548.55,2417.5,1546.2,2432.15,1512.25,2447.9,1477.75,2460.8,1431.55,2456.7
3-208,Uninfected,No_comment,Polygon,14,1517.9,557.8,1514.2,583.6,1521.55,605.7,1541.55,634.1,1578.95,648.4,1611.55,648.4,1646.3,643.1,1672.05,628.4,1682.6,602.05,1674.7,566.75,1662.1,539.95,1631.55,525.15,1584.7,514.15,1560.5,518.85
3-209,Uninfected,No_comment,Polygon,16,1515.75,650.5,1500.5,674.1,1492.1,704.65,1501.05,731.55,1511.55,753.1,1541.9,777.5,1606.3,785.7,1640,773.6,1656.3,759.95,1665.25,734.1,1666.3,705.15,1654.2,678.9,1613.15,644,1584.2,641.95,1557.9,639.3,1537.35,644.1