215,5312,2988
3-1,Parasitized,No_comment,Polygon,13,1703,989.05,1736,980.05,1754,960.05,1759,934.05,1746,899.05,1724,877.05,1695,874.05,1667,879.05,1641,898.05,1636,922.05,1642,952.05,1654,972.05,1682,992.05
3-2,Parasitized,No_comment,Polygon,12,4132.45,1773.2,4160.4,1766.25,4183.65,1748.85,4192.95,1723.2,4189.4,1695.35,4175.45,1669.7,4146.45,1659.25,4117.3,1658.15,4087.15,1673.2,4070.8,1708.15,4082.45,1744.2,4101.1,1766.25
3-3,Uninfected,No_comment,Polygon,13,3361.5,1708.15,3324.35,1694.2,3305.75,1656.95,3305.75,1610.4,3323.2,1587.15,3340.6,1576.75,3370.8,1575.6,3391.8,1584.9,3417.3,1612.8,3429,1645.35,3432.5,1684.9,3421.95,1700,3384.75,1709.25
3-4,Uninfected,No_comment,Polygon,12,3388.25,1552.3,3373.2,1515.05,3394.05,1484.9,3421.95,1463.9,3459.25,1462.8,3480.1,1469.7,3497.55,1491.8,3512.65,1522.1,3505.75,1545.3,3490.6,1569.7,3448.7,1580.25,3411.5,1573.2
3-5,Uninfected,No_comment,Polygon,14,3322,1508.15,3280.1,1484.9,3267.35,1454.6,3268.55,1420.95,3281.3,1390.65,3316.15,1367.45,3346.45,1366.3,3365.05,1366.3,3396.45,1386,3413.9,1425.6,3410.4,1445.3,3384.75,1481.4,3359.25,1502.3,3334.75,1508.15
3-6,Uninfected,No_comment,Polygon,18,2036.6,2037.45,2026.9,2056.4,2026,2075.8,2026.9,2101.8,2036.15,2122.05,2048.9,2134.8,2064.35,2144.95,2083.7,2146.25,2100.9,2145.4,2125.6,2122.05,2145.85,2095.15,2144.5,2069.6,2137.45,2047.15,2124.7,2026.9,2114.1,2015.45,2096.05,2008.85,2067.85,2010.6,2046.3,2021.6
3-7,Uninfected,No_comment,Polygon,20,2160.8,1955.1,2154.65,1967.85,2151.15,1986.35,2157.3,2014.1,2164.8,2031.75,2181.1,2047.15,2189.45,2053.3,2212.8,2058.6,2237.9,2054.65,2257.3,2048.05,2276.25,2033.5,2289.9,2012.35,2292.1,1988.1,2285.95,1963.9,2276.7,1944.95,2259.95,1933.5,2240.55,1923.8,2221.15,1919.85,2191.65,1929.1,2173.15,1941.85
3-8,Uninfected,No_comment,Polygon,19,2081.95,2202.65,2101.35,2163.45,2122.95,2133.05,2146.7,2102.65,2162.15,2086.35,2184.6,2072.25,2198.25,2070.5,2214.55,2080.2,2219.4,2095.6,2221.15,2111.9,2212.8,2129.55,2203.1,2156.85,2190.75,2182.4,2178.45,2205.75,2158.6,2230.85,2133.95,2247.6,2105.75,2255.1,2088.55,2243.2,2082.4,2228.65
3-9,Uninfected,No_comment,Polygon,16,2243.2,2094.3,2232.65,2104.85,2222.05,2124.25,2223.35,2151.55,2233.05,2175.8,2256.85,2195.6,2277.55,2205.3,2302.65,2206.2,2321.6,2198.25,2339.25,2186.35,2351.15,2159.05,2348.05,2131.3,2334.85,2097.8,2317.65,2081.95,2291.2,2075.8,2270.5,2077.55
3-10,Uninfected,No_comment,Polygon,20,1924.25,2174.9,1906.2,2167.4,1891.65,2150.7,1881.95,2132.6,1876.65,2110.6,1886.8,2083.3,1900,2067.4,1909.25,2053.3,1930.85,2044.95,1959.5,2046.25,1972.25,2051.55,1991.2,2055.1,2001.8,2059.95,2014.1,2069.6,2020.75,2104.4,2019.4,2127.75,2007.5,2145.85,1984.15,2167.4,1957.3,2176.65,1939.65,2176.25
3-11,Uninfected,No_comment,Polygon,22,1893.8,2064.6,1877.55,2057.9,1851.7,2049.8,1842.1,2035.4,1831.6,2008.65,1833.05,1986.6,1842.6,1971.8,1863.65,1956.45,1885.65,1947.85,1916.75,1938.75,1941.65,1945.45,1945.95,1950.25,1960.8,1954.55,1987.1,1958.4,2006.7,1970.35,2021.55,1989,2019.15,2015.35,2009.1,2034,1989,2048.8,1954.85,2063.9,1931.9,2072.05,1906.1,2073.95
3-12,Uninfected,No_comment,Polygon,15,1778,1925.85,1778.5,1900.5,1782.8,1878.5,1791.9,1854.55,1812.95,1835.9,1840.7,1830.65,1859.35,1837.8,1875.15,1851.2,1881.85,1869.85,1878.5,1894.25,1869.85,1932.05,1850.25,1948.35,1833.5,1956,1815.3,1957.9,1797.15,1947.85
3-13,Uninfected,No_comment,Polygon,21,1938.3,1860.3,1931.6,1874.2,1929.7,1894.75,1930.65,1917.25,1941.15,1934.45,1957.45,1944.05,1982.3,1950.75,1998.6,1949.8,2017.7,1948.35,2034.95,1935.4,2045,1920.6,2050.25,1903.35,2049.3,1883.25,2046.45,1869.85,2040.2,1856.95,2029.7,1846.4,2012,1834.95,1998.1,1831.6,1975.6,1833.05,1958.85,1843.55,1950.25,1847.4
3-14,Uninfected,No_comment,Polygon,21,1711.95,2018.2,1704.3,2028.65,1700.95,2052.15,1701.4,2073.65,1707.15,2087.55,1711,2106.25,1726.8,2118.65,1748.3,2132.05,1767.45,2139.7,1784.65,2145.9,1811.45,2133.5,1828.7,2118.65,1838.25,2095.2,1839.15,2073.2,1833,2045.45,1821.5,2022.5,1797.6,1998.55,1771.75,1988.05,1748.8,1988.5,1716.75,2000.95,1714.35,2015.8
3-15,Uninfected,No_comment,Polygon,17,1537.8,2122.5,1541.15,2094.75,1549.75,2076.55,1573.65,2060.3,1596.65,2051.2,1621.5,2052.15,1647.35,2057.9,1667.4,2070.8,1680.35,2077,1692.8,2094.75,1686.6,2118.2,1678.45,2143.05,1660.75,2161.75,1632.05,2173.7,1602.4,2179.9,1570.8,2176.1,1555.5,2168.45
3-16,Uninfected,No_comment,Polygon,16,1556.9,1946.9,1556.45,1966.05,1570.8,2004.3,1610.5,2028.25,1629.6,2028.65,1663.6,2019.15,1683.25,2006.7,1695.2,1988.05,1700.45,1962.2,1692.8,1937.3,1677,1916.25,1656.85,1902.85,1622.4,1896.65,1597.1,1903.85,1576.05,1916.25,1568.9,1925.85
3-17,Uninfected,No_comment,Polygon,17,1445.5,1812.55,1456.5,1795.75,1488.45,1775.9,1513.05,1770.6,1544.45,1779.5,1564.35,1797.3,1582.7,1816.7,1589,1841.3,1585.85,1870.1,1570.7,1889.5,1545,1910.45,1522.5,1912,1496.3,1909.4,1461.8,1893.7,1448.15,1883.75,1439.25,1863.35,1440.8,1839.25
3-18,Uninfected,No_comment,Polygon,18,1569.6,1698.4,1581.1,1689.5,1604.7,1674.35,1641.85,1665.45,1684.8,1676.9,1698.9,1695.75,1709.9,1725.6,1705.7,1750.2,1697.9,1765.45,1680.6,1783.75,1664.9,1801.55,1639.75,1813.55,1612,1811.5,1591.05,1802.6,1573.25,1788.4,1561.25,1761.2,1558.1,1739.75,1563.85,1721.45
3-19,Uninfected,No_comment,Polygon,19,1939.25,1650.7,1931.9,1667.45,1921.95,1687.35,1919.35,1707.3,1916.75,1730.35,1926.2,1753.9,1939.75,1778.45,1960.2,1795.2,1979,1804.1,2000.5,1808.9,2016.75,1797.85,2035.05,1782.2,2040.3,1759.6,2035.05,1726.15,2025.1,1694.2,2016.2,1673.8,2004.15,1656.55,1986.9,1646.6,1958.1,1641.3
3-20,Uninfected,No_comment,Polygon,18,2131.4,1807.35,2134,1791.1,2144.5,1776.45,2169.6,1768.05,2195.25,1766.5,2226.15,1771.2,2250.75,1778.55,2267.5,1787.45,2281.15,1805.75,2285.3,1827.25,2281.7,1853.4,2258.1,1876.45,2230.35,1883.75,2195.8,1885.85,2168.55,1873.3,2150.25,1860.2,2136.65,1845.05,2129.35,1827.75
3-21,Uninfected,No_comment,Polygon,18,2264.4,1773.8,2273.3,1769.1,2290.05,1763.85,2323,1770.15,2349.7,1801.55,2359.65,1812.05,2370.65,1836.65,2367.5,1852.9,2361.75,1878.55,2337.7,1896.85,2316.2,1902.1,2283.25,1890.6,2262.8,1873.3,2245.55,1857.6,2239.75,1839.25,2239.75,1813.6,2246.1,1785.4,2259.15,1776.45
3-22,Uninfected,No_comment,Polygon,22,2107.3,1748.7,2094.75,1735.1,2083.8,1708.9,2080.1,1683.75,2086.35,1658.65,2095.8,1635.1,2112,1615.2,2146.6,1606.3,2165.4,1601.55,2186.35,1600,2200,1606.3,2213.6,1614.15,2227.25,1633.5,2232.95,1653.95,2234,1674.35,2231.4,1696.35,2219.9,1725.65,2207.3,1739.25,2183.8,1754.95,2162.85,1761.25,2143.45,1761.25,2121.95,1753.4
3-23,Uninfected,No_comment,Polygon,22,1811.5,1625.15,1821.45,1614.65,1841.35,1605.25,1860.2,1597.9,1882.75,1603.15,1907.3,1618.3,1914.65,1640.3,1916.75,1660.2,1910.95,1681.7,1903.1,1705.75,1896.85,1729.3,1886.9,1750.25,1869.1,1762.85,1848.65,1768.05,1818.85,1759.7,1808.4,1749.75,1799.5,1729.85,1790.6,1712.55,1785.85,1692.15,1790.3,1669.3,1795,1649.95,1801.55,1638.2
3-24,Uninfected,No_comment,Polygon,19,1761.25,1619.9,1755.5,1624.6,1740.3,1646.05,1739.75,1662.3,1738.2,1678.55,1745.05,1695.8,1757.05,1709.95,1766.45,1716.75,1792.1,1720.95,1802.1,1717.8,1817.3,1709.95,1828.3,1700,1838.7,1676.95,1844.5,1654.45,1841.85,1635.6,1835.1,1620.4,1821.95,1610.45,1802.05,1607.85,1782.75,1609.4
3-25,Uninfected,No_comment,Polygon,19,1920.4,1487.4,1912.55,1500.5,1905.75,1518.8,1905.25,1538.2,1904.7,1564.35,1922.5,1595.75,1942.4,1615.65,1963.35,1621.95,1982.7,1623,1999.45,1616.7,2010.45,1606.25,2019.9,1591.05,2019.35,1565.4,2014.65,1538.7,2002.6,1515.15,1987.45,1501.55,1972.75,1486.35,1951.3,1478.5,1932.45,1484.25
3-26,Uninfected,No_comment,Polygon,23,2076.95,1494.2,2089.5,1485.8,2115.2,1476.4,2135.6,1476.4,2151.8,1488.95,2165.45,1503.65,2176.95,1513.05,2186.9,1532.95,2189.5,1554.95,2181.65,1573.25,2164.4,1589.5,2143.95,1598.9,2125.1,1599.45,2115.7,1604.65,2097.9,1600.5,2082.7,1593.15,2070.65,1587.4,2060.7,1570.65,2049.2,1560.7,2044.5,1548.65,2048.15,1527.2,2055.5,1510.95,2069.1,1498.4
3-27,Uninfected,No_comment,Polygon,20,2064.4,1496.8,2054.45,1488.95,2048.7,1469.6,2046.05,1451.25,2058.65,1434.5,2067.55,1421.45,2090.05,1414.6,2107.3,1407.3,2123.05,1412.55,2140.85,1419.35,2151.3,1431.9,2167,1449.2,2170.15,1474.85,2162.3,1496.3,2151.25,1506.2,2150.75,1526.1,2128.2,1537.6,2098.85,1546,2083.2,1532.35,2072.75,1513
3-28,Uninfected,No_comment,Polygon,18,2213.1,1521.45,2227.2,1511.5,2238.2,1505.7,2251.85,1502.05,2284.3,1512.55,2313.1,1526.65,2334.55,1544.45,2349.75,1569.05,2359.7,1590,2349.75,1594.75,2324.6,1606.75,2292.65,1620.4,2255.5,1617.25,2225.65,1607.3,2204.7,1593.15,2197.9,1577.95,2196.85,1555.45,2204.7,1537.15
3-29,Uninfected,No_comment,Polygon,20,2397.4,1507.85,2403.65,1492.65,2411,1478.55,2433,1467.55,2449.75,1465.45,2473.85,1470.7,2492.7,1478,2508.4,1484.8,2522,1494.25,2532.45,1505.25,2542.95,1533.5,2542.4,1558.65,2528.8,1581.15,2492.15,1593.2,2465.95,1596.35,2444.5,1585.85,2422.5,1572.8,2408.4,1552.9,2400.55,1538.75,2397.4,1522
3-30,Uninfected,No_comment,Polygon,20,2307.35,1550.2,2304.7,1563.3,2300,1593.15,2306.8,1614.6,2315.2,1635.6,2326.7,1656,2352.35,1673.8,2390.05,1687.95,2411,1683.25,2430.9,1676.95,2450.8,1665.45,2473.85,1656.55,2468.6,1646.1,2457.6,1623.05,2439.8,1595.3,2417.3,1568.6,2392.7,1549.2,2363.35,1548.15,2329.85,1550.2,2318.85,1549.15
3-31,Uninfected,No_comment,Polygon,17,2226.7,1462.3,2225.15,1438.2,2231.95,1422,2245.05,1402.6,2262.3,1397.9,2293.7,1399.5,2308.9,1404.7,2328.3,1416.25,2347.65,1430.35,2356.05,1451.85,2358.65,1467.55,2352.9,1486.9,2342.4,1502.1,2315.7,1506.8,2283.25,1504.7,2262.3,1497.4,2236.65,1484.3
3-32,Uninfected,No_comment,Polygon,19,2504.7,1641.9,2508.4,1616.75,2521.45,1601.05,2544.5,1584.3,2563.9,1574.85,2590.05,1572.25,2611.55,1577.5,2623.05,1586.9,2641.9,1600.55,2656.55,1622,2659.15,1647.1,2653.4,1671.75,2641.9,1698.45,2620.45,1716.75,2588.5,1720.95,2552.35,1714.65,2526.2,1702.6,2511.5,1680.65,2507.35,1670.15
3-33,Uninfected,No_comment,Polygon,20,2653.95,1479.05,2644.5,1493.2,2640.3,1507.35,2639.8,1532.45,2647.65,1555,2658.1,1569.1,2669.1,1580.1,2689,1587.95,2716.75,1590.05,2744.5,1580.1,2756.05,1560.2,2762.85,1540.85,2766,1522.5,2762.3,1506.8,2757.1,1493.2,2749.2,1480.65,2729.35,1467,2714.15,1459.15,2689,1459.7,2672.8,1464.4
3-34,Uninfected,No_comment,Polygon,24,2343.55,1262.1,2360.55,1248,2381.9,1236.7,2411.35,1231.05,2441.55,1235.5,2460.1,1242.75,2476.6,1255.65,2487.95,1272.2,2490.35,1283.8,2487.5,1303.25,2483.05,1324.6,2465.75,1335.5,2458.95,1354.85,2445.2,1372.6,2423.85,1382.65,2406.45,1386.3,2376.55,1370.6,2363.35,1360.9,2356.45,1343.95,2350.4,1322.55,2355.3,1307.25,2343.55,1296.3,2337.9,1284.7,2340,1270.95
3-35,Uninfected,No_comment,Polygon,22,2340,1324.2,2327.9,1332.65,2325,1348.8,2323.45,1363.3,2326.25,1382.65,2334.3,1395.55,2343.95,1414.1,2362.5,1422.2,2383.95,1427.8,2402.5,1425.8,2423.85,1419.75,2440,1404.85,2454.5,1384.7,2459.7,1361.3,2458.05,1339.5,2450.35,1316.55,2429,1299.2,2404.8,1292.75,2377,1297.6,2363.65,1302.4,2354.4,1310.5,2348.45,1317.35
3-36,Uninfected,No_comment,Polygon,19,2464.1,1352.8,2473.05,1340.75,2487.95,1333.05,2502.1,1329.45,2533.95,1335.05,2553.65,1351.2,2567,1370.55,2571.05,1392.75,2574.2,1423.4,2564.6,1450.4,2538.35,1466.55,2513.35,1469.75,2481.05,1462.1,2456.05,1453.65,2438.75,1436.3,2434.7,1421.8,2437.2,1401.2,2442.4,1378.25,2450.85,1364.9
3-37,Uninfected,No_comment,Polygon,18,2237.1,1150,2233,1159.35,2228.15,1175.9,2229.45,1198.65,2233.95,1225,2254.9,1245.1,2284.4,1256.7,2304.45,1262.5,2333,1249.55,2357.15,1232.6,2366.1,1205.35,2369.65,1179.45,2362.1,1151.75,2352.7,1132.15,2325.9,1123.2,2301.75,1120.95,2274.6,1127.2,2256.25,1136.15
3-38,Uninfected,No_comment,Polygon,19,2043.75,1325.9,2044.6,1305.35,2057.1,1287.95,2074.15,1273.65,2097.75,1266.95,2117.9,1266.05,2140.65,1271.4,2154,1283,2165.2,1300.45,2172.75,1323.65,2171.45,1348.65,2162.5,1368.3,2142.45,1385.7,2115.2,1395.1,2096.45,1395.55,2070.5,1387.95,2058.95,1378.1,2049.55,1362.5,2045.5,1343.75
3-39,Uninfected,No_comment,Polygon,19,1942.45,1105.35,1932.1,1115.15,1921.9,1132.6,1916.5,1147.3,1915.65,1169.2,1921.9,1182.6,1931.65,1204.45,1948.2,1220.1,1971.45,1231.25,1997.3,1231.25,2019.2,1217.4,2029.45,1196.4,2033.5,1178.55,2033,1151.75,2032.55,1125.9,2022.3,1101.35,2004,1093.3,1987.05,1088.85,1965.65,1091.5
3-40,Uninfected,No_comment,Polygon,18,1912.5,1201.35,1907.55,1212.5,1906.65,1231.25,1908.5,1261.15,1915.2,1275.45,1927.7,1293.3,1954.45,1313.4,1987.95,1310.25,2003.55,1303.1,2031.25,1289.25,2036.65,1270.95,2038.35,1250.45,2033,1225,2017.9,1204,2002.25,1186.15,1972.8,1170.95,1951.35,1177.65,1929.1,1187.05
3-41,Uninfected,No_comment,Polygon,18,2197.3,983.9,2175,995.1,2166.05,1014.7,2166.5,1038.4,2171.85,1062.95,2182.6,1088.85,2204.9,1113.85,2225.45,1122.35,2257.15,1122.8,2278.55,1112,2290.6,1095.1,2297.3,1073.2,2299.55,1046.4,2291.95,1021.4,2272.75,995.95,2254.45,983.45,2229,974.05,2215.2,975.45
3-42,Uninfected,No_comment,Polygon,18,2316.05,978.15,2312.05,987.45,2308.5,1006.7,2312.05,1033.45,2319.2,1054.05,2332.15,1067.4,2360.7,1083.05,2383.5,1087.45,2408.05,1083.45,2427.25,1074.95,2435.25,1063.4,2436.15,1041.55,2433.95,1016.95,2421.9,988.85,2402.7,974.05,2380.8,962.95,2361.15,961.15,2337.5,967.8
3-43,Uninfected,No_comment,Polygon,17,2450.45,1104.9,2460.7,1090.15,2473.2,1076.35,2491.95,1066.95,2516.5,1062.95,2538.85,1063.4,2561.15,1075.45,2576.35,1100.9,2581.7,1127.65,2575,1159.35,2556.7,1182.6,2528.15,1195.1,2502.7,1194.65,2480.8,1184.35,2466.95,1171.85,2455.8,1158.9,2448.65,1136.6
3-44,Uninfected,No_comment,Polygon,23,1982.15,1012.95,1982.15,1022.8,1985.7,1044.2,1991.95,1060.3,2008.05,1082.15,2030.35,1090.15,2048.65,1099.95,2070.55,1095.1,2088.4,1083.9,2096,1075.9,2103.55,1060.7,2104,1026.35,2098.2,1011.15,2088.85,996.4,2070.55,980.75,2049.55,976.8,2043.75,980.75,2043.3,987.95,2045.55,997.8,2038.4,1008.05,2023.65,1013.85,2011.6,1014.7,1987.95,1009.85
3-45,Uninfected,No_comment,Polygon,19,1919.2,896.4,1906.7,924.5,1903.55,947.8,1912.05,973.2,1925,988.4,1942.45,1000.9,1954.95,1001.35,1976.75,1000.9,1996,995.1,2010.25,981.7,2023.7,965.65,2029,952.65,2034.4,933.9,2029.95,920.1,2020.05,899.1,2004,879.45,1985.7,873.65,1960.7,874.5,1935.25,882.6
3-46,Uninfected,No_comment,Polygon,22,1941.05,871.9,1939.3,860.7,1942.9,842.4,1956.25,814.3,1970.5,801.35,1996,786.15,2011.65,782.15,2029,784.4,2050.45,792.4,2069.6,800.9,2082.1,815.15,2089.25,834.85,2092.9,854.05,2087.5,877.65,2070.05,899.95,2047.3,909.4,2033.95,920.55,2018.7,931.6,2001.25,935.6,1976.25,934.3,1960.25,924.9,1949.95,908
3-47,Uninfected,No_comment,Polygon,24,2139.75,820.95,2146,807.6,2158,789.3,2171,781.25,2191.1,775,2206.7,775,2222.35,775.9,2237.1,775.9,2250,773.2,2259.85,776.75,2270.95,787.5,2279.45,798.2,2288.4,811.15,2295.95,828.6,2291.1,856.7,2282.15,877.2,2263.4,894.2,2236.65,909.85,2210.7,915.65,2173.2,907.15,2155.4,895.1,2146,880.35,2138.8,863.4,2136.2,845.55
3-48,Uninfected,No_comment,Polygon,26,2295.5,820.55,2301.3,807.6,2307.15,793.25,2320.95,787,2334.85,783.05,2353.15,784.4,2364.25,789.3,2373.65,797.8,2383.45,804.45,2390.65,821.9,2395.05,837.5,2395.5,852.65,2393.8,864.3,2386.15,880.35,2379.9,896.4,2374.6,905.75,2376.3,919.65,2372.35,931.2,2355.85,945.1,2324.15,944.2,2302.2,931.2,2293.8,914.3,2284.85,890.65,2280.35,872.75,2286.15,844.6,2288.8,830.75
3-49,Uninfected,No_comment,Polygon,44,2499.1,959.4,2518.3,950.9,2521,933.05,2533.5,925.45,2534.4,910.7,2547.3,904.05,2561.15,904.9,2570.1,900.45,2579.45,896.9,2586.6,902.2,2591.95,905.35,2605.8,907.15,2615.2,912.95,2617.85,916.55,2627.25,920.1,2632.15,926.35,2629.9,939.7,2626.8,962,2632.6,965.15,2630.35,973.2,2621,980.75,2625.45,997.35,2618.75,1015.65,2610.7,1021.9,2610.7,1029.05,2604.9,1033.45,2595.55,1038.85,2583.5,1049.95,2573.65,1051.8,2555.8,1054.9,2549.1,1058.45,2538.85,1054.9,2520.55,1052.2,2521,1043.7,2506.25,1045.1,2503.55,1034.4,2501.8,1028.6,2495.1,1023.25,2494.65,1016.1,2496.45,1007.6,2495.1,998.65,2494.65,989.3,2502.25,980.35,2499.1,967.85
3-50,Uninfected,No_comment,Polygon,38,2441.5,968.25,2436.6,967.85,2414.3,968.25,2403.15,960.7,2397.3,955.35,2383.5,949.95,2388.85,937.95,2384.35,928.6,2383.95,921.9,2388.85,910.7,2394.2,907.15,2397.3,884.4,2404,879.05,2406.25,872.8,2416.95,867.4,2433.5,857.6,2433.5,846.9,2439.75,843.25,2448.2,845.55,2456.7,847.8,2468.3,840.65,2480.35,846.9,2492.4,850.9,2499.1,854.9,2499.1,870.55,2518.3,875.9,2518.75,889.7,2517.4,904.45,2527.25,912.95,2521.45,920.95,2507.15,927.2,2515.65,941.55,2497.3,949.1,2491.5,956.7,2479,958.9,2471,966.95,2469.65,972.8,2460.7,971.4
3-51,Uninfected,No_comment,Polygon,26,2655.35,945.1,2660.7,933.9,2667.4,924.5,2683.5,918.25,2698.65,915.65,2713.4,924.5,2724.1,926.8,2735.7,930.75,2742.85,936.15,2746.9,938.4,2753.6,942.85,2765.65,950.45,2771,958.9,2778.6,976.8,2784.85,991.55,2786.6,1016.1,2779.45,1031.7,2765.2,1042.85,2754,1052.2,2738.4,1054.05,2723.2,1047.8,2706.25,1044.65,2697.75,1035.3,2682.6,1026.8,2664.75,1004.05,2654.45,973.2
3-52,Uninfected,No_comment,Polygon,21,2606.7,762.95,2601.35,772.35,2598.2,785.7,2592.85,805.35,2593.3,819.2,2598.2,840.15,2616.95,856.7,2630.35,862.5,2656.25,867,2674.1,862.5,2696,852.65,2712.5,842.4,2720.55,821.4,2724.1,792.4,2720.1,775.9,2715.15,766.1,2704.45,755.75,2684.8,750,2659.35,745.55,2633.05,742.4,2621,749.5
3-53,Uninfected,No_comment,Polygon,22,2589.75,762.95,2578.1,757.6,2565.6,748.2,2547.3,733.05,2533.45,715.65,2521.4,697.8,2516.5,672.35,2528.1,643.75,2537.95,629.9,2558.05,616.95,2579.45,616.1,2605.8,619.65,2615.6,624.05,2620.1,639.7,2631.25,655.75,2639.3,667.4,2644.2,694.65,2641.5,718.25,2637.95,745.1,2633.9,762.95,2623.2,771.4,2607.6,768.25
3-54,Uninfected,No_comment,Polygon,19,2383.45,706.7,2375,725.9,2374.55,744.2,2374.55,765.2,2385.25,782.6,2398.2,797.8,2412.05,811.15,2433.45,820.55,2462.95,817.4,2486.15,807.15,2512.5,786.6,2513.85,767.4,2518.75,743.25,2512.95,713.85,2502.2,694.2,2484.35,677.2,2445.1,673.2,2415.15,678.6,2398.2,691.1
3-55,Uninfected,No_comment,Polygon,20,3097.3,671.95,3087.95,690.25,3085.7,709,3088.85,740.7,3098.65,759.45,3104.45,771,3112.95,778.6,3140.6,788.45,3169.2,790.2,3187.95,787.05,3206.7,779.5,3217.85,766.55,3224.55,747.8,3226.8,721.95,3219.2,694.25,3210.25,674.1,3193.75,653.6,3166.5,647.35,3135.25,648.65,3116.5,655.35
3-56,Uninfected,No_comment,Polygon,24,2786.15,746,2786.6,706.3,2796.4,684.85,2814.7,666.55,2825.9,658.05,2842.85,651.35,2860.7,650.95,2882.6,655.8,2895.55,669.7,2905.35,682.6,2908.5,701.35,2910.7,720.1,2909.8,737.55,2902.25,751.35,2890.15,752.75,2876.8,747.35,2876.8,755.8,2862.95,761.15,2845.55,764.75,2833.45,761.15,2835.25,753.6,2825,758.05,2806.7,759,2791.95,755.35
3-57,Uninfected,No_comment,Polygon,31,2925.45,701.35,2921,712.05,2921.4,733.05,2917.85,758.5,2924.1,770.1,2929,780.8,2936.6,788,2945.1,791.55,2956.7,801.35,2975.45,805.8,2986.6,803.2,3003.55,797.8,3015.15,797.35,3026.35,796.45,3033.05,788.45,3047.3,777.75,3053.55,770.55,3055.8,758.05,3064.75,745.1,3064.75,734,3057.15,723.65,3051.8,703.2,3038.85,693.3,3029,688.85,3018.75,679.45,3000.9,682.6,2988.85,679.45,2976.8,674.1,2966.95,679.05,2958.05,684.45,2941.5,684
3-58,Uninfected,No_comment,Polygon,21,2942,870.5,2946.4,843.3,2955.8,828.1,2974.55,816.95,3011.65,808.9,3031.75,808.45,3053.6,816.5,3074.55,825.85,3091.55,844.6,3101.4,861.6,3104.95,882.1,3100.95,901.3,3092.9,911.15,3081.75,931.25,3067.9,944.2,3040.2,950,3013.9,945.5,2992,934.35,2967,922.3,2951.8,904.45,2945.15,890.15
3-59,Uninfected,No_comment,Polygon,21,2817.45,913.35,2825.95,891.95,2838.45,871.85,2854.05,856.7,2877.25,848.2,2900.05,841.5,2924.55,843.75,2943.3,856.7,2974.1,872.25,2981.7,883.4,2992.85,898.15,2998.65,920,2999.55,936.55,2993.3,954.9,2973.25,979,2939.3,1004,2894.25,1005.8,2861.6,994.2,2845.1,981.25,2831.75,956.25,2821.4,941.05
3-60,Uninfected,No_comment,Polygon,25,2977.25,984.8,2979.95,1003.55,2979.95,1019.65,2985.75,1040.15,2999.55,1052.65,3016.55,1061.6,3032.65,1067.4,3060.75,1070.05,3082.65,1059.8,3100.95,1051.3,3113.9,1036.15,3121.85,1017.85,3125,995.95,3116.55,968.75,3103.55,937.5,3090.6,921.4,3082.6,908.85,3063.85,901.25,3038.4,899.05,3020.1,902.6,3013.4,912.9,2997.3,925.8,2992,940.1,2984.8,953.5,2975.95,970
3-61,Uninfected,No_comment,Polygon,17,3072.8,1059.3,3075.9,1028.05,3085.3,1008.4,3107.6,993.7,3128.6,984.35,3152.25,980.8,3176.35,988.4,3189.75,1000.9,3202.7,1018.3,3208.5,1039.7,3209.4,1064.25,3199.55,1086.15,3176.8,1107.55,3141.1,1122.3,3112.95,1120.5,3085.75,1108,3073.65,1083
3-62,Uninfected,No_comment,Polygon,18,2979.95,1149.55,3000.5,1132.6,3020.1,1122.75,3038.85,1114.25,3062.5,1112.5,3084.8,1123.2,3111.6,1147.3,3117.85,1165.6,3123.7,1187.05,3114.75,1212.05,3097.8,1239.3,3069.25,1251.35,3034.35,1255.8,3004.95,1248.65,2986.2,1234.35,2971.85,1213.85,2970.95,1189.7,2971.85,1165.6
3-63,Uninfected,No_comment,Polygon,30,2629,1113.8,2637.95,1102.2,2644.2,1090.6,2661.15,1080.35,2671.45,1076.3,2682.15,1068.3,2693.3,1068.75,2706.7,1070.95,2721,1065.15,2733.95,1071.4,2746.45,1079.9,2755.35,1090.15,2762.95,1098.65,2767.85,1112.05,2767.4,1123.2,2771.9,1131.7,2774.1,1144.2,2766.95,1154,2760.3,1171.85,2753.15,1183.9,2734.4,1198.2,2712.95,1205.35,2685.7,1203.1,2664.3,1195.95,2653.15,1195.95,2643.75,1191.5,2632.6,1179.45,2618.75,1167.85,2616.95,1143.3,2623.2,1130.35
3-64,Uninfected,No_comment,Polygon,26,2664.75,1220.05,2673.2,1208.45,2678.55,1187,2687,1173.6,2700.85,1163.75,2716.05,1161.1,2728.95,1164.2,2736.1,1167.35,2748.15,1174.95,2758.95,1179,2767.4,1178.55,2783.05,1188.8,2795.1,1204,2805.8,1218.3,2811.6,1233.45,2814.3,1256.25,2808.05,1279,2794.65,1293.75,2772.8,1311.15,2743.3,1318.75,2712.5,1315.15,2692.85,1309.35,2678.15,1295.95,2666.5,1278.55,2659.85,1260.7,2660.7,1240.6
3-65,Uninfected,No_comment,Polygon,36,2777.7,1091.05,2776.35,1079,2793.75,1070.05,2808.5,1059.8,2822.8,1056.7,2829.05,1060.25,2836.15,1062.5,2850.9,1061.6,2864.3,1070.5,2865.65,1077.2,2884.85,1087.95,2892.4,1084.35,2900.45,1090.15,2903.6,1100.45,2925,1123.65,2922.8,1136.15,2916.95,1142.4,2917.4,1151.3,2922.8,1158.45,2912.05,1170.5,2904.45,1177.65,2899.1,1184.35,2880.8,1187.95,2866.1,1187.5,2854.9,1185.25,2840.2,1186.6,2829.9,1179.45,2825.9,1169.2,2816.55,1170.05,2808.95,1159.8,2796.9,1159.8,2790.65,1155.35,2787.5,1136.15,2771,1124.55,2770.55,1112.95,2778.6,1100
3-66,Uninfected,No_comment,Polygon,20,2823.25,1237.5,2830.35,1220.1,2845.55,1208.05,2870.15,1202.7,2883.9,1197.75,2908.5,1203.55,2929.05,1210.25,2944.25,1221.45,2950.5,1242.85,2952.25,1259.35,2957.2,1269.2,2948.7,1279.9,2935.3,1299.55,2916.1,1313.4,2881.3,1315.6,2862.05,1308.5,2845.55,1297.3,2832.2,1288.85,2825.05,1275,2821,1258.5
3-67,Uninfected,No_comment,Polygon,38,2900.5,1364.75,2904.05,1343.3,2909.85,1331.7,2912.05,1320.1,2919.7,1315.2,2928.6,1311.15,2933.9,1304.45,2942.45,1301.8,2954.5,1298.65,2960.75,1293.75,2974.15,1290.2,2984.85,1283.5,2996.45,1281.25,3006.75,1287.5,3013,1287.95,3020.55,1288.4,3028.6,1297.3,3031.75,1306.25,3030.8,1314.3,3045.15,1323.2,3046,1328.55,3035.3,1348.2,3042,1351.35,3033.95,1372.75,3012.05,1391.5,3004.05,1402.7,2991.1,1412.5,2982.2,1421,2972.8,1428.15,2960.75,1427.7,2949.55,1425,2938.9,1430.35,2931.3,1424.1,2927.25,1414.75,2917,1412.05,2906.75,1413.4,2904.05,1403.15,2905.8,1390.65
3-68,Uninfected,No_comment,Polygon,27,2930.35,1431.7,2918.75,1449.55,2923.2,1462.5,2929.45,1474.1,2938.85,1485.25,2955.35,1487.5,2971,1490.6,2980.8,1493.75,2991.05,1502.65,3005.8,1510.7,3014.75,1512.95,3031.25,1511.15,3044.2,1508.9,3058.9,1502.65,3068.3,1496,3083.5,1483.9,3088.85,1462.95,3085.7,1437.05,3079,1424.1,3067.85,1416.5,3050,1405.35,3018.75,1394.2,2996.45,1390.6,2970.6,1393.3,2958.55,1397.75,2943.8,1417.4,2941.1,1423.2
3-69,Uninfected,No_comment,Polygon,20,2775,1528.1,2774.1,1508.05,2783.05,1484.8,2793.75,1467.4,2814.3,1455.35,2840.6,1450.45,2851.8,1454.45,2865.6,1459.8,2879.45,1478.55,2888.85,1492.4,2895.95,1507.15,2900,1521,2897.3,1539.75,2889.3,1560.7,2874.55,1577.7,2846.4,1589.3,2821.85,1585.7,2800.9,1577.25,2791.05,1564.75,2782.15,1552.7
3-70,Uninfected,No_comment,Polygon,21,2907.6,1512.95,2916.55,1497.85,2933.05,1491.6,2952.7,1492.9,2966.95,1499.15,2995.1,1509.85,3012.5,1518.75,3027.25,1531.25,3040.65,1551.85,3046.9,1569.2,3044.2,1594.65,3037.5,1616.55,3018.75,1634.85,2997.35,1642.05,2962.5,1639.75,2934.85,1627.25,2921,1612.95,2905.8,1589.35,2900,1571,2901.35,1554.95,2902.25,1536.2
3-71,Uninfected,No_comment,Polygon,19,2805.25,1688.4,2812.6,1712.05,2834.9,1741.5,2853.65,1755.8,2879.1,1768.3,2899.6,1777.25,2925.95,1771.45,2944.7,1764.3,2963.45,1750.45,2972.4,1733.5,2970.15,1711.15,2961.65,1690.2,2943.35,1666.95,2916.15,1650.9,2895.15,1644.2,2865.2,1645.55,2839.3,1653.15,2810.75,1662.5,2803.05,1671.95
3-72,Uninfected,No_comment,Polygon,20,2752.25,1710.25,2739.75,1695.55,2732.2,1667.85,2730.85,1644.65,2733.05,1625,2748.7,1606.7,2766.6,1600.45,2781.35,1592.85,2800.5,1591.5,2818.35,1598.2,2829.95,1606.25,2838.9,1619.65,2850.1,1633.95,2864.2,1655.4,2865.55,1688.4,2862,1709.4,2838.75,1721.45,2811.65,1731.25,2794.7,1725.45,2762.6,1718.3
3-73,Uninfected,No_comment,Polygon,19,2668.4,1740.65,2663,1720.55,2667,1702.7,2676.8,1686.6,2694.25,1673.2,2718.85,1666.5,2733.05,1662.5,2747.85,1660.25,2766.5,1663.4,2789.3,1671.9,2809.35,1684.4,2823.7,1703.15,2820.15,1730.35,2796.45,1751.35,2772.85,1769.2,2739.75,1780.8,2711.65,1776.8,2687.15,1768.3,2677.7,1758.95
3-74,Uninfected,No_comment,Polygon,19,2984.9,1698.65,2991.6,1687.95,3008.1,1672.75,3019.3,1666.5,3031.3,1662.5,3051.4,1662.95,3071.9,1666.5,3084.85,1676.35,3094.3,1686.6,3105.4,1709.8,3109.85,1726.35,3103.15,1753.6,3083.1,1771.45,3046.9,1784.4,3028.65,1781.25,3012.1,1775.45,3000.95,1769.65,2986.2,1750.9,2980.4,1727.25
3-75,Uninfected,No_comment,Polygon,19,2887.95,1896,2895.55,1877.25,2895.1,1863.85,2903.15,1859.8,2907.6,1848.65,2918.3,1837.05,2948.65,1832.15,2972.35,1834.8,2999.1,1848.65,3007.6,1861.15,3012.95,1878.15,3018.75,1897.75,3014.3,1916.5,2999.1,1939.75,2980.8,1953.55,2953.15,1957.6,2929.9,1951.35,2905.8,1942.4,2893.75,1922.3
3-76,Uninfected,No_comment,Polygon,19,3076.35,1822.3,3083.05,1804.45,3101.8,1787.05,3122.35,1781.25,3142.4,1783.05,3154.5,1788.85,3168.3,1793.3,3188.4,1806.25,3201.35,1822.3,3206.25,1836.6,3214.3,1857.15,3217.85,1874.55,3202.7,1896,3179.5,1912.05,3152.25,1914.3,3121,1908.95,3097.35,1894.65,3083.05,1876.35,3075,1854.45
3-77,Uninfected,No_comment,Polygon,21,3076.8,1975.9,3083.5,1958.05,3096.9,1940.2,3104.5,1929.9,3131.7,1922.75,3155.35,1921.9,3167.85,1918.3,3182.15,1925.45,3194.65,1931.7,3208.5,1947.75,3217.85,1958.95,3222.35,1974.55,3222.8,2000,3212.5,2019.65,3200,2041.1,3176.8,2062.05,3150.9,2065.65,3117.4,2058.05,3096.45,2044.65,3083.5,2025.9,3077.7,1997.3
3-78,Uninfected,No_comment,Polygon,22,2971.45,2003.6,2970.1,1985.25,2975,1967.4,2986.6,1958.5,3002.7,1953.55,3008.95,1941.5,3010.75,1929.9,3027.25,1918.75,3049.1,1916.05,3070.1,1917.85,3086.6,1924.1,3105.8,1936.2,3121.45,1951.85,3129.9,1969.25,3132.6,1996.45,3125.45,2020.55,3107.6,2043.3,3084.4,2062.5,3046,2068.3,3013.85,2060.25,2998.25,2048.65,2979.05,2029.9
3-79,Uninfected,No_comment,Polygon,19,3242.45,2012.5,3244.65,1997.35,3254.5,1980.85,3277.25,1966.55,3302.7,1958.95,3321.45,1962.1,3334.85,1967,3350.45,1973.25,3362.95,1984.4,3370.15,2001.8,3375.45,2029.05,3371.45,2053.6,3353.6,2083.05,3333.95,2097.8,3298.25,2104.5,3270.1,2091.1,3250.45,2073.65,3244.2,2054.05,3238.85,2034.4
3-80,Uninfected,No_comment,Polygon,21,3097.75,2173.65,3091.95,2157.15,3093.75,2137.1,3099.55,2111.6,3112.5,2096.45,3134.35,2087.5,3153.1,2084.85,3176.35,2090.65,3193.3,2097.35,3214.3,2115.65,3224.1,2130.35,3234.35,2152.7,3231.7,2180.35,3221,2207.6,3204,2221.05,3196.4,2229.5,3172.3,2239.3,3148.65,2233.05,3135.7,2222.8,3124.1,2207.15,3108.5,2200
3-81,Uninfected,No_comment,Polygon,20,2966.95,2209.85,2961.6,2174.6,2962.05,2154.05,2966.45,2133.55,2978.55,2107.6,2995.55,2093.35,3015.6,2087.95,3036.15,2092.4,3053.55,2099.6,3080.8,2116.55,3080.35,2138.85,3082.6,2154.9,3089.3,2176.8,3090.6,2198.65,3083.9,2219.65,3072.3,2242,3049.55,2258.95,3018.3,2265.65,2999.1,2259.85,2980.8,2239.8
3-82,Uninfected,No_comment,Polygon,21,3082.15,2248.7,3091.1,2233.55,3112.05,2221.9,3145.95,2203.1,3162.45,2199.05,3177.65,2203.1,3190.6,2213.8,3202.65,2224.5,3216.55,2243.35,3223.65,2261.2,3234.85,2280.35,3243.75,2293.8,3235.7,2306.7,3222.35,2315.25,3200.45,2331.3,3165.2,2342.85,3121.9,2337.55,3105.35,2326.35,3088.4,2304.05,3083.5,2287.1,3083.95,2268.35
3-83,Uninfected,No_comment,Polygon,21,3288.4,2260.75,3297.35,2244.65,3318.75,2234.4,3354.05,2231.3,3370.1,2237.1,3388.4,2241.55,3408.05,2258.5,3423.25,2275.05,3431.7,2286.6,3438.4,2305.8,3441.55,2327.75,3434.4,2345.1,3429.9,2358.5,3416.1,2367.95,3385.75,2367.95,3350.45,2366.1,3326.35,2359,3307.6,2342.85,3295.55,2324.1,3286.6,2305.35,3283.95,2289.75
3-84,Uninfected,No_comment,Polygon,20,3111.2,2395.1,3120.1,2368.8,3137.05,2354.5,3154.5,2350.9,3175.45,2350.9,3196.9,2350.05,3215.2,2354.05,3237.95,2368.8,3254.5,2389.75,3266.1,2404.05,3267.9,2434.4,3262.95,2472.35,3250,2494.2,3230.4,2511.65,3200.45,2523.7,3174.15,2516.55,3159.4,2487.55,3144.2,2460.75,3125.9,2439.3,3113.4,2416.1
3-85,Uninfected,No_comment,Polygon,20,2857.15,2455.8,2857.15,2438.4,2862.95,2412.05,2874.55,2394.65,2884.4,2382.6,2904.5,2375.05,2928.6,2368.8,2948.25,2368.3,2970.55,2378.6,2989.3,2396.9,2998.7,2413.4,3000,2438.4,2995.1,2462.05,2984.4,2484,2958.95,2507.15,2935.3,2517,2914.75,2518.3,2892.45,2513.4,2871.45,2492.45,2865.2,2477.25
3-86,Uninfected,No_comment,Polygon,20,2698.2,2466.95,2699.55,2446.8,2708.05,2430.75,2721.45,2414.25,2737.5,2404.9,2753.15,2400.9,2771.9,2396.8,2804,2393.75,2823.65,2409.3,2844.2,2429.45,2853.15,2453.55,2853.15,2479,2851.35,2502.2,2830.8,2528.05,2810.25,2543.75,2780.35,2545.95,2750.45,2541.05,2733.5,2529.45,2713.85,2514.7,2702.7,2496.4
3-87,Uninfected,No_comment,Polygon,18,2521.45,2326.8,2528.1,2311.2,2542.4,2294.65,2558.95,2283.5,2592.85,2282.15,2614.3,2288.4,2633.5,2294.65,2652.7,2309.85,2666.05,2334,2664.75,2359.45,2656.7,2382.6,2640.2,2400.05,2615.6,2411.2,2583.95,2416.1,2560.25,2410.75,2539.3,2395.1,2526.8,2368.3,2522.75,2351.8
3-88,Uninfected,No_comment,Polygon,17,2381.25,2417.95,2381.7,2399.55,2382.6,2372.35,2389.3,2353.2,2409.8,2333.05,2430.8,2326.35,2449.1,2321,2468.75,2326.35,2486.6,2336.2,2497.3,2348.7,2503.1,2385.3,2497.3,2408.05,2486.6,2429.05,2465.6,2445.55,2445.55,2452.75,2425,2452.25,2402.25,2442.9
3-89,Uninfected,No_comment,Polygon,19,2388.4,2254.45,2383.05,2245.95,2378.6,2226.75,2382.6,2204,2389.75,2182.55,2406.7,2169.65,2417.85,2161.6,2436.6,2160.25,2462.95,2165.15,2483.95,2172.75,2499.55,2185.7,2506.25,2198.2,2515.2,2222.3,2508.05,2250.45,2492.85,2270.95,2464.3,2280.35,2438.4,2284.35,2417.85,2279.45,2403.6,2272.75
3-90,Uninfected,No_comment,Polygon,18,2228.55,2324.55,2230.35,2307.55,2239.75,2288.8,2249.1,2277.65,2270.1,2261.6,2302.25,2257.55,2319.2,2261.6,2336.15,2269.65,2361.15,2283,2375.45,2298.2,2385.25,2323.2,2380.35,2349.55,2373.65,2363.4,2353.6,2376.35,2323.2,2388.85,2291.5,2384.35,2258.5,2378.1,2239.75,2362.95
3-91,Uninfected,No_comment,Polygon,18,2524.65,2161.2,2528.65,2138.85,2537.55,2121.05,2551.8,2112.1,2568.4,2103.15,2585.3,2099.1,2604.95,2103.6,2626.8,2115.25,2642,2126.8,2648.7,2151.35,2650.95,2180.35,2641.55,2214.3,2628.2,2231.3,2607.2,2243.35,2579.5,2242.95,2555.9,2235.3,2540.2,2218.35,2530.9,2192.45
3-92,Uninfected,No_comment,Polygon,21,2387.5,2130.3,2386.6,2116.5,2377.2,2093.3,2387.95,2054,2399.1,2032.55,2421.85,2015.6,2443.3,2008.4,2471.85,2004.9,2484.35,2002.65,2503.1,2000.85,2513.4,1995.5,2506.7,2016.05,2506.7,2032.1,2513.4,2055.8,2500.45,2073.2,2480.8,2097.3,2463.4,2113.35,2442.4,2125.85,2418.3,2131.7,2404,2130.3,2389.25,2136.15
3-93,Uninfected,No_comment,Polygon,27,2507.15,1986.6,2507.15,1980.8,2513.4,1959.35,2520.1,1946.4,2529.45,1937.9,2557.15,1928.1,2581.7,1923.2,2599.55,1925.4,2607.6,1937.05,2607.6,1950.4,2609.8,1958.9,2619.2,1961.1,2628.1,1957.1,2641.5,1954.85,2660.25,1954.85,2655.8,1968.75,2640.6,1981.25,2616.5,1997.3,2614.7,2006.65,2611.6,2023.65,2599.55,2033.4,2578.1,2039.25,2559.35,2038.8,2541.05,2032.1,2522.75,2023.2,2515.6,2011.15,2510.7,2001.75
3-94,Uninfected,No_comment,Polygon,22,2679,1805.8,2685.7,1795.1,2704,1785.7,2717.85,1780.8,2735.7,1782.6,2763.85,1786.15,2784.35,1788.85,2809.4,1796.85,2827.7,1816.95,2833.5,1837.5,2831.7,1861.6,2825,1875,2812.95,1887.95,2783.05,1902.65,2755.8,1907.6,2731.25,1900.45,2713.4,1890.15,2701.8,1882.6,2686.6,1876.35,2683.95,1862.05,2683.95,1847.3,2675.9,1827.65
3-95,Uninfected,No_comment,Polygon,21,2561.6,1923.2,2555.35,1903.1,2554.9,1885.25,2556.7,1872.75,2556.25,1855.8,2571.9,1829.15,2588.85,1814.3,2610.7,1808.05,2623.65,1806.7,2642.4,1813.4,2661.6,1822.3,2670.55,1837.95,2674.55,1860.7,2671.45,1879.9,2676.35,1899.55,2669.2,1912.5,2658.5,1926.35,2639.75,1938.4,2619.65,1946,2597.75,1952.25,2575,1947.75
3-96,Uninfected,No_comment,Polygon,20,2545.55,1916.05,2526.8,1903.1,2520.1,1899.55,2516.5,1885.7,2506.7,1858.45,2503.1,1830.8,2516.05,1794.65,2532.15,1774.55,2550.9,1762.5,2576.8,1755.8,2594.65,1754.9,2605.8,1762.5,2617.4,1775.9,2627.25,1795.1,2637.9,1824.1,2633.9,1857.15,2616.45,1879,2597.25,1905.8,2578.5,1917.85,2557.15,1916.95
3-97,Uninfected,No_comment,Polygon,20,2470.1,1889.3,2458.05,1881.7,2448.2,1866.5,2441.5,1854,2423.2,1846.4,2413.4,1815.6,2419.65,1785.25,2428.55,1763.85,2442.4,1745.95,2467.85,1736.6,2479,1732.6,2504.45,1737.95,2521.4,1745.1,2534.35,1760.25,2550,1788.85,2555.8,1814.3,2544.7,1852.65,2534,1876.35,2514.75,1890.6,2492.85,1895.55
3-98,Uninfected,No_comment,Polygon,18,2736.2,2116.95,2733.95,2099.1,2739.3,2071,2755.8,2048.2,2774.15,2039.75,2792,2037.5,2807.6,2042.4,2823.7,2050.9,2839.3,2064.3,2848.7,2077.7,2858.5,2096.9,2861.65,2129.45,2851.35,2151.8,2835.3,2164.3,2802.7,2177.25,2775.9,2170.1,2756.25,2154,2746,2137.95
3-99,Uninfected,No_comment,Polygon,19,2842.85,2172.3,2850.45,2157.55,2858.95,2143.75,2874.55,2135.25,2891.1,2130.8,2912.05,2133.45,2931.7,2142.4,2945.1,2152.2,2955.8,2165.15,2959.4,2195.95,2955.8,2220.5,2946.9,2237.95,2927.7,2251.75,2905.35,2261.6,2883.95,2259.35,2861.6,2252.2,2845.1,2238.4,2838.85,2212.5,2839.3,2198.65
3-100,Uninfected,No_comment,Polygon,24,3004.5,2456.7,3006.75,2439.75,3005.8,2425,2997.3,2408.95,3005.4,2396.9,3014.75,2388.85,3017.9,2376.35,3023.25,2370.1,3046.85,2375,3060.3,2367.85,3072.35,2375.45,3081.25,2387.5,3100.95,2394.2,3112.05,2404.45,3123.65,2426.35,3139.7,2453.15,3141.05,2478.55,3133.5,2498.2,3126.4,2512.95,3104.05,2525.45,3072.35,2530.8,3048.7,2518.3,3031.75,2500,3010.3,2474.1
3-101,Uninfected,No_comment,Polygon,22,3062.05,2543.75,3064.3,2524.55,3066.05,2500,3073.65,2478.55,3087.5,2464.75,3118.75,2461.6,3138.85,2465.2,3151.35,2475.45,3177.2,2499.55,3191.45,2507.15,3192.85,2518.75,3187.5,2543.3,3199.6,2554.9,3190.2,2562.05,3167.45,2575,3151.4,2590.2,3127.7,2599.55,3117.9,2597.75,3112.05,2588.85,3093.75,2582.15,3075.5,2575,3061.65,2558.05
3-102,Uninfected,No_comment,Polygon,19,2940.6,2639.75,2939.75,2624.55,2942.45,2596.45,2954.95,2571.9,2963.9,2558.05,2987.05,2548.2,3009.85,2543.3,3029.05,2546.45,3045.6,2555.35,3064.35,2575.9,3075,2597.35,3076.85,2631.25,3069.25,2651.35,3057.2,2668.75,3034.85,2684.85,3011.2,2688.85,2986.65,2687.05,2965.2,2679,2952.25,2666.5
3-103,Uninfected,No_comment,Polygon,19,3115.65,2808.5,3121.9,2787.05,3134.85,2770.55,3144.65,2753.15,3145.1,2737.05,3157.15,2723.2,3170.1,2709.4,3192.45,2707.15,3217,2708.95,3235.3,2722.75,3249.6,2741.1,3262.95,2769.65,3262.95,2792.85,3260.3,2818.75,3249.6,2838.4,3214.3,2852.25,3182.15,2853.6,3153.6,2844.2,3137.95,2831.25
3-104,Uninfected,No_comment,Polygon,19,3056.25,2888.85,3043.3,2873.2,3033.5,2857.6,3027.25,2834.85,3024.15,2810.3,3033.5,2781.7,3046,2758.05,3074.55,2747.35,3104.05,2744.65,3118.75,2748.65,3133.95,2761.6,3156.25,2784.9,3173.7,2812.05,3173.25,2832.6,3154.5,2859.85,3131.7,2884.85,3112.95,2896.9,3086.2,2896,3062.95,2891.1
3-105,Uninfected,No_comment,Polygon,22,2808.05,2700,2812.95,2686.15,2817.85,2674.1,2817.85,2659.4,2835.3,2642.85,2847.8,2630.8,2871.9,2623.2,2892.85,2618.75,2913.85,2630.35,2925.9,2641.95,2935.75,2659.85,2944.2,2678.6,2952.25,2702.7,2948.7,2736.15,2939.3,2769.65,2917.45,2785.25,2886.6,2796,2867.45,2791.5,2849.1,2782.6,2836.2,2762.95,2820.55,2742.4,2815.65,2724.55
3-106,Uninfected,No_comment,Polygon,17,2690.15,2705.35,2689.7,2680.35,2702.2,2654.45,2731.2,2629,2750.9,2615.15,2789.7,2608.05,2802.2,2612.5,2817.85,2619.2,2832.6,2637.05,2842.4,2654,2842.4,2687.5,2822.25,2720.55,2801.35,2743.3,2774.95,2753.1,2731.2,2750.45,2701.75,2739.7,2692.4,2729.45
3-107,Uninfected,No_comment,Polygon,23,2598.2,2576.35,2607.55,2566.95,2623.2,2569.2,2638.4,2568.3,2647.75,2562.5,2652.65,2546.4,2661.15,2527.2,2671.8,2520.95,2694.65,2519.2,2713.8,2526.8,2723.65,2537.95,2733,2551.35,2742.85,2567.4,2741.95,2592.85,2733.45,2620.55,2699.95,2650.9,2661.15,2671.85,2629.9,2683.9,2603.05,2681.25,2583.9,2665.15,2576.3,2640.15,2579.9,2617.4,2588.4,2596.4
3-108,Uninfected,No_comment,Polygon,20,2398.25,2721.45,2407.15,2705.35,2418.3,2683.95,2426.8,2664.75,2445.55,2659.85,2469.2,2651.8,2482.6,2649.55,2500.45,2650.45,2514.3,2659.4,2521.9,2673.2,2530.8,2680.35,2539.75,2704.45,2533.05,2730.8,2515.65,2764.75,2497.35,2780.8,2464.3,2791.1,2437.95,2787.5,2415.65,2773.2,2403.15,2757.6,2397.8,2741.1
3-109,Uninfected,No_comment,Polygon,20,2307.15,2626.75,2308.95,2605.85,2312.95,2591.1,2316.95,2579.05,2325.45,2559.85,2342.85,2546.4,2371,2537.95,2402.7,2547.8,2414.3,2556.3,2427.25,2571.9,2436.15,2592.4,2437.05,2616.95,2433.5,2633.9,2424.1,2651.35,2401.35,2679.05,2378.6,2692.4,2362.95,2700.9,2335.7,2692.85,2320.1,2668.35,2309.4,2649.1
3-110,Uninfected,No_comment,Polygon,27,2300.9,2547.35,2291.95,2541.95,2285.25,2530.35,2279.45,2521.9,2275.45,2510.3,2271,2495.95,2265.65,2487.1,2277.7,2477.2,2275,2460.3,2291.5,2451.75,2295.55,2444.65,2306.25,2441.95,2323.65,2445.05,2341.1,2440.65,2356.25,2443.8,2357.15,2451.75,2366.95,2457.15,2372.35,2462.55,2374.1,2474.1,2382.15,2490.65,2386.6,2506.3,2379.05,2513.85,2378.6,2529.9,2374.05,2540.6,2351.3,2555.3,2334.35,2561.15,2316.55,2556.7
3-111,Uninfected,No_comment,Polygon,16,2115.15,2467.9,2133.9,2443.8,2160.25,2429.05,2195.5,2426.8,2227.2,2440.7,2245.05,2456.3,2245.5,2479.95,2247.3,2504.95,2233,2531.3,2201.75,2555.9,2178.55,2565.2,2139.25,2560.3,2110.25,2550.9,2094.65,2530.9,2093.3,2502.75,2099.1,2483.5
3-112,Uninfected,No_comment,Polygon,17,1988.8,2533.05,1999.1,2514.75,2023.2,2484.45,2042.4,2471.95,2065.15,2464.75,2085.7,2463.85,2103.55,2467.9,2124.05,2474.55,2138.7,2483.05,2146.35,2497.8,2151.65,2523.7,2143.7,2548.7,2115.6,2568.4,2082.15,2583.5,2046.4,2586.65,2016.05,2576.8,2000.45,2562.15
3-113,Uninfected,No_comment,Polygon,17,1888.8,2416.55,1880.35,2430.45,1878.1,2447.8,1879,2470.55,1885.25,2494.25,1900.45,2508.05,1922.3,2515.7,1949.55,2508.5,1974.1,2500.05,1992.85,2483.5,2008,2462.55,2014.7,2440.25,2010.45,2412.6,1993.75,2390.7,1975.85,2380.8,1944.6,2374.55,1909.35,2388.4
3-114,Uninfected,No_comment,Polygon,21,1937.4,2401.4,1950.8,2380.45,1956.25,2357.15,1971.4,2340.25,1990.6,2334.85,2021.4,2341.55,2038.8,2343.8,2060.7,2357.15,2078.1,2369.65,2091.5,2385.75,2099.1,2397.8,2108.45,2417.95,2106.7,2430.45,2091.5,2441.55,2083.45,2451.8,2052.2,2463.85,2018.75,2475.05,1984.75,2476.35,1957.5,2458.5,1950.8,2436.2,1935.65,2415.25
3-115,Uninfected,No_comment,Polygon,16,2792.85,2930.35,2787.95,2909.85,2789.3,2883.05,2796.45,2859.85,2806.7,2838,2824.55,2824.55,2845.1,2817.85,2869.2,2818.3,2897.8,2825.95,2916.95,2844.7,2925.45,2859.85,2938.85,2881.3,2943.75,2900.95,2938.85,2937.55,2913.4,2960.3,2815.65,2957.65
3-116,Uninfected,No_comment,Polygon,20,3159.35,2691.55,3149.55,2679.05,3139.3,2660.75,3136.15,2637.5,3146.85,2610.75,3160.2,2584.4,3176.75,2571.45,3200.45,2564.3,3215.65,2566.1,3232.6,2572.35,3244.2,2573.25,3253.55,2574.1,3271.9,2588.85,3281.7,2602.25,3288.85,2627.25,3284.4,2658.95,3272.75,2690.65,3243.75,2705.8,3213.85,2710.35,3169.65,2701.35
3-117,Uninfected,No_comment,Polygon,21,3303.15,2508.05,3296.9,2521.9,3294.2,2539.3,3292.4,2557.15,3300.45,2579.9,3312.95,2601.35,3324.1,2617,3346,2629.9,3367.85,2639.3,3406.25,2638.85,3419.65,2621.45,3426.35,2595.55,3433.5,2562.95,3434.85,2534.85,3432.6,2508.05,3416.5,2487.05,3394.2,2469.2,3360.25,2471.45,3341.95,2481.25,3330.8,2490.2,3314.75,2496.45
3-118,Uninfected,No_comment,Polygon,28,3366.1,2738.4,3375.5,2728.2,3382.65,2705.4,3387.1,2687.05,3403.6,2662.05,3421.9,2644.65,3440.65,2634.85,3461.65,2632.15,3481.3,2637.5,3500.5,2645.55,3516.55,2663.4,3528.15,2682.15,3539.8,2704.05,3547.8,2713.85,3556.75,2725.9,3558.55,2740.7,3542.05,2767.9,3531.75,2757.6,3522.35,2763,3515.2,2778.6,3501.35,2790.2,3470.6,2804.05,3444.75,2807.15,3413.85,2793.75,3392.05,2779.5,3387.1,2770.1,3373.7,2763.4,3363.5,2759.85
3-119,Uninfected,No_comment,Polygon,23,3425.9,2378.6,3423.25,2391.5,3423.7,2411.65,3431.25,2429.45,3437.5,2445.5,3446,2456.3,3454.5,2470.95,3467.85,2479.9,3487.05,2488.85,3504.95,2492.85,3529.05,2486.6,3544.2,2478.6,3561.2,2459.85,3566.55,2440.65,3567.85,2423.2,3562.05,2393.35,3550.9,2376.3,3540.2,2360.7,3524.1,2351.3,3500.45,2343.8,3483.5,2346.9,3461.6,2350.45,3442.45,2357.55
3-120,Uninfected,No_comment,Polygon,18,3715.65,2627.7,3701.35,2620.1,3691.1,2604.45,3683.95,2567.4,3691.55,2536.15,3701.35,2512.5,3716.55,2496,3749.15,2485.7,3772.8,2488.85,3792.9,2500.45,3805.8,2511.6,3817.45,2529,3823.7,2554,3820.1,2584.8,3811.2,2612.95,3782.6,2633.05,3754.95,2640.2,3731.7,2633.5
3-121,Uninfected,No_comment,Polygon,20,3560.75,2650.9,3562.5,2663.85,3563.85,2679.9,3568.75,2697.75,3578.6,2714.3,3600.9,2728.55,3622.8,2734.4,3642.9,2726.8,3662.05,2713.4,3676.8,2695.1,3684.85,2674.1,3682.6,2645.1,3675,2620.55,3657.6,2597.3,3633.05,2585.7,3611.2,2580.8,3587.1,2584.15,3572.8,2595.1,3564.75,2606.7,3556.25,2624.1
3-122,Uninfected,No_comment,Polygon,20,3550.45,2651.35,3537.05,2640.6,3527.25,2606.25,3527.25,2572.75,3533.95,2542.4,3541.1,2517.85,3554.95,2503.55,3572.8,2495.55,3583.95,2492.85,3597.8,2498.65,3614.3,2518.75,3622.35,2526.35,3631.25,2540.2,3635.3,2552.25,3633.95,2578.1,3630.8,2605.4,3624.55,2628.15,3614.75,2640.25,3596,2649.15,3580.35,2654
3-123,Uninfected,No_comment,Polygon,20,3731.7,2463.85,3713.4,2448.2,3703.15,2428.55,3701.8,2407.55,3704.9,2378.1,3712.95,2359.8,3727.7,2342.4,3746,2330.35,3773.2,2331.7,3792.85,2334.35,3821.45,2354.9,3832.6,2371.85,3838.85,2390.55,3837.05,2418.75,3830.8,2438.4,3824.1,2452.2,3809.4,2466.5,3789.3,2475.45,3765.2,2476.75,3742.4,2473.2
3-124,Uninfected,No_comment,Polygon,19,3634.85,2242.85,3650.45,2213.4,3666.55,2191.5,3689.75,2175,3726.8,2170.55,3744.2,2173.65,3765.65,2185.7,3780.8,2200.45,3788.85,2216.95,3788.4,2242.4,3788.85,2260.25,3777.25,2275.9,3762.05,2294.2,3744.2,2304.45,3721.9,2304.45,3698.25,2301.35,3673.7,2294.65,3656.7,2282.6,3642,2264.3
3-125,Uninfected,No_comment,Polygon,21,3620.1,2230.35,3609.85,2209.8,3584.85,2194.65,3561.6,2187.95,3530.35,2190.15,3511.6,2200.9,3499.1,2214.3,3495.55,2233.5,3488.85,2252.65,3490.2,2278.1,3500,2302.65,3512.05,2324.1,3533.5,2335.25,3558.95,2342.4,3586.6,2341.95,3606.7,2332.15,3622.35,2319.65,3629.5,2304.45,3635.75,2284.35,3635.75,2266.5,3629.5,2249.55
3-126,Uninfected,No_comment,Polygon,22,3359.35,2173.7,3358.5,2155.45,3362.95,2137.55,3373.15,2123.75,3380.8,2119.65,3386.6,2107.6,3391.5,2097.35,3403.1,2088.85,3425.9,2084,3452.65,2088,3471.85,2102.3,3485.7,2121.05,3492.35,2152.75,3490.2,2175.05,3484.35,2190.7,3472.3,2211.2,3450.9,2227.75,3425.45,2240.7,3398.65,2239.3,3381.7,2231.75,3368.3,2215.7,3362.5,2200.05
3-127,Uninfected,No_comment,Polygon,17,3648.6,2073.75,3640.6,2091.1,3640.2,2114.3,3649.55,2134.85,3664.75,2151.35,3687.5,2167.95,3725.45,2167.45,3750.45,2158.05,3771,2142.95,3781.25,2127.3,3786.55,2100.05,3780.8,2072.35,3764.25,2049.2,3739.25,2036.25,3704,2032.15,3678.1,2036.7,3659.8,2048.25
3-128,Uninfected,No_comment,Polygon,19,3589.8,1940.65,3588.9,1919.65,3589.8,1901.8,3598.25,1882.6,3625.05,1873.65,3645.15,1867.4,3666.1,1869.2,3683.55,1879.45,3696.9,1897.35,3700.9,1920.55,3702.7,1944.2,3698.2,1972.75,3690.2,1994.2,3681.7,2008.5,3664.8,2019.65,3638.05,2026.3,3615.65,2023.2,3605.4,2000.45,3598.25,1974.55
3-129,Uninfected,No_comment,Polygon,21,3570.15,1959.85,3565.2,1968.75,3566.05,1984.85,3571.45,2007.6,3575.9,2031.25,3586.65,2056.7,3596.45,2066.1,3619.65,2076.8,3638.9,2077.7,3658.8,2076,3678.85,2071.55,3696.3,2064.4,3708.8,2043.85,3715.65,2023.2,3716.95,2000.9,3712.55,1976.8,3693.8,1961.15,3669.65,1950,3646.45,1942.4,3614.8,1944.2,3594.7,1950
3-130,Uninfected,No_comment,Polygon,23,3407.2,1937.95,3411.65,1923.65,3420.15,1907.6,3437.1,1892.4,3458.1,1882.15,3479,1879,3499.15,1880.8,3517,1886.15,3531.25,1898.65,3549.6,1908.05,3556.25,1933.95,3550.45,1954,3543.75,1985.25,3536.2,2012.95,3515,2029.45,3492,2037.5,3464.35,2026.8,3450,2032.6,3443.75,2030.35,3443.35,2012.95,3431.25,2005.35,3415.2,1990.65,3409.4,1972.75
3-131,Uninfected,No_comment,Polygon,18,3421.9,2006.25,3418.75,2024.55,3417,2041.1,3427.7,2064.75,3442,2078.15,3465.2,2087.05,3481.7,2089.75,3504.95,2090.2,3532.15,2082.15,3550.45,2074.1,3575.05,2054.9,3577.7,2025.45,3567.5,1989.3,3553.15,1966.1,3525.95,1943.25,3477.25,1941.9,3444.25,1956.65,3429.05,1974.95
3-132,Uninfected,No_comment,Polygon,21,3303.6,1826.75,3295.6,1809.8,3287.55,1789.25,3289.35,1763.35,3304.55,1739.7,3319.25,1727.65,3348.3,1723.65,3370.2,1726.3,3392.5,1737.05,3408.55,1748.2,3419.25,1759.35,3428.6,1774.1,3434.4,1803.1,3434.4,1822.75,3430.85,1839.25,3421.05,1854.9,3392.5,1874.55,3376,1886.15,3352.3,1880.35,3339.35,1870.05,3323.75,1856.25
3-133,Uninfected,No_comment,Polygon,19,3252.3,1898.65,3251,1886.15,3256.3,1863.8,3272.35,1842.4,3286.65,1829,3308.9,1821.8,3337.5,1818.75,3367.4,1826.75,3383,1836.1,3398.2,1850.75,3402.3,1879,3399.2,1905.35,3392.05,1923.65,3371.45,1940.6,3338.5,1948.2,3312.55,1948.65,3292.5,1941.05,3270.6,1929.45,3262.1,1917.4
3-134,Uninfected,No_comment,Polygon,18,3140.65,1674.1,3115.65,1653.55,3101.35,1634.35,3092.85,1604.4,3106.25,1577.2,3119.2,1550.85,3151.8,1535.2,3183.05,1532.5,3202.7,1537.9,3217.45,1546.85,3240.65,1562.9,3251.8,1585.25,3256.7,1614.2,3249.1,1643.3,3232.15,1669.15,3216.1,1676.3,3183.5,1687.45,3160.3,1681.65
3-135,Uninfected,No_comment,Polygon,19,3108.05,1287.45,3120.55,1265.15,3134.8,1250.85,3149.1,1239.25,3172.3,1234.8,3200.9,1236.6,3224.55,1245.05,3245.1,1259.35,3255.8,1277.65,3262.5,1302.2,3259.8,1324.1,3251.35,1343.25,3232.15,1359.35,3195.55,1375.4,3169.65,1372.3,3145.1,1364.25,3126.35,1347.75,3117.85,1334.35,3108.95,1316.05
3-136,Uninfected,No_comment,Polygon,19,3840.65,1516.95,3841.5,1495.55,3846.45,1479.45,3855.85,1462.05,3866.1,1447.3,3895.6,1436.6,3913.85,1436.15,3929.9,1440.6,3953.15,1447.75,3969.65,1466.5,3982.6,1480.8,3992.9,1506.25,3979.45,1541.5,3971.05,1562.95,3949.6,1576.8,3915.2,1575.9,3885.7,1571.85,3861.65,1560.25,3846.9,1539.7
3-137,Uninfected,No_comment,Polygon,18,3733.95,1671.45,3734.85,1654.45,3743.75,1643.3,3755.8,1628.15,3768.75,1618.3,3808.05,1606.7,3841.55,1618.3,3867.4,1629.95,3883.05,1655.4,3888.85,1685.7,3881.25,1718.3,3860.75,1738.4,3836.15,1749.15,3801.35,1750.9,3776.35,1741.1,3751.8,1726.35,3744.2,1709.4,3741.1,1693.3
3-138,Uninfected,No_comment,Polygon,20,3721.45,1680.8,3702.25,1669.65,3682.15,1650.45,3673.65,1620.6,3674.55,1598.7,3681.7,1581.25,3693.3,1571.9,3713.85,1568.3,3736.15,1567.45,3756.25,1564.35,3791.1,1577.25,3804.9,1600.9,3816.55,1624.15,3823.25,1646.05,3825.9,1667.9,3812.05,1688.4,3796.45,1701.85,3771.9,1706.25,3747.8,1696.45,3732.15,1688.9
3-139,Uninfected,No_comment,Polygon,19,3925.9,1662.05,3918.75,1646,3912.5,1627.7,3920.1,1605.4,3935.75,1584.4,3957.15,1575.9,3978.15,1572.85,4006.25,1571.45,4028.15,1586.65,4042.85,1600,4050.9,1621,4055.8,1643.75,4053.15,1660.7,4042.45,1669.2,4015.65,1658.95,4002.7,1662.5,3985.75,1675.9,3958.95,1685.3,3946,1678.6
3-140,Uninfected,No_comment,Polygon,18,3966.55,1837.95,3973.25,1819.2,3983.05,1800.9,4001.35,1783.9,4024.6,1771.85,4058.05,1764.3,4087.55,1774.1,4107.6,1785.7,4121.45,1805.8,4130.85,1824.1,4132.15,1857.6,4123.25,1883.5,4103.6,1900,4085.75,1911.15,4037.55,1904,4004.05,1896.85,3986.65,1883.9,3971.9,1859.8
3-141,Uninfected,No_comment,Polygon,28,3783.5,1874.55,3757.15,1857.15,3771,1843.75,3766.1,1830.35,3779.95,1813.4,3783.5,1779.45,3808.5,1784.35,3809.85,1763.4,3824.6,1760.7,3834.4,1768.3,3847.35,1756.25,3854.5,1754.9,3862.95,1767.4,3887.1,1763.85,3898.7,1775.45,3894.65,1789.7,3916.55,1808.05,3897.8,1820.1,3910.3,1833.9,3907.15,1842.85,3895.55,1842.85,3877.7,1875.45,3859.4,1868.75,3849.15,1883.5,3831.3,1876.35,3821.45,1893.3,3808.95,1884.35,3779.05,1897.75
3-142,Uninfected,No_comment,Polygon,16,3873.7,1976.8,3871.5,1942.85,3878.6,1923.2,3896.05,1907.15,3923.65,1904.45,3949.6,1900.9,3977.3,1915.6,3992.4,1929,4010.7,1950.9,4020.6,1979.45,4012.55,2014.75,3986.65,2027.7,3950.5,2033.5,3919.65,2025.45,3896.5,2011.6,3883.1,1997.3
3-143,Uninfected,No_comment,Polygon,19,4076.65,1953.8,4063.25,1976.15,4067.1,2000.9,4085.65,2040.9,4108.05,2058.05,4131.35,2065.2,4151.8,2069.95,4181.8,2066.15,4201.4,2059.5,4219.95,2039.5,4228.55,2014.25,4225.2,1985.2,4219.95,1966.15,4201.4,1940.9,4179,1924.25,4162.75,1919.95,4129.95,1920.9,4103.25,1930.45,4090.85,1939.95
3-144,Uninfected,No_comment,Polygon,17,3962.75,2179.95,3958.55,2160.45,3965.7,2140.9,3982.75,2121.4,3996.15,2112.85,4027.1,2106.15,4048.05,2102.85,4069,2111.85,4089.95,2126.65,4098.05,2147.6,4105.2,2177.6,4097.6,2202.8,4082.3,2225.2,4052.3,2239.5,4023.75,2242.35,3997.1,2235.7,3981.35,2216.15
3-145,Uninfected,No_comment,Polygon,19,4223.75,1795.65,4223.75,1778.5,4219.95,1752.3,4221.35,1727.1,4228.5,1707.55,4245.2,1696.15,4266.15,1688.5,4289.45,1691.8,4313.75,1700.35,4337.1,1723.7,4356.6,1745.2,4374.25,1772.75,4375.65,1795.15,4362.3,1811.8,4344.7,1818.05,4314.7,1814.65,4282.8,1810.4,4242.8,1803.7,4222.8,1803.7
3-146,Uninfected,No_comment,Polygon,21,4211.85,1597.55,4207.1,1583.7,4213.3,1556.6,4213.3,1539.95,4234.25,1522.3,4254.7,1511.35,4269.45,1504.7,4299,1500.85,4336.6,1508.05,4355.65,1520.35,4369.95,1549.45,4369.45,1569,4362.8,1592.75,4352.3,1614.7,4327.55,1622.3,4329,1650.35,4316.6,1647.1,4302.3,1632.3,4272.3,1637.1,4240.4,1628.5,4222.8,1615.65
3-147,Uninfected,No_comment,Polygon,17,4065.65,1514.25,4053.75,1497.55,4048.5,1470.85,4054.2,1437.55,4076.1,1416.15,4095.65,1403.75,4122.8,1399,4150.4,1398.5,4173.75,1410.4,4188.95,1429.9,4197.55,1450.35,4198.5,1479.95,4193.25,1506.15,4173.75,1523.25,4141.85,1538.5,4105.15,1538.05,4079.9,1528.05
3-148,Uninfected,No_comment,Polygon,16,4241.85,1342.75,4258.95,1319,4277.55,1299.9,4303.25,1285.2,4322.8,1276.6,4350.4,1274.25,4381.85,1279.9,4414.7,1304.25,4422.3,1361.8,4404.2,1381.8,4374.7,1400.4,4338,1408.5,4295.15,1407.55,4269.9,1399.9,4257.05,1392.3,4241.85,1365.2
3-149,Uninfected,No_comment,Polygon,19,3825.2,1300.45,3825.65,1284.25,3832.3,1263.3,3840.85,1240,3856.65,1224.25,3884.25,1207.6,3901.35,1201.4,3916.65,1198.55,3934.7,1201.9,3954.2,1210,3962.3,1223.8,3962.3,1245.2,3953.7,1272.35,3941.8,1300.95,3923.7,1315.2,3904.2,1327.6,3876.15,1336.65,3847.1,1334.75,3833.75,1319.5
3-150,Uninfected,No_comment,Polygon,24,3819,1494.75,3804.25,1486.15,3779,1475.2,3749,1466.65,3735.7,1452.35,3724.7,1432.35,3723.75,1407.6,3733.75,1382.35,3750.4,1362.85,3765.2,1350.45,3789,1337.6,3791.35,1350.95,3798.55,1359,3810.4,1370.95,3805.65,1386.65,3805.2,1397.6,3814.25,1406.15,3820.4,1415.2,3814.7,1427.6,3812.3,1439,3819.5,1448.05,3819,1459.5,3816.65,1468.05,3822.3,1481.4
3-151,Uninfected,No_comment,Polygon,18,3616.1,1383.3,3621.35,1331.4,3648.5,1298.05,3672.3,1280.95,3695.65,1273.8,3723.25,1271.4,3733.75,1282.85,3753.75,1294.75,3767.55,1308.55,3772.8,1332.85,3766.15,1354.3,3746.15,1382.4,3730.45,1405.75,3698,1414.25,3667.05,1412.85,3650.4,1410.95,3633.75,1400.95,3624.2,1394.25
3-152,Uninfected,No_comment,Polygon,16,3527.55,1375.7,3514.2,1359,3501.35,1341.4,3490.9,1313.8,3486.1,1280,3500.4,1256.65,3521.85,1247.1,3540.4,1247.6,3568,1251.4,3585.65,1261.9,3597.55,1280.45,3603.25,1307.6,3602.3,1333.8,3592.8,1350,3575.65,1372.85,3555.65,1383.3
3-153,Uninfected,No_comment,Polygon,16,3466.1,1418.55,3468.5,1398.05,3477.55,1370.95,3502.85,1343.35,3532.3,1333.35,3564.7,1338.6,3578,1346.7,3603.25,1362.85,3621.3,1391.85,3622.8,1419,3608.5,1449,3580.9,1473.3,3558.95,1480.95,3514.2,1471.4,3483.25,1456.65,3475.15,1436.15
3-154,Uninfected,No_comment,Polygon,16,3587.55,1243.8,3593.25,1229.05,3605.65,1202.35,3627.05,1187.6,3663.75,1179.5,3691.35,1187.6,3718,1198.05,3733.25,1211.9,3745.15,1237.1,3748,1263.8,3737.95,1292.85,3716.55,1305.2,3679.4,1316.65,3655.6,1300,3626.6,1287.1,3602.3,1269.5
3-155,Uninfected,No_comment,Polygon,15,3595.65,1148.1,3588.5,1123.8,3589,1090.95,3604.7,1055.7,3633.25,1036.65,3660.9,1028.1,3701.85,1030,3716.1,1040.95,3728.5,1055.7,3734.2,1083.8,3726.6,1114.75,3714.2,1141.4,3690.4,1159.5,3648.05,1171.9,3608.05,1163.8
3-156,Uninfected,No_comment,Polygon,16,3428.5,1126.65,3418.05,1116.2,3406.6,1092.35,3414.2,1057.6,3426.1,1035.7,3453.75,1022.85,3481.35,1012.85,3524.2,1017.6,3542.8,1027.6,3551.35,1044.25,3554.2,1070.95,3549.95,1099.5,3537.55,1125.25,3516.1,1140,3489,1149.5,3459.45,1143.8
3-157,Uninfected,No_comment,Polygon,16,3493.75,1010.95,3496.65,961.4,3521.35,930.45,3547.1,912.85,3580.4,908.55,3608.05,912.35,3632.8,917.6,3649.9,938.55,3657.6,960.45,3654.7,990,3642.3,1018.55,3615.2,1038.55,3577.6,1051.4,3547,1054.8,3523.25,1048.6,3504.65,1040.5
3-158,Uninfected,No_comment,Polygon,17,3738.05,958.55,3739.9,943.8,3735.7,917.6,3741.8,892.85,3759,869.5,3779,859.5,3800.4,853.8,3819.9,851.4,3839,857.1,3858.55,870.95,3871.8,890.95,3883.75,910.45,3879.5,953.8,3856.65,979,3809.9,1000.45,3773.25,996.65,3749.9,986.65
3-159,Uninfected,No_comment,Polygon,20,3845.2,1084.75,3841.8,1049.95,3850.4,1024.75,3865.65,990.45,3882.75,978.05,3896.65,965.2,3924.25,964.75,3949.5,970.95,3966.15,977.6,3979.5,984.75,3991.35,1001.4,3999.95,1018.05,4001.35,1046.15,3992.3,1074.75,3964.2,1104.75,3945.65,1113.8,3914.7,1113.8,3889.9,1110.95,3872.75,1106.65,3853.25,1095.7
3-160,Uninfected,No_comment,Polygon,18,3696.15,930,3681.8,920,3668.05,900.45,3658.55,880.95,3659.45,847.6,3669,824.75,3688.05,809,3707.1,799,3742.3,798.55,3763.25,801.9,3781.8,810,3796.15,822.85,3806.15,847.1,3816.1,872.9,3808.5,907.65,3798.5,928.1,3765.15,939.55,3734.7,935.2
3-161,Uninfected,No_comment,Polygon,18,3926.15,786.65,3932.3,771.4,3955.2,751.85,3984.2,744.7,4011.35,736.15,4040.45,744.7,4058.05,756.65,4069.95,772.8,4072.75,798,4072.3,844.7,4046.6,865.65,4025.65,879.5,3999.95,887.1,3972.75,881.4,3947.1,869.5,3936.15,851.4,3928.55,827.6,3926.15,802.8
3-162,Uninfected,No_comment,Polygon,18,3879.9,815.7,3859.5,811.85,3832.75,792.8,3829,769.5,3832.75,732.35,3842.75,714.7,3857.1,698.55,3881.35,690.9,3901.8,686.65,3920.85,680.45,3947.1,683.75,3968.05,693.3,3979.95,715.7,3980.85,740.9,3974.7,775.25,3962.75,798.05,3934.7,810.9,3906.65,814.25
3-163,Uninfected,No_comment,Polygon,17,3889,668,3859.95,633.75,3850.4,603.3,3855.15,563.75,3879,528.5,3906.6,517.55,3934.7,511.85,3955.65,513.3,3975.65,523.3,3989.95,539.5,3997.1,562.8,3995.65,598.95,3979,626.65,3962.3,645.65,3937.55,657.05,3915.65,662.35,3909,668.95
3-164,Uninfected,No_comment,Polygon,19,3702.3,645.2,3701.35,627.05,3709,592.8,3719,573.3,3740.9,558.5,3757.55,552.35,3776.15,549,3805.65,558,3822.8,578,3832.3,599.95,3843.75,634.25,3842.3,659.45,3832.8,681.4,3819.45,698,3793.25,712.8,3773.25,712.8,3754.7,707.55,3730.9,695.65,3716.15,680.9
3-165,Uninfected,No_comment,Polygon,16,4188.25,914.55,4218.7,878.65,4240.5,870,4267.3,864.55,4288.25,868.2,4301.45,875.9,4314.2,887.75,4324.2,901.8,4327.3,918.2,4316,950.45,4298.7,976.35,4267.75,996.35,4228.25,1000,4201,990.45,4188.25,969.1,4186,951.35
3-166,Uninfected,No_comment,Polygon,18,4179.55,1100,4166.85,1081.45,4159.55,1060.45,4158.55,1029.75,4177.1,1004.85,4201.5,997.55,4242,1007.8,4270.75,1011.7,4296.6,1021.45,4311.25,1030.25,4324.4,1043.9,4334.15,1057.55,4340.5,1086.35,4324.9,1109.75,4298.55,1124.85,4258.1,1133.15,4218.55,1125.35,4191.75,1113.15
3-167,Uninfected,No_comment,Polygon,17,4090.75,1208.3,4083.45,1183.9,4089.3,1149.25,4109.3,1125.35,4132.7,1112.65,4143.45,1106.8,4165.9,1108.3,4188.3,1114.6,4208.3,1122.9,4219.05,1138.5,4231.75,1169.25,4233.7,1192.65,4228.8,1214.6,4201.5,1238.05,4161.5,1247.8,4134.65,1242.45,4108.8,1234.15
3-168,Uninfected,No_comment,Polygon,16,4151.7,1239,4149.75,1224.85,4164.35,1194.65,4174.6,1173.7,4192.65,1161.5,4220.95,1157.6,4236.1,1162.9,4263.45,1169.25,4281.5,1175.6,4298.1,1191.2,4302,1215.6,4291.25,1238.05,4268.3,1259.5,4227.85,1271.7,4185.9,1269.25,4166.85,1260
3-169,Uninfected,No_comment,Polygon,18,3304.4,882.9,3292.7,867.8,3283.9,846.35,3282.95,826.35,3292.7,797.55,3314.15,774.6,3341.45,764.4,3360.5,760.5,3389.3,769.25,3405.35,781.95,3417.55,797.55,3429.3,830.25,3431.25,860,3415.6,890.7,3386.35,914.15,3357.1,913.65,3338.05,904.85,3320,898.05
3-170,Uninfected,No_comment,Polygon,16,3435.6,833.65,3440.5,805.85,3459.5,780.5,3487.35,763.9,3519.05,758.05,3540,756.55,3558.05,764.4,3575.6,776.1,3590.75,806.35,3597.55,832.2,3578.05,873.65,3540,888.3,3505.85,895.6,3468.8,881.45,3452.7,869.25,3442.45,843.4
3-171,Uninfected,No_comment,Polygon,16,3498.55,756.55,3493.65,737.05,3493.2,711.2,3507.8,683.9,3526.35,668.75,3559.05,655.1,3583.4,649.25,3617.1,661.95,3634.15,680.5,3644.9,705.85,3641.95,744.4,3622.45,774.15,3578,802,3558.5,805.4,3536.55,801.5,3510.2,792.25
3-172,Uninfected,No_comment,Polygon,19,3495.05,452.15,3483.35,476.05,3479,500.4,3484.85,533.55,3495.6,554.1,3511.7,569.7,3525.3,577.05,3552.7,578.45,3567.8,573.55,3582.4,565.8,3595.55,549.25,3604.85,535.5,3614.1,507.3,3610.75,479,3603.35,454.55,3590.2,434.55,3566.85,424.85,3532.7,425.35,3520,431.65
3-173,Uninfected,No_comment,Polygon,34,3316.6,414.1,3331.7,415.1,3336.05,400.4,3357.55,393.55,3373.1,385.8,3389.2,384.85,3394.1,392.15,3410.75,385.35,3418.05,397.05,3438.05,401.9,3442.4,411.2,3452.7,422.9,3460,433.55,3457.05,443.35,3468.8,449.7,3469.75,458.45,3465.85,467.3,3467.25,480.95,3458.05,489.7,3461.4,500.4,3454.1,504.85,3441.4,516.5,3416.05,519,3399,523.85,3379.45,515.1,3373.1,513.15,3362.4,508.75,3341.4,505.8,3338,491.65,3320.45,479.95,3322.9,458,3315.05,450.2,3320,437.45,3316.6,425.35
3-174,Uninfected,No_comment,Polygon,18,3635.1,312.2,3657.05,288.75,3671.2,280,3697.55,279,3723.9,278.05,3741.45,281.95,3760,292.2,3771.2,307.8,3775.1,327.8,3774.6,351.2,3764.85,377.05,3748.75,393.15,3719,406.35,3677.55,409.75,3646.8,395.1,3633.15,375.6,3628.75,355.1,3629.25,337.05
3-175,Uninfected,No_comment,Polygon,16,3462.95,205.8,3474.15,178,3491.7,159,3513.2,148.75,3536.6,147.25,3560.5,153.15,3578.55,164.3,3587.8,182.35,3588.3,204.85,3582.95,236.05,3569.75,254.6,3548.8,276.5,3515.15,281.9,3483.9,273.6,3470.25,257.45,3462.95,234.1
3-176,Uninfected,No_comment,Polygon,16,3218.55,287.3,3204.4,271.65,3202.95,243.85,3218.05,207.75,3236.1,191.65,3261,181.45,3293.2,181.9,3321.95,196.5,3330.75,210.2,3338.05,230.7,3341,259,3329.3,284.35,3304.4,301.45,3281.5,315.1,3248.8,325.35,3226.35,305.35
3-177,Uninfected,No_comment,Polygon,16,3186.85,346.3,3195.15,317.05,3211.7,292.65,3234.15,276.1,3257.1,271.25,3290.75,279.05,3302.45,286.85,3312.7,303.4,3322.45,333.55,3318.05,368.25,3295.6,388.75,3273.2,406.3,3236.6,413.15,3206.85,404.35,3189.3,388.75,3182.45,368.25
3-178,Uninfected,No_comment,Polygon,17,3020.25,166.15,3028.35,143.9,3040.45,124.7,3060.15,111.6,3084.4,105.55,3101.6,102,3125.8,106.05,3162.7,126.75,3172.3,150,3168.75,183.3,3154.6,207.05,3135.4,231.3,3107.65,246.45,3082.9,241.4,3050.55,234.85,3029.85,221.2,3018.25,187.85
3-179,Uninfected,No_comment,Polygon,18,3002.1,350,3007.15,320.2,3017.75,301.5,3030.35,284.3,3048.55,269.15,3072.8,258.05,3092.5,254,3107.15,251,3130.35,260.1,3143.5,280.8,3151.05,310.6,3149.55,339.4,3132.9,369.15,3120.25,386.35,3090.45,409.6,3063.7,416.65,3031.35,408.55,3012.2,394.95
3-180,Uninfected,No_comment,Polygon,17,3029.85,531.4,3026.7,499.45,3031.9,473.3,3054.45,447.1,3077.45,428.25,3092.65,424.1,3117.25,427.2,3138.2,430.35,3152.85,435.6,3167,454.45,3175.9,479.55,3172.25,515.7,3165.95,540.3,3144.5,564.4,3102.1,577.5,3064.4,571.7,3041.35,560.75
3-181,Uninfected,No_comment,Polygon,20,2939.8,634.05,2936.65,608.9,2944,587.45,2955.5,571.2,2972.75,557.05,3003.15,547.65,3017.8,542.4,3039.8,534.5,3058.65,531.4,3082.7,537.1,3097.9,546.55,3100,554.9,3100.5,584.8,3094.75,607.85,3085.35,627.75,3062.3,652.35,3032.45,664.4,2994.75,672.75,2973.8,665.45,2950.25,653.4
3-182,Uninfected,No_comment,Polygon,16,2815.7,571.2,2813.1,551.85,2819.35,522.5,2836.65,499.45,2853.9,489,2871.2,485.85,2899.5,478.55,2926.2,489,2945.05,507.3,2949.2,535.05,2946.05,559.15,2938.75,585.85,2916.75,601.05,2887.95,616.75,2844,605.75,2821.45,586.9
3-183,Uninfected,No_comment,Polygon,19,2875.9,478,2870.15,462.3,2869.1,436.1,2876.95,412.55,2898.95,389,2927.75,372.75,2952.9,365.95,2971.2,363.85,2991.6,372.25,3006.3,386.4,3021.45,408.9,3019.9,442.4,3016.75,464.4,3002.1,490.55,2980.1,510.45,2952.9,522.5,2926.15,531.45,2906.25,526.2,2891.05,510
3-184,Uninfected,No_comment,Polygon,20,2630.35,586.4,2644,568.6,2656.55,553.9,2674.85,549.2,2692.65,549.2,2713.1,547.1,2733.5,539.8,2749.2,538.75,2768.6,548.15,2780.1,560.2,2791.65,582.2,2795.3,620.4,2785.85,646.05,2768.05,671.2,2733.5,684.3,2694.25,682.7,2663.35,670.65,2650.25,651.8,2640.3,629.3,2630.9,609.95
3-185,Uninfected,No_comment,Polygon,19,2615.45,464.35,2621.9,452.45,2630.3,430.6,2638.25,412.35,2662.5,399.95,2676.35,396,2699.65,403.45,2718.95,416.3,2734.8,433.65,2746.65,457.4,2745.15,483.6,2735.25,508.35,2716.45,522.25,2694.7,535.15,2680.8,536.05,2656.55,529.2,2634.3,518.75,2621.4,502.45,2611.5,480.6
3-186,Uninfected,No_comment,Polygon,19,2623.4,417.3,2612.5,406.4,2595.15,395.45,2585.75,362.8,2597.15,331.65,2605.05,313.85,2619.4,298,2641.2,290.55,2658.55,286.6,2679.8,288.1,2699.15,303.45,2710,319.3,2719.45,347.95,2718.45,370.2,2712,391.55,2700.55,406.95,2679.8,422.75,2660.95,429.75,2641.65,426.75
3-187,Uninfected,No_comment,Polygon,17,2200.6,750.05,2189.2,737.7,2178.8,717.35,2175.85,696.55,2184.25,670.4,2196.15,643.6,2221.9,625.35,2252.1,621.8,2270.4,631.7,2287.25,646.05,2300.1,665.9,2309.5,690.7,2316.45,708.95,2300.1,736.65,2278.8,750.6,2253.05,758.5,2221.9,756.05
3-188,Uninfected,No_comment,Polygon,16,1777.7,588.65,1770.3,575.75,1762.85,551.5,1770.3,524.35,1791.15,501,1826.8,492.6,1844.6,495.55,1868.85,510.9,1880.25,525.75,1891.65,549.05,1888.65,571.85,1876.8,594.1,1857,608,1830.7,609.5,1807.5,610,1793.6,604.55
3-189,Uninfected,No_comment,Polygon,18,1888.65,652.55,1896.05,628.75,1903.45,604.55,1914.9,592.65,1950.05,590.2,1962.95,592.65,1981.75,604.55,1999,616.35,2015.4,645.15,2019.35,664.4,2019.85,689.15,2017.9,711.4,2002.05,724.8,1982.25,733.7,1954.5,731.2,1927.3,719.35,1911.45,702.55,1894.6,669.9
3-190,Uninfected,No_comment,Polygon,16,1953.45,540.6,1952.05,517.85,1957,498.05,1966.35,477.3,1981.2,455.95,2016.35,445.55,2041.15,455.95,2059.45,475.25,2066.85,498.05,2068.85,520.3,2065.4,552.05,2051.05,570.8,2025.8,584.2,1996.1,585.65,1975.3,576.8,1962.95,559.5
3-191,Uninfected,No_comment,Polygon,33,2064.9,587.7,2070.85,582.75,2065.9,566.9,2087.7,550.1,2093.65,538.65,2108,539.7,2125.3,530.7,2135.2,530.2,2138.2,543.6,2153.55,538.15,2160.95,547.6,2164.85,566.35,2174.75,566.9,2183.75,570.8,2175.3,586.65,2186.7,592.15,2188.2,604,2180.25,613.9,2187.7,628.25,2168.4,648.55,2168.4,656.45,2150.55,668.85,2138.2,676.25,2118.4,676.25,2109.4,680.8,2101.55,664.95,2084.7,665.85,2065.9,662.45,2072.35,644.6,2066.4,635.7,2062.95,622.85,2067.9,610.9,2063.9,596.55
3-192,Uninfected,No_comment,Polygon,18,2180.75,408.5,2173.85,420.3,2169.35,445.55,2171.85,471.35,2181.75,493.6,2191.65,510.4,2210.95,517.85,2234.7,518.85,2254.05,516.35,2272.8,505.95,2285.7,487.65,2292.65,466.4,2296.6,447.1,2293.1,407.95,2276.8,390.1,2247.1,380.2,2226.8,386.7,2204.95,392.1
3-193,Uninfected,No_comment,Polygon,18,1760.45,810.9,1765.4,787.15,1779.75,768.35,1805.5,756.45,1832.25,751.5,1853.05,755.95,1869.35,767.35,1888.65,776.75,1897.1,792.1,1900.05,812.9,1894.1,837.65,1884.2,858.95,1861.95,872.8,1830.25,877.25,1803.5,872.3,1783.7,863.9,1771.85,853.5,1764.4,836.15
3-194,Uninfected,No_comment,Polygon,17,1644.1,716.35,1649.55,698.55,1659.95,681.2,1692.15,660.4,1726.3,649.5,1756.5,648.05,1779.25,650,1793.6,665.35,1803.05,683.7,1803.5,698.05,1787.7,726.75,1771.85,745.55,1739.65,759.45,1713.4,761.9,1683.7,759.9,1663.4,752.5,1647.1,739.15
3-195,Uninfected,No_comment,Polygon,15,1619.85,1091.6,1624.8,1067.85,1639.65,1045.05,1671.35,1035.65,1716.9,1033.7,1735.2,1043.1,1759.45,1065.35,1772.35,1089.65,1768.85,1126.25,1758.95,1146.55,1736.2,1160.9,1697.1,1167.85,1649.55,1151,1626.8,1133.7,1620.85,1113.4
3-196,Uninfected,No_comment,Polygon,16,1496.1,1166.35,1482.2,1155.45,1473.8,1140.1,1470.35,1115.35,1475.8,1087.65,1493.6,1065.35,1511.9,1056.45,1551.05,1053,1576.75,1067.85,1595.1,1085.15,1605.5,1110.9,1604,1147.55,1600.55,1165.85,1575.8,1181.7,1549.05,1191.6,1514.9,1178.75
3-197,Uninfected,No_comment,Polygon,17,1777.3,1160.95,1772.35,1178.75,1768.9,1207,1770.4,1226.8,1776.8,1244.6,1788.75,1261.45,1806.1,1272.85,1831.35,1275.3,1856.6,1268.35,1871.9,1255,1884.75,1234.2,1892.15,1215.45,1890.7,1188.15,1883.25,1163.4,1861.55,1143.6,1833.8,1132.3,1802.55,1141.65
3-198,Uninfected,No_comment,Polygon,17,1648.6,1343.65,1652.05,1321.85,1663,1302.05,1675.85,1281.25,1705.6,1270.4,1734.25,1269.35,1759.5,1275.3,1772.85,1284.7,1790.2,1314.4,1794.65,1334.7,1786.7,1365.4,1771.85,1383.8,1754.05,1398.65,1726.8,1406,1688.7,1404,1665,1390.15,1653.1,1369.35
3-199,Uninfected,No_comment,Polygon,18,1515.9,1352.55,1506,1339.65,1507.5,1314.4,1514.95,1293.2,1523.85,1265.9,1534.8,1251.05,1557.55,1240.65,1584.25,1239.65,1616.4,1248.55,1634.25,1256.5,1653.1,1278.35,1650.6,1304,1642.15,1332.75,1628.8,1350.55,1601.05,1363.9,1574.35,1368.85,1547.65,1367.9,1530.25,1362.95
3-200,Uninfected,No_comment,Polygon,18,1502.55,1281.75,1488.7,1270.4,1471.35,1257.5,1456.55,1240.15,1455.5,1225.8,1464.5,1204,1485.2,1191.65,1507.05,1187.2,1538.2,1194.1,1557.05,1200.55,1580.3,1208.95,1596.6,1226.3,1609.45,1252.6,1632.7,1295.65,1620.8,1309.5,1590.2,1306.55,1556.45,1299.1,1529.8,1292.2
3-201,Uninfected,No_comment,Polygon,17,1697.1,1505.5,1693.65,1482.2,1704.5,1455.9,1717.4,1438.6,1735.2,1425.7,1756.5,1419.85,1785.7,1422.8,1799.1,1428.2,1808.5,1441.6,1821.35,1466.3,1830.25,1485.7,1820.85,1523.3,1808.5,1552.5,1776.8,1569.3,1751.05,1566.3,1719.35,1556.4,1702.05,1525.3
3-202,Uninfected,No_comment,Polygon,16,1583.7,1613.9,1563.4,1595.6,1557.5,1571.75,1570.35,1532.2,1584.7,1511.9,1613.45,1500.55,1632.75,1495.6,1655,1503.45,1668.4,1515.4,1681.75,1535.2,1692.65,1556.95,1704,1585.2,1695.6,1613.9,1666.9,1634.15,1637.7,1639.6,1609.45,1631.25
3-203,Uninfected,No_comment,Polygon,15,1443.1,1581.2,1432.7,1567.35,1425.3,1542.1,1420.85,1515.9,1444.1,1480.7,1470.85,1468.3,1495.6,1461.9,1518.35,1474.3,1533.7,1489.15,1544.1,1506.95,1550.55,1540.65,1540.65,1565.4,1521.85,1581.2,1497.1,1592.1,1466.4,1589.1
3-204,Uninfected,No_comment,Polygon,14,1389.55,1662.3,1397.9,1644.5,1414.15,1628.8,1439.8,1618.3,1471.75,1623.55,1500.55,1632.95,1521.5,1646.6,1531.95,1683.7,1526.7,1705.2,1506.8,1727.75,1480.1,1745,1449.75,1747.65,1424.6,1739.2,1397.9,1720.35
3-205,Uninfected,No_comment,Polygon,16,2377.55,548.15,2364.55,538.5,2349.5,509.2,2347.8,472.8,2355.35,449.8,2367.9,430.95,2390.1,419.25,2413.5,414.65,2439.05,418.85,2456.6,435.55,2467.05,456.5,2472.5,483.25,2468.35,513.8,2458.3,534.3,2429.4,546.05,2396.35,550.65
3-206,Uninfected,No_comment,Polygon,30,2374.6,622.2,2375.45,611.3,2376.25,593.3,2383.4,579.95,2391.35,569.9,2403.45,563.2,2414.35,560.7,2438.2,560.25,2458.3,557.35,2469.6,554.85,2482.15,559.85,2489.65,566.55,2503.05,569.45,2511.45,571.15,2515.2,582.45,2526.05,587.05,2536.95,599.2,2530.65,609.2,2528.15,625.55,2520.2,633.05,2506.8,631,2486.75,646.45,2480.05,659,2463.7,656.9,2443.65,661.95,2433.6,660.25,2421.9,665.3,2399.7,661.95,2380.85,649.4,2376.25,641.85
3-207,Uninfected,No_comment,Polygon,19,2342.8,362.75,2339.9,350.6,2337.35,330.95,2341.15,308.75,2351.6,289.1,2368.35,276.55,2384.25,268.6,2403.5,264.85,2423.55,262.75,2445.75,274.45,2465,291.6,2470,310.45,2473.8,335.95,2465.4,361.9,2454.1,381.15,2427.75,392.9,2407.25,402.5,2383.4,399.55,2362.05,389.55
3-208,Uninfected,No_comment,Polygon,17,2239.05,293.3,2225.65,284.9,2214.75,264.85,2208.05,247.7,2212.25,219.2,2224.4,196.65,2239.85,183.65,2254.1,174.45,2274.2,169.45,2293.45,168.15,2312.25,175.7,2329,197.05,2338.2,224.65,2336.1,263.6,2323.55,289.1,2300.55,301.25,2270.4,306.25
3-209,Uninfected,No_comment,Polygon,16,2477.55,259.8,2477.95,238.45,2484.25,213.35,2493.45,197.45,2509.75,182.8,2531.5,174.85,2556.2,178.65,2575.9,186.15,2589.25,200.4,2598.05,223,2603.5,254.8,2593.85,288.25,2572.1,317.55,2534.05,321.3,2505.6,314.65,2485.9,285.35
3-210,Uninfected,No_comment,Polygon,17,2360.3,205,2343.2,187.85,2335.65,156.5,2339,129.7,2350.3,100.85,2369.55,88.7,2393,79.5,2416.85,77.4,2438.55,88.3,2464.15,110.45,2475.85,137.65,2479.55,164.45,2469.15,190.8,2448.25,208.8,2418.9,222.6,2393,222.2,2377.5,212.55
3-211,Uninfected,No_comment,Polygon,17,2038.6,441.2,2025,428.5,2010.55,410.5,2003.1,372.35,2015.8,329.8,2028.1,302.2,2063.6,285.05,2093.9,289.9,2114.5,302.2,2124.6,328.5,2132.05,351.3,2129.85,383.3,2122.85,408.3,2102.65,441.65,2089.95,449.1,2064.95,453.95,2053.95,448.25
3-212,Uninfected,No_comment,Polygon,18,2853.45,330.7,2854.85,311.85,2854.85,291.65,2869.3,271.5,2897.75,256.55,2912.75,248.7,2939.5,244.3,2959.6,250.85,2972.75,264.05,2982.9,280.25,2986.85,303.05,2988.6,323.25,2979.4,345.15,2954.85,359.65,2932.05,360.1,2906.55,364.9,2889,358.75,2867.55,343
3-213,Uninfected,No_comment,Polygon,18,2785.95,182.45,2783.3,170.6,2790.8,145.6,2800.4,126.3,2821.9,113.15,2847.4,106.15,2871.5,103.95,2896.5,109.65,2917.05,131.15,2925.85,155.7,2927.6,181.55,2919.3,210.5,2904.85,233.35,2880.25,243.85,2855.25,238.15,2828.95,232,2812.75,220.6,2794.3,209.2
3-214,Uninfected,No_comment,Polygon,24,2676.3,225.45,2680.7,244.3,2689.5,260.5,2701.3,268.85,2709.65,275,2716.65,289.05,2724.5,296.9,2735.05,295.15,2742.55,294.75,2753.1,308.75,2768.45,315.8,2786.85,320.15,2798.25,318.85,2817.55,314.9,2835.05,302.65,2841.2,288.6,2837.25,264.9,2828.95,245.6,2816.65,226.3,2792.9,208.75,2765.35,202.2,2733.3,206.55,2705.25,215.8,2685.55,219.75
3-215,Uninfected,No_comment,Polygon,20,2644.3,269.75,2626.3,255.25,2610.05,235.1,2596.45,200.85,2593,169.3,2605.7,137.25,2625.9,114.9,2639.5,106.15,2661.35,100.45,2687.7,103.95,2708.3,108.3,2723.65,118.4,2739,133.3,2753.1,155.7,2764.5,182.45,2767.9,210.15,2762.7,232.9,2744.2,258.75,2709.55,270.6,2667.55,271.5