198,5312,2988
5-1,Uninfected,No_comment,Polygon,13,2845.75,2100.3,2813.65,2100.3,2783.45,2081.45,2757.05,2055.05,2738.15,2019.15,2766.5,1972,2798.55,1964.45,2840.05,1958.8,2870.25,1977.55,2887.25,2019.15,2877.8,2045.6,2874.05,2081.45,2862.7,2100.3
5-2,Uninfected,No_comment,Polygon,12,2800.45,1932.35,2774.05,1911.6,2764.6,1875.65,2777.8,1832.25,2794.8,1813.5,2832.55,1804.05,2874.05,1805.95,2898.55,1839.8,2900.45,1887.1,2879.7,1932.35,2836.3,1939.9,2806.1,1938.05
5-3,Uninfected,No_comment,Polygon,11,2519.25,2085.2,2494.75,2058.7,2481.55,2009.75,2490.95,1966.35,2523.05,1943.7,2564.55,1943.7,2606.1,1979.55,2613.65,2019.15,2607.95,2062.6,2572.1,2085.2,2536.25,2089
5-4,Uninfected,No_comment,Polygon,12,2364.55,2236.2,2323,2226.65,2296.6,2196.45,2292.8,2149.4,2304.15,2115.4,2321.15,2090.9,2360.75,2085.2,2389.05,2100.3,2411.7,2132.4,2419.25,2164.5,2421.15,2200.35,2394.7,2228.65
5-5,Uninfected,No_comment,Polygon,15,2389.05,2389.05,2379.65,2356.95,2373.95,2313.45,2398.5,2283.35,2432.45,2268.25,2475.85,2270.05,2502.3,2281.5,2515.5,2304.1,2521.15,2324.9,2500.4,2341.85,2479.65,2358.85,2472.1,2387.05,2458.9,2406,2428.7,2406,2387.2,2394.6
5-6,Uninfected,No_comment,Polygon,11,2674,2364.4,2653.25,2351.3,2651.35,2309.8,2677.8,2272.05,2713.65,2262.5,2747.6,2262.5,2785.35,2294.7,2796.65,2340,2779.7,2351.3,2721.2,2370.15,2685.35,2370.15
5-7,Uninfected,No_comment,Polygon,17,2410.75,1801.5,2418.65,1788.35,2430.5,1771.9,2448.9,1762.65,2473.25,1757.4,2506.15,1763.35,2526.55,1775.85,2548.25,1791.6,2557.5,1806.1,2553.55,1834.4,2542.35,1854.15,2524.6,1871.9,2487.75,1880.45,2452.2,1875.85,2430.5,1860.05,2413.4,1840.3,2406.8,1819.9
5-8,Uninfected,No_comment,Polygon,17,2487.1,1610.05,2477.2,1631.75,2469.95,1648.85,2468.65,1677.8,2479.2,1700.8,2494.95,1721.9,2523.9,1733.7,2560.75,1735.05,2592.35,1721.2,2606.15,1702.8,2618.65,1677.15,2617.35,1650.15,2603.55,1621.2,2589.05,1603.45,2561.45,1593.6,2518.65,1593.6,2506.15,1597.5
5-9,Uninfected,No_comment,Polygon,25,2658.75,1601.75,2672.8,1580.55,2693.6,1569.65,2719.85,1565.55,2727.1,1567.9,2737.5,1568.75,2743.8,1577.8,2756.05,1580.55,2765.55,1583.65,2767.8,1595.05,2775.95,1597.25,2790.4,1604.95,2793.6,1625.3,2800.85,1633.45,2800.4,1647.45,2801.75,1660.15,2798.55,1669.65,2796.3,1681.45,2775.95,1704.55,2758.75,1708.6,2753.3,1710.8,2683.65,1686.85,2671.4,1676,2662.35,1655.15,2654.7,1632.1
5-10,Uninfected,No_comment,Polygon,17,2796.3,1468.75,2813.95,1441.15,2843.4,1426.2,2873.25,1424.4,2899.05,1430.75,2924.85,1454.3,2933.9,1480.95,2942,1497.25,2937.05,1523.95,2923.9,1546.6,2899.95,1562.4,2868.25,1567.85,2830.7,1553.35,2802.2,1538,2796.3,1519,2794.05,1490.95,2789.1,1474.65
5-11,Uninfected,No_comment,Polygon,18,2642.95,1443.4,2647,1428.95,2659.65,1412.2,2677.3,1400.9,2704,1397.25,2720.3,1400,2745.65,1408.5,2769.15,1423.05,2780.05,1442.05,2785,1462.85,2787.75,1487.3,2782.3,1501.8,2757.85,1515.8,2736.6,1526.2,2709.45,1522.15,2663.75,1501.8,2647,1482.8,2643.85,1460.6
5-12,Uninfected,No_comment,Polygon,17,2530.05,1581.5,2509.35,1563,2497,1538.35,2493.05,1519.4,2495.7,1499.15,2510.65,1480.2,2534.45,1468.75,2559.55,1460.35,2580.7,1461.25,2596.55,1465.65,2616.4,1485.05,2630.05,1519.85,2627.4,1545.85,2612.85,1567.85,2577.2,1586.8,2551.2,1591.65,2539.75,1584.15
5-13,Uninfected,No_comment,Polygon,19,2444.55,1358.25,2438.4,1384.2,2443.25,1411.5,2459.05,1442.75,2478.85,1452.45,2505.8,1461.25,2526.05,1459.55,2549.8,1451.6,2573.65,1443.25,2587.7,1428.25,2596.1,1403.6,2596.1,1374.95,2585.1,1359.55,2564.4,1345.45,2545.45,1333.5,2524.25,1325.15,2477.15,1330.45,2460.85,1340.55,2452,1347.15
5-14,Uninfected,No_comment,Polygon,19,2530.9,1238.8,2548.95,1224.25,2569.65,1220.75,2595.65,1222.05,2620.8,1232.6,2639.7,1248.9,2660.45,1277.55,2666.15,1303.1,2665.25,1318.95,2658.2,1333.05,2642.35,1344.95,2627.4,1352,2599.2,1350.7,2571.45,1338.35,2538.85,1317.65,2531.35,1307.05,2524.3,1290.35,2520.35,1274.45,2520.75,1251.55
5-15,Uninfected,No_comment,Polygon,20,2763.95,1100.9,2765.25,1075.35,2778.9,1052.45,2796.55,1036.6,2821.2,1029.1,2857.35,1029.6,2879.75,1041.45,2899.65,1059.05,2912.85,1076.25,2923.85,1081.95,2917.25,1092.1,2907.55,1115,2893.05,1131.75,2874.5,1148.05,2845,1160.8,2818.15,1159.05,2795.2,1151.55,2782.9,1140.55,2774.1,1126.45,2768.8,1111.45
5-16,Uninfected,No_comment,Polygon,19,2674.95,1282.85,2662.2,1263.9,2657.35,1244.1,2655.55,1217.65,2655.15,1193.9,2668.75,1173.15,2682.45,1158.6,2693,1152.05,2717.25,1148.05,2745,1154.65,2762.6,1167.4,2785.95,1194.3,2790.8,1229.1,2779.35,1256.4,2762.6,1280.2,2740.6,1294.3,2715.05,1296.95,2698.3,1293.85,2682,1288.55
5-17,Uninfected,No_comment,Polygon,17,2815.5,1372.7,2800.1,1355.55,2793.95,1331.3,2790.4,1304,2800.55,1276.25,2824.35,1254.7,2847.25,1245.85,2876.75,1248.05,2895.25,1257.75,2919.05,1287.7,2924.75,1323.45,2917.3,1356.05,2890.85,1382,2868.8,1390.35,2845.05,1390.35,2832.7,1385.5,2823.9,1378.45
5-18,Uninfected,No_comment,Polygon,16,2955.6,1488.1,2937.95,1476.25,2927.85,1447.55,2923.85,1421.6,2927.85,1383.75,2949.85,1356.4,2974.95,1341.9,2998.75,1341.9,3021.65,1350.65,3038.4,1375.8,3038.85,1414.15,3033.15,1456.85,3023,1485,3003.15,1497.4,2974.55,1498.7,2963.95,1493.85
5-19,Uninfected,No_comment,Polygon,19,3035.35,1449.8,3044.15,1433.5,3045,1404.4,3047.65,1384.2,3065.75,1360.85,3086.85,1348.95,3118.15,1344.55,3140.2,1346.75,3165.3,1363.45,3177.2,1382.85,3181.15,1428.65,3167.5,1457.75,3155.15,1472.3,3138.4,1483.3,3120.8,1494.25,3096.1,1492.55,3076.75,1491.65,3060,1482.4,3034.9,1459.05
5-20,Uninfected,No_comment,Polygon,16,3096.1,1278.9,3085.55,1253.75,3085.1,1226.9,3090.85,1205.75,3102.75,1183.3,3126.05,1161.25,3149.4,1153.35,3180.7,1156.35,3206.25,1172.25,3219.05,1199.1,3220.35,1256,3205.35,1289.45,3185.1,1302.25,3153.85,1314.55,3124.3,1305.75,3105.35,1292.1
5-21,Uninfected,No_comment,Polygon,16,3309.35,1243.2,3313.75,1208.35,3327.85,1178.4,3353.85,1164.75,3388.2,1157.25,3419.05,1168.3,3449.45,1181.95,3467.5,1205.75,3473.7,1237,3467.1,1268.3,3439.35,1296.9,3403.65,1305.75,3372.35,1303.95,3352.55,1298.7,3330.05,1279.75,3319.5,1263
5-22,Uninfected,No_comment,Polygon,21,3399.65,1379.75,3398.8,1347.15,3415.1,1320.3,3432.25,1305.75,3461.8,1295.6,3485.15,1300.9,3508.5,1310.6,3530.05,1337.9,3537.55,1370.5,3529.2,1401.8,3517.3,1410.15,3514.2,1417.2,3524.35,1432.2,3503.65,1441,3501.45,1446.3,3491.75,1448.5,3484.25,1433.05,3461.8,1433.95,3430.95,1426.9,3412.9,1405.3,3407.6,1389.9
5-23,Uninfected,No_comment,Polygon,18,3530.5,1452,3528.75,1427.35,3534.9,1408.85,3550.35,1388.15,3569.3,1375.85,3597.9,1374.05,3630.05,1393.05,3643.3,1411.05,3649.9,1436.15,3646.8,1461.3,3648.6,1475,3645.5,1492.15,3621.25,1521.65,3590,1533.15,3567.5,1527.8,3545.95,1511.5,3536.7,1496.5,3528.75,1468.75
5-24,Uninfected,No_comment,Polygon,18,3656.95,1446.3,3660.45,1427.75,3672.35,1407.1,3690.85,1388.1,3708.5,1382,3738.45,1377.15,3764.45,1382,3791.75,1402.2,3807.6,1426.9,3810.25,1451.6,3808.05,1477.95,3797.05,1503.15,3753.45,1521.65,3723.45,1521.2,3693.05,1508.4,3675,1497.85,3660.9,1473.6,3655.2,1462.6
5-25,Uninfected,No_comment,Polygon,17,3661.35,1334.85,3652.55,1317.2,3652.1,1297.45,3666.65,1267.85,3681.15,1252,3703.2,1245.85,3735.35,1239.25,3767.1,1248.05,3787.8,1250.25,3789.55,1261.7,3797.5,1292.1,3791.3,1330,3777.65,1351.55,3756.05,1363.45,3719.5,1366.1,3695.25,1359.5,3674.1,1349.8
5-26,Uninfected,No_comment,Polygon,17,3842.85,1244.95,3862.25,1210.6,3881.2,1192.6,3902.75,1183.3,3932.3,1178.45,3957.4,1186.35,3991.75,1211.9,4001.9,1234.85,4001,1265.2,3995.3,1289,3975,1310.15,3940.2,1327.8,3905.85,1323.4,3887.35,1316.75,3860.9,1300.45,3848.6,1278,3845.5,1261.7
5-27,Uninfected,No_comment,Polygon,16,3705.85,1204,3716.45,1184.15,3727.9,1155.95,3740.2,1133.5,3760.9,1115.9,3796.15,1109.7,3828.35,1113.7,3848.15,1134.45,3858.3,1163.45,3857.4,1192.1,3847.25,1215.05,3818.2,1234.85,3793.5,1234.85,3754.75,1229.55,3729.65,1218.95,3714.25,1211.5
5-28,Uninfected,No_comment,Polygon,15,3556.95,1175.35,3567.5,1140.55,3583.35,1115.85,3608.05,1107.95,3635.35,1103.1,3661.8,1109.7,3685.15,1129.55,3695.25,1152,3693.95,1177.1,3689.1,1198.7,3658.7,1226.9,3626.55,1233.95,3601.45,1226,3575.9,1213.25,3563.55,1199.6
5-29,Uninfected,No_comment,Polygon,17,3365.8,1110.15,3371.55,1100.45,3379.4,1085.5,3382.5,1054.2,3368,1032.6,3350.8,1023.35,3323.05,1023.35,3297.9,1018.95,3269.75,1028.65,3255.2,1037.9,3246.4,1066.55,3245.55,1093.85,3258.25,1115.45,3280.3,1127.75,3312.05,1133.05,3326.55,1127.75,3351.25,1118.1
5-30,Uninfected,No_comment,Polygon,25,3279.85,927.3,3283.9,939.2,3283.4,953.3,3290,968.75,3303.2,980.2,3322.15,996.5,3349.9,1009.7,3381.65,1018.1,3408.05,1024.7,3431.85,1022.55,3450.8,1011.45,3461,1003.55,3461.35,967.4,3454.35,956.85,3431.85,951.1,3410.25,938.35,3389.15,919.85,3385.15,910.15,3382.1,899.15,3370.6,891.2,3345.95,883.25,3314.2,886.8,3300.6,899.15,3289.55,910.65,3281.2,918.5
5-31,Uninfected,No_comment,Polygon,19,3375.05,889.45,3373.25,873.15,3375.9,849.8,3397.95,824.7,3420.85,809.7,3447.3,805.3,3471.55,806.6,3494.4,819.4,3515.55,836.15,3526.2,859.9,3530.1,885.9,3526.2,915.85,3511.2,935.3,3481.2,954.65,3456.95,957.7,3425.65,947.15,3402.3,932.15,3389.55,915,3379.35,900.05
5-32,Uninfected,No_comment,Polygon,18,3582.15,965.2,3572.8,943.2,3570.6,922.5,3575.05,904.85,3586.05,887.7,3595.3,875.8,3620.4,861.75,3645.05,858.15,3672.85,860.35,3698.4,875.35,3715.55,900.9,3723.05,929.1,3714.7,964.75,3697.05,985.5,3666.65,998.25,3635.8,1000.9,3606.8,996.05,3592.7,981.95
5-33,Uninfected,No_comment,Polygon,18,3425.2,1151.15,3405.8,1126,3395.7,1109.7,3402.3,1061.7,3423,1039.65,3446.35,1022.05,3465.3,1012.35,3504.95,1016.3,3526.1,1031.3,3541.05,1052,3547.7,1076.65,3549.45,1105.35,3541.95,1131.75,3526.1,1153.75,3509.8,1166.55,3483.8,1178.45,3456.05,1171.85,3437.1,1163
5-34,Uninfected,No_comment,Polygon,20,3110.25,909.7,3107.6,894.25,3123,878.85,3141.1,866.5,3167.1,859.9,3191.3,860.35,3208.95,862.1,3229.25,860.35,3249.45,868.25,3256.05,884.55,3257.85,897.35,3266.65,921.55,3257.4,949.35,3242.4,970.5,3208.95,986.35,3170.6,981.95,3153.4,971.35,3138.9,954.2,3115.1,932.15,3109.8,918.95
5-35,Uninfected,No_comment,Polygon,18,2889.55,923.35,2883.35,897.8,2884.25,872.65,2896.6,847.55,2909.8,834.35,2928.75,823.35,2947.3,820.25,2964.9,816.3,2988.65,823.35,3013.35,848.45,3029.2,877.95,3023.45,915.4,3011.55,944.9,2974.15,963.45,2949.45,969.15,2926.55,958.6,2905.4,949.75,2897.9,940.1
5-36,Uninfected,No_comment,Polygon,18,3057.35,1078.85,3052.1,1044.05,3058.25,1015.45,3068.85,993.4,3081.6,984.15,3104.5,975.35,3132.25,976.2,3160,982.4,3180.75,1000,3188.2,1024.7,3190,1057.3,3178.5,1083.25,3165.75,1107.5,3139.75,1118.95,3108.9,1126.45,3089.95,1122.5,3077.2,1113.25,3060.9,1093.85
5-37,Uninfected,No_comment,Polygon,18,2909.35,1130.4,2913.75,1116.75,2920.8,1098.25,2931.8,1082.4,2951.6,1069.25,2978.5,1067,3012,1072.75,3057.8,1113.25,3065.7,1134.45,3059.55,1167.45,3041.95,1185.05,3027.85,1197.45,3002.75,1208.9,2964.85,1204.85,2934.9,1194.75,2919,1174.1,2909.35,1152.9,2907.55,1141
5-38,Uninfected,No_comment,Polygon,19,2699.65,985.05,2708.9,975.35,2723.45,944.5,2733.6,925.1,2752.5,907.95,2769.25,900.45,2798.35,901.35,2818.6,907.5,2835.8,920.7,2846.35,942.3,2853,972.7,2839.75,1010.15,2816.4,1027.75,2783.35,1038.8,2752.1,1036.6,2727.85,1026.45,2715.1,1013.25,2702.3,997.8,2695.25,990.75
5-39,Uninfected,No_comment,Polygon,17,2669.7,855.95,2677.65,833.5,2704.05,812.35,2732.7,797.8,2767.5,783.25,2812.9,780.6,2835.8,785.9,2851.7,794.3,2859.6,817.2,2854.3,840.95,2835.4,865.65,2801.9,879.75,2767.05,891.65,2731.85,898.25,2695.25,892.95,2681.15,883.7,2672.4,867.4
5-40,Uninfected,No_comment,Polygon,20,2580.7,1043.15,2565.75,1030.4,2555.15,1009.25,2551.2,971.85,2561.3,943.65,2575,926,2598.35,912.35,2632.25,906.2,2659.15,914.05,2682.05,927.35,2697.9,948.5,2694.8,977.95,2696.15,994.25,2691.3,1013.25,2675.9,1035.7,2667.5,1047.15,2641.05,1055.95,2623.45,1059.05,2613.75,1059.95,2589.95,1056.4
5-41,Uninfected,No_comment,Polygon,17,2330,818.5,2327.8,792.1,2335.3,763,2356.9,736.15,2385.1,724.7,2410.65,714.1,2429.6,707.5,2457.75,724.7,2472.75,756,2475.85,792.1,2464.4,823.4,2448.95,842.75,2428.7,858.15,2397,868.8,2363.5,863.05,2343.65,845.85,2335.3,833.5
5-42,Uninfected,No_comment,Polygon,20,2303.6,728.65,2297,703.1,2287.3,674,2289.1,659.05,2301.9,638.75,2313.3,621.15,2327.85,605.7,2356.05,596.05,2393.05,600.45,2411.55,607.05,2429.6,614.1,2449.45,631.7,2455.65,670.05,2442.4,695.15,2416,704.85,2386.85,714.55,2359.15,729.1,2345.45,742.75,2317.7,740.95,2305.4,737
5-43,Uninfected,No_comment,Polygon,24,2317.7,614.6,2303.6,609.25,2276.25,607.05,2262.6,600.45,2249.4,572.25,2251.15,546.7,2256.45,525.55,2263.95,511,2284.2,502.65,2310.2,497.35,2323.85,491.6,2348.95,492.5,2373.2,501.3,2396.55,522.9,2407.1,545.8,2415.05,559,2425.2,570.5,2431.35,585,2424.3,599.55,2408.45,610.2,2387.3,621.65,2354.7,627.35,2337.05,626.05,2327.4,623.85
5-44,Uninfected,No_comment,Polygon,31,2313.7,451.55,2316.8,465.65,2313.7,483.7,2310.25,502.3,2319,514.65,2327.8,530.95,2331.8,544.6,2329.15,556.05,2337.95,554.3,2352.95,554.3,2363.5,556.95,2374.5,558.7,2387.75,557.8,2403.6,552.5,2423.4,555.05,2437.95,561.25,2451.6,555.5,2463.05,548.45,2471,535.25,2474.5,520.7,2476.3,510.1,2476.7,494.25,2469.65,478.85,2463.05,464.3,2451.15,451.1,2428.25,439.65,2400.05,432.15,2376.3,432.6,2350.75,441.4,2339.7,446.25,2325.15,444.05
5-45,Uninfected,No_comment,Polygon,18,2174.95,549.3,2156.9,535.2,2140.15,520.25,2134,500.85,2130.05,472.2,2135.75,438.3,2144.6,413.2,2167.05,397.75,2189.95,396.9,2219.9,395.15,2234.45,407,2253.8,431.25,2261.75,453.3,2262.65,481.9,2252.05,516.3,2238.4,536.55,2209.75,549.75,2191.7,551.5
5-46,Uninfected,No_comment,Polygon,17,2011.95,605.25,1993.9,586.3,1983.75,552.4,1991.25,526.45,2004.9,492.95,2014.15,476.2,2026.5,466.45,2053.35,463.45,2071.85,469.6,2098.3,480.55,2115.05,499.05,2130.45,558.15,2119.45,579.25,2097.4,612.8,2073.65,618.9,2050.7,619.4,2027.8,618
5-47,Uninfected,No_comment,Polygon,18,1912.65,634.45,1911.7,602.9,1926.75,585.45,1943.7,567,1972.85,562.65,2001.8,557.7,2022.6,563.55,2051.2,576.65,2054.6,616.4,2052.95,642.75,2041.8,677.2,2030.6,697.1,2008.75,708.75,1970.9,703.4,1934.5,690.8,1925.2,677.2,1916.55,660.2,1914.6,647.6
5-48,Uninfected,No_comment,Polygon,17,1802.95,564.1,1788.85,540.8,1782.5,513.6,1783.5,490.3,1793.7,477.2,1818.4,459.7,1844.7,451.95,1875.25,452.45,1898.1,461.15,1920.9,483.5,1933.05,522.35,1929.65,544.65,1911.7,580.6,1890.3,598.05,1872.35,594.65,1847.1,591.75,1822.35,583
5-49,Uninfected,No_comment,Polygon,21,1747.15,610.2,1741.3,628.15,1746.15,648.05,1747.65,663.1,1749.55,678.15,1761.2,681.1,1776.75,687.4,1800.05,695.65,1821.95,692.75,1852,687.4,1883.55,670.9,1891.3,648.55,1884.55,617.5,1875.8,597.15,1863.65,589.35,1845.65,572.85,1821.9,562.7,1801.05,566.5,1772.85,566.05,1760.25,576.7,1752,590.3
5-50,Uninfected,No_comment,Polygon,21,1860.75,832.6,1853.45,826.75,1840.85,812.15,1823.35,801,1811.2,791.75,1810.75,770.4,1816.55,743.25,1822.9,724.85,1834.55,707.35,1856.35,697.1,1874.35,689.35,1903,687.45,1921.4,698.55,1938.9,722.85,1951.05,751,1950.55,776.7,1943.25,794.25,1931.6,808.75,1904.5,824.3,1892.85,832.05,1876.75,835.45
5-51,Uninfected,No_comment,Polygon,21,2115.1,769.45,2098.15,752.95,2076.35,744.2,2060.25,732.55,2053.45,709.25,2053.95,683.5,2064.15,658.8,2081.6,630.65,2097.65,614.65,2108.8,609.25,2131.15,606.8,2156.85,611.25,2171.5,628.65,2179.7,646.15,2180.15,667.5,2173.85,691.35,2164.65,703.95,2158.3,735.45,2155.4,757.35,2150.05,766.6,2137.45,775.25
5-52,Uninfected,No_comment,Polygon,18,1947.6,810.75,1954.9,791.3,1959.25,773.8,1974.8,763.6,2006.35,747.6,2047.15,754.9,2061.7,756.4,2082.1,770.9,2105.85,785.95,2121.4,824.3,2116.05,850.05,2098.6,862.15,2072.4,865.55,2038.4,877.7,2006.85,881.65,1985,867.55,1964.6,857.8,1953.45,835.95
5-53,Uninfected,No_comment,Polygon,17,2051.05,1025.75,2029.2,1009.25,2013.65,988.35,2003.45,971.85,1999.1,948.05,2013.15,914.55,2038.9,894.2,2064.6,882.05,2100.55,878.15,2129.65,894.65,2140.85,910.7,2139.85,941.25,2136.95,988.35,2129.65,1018.45,2112.2,1033,2088.4,1037.9,2072.4,1034
5-54,Uninfected,No_comment,Polygon,28,1996.65,1162.65,1983.45,1153.9,1978.6,1137.4,1981.05,1120.4,1990.8,1109.25,1994.7,1101.5,2003.9,1091.75,2012.6,1083.05,2017.5,1075.75,2024.8,1068.95,2033.45,1061.2,2042.25,1057.3,2069.95,1059.25,2078.2,1053.9,2087.4,1063.6,2097.05,1064.1,2106.85,1068,2110.7,1079.65,2115.55,1088.35,2123.35,1099.05,2123.75,1117.5,2128.2,1138.35,2117.95,1154.4,2110.7,1174.3,2092.25,1184,2066.55,1184.5,2039.3,1184.5,2010.7,1175.75
5-55,Uninfected,No_comment,Polygon,19,1940.8,1259.25,1910.25,1254.85,1895.2,1236.4,1888.4,1220.9,1886.95,1191.3,1897.15,1163.1,1907.3,1145.15,1918.5,1135.45,1940.8,1129.6,1965.1,1133.5,1990.4,1126.3,2000.05,1121.9,2014.6,1131.6,2036.95,1145.7,2048.6,1162.2,2043.25,1209.7,2032.55,1240.3,2004.4,1257.8,1964.1,1258.25
5-56,Uninfected,No_comment,Polygon,16,2106.85,1314.6,2091.8,1300.5,2080.15,1276.7,2074.3,1250,2080.65,1223.3,2091.3,1207.3,2103.95,1199.05,2115.6,1193.2,2135,1190.8,2159.75,1201.45,2173.35,1215.55,2186.45,1233.5,2194.25,1266.05,2191.3,1294.2,2174.8,1312.65,2148.6,1320.9
5-57,Uninfected,No_comment,Polygon,17,2231.6,1258.25,2218.05,1234,2213.65,1209.75,2215.6,1187.9,2229.7,1162.2,2258.8,1146.6,2283.55,1146.6,2302,1152.4,2327.75,1159.2,2341.35,1168,2351.55,1182.1,2351.55,1207.8,2349.1,1236.45,2336,1265.6,2305.9,1281.6,2282.1,1283.05,2254.9,1276.7
5-58,Uninfected,No_comment,Polygon,16,2176.3,1432.55,2176.3,1417,2177.25,1380.6,2186,1352.45,2195.7,1325.25,2230.15,1302.45,2263.65,1298.1,2284.55,1311.2,2305.4,1328.65,2318.5,1366.05,2317.05,1400.5,2305.9,1431.6,2289.4,1449.55,2240.85,1456.8,2203.45,1448.55,2188.4,1447.1
5-59,Uninfected,No_comment,Polygon,20,1932.1,1338.9,1945.15,1331.6,1965.6,1319.4,1984.95,1308.8,2001.95,1301.5,2042.3,1303.4,2068.45,1315.6,2087.45,1336.9,2099.55,1353.95,2103.45,1376.75,2094.75,1410.2,2081.65,1422.8,2056.8,1428.65,2020.9,1431.6,2010.2,1422.4,1997.15,1411.7,1976.7,1396.65,1960.75,1377.25,1949.05,1365.05,1941.75,1354.35
5-60,Uninfected,No_comment,Polygon,17,1903.9,1438.35,1898.6,1461.2,1895.2,1487.4,1901,1506.35,1913.15,1521.85,1932.1,1536.45,1957.8,1545.65,1993.25,1531.1,2010.25,1516.5,2018,1493.2,2019.45,1465.05,2008.3,1441.3,1989.85,1420.9,1976.75,1413.1,1951,1406.8,1929.15,1416.05,1917.05,1424.3
5-61,Uninfected,No_comment,Polygon,20,1718.5,1297.45,1729.35,1289.15,1743.1,1276.35,1752.9,1260.75,1759.7,1246.5,1765.65,1234.25,1786.7,1223.9,1825.45,1223,1850.9,1235.25,1869.05,1251.9,1886.7,1288.6,1883.3,1320.55,1873.45,1346.5,1847,1360.75,1793.5,1370.55,1756.8,1369.05,1733.3,1355.35,1719.05,1341.05,1713.6,1322,1716.6,1305.85
5-62,Uninfected,No_comment,Polygon,19,1623.5,1230.35,1619.55,1250.95,1627.9,1270.05,1641.65,1284.75,1658.8,1292.6,1681.35,1296.55,1702.4,1289.15,1712.7,1281.35,1723.5,1268.6,1736.75,1251.9,1745.05,1238.7,1752.4,1219.55,1749,1196.55,1734.3,1178.9,1708.3,1169.1,1688.7,1171.05,1670.05,1180.35,1656.8,1197,1634.75,1216.15
5-63,Uninfected,No_comment,Polygon,23,1570.55,1095.55,1574,1113.7,1575.95,1145.05,1574.45,1174,1567.6,1207.3,1573.5,1228.9,1579.85,1238.2,1592.6,1245.05,1606.85,1245.55,1614.2,1241.6,1624.95,1226.9,1645.05,1204.85,1680.35,1172.5,1696.55,1169.55,1713.7,1166.15,1724.95,1156.8,1730.35,1132.3,1721.55,1109.25,1690.65,1097.5,1660.25,1101.45,1623,1107.8,1599.95,1105.85,1586.25,1096.05
5-64,Uninfected,No_comment,Polygon,17,1868.5,837.7,1861.7,866.15,1847.45,890.65,1833.7,905.85,1816.6,914.2,1783.3,905.35,1749.45,892.15,1718.5,866.65,1711.15,828.9,1708.3,803.4,1719.05,783.3,1734.25,776.95,1763.2,772.05,1805.35,777.9,1821,781.15,1838.25,797.3,1855.4,816.95
5-65,Uninfected,No_comment,Polygon,20,1701.9,1042.15,1681.8,1032.35,1662.7,1007.35,1648.95,986.75,1652.9,958.8,1664.65,942.15,1684.7,929.4,1711.7,920.05,1730.85,914.7,1765.15,913.7,1792.6,921.05,1814.65,928.4,1823.95,937.7,1830.35,963.2,1823,981.35,1792.6,991.65,1777.35,1007.35,1758.7,1025.95,1743.5,1037.7,1723.45,1042.15
5-66,Uninfected,No_comment,Polygon,15,1705.8,1040.2,1701.4,1063.7,1712.15,1089.2,1732.25,1110.75,1763.6,1125.45,1797.45,1116.65,1823,1104.85,1835.25,1087.25,1846.5,1054.4,1837.15,1004.9,1826.9,988.7,1800.9,983.35,1780.3,991.7,1753.35,1002.45,1726.85,1009.85
5-67,Uninfected,No_comment,Polygon,15,1544.9,763.95,1548,785.1,1560.35,811.95,1588.2,834.05,1619.65,845.4,1644.4,847.45,1674.8,832.5,1693.9,802.65,1694.9,770.15,1687.15,740.3,1672.25,720.15,1652.65,712.4,1615.5,709.3,1572.2,721.65,1557.8,730.95
5-68,Uninfected,No_comment,Polygon,19,1449.8,1017.65,1465.85,1006.95,1484.6,986.65,1512.4,972.2,1547.7,965.25,1593.15,976.5,1614,987.7,1635.9,1004.3,1651.45,1019.25,1664.25,1031.55,1674.45,1043.35,1676.05,1065.25,1669.1,1078.1,1638.05,1084.5,1596.35,1086.1,1546.6,1078.1,1482.45,1059.4,1464.8,1040.1,1457.3,1034.25
5-69,Uninfected,No_comment,Polygon,18,1449.8,1107.5,1446.05,1120.9,1446.05,1150.3,1451.95,1177.05,1448.75,1212.35,1443.4,1244.45,1454.6,1256.2,1471.75,1274.9,1487.75,1295.75,1546.05,1294.7,1557.85,1264.2,1554.1,1231.6,1554.1,1189.9,1548.2,1146.55,1536.95,1115,1512.35,1093.1,1496.85,1090.4,1470.65,1096.3
5-70,Uninfected,No_comment,Polygon,16,1566.9,1393.1,1573.85,1379.2,1587.25,1358.85,1616.65,1346,1645,1348.15,1663.2,1359.4,1687.8,1377.6,1699,1394.15,1705.95,1416.6,1702.2,1439.6,1686.7,1463.7,1653,1477.05,1616.1,1470.1,1589.4,1457.25,1571.75,1434.8,1568.55,1420.35
5-71,Uninfected,No_comment,Polygon,16,1779.8,1393.65,1759.45,1409.7,1753.05,1438.05,1755.2,1475.95,1771.2,1495.25,1791.55,1511.85,1816.7,1517.75,1844.5,1512.9,1869.6,1498.5,1886.2,1462.65,1902.8,1414.45,1908.15,1392.05,1915.6,1377.1,1895.3,1373.85,1848.75,1374.95,1824.15,1382.45
5-72,Uninfected,No_comment,Polygon,15,1709.2,1620.9,1707.05,1642.85,1711.85,1663.15,1719.35,1681.9,1737,1695.25,1777.65,1708.6,1814.55,1700.6,1830.05,1678.65,1842.35,1653.55,1835.4,1617.7,1818.3,1589.35,1788.35,1572.8,1754.65,1572.8,1732.7,1586.15,1719.9,1596.85
5-73,Uninfected,No_comment,Polygon,16,1668.5,1796.85,1687.75,1785.1,1701.65,1755.15,1717.7,1733.75,1749.85,1723.05,1779.2,1716.65,1804.9,1728.4,1827.95,1741.8,1840.25,1769.6,1844.45,1800.05,1833.75,1820.4,1812.95,1833.25,1768,1830,1733.8,1826.25,1690.45,1816.1,1673.4,1807
5-74,Uninfected,No_comment,Polygon,15,1903.8,1618.75,1911.35,1602.2,1945,1590.45,1974.95,1589.35,2014.5,1610.75,2031.65,1628.95,2049.3,1648.2,2051.4,1677.6,2042.35,1702.75,2021.45,1722,1990.5,1729.5,1952.5,1726.25,1920.4,1708.6,1903.8,1678.65,1893.65,1652.45
5-75,Uninfected,No_comment,Polygon,18,1581.35,1649.8,1567.45,1672.8,1557.8,1689.9,1557.35,1717.7,1569.05,1746.05,1586.2,1760.5,1611.8,1773.85,1636.95,1777.05,1658.4,1773.85,1677.05,1759.95,1694.7,1737.5,1702.25,1706.5,1697.4,1676.55,1684.6,1651.4,1660.5,1634.8,1630,1632.15,1603.25,1634.8,1590.95,1639.65
5-76,Uninfected,No_comment,Polygon,18,1764.85,1948.75,1753,1931.1,1756.2,1897.95,1764.25,1876.55,1786.75,1860,1809.7,1850.35,1838.05,1844.5,1863.7,1849.85,1882.95,1863.25,1901.15,1881.9,1910.75,1898.55,1912.45,1923.6,1901.15,1952,1889.4,1962.65,1864.25,1973.35,1822.55,1978.7,1790.45,1968,1778.75,1960.55
5-77,Uninfected,No_comment,Polygon,16,1773.35,2010.25,1757.3,2032.75,1754.15,2056.25,1755.15,2083.05,1768.5,2106.05,1788.85,2120.45,1840.7,2134.9,1872.85,2125.3,1895.8,2108.65,1909.75,2078.75,1915.6,2052.5,1904.4,2017.2,1892.1,1995.35,1871.75,1987.3,1826.8,1986.75,1798.45,1994.25
5-78,Uninfected,No_comment,Polygon,15,1551.4,2019.35,1552.45,1995.85,1559.95,1973.35,1576,1958.95,1598.5,1949.35,1615.55,1947.15,1645.5,1948.75,1672.8,1972.35,1678.15,1993.2,1675.45,2026.9,1655.75,2055.75,1626.25,2068.05,1589.35,2071.25,1569.05,2060.55,1554.05,2043.95
5-79,Uninfected,No_comment,Polygon,16,2007.55,1881.9,1988.9,1919.4,1994.75,1955.7,2016.1,1983.55,2031.1,1997.45,2077.7,2003.9,2108.65,1992.6,2124.7,1978.7,2131.15,1962.15,2137,1944.5,2130.05,1923.15,2118.85,1902.8,2093.65,1883,2075.5,1873.35,2056.75,1864.85,2032.75,1863.75
5-80,Uninfected,No_comment,Polygon,18,2039.65,2095.25,2027.35,2115.05,2026.8,2142.85,2034.85,2166.4,2050.35,2197.95,2070.65,2211.85,2103.3,2216.65,2119.85,2211.85,2147.15,2204.9,2161.6,2189.9,2176,2173.9,2180.3,2139.65,2170.65,2113.45,2155.7,2095.25,2124.15,2080.85,2102.75,2076,2078.7,2076,2061.05,2082.95
5-81,Uninfected,No_comment,Polygon,22,1905.55,2270.85,1893.05,2263,1880.55,2249.55,1873.6,2233.35,1867.6,2206.5,1867.6,2183.35,1887.95,2154.2,1903.7,2139.8,1922.2,2130.55,1940.75,2128.25,1959.25,2137.5,1970.35,2144.9,1987.95,2156.05,1998.6,2175.95,2002.75,2195.4,2002.3,2222.25,1994.9,2245.4,1983.3,2253.7,1969.9,2255.55,1943.95,2252.8,1931.45,2258.8,1918.05,2266.7
5-82,Uninfected,No_comment,Polygon,31,2045.2,2328.6,2049.65,2345.3,2057.05,2348.35,2056.65,2363.25,2057.55,2376.85,2064.5,2389.6,2072.4,2391.8,2082.55,2396.15,2101.85,2403.2,2107.95,2404,2119.35,2404,2129,2400.55,2139.95,2393.95,2150.1,2386.5,2156.2,2381.65,2169.4,2379.05,2185.15,2365.4,2199.6,2354.95,2193.9,2331.65,2181.2,2317.65,2164.95,2299.25,2139.95,2283.9,2119.85,2280.35,2099.2,2284.75,2093.95,2292.65,2085.1,2295.7,2075.05,2293.05,2067.6,2303.2,2061.05,2311.95,2061.05,2321.1,2051.85,2326.4
5-83,Uninfected,No_comment,Polygon,47,2175.1,1993.05,2183.45,1977.7,2199.6,1987.35,2212.4,1979.9,2223.35,1987.8,2236.5,1990,2247.45,1986.9,2250.1,1992.15,2257.1,1996.1,2264.1,1991.3,2271.15,1992.6,2283.4,1996.55,2292.15,1993.05,2299.65,1995.25,2312.8,2001.8,2315.9,2007.1,2322.45,2010.15,2320.3,2019.35,2328.6,2035.6,2332.1,2039.55,2324.65,2045.25,2323.35,2059.3,2320.7,2068.95,2315,2075.05,2310.2,2073.3,2304.95,2078.6,2300.55,2085.15,2290.9,2087.8,2281.7,2086.9,2270.7,2096.55,2260.15,2097.9,2245.7,2094.8,2241.35,2099.2,2229.05,2095.7,2219.8,2093.5,2211.95,2093.5,2206.2,2085.6,2195.25,2087.35,2182.1,2071.1,2175.5,2072.45,2166.3,2064.55,2166.75,2056.2,2161.5,2049.65,2155.3,2038.65,2152.25,2022,2153.15,2008.4,2155.8,2000.5
5-84,Uninfected,No_comment,Polygon,20,3115.3,2041.75,3130.4,2036.3,3144.85,2018.85,3156.9,2006.2,3181,1994.75,3198.45,1992.95,3234.6,1996.55,3255.7,2011,3268.35,2032.7,3277.4,2053.2,3277.4,2074.25,3269.55,2094.8,3255.7,2118.25,3226.8,2129.7,3188.2,2124.85,3162.9,2115.25,3145.45,2097.75,3138.2,2084.5,3127.95,2065.2,3120.15,2053.8
5-85,Uninfected,No_comment,Polygon,21,2986.75,2182.15,2977.05,2215.35,2978.55,2236.8,3003.05,2273,3022.45,2285.7,3045.9,2298.95,3065.8,2298.95,3089.8,2295.9,3103.55,2288.75,3115.3,2278.55,3121.45,2265.8,3120.9,2248.95,3113.25,2230.65,3100.5,2219.45,3080.1,2204.1,3065.8,2182.15,3056.1,2166.3,3043.35,2155.1,3025.5,2152.05,3000.5,2159.25,2994.4,2169.45
5-86,Uninfected,No_comment,Polygon,20,3007.1,2006.1,3006.05,1984.15,3004.05,1962.25,3020.35,1942.35,3036.7,1931.1,3066.3,1928.05,3089.25,1927.55,3107.6,1935.7,3118.85,1943.85,3131.6,1958.15,3137.2,1980.1,3135.65,2004.55,3125.95,2025,3113.2,2036.2,3104.05,2043.35,3096.4,2052.55,3077.5,2060.2,3055.05,2056.1,3033.65,2044.35,3021.9,2035.2
5-87,Uninfected,No_comment,Polygon,21,2884.25,2070.2,2889.4,2047.3,2903.4,2023.95,2924.9,2013.65,2956.7,2009.45,2991.3,2020.2,3006.25,2031.9,3018.85,2045.9,3030.05,2067.85,3024,2095,3019.3,2114.15,3009.5,2133.75,2995.5,2143.6,2976.35,2148.25,2949.2,2146.85,2930.05,2141.25,2922.1,2129.1,2919.3,2117.4,2905.3,2107.15,2895,2098.7,2887.55,2086.1
5-88,Uninfected,No_comment,Polygon,19,2725.85,2227.25,2723.95,2200.6,2728.65,2176.3,2752,2144.55,2780.05,2129.65,2797.8,2126.3,2827.25,2131.9,2846.9,2149.7,2854.8,2165.55,2863.7,2181.9,2858.55,2205.3,2849.7,2226.8,2843.6,2253.45,2824,2272.1,2809.95,2279.15,2789.4,2275.4,2767.9,2265.15,2750.6,2253.45,2737.05,2246.9
5-89,Uninfected,No_comment,Polygon,25,2505.25,2189.4,2497.8,2208.1,2493.6,2226.75,2502.95,2249.65,2515.1,2266.5,2533.3,2273.95,2551.55,2274.9,2571.2,2267.9,2588.45,2263.7,2600.15,2254.35,2613.2,2229.6,2621.15,2221.65,2631.95,2220.7,2641.3,2223.5,2658.55,2222.55,2676.8,2213.2,2686.1,2194.55,2677.75,2168.8,2665.1,2156.65,2639.85,2145,2611.8,2136.6,2592.2,2134.25,2568.8,2142.2,2546.9,2149.65,2529.55,2163.7
5-90,Uninfected,No_comment,Polygon,16,2474.45,2398.25,2473.05,2420.15,2481.9,2444.45,2501.1,2467.9,2524.9,2475.8,2548.75,2468.75,2574.9,2461.3,2589.4,2447.8,2603.9,2427.65,2602.95,2403.35,2594.1,2374.35,2580.55,2354.75,2543.6,2342.1,2525.4,2348.2,2503.4,2357.1,2487.05,2369.25
5-91,Uninfected,No_comment,Polygon,20,2663.25,2414.15,2664.2,2429.6,2663.25,2446.85,2669.8,2473,2688,2491.25,2710.45,2500.1,2728.2,2500.1,2760.45,2495.05,2775.4,2491.25,2795.05,2486.15,2811.4,2469.75,2825.4,2445.45,2816.55,2409,2800.2,2390.35,2783.85,2381.4,2765.15,2380.5,2733.8,2385.7,2710.45,2387.1,2693.65,2389.35,2684.75,2395.9
5-92,Uninfected,No_comment,Polygon,19,2867.5,2345.45,2862.35,2361.8,2855.8,2376.35,2853.9,2391.25,2857.65,2405.75,2862.35,2422.55,2866.55,2439.35,2877.75,2451.5,2896.45,2462.25,2921.7,2470.75,2945.5,2460,2957.65,2452,2971.2,2434.3,2971.7,2394.55,2958.6,2370.25,2942.25,2356.7,2916.1,2341.7,2902.05,2337.5,2882.45,2337.95
5-93,Uninfected,No_comment,Polygon,27,2848.8,2242.7,2843.65,2269.8,2828.2,2282.8,2817.45,2294.95,2810.95,2308.1,2812.8,2328.6,2820.75,2339.35,2831.95,2352.05,2851.1,2361.8,2870.3,2365.55,2888.95,2359.95,2903,2352.9,2917,2345.45,2933.35,2339.35,2942.7,2329.15,2946.9,2317.85,2953.95,2308.5,2960.45,2293.1,2967.95,2275.8,2968.4,2257.1,2961.9,2239.85,2953.95,2223,2929.65,2215.55,2902.55,2214.6,2888.5,2219.8,2868.9,2227.7,2863.25,2232.8
5-94,Uninfected,No_comment,Polygon,24,2942.75,2352.5,2941.75,2334.7,2948.8,2312.3,2958.6,2300.6,2971.25,2292.2,2987.55,2291.75,2995.05,2289.85,3025,2295.45,3035.7,2304.8,3047.85,2309.95,3062.85,2310.9,3081.95,2321.15,3077.8,2332.4,3071.7,2351.1,3074,2372.1,3082.45,2388.95,3075.85,2408.55,3063.7,2425.4,3036.6,2441.75,3001.1,2442.2,2982.9,2434.25,2974,2409.95,2964.7,2380.95,2948.35,2362.7
5-95,Uninfected,No_comment,Polygon,17,3103,2300.15,3088.05,2314.15,3077.85,2332.45,3074,2353.9,3079.65,2376.8,3088.55,2396.4,3103.95,2414.15,3126.4,2422.1,3148.8,2420.25,3165.6,2413.25,3179.6,2402,3193.15,2380.5,3194.55,2347.35,3191.75,2320.25,3172.2,2300.15,3142.7,2292.2,3121.2,2294.55
5-96,Uninfected,No_comment,Polygon,23,3309.1,2306.2,3308.65,2319.75,3311.45,2338.9,3316.1,2352.95,3321.25,2374.45,3322.65,2392.65,3330.6,2407.15,3342.75,2433.8,3347.9,2448.25,3337.15,2471.15,3325,2482.85,3298.8,2493.15,3266.1,2493.15,3240.4,2484.25,3224.05,2465.55,3208.6,2445.95,3199.75,2403.9,3206.3,2376.75,3221.7,2355.25,3239.45,2344.05,3257.2,2331.9,3275.45,2323.5,3287.6,2316
5-97,Uninfected,No_comment,Polygon,20,3343.2,2299.2,3333.85,2307.6,3328.25,2328.15,3329.2,2344.55,3330.6,2365.1,3339.95,2395,3354.45,2422.1,3368.45,2436.1,3396,2444.05,3413.8,2445.45,3432.95,2438.95,3453.95,2422.55,3462.4,2399.65,3468.45,2367.9,3457.25,2334.25,3437.15,2310.4,3418,2295.9,3396.95,2291.7,3373.1,2290.8,3356.3,2294.05
5-98,Uninfected,No_comment,Polygon,22,3292.75,2672.6,3276.35,2663.7,3263.75,2652.95,3253,2635.65,3240.85,2610.9,3235.25,2580.55,3244.15,2554.35,3253,2538.95,3268.9,2526.3,3285.7,2518.35,3303.5,2519.3,3311.9,2520.25,3337.15,2537.55,3348.8,2550.15,3356.75,2573.05,3364.25,2587.55,3366.1,2612.75,3362.35,2636.6,3353,2651.1,3341.8,2667.9,3326.4,2675.85,3313.3,2677.75
5-99,Uninfected,No_comment,Polygon,21,3184.3,2774.45,3170.25,2765.15,3152,2744.55,3144.6,2728.7,3139.85,2707.2,3146.9,2679.6,3157.65,2658.1,3173.55,2647.35,3193.65,2641.3,3214.7,2642.2,3235.65,2652.05,3246,2660.9,3255.35,2669.35,3276.35,2681.95,3288.5,2695.95,3293.6,2739.9,3285.25,2759.05,3272.15,2770.75,3253,2780.55,3233.85,2781.5,3208.15,2785.2
5-100,Uninfected,No_comment,Polygon,19,2903.95,2655.3,2893.2,2676.8,2888.95,2704.85,2890.4,2721.65,2898.3,2742.2,2911.4,2765.1,2925.9,2781.45,2941.8,2793.15,2957.2,2795,2972.6,2795,2992.7,2787.55,3013.75,2772.6,3027.75,2742.2,3028.25,2698.75,3012.35,2663.25,2987.1,2638.45,2960.45,2629.6,2933.35,2633.8,2911.85,2644.55
5-101,Uninfected,No_comment,Polygon,20,2714.65,2588.9,2719.8,2560.45,2730.05,2531.5,2746.9,2510.9,2766.05,2500.6,2800.65,2491.7,2816.05,2487.55,2845.05,2491.25,2853.45,2488.95,2854.85,2497.8,2860,2510.9,2870.75,2537.05,2863.25,2572.6,2851.6,2589.9,2829.15,2601.05,2807.2,2610.95,2774.45,2614.2,2752.5,2608.55,2733.8,2602.05,2722.15,2597.4
5-102,Uninfected,No_comment,Polygon,21,2753.45,2729.65,2755.75,2703.95,2756.25,2673.95,2766.05,2645.45,2788.95,2625.9,2810,2613.2,2831.95,2610.4,2859.05,2617,2875.4,2630.05,2891.3,2636.65,2890.85,2647.8,2882.9,2672.55,2878.7,2702.05,2874.95,2731.9,2869.35,2757.6,2852.5,2768.9,2828.2,2776.85,2807.2,2777.25,2784.3,2768.35,2765.6,2752.55,2758.6,2739.4
5-103,Uninfected,No_comment,Polygon,16,2602.5,2779.6,2602.5,2753.9,2606.7,2727.75,2618.4,2694.55,2635.7,2674,2666.5,2666.05,2704.35,2673.05,2722.6,2687.55,2736.15,2711.4,2744.1,2745.05,2739.4,2782.9,2726.8,2803,2704.85,2817.45,2675.4,2822.15,2645.5,2816.05,2624,2803.45
5-104,Uninfected,No_comment,Polygon,14,2809.05,2951.15,2789.9,2932.9,2781.95,2898.3,2784.75,2867.95,2795.05,2841.3,2818.85,2821.7,2844.1,2810.95,2873.1,2817,2897.4,2828.2,2920.3,2857.2,2925.9,2887.55,2922.15,2911.4,2912.8,2936.65,2900.65,2953.95
5-105,Uninfected,No_comment,Polygon,19,2442.2,2874.45,2422.1,2861.85,2414.15,2840.8,2409.05,2820.25,2413.7,2805.3,2422.6,2786.15,2441.3,2761.35,2458.1,2745,2478.2,2737.55,2499.25,2737.05,2522.6,2745,2539.4,2765.1,2548.3,2788.95,2554.85,2810.9,2554.85,2840.35,2537.55,2867,2515.1,2879.6,2487.1,2886.6,2462.3,2884.75
5-106,Uninfected,No_comment,Polygon,18,2384.25,2787.55,2362.75,2781.95,2345.4,2766.5,2333.25,2741.75,2325.8,2706.25,2328.15,2681.95,2339.35,2660.45,2352.45,2647.35,2378.15,2638,2413.7,2641.75,2444.05,2652.95,2459.95,2680.05,2462.7,2710.9,2459,2723.55,2447.3,2734.3,2429.6,2753.45,2416.9,2771.65,2409,2785.7
5-107,Uninfected,No_comment,Polygon,39,2411.85,2531.45,2413.25,2543.15,2415.1,2552,2410.9,2561.85,2415.6,2574.9,2419.8,2586.15,2418.85,2598.75,2425.85,2605.75,2432.9,2616.95,2436.15,2629.6,2443.15,2631,2453.9,2646.4,2462.8,2656.25,2472.15,2669.8,2481,2670.7,2493.15,2667.45,2514.2,2659.5,2521.65,2652.95,2527.3,2646.9,2540.35,2643.6,2545.5,2635.65,2546.9,2622.6,2548.75,2610.45,2550.15,2595.95,2545.95,2585.65,2545.95,2572.1,2541.75,2562.75,2536.6,2553.4,2531,2543.6,2520.25,2534.75,2507.2,2525.85,2502.95,2516.5,2492.7,2511.85,2481.5,2508.1,2471.65,2502.95,2456.7,2505.75,2433.8,2506.7,2422.15,2515.55,2424.45,2526.3
5-108,Uninfected,No_comment,Polygon,16,2200.6,2632.4,2186.15,2585.2,2190.3,2554.85,2223.95,2526.8,2246.4,2517.45,2263.7,2515.1,2277.2,2521.65,2287.95,2531.95,2295.95,2553.9,2300.1,2572.1,2292.7,2596.4,2277.75,2616.05,2263.2,2627.75,2238.9,2637.55,2224.45,2641.3,2211.8,2637.55
5-109,Uninfected,No_comment,Polygon,20,1953.35,2539.4,1951.45,2526.8,1952.45,2508.55,1947.75,2481.95,1947.75,2460.45,1958.95,2443.15,1974.35,2431,1994.95,2421.2,2018.8,2421.65,2037,2431,2052.9,2449.7,2054.3,2481,2045.4,2499.2,2032.35,2509.05,2003.4,2522.6,1986.5,2531.45,1971.6,2543.6,1966,2550.65,1967.4,2556.25,1956.2,2548.3
5-110,Uninfected,No_comment,Polygon,20,2178.1,2204.35,2165.05,2228.2,2162.7,2257.6,2165.5,2278.65,2178.1,2300.6,2189.85,2322.1,2198.7,2332.85,2209.45,2339.4,2234.2,2342.2,2253.8,2329.6,2269.75,2316.95,2287.45,2296.4,2293.55,2263.25,2290.3,2234.25,2280,2216.5,2261.75,2195.45,2249.6,2187.5,2226.7,2182.4,2202.9,2184.25,2189.85,2193.15
5-111,Uninfected,No_comment,Polygon,17,1913.15,2292.65,1907.05,2310.45,1906.15,2325.85,1906.65,2339.4,1915.95,2362.75,1926.7,2370.7,1945.4,2377.25,1970.2,2374.9,1987.45,2367.45,2002.85,2355.3,2011.3,2332.4,2004.8,2309,1994.5,2288.95,1963.6,2270.7,1950.05,2272.1,1934.65,2275.85,1927.15,2281
5-112,Uninfected,No_comment,Polygon,17,1771.1,2276.3,1755.2,2287.9,1746.35,2302.9,1743.05,2330.05,1749.6,2346.85,1758.5,2360.4,1784.2,2373.95,1823,2374.9,1838.4,2368.3,1853.35,2358.05,1865.05,2333.25,1872.5,2311.35,1862.25,2291.25,1846.8,2276.3,1824.85,2266,1801.95,2265,1785.1,2269.75
5-113,Uninfected,No_comment,Polygon,24,1618.2,2245.8,1623.65,2233,1626.6,2216.75,1631.05,2206.9,1641.85,2197.55,1662.05,2187.2,1675.85,2183.75,1696.55,2177.35,1715.25,2182.75,1727.1,2190.65,1737.45,2195.1,1741.85,2207.4,1748.75,2221.2,1754.7,2238.45,1754.7,2257.65,1747.3,2273.4,1739.9,2285.25,1734.5,2301.5,1734.95,2313.8,1721.25,2326.6,1695.05,2338.45,1666.5,2330.55,1649.75,2308.4,1614.3,2254.2
5-114,Uninfected,No_comment,Polygon,35,2066,1793.65,2058.7,1774.95,2075.45,1770.05,2079.3,1761.1,2083.8,1751.3,2103.5,1757.65,2118.25,1755.7,2132.1,1758.65,2134.05,1766.6,2143.4,1771.5,2152.7,1778.4,2156.15,1790.25,2154.2,1793.2,2172.9,1800.1,2171.45,1813.8,2174.4,1821.2,2179.3,1827.1,2180.35,1833.6,2190.7,1844.35,2186.7,1854.75,2186.7,1872,2178.9,1880.4,2169.45,1890.65,2153.2,1897.55,2143.9,1890.65,2132.1,1889.7,2119.2,1884.8,2114.3,1873.9,2104,1870.05,2091.15,1861.1,2084.75,1853.75,2070.5,1844.9,2074.4,1834,2059.1,1822.2,2064.55,1806.5
5-115,Uninfected,No_comment,Polygon,15,2190.2,1753.3,2181.85,1776.95,2179.3,1805,2192.6,1833.1,2223.7,1852.25,2249.75,1854.2,2276.9,1849.3,2293.65,1834.5,2309.85,1807.9,2309.35,1783.35,2300.55,1757.65,2287.7,1736.95,2252.7,1723.65,2226.6,1727.1,2209.85,1733.6
5-116,Uninfected,No_comment,Polygon,19,2115.8,1596.55,2109.9,1623.65,2112.85,1651.7,2110.4,1679.3,2118.75,1699.5,2133.05,1713.8,2148.3,1726.1,2175.9,1729.05,2203.5,1721.65,2221.2,1715.75,2237.45,1710.85,2249.3,1698.5,2250.3,1672.4,2244.35,1644.8,2233.55,1622.15,2204.95,1608.85,2176.9,1596.05,2158.15,1581.75,2137.45,1584.7
5-117,Uninfected,No_comment,Polygon,21,2169.45,1587.7,2179.3,1569.45,2177.35,1545.3,2179.3,1529.05,2182.25,1510.85,2194.55,1494.55,2217.25,1482.25,2236.95,1473.4,2267.5,1470.45,2290.15,1477.35,2304.4,1487.2,2321.15,1507.4,2330.05,1536.95,2320.7,1561.55,2314.75,1581.3,2292.6,1591.6,2272.9,1602.95,2250.75,1610.35,2234,1612.8,2209.85,1606.9,2179.35,1596.1
5-118,Uninfected,No_comment,Polygon,18,2258.6,1630.05,2259.1,1658.1,2259.1,1672.9,2268.95,1686.2,2291.6,1709.35,2309.85,1714.3,2330.05,1713.8,2346.8,1710.35,2365.5,1700.5,2376.85,1688.15,2386.7,1670.45,2385.2,1643.85,2377.8,1628.55,2365,1602.45,2343.85,1592.6,2323.15,1593.6,2292.1,1604.45,2276.85,1614.75
5-119,Uninfected,No_comment,Polygon,51,2057.9,1448,2053.85,1456.55,2049.75,1462.85,2034.4,1470.55,2034.4,1477.8,2038.9,1484.2,2033.5,1490.9,2031.65,1495.45,2036.2,1500.85,2031.2,1506.3,2029.85,1512.2,2034.4,1515.35,2042.55,1519.45,2043,1528.5,2043.9,1539.8,2048.85,1543.85,2058.8,1543.85,2062.45,1552.05,2068.3,1555.15,2076.45,1553.35,2090.05,1558.35,2099.1,1557.9,2109.05,1557.9,2113.55,1564.7,2121.25,1558.35,2128.05,1553.35,2138.9,1558.8,2145.7,1554.7,2150.65,1543,2157.45,1531.65,2172.4,1527.55,2174.65,1510.85,2178.25,1502.3,2189.6,1488.25,2188.25,1479.2,2181.45,1470.55,2185.95,1464.7,2186.4,1456.55,2172.4,1454.25,2166.95,1445.2,2166.5,1436.6,2150.2,1433,2138.45,1433.45,2136.2,1425.3,2126.25,1425.3,2112.2,1430.3,2104.95,1427.1,2095,1428.5,2090.5,1434.35,2081,1439.35,2062.9,1439.35
5-120,Uninfected,No_comment,Polygon,19,2156.75,2394.65,2144.25,2408.05,2136.2,2432.6,2131.75,2456.25,2142,2485.75,2160.75,2507.6,2186.2,2514.3,2214.3,2514.3,2231.75,2508.05,2249.6,2499.15,2262.1,2485.75,2266.55,2471.9,2270.6,2433.95,2263.9,2414.3,2246.9,2380.4,2226.4,2368.35,2204.05,2365.2,2184.85,2375,2172.35,2383.95
5-121,Uninfected,No_comment,Polygon,44,2269.7,2422.35,2275.95,2417.9,2275.05,2410.75,2286.2,2404.5,2288,2395.1,2303.6,2390.2,2310.3,2394.2,2318.35,2384.85,2329.05,2384.4,2338,2386.65,2344.25,2392,2352.7,2395.55,2362.1,2398.25,2364.35,2404.5,2364.75,2415.65,2367.45,2419.65,2375.95,2426.8,2378.15,2441.1,2372.35,2449.15,2379.5,2454.95,2378.15,2461.65,2372.35,2468.35,2371,2474.15,2371.45,2483.95,2369.7,2494.65,2359.4,2500.45,2355.4,2506.7,2354.5,2516.55,2348.25,2519.2,2341.1,2517.9,2327.7,2524.15,2319.25,2528.6,2309.85,2518.75,2302.7,2519.65,2290.65,2515.65,2290.2,2510.3,2278.15,2500.9,2268.8,2493.75,2277.25,2476.8,2266.55,2472.75,2260.75,2464.25,2264.3,2456.2,2267,2444.6,2265.65,2437.45
5-122,Uninfected,No_comment,Polygon,39,2255.25,1905.2,2257.35,1893.35,2254.8,1887.85,2261.6,1884.45,2278.95,1878.95,2284.45,1868.75,2296.75,1862.85,2304.8,1867.9,2313.3,1870.45,2320.95,1866.2,2332.75,1869.6,2338.3,1875.95,2344.65,1880.6,2355.65,1878.1,2359.9,1889.95,2366.25,1901.4,2372.6,1909.85,2381.5,1916.2,2378.1,1924.7,2376.4,1931.9,2381.5,1942.9,2374.3,1950.95,2363.75,1966.65,2362,1974.25,2346.8,1976.4,2340.4,1984.85,2331.9,1988.25,2315.8,1993.35,2303.55,1983.6,2296.35,1989.55,2278.95,1984.85,2276,1976.8,2270.1,1969.2,2257.75,1967.9,2258.2,1950.55,2253.55,1942.5,2253.15,1934.45,2246.75,1922.15,2245.5,1915.8
5-123,Uninfected,No_comment,Polygon,22,2962.9,1666.6,2968.05,1651,2952.95,1649.6,2948.25,1628.85,2947.8,1605.25,2944.95,1588.75,2941.65,1568.45,2952.5,1550.05,2973.75,1533.1,2998.25,1523.2,3011.95,1517.05,3047.3,1519.85,3061,1533.1,3080.35,1562.8,3087.4,1586.4,3083.65,1604.8,3073.25,1630.25,3054.85,1651.95,3028.9,1671.3,3002.95,1682.15,2975.15,1682.6,2960.5,1681.2
5-124,Uninfected,No_comment,Polygon,23,2966.2,1662.4,2976.1,1660.95,2983.65,1660.05,2988.35,1665.7,2995.9,1680.75,2999.2,1693.45,2999.2,1705.75,3001.1,1720.35,2995.45,1748.65,2983.65,1760,2963.8,1775.1,2949.65,1779.8,2924.2,1774.6,2901.55,1768,2890.25,1760.45,2879.4,1742.05,2875.6,1716.1,2877.95,1700.55,2887.85,1683.55,2901.1,1669.9,2923.25,1661.85,2944.95,1666.1,2959.1,1662.35
5-125,Uninfected,No_comment,Polygon,19,3069,1650.55,3079.85,1639.2,3097.3,1632.15,3119.95,1629.3,3150.6,1644.4,3168.55,1660.45,3175.15,1682.15,3179.85,1710.45,3175.15,1741.1,3165.25,1751.5,3147.3,1765.65,3116.65,1770.85,3086.45,1761.85,3062.9,1743,3054.85,1728.4,3049.65,1716.1,3049.65,1699.6,3055.8,1677.9,3061.95,1668.45
5-126,Uninfected,No_comment,Polygon,18,3190.7,1690.65,3196.85,1670.35,3229.4,1644.9,3249.7,1640.65,3276.1,1642.5,3303.95,1653.85,3323.75,1662.35,3335.55,1681.65,3337.4,1707.15,3328.45,1729.3,3317.15,1744.4,3294.95,1760.45,3279.4,1767.05,3251.1,1766.1,3224.2,1762.8,3206.3,1751.5,3194.5,1736.4,3191.2,1717.05
5-127,Uninfected,No_comment,Polygon,29,3149.4,1856.65,3151.65,1837.6,3147.6,1821.35,3161.2,1811.85,3175.2,1807.75,3180.65,1799.6,3200.1,1793.3,3211.85,1795.55,3225.45,1796.45,3239,1800.95,3250.3,1807.75,3261.65,1810.9,3270.25,1826.75,3281.55,1843.05,3280.65,1857.1,3283.35,1871.55,3270.25,1884.25,3266.15,1894.65,3259.35,1897.8,3252.15,1904.6,3239.9,1909.55,3226.35,1910.95,3215.95,1917.7,3200.55,1914.55,3187.4,1907.3,3162.55,1905.95,3156.2,1890.55,3150.75,1877.9,3151.2,1869.75
5-128,Uninfected,No_comment,Polygon,29,3145.8,1789.65,3135.4,1779.25,3122.7,1777.45,3101,1779.25,3078.8,1778.8,3056.65,1786.05,3039.45,1796,3029.95,1809.1,3020.9,1830.4,3023.15,1853.45,3029.5,1876.1,3038.55,1893.3,3047.6,1904.15,3061.65,1915.45,3081.1,1918.15,3094.2,1918.15,3106.4,1921.8,3117.75,1925.4,3129.05,1924.05,3139.9,1916.35,3149.85,1905.95,3153.45,1887.4,3148.5,1872.9,3146.25,1858.9,3146.25,1843.95,3146.25,1833.1,3148.95,1819.05,3151.2,1810,3151.2,1800.95
5-129,Uninfected,No_comment,Polygon,26,3412.35,1820.85,3397.45,1827.65,3384.3,1836.7,3369.8,1856.6,3366.2,1881.5,3373,1910,3385.65,1931.3,3401.5,1937.15,3425.5,1941.7,3445.4,1945.75,3463.05,1953.9,3477.05,1958.9,3501.5,1962.95,3515.55,1953.9,3534.1,1939.9,3541.3,1919.05,3543.15,1896.45,3543.6,1876.1,3540.85,1862.05,3537.25,1852.1,3526.4,1843.95,3506.05,1836.7,3491.55,1833.55,3473,1826.3,3447.65,1821.35,3430,1819.5
5-130,Uninfected,No_comment,Polygon,19,3509.2,1971.6,3498.8,1984.7,3493.8,2000.55,3490.65,2028.6,3492,2054.4,3500.6,2072.5,3511.9,2093.3,3532.25,2107.35,3548.55,2111.4,3575.7,2111.4,3590.2,2096,3601.05,2072.95,3601.5,2044.9,3592,2016.35,3583.85,1996.9,3573.45,1982,3558.5,1971.1,3542.7,1963.45,3525.05,1967.05
5-131,Uninfected,No_comment,Polygon,19,3373.45,1954.4,3365.75,1968.85,3353.55,1984.7,3353.1,2004.15,3356.7,2029.95,3368.45,2058.45,3388.4,2076.55,3417.8,2086.05,3436.8,2082.9,3456.25,2073.4,3470.3,2063,3476.15,2042.6,3482.05,2019.1,3483.4,1991.05,3473.45,1967.95,3455.3,1950.25,3434.5,1944.85,3408.3,1948.05,3391.1,1951.2
5-132,Uninfected,No_comment,Polygon,20,3655.75,2245.3,3644.45,2235.35,3628.6,2210.5,3626.85,2186.5,3631.85,2162.5,3647.15,2138.95,3664.8,2127.65,3694.25,2120,3714.6,2120.85,3741.75,2129.9,3757.6,2146.7,3772.5,2173.85,3776.2,2198.25,3770.25,2226.3,3760.3,2246.7,3740.4,2256.15,3726.35,2260.75,3703.8,2262.05,3687,2260.75,3679.75,2255.3
5-133,Uninfected,No_comment,Polygon,24,3402.85,2153.5,3396.95,2171.6,3402.85,2199.65,3412.35,2220.9,3425.9,2237.2,3439.05,2248.95,3458.05,2257.1,3473.9,2258,3486.1,2255.3,3500.15,2243.55,3520.95,2231.75,3533.15,2222.7,3544.05,2213.2,3554.45,2205.95,3561.2,2183.35,3563.05,2166.6,3554,2138.55,3537.7,2126.35,3518.25,2118.2,3493.35,2114.1,3478.4,2115,3452.15,2119.55,3428.65,2130.4,3418.25,2136.3
5-134,Uninfected,No_comment,Polygon,20,3466.65,2305.05,3473,2293.75,3480.7,2274.75,3497.9,2256.65,3513.7,2241.25,3526.4,2232.2,3551.25,2231.75,3575.7,2230.85,3607.4,2243.5,3629.1,2264.8,3638.6,2292.4,3637.25,2315.9,3626.85,2336.3,3603.75,2357.1,3580.25,2366.6,3549,2368.4,3530,2367.05,3504.2,2358.45,3491.1,2343.5,3479.8,2325.85
5-135,Uninfected,No_comment,Polygon,17,3606.9,2428.1,3596.95,2450.35,3593.3,2479.25,3598.75,2514.55,3614.15,2543.05,3653.05,2566.15,3683.35,2562.95,3699.2,2556.65,3721.4,2543.5,3733.6,2520,3738.6,2496,3732.7,2468.85,3719.1,2433.55,3698.75,2411.85,3677.05,2402.8,3646.7,2397.8,3623.2,2409.15
5-136,Uninfected,No_comment,Polygon,17,3887.65,2039.45,3899.2,2032.35,3913.4,2026.3,3936.9,2024.15,3959.85,2031.25,3979.5,2056.4,3989.3,2077.15,3994.25,2106.7,3985.45,2135.05,3968.6,2150.9,3947.25,2159.7,3920.5,2153.15,3894.8,2145.5,3879.45,2130.75,3865.85,2105.6,3866.4,2083.75,3869.65,2066.8
5-137,Uninfected,No_comment,Polygon,19,4006.85,2107.8,4017.75,2094.65,4032.5,2085.9,4058.2,2083.2,4084.45,2081.55,4109.05,2098.5,4132,2119.75,4144,2142.2,4146.2,2166.75,4139.65,2189.7,4128.15,2203.4,4103.55,2209.4,4081.7,2211.05,4047.75,2203.95,4030.35,2193.6,4017.75,2183.75,4006.85,2165.15,4004.6,2147.1,4002.45,2129.65
5-138,Uninfected,No_comment,Polygon,19,3673.95,1974.45,3678.35,1993.55,3682.2,2019.8,3705.1,2054.2,3730.85,2071.7,3751.55,2079.35,3777.85,2083.2,3803.55,2077.15,3823.2,2067.9,3835.8,2053.15,3845.6,2033.45,3847.25,2006.65,3837.95,1979.3,3823.2,1956.95,3789.9,1949.3,3746.7,1944.35,3723.7,1950.4,3703.55,1957.5,3689.85,1963.45
5-139,Uninfected,No_comment,Polygon,18,4116.7,1950.95,4116.7,1968.4,4113.35,1991.35,4113.35,2018.65,4132.55,2048.75,4153.25,2064.05,4167.5,2066.25,4194.3,2063.5,4209.6,2060.25,4229.8,2050.4,4239.65,2027.45,4240.75,2000.1,4229.8,1976.6,4215.55,1956.95,4187.7,1937.25,4170.8,1931.8,4147.85,1935.1,4127.05,1941.65
5-140,Uninfected,No_comment,Polygon,19,4011.2,1917,4019.4,1905.05,4033.05,1894.65,4060.95,1888.1,4091.55,1896.3,4101.9,1903.4,4111.2,1919.25,4115.6,1943.3,4108.5,1963.45,4102.4,1985.9,4101.9,2009.95,4095.35,2025.25,4081.7,2038.35,4062.05,2041.1,4022.7,2033.95,3997.5,2009.95,3988.25,1978.25,3996.4,1954.75,4004.05,1943.85
5-141,Uninfected,No_comment,Polygon,21,3845.05,1917.55,3852.7,1890.25,3868.05,1867.85,3891.5,1857.5,3922.65,1849.3,3958.7,1856.4,3983.35,1877.7,3995.35,1898.45,3999.2,1919.25,3990.45,1949.3,3974.6,1971.15,3965.25,1983.2,3965.8,1996.3,3957.1,1997.4,3952.2,1989.75,3941.25,1993.55,3911.15,1993.55,3882.25,1984.25,3865.25,1968.95,3853.8,1954.75,3847.8,1934
5-142,Uninfected,No_comment,Polygon,20,3949.5,1753.65,3934.2,1765.7,3923.8,1789.2,3929.8,1822,3941.85,1834.55,3958.8,1839.45,3979,1847.65,3997.05,1865.7,4020,1876.65,4042.4,1873.35,4065.35,1872.8,4080.65,1860.25,4096.5,1841.65,4096.5,1810.5,4088.85,1794.65,4075.75,1775,4053.85,1765.15,4022.15,1750.4,3992.1,1740.55,3965.35,1740.55
5-143,Uninfected,No_comment,Polygon,24,3713.05,1884.35,3710.55,1866.7,3716,1843.95,3726.35,1831.15,3738.15,1818.85,3746.05,1809,3756.4,1799.7,3778.55,1791.75,3789.9,1789.85,3822.9,1798.2,3831.75,1807.5,3845.05,1821.8,3863.3,1845.95,3864.75,1861.2,3852.45,1876,3844.1,1888.35,3837.2,1913.9,3831.75,1926.8,3817,1936.1,3792.35,1938.6,3766.75,1933.7,3742.6,1926.25,3721.4,1914.4,3716.5,1901.1
5-144,Uninfected,No_comment,Polygon,26,3589.85,1749.45,3581.5,1769.1,3578.05,1790.75,3581.5,1810,3593.8,1826.3,3608.6,1835.6,3628.8,1843.05,3659.35,1843.95,3678.05,1845,3694.3,1839.55,3713.5,1829.2,3726.85,1814.95,3739.15,1796.25,3746.55,1774,3741.6,1754.35,3731.25,1742.55,3745.55,1737.05,3740.6,1730.15,3728.8,1726.7,3711.55,1726.7,3700.7,1717.85,3686.45,1709.95,3660.8,1709.05,3631.75,1717.35,3610.05,1726.25,3602.7,1732.7
5-145,Uninfected,No_comment,Polygon,21,3413.05,1752.8,3412.55,1734.1,3417.45,1717.85,3427.3,1704.55,3443.6,1696.15,3463.8,1688.75,3484.95,1686.3,3510.1,1687.8,3537.65,1698.15,3549.5,1713.4,3557.85,1742,3560.35,1761.7,3554.9,1790.75,3543.6,1809.45,3524.85,1820.8,3498.75,1820.3,3473.65,1814.9,3457.85,1806.5,3436.7,1795.2,3421.9,1781.9,3417.95,1776.45
5-146,Uninfected,No_comment,Polygon,41,3432.25,1532.1,3439.65,1540.5,3448.5,1549.85,3460.8,1557.75,3470.2,1561.2,3478.55,1570.55,3478.05,1580.4,3468.7,1584.8,3460.35,1592.2,3458.35,1601.1,3458.85,1610.45,3464.75,1622.75,3474.1,1637.05,3483.5,1651.8,3496.8,1657.25,3515,1656.75,3527.35,1658.25,3537.65,1658.25,3551.45,1657.25,3556.4,1653.3,3552.95,1647.4,3541.1,1640.5,3555.4,1638.05,3566.25,1644.95,3571.65,1641.95,3577.6,1633.6,3584,1627.7,3590.9,1621.75,3587.45,1615.35,3581.5,1586.3,3571.1,1561.65,3555.9,1541,3525.85,1525.2,3484.95,1514.85,3470.65,1519.8,3457.35,1510.45,3449,1513.4,3454.9,1522.75,3457.35,1532.1,3448.5,1536.05,3442.6,1530.15
5-147,Uninfected,No_comment,Polygon,19,3666.75,1588.25,3678.1,1572,3697.3,1551.8,3723.4,1540.5,3746.05,1534.55,3780.05,1541.45,3794.35,1556.75,3804.2,1574.95,3803.7,1601.55,3800.25,1624.25,3789.9,1645.4,3778.6,1663.65,3759.85,1679.4,3725.35,1684.85,3707.65,1679.4,3684.5,1667.6,3674.15,1655.75,3665.25,1637.55,3661.35,1603.05
5-148,Uninfected,No_comment,Polygon,21,3316.9,1440.5,3307.9,1456.75,3299.3,1472.6,3299.75,1506.1,3315.65,1525.85,3332.35,1543,3359,1547.35,3387.3,1552.05,3414.8,1543,3426.8,1533.55,3439.65,1514.75,3448.7,1498.85,3449.55,1477.35,3447.4,1455.95,3435.8,1439.6,3422.5,1428.4,3404.05,1416.85,3380.85,1415.15,3360.7,1414.7,3338.8,1420.75,3328.5,1428.85
5-149,Uninfected,No_comment,Polygon,23,3934.2,1620.5,3926.9,1608.3,3918.6,1582.45,3919.55,1562.45,3924.45,1536.1,3933.7,1518.05,3945.4,1504.9,3965.4,1495.15,3993.25,1491.2,4026.4,1498.05,4041.05,1512.2,4052.25,1532.2,4062,1550.75,4063.45,1579.5,4061.05,1595.15,4054.2,1606.35,4039.1,1618.55,4028.35,1637.1,4014.2,1647.8,3996.15,1650.25,3970.3,1648.3,3951.75,1642.45,3944.95,1637.1
5-150,Uninfected,No_comment,Polygon,21,4012.75,1700,4011.3,1681,4019.55,1659.5,4038.1,1638.05,4052.25,1626.85,4061.5,1615.15,4079.1,1608.3,4108.35,1611.25,4133.25,1621.45,4148.85,1636.1,4157.55,1657.55,4163.5,1685.85,4155.65,1716.1,4144.45,1745.35,4136.65,1757.55,4118.1,1769.3,4089.8,1773.2,4070.3,1763.9,4055.2,1752.2,4037.15,1739.5,4023,1729.75
5-151,Uninfected,No_comment,Polygon,21,4144.95,1770.25,4148.85,1756.6,4160.05,1739.5,4168.35,1715.6,4179.1,1693.65,4193.25,1681.45,4203.95,1672.7,4225.45,1664.4,4261.05,1667.3,4282,1679.05,4299.6,1702.45,4309.35,1725.35,4308.85,1749.75,4302,1771.25,4294.2,1787.35,4270.3,1802.45,4246.4,1815.15,4213.25,1816.6,4188.35,1812.2,4164.45,1803.9,4155.65,1792.7
5-152,Uninfected,No_comment,Polygon,20,4265.45,1453.15,4253.7,1467.8,4246.4,1481,4239.1,1499.05,4230.8,1521,4229.35,1537.1,4236.15,1558.55,4246.4,1577.55,4257.15,1587.3,4275.65,1595.6,4319.1,1588.8,4346.4,1580,4367.4,1559.5,4376.65,1533.65,4378.1,1500.5,4364.95,1471.7,4350.3,1454.15,4329.8,1445.35,4308.35,1441,4281.05,1442.95
5-153,Uninfected,No_comment,Polygon,19,4076.1,1301.05,4081.95,1323.4,4104.3,1354.8,4126.6,1372.35,4143.65,1376.05,4163.9,1372.9,4177.75,1374.5,4209.65,1380.35,4231.45,1374.5,4245.75,1361.7,4252.7,1342.05,4249.5,1319.15,4231.45,1290.45,4209.05,1275,4186.75,1260.65,4149,1254.8,4122.35,1262.75,4100.6,1272.9,4092.6,1281.4
5-154,Uninfected,No_comment,Polygon,19,4098.45,1405.35,4090.5,1420.2,4077.7,1444.7,4080.35,1465.45,4091.5,1502.15,4110.15,1520.75,4132.45,1533,4152.7,1539.9,4185.15,1534.6,4208.05,1526.05,4218.65,1507.45,4227.2,1484.6,4239.9,1455.85,4237.3,1430.85,4226.6,1408,4210.65,1397.9,4185.15,1392.05,4154.85,1389.9,4125.05,1389.9
5-155,Uninfected,No_comment,Polygon,45,4210.15,1223.6,4216.3,1215.75,4224.75,1207.3,4230.35,1193.85,4234.3,1185.95,4243.3,1187.1,4247.75,1182.05,4259,1177.55,4273.6,1181.45,4280.9,1178.1,4289.9,1177.55,4293.85,1182.05,4318,1183.7,4323.6,1191.6,4332.05,1197.2,4344.35,1202.8,4339.35,1209,4350.6,1217.4,4349.45,1221.9,4360.15,1229.8,4364.05,1241,4363.45,1253.4,4374.75,1278.1,4380.9,1295.5,4371.35,1307.85,4368,1318,4360.15,1329.8,4350.6,1324.15,4343.85,1329.2,4342.7,1333.15,4335.4,1337.65,4321.95,1337.65,4285.95,1333.15,4269.7,1321.9,4260.15,1314.6,4259,1307.85,4251.7,1292.15,4242.7,1289.35,4241.6,1283.15,4234.3,1279.8,4232.55,1272.5,4223,1264.6,4215.75,1256.2,4218.55,1251.7,4214.05,1236.5
5-156,Uninfected,No_comment,Polygon,22,4048.3,1052.25,4029.75,1068.55,4019.65,1089.9,4012.35,1128.1,4023,1163.5,4045.5,1187.65,4071.9,1198.3,4111.8,1197.75,4139.3,1185.95,4162.35,1173.05,4178.1,1155.6,4182,1129.2,4175.85,1096.05,4158.4,1078.1,4135.4,1073.05,4136.5,1063.5,4135.4,1055.6,4124.7,1061.25,4119.1,1051.1,4106.75,1043.8,4084.25,1039.3,4059,1046.05
5-157,Uninfected,No_comment,Polygon,15,4148.85,941.55,4152.8,914.05,4188.2,889.9,4216.3,888.75,4242.1,888.75,4272.45,898.85,4292.1,915.15,4301.1,942.15,4299.45,972.45,4288.2,997.2,4262.9,1014.05,4235.95,1024.15,4193.25,1015.75,4163.45,1000,4151.65,980.35
5-158,Uninfected,No_comment,Polygon,17,3918.5,910.65,3906.7,930.3,3893.25,951.1,3881.45,977.5,3880.3,999.95,3896.65,1021.85,3930.3,1039.3,3968.5,1042.65,3995.5,1033.1,4016.85,1015.15,4032.55,987.05,4036.55,958.4,4029.8,925.25,4015.2,907.85,3991.6,895.45,3968.5,886.5,3939.85,893.2
5-159,Uninfected,No_comment,Polygon,23,3797.2,855,3806.2,832,3818,813.45,3834.85,798.25,3864.65,789.3,3891.6,788.15,3919.7,796.6,3935.95,816.8,3941.05,840.95,3943.3,861.75,3942.15,878.6,3937.1,890.4,3921.35,905,3915.15,914.55,3904.45,931.4,3893.85,942.65,3883.75,942.65,3870.8,939.3,3855.65,936.5,3828.65,930.3,3811.8,918.5,3801.7,896.6,3793.85,866.8
5-160,Uninfected,No_comment,Polygon,18,3919.1,612.35,3901.65,631.45,3892.7,655,3886.5,679.2,3891.6,710.1,3914.6,744.9,3942.1,762.35,3971.9,760.1,3998.9,746.65,4014,730.85,4028.05,707.85,4035.35,680.85,4028.05,653.95,4016.25,632.6,4004.45,610.1,3982.05,597.7,3955.05,593.8,3933.15,598.3
5-161,Uninfected,No_comment,Polygon,16,3774.75,550.55,3761.8,582.6,3760.05,599.4,3768,621.3,3783.1,635.35,3805.6,648.85,3829.15,651.7,3853.4,644.9,3871.35,633.75,3888.2,620.2,3897.75,591.55,3890.45,565.75,3877.55,543.8,3858.95,529.75,3828.65,522.45,3803.4,531.45
5-162,Uninfected,No_comment,Polygon,22,3763.5,679.75,3757.8,699.4,3758.95,724.7,3753.4,751.1,3758.45,767.95,3768.5,778.6,3774.75,788.75,3779.15,803.95,3797.75,805.05,3812.95,802.2,3834.8,797.7,3863.4,789.9,3883.15,774.2,3908.95,754.45,3911.8,741.55,3890.45,712.9,3883.15,690.4,3870.75,666.8,3846.05,657.85,3829.8,658.4,3809.55,662.35,3790.45,668.5
5-163,Uninfected,No_comment,Polygon,18,3457.8,653.95,3474.75,621.35,3493.25,593.8,3514.6,572.45,3536.5,562.9,3566.25,560.1,3589.85,564.05,3608.45,576.95,3628.65,605.6,3632.6,635.95,3619.1,675.3,3592.7,694.95,3569.1,706.2,3528.65,712.9,3502.8,708.4,3483.1,697.75,3468,685.4,3458.45,670.8
5-164,Uninfected,No_comment,Polygon,18,3595.5,842.7,3583.15,823,3576.4,799.45,3584.8,771.35,3603.35,742.7,3619.65,730.9,3661.8,717.95,3683.15,720.8,3708.4,727.5,3729.75,744.35,3751.1,771.35,3747.2,807.85,3733.15,825.85,3720.75,846.6,3688.2,859.55,3665.7,855.6,3642.7,851.7,3612.9,853.35
5-165,Uninfected,No_comment,Polygon,19,3446.7,470.8,3476.45,447.15,3511.8,413.5,3541.05,392.15,3556.75,382.6,3587.65,387.6,3601.2,395.55,3616.9,410.1,3631.5,444.4,3631.5,474.2,3619.15,503.95,3600.6,527.55,3578.7,543.8,3550.05,553.35,3516.9,548.3,3494.45,534.25,3475.85,503.95,3461.8,487.1,3454,479.2
5-166,Uninfected,No_comment,Polygon,20,3662.5,410.35,3655.05,442.55,3657.55,462.35,3676.35,493.05,3699.65,505.9,3743.2,513.35,3769.95,512.85,3794.7,502.95,3813.5,485.6,3824.4,468.3,3829.85,446,3827.85,432.65,3817.95,420.25,3802.6,401.45,3785.75,393.05,3766.45,384.6,3733.8,382.15,3711,381.15,3689.25,387.6,3677.85,396.5
5-167,Uninfected,No_comment,Polygon,19,3949.65,439.1,3924.4,460.35,3911,480.15,3904.1,499.95,3901.6,522.75,3905.6,538.6,3917.45,553.95,3932.8,570.75,3959.05,573.25,3987.25,573.25,4017.95,558.9,4036.75,540.55,4047.15,516.8,4057.05,485.6,4056.1,470.25,4036.25,442.55,4024.4,431.15,3996.65,427.2,3967.45,430.65
5-168,Uninfected,No_comment,Polygon,18,3778.3,220.3,3751.05,221.25,3720.85,231.65,3702.1,243.55,3689.7,255.45,3685.7,266.8,3682.3,291.05,3673.3,312.9,3677.35,330.25,3686.75,346,3709,366.8,3734.75,372.25,3771.9,370.8,3790.2,358.9,3810.5,326.7,3819.4,290.15,3812.5,255.45,3801.55,236.6
5-169,Uninfected,No_comment,Polygon,17,3520.9,299,3527.35,321.25,3541.7,341.55,3563.95,353,3596.65,347,3627.8,332.15,3649.6,313.85,3663.4,283.15,3665.45,248.5,3655.5,220.3,3630.3,195.1,3603,185.6,3587.25,189.65,3573.85,201.45,3564.95,214.35,3549.1,237.65,3538.7,258.4
5-170,Uninfected,No_comment,Polygon,25,3523.35,267.35,3531.3,250.05,3543.1,225.7,3557.95,206.4,3570.35,193.05,3581.3,185.15,3590.2,180.2,3597.15,167.8,3592.65,159.45,3578.25,145.05,3559.5,142.55,3526.35,133.65,3495.6,129.25,3469.4,127.25,3445.1,140.55,3425.85,154.5,3411.5,174.25,3403.55,196,3408.5,225.25,3414.9,241.05,3427.75,259.95,3439.7,271.25,3472.35,285.6,3496.65,282.15,3507.05,277.75
5-171,Uninfected,No_comment,Polygon,26,3367.9,357.9,3362.45,366.3,3365.45,377.2,3363.95,391.05,3370.4,408.9,3372.85,433.15,3375.85,451.95,3385.2,467.3,3400.1,479.65,3432.75,481.65,3446.7,473.25,3458.05,465.85,3484.3,446.55,3517.5,419.3,3534.8,403.95,3546.2,388.15,3546.65,372.25,3541.2,358.4,3525.85,346,3502.1,338.1,3476.35,335.6,3456.05,328.65,3438.2,325.7,3416.95,329.65,3396.15,340.05,3385.2,348
5-172,Uninfected,No_comment,Polygon,43,3221.85,423.25,3222.85,419.3,3220.35,408.4,3221.85,402.95,3229.75,398,3233.75,387.05,3240.15,380.2,3248.1,374.2,3254.5,362.85,3265.4,357.9,3285.2,354.4,3292.65,350,3311.95,346.05,3317.4,358.4,3330.75,357.35,3338.2,363.35,3338.7,373.25,3348.6,383.65,3356.5,391.1,3351.55,401.5,3360.95,413.85,3365.9,420.8,3361.45,432.1,3355,439.1,3350.55,449.95,3348.1,465.35,3334.7,466.35,3328.8,474.7,3322.35,480.7,3312.45,480.7,3304.55,480.15,3301.05,487.55,3293.65,490.05,3284.7,486.65,3272.85,489.55,3256.5,484.6,3243.65,474.25,3245.6,469.75,3238.2,462.3,3241.15,455.95,3231.75,450.5,3223.35,446.55,3222.85,438.6
5-173,Uninfected,No_comment,Polygon,28,3238.2,466.35,3221.85,468.8,3208.5,474.25,3193.15,487.55,3180.75,502.4,3180.75,527.65,3180.75,551.5,3186.7,567.35,3199.1,584.65,3211.45,594.55,3231.75,593,3251.05,582.2,3269.85,583.65,3287.2,594.05,3296.1,603.95,3309.95,608.9,3321.85,603.45,3332.25,594.05,3339.2,576.25,3345.6,559.85,3344.6,540.6,3339.65,517.75,3331.25,499.5,3317.9,494.05,3300.05,492.1,3274.8,481.15,3267.85,475.7,3257.95,473.7
5-174,Uninfected,No_comment,Polygon,19,2924.15,401.15,2920.15,414.95,2919,436.15,2923.6,459.2,2935.1,480.95,2956.35,500.55,2982.8,514.95,3002.35,514.35,3024.75,508.6,3040.85,491.35,3054.65,474.65,3063.25,448.25,3066.1,433.85,3060.95,405.75,3045.45,387.9,3029.35,374.1,3005.8,367.75,2975.3,370.05,2954.65,372.95
5-175,Uninfected,No_comment,Polygon,17,2553.65,561.45,2566.35,546.85,2583.9,535.6,2616.6,532.2,2641.45,537.55,2661.45,554.65,2675.1,577.55,2680.5,608.3,2674.15,628.8,2661,649.75,2632.7,664.4,2603.9,673.15,2580.5,666.35,2556.6,650.25,2542.95,628.8,2538.05,604.9,2538.05,583.9
5-176,Uninfected,No_comment,Polygon,17,2654.15,538.05,2656.1,512.7,2661,492.2,2677.55,478.55,2692.7,472.2,2721.45,475.6,2762.45,496.1,2781.45,523.9,2793.65,551.2,2792.7,576.6,2774.15,602.45,2757.1,613.65,2719.5,611.7,2694.65,600.5,2679.5,587.3,2668.8,557.55,2659.05,546.85
5-177,Uninfected,No_comment,Polygon,17,2798.55,522.9,2804.4,500.5,2819.05,484.4,2851.7,470.75,2888.8,475.6,2927.3,493.65,2944.9,515.1,2959.05,545.35,2951.7,573.15,2936.1,590.25,2905.85,605.35,2875.6,607.8,2838.55,601.95,2816.6,593.65,2804.4,578.55,2799.5,552.2,2796.6,539
5-178,Uninfected,No_comment,Polygon,17,2714.65,652.7,2711.2,672.7,2715.6,692.7,2723.4,712.2,2758.55,742.45,2782.45,757.1,2811.2,761,2834.65,752.7,2857.1,742.45,2869.75,712.7,2863.9,666.85,2849.75,636.6,2826.85,621,2800,613.65,2778.55,608.3,2748.8,616.1,2730.25,626.35
5-179,Uninfected,No_comment,Polygon,17,2892.2,670.25,2901.95,656.6,2925.35,646.35,2966.85,647.8,2990.25,663.9,3007.3,689.75,3026.85,729.75,3026.85,759.5,3013.65,778.55,2984.4,797.55,2958.05,805.35,2926.85,797.55,2897.1,781.45,2881,761.95,2873.2,735.1,2879.05,708.8,2886.85,689.75
5-180,Uninfected,No_comment,Polygon,17,3035.5,673.85,3030.9,710.3,3034.5,740.55,3050.35,776.45,3067.8,781.55,3111.9,785.15,3140.1,781.05,3164.75,769.25,3180.1,756.95,3188.35,743.1,3190.9,715.9,3177.05,686.15,3165.25,660,3142.7,646.15,3114.5,635.9,3083.2,631.8,3055.5,649.75
5-181,Uninfected,No_comment,Polygon,16,3197,621.05,3187.8,643.1,3186.25,660.45,3187.3,688.75,3193.45,703.55,3219.6,719,3239.6,725.15,3263.7,720.45,3292.4,708.2,3310.35,684.55,3317.05,653.85,3306.25,621.5,3289.85,606.6,3274.95,596.95,3243.2,595.4,3221.65,604.1
5-182,Uninfected,No_comment,Polygon,23,3232.4,806.1,3242.15,774.9,3253.9,764.1,3267.3,750.2,3291.4,725.15,3312.4,715.9,3336,723.1,3353.95,744.65,3347.75,771.25,3340.6,782.05,3349.8,805.1,3355,822.6,3346.25,851.3,3334.45,868.25,3318.55,876.45,3275.5,878.95,3256.85,882.55,3240.5,884.05,3228.65,875.35,3224.2,857.45,3232.95,846.1,3231.4,832.85,3224.2,819
5-183,Uninfected,No_comment,Polygon,19,3357.55,537.5,3379.6,521.6,3418.55,515.9,3444.7,522.05,3475,532.8,3493.45,550.3,3493.95,572.35,3484.7,588.7,3469.35,612.8,3451.85,642.1,3436.5,661.55,3409.8,673.85,3387.3,676.4,3345.25,671.35,3324.2,648.7,3323.7,625.2,3332.4,608.25,3344.2,588.7,3353.9,561.55
5-184,Uninfected,No_comment,Polygon,16,3052.95,228.75,3046.8,268.75,3048.85,299.5,3055,329.75,3079.6,343.1,3102.7,344.1,3130.9,334.35,3162.2,317.95,3183.2,284.1,3196.55,245.65,3193.95,215.4,3182.2,196.95,3160.1,183.6,3134.5,178.45,3106.3,183.6,3077.55,196.95
5-185,Uninfected,No_comment,Polygon,17,2915.5,227.7,2905.75,252.3,2898.55,283.1,2907.8,320.55,2918.6,339,2940.65,355.4,2974.5,364.1,3003.7,361.55,3018.6,352.85,3031.9,341.05,3037.05,316.95,3032.45,287.2,3031.4,257.45,3022.7,231.3,2998.6,212.3,2979.1,206.7,2948.3,208.75
5-186,Uninfected,No_comment,Polygon,14,2732.95,204.1,2726.8,226.65,2724.2,253.35,2732.95,286.7,2754.45,315.9,2799.1,328.75,2829.85,322.05,2855,300.5,2869.35,266.7,2865.25,222.55,2850.9,187.7,2815,169.75,2785.75,173.85,2758.05,183.6
5-187,Uninfected,No_comment,Polygon,18,2656.5,155.9,2662.15,139,2669.35,111.8,2681.15,67.7,2690.9,33.35,2715.5,23.1,2747.8,18.95,2778.05,27.2,2803.7,42.05,2819.1,69.75,2825.25,113.35,2821.15,146.65,2798.6,167.2,2768.85,176.95,2732.95,186.15,2704.2,186.15,2683.7,174.9,2660.6,168.7
5-188,Uninfected,No_comment,Polygon,18,2517.05,138.45,2526.25,120,2557.55,84.1,2575.5,63.1,2599.6,51.8,2620.6,55.4,2656.5,71.8,2673.9,92.8,2676.45,131.8,2669.8,161.5,2662.15,190.8,2646.25,211.3,2627.8,221.05,2588.3,210.8,2567.3,198.45,2547.3,184.6,2532.9,168.2,2521.65,151.3
5-189,Uninfected,No_comment,Polygon,17,2487.8,293.85,2495.5,277.95,2506.25,252.85,2518.05,235.9,2530.35,223.6,2551.4,219,2577.55,220.5,2597.05,229.25,2614.45,267.7,2612.4,303.1,2605.25,322.6,2593.45,340.55,2580.6,352.85,2548.8,350.25,2532.4,347.2,2504.2,329.75,2487.3,313.85
5-190,Uninfected,No_comment,Polygon,19,2247.35,201.55,2239.9,238.25,2239.35,248.9,2229.8,262.2,2225,275.5,2228.2,297.85,2241.5,318.05,2254.25,332.95,2275,340.4,2297.85,329.75,2317.55,324.95,2335.1,315.95,2355.3,297.85,2364.9,267.5,2356.9,230.3,2336.15,197.3,2315.4,186.65,2285.1,185.6,2272.85,187.2
5-191,Uninfected,No_comment,Polygon,20,2375,133.5,2368.6,146.75,2364.9,164.85,2357.95,179.75,2356.4,191.45,2364.35,197.85,2367.55,216.45,2376.05,228.7,2388.8,242.5,2418.1,249.95,2449.45,249.95,2477.65,239.85,2497.85,215.4,2504.8,195.2,2508.5,160.6,2499.45,127.1,2471.8,104.2,2434.05,92,2397.35,100.5,2388.8,111.65
5-192,Uninfected,No_comment,Polygon,20,2406.9,347.3,2400.55,363.8,2403.7,388.8,2415.4,411.15,2431.4,425.5,2446.25,436.15,2466.5,446.75,2480.3,465.9,2496.25,481.9,2522.35,485.05,2548.4,468.6,2571.8,439.35,2577.1,411.15,2571.8,387.75,2554.25,365.4,2528.7,354.2,2499.45,336.65,2480.3,317.5,2452.1,310.6,2430.3,319.1
5-193,Uninfected,No_comment,Polygon,17,2587.25,365.4,2601.6,342,2626.05,329.75,2654.8,325.5,2673.95,328.15,2694.7,344.65,2713.85,365.9,2719.15,402.1,2706.4,427.6,2690.4,449.95,2667,458.5,2642.55,458.5,2611.7,449.45,2599.45,440.9,2583.5,421.25,2574.95,398.3,2579.25,377.6
5-194,Uninfected,No_comment,Polygon,20,2022.4,249.95,2004.55,267.4,1990.7,290.15,1988,312.9,1994.25,342.4,2003.2,362.5,2023.3,379.05,2048.75,383.45,2070.15,374.55,2087.55,362.5,2102.3,342.4,2125.1,315.15,2134.45,296.4,2155,269.6,2160.35,262.05,2133.55,244.15,2094.25,236.6,2065.7,235.7,2048.75,244.6,2034.9,247.75
5-195,Uninfected,No_comment,Polygon,23,2302.4,1006.8,2307.2,1024.05,2312.85,1040.95,2312.85,1058.2,2313.25,1085.5,2315.3,1093.45,2320.9,1097.45,2333.3,1096.75,2351.8,1103.6,2385.55,1115.2,2418.85,1114,2432.5,1103.2,2447.8,1079.5,2454.2,1055.8,2452.6,1029.7,2449.4,1004.4,2425.3,980.7,2412.45,968.25,2382.3,953,2359,949.35,2343.75,956.6,2334.5,965.85,2322.5,977.05
5-196,Uninfected,No_comment,Polygon,22,2233.45,1054.75,2227.25,1074.1,2220.7,1094.7,2228.1,1113.6,2240.85,1130.1,2253.6,1137.5,2270.9,1142.45,2285.3,1140.8,2305.85,1145.3,2326.05,1153.15,2347.85,1157.25,2364.7,1144.5,2372.55,1126.4,2375.6,1106.35,2365.75,1081.25,2353.8,1061.9,2330.35,1039.7,2309.75,1022.8,2287.35,1018.95,2270.05,1018.95,2256.05,1026.8,2247.85,1034.2
5-197,Uninfected,No_comment,Polygon,20,2150.45,911.85,2148.7,932.6,2148.1,958.6,2143.35,983.45,2146.3,1011.9,2171.75,1036.75,2201.95,1049.7,2222.65,1044.4,2239.2,1031.95,2247.5,1022.55,2259.95,1013.05,2278.85,995.85,2281.25,960.4,2273.55,935.55,2261.7,923.65,2244.55,910.7,2229.15,889.95,2210.8,878.75,2174.7,879.9,2156.95,893.5
5-198,Uninfected,No_comment,Polygon,16,2190.1,676.95,2168.35,700.8,2164.05,726.65,2168.2,766.3,2176.5,778.7,2194.25,787.55,2217.3,797.05,2235.65,801.2,2267.05,793.5,2290.7,770.45,2296.6,752.7,2285.35,717.15,2272.95,694.7,2254.6,680.5,2227.4,674,2211.4,673.4