230,5312,2988
1-1,White_Blood_Cell,No_comment,Polygon,34,2232.55,1246.35,2239.8,1224.6,2252.85,1202.15,2263.75,1186.15,2281.85,1173.15,2304.3,1163.75,2329.65,1156.5,2347.8,1155.05,2368.1,1163.75,2384,1171.7,2398.5,1186.15,2407.2,1207.95,2412.3,1224.6,2414.45,1236.15,2418.05,1244.85,2423.15,1251.45,2423.15,1260.85,2417.35,1276.05,2407.2,1276.8,2399.25,1277.5,2389.1,1289.05,2376.75,1300,2363,1309.4,2346.35,1313.75,2335.45,1313.75,2315.9,1338.4,2309.4,1339.85,2299.95,1329.7,2286.9,1315.9,2286.2,1308.65,2265.2,1299.25,2254.3,1289.05,2242.7,1277.5,2236.2,1262.3
1-2,Uninfected,No_comment,Polygon,15,2734.6,2848.2,2754.6,2829.8,2793.8,2821.8,2818.6,2821.8,2834.6,2835.4,2847.4,2864.2,2841,2881.85,2826.8,2905.8,2812.5,2917.25,2790.6,2921.05,2750.6,2915.35,2739.1,2906.8,2724.9,2890.65,2723.95,2876.3,2728.7,2858.2
1-3,Uninfected,No_comment,Polygon,15,2776.25,2722.45,2783.05,2742.2,2792.55,2757.85,2808.2,2772.1,2825.9,2781.65,2852.45,2784.35,2874.2,2766.7,2891.9,2742.2,2898.7,2718.4,2885.1,2689.15,2866.05,2674.85,2836.8,2662.6,2803.45,2663.3,2783.05,2690.5,2775.55,2701.35
1-4,Uninfected,No_comment,Polygon,16,2928.65,2697.3,2917.05,2725.85,2906.85,2748.3,2902.8,2763.95,2912.3,2786.4,2921.85,2794.55,2951.1,2798.65,2968.75,2800,2996,2787.75,3005.5,2770.1,3015.05,2740.15,3015.05,2708.15,2996.65,2685.05,2971.5,2674.85,2947,2680.95,2937.45,2689.8
1-5,Uninfected,No_comment,Polygon,17,3042.25,2723.8,3034.05,2739.45,3030.65,2758.5,3036.1,2788.45,3042.25,2804.1,3056.5,2816.35,3087.15,2825.85,3117.05,2826.55,3150.4,2814.3,3161.95,2797.95,3166.75,2771.45,3153.8,2740.15,3144.3,2723.8,3124.55,2712.25,3095.3,2705.45,3070.15,2704.75,3054.5,2712.95
1-6,Uninfected,No_comment,Polygon,15,3239.5,2700.7,3261.3,2691.85,3292.6,2685.05,3313.65,2689.15,3330.7,2700.7,3346.35,2716.35,3351.75,2738.1,3339.5,2763.95,3323.9,2780.95,3298.05,2789.8,3257.2,2780.95,3236.8,2763.95,3224.55,2740.15,3216.4,2722.45,3227.3,2706.15
1-7,Uninfected,No_comment,Polygon,18,3462,2681.65,3462.65,2706.15,3479.65,2747.65,3492.6,2762.6,3512.3,2776.2,3536.8,2780.3,3557.9,2780.3,3574.9,2764.65,3585.8,2749.65,3586.45,2732,3583.05,2715.65,3572.85,2696.6,3560.6,2685.05,3544.3,2671.45,3527.3,2661.9,3504.15,2655.1,3486.45,2657.85,3472.2,2667.35
1-8,Uninfected,No_comment,Polygon,18,3210.95,2523.8,3222.5,2515.65,3244.3,2506.8,3268.75,2505.45,3293.25,2505.45,3315.7,2512.95,3330,2522.45,3347.7,2538.1,3359.25,2557.15,3353.15,2579.6,3340.9,2596.6,3311.65,2612.95,3266.75,2619.05,3225.9,2611.55,3206.2,2591.15,3191.2,2563.25,3192.6,2541.5,3200.05,2528.6
1-9,Uninfected,No_comment,Polygon,17,3411.65,2435.4,3402.1,2452.4,3391.9,2476.2,3394.65,2493.2,3406.85,2512.95,3422.5,2532,3434.1,2542.85,3453.15,2549.65,3473.55,2548.3,3491.25,2537.4,3510.3,2521.1,3514.35,2500.7,3505.5,2474.15,3490.55,2455.8,3469.45,2434.7,3447.7,2425.85,3422.5,2433.35
1-10,Uninfected,No_comment,Polygon,16,3253.15,2427.2,3261.95,2443.55,3263.35,2464.65,3250.4,2482.3,3230.7,2499.35,3199.4,2504.75,3173.55,2503.4,3142.25,2488.45,3130,2476.9,3123.85,2451.05,3122.5,2424.5,3135.45,2406.8,3158.55,2394.55,3190.55,2398.65,3218.45,2414.95,3238.85,2421.1
1-11,Uninfected,No_comment,Polygon,19,2929.3,2617,2934.75,2635.4,2932.7,2652.4,2919.1,2664.65,2900.05,2661.9,2876.95,2651.05,2849.7,2642.2,2819.8,2634,2806.85,2627.9,2792.55,2611.55,2787.8,2585.7,2798.7,2569.4,2828.65,2554.45,2849.05,2546.95,2876.95,2546.25,2896,2557.85,2910.95,2569.4,2926.6,2585.7,2927.95,2606.15
1-12,Uninfected,No_comment,Polygon,16,2938.15,2614.3,2945.65,2629.25,2957.2,2641.5,2980.35,2658.5,2995.3,2663.3,3024.55,2663.3,3041.55,2649.65,3057.2,2633.35,3064,2606.8,3051.75,2580.95,3034.75,2566,3004.15,2556.45,2976.95,2560.55,2954.5,2571.45,2942.25,2583,2938.15,2598.65
1-13,Uninfected,No_comment,Polygon,22,2910.25,2514.95,2905.5,2529.25,2915,2540.8,2925.9,2549.65,2945.65,2549.65,2968.1,2543.55,2989.2,2537.4,3007.55,2537.4,3024.55,2537.4,3036.8,2528.6,3046.3,2507.5,3044.3,2483,3031.35,2450.35,3017.75,2442.2,2995.3,2442.85,2961.95,2439.45,2942.9,2436.75,2921.15,2437.4,2910.25,2453.75,2908.2,2468.7,2906.2,2493.9,2908.2,2503.4
1-14,Uninfected,No_comment,Polygon,23,2878.3,2304.1,2878.3,2317,2882.35,2338.1,2883.75,2363.95,2891.2,2379.6,2899.4,2391.85,2911.6,2404.75,2932.05,2417.7,2949.7,2421.1,2974.2,2421.1,2998,2420.4,3017.05,2411.55,3025.9,2393.9,3029.3,2376.85,3019.8,2355.8,3002.8,2340.15,2979.65,2325.15,2959.25,2307.5,2947,2291.85,2928.65,2281.65,2905.5,2285.05,2890.55,2294.55,2886.45,2296.6
1-15,Uninfected,No_comment,Polygon,17,2964.7,2232.65,2961.3,2249.65,2961.3,2262.6,2972.85,2285.7,2985.75,2301.35,2996.65,2310.2,3011.6,2323.15,3026.6,2331.3,3052.45,2325.85,3066.05,2314.3,3074.9,2297.3,3073.55,2270.75,3060.6,2238.1,3047.7,2224.5,3005.5,2221.1,2989.2,2223.15,2974.2,2228.55
1-16,Uninfected,No_comment,Polygon,18,3072.15,2212.25,3067.4,2219.05,3071.5,2234.7,3078.95,2244.2,3092.6,2262.6,3098,2289.8,3104.8,2306.1,3125.25,2317.7,3157.2,2317.7,3188.5,2310.2,3201.4,2290.5,3203.45,2260.55,3191.9,2234.7,3171.5,2214.95,3148.35,2204.75,3111.65,2208.85,3097.35,2211.55,3082.35,2212.25
1-17,Uninfected,No_comment,Polygon,18,2705.5,2486.4,2708.2,2489.8,2731.35,2508.85,2740.85,2512.95,2765.35,2510.9,2787.8,2497.95,2800.05,2484.35,2803.45,2462.6,2795.95,2438.1,2786.45,2425.15,2772.15,2410.9,2753.1,2398.65,2723.2,2400.7,2708.2,2408.85,2697.35,2419.05,2689.15,2438.8,2691.2,2460.55,2695.95,2475.5
1-18,Uninfected,No_comment,Polygon,18,2689.15,2363.95,2683.05,2348.3,2675.55,2334.7,2674.2,2321.1,2679.65,2303.4,2691.2,2288.45,2702.75,2280.95,2732.7,2273.45,2750.4,2279.6,2768.1,2293.9,2781,2302.7,2795.95,2334,2792.55,2368.7,2777.6,2387.1,2747.65,2389.1,2720.45,2385.7,2708.2,2377.55,2697.35,2370.75
1-19,Uninfected,No_comment,Polygon,17,3555.85,2591.15,3552.45,2611.6,3553.15,2624.55,3569.45,2653.8,3577.6,2664.65,3589.2,2677.55,3623.2,2685.05,3640.2,2674.15,3657.2,2651.05,3668.1,2634.75,3672.85,2610.9,3662.65,2585.75,3639.5,2567.35,3607.55,2557.2,3591.2,2562.6,3572.15,2574.15,3562.65,2580.3
1-20,Uninfected,No_comment,Polygon,15,3679,2438.8,3683.05,2453.15,3696.65,2482.4,3706.85,2497.95,3719.1,2508.9,3749.05,2515,3766.05,2510.2,3789.2,2493.2,3798.7,2464.65,3787.15,2432,3769.45,2415.7,3731.35,2397.95,3696,2399.35,3681,2410.9,3678.3,2423.15
1-21,Uninfected,No_comment,Polygon,14,2484.4,2580.3,2505.45,2570.1,2517.7,2555.8,2525.8,2529.25,2519.75,2500.7,2504.1,2466.65,2472.8,2459.2,2453.75,2463.25,2434.7,2478.9,2424.5,2491.85,2426.55,2511.55,2438.1,2549.65,2450.35,2566,2464.6,2575.5
1-22,Uninfected,No_comment,Polygon,16,2554.4,2530.6,2577.6,2531.3,2604.75,2542.85,2618.35,2557.15,2630.6,2588.45,2632.7,2611.55,2619,2642.85,2598,2661.9,2521.75,2646.25,2509.5,2633.35,2504.1,2608.85,2508.15,2585.7,2519.75,2570.1,2527.9,2557.15,2538.75,2541.5,2547.6,2533.35
1-23,Uninfected,No_comment,Polygon,18,2629.3,2517,2625.9,2534,2637.4,2561.25,2644.85,2576.9,2655.8,2595.25,2668.05,2607.5,2682.3,2619.05,2706.85,2621.8,2725.15,2607.5,2735.4,2585.05,2743.55,2567.35,2734.65,2544.9,2721.75,2528.6,2702.7,2517.7,2674.85,2504.75,2660.5,2499.35,2641.45,2506.15,2635.4,2509.55
1-24,Uninfected,No_comment,Polygon,19,2475.55,2329.25,2473.45,2335.4,2472.15,2347.6,2477.5,2362.6,2488.45,2380.95,2499.95,2395.25,2517.7,2409.55,2537.4,2420.4,2569.4,2418.35,2606.1,2409.55,2620.45,2397.3,2623.85,2376.9,2614.3,2355.1,2601.4,2333.35,2573.45,2321.1,2542.2,2309.55,2518.35,2301.35,2494.6,2309.55,2479.6,2321.1
1-25,Uninfected,No_comment,Polygon,17,2553.75,2229.25,2546.95,2238.1,2545.6,2253.05,2555.8,2274.15,2568.75,2286.4,2582.3,2298.65,2602.05,2310.9,2621.1,2314.3,2643.55,2307.5,2668.05,2287.75,2666.65,2272.1,2670.05,2244.9,2652.4,2222.45,2634.7,2212.95,2610.25,2212.25,2587.8,2222.45,2562.6,2229.25
1-26,Uninfected,No_comment,Polygon,17,2636.1,2141.5,2629.3,2162.6,2634.7,2186.4,2651.75,2206.85,2663.9,2219.75,2681,2232.65,2725.9,2236.05,2742.2,2227.2,2761.25,2212.95,2770.05,2189.8,2772.8,2162.6,2767.4,2146.25,2749.65,2125.15,2725.9,2113.6,2683.7,2108.85,2665.35,2117,2647.6,2129.95
1-27,Uninfected,No_comment,Polygon,17,2729.95,2032.65,2721.1,2043.55,2716.35,2061.9,2719.75,2080.25,2730.6,2093.9,2739.5,2102.05,2757.85,2111.55,2776.2,2118.35,2798.65,2125.85,2819.1,2119.05,2829.95,2108.15,2838.8,2089.1,2840.15,2070.05,2832,2043.55,2818.35,2029.25,2761.25,2022.45,2736.75,2023.8
1-28,Uninfected,No_comment,Polygon,19,2331.95,2270.75,2341.5,2290.5,2352.4,2310.9,2366,2326.55,2390.45,2342.85,2420.45,2343.55,2446.95,2332,2459.85,2308.15,2466,2282.3,2456.5,2258.5,2442.9,2238.8,2431.95,2226.55,2418.35,2216.35,2400.7,2218.35,2383,2225.15,2355.05,2236.75,2343.55,2240.8,2328.55,2249.65,2325.85,2261.9
1-29,Uninfected,No_comment,Polygon,24,2336,2546.95,2341.5,2555.1,2352.4,2571.45,2363.3,2587.1,2375.55,2590.5,2401.4,2586.45,2412.9,2578.25,2421.1,2570.1,2412.9,2552.4,2404.8,2534.7,2399.3,2502.75,2403.35,2485.05,2399.95,2472.1,2391.2,2458.5,2348.95,2447.65,2339.5,2442.85,2317.05,2449,2302.7,2457.15,2292.55,2468.7,2291.85,2484.35,2304.8,2498.65,2314.3,2510.2,2321.1,2521.1,2325.85,2532.65
1-30,Uninfected,No_comment,Polygon,20,2284.3,2608.15,2289.8,2608.85,2307.5,2604.1,2319.7,2587.75,2322.45,2570.75,2315,2540.85,2310.15,2529.25,2295.25,2510.2,2283.65,2500.7,2266,2491.15,2248.95,2494.55,2233.35,2501.35,2206.8,2515.7,2194.5,2534.7,2192.55,2562.6,2197.25,2581.65,2208.2,2595.25,2231.3,2602.05,2252.35,2602.05,2266.7,2600
1-31,Uninfected,No_comment,Polygon,15,1889.15,2499.35,1898,2515,1906.85,2530.7,1914.3,2561.25,1907.5,2579.65,1879.6,2592.55,1850.35,2593.9,1810.25,2581.65,1788.45,2555.8,1785.05,2518.4,1796.6,2500,1821.1,2491.15,1848.3,2487.75,1867.35,2492.55,1881.65,2498.05
1-32,Uninfected,No_comment,Polygon,16,1983.7,2553.15,1983.7,2567.35,1993.9,2594.65,2005.45,2608.9,2021.8,2619.75,2042.2,2627.95,2076.2,2625.85,2105.45,2611.6,2116.35,2597.3,2118.4,2572.2,2109.55,2538.15,2087.1,2522.45,2063.3,2515,2036.75,2513.6,2013.65,2525.85,1995.25,2541.5
1-33,Uninfected,No_comment,Polygon,21,2105.45,2374.15,2119.1,2387.1,2139.5,2400.7,2158.55,2413.6,2180.3,2424.55,2219.1,2424.55,2239.5,2412.3,2249.7,2394.55,2249.7,2373.5,2240.15,2359.2,2223.15,2346.25,2204.8,2331.35,2191.2,2314.3,2177.6,2300.7,2149,2291.15,2126.55,2292.6,2101.4,2302.05,2091.2,2309.55,2087.1,2332.65,2090.5,2349.65,2096.65,2363.35
1-34,Uninfected,No_comment,Polygon,20,2207.5,2277.6,2204.8,2285.8,2212.95,2306.15,2221.1,2319.75,2233.35,2334.1,2246.3,2344.95,2264.65,2358.5,2285.05,2363.35,2302.75,2355.8,2321.8,2345.6,2333.35,2330.6,2334.05,2315.7,2323.85,2297.3,2312.3,2274.85,2301.4,2255.15,2290.5,2247.65,2254.45,2238.15,2236.1,2241.55,2219.1,2253.05,2212.95,2264.65
1-35,Uninfected,No_comment,Polygon,20,1707.5,2294.55,1706.15,2300.05,1711.6,2315.7,1721.1,2335.4,1731.3,2351.05,1742.2,2367.4,1755.8,2387.75,1777.55,2406.8,1793.2,2410.9,1815,2406.8,1828.6,2402.1,1840.85,2385.8,1845.6,2357.2,1838.1,2341.55,1833.35,2335.4,1789.15,2291.85,1778.25,2281.65,1751.05,2272.1,1726.55,2274.2,1715.65,2280.95
1-36,Uninfected,No_comment,Polygon,17,1610.2,2185.05,1618.4,2176.2,1632.65,2168.05,1663.95,2164,1682.35,2172.8,1699.35,2187.1,1715,2206.85,1719.75,2228.6,1719.75,2251.75,1706.8,2266.75,1666,2276.2,1644.25,2274.85,1627.9,2264.65,1607.5,2246.95,1597.3,2228.6,1600,2207.5,1608.85,2191.15
1-37,Uninfected,No_comment,Polygon,22,1827.25,2232,1826.55,2242.85,1830.65,2269.4,1837.45,2289.2,1845.6,2310.2,1856.5,2327.2,1866,2340.9,1880.3,2351.7,1907.5,2353.05,1932.7,2340.15,1942.9,2327.2,1953.1,2306.15,1953.1,2286.45,1946.3,2272.1,1936.1,2260.6,1921.1,2248.35,1907.5,2234,1896.6,2221.85,1876.2,2209.55,1858.55,2208.85,1842.2,2215.05,1830.65,2221.1
1-38,Uninfected,No_comment,Polygon,19,1731.3,2192.6,1742.9,2210.2,1758.55,2222.5,1780.3,2219.75,1805.45,2213.6,1828.6,2202.75,1842.9,2193.9,1855.15,2185.7,1860.55,2169.4,1853.75,2154.45,1844.25,2142.85,1819.75,2119.75,1798,2107.5,1759.9,2107.5,1736.1,2119.75,1719.75,2131.3,1710.25,2147.7,1712.95,2161.9,1719.75,2184.35
1-39,Uninfected,No_comment,Polygon,20,1836.1,2118.45,1844.9,2125.25,1859.9,2139.45,1880.3,2156.45,1893.2,2162.6,1919.75,2157.15,1932.7,2146.25,1959.2,2128.6,1970.1,2125.9,1987.1,2121.85,1996.65,2113.6,1996.65,2093.9,1986.4,2078.9,1959.2,2071.45,1946.3,2066.65,1925.2,2054.5,1871.45,2061.95,1843.55,2074.85,1833.35,2084.4,1827.9,2100.7
1-40,Uninfected,No_comment,Polygon,19,1907.5,2192.6,1906.85,2193.25,1915.65,2216.35,1925.9,2231.3,1943.55,2246.95,1969.4,2255.15,1987.1,2254.45,2013.65,2247.65,2031.3,2235.4,2040.85,2213.6,2044.25,2193.25,2040.85,2164,2026.55,2146.95,2008.2,2138.8,1981,2139.45,1961.95,2142.85,1941.5,2155.8,1919.05,2174.2,1910.25,2186.45
1-41,Uninfected,No_comment,Polygon,19,2151.05,2121.85,2147.65,2134,2144.95,2153.75,2144.95,2174.85,2150.35,2187.1,2162.6,2203.45,2176.9,2213.6,2202.75,2213.6,2231.35,2216.35,2244.95,2204.75,2256.5,2180.3,2262.6,2159.85,2258.55,2134.7,2251.05,2119.1,2232,2106.15,2205.45,2102.05,2183.7,2102.8,2166.7,2110.25,2152.4,2119.1
1-42,Uninfected,No_comment,Polygon,22,2299.35,2122.5,2291.2,2127.2,2280.3,2142.2,2274.2,2159.85,2272.15,2176.9,2263.3,2196,2261.95,2205.45,2265.35,2218.45,2279.65,2234.75,2295.95,2237.5,2310.9,2232.65,2333.35,2221.85,2354.45,2212.3,2379.65,2204.1,2391.2,2198.65,2401.4,2186.45,2400.05,2163.25,2389.85,2146.25,2363.3,2125.9,2344.25,2118.45,2323.85,2116.35,2308.2,2119.1
1-43,Uninfected,No_comment,Polygon,16,1489.8,2087.8,1512.95,2083,1534.7,2081.65,1574.85,2098.65,1590.5,2112.25,1597.3,2131.95,1596.6,2151.75,1587.1,2172.8,1565.3,2193.25,1530.6,2201.4,1506.15,2195.25,1483,2176.85,1470.75,2158.55,1464.65,2136.75,1469.35,2108.85,1478.9,2093.9
1-44,Uninfected,No_comment,Polygon,16,1422.45,2029.95,1441.5,2044.25,1461.9,2052.4,1484.35,2053.1,1519.05,2031.3,1530.6,2009.5,1527.9,1976.9,1514.25,1952.4,1493.9,1940.85,1451.7,1938.1,1424.45,1940.15,1406.15,1952.4,1396.6,1965.35,1397.3,1992.55,1402,2008.85,1410.9,2023.15
1-45,Uninfected,No_comment,Polygon,17,1369.35,1855.1,1368.7,1864.65,1375.5,1889.15,1378.9,1901.4,1389.8,1914.3,1417,1922.45,1444.9,1927.25,1467.35,1919.05,1491.15,1904.8,1502.05,1891.85,1498.65,1864.65,1490.5,1844.9,1475.5,1830.65,1446.25,1819.7,1406.8,1827.9,1385.7,1838.1,1375.5,1851.7
1-46,Uninfected,No_comment,Polygon,17,1510.2,1849.7,1518.4,1864.65,1534.05,1876.9,1549.65,1890.45,1583,1894.6,1616.35,1886.4,1632.65,1868.75,1640.1,1845.55,1634.7,1823.85,1623.15,1803.4,1606.8,1789.15,1583.7,1782.35,1558.5,1791.85,1529.25,1798.65,1512.25,1809.55,1506.15,1828.6,1510.2,1839.5
1-47,Uninfected,No_comment,Polygon,19,1909.55,1957.85,1904.1,1972.8,1908.85,1989.8,1917.05,2013.65,1927.9,2033.35,1942.9,2046.95,1963.95,2055.8,2000,2067.35,2021.8,2066,2035.35,2053.1,2042.15,2031.3,2041.5,2012.25,2027.9,1989.15,2019.05,1970.1,2001.4,1955.15,1970.75,1943.55,1948.3,1941.5,1927.25,1945.55,1917.7,1953.1
1-48,Uninfected,No_comment,Polygon,17,2063.3,1946.3,2057.8,1959.9,2051.7,1976.2,2052.4,1994.6,2064.6,2017.7,2074.15,2031.3,2091.85,2039.5,2113.65,2039.5,2138.8,2031.3,2164.65,2004.1,2166,1981,2157.8,1958.55,2148.3,1944.9,2126.55,1930.65,2100,1927.9,2077.55,1932.7,2069.4,1938.75
1-49,Uninfected,No_comment,Polygon,21,2149,2083,2143.55,2068,2148.35,2044.2,2153.8,2034,2164.65,2024.5,2172.85,2014.3,2182.35,2002.05,2189.85,1992.5,2201.4,1985.05,2221.15,1980.25,2253.1,1996.6,2265.35,2006.1,2276.9,2026.55,2282.35,2041.5,2287.1,2066,2280.3,2082.3,2251.75,2095.25,2220.45,2093.9,2191.85,2087.05,2173.5,2090.45,2159.2,2091.15
1-50,Uninfected,No_comment,Polygon,20,2115.65,1789.8,2110.2,1800,2103.4,1812.25,2098.65,1827.9,2096.6,1842.25,2095.25,1851,2104.05,1878.25,2113.55,1893.2,2144.25,1912.25,2167.35,1910.9,2183,1902.05,2196.6,1889.8,2206.8,1879.6,2212.25,1857.15,2212.25,1835.45,2205.45,1818.35,2192.55,1798.65,2174.15,1786.4,2145.55,1781.65,2127.25,1785.05
1-51,Uninfected,No_comment,Polygon,19,1906.15,1712.25,1911.6,1726.55,1923.75,1742.9,1940.85,1757.8,1959.9,1769.4,1980.95,1773.45,2000,1771.5,2017.7,1766,2033.3,1751,2039.45,1733.35,2039.45,1707.5,2031.3,1676.85,2022.45,1666,1993.85,1653.75,1972.8,1647.6,1942.15,1659.2,1927.9,1671.5,1916.3,1686.4,1914.25,1698
1-52,Uninfected,No_comment,Polygon,20,1370.7,1686.4,1390.5,1700,1404.75,1707.5,1417.65,1715.65,1433.35,1726.55,1441.45,1733.35,1455.1,1745.65,1458.5,1759.2,1458.5,1774.15,1451.7,1787.05,1432,1796.6,1393.15,1803.4,1374.85,1802.7,1353.7,1787.8,1340.8,1772.15,1330.6,1751,1327.85,1737.4,1338.05,1708.85,1349,1693.2,1363.25,1685.75
1-53,Uninfected,No_comment,Polygon,24,1376.85,1647.6,1376.15,1652.45,1380.2,1663.25,1388.45,1677.55,1395.9,1687.75,1410.2,1700,1432.65,1708.85,1447.6,1716.4,1459.85,1726.55,1471.45,1732.65,1489.1,1724.5,1491.15,1702.05,1495.9,1689.8,1495.9,1674.15,1502,1656.5,1500.7,1637.45,1494.55,1623.2,1480.3,1609.5,1457.1,1598.65,1436.75,1592.5,1414.95,1598.65,1399.3,1607.5,1385.7,1622.45,1383.6,1634.05
1-54,Uninfected,No_comment,Polygon,26,1523.8,1655.8,1517.65,1664.6,1515.65,1676.85,1511.55,1698.65,1509.55,1712.25,1512.95,1732.65,1517.65,1748.3,1530.6,1761.2,1544.9,1766.65,1561.9,1763.95,1582.3,1763.25,1595.2,1763.25,1606.15,1763.25,1619.05,1759.2,1627.85,1755.8,1634.7,1745.65,1631.25,1726.55,1631.25,1717.7,1619.75,1689.8,1614.25,1669.4,1600,1646.3,1587.1,1634.05,1568.05,1627.9,1550.3,1635.35,1536.7,1642.15,1531.25,1646.95
1-55,Uninfected,No_comment,Polygon,17,1323.15,1393.2,1316.35,1400.65,1315.6,1410.2,1327.2,1438.75,1332.65,1451,1347.6,1471.4,1361.25,1483,1395.2,1490.45,1419,1481.7,1432.65,1470.1,1444.2,1446.25,1442.2,1417.7,1431.25,1398.65,1411.55,1378.2,1378.25,1363.3,1349.65,1368,1331.25,1380.95
1-56,Uninfected,No_comment,Polygon,19,1734.7,1636.05,1741.5,1644.2,1750.3,1655.1,1752.35,1674.15,1748.95,1689.8,1736.05,1706.8,1700.7,1718.35,1676.15,1711.55,1660.55,1700,1642.2,1666,1630.6,1641.5,1622.45,1622.45,1631.25,1593.2,1645.6,1578.3,1678.9,1566.7,1697.95,1572.15,1712.25,1584.35,1725.85,1606.1,1727.85,1623.2
1-57,Uninfected,No_comment,Polygon,25,1470.05,1526.6,1471.45,1530,1487.75,1564.6,1494.55,1579.6,1508.15,1600,1522.45,1615.65,1544.9,1623.85,1581.65,1619.05,1597.3,1613.6,1611.55,1611.6,1626.5,1602.05,1638.8,1591.15,1655.1,1582.35,1663.95,1573.5,1672.75,1557.8,1674.15,1547.6,1664.65,1538.1,1645.6,1538.75,1623.8,1540.85,1602,1525.85,1559.85,1508.85,1521.7,1506.1,1500.7,1506.1,1484.35,1513.6,1474.85,1519.05
1-58,Uninfected,No_comment,Polygon,18,1778.9,1563.3,1774.8,1568.7,1768.05,1583,1765.95,1600,1773.5,1623.85,1785.65,1644.9,1796.6,1655.1,1812.25,1666,1832.65,1668.75,1856.4,1661.9,1868,1641.5,1879.6,1613.6,1869.35,1589.8,1856.4,1571.4,1842.2,1557.15,1808.1,1559.2,1788.4,1557.15,1781.6,1561.9
1-59,Uninfected,No_comment,Polygon,22,1857.15,1538.75,1857.15,1541.5,1857.15,1552.45,1865.95,1581.7,1867.3,1591.85,1874.8,1606.1,1883,1614.3,1894.55,1621.1,1906.15,1622.45,1929.25,1624.5,1948.3,1617.7,1971.4,1593.2,1976.9,1579.6,1982.35,1553.1,1980.95,1537.45,1970.75,1513.6,1959.9,1498.65,1933.3,1486.4,1907.45,1487.75,1888.4,1497.95,1874.15,1512.9,1861.25,1530
1-60,Uninfected,No_comment,Polygon,14,1602.7,1422.45,1616.3,1414.25,1643.55,1410.85,1670.05,1425.85,1686.4,1455.75,1689.8,1475.5,1685.05,1500,1658.5,1517,1637.45,1512.25,1617.7,1500,1594.55,1489.8,1586.4,1440.8,1587.75,1434.7,1594.55,1426.5
1-61,Uninfected,No_comment,Polygon,20,1511.6,1351,1510.2,1365.95,1510.85,1389.8,1517.7,1408.85,1530.65,1425.15,1540.85,1436.05,1558.5,1444.9,1586.4,1435.35,1600,1424.45,1618.3,1415,1640.15,1406.8,1657.15,1404.75,1662.6,1391.8,1657.8,1368.7,1647.6,1351,1630.65,1332.65,1611.6,1318.35,1575.5,1314.25,1526.5,1327.2,1520.4,1337.4
1-62,Uninfected,No_comment,Polygon,23,1629.25,1308.8,1624.5,1316.3,1621.75,1331.25,1619.7,1344.2,1626.5,1357.75,1636.05,1374.1,1648.95,1389.75,1661.2,1402,1672.15,1410.2,1691.15,1409.5,1717,1404.75,1729.25,1395.2,1735.35,1382.95,1736.75,1361.9,1734,1345.55,1728.55,1323.8,1718.35,1291.8,1707.5,1276.85,1683.65,1265.3,1664.6,1261.9,1648.95,1259.85,1633.3,1280.25,1630.65,1292.5
1-63,Uninfected,No_comment,Polygon,22,1746.3,1498.6,1753.75,1504.75,1777.55,1521.05,1804.8,1524.45,1823.1,1518.35,1848.95,1505.45,1866.65,1496.6,1884.35,1489.8,1893.2,1480.25,1893.85,1463.95,1886.4,1453.7,1874.15,1446.25,1844.2,1440.1,1819.7,1436.05,1801.4,1427.85,1770.05,1417,1753.1,1413.6,1738.75,1414.95,1724.5,1428.55,1719.05,1445.55,1720.45,1461.2,1729.25,1474.15
1-64,Uninfected,No_comment,Polygon,25,1761.9,1356.45,1775.55,1376.85,1789.1,1391.8,1802.7,1405.4,1819.05,1419.05,1847.6,1428.55,1874.85,1436.7,1895.25,1436.05,1906.8,1429.25,1913.65,1420.4,1918.35,1405.4,1908.15,1390.45,1897.3,1375.5,1885.05,1362.55,1864.6,1339.45,1845.55,1327.2,1835.35,1318.35,1823.1,1309.5,1812.9,1301.35,1797.25,1293.85,1781.65,1295.9,1770.05,1304.05,1760.55,1317.65,1756.5,1334.65,1758.5,1343.5
1-65,Uninfected,No_comment,Polygon,22,2096.6,1493.2,2095.25,1499.3,2097.3,1509.5,2107.5,1520.4,2120.4,1527.9,2145.6,1531.95,2165.3,1533.3,2187.1,1532.65,2208.15,1523.1,2216.35,1512.25,2224.5,1500.65,2230.6,1482.3,2230.6,1462.55,2220.4,1444.9,2208.85,1434,2187.75,1425.85,2166.65,1428.55,2151,1435.35,2134,1448.95,2121.75,1462.55,2111.55,1477.55,2102.05,1489.1
1-66,Uninfected,No_comment,Polygon,20,1985.05,1459.15,1991.2,1464.6,2014.95,1472.1,2044.2,1474.8,2063.95,1472.75,2087.1,1463.95,2104.1,1453.05,2112.95,1441.5,2123.8,1423.1,2121.1,1401.35,2115.65,1388.4,2099.3,1375.5,2078.25,1366.65,2040.8,1368.7,2012.9,1375.5,1985.05,1385.7,1963.95,1408.85,1957.15,1425.15,1961.2,1440.8,1972.1,1455.1
1-67,Uninfected,No_comment,Polygon,18,2195.25,1390.45,2194.55,1382.95,2198.65,1371.4,2210.2,1355.75,2219.75,1346.9,2242.85,1337.4,2267.4,1333.3,2283,1334.65,2297.95,1347.6,2306.8,1372.1,2305.45,1391.15,2302.05,1403.4,2279.6,1424.45,2263.25,1425.15,2238.1,1420.4,2222.5,1415.65,2207.5,1407.45,2200.7,1400.65
1-68,Uninfected,No_comment,Polygon,22,2076.85,1312.9,2076.85,1316.3,2081.65,1336.05,2093.2,1349.65,2108.15,1362.55,2121.75,1370.75,2136.75,1370.75,2149.65,1362.55,2161.25,1342.15,2161.9,1317,2157.85,1287.75,2158.55,1267.35,2151.75,1248.3,2125.15,1231.95,2105.45,1226.5,2067.35,1230.6,2053.05,1235.35,2046.95,1246.9,2053.05,1259.15,2059.85,1278.9,2068.05,1291.8,2072.1,1302
1-69,Uninfected,No_comment,Polygon,23,1906.1,1346.9,1909.5,1351.7,1921.75,1365.95,1930.6,1374.15,1940.8,1384.35,1958.55,1382.95,1983,1374.8,2008.15,1367.35,2025.85,1360.55,2040.15,1353.7,2053.75,1340.8,2058.55,1327.85,2053.05,1300.65,2048.3,1294.55,2038.1,1280.25,2031.3,1271.4,2019.05,1261.2,2005.45,1255.1,1979.6,1259.85,1957.15,1270.05,1940.15,1289.1,1923.15,1316.3,1908.15,1336.05
1-70,Uninfected,No_comment,Polygon,26,2174.85,1352.35,2174.2,1357.1,2179.6,1367.35,2187.75,1374.15,2200.05,1376.15,2214.95,1371.4,2229.3,1364.6,2249,1355.75,2262.6,1344.9,2270.8,1336.05,2278.25,1325.85,2280.95,1312.2,2280.85,1302.1,2282.15,1286.45,2274.05,1266.75,2265.15,1250.4,2258.4,1243.65,2242.7,1238.9,2229.3,1241.5,2210.2,1250.3,2195.25,1259.15,2183,1272.1,2174.85,1300,2174.85,1312.9,2174.85,1328.55,2177.6,1342.85
1-71,Uninfected,No_comment,Polygon,19,1499.3,1212.25,1494.55,1217.7,1485,1234.05,1484.35,1249.7,1490.45,1266.7,1502.05,1281,1514.25,1288.45,1536.05,1291.2,1560.55,1291.85,1586.4,1285.75,1608.2,1277.6,1622.45,1253.1,1627.25,1225.9,1617.7,1202.05,1606.8,1191.2,1575.55,1180.3,1542.15,1187.1,1521.75,1199.35,1510.2,1205.45
1-72,Uninfected,No_comment,Polygon,18,1483,1049,1478.9,1053.1,1474.8,1067.35,1478.9,1099.35,1484.35,1112.95,1492.55,1125.85,1508.2,1137.45,1527.2,1144.9,1554.4,1142.2,1572.8,1136.1,1583.65,1126.55,1595.25,1101.4,1595.9,1081.65,1585.75,1059.9,1566,1045.6,1542.85,1036.75,1512.9,1035.4,1495.95,1037.45
1-73,Uninfected,No_comment,Polygon,19,1585.75,946.3,1578.95,955.8,1574.15,978.25,1578.95,996.6,1583.65,1009.55,1591.15,1024.5,1605.45,1038.1,1619.7,1046.95,1644.2,1043.55,1664.6,1041.5,1680.95,1029.95,1691.15,1007.5,1691.15,981.65,1683.65,955.8,1668,937.45,1643.55,929.95,1624.5,934.7,1598.65,935.4,1591.85,938.8
1-74,Uninfected,No_comment,Polygon,21,1472.1,915,1463.3,923.15,1456.5,938.1,1453.75,956.5,1467.35,976.2,1483,990.5,1509.5,1000,1525.15,1000,1548.95,991.85,1557.15,977.55,1566.7,955.8,1576.2,939.45,1580.95,925.85,1584.35,905.45,1576.85,891.85,1564.6,873.5,1539.45,864.65,1510.85,872.15,1499.3,876.2,1486.4,889.15,1479.6,898.65
1-75,Uninfected,No_comment,Polygon,23,1800,1270.75,1797.25,1261.95,1800.7,1242.9,1807.5,1228.6,1833.35,1214.3,1842.9,1214.3,1863.95,1212.25,1890.45,1217.05,1921.75,1227.9,1947.6,1236.1,1961.2,1243.55,1955.15,1257.85,1942.9,1268.05,1927.2,1280.3,1908.85,1299.35,1900,1310.9,1885.7,1328.6,1871.4,1328.6,1851,1313.65,1838.1,1302.05,1825.85,1291.85,1815.65,1283.7,1807.5,1279.6
1-76,Uninfected,No_comment,Polygon,18,1830.6,1127.9,1827.25,1142.2,1829.95,1159.9,1840.8,1179.6,1852.4,1189.8,1881.65,1193.9,1904.75,1200,1937.4,1202.75,1957.8,1206.85,1981.65,1206.15,1997.95,1168.75,1985.7,1129.95,1965.35,1114.3,1923.8,1089.15,1897.3,1089.8,1866.65,1095.95,1848.3,1106.15,1840.8,1116.35
1-77,Uninfected,No_comment,Polygon,21,2083,1061.25,2083.65,1063.3,2087.1,1080.3,2089.8,1095.25,2089.8,1106.15,2091.85,1116.35,2102.05,1130.65,2114.95,1142.2,2134.7,1155.8,2150.35,1161.95,2173.45,1164.65,2196.65,1167.35,2211.55,1159.2,2227.2,1142.2,2234,1125.85,2229.3,1100.7,2218.35,1089.8,2192.5,1084.4,2159.85,1078.25,2112.95,1066,2095.25,1057.85
1-78,Uninfected,No_comment,Polygon,18,2135.4,1006.15,2123.8,1018.4,2123.15,1038.8,2134.7,1055.1,2147.6,1060.55,2172.8,1070.75,2197.95,1074.15,2216.35,1069.4,2236.75,1059.9,2248.35,1044.9,2254.45,1027.9,2247.6,1004.1,2240.15,991.85,2212.95,969.4,2196.65,966.7,2172.1,974.15,2149.65,987.1,2141.5,995.95
1-79,Uninfected,No_comment,Polygon,22,1893.85,984.35,1893.85,993.9,1904.1,1021.1,1912.25,1033.35,1929.25,1049.7,1943.55,1060.55,1963.95,1071.45,1989.8,1073.5,2010.9,1070.1,2027.2,1060.55,2047.6,1044.9,2058.55,1019.05,2053.05,991.85,2042.85,973.5,2029.95,961.9,2011.55,955.1,1990.5,959.2,1968.75,960.55,1951.7,958.5,1934.7,955.8,1910.25,955.8,1895.25,965.35
1-80,Uninfected,No_comment,Polygon,23,1741.5,719.75,1746.3,724.5,1756.5,736.75,1769.4,750.35,1777.55,759.9,1786.4,771.45,1795.25,783.7,1803.4,795.25,1787.05,812.95,1766.65,815.65,1729.25,808.2,1709.5,812.95,1693.2,819.05,1665.3,827.25,1648.95,823.85,1631.95,817.7,1623.1,788.45,1627.25,765.3,1646.95,740.85,1662.6,730.65,1688.45,721.1,1708.85,719.75,1727.9,722.45
1-81,Uninfected,No_comment,Polygon,16,1894.6,860.55,1893.2,866,1892.5,891.85,1898,910.2,1912.9,926.55,1931.95,940.85,1960.55,945.6,1983,939.45,1998.65,928.6,2008.85,908.85,2004.75,884.35,1993.9,866,1961.95,851.05,1936.75,844.25,1913.65,850.35,1902.7,855.1
1-82,Uninfected,No_comment,Polygon,17,2092.5,851.7,2085.7,861.9,2081,884.35,2094.55,910.2,2107.5,930.65,2129.3,943.55,2159.2,955.1,2185.05,952.4,2206.15,942.2,2214.3,922.45,2209.55,889.8,2202.05,871.45,2187.75,851.7,2166,840.85,2136.1,840.15,2113.6,846.3,2097.95,850.35
1-83,Uninfected,No_comment,Polygon,17,2161.25,730.65,2152.4,742.85,2147.6,763.3,2151,785.05,2168.05,809.55,2187.75,825.85,2210.9,834.05,2232.65,831.3,2255.15,815,2269.4,793.9,2284.35,780.95,2284.35,755.8,2270.8,734.7,2232,706.15,2217.7,711.6,2197.95,720.4,2179.6,726.55
1-84,Uninfected,No_comment,Polygon,22,1884.4,760.55,1901.35,750.35,1914.3,746.95,1938.75,757.85,1954.4,772.8,1983,789.15,2004.75,797.3,2021.1,810.9,2034.7,827.9,2029.3,844.25,2003.45,851.05,1972.8,838.1,1936.75,826.55,1921.75,835.4,1886.4,844.9,1863.25,853.75,1841.5,846.95,1827.25,799.35,1826.55,784.35,1836.1,771.45,1859.2,764.65,1870.75,766.7
1-85,Parasitized,No_comment,Polygon,18,1678.2,840.15,1680.95,848.3,1689.1,874.85,1696.6,890.5,1706.8,900.7,1719.7,913.6,1735.35,927.25,1751,929.95,1782.3,931.3,1807.5,928.6,1814.95,912.25,1820.45,883.7,1822.45,866,1810.2,844.25,1787.05,828.6,1753.75,825.85,1709.5,827.25,1688.45,835.4
1-86,Uninfected,No_comment,Polygon,18,1670.1,512.9,1657.15,521.75,1646.3,527.15,1619.75,555.1,1610.25,580.25,1609.55,598.65,1624.5,622.45,1649,641.5,1661.95,640.8,1690.5,641.5,1713.65,641.5,1736.75,635.35,1760.55,615.65,1763.95,590.45,1755.8,559.2,1741.5,531.3,1717.05,513.6,1695.95,510.2
1-87,Uninfected,No_comment,Polygon,22,1776.9,523.75,1772.8,533.3,1774.85,560.55,1774.85,597.25,1778.95,612.9,1789.15,625.85,1804.1,638.75,1825.9,644.2,1859.2,639.4,1866,638.1,1871.45,625.15,1859.2,608.15,1858.55,597.25,1865.35,587.05,1872.8,576.85,1880.3,558.5,1875.55,535.35,1866,521.1,1850.35,508.85,1819.75,497.25,1802.05,503.4,1787.1,509.5
1-88,Uninfected,No_comment,Polygon,17,1774.2,680.25,1772.15,685.7,1771.45,695.9,1781,720.35,1788.45,733.35,1802.05,746.95,1825.9,759.2,1840.85,759.85,1861.95,751.7,1876.9,735.35,1885.05,719.7,1885.05,695.9,1873.5,670.05,1855.8,656.45,1832,653.75,1802.05,658.45,1783.7,668
1-89,Uninfected,No_comment,Polygon,18,1938.15,712.25,1940.15,725.85,1948.35,743.55,1955.15,752.4,1968.05,767.35,1998.65,786.4,2017.05,790.45,2027.9,791.85,2049,784.3,2068.75,767.35,2077.6,751,2074.2,723.8,2059.9,693.85,2046.3,682.3,2013.65,681.65,1991.2,683.65,1957.85,696.6,1949.7,700
1-90,Uninfected,No_comment,Polygon,18,1875.55,597.9,1874.85,602.05,1881.65,619.05,1888.45,631.95,1897.3,645.55,1914.3,663.25,1929.3,673.45,1965.35,673.45,1983.7,668,2010.25,655.8,2015,642.8,2015,628.55,1995.25,597.9,1976.2,581.65,1957.85,573.45,1917.7,575.45,1898,577.55,1884.4,587.05
1-91,Uninfected,No_comment,Polygon,17,2264.65,834.7,2264.65,845.6,2271.45,873.45,2276.9,883,2291.2,896.55,2308.2,908.85,2327.95,911.55,2351.05,909.5,2374.85,893.9,2391.9,872.1,2400.05,834,2366.05,793.85,2347,790.45,2327.95,791.85,2301.4,802.05,2283.05,814.95,2274.85,823.15
1-92,Uninfected,No_comment,Polygon,20,2083.05,638.1,2083.7,649.6,2089.85,668,2101.4,677.55,2121.8,695.9,2138.8,704.1,2164,708.85,2193.9,702.7,2208.9,693.85,2227.25,683.65,2234.05,675.5,2238.15,659.85,2232.7,640.15,2221.8,619.05,2210.9,607.5,2185.75,595.25,2149.7,589.1,2127.25,603.4,2095.25,623.1,2085.75,627.2
1-93,Uninfected,No_comment,Polygon,18,2251.05,625.85,2253.1,640.15,2259.2,661.2,2273.5,685.05,2297.3,697.95,2343.6,687.7,2359.2,678.25,2369.45,661.85,2374.2,642.8,2372.15,619.05,2361.95,598.65,2349,580.25,2333.35,569.4,2315.7,563.95,2291.2,563.95,2278.25,572.05,2261.25,587.7,2251.75,599.3
1-94,Uninfected,No_comment,Polygon,21,2017.7,510.9,2015.7,516.3,2014.3,535.35,2015.7,553,2021.1,575.45,2029.3,592.5,2040.85,607.5,2055.8,623.1,2070.1,627.2,2093.25,622.5,2111.55,617.75,2128.6,604.1,2137.45,591.85,2145.6,574.8,2144.25,557.15,2136.1,530.55,2121.8,516.3,2091.2,504.7,2063.3,499.3,2046.3,495.9,2025.2,503.4
1-95,Uninfected,No_comment,Polygon,19,2159.9,494.5,2153.8,497.9,2151.05,515.65,2157.2,540.15,2181,565.25,2199.35,575.45,2238.15,570.05,2261.25,563.95,2276.9,551.7,2287.8,542.15,2295.95,529.9,2302.1,510.2,2293.25,489.8,2275.55,477.55,2237.45,464.6,2219.1,458.5,2189.15,468.65,2172.8,472.05,2163.3,485.7
1-96,Uninfected,No_comment,Polygon,21,2021.1,389.8,2015.7,395.25,2002.75,411.5,2001.4,431.95,2008.85,444.2,2021.8,457.8,2044.95,472.05,2063.3,478.85,2089.15,481.6,2112.95,493.2,2138.15,495.25,2151.05,483,2161.25,463.95,2157.85,441.5,2148.35,421.75,2133.35,406.8,2110.25,385.65,2087.1,373.45,2058.55,371.4,2034.05,377.55,2025.9,382.25
1-97,Uninfected,No_comment,Polygon,18,2428.6,542.15,2417.05,555.1,2406.85,567.35,2398.7,596.6,2400.7,616.95,2411.6,634,2428.6,649.6,2451.05,659.2,2476.25,661.2,2502.1,654.4,2522.5,642.15,2531.35,621.1,2532.7,596.6,2523.15,570.75,2510.95,553,2492.55,537.4,2464.65,531.3,2451.05,532.65
1-98,Uninfected,No_comment,Polygon,17,2383.7,408.85,2402.75,415.65,2439.5,407.45,2451.75,406.8,2472.85,406.8,2493.9,421.1,2506.15,446.95,2496.65,485,2481.65,503.4,2449.7,519.05,2423.85,517.7,2399.35,506.8,2384.4,495.9,2368.05,472.8,2364,460.55,2367.4,438.1,2374.2,423.1
1-99,Uninfected,No_comment,Polygon,18,2238.8,346.95,2234.75,356.4,2230.65,377.55,2232.7,405.45,2235.4,425.85,2243.55,440.15,2262.6,456.4,2278.95,465.3,2299.35,469.4,2316.35,469.4,2340.85,455.75,2348.35,429.25,2345.6,394.55,2340.85,364.6,2321.15,346.25,2298.7,339.45,2266.7,343.5,2253.8,342.85
1-100,Uninfected,No_comment,Polygon,22,2127.9,306.1,2121.8,314.25,2119.1,339.45,2122.5,365.3,2130.65,380.25,2138.8,392.5,2151.05,410.2,2161.25,421.1,2172.15,429.25,2198.65,431.3,2210.25,417,2215.7,399.3,2218.4,379.6,2222.5,361.9,2227.95,340.75,2225.9,321.1,2218.4,306.1,2203.45,291.8,2181.65,281.6,2166,285.65,2151.75,287.75,2138.8,298.65
1-101,Uninfected,No_comment,Polygon,19,2025.2,183,2032.65,180.25,2059.9,176.85,2080.95,187.05,2095.25,200,2111.6,219.05,2118.4,237.4,2115,258.5,2106.1,283,2088.45,295.25,2068,300,2034.7,298.65,2012.25,287.75,2001.4,278.85,1993.2,262.6,1997.9,230.55,2004.05,215.65,2012.9,201.35,2020.35,192.5
1-102,Uninfected,No_comment,Polygon,22,2350.35,141.5,2350.35,149.65,2352.4,175.5,2356.5,197.25,2368.05,211.5,2381.65,225.85,2401.4,229.9,2416.35,223.1,2435.35,210.85,2444.9,187.75,2453.75,165.95,2458.55,144.9,2463.95,131.3,2472.8,117.65,2478.25,108.15,2475.55,98.65,2468.05,88.4,2440.8,78.2,2415.65,79.6,2378.95,88.4,2362.6,100.65,2356.5,123.1
1-103,Uninfected,No_comment,Polygon,17,2444.9,197.25,2449.7,208.1,2463.95,227.2,2478.25,242.85,2499.3,252.35,2534.7,253.05,2563.9,252.35,2580.3,230.55,2578.9,203.4,2568.75,163.95,2556.45,138.75,2534.7,123.8,2521.1,115.65,2481,121.1,2465.25,129.3,2453.05,142.15,2442.8,174.15
1-104,Uninfected,No_comment,Polygon,22,2393.2,280.95,2389.8,290.45,2385.75,306.8,2385.75,324.5,2390.5,345.55,2404.1,364.6,2422.4,379.6,2447.6,383.65,2468.05,389.1,2488.45,389.1,2498.65,380.95,2502.7,366,2496.55,346.25,2498.65,323.8,2498.65,306.8,2504.8,296.6,2504.8,286.4,2493.15,274.8,2474.2,265.3,2453.75,259.8,2417.7,266.65,2404.8,272.1
1-105,Uninfected,No_comment,Polygon,20,2485,348.95,2489.75,359.2,2502.7,375.45,2518.35,387.05,2542.2,400.65,2573.45,402.7,2592.5,385.7,2608.15,372.1,2619.1,355.1,2625.9,331.95,2623.85,304.05,2603.45,280.95,2585.05,267.35,2551,263.95,2525.9,266,2507.5,278.85,2500,289.1,2491.15,303.4,2486.35,325.15,2483.65,345.55
1-106,Uninfected,No_comment,Polygon,20,2554.4,448.95,2552.4,457.15,2554.4,474.15,2563.9,494.5,2580.3,515.65,2600.7,523.15,2617.7,523.15,2640.15,519.7,2660.5,510.9,2670.05,493.2,2676.2,472.05,2682.95,450.35,2676.2,429.95,2661.25,406.1,2644.95,392.5,2621.1,388.45,2604.75,395.9,2587.1,408.85,2570.05,419.7,2559.2,429.95
1-107,Uninfected,No_comment,Polygon,24,2562.6,586.4,2561.25,588.45,2553.75,604.1,2546.3,617.7,2544.2,626.55,2542.9,655.8,2549,665.3,2560.55,674.85,2577.6,678.25,2581.35,681.3,2595.3,686.15,2609.9,685.45,2630,679.9,2646.7,672.95,2652.95,668.8,2664.75,659.05,2672.4,633.35,2667.5,611.85,2663.3,593.75,2652.25,579.2,2630,567.4,2614.05,563.9,2591.15,571.55,2575.1,578.5
1-108,Uninfected,No_comment,Polygon,18,2590.55,27.8,2588.8,31.95,2581.7,61.55,2580.5,76.3,2583.45,104.15,2592.95,123.65,2605.95,140.25,2624.9,144.35,2652.75,148.5,2674.05,140.25,2697.1,121.3,2705.95,100,2703,69.2,2692.95,43.8,2668.1,18.35,2645.65,7.7,2620.15,2.35,2600.05,15.35
1-109,Uninfected,No_comment,Polygon,16,2684.65,180.45,2681.7,193.5,2685.25,218.35,2700.05,240.25,2711.85,250.3,2730.2,260.95,2760.4,261.55,2785.25,254.45,2795.3,233.15,2800.05,205.3,2792.95,179.3,2776.35,157.4,2752.75,143.2,2733.15,137.85,2711.85,150.3,2694.7,163.9
1-110,Uninfected,No_comment,Polygon,17,2666.95,300.6,2661.55,305.9,2651.5,321.3,2650.9,329.6,2661.55,359.75,2669.85,377.5,2688.8,396.45,2703.6,405.9,2733.15,404.75,2753.3,395.25,2766.3,371.6,2777.55,348.5,2775.8,326.05,2761,298.2,2726.05,281.05,2697.1,283.4,2678.75,288.15
1-111,Uninfected,No_comment,Polygon,16,2816.6,231.35,2806.6,239.65,2795.95,272.2,2800.05,294.65,2813.05,311.25,2826.05,325.45,2846.8,335.5,2879.35,334.9,2900.65,326.6,2917.25,307.1,2927.85,286.4,2926.1,259.75,2918.4,234.9,2891.75,211.85,2852.7,203.55,2832.6,213.6
1-112,Uninfected,No_comment,Polygon,16,2793.55,84,2792.95,100.6,2798.25,136.7,2812.45,159.75,2824.9,174.55,2843.85,188.15,2861,190.5,2881.75,186.95,2901.2,170.4,2907.75,142,2903.6,104.7,2888.85,79.3,2870.45,53.25,2836.75,43.2,2803.05,56.8,2798.25,69.8
1-113,Uninfected,No_comment,Polygon,21,2959.2,273.35,2953.9,276.3,2950.35,298.8,2959.8,312.4,2972.8,322.5,2994.1,336.7,3013.05,346.15,3035.6,359.75,3056.9,368.65,3076.95,364.5,3094.7,340.8,3102.4,320.1,3100.05,294.65,3095.3,285.2,3072.8,268.65,3061,259.15,3033.75,244.95,3005.35,237.25,2988.85,240.25,2966.9,260.35,2962.75,266.85
1-114,Uninfected,No_comment,Polygon,20,3064.5,124.85,3059.2,131.35,3046.15,140.8,3035.5,154.45,3028.4,179.85,3033.75,199.4,3045.6,220.7,3056.8,231.95,3075.15,244.35,3097.05,256.2,3120.75,263.3,3147.95,260.95,3155.65,242,3157.4,212.4,3163.35,188.15,3163.9,157.4,3166.9,137.85,3146.75,120.1,3102.4,111.85,3089.35,112.4
1-115,Uninfected,No_comment,Polygon,16,3184.05,149.7,3181.65,153.25,3174,177.5,3169.85,204.75,3174.55,226.05,3193.5,254.45,3208.3,264.5,3242.05,277.5,3274,267.45,3291.15,236.7,3299.45,211.25,3293.5,184.6,3281.1,164.5,3257.4,149.1,3222.45,134.9,3201.8,138.45
1-116,Uninfected,No_comment,Polygon,19,3234.9,86.95,3233.75,87.55,3226,97,3223.7,106.5,3231.95,115.95,3259.2,124.8,3280.5,128.9,3296.45,129.55,3316,118.9,3337.3,101.75,3342.6,88.1,3338.45,62.1,3330.2,43.75,3316,30.7,3292.3,22.45,3278.1,20.7,3261.5,29.55,3249.1,47.3,3239.05,67.4
1-117,Uninfected,No_comment,Polygon,19,3373.4,104.7,3368.6,109.4,3362.75,124.25,3365.05,143.75,3378.1,164.4,3397.6,175.7,3436.65,181.65,3466.9,178.05,3483.4,166.8,3495.85,144.35,3502.9,127.15,3499.4,112.4,3488.2,100.55,3474,92.8,3452.1,83.4,3426.65,89.25,3410.65,91.65,3393.45,98.2,3380.5,100.55
1-118,Uninfected,No_comment,Polygon,18,3477.55,211.8,3469.2,220.1,3453.25,241.95,3445,268.6,3447.95,284.55,3473.4,305.3,3488.2,313.55,3504.7,316.55,3524.3,312.4,3545.6,301.15,3557.4,286.3,3566.9,269.8,3572.2,245.5,3563.9,202.3,3553.25,195.2,3525.45,196.4,3503.55,201.75,3491.15,204.05
1-119,Uninfected,No_comment,Polygon,17,3111.85,317.1,3108.9,321.25,3104.75,330.15,3103.55,341.95,3117.15,357.35,3130.8,372.1,3150.85,385.2,3177.45,392.85,3202.4,389.85,3228.95,375.1,3239.05,336.65,3237.3,310.6,3219.55,295.85,3195.85,284.55,3163.3,276.9,3139.05,288.75,3123.1,302.35
1-120,Uninfected,No_comment,Polygon,18,3265.05,393.4,3266.3,405.3,3277.55,424.8,3286.35,433.7,3300.55,447.25,3317.15,454.35,3345,462.1,3371.6,455.6,3390.5,439.05,3399.4,422.45,3406.5,399.95,3403.55,378.1,3389.35,353.25,3373.4,343.15,3341.45,336,3309.5,340.2,3286.35,352.6,3268.6,373.9
1-121,Uninfected,No_comment,Polygon,16,3494.7,340.8,3512.45,339.55,3532.55,340.8,3548.55,347.9,3566.9,368.55,3577.55,404.7,3571,431.3,3546.15,453.25,3505.35,457.9,3476.95,447.25,3459.8,432.5,3449.7,413,3449.7,389.3,3456.25,373.35,3472.75,349.7,3484.65,341.95
1-122,Uninfected,No_comment,Polygon,18,3584.65,292.3,3583.4,294.65,3576.95,322.45,3578.1,328.9,3597.05,362.1,3607.7,371.55,3629.55,375.65,3662.1,375.65,3682.25,368.55,3700,357.9,3706.55,334.85,3708.25,315.35,3700.6,299.95,3685.8,273.35,3664.5,257.95,3628.4,263.9,3607.7,273.9,3596.45,282.75
1-123,Uninfected,No_comment,Polygon,15,3436.75,626.65,3458.65,607.7,3474.1,601.2,3500.7,595.25,3532.65,605.9,3539.75,610.05,3551.55,625.45,3556.85,647.35,3550.4,672.8,3540.3,689.35,3488.8,702.35,3462.8,692.3,3450.95,686.4,3436.75,662.15,3429.65,645.55
1-124,Uninfected,No_comment,Polygon,14,3438,713.05,3448.6,717.15,3477,734.9,3488.8,745.55,3503,762.15,3506.05,784.6,3497.15,808.3,3447.4,831.95,3419.6,828.4,3400.1,812.45,3372.25,775.75,3372.25,745.05,3388.8,725.45,3427.85,710.05
1-125,Uninfected,No_comment,Polygon,21,3724.4,434.9,3714.25,443.2,3692.45,467.5,3691.2,477.5,3704.8,495.25,3716.05,504.75,3740.9,511.85,3758.65,511.25,3777.6,513.6,3799.55,520.1,3817.8,521.9,3836.8,521.3,3858.1,510.65,3864.05,487,3855.7,458,3846.2,444.4,3817.8,436.7,3795.35,432.55,3775.85,426.05,3755.1,421.9,3737.35,429
1-126,Uninfected,No_comment,Polygon,17,3735.05,536.7,3751,534.3,3762.2,534.3,3794.75,539.1,3808.95,542.65,3839.7,558.6,3847.45,565.1,3851,583.45,3840.9,618.35,3828.45,632.55,3796.5,640.25,3775.85,637.9,3755.1,628.45,3736.2,613.6,3720.85,584.1,3719.6,559.75,3723.15,547.35
1-127,Uninfected,No_comment,Polygon,18,3876.4,563.3,3875.85,561.55,3878.75,551.5,3885.85,543.8,3904.85,538.45,3930.25,535.55,3961,533.15,3991.8,533.75,4010.2,542,4020.2,552.1,4013.75,566.85,3995.35,581.65,3970.5,587.65,3935.65,587,3915.5,588.15,3896,587.65,3884.7,579.3,3877.6,572.2
1-128,Uninfected,No_comment,Polygon,19,3883.5,646.75,3885.35,639.65,3900.05,627.2,3920.2,616,3932.1,607.7,3974.7,596.45,3996,595.85,4025.5,604.15,4036.15,613,4047.45,639.65,4048.6,677.5,4026.7,711.25,3991.8,728.4,3963.4,723.7,3936.8,711.85,3914.85,689.95,3901.85,675.75,3890.65,662.15,3885.85,655.7
1-129,Uninfected,No_comment,Polygon,21,3804.8,783.45,3812.5,781.65,3830.85,774.55,3841.5,765.1,3848,749.7,3857.45,730.2,3869.3,722.5,3903.1,716,3926.15,725.45,3948,738.45,3959.25,765.1,3958.65,782.85,3940.9,799.4,3925.5,811.25,3904.85,825.45,3877,834.9,3842.65,836.1,3820.85,828.4,3808.95,812.45,3802.45,799.4,3802.45,791.7
1-130,Uninfected,No_comment,Polygon,16,3913.1,868.1,3914.85,860.35,3930.25,838.45,3948.6,829,3969.3,819.55,3993.55,818.95,4011.95,834.9,4019.6,844.4,4029.7,864.55,4028.55,879.9,4019.6,912.45,3996,924.85,3965.2,920.15,3937.35,910.65,3919.05,888.2,3914.25,877.55
1-131,Uninfected,No_comment,Polygon,18,4033.8,764.5,4032.6,772.8,4029.7,792.95,4035.65,814.8,4051,831.35,4062.25,840.85,4086.45,853.25,4107.75,853.85,4132.6,845,4161,827.8,4164.55,809.5,4155.15,778.7,4141.5,751.5,4108.95,737.95,4076.45,742,4059.25,746.75,4046.8,756.8,4038.55,763.9
1-132,Uninfected,No_comment,Polygon,17,3774.15,828.1,3785.1,835.4,3800.4,847.6,3815.65,859.8,3825.95,879.35,3830.25,901.3,3823.55,928.1,3791.8,944.6,3768.65,946.4,3741.8,937.85,3723.5,917.75,3711.95,899.45,3705.85,878.7,3708.25,851.9,3718.6,837.25,3735.15,828.7,3747.35,826.9
1-133,Uninfected,No_comment,Polygon,21,3852.85,936.65,3843.7,951.3,3840.65,968.35,3850.95,995.8,3856.45,1001.3,3875.95,1006.8,3890.05,1009.2,3901.6,1019.6,3912,1029.95,3928.4,1044,3940.05,1048.25,3968.1,1048.25,3985.7,1028.75,3997.3,1008,3997.95,975.7,3993.05,954.35,3977.25,937.25,3933.3,931.15,3920.45,926.3,3902.85,918.35,3875.35,919.55
1-134,Uninfected,No_comment,Polygon,16,3808.85,1063.5,3808.85,1070.8,3813.15,1087.25,3821.05,1101.9,3833.9,1112.9,3849.1,1124.45,3868.7,1133.6,3890.05,1127.5,3905.9,1111.05,3918.1,1090.3,3916.85,1059.85,3907.05,1046.4,3878.4,1025.7,3846.75,1017.75,3824.8,1034.85,3813.75,1048.85
1-135,Uninfected,No_comment,Polygon,17,3751.55,1064.7,3763.15,1067.15,3783.3,1078.75,3796.05,1094,3805.85,1111.65,3813.15,1127.5,3807.65,1148.85,3799.15,1164.1,3773.5,1179.35,3730.2,1189.7,3714.35,1179.35,3697.35,1166.55,3685.7,1150.7,3677.15,1125.7,3679.05,1105.55,3690.55,1084.85,3728.45,1068.35
1-136,Uninfected,No_comment,Polygon,14,3452.2,850.65,3462.5,857.35,3507.05,864.7,3521.05,875.65,3527.75,901.3,3523.55,934.2,3509.45,964.7,3460.65,980.55,3419.2,982.4,3396.1,965.3,3393.6,929.95,3406.4,908,3422.9,872.6,3446.65,848.85
1-137,Uninfected,No_comment,Polygon,18,3526.6,1029.35,3519.25,1040.3,3514.95,1058.6,3518.6,1085.45,3529.65,1101.3,3544.25,1111.05,3563.1,1122.65,3597.25,1123.25,3621.7,1112.9,3637.55,1093.35,3649.1,1069,3647.25,1047,3636.9,1026.9,3626,1015.3,3598.5,1007.4,3571.05,1003.1,3549.7,1009.2,3537.5,1019.6
1-138,Uninfected,No_comment,Polygon,15,3386.25,1152.5,3397.9,1154.35,3434.45,1172.65,3443.05,1180.55,3455.25,1208.65,3455.25,1231.8,3441.8,1257.4,3411.95,1276.9,3365.55,1275.7,3347.25,1255.6,3335.05,1237.3,3332,1217.15,3328.95,1181.8,3342.4,1163.5,3375.9,1152.5
1-139,Uninfected,No_comment,Polygon,18,3662.5,1187.3,3669.9,1194.6,3680.2,1204.35,3693.6,1225.7,3696.65,1239.1,3697.35,1258,3699.75,1270.85,3696.65,1287.9,3674.1,1300.7,3651.55,1301.95,3621.05,1308,3608.25,1300.7,3594.9,1276.3,3590.6,1259.25,3592.4,1232.4,3602.75,1209.25,3624.1,1191.55,3647.25,1181.2
1-140,Uninfected,No_comment,Polygon,16,3720.45,1220.2,3718.05,1226.9,3716.8,1247.05,3722.9,1281.8,3732.05,1297.05,3745.45,1308.65,3775.95,1318.4,3810.1,1307.4,3833.3,1269,3830.85,1250.7,3820.5,1233,3805.85,1217.75,3784.55,1211.05,3759.55,1203.75,3737.55,1210.45,3724.15,1219.6
1-141,Uninfected,No_comment,Polygon,19,3643,1409.25,3646.05,1413.5,3655.85,1420.2,3672.95,1430,3691.8,1436.1,3723.5,1430.6,3743.05,1420.2,3757.65,1404.35,3767.4,1382.4,3762.55,1367.15,3758.3,1347.65,3749.7,1330.6,3736.3,1319.6,3710.7,1309.85,3669.25,1312.9,3633.25,1344,3627.15,1352.55,3623.5,1369,3624.75,1387.9
1-142,Uninfected,No_comment,Polygon,17,3863.15,1522.65,3857.05,1533.05,3850.95,1556.2,3855.9,1572.7,3866.8,1587.3,3893.65,1606.2,3910.1,1612.3,3946.15,1609.85,3978.4,1599.5,3996.7,1581.2,4003.4,1552.55,4001,1523.9,3982.65,1505.6,3955.3,1495.25,3919.9,1483.05,3893.1,1494.6,3875.95,1507.45
1-143,Uninfected,No_comment,Polygon,15,3930.9,1634.25,3930.25,1641,3929,1657.45,3946.7,1678.15,3958.35,1689.75,4022.9,1714.75,4036.95,1708.05,4060.75,1694.05,4071.1,1673.9,4075.95,1652.55,4066.25,1636.7,4046.7,1620.85,4002.8,1609.85,3976.55,1617.8,3950.35,1629.4
1-144,Uninfected,No_comment,Polygon,14,4227.2,1599.5,4244.35,1593.4,4266.85,1595.85,4293.1,1602.55,4310.15,1611.7,4332.1,1632.45,4340.7,1653.8,4334.6,1680,4314.45,1695.85,4268.65,1696.45,4227.2,1681.2,4208.95,1661.1,4196.1,1630,4199.8,1615.35
1-145,Uninfected,No_comment,Polygon,15,4179.65,1671.45,4187,1672.1,4202.85,1683.65,4231.5,1708.65,4256.5,1722.1,4273.55,1732.45,4286.95,1742.2,4290.65,1786.1,4266.3,1803.2,4202.85,1816,4172.3,1789.15,4149.15,1759.9,4141.2,1727.55,4139.4,1702.55,4141.2,1675.75
1-146,Uninfected,No_comment,Polygon,18,3649.15,1573.9,3660.1,1573.3,3685.7,1567.2,3702.8,1567.8,3711.95,1573.9,3722.9,1585.5,3736.35,1598.3,3741.2,1625.15,3738.15,1646.5,3729.6,1663,3690.6,1686.15,3663.15,1684.9,3645.45,1674.55,3632.65,1663,3621.1,1641.6,3620.45,1618.45,3626.55,1600.8,3636.95,1584.9
1-147,Uninfected,No_comment,Polygon,20,3768.65,1622.7,3768.05,1628.85,3761.95,1656.85,3747.9,1673.95,3718.65,1692.85,3709.5,1700.2,3718.05,1716,3727.8,1725.15,3750.35,1734.35,3782.05,1731.3,3808.9,1720.3,3828.4,1709.35,3843.05,1694.65,3854.05,1671.5,3863.8,1644.65,3860.75,1628.85,3852.2,1617.85,3820.5,1605.65,3798.55,1604.4,3783.3,1609.95
1-148,Uninfected,No_comment,Polygon,22,3844.9,1698.95,3846.1,1707.45,3851,1722.7,3862.55,1737.4,3876.6,1752,3891.25,1764.2,3902.8,1780.05,3908.3,1802,3922.95,1809.9,3953.45,1805.7,3970.5,1792.85,3986.35,1776.4,3990.65,1764.2,3985.15,1745.3,3977.2,1730.65,3958.9,1717.85,3938.2,1704.4,3918.65,1681.3,3898.55,1665.4,3871.7,1662.35,3850.3,1664.75,3841.8,1681.8
1-149,Uninfected,No_comment,Polygon,17,4142.45,1847.1,4140.65,1850.8,4129.65,1870.3,4121.15,1888.6,4127.2,1903.85,4137,1919.1,4160.75,1938.6,4185.75,1950.2,4226,1958.15,4263.8,1939.25,4280.9,1913.6,4278.45,1892.9,4265.05,1872.75,4241.85,1859.3,4218.7,1844.7,4189.45,1841.65,4164.4,1840.4
1-150,Uninfected,No_comment,Polygon,17,3835.1,1746.55,3843.05,1752,3862.55,1762.4,3877.8,1778.8,3886.95,1793.5,3881.45,1826.4,3865.6,1841.65,3805.25,1851.4,3791.2,1847.1,3766.2,1830.05,3752.8,1816.65,3744.85,1795.3,3752.2,1778.2,3774.75,1753.2,3785.1,1747.7,3809.5,1745.9,3818.65,1747.7
1-151,Uninfected,No_comment,Polygon,18,3938.2,1866.65,3932.1,1872.1,3929.05,1884.95,3934.5,1900.8,3942.45,1924,3951,1944.1,3968.65,1966.05,3979.05,1978.85,3996.7,1994.7,4019.9,1999.55,4048.55,1988.6,4063.8,1977.6,4076.6,1957.5,4069.3,1924.55,4056.5,1902.05,4034.55,1878.85,4004.05,1866.65,3978.45,1865.4
1-152,Uninfected,No_comment,Polygon,17,3865,2349.6,3863.15,2342.85,3865.6,2319.7,3874.15,2310.55,3887.5,2302.65,3916.85,2294.1,3943.05,2292.85,3959.5,2295.9,3985.1,2309.95,3997.95,2322.75,4020.5,2353.85,4031.45,2377,4029.05,2388.6,3994.9,2411.8,3940.6,2409.95,3894.25,2380.7,3874.75,2364.2
1-153,Uninfected,No_comment,Polygon,19,3755.85,2216.05,3758.9,2220.9,3776.55,2247.15,3789.35,2263,3800.95,2273.95,3828.35,2281.3,3855.25,2276.4,3889.4,2270.9,3911.95,2252,3919.85,2238.6,3915,2222.75,3899.15,2211.75,3875.35,2200.8,3838.75,2191.65,3819.2,2183.1,3797.25,2180.05,3780.85,2181.9,3765,2188.6,3758.25,2196.5
1-154,Uninfected,No_comment,Polygon,19,3965,2175.8,3955.8,2194.1,3960.75,2217.85,3968.05,2233.7,3980.25,2244.7,4013.8,2257.5,4033.3,2261.15,4065,2255.65,4096.1,2245.3,4105.25,2230.65,4104.65,2212.35,4096.7,2194.7,4085.15,2178.2,4071.1,2163.6,4056.45,2154.45,4029.05,2149.55,3999.75,2152,3986.35,2161.75,3973.55,2168.45
1-155,Uninfected,No_comment,Polygon,15,4079.05,2126.4,4086.95,2138.6,4098.55,2154.45,4110.15,2165.4,4124.15,2170.9,4141.25,2172.75,4164.4,2166.05,4185.15,2141.65,4186.95,2130.05,4180.25,2100.8,4169.3,2086.15,4147.95,2072.1,4122.35,2069.05,4092.4,2080.05,4079.05,2104.45
1-156,Uninfected,No_comment,Polygon,21,3778.4,2108.7,3777.8,2116.65,3785.05,2136.75,3795.45,2149.55,3816.8,2161.75,3847.9,2172.15,3874.15,2179.45,3888.75,2188,3904,2195.3,3913.8,2197.15,3935.75,2190.4,3941.2,2172.75,3940.6,2154.45,3934.5,2134.3,3925.95,2123.95,3910.1,2112.95,3889.4,2103.2,3860.7,2094.05,3840.6,2087.35,3801.55,2089.2,3786.3,2098.35
1-157,Uninfected,No_comment,Polygon,17,3853.35,2004.45,3849.75,2008.7,3847.9,2028.2,3853.35,2047.1,3861.95,2062.95,3877.8,2076.4,3902.8,2086.15,3926.6,2089.8,3944.25,2088.6,3965.6,2081.85,3982.1,2062.95,3984.5,2036.15,3968.05,2008.1,3941.2,1990.4,3911.35,1985.5,3874.75,1992.25,3864.4,1995.3
1-158,Uninfected,No_comment,Polygon,17,3772.3,1970.9,3783.9,1977,3794.85,1986.75,3807.05,1998.95,3819.85,2026.4,3821.1,2044.65,3808.9,2062.95,3771.1,2072.75,3743.05,2061.15,3718.65,2046.5,3703.4,2032.5,3693,2010.55,3688.15,1989.2,3697.3,1975.75,3711.95,1969.05,3736.95,1967.85,3753.95,1972.1
1-159,Uninfected,No_comment,Polygon,20,3813.75,1872.7,3822.25,1870.25,3835.7,1862.35,3869.25,1862.95,3888.15,1865.4,3900.35,1878.8,3910.1,1896.5,3921.1,1921.5,3927.2,1944.05,3937.55,1958.7,3941.2,1969.65,3922.9,1978.2,3892.45,1972.1,3865,1968.45,3852.8,1961.75,3833.3,1948.95,3819.85,1932.45,3809.5,1909.3,3807.65,1887.95,3808.3,1877.6
1-160,Uninfected,No_comment,Polygon,20,3665.6,1867.85,3665.6,1878.2,3663.7,1902.6,3662.55,1919.65,3677.15,1936.15,3697.3,1942.25,3728.4,1950.15,3750.95,1948.3,3768.05,1943.45,3780.25,1939.8,3787.55,1930.05,3788.1,1903.8,3783.3,1886.75,3772.9,1866.6,3761.95,1858.7,3744.25,1848.9,3718.05,1839.8,3688.7,1846.5,3672.9,1851.95,3665.6,1862.95
1-161,Uninfected,No_comment,Polygon,18,3535.1,1848.3,3529.6,1855,3522.9,1881.85,3523.5,1905.65,3530.15,1924.55,3545.45,1937.95,3582.65,1954.4,3602.75,1952,3621.65,1946.5,3635.7,1935.5,3647.9,1912.35,3647.3,1884.9,3646.7,1863.55,3632.6,1841.6,3603.4,1826.95,3565.55,1828.2,3550.35,1837.35,3541.8,1843.45
1-162,Uninfected,No_comment,Polygon,22,2997.1,2085.1,3008.2,2085.9,3020.1,2091.45,3028.85,2101.8,3028.85,2114.5,3028.85,2127.2,3032.05,2142.25,3037.6,2153.35,3043.15,2171.65,3042.3,2187.5,3032.05,2201,3010.55,2211.3,2987.6,2213.7,2965.35,2212.1,2950.3,2204.95,2935.2,2191.45,2924.1,2166.85,2925.65,2137.5,2932,2112.1,2939.15,2105.75,2958.2,2097.8,2969.35,2093.85
1-163,Uninfected,No_comment,Polygon,27,3048.65,2097,3043.15,2105.75,3043.15,2120.05,3053.45,2150.2,3058.2,2164.5,3069.35,2181.15,3076.5,2189.1,3088.4,2197.8,3101.9,2202.6,3117.75,2201,3132.05,2196.25,3143.15,2191.45,3155.05,2185.9,3164.6,2178.75,3173.3,2168.45,3182.05,2151.8,3183.65,2128.75,3177.3,2112.9,3168.55,2101.8,3157.45,2087.5,3147.1,2077.95,3136.8,2074,3109.8,2072.4,3085.2,2072.4,3074.05,2074.8,3064.55,2079.55,3059,2086.7
1-164,Uninfected,No_comment,Polygon,24,3236.8,2074,3236.8,2077.2,3236,2090.65,3238.4,2110.5,3243.95,2124,3259.85,2143.05,3270.1,2149.4,3283.65,2154.15,3298.7,2157.35,3317.75,2159.7,3333.6,2152.6,3348.75,2141.45,3358.25,2131.15,3365.35,2119.25,3367.8,2104.95,3367.8,2090.65,3360.65,2077.95,3349.5,2067.65,3334.45,2052.55,3324.1,2044.65,3308.2,2041.45,3285.25,2043.85,3259.85,2047,3244.7,2058.15
1-165,Uninfected,No_comment,Polygon,21,3209.85,1961.3,3215.4,1956.55,3226.5,1947,3245.55,1936.7,3265.4,1924.8,3276.45,1922.4,3304.3,1923.2,3323.35,1923.2,3345.55,1935.9,3359,1949.4,3371.7,1970,3364.6,1989.85,3351.9,2007.35,3332.05,2024.8,3307.45,2029.55,3269.35,2032.75,3249.5,2030.35,3234.45,2018.45,3220.95,2004.15,3212.2,1993.85,3206.65,1979.55
1-166,Uninfected,No_comment,Polygon,23,2905.85,2064.5,2905.85,2064.5,2930.45,2077.95,2944.7,2080.35,2963,2081.95,2986,2074,3001.05,2062.1,3012.2,2051.8,3020.1,2035.9,3022.5,2020.8,3020.9,2005.75,3009,1985.1,2998.7,1974,2984.4,1962.9,2956.65,1956.55,2936,1962.1,2915.35,1970,2898.7,1982.7,2892.35,1993.85,2886.8,2015.25,2886.8,2031.95,2889.95,2045.45,2897.1,2058.15
1-167,Uninfected,No_comment,Polygon,21,2866.95,1900.15,2871.7,1910.5,2879.65,1918.45,2891.55,1930.35,2905.05,1942.25,2916.15,1949.4,2935.2,1953.35,2966.95,1953.35,2977.25,1953.35,2993.95,1947,3004.2,1937.5,3011.4,1918.45,3014.55,1900.15,3001.85,1881.1,2986.8,1862.85,2970.1,1854.15,2944.7,1848.6,2915.35,1851.75,2896.3,1862.85,2875.65,1878.75,2868.5,1886.7
1-168,Uninfected,No_comment,Polygon,20,3082.05,1903.35,3082.05,1909.7,3087.6,1927.95,3097.9,1943.85,3113,1955.75,3130.45,1966.05,3151.9,1966.85,3178.1,1962.9,3197.15,1953.35,3209.05,1935.1,3213,1916.05,3214.6,1892.25,3209.05,1872.4,3196.35,1854.95,3181.25,1844.6,3159.05,1842.25,3131.25,1843.8,3108.25,1854.95,3089.2,1868.4,3085.2,1884.3
1-169,Uninfected,No_comment,Polygon,21,3330.45,1826.35,3342.4,1813.65,3357.45,1797,3373.35,1786.65,3393.2,1786.65,3418.6,1792.25,3435.25,1797.8,3453.5,1808.9,3464.6,1820,3475.75,1834.3,3480.5,1851.75,3481.3,1869.2,3459.85,1898.6,3440.8,1906.5,3394.75,1912.1,3363,1907.3,3339.2,1894.6,3320.15,1877.15,3309.85,1859.7,3309.05,1847.8,3316.2,1838.25
1-170,Uninfected,No_comment,Polygon,21,3239.2,1834.3,3260.6,1840.65,3278.1,1839.85,3298.7,1830.35,3312.2,1820.8,3324.9,1808.9,3339.2,1798.6,3351.9,1785.1,3356.65,1770.8,3355.85,1756.5,3341.6,1740.65,3317.75,1728.75,3293.95,1727.95,3267.75,1727.95,3227.3,1734.3,3212.2,1747,3205.85,1765.25,3204.25,1788.25,3213.8,1804.95,3224.9,1819.2,3232.85,1826.35
1-171,Uninfected,No_comment,Polygon,21,2852.6,1992.25,2861.4,1985.1,2866.15,1966.85,2870.9,1950.2,2870.9,1936.7,2861.4,1919.2,2851.05,1908.1,2834.4,1899.4,2814.5,1894.6,2794.7,1889.05,2776.4,1889.85,2761.35,1899.4,2751,1912.1,2740.75,1926.35,2739.95,1947,2743.9,1969.25,2752.65,1985.9,2762.15,1996.2,2790.75,2006.55,2814.5,2006.55,2837.55,2004.95
1-172,Uninfected,No_comment,Polygon,17,2476.4,2039.1,2481.15,2044.65,2493.85,2065.3,2494.65,2081.95,2489.1,2099.45,2478.75,2120.05,2470.8,2133.55,2441.5,2149.4,2414.45,2142.25,2400.2,2132.75,2383.5,2120.05,2376.35,2094.65,2374.8,2078,2383.5,2059.7,2399.4,2040.65,2430.35,2031.15,2446.2,2028.75
1-173,Uninfected,No_comment,Polygon,18,2302.6,2051,2325.55,2062.9,2336.7,2063.7,2350.95,2061.3,2374.8,2050.2,2392.25,2033.55,2403.4,2009.7,2404.95,1986.7,2393.05,1970.85,2381.15,1959.7,2358.95,1948.65,2342.25,1946.2,2323.2,1948.65,2303.35,1963.7,2287.45,1979.6,2285.9,1993.85,2282.7,2012.1,2292.25,2029.55
1-174,Uninfected,No_comment,Polygon,19,2459.7,2012.9,2470.05,2016.85,2485.1,2016.05,2510.5,2012.1,2522.4,2004.15,2539.9,1983.55,2542.25,1959.7,2539.9,1940.65,2527.2,1914.45,2512.05,1903.4,2482.75,1893.05,2463.7,1894.65,2431.95,1912.1,2416.9,1927.15,2408.1,1944.65,2415.25,1970.85,2422.45,1984.3,2438.3,2002.6,2449.4,2011.35
1-175,Uninfected,No_comment,Polygon,17,2580.35,2050.2,2587.55,2056.55,2612.95,2066.85,2626.4,2069.25,2657.4,2065.3,2683.55,2043.85,2691.5,2022.4,2693.85,1994.65,2683.55,1976.4,2666.1,1964.5,2641.5,1953.35,2621.65,1952.55,2592.25,1962.9,2576.4,1975.6,2566.85,1993.05,2568.5,2012.9,2569.25,2031.15
1-176,Uninfected,No_comment,Polygon,16,2227.1,1828.75,2235.1,1839.05,2247,1849.4,2269.2,1854.15,2296.25,1848.6,2319.2,1835.9,2334.35,1810.5,2335.9,1787.45,2326.35,1765.25,2314.45,1753.35,2299.4,1742.25,2267.65,1732.75,2249.35,1736.7,2231.9,1750.15,2216.85,1788.25,2220.05,1813.65
1-177,Uninfected,No_comment,Polygon,19,2408.9,1822.4,2412.9,1826.35,2427.95,1837.5,2441.5,1843.05,2462.1,1841.45,2474.8,1835.1,2497,1823.2,2509.7,1805.75,2510.5,1781.1,2505,1761.3,2496.2,1750.15,2483.5,1737.45,2464.45,1721.6,2449.4,1715.25,2431.15,1721.6,2413.7,1738.25,2402.55,1752.55,2398.6,1779.55,2399.4,1808.95
1-178,Uninfected,No_comment,Polygon,18,2481.15,1720.05,2489.85,1727.15,2497,1735.9,2508.15,1747.8,2520.05,1755.75,2549.45,1749.4,2562.9,1739.1,2580.35,1724,2589.9,1708.9,2587.55,1689.85,2577.2,1670.8,2565.3,1655.7,2543.1,1644.65,2521.6,1647,2501,1654.9,2479.6,1675.6,2475.6,1689.1,2478.75,1705.7
1-179,Uninfected,No_comment,Polygon,20,2336.7,1650.2,2340.7,1653.35,2358.95,1662.9,2372.45,1669.25,2394.65,1673.2,2412.1,1664.45,2427.95,1648.55,2439.1,1629.5,2444.65,1612.1,2443.85,1580.35,2431.95,1566,2418.45,1558.1,2379.55,1552.55,2361.3,1550.15,2340.7,1562.1,2324,1577.15,2313.65,1590.65,2315.3,1608.1,2327.15,1627.95,2333.5,1641.45
1-180,Uninfected,No_comment,Polygon,19,2158.1,1648.55,2162.9,1652.55,2178.75,1665.25,2190.65,1677.95,2203.35,1692.25,2220.75,1699.35,2247.8,1694.65,2271.6,1676.4,2280.35,1668.4,2288.25,1647,2289.05,1625.6,2277.2,1604.1,2263.65,1587.5,2226.4,1577.95,2197.8,1579.5,2170.8,1592.2,2158.1,1600.95,2150.2,1618.45,2151.75,1631.95
1-181,Uninfected,No_comment,Polygon,20,2098.55,1646.2,2112.9,1647,2140.65,1654.15,2155.7,1666.05,2169.25,1675.6,2181.1,1691.45,2189.85,1712.85,2189.1,1730.35,2174.75,1751.8,2159.7,1766.85,2123.15,1766.05,2081.15,1751.8,2065.25,1741.45,2056.5,1729.55,2053.3,1712.85,2053.3,1695.45,2053.3,1677.15,2064.45,1664.45,2073.15,1658.1,2088.25,1653.35
1-182,Uninfected,No_comment,Polygon,21,2755.8,1796.25,2749.45,1800.95,2741.55,1812.1,2743.1,1825.6,2755,1839.9,2769.3,1853.4,2783.55,1863.7,2805.8,1873.25,2831.2,1874.8,2870.1,1867.65,2879.65,1856.55,2883.6,1834.35,2878.8,1823.2,2870.9,1813.65,2855.8,1803.4,2843.1,1796.25,2826.45,1789.9,2811.35,1781.9,2799.45,1778.75,2781.2,1779.55,2762.95,1784.35
1-183,Uninfected,No_comment,Polygon,20,2801.05,1739.9,2795.45,1752.6,2805.8,1765.3,2824.05,1778.75,2843.9,1786.7,2866.1,1790.7,2917.75,1781.15,2930.45,1770.85,2939.15,1754.15,2939.15,1728.75,2936.8,1711.3,2928.8,1696.2,2912.95,1681.95,2896.3,1674.75,2878,1667.7,2844.7,1677.95,2822.5,1688.3,2812.15,1699.45,2805.8,1712.05,2802.6,1724.75
1-184,Uninfected,No_comment,Polygon,18,2828.85,1538.25,2841.55,1531.9,2862.15,1525.55,2897.05,1526.35,2913.75,1533.5,2930.45,1550.2,2943.15,1578.75,2944.7,1602.55,2934.4,1619.25,2918.55,1633.5,2896.3,1645.4,2859.75,1647.8,2847.9,1638.3,2838.35,1623.2,2825.65,1604.15,2815.3,1574,2814.5,1556.55,2818.5,1543.85
1-185,Uninfected,No_comment,Polygon,22,2331.95,1323.15,2331.15,1331.1,2329.6,1339.85,2324.8,1356.5,2332.75,1375.55,2343.05,1389.1,2370.85,1391.45,2382.75,1387.45,2397.8,1379.5,2431.95,1364.4,2440.7,1359.7,2441.45,1347,2434.35,1332.65,2426.4,1323.15,2425.6,1297,2420.85,1289.05,2406.35,1277.35,2391.3,1268.55,2369.9,1275.75,2358,1285.25,2342.85,1298.75,2334.95,1309.85
1-186,Uninfected,No_comment,Polygon,21,2416.05,1381.9,2425.6,1377.95,2449.45,1371.6,2470.85,1375.55,2483.55,1381.1,2493.9,1389.8,2497.85,1404.15,2488.35,1421.55,2474,1435.9,2458.95,1450.95,2449.45,1461.3,2441.45,1472.35,2430.4,1485.9,2405.8,1490.6,2381.15,1480.35,2362.9,1448.6,2359.7,1438.25,2359.7,1416.05,2368.45,1404.15,2382.75,1393,2401,1386.65
1-187,Uninfected,No_comment,Polygon,21,2454.95,1500.15,2454.95,1504.95,2457.35,1516,2474,1538.25,2485.15,1543.85,2501.8,1548.6,2519.3,1554.1,2539.9,1550.95,2554.2,1540.65,2565.3,1524,2574,1500.15,2578.8,1478.7,2576.45,1456.5,2565.3,1440.6,2552.6,1429.55,2539.1,1423.2,2515.3,1428.75,2502.6,1432.7,2489.1,1443.8,2474,1461.3,2462.95,1474
1-188,Uninfected,No_comment,Polygon,21,2435.1,1300.15,2434.35,1304.9,2437.55,1322.4,2442.25,1331.1,2454.95,1344.6,2470.05,1357.3,2491.5,1366.85,2508.95,1365.25,2533.55,1355.7,2543.05,1342.2,2543.9,1320.8,2536.7,1305.7,2525.65,1287.45,2508.95,1273.95,2493.9,1254.9,2483.55,1244.55,2474.85,1240.6,2467.65,1239.85,2451,1261.25,2443.1,1277.15,2438.3,1285.85
1-189,Uninfected,No_comment,Polygon,15,2571.65,1320.8,2576.45,1315.25,2603.4,1300.15,2635.15,1295.4,2678.8,1316.8,2689.95,1329.5,2694.65,1346.2,2691.5,1361.25,2669.25,1389.1,2647.05,1406.5,2600.2,1409.7,2585.95,1398.55,2575.65,1377.1,2566.1,1348.55,2566.1,1331.1
1-190,Uninfected,No_comment,Polygon,15,2793.1,1471.55,2801.05,1477.9,2821.65,1481.1,2847.05,1483.5,2870.9,1471.55,2879.65,1442.25,2874.85,1415.2,2868.5,1394.6,2855.05,1377.1,2835.2,1362.85,2797.1,1367.6,2781.2,1381.9,2773.3,1404.15,2772.5,1431.9,2782.75,1449.35
1-191,Uninfected,No_comment,Polygon,16,2892.35,1464.45,2895.5,1476.35,2906.6,1494.6,2928.8,1508.1,2966.15,1510.45,2992.3,1494.6,3005,1470.8,3004.25,1436.65,3000.3,1408.85,2983.6,1387.45,2963.75,1372.4,2939.95,1365.25,2907.4,1369.2,2893.9,1379.5,2891.5,1400.95,2893.15,1418.4
1-192,Parasitized,No_comment,Polygon,20,2707.35,1637.5,2707.35,1637.5,2716.9,1647,2737.55,1660.5,2755,1674.75,2774.85,1685.1,2797.9,1683.5,2828.85,1666.05,2837.55,1655,2835.2,1641.45,2824.85,1629.55,2813.75,1616.05,2805,1588.3,2801.05,1574,2789.9,1562.1,2758.95,1550.95,2742.3,1559.7,2724.05,1573.15,2712.95,1592.2,2706.6,1608.9
1-193,Parasitized,No_comment,Polygon,16,2701.8,1669.25,2724.85,1678.75,2747.9,1687.45,2769.3,1719.2,2770.1,1747.8,2759.8,1769.2,2747.9,1781.15,2718.5,1791.45,2685.95,1793.85,2662.9,1781.15,2647.85,1767.65,2637.5,1749.4,2634.35,1726.4,2639.95,1706.5,2653.4,1690.65,2678.05,1667.7
1-194,Uninfected,No_comment,Polygon,18,3068.55,1670.05,3080.4,1671.6,3113.75,1668.4,3132.05,1667.6,3146.3,1656.55,3165.35,1639.05,3168.5,1623.2,3163.8,1599.4,3157.45,1585.45,3143.95,1574.8,3128.85,1568.45,3093.95,1566.8,3069.3,1568.45,3047.1,1579.5,3034.4,1596.2,3032.8,1615.25,3039.95,1634.3,3049.5,1651
1-195,Uninfected,No_comment,Polygon,16,3243.9,1704.95,3255.85,1710.5,3278.85,1711.3,3309.85,1720.05,3332.8,1714.5,3353.5,1703.35,3363.75,1690.65,3355.05,1652.55,3342.35,1635.1,3319.3,1618.45,3293.15,1607.3,3259.8,1604.15,3243.15,1617.6,3235.2,1636.65,3232.85,1655.7,3239.2,1679.55
1-196,Uninfected,No_comment,Polygon,19,3391.6,1658.9,3400.3,1654.9,3423.35,1643,3439.2,1636.65,3459.8,1640.65,3485.2,1643.85,3504.25,1656.55,3516.15,1667.6,3522.5,1681.95,3520.95,1697,3514.6,1716.85,3504.25,1735.9,3484.4,1747,3457.45,1757.3,3415.35,1745.45,3399.5,1731.9,3383.6,1701.8,3382.05,1684.3,3387.6,1662.05
1-197,Uninfected,No_comment,Polygon,19,3183.6,1550.95,3195.55,1546.2,3205.8,1540.65,3212.95,1530.35,3218.5,1517.65,3222.5,1504.95,3214.6,1483.5,3201.1,1466.85,3175.7,1455.7,3139.95,1450.15,3119.35,1444.6,3105,1447.8,3101.05,1450.95,3099.45,1470,3104.2,1485.9,3115.35,1508.9,3124.05,1527.95,3139.95,1545.4,3159,1557.3
1-198,Uninfected,No_comment,Polygon,19,3321.75,1566.8,3327.25,1559.7,3343.95,1550.2,3370.9,1542.25,3400.3,1538.25,3431.25,1540.65,3451.9,1552.55,3467.8,1572.4,3474.15,1594.6,3465.35,1611.25,3443.95,1624.8,3417.75,1636.65,3397.15,1639.85,3381.25,1641.45,3364.55,1630.3,3344.7,1613.65,3328.85,1604.9,3317.75,1595.4,3313.75,1578.75
1-199,Uninfected,No_comment,Polygon,17,3455.1,1532.7,3459.8,1537.5,3472.5,1548.6,3483.65,1561.3,3513,1577.15,3548.7,1590.65,3569.4,1586.7,3594,1574.8,3604.25,1558.9,3606.7,1536.7,3605.05,1510.45,3598.7,1489.05,3580.45,1477.15,3562.25,1474.75,3509.8,1477.15,3476.5,1491.4,3461.45,1503.3
1-200,Uninfected,No_comment,Polygon,17,3475.7,1345.35,3467,1358.05,3465.35,1370.75,3470.15,1394.6,3485.2,1417.6,3502.7,1429.55,3538.4,1439.05,3566.2,1443,3585.2,1433.45,3600.35,1413.65,3601.9,1395.35,3601.9,1372.4,3591.55,1349.35,3570.95,1326.3,3536.85,1313.6,3509.05,1322.35,3486.05,1335.85
1-201,Uninfected,No_comment,Polygon,18,3393.15,1398.55,3428.05,1402.5,3440.75,1409.7,3461.45,1423.95,3468.55,1443.8,3468.55,1464.45,3452.65,1483.5,3439.2,1496.95,3420.15,1512.1,3395.5,1516.8,3366.95,1510.45,3330.45,1496.95,3316.95,1479.55,3310.6,1457.3,3316.95,1435.9,3328.1,1422.4,3347.9,1408.85,3363.75,1401.7
1-202,Uninfected,No_comment,Polygon,15,3182.05,1410.5,3183.6,1418.4,3192.35,1437.45,3209.8,1452.5,3249.5,1471.55,3273.3,1474,3301.05,1443,3309.85,1424.75,3309.05,1405.7,3295.5,1378.75,3284.45,1368.4,3244.7,1349.35,3217.75,1347,3201.9,1362.85,3185.2,1381.9
1-203,Uninfected,No_comment,Polygon,16,3129.65,1285.85,3148.7,1302.5,3159.8,1316.8,3162.15,1333.5,3154.25,1366,3125.7,1392.2,3100.3,1396.95,3073.25,1392.2,3050.3,1377.1,3036.8,1357.25,3032,1333.5,3033.6,1311.25,3042.3,1297.75,3066.15,1282.7,3087.6,1273.9,3114.55,1277.9
1-204,Uninfected,No_comment,Polygon,18,2970.9,1258.05,2978.8,1265.2,2993.15,1271.55,3024.1,1273.15,3039.95,1269.95,3059.8,1256.45,3069.35,1243.75,3071.7,1229.45,3062.2,1193.75,3050.3,1177.1,3036.8,1166.75,2999.5,1164.4,2982,1168.35,2965.3,1176.3,2946.3,1198.5,2940.7,1211.2,2942.35,1223.9,2954.25,1240.6
1-205,Uninfected,No_comment,Polygon,14,3155.05,1171.55,3169.35,1179.45,3197.1,1185.05,3228.85,1189,3254.25,1180.25,3275.65,1164.4,3281.25,1135.8,3277.3,1109.6,3262.95,1085.8,3224.1,1080.3,3192.35,1076.3,3168.5,1090.55,3155.05,1109.6,3146.3,1135
1-206,Uninfected,No_comment,Polygon,17,3154.25,1009.6,3160.6,1017.55,3174.85,1030.25,3197.9,1043.75,3229.65,1049.3,3263.75,1050.1,3286,1038.2,3302.7,987.4,3303.5,969.15,3293.15,952.45,3278.85,943.75,3253.45,935,3225.65,935,3197.1,948.5,3183.65,958,3169.35,970.7,3157.45,985.8
1-207,Uninfected,No_comment,Polygon,17,3293.15,910.4,3295.5,914.35,3305.05,927.85,3318.55,940.55,3339.15,947.7,3358.2,944.5,3368.55,934.2,3379.7,922.3,3394.75,908,3397.15,890.55,3394.75,864.35,3385.25,850.85,3364.55,841.35,3339.95,842.95,3315.4,860.4,3300.3,874.7,3289.15,891.35
1-208,Uninfected,No_comment,Polygon,15,3243.15,711.15,3248.7,704.8,3258.25,691.3,3270.95,678.6,3300.3,670.7,3335.25,681,3347.95,694.5,3362.2,730.2,3352.65,759.6,3336.8,780.2,3309.05,789,3274.9,779.45,3253.45,772.3,3235.2,754.05,3230.45,733.4
1-209,Uninfected,No_comment,Polygon,17,2924.1,1104.05,2917.75,1098.5,2907.4,1078.65,2916.15,1054.05,2927.25,1041.35,2966.1,1027.85,2994.7,1035.85,3012.95,1047.7,3028.8,1061.25,3035.95,1081.85,3030.45,1104.05,3018.55,1124.7,3001.05,1137.4,2966.95,1147.7,2949.5,1140.6,2935.2,1128.65,2925.65,1115.2
1-210,Uninfected,No_comment,Polygon,16,2690.75,1304.1,2695.5,1309.65,2707.4,1319.95,2731.2,1331.1,2761.4,1334.3,2784.4,1319.95,2798.7,1298.55,2804.25,1269.95,2802.65,1250.9,2789.15,1236.6,2731.2,1218.35,2719.3,1223.15,2701.85,1231.05,2688.35,1246.15,2683.6,1260.45,2685.2,1278.7
1-211,Uninfected,No_comment,Polygon,16,2535.95,1272.35,2542.3,1276.3,2561.35,1281.85,2588.35,1282.7,2628.85,1260.45,2637.55,1244.55,2635.95,1214.4,2624.05,1183.45,2612.15,1171.55,2585.15,1163.6,2561.35,1165.2,2545.5,1171.55,2528.8,1187.4,2516.9,1208.85,2521.65,1231.05,2525.65,1258.1
1-212,Uninfected,No_comment,Polygon,18,2338.3,1150.15,2335.15,1141.4,2330.4,1127.9,2347.05,1116.75,2378.8,1108.05,2410.55,1112.8,2447.85,1138.2,2460.55,1154.85,2460.55,1185.8,2452.6,1212.8,2436.75,1229.5,2408.75,1237.7,2393.65,1232.1,2383.35,1214.65,2376.15,1197.25,2363.45,1179,2353.95,1163.85,2345.45,1150.15
1-213,Uninfected,No_comment,Polygon,20,2536.75,1124.75,2532.8,1119.15,2526.45,1104.85,2525.65,1092.15,2535.95,1076.3,2552.65,1049.35,2575.65,1037.4,2598.65,1028.65,2628.85,1030.3,2644.7,1037.4,2663.75,1054.05,2678.85,1076.3,2679.6,1096.15,2670.1,1119.15,2659.8,1146.95,2649.45,1166,2633.6,1173.9,2616.15,1162.85,2577.25,1146.15,2552.65,1137.45
1-214,Uninfected,No_comment,Polygon,18,2675.65,1198.5,2682,1204.1,2700.25,1204.85,2731.2,1199.3,2761.4,1200.95,2786.8,1212.8,2799.5,1216.8,2823.3,1207.3,2831.25,1186.6,2827.25,1165.2,2810.6,1152.5,2794.7,1139,2746.3,1129.45,2721.7,1129.45,2697.9,1127.9,2678.85,1133.45,2666.95,1150.15,2664.55,1169.2
1-215,Uninfected,No_comment,Polygon,16,2732,1108.05,2743.1,1116,2778.85,1117.55,2799.5,1111.2,2809.8,1090.6,2820.9,1065.2,2816.95,1042.2,2801.85,1014.4,2774.85,999.3,2731.2,996.9,2716.95,1004.05,2705.8,1021.5,2699.45,1036.65,2697.1,1061.25,2706.6,1084.25,2715.35,1096.15
1-216,Uninfected,No_comment,Polygon,16,2809.8,998.4,2822.5,1003.2,2840.75,1008,2864.55,1007.2,2893.15,981.8,2905.05,952.4,2903.45,919.9,2891.55,891.25,2874.9,873.05,2848.7,864.3,2820.9,868.3,2805.8,878.55,2789.15,895.25,2775.65,919.1,2772.5,961.15,2781.2,980.2
1-217,Uninfected,No_comment,Polygon,16,2533.55,680.95,2534.35,680.95,2554.2,688.9,2566.9,699.2,2581.2,713.45,2593.1,735.75,2595.5,760.35,2585.15,783.3,2564.55,800,2534.35,805.6,2502.6,792.9,2485.95,765.1,2476.4,735.75,2481.2,711.9,2492.3,696.05,2505.8,686.5
1-218,Uninfected,No_comment,Polygon,14,2618.5,721.45,2614.55,741.3,2617.7,765.1,2631.2,786.55,2648.65,800,2685.15,804.8,2723.25,787.3,2739.95,769.9,2739.95,738.85,2727.25,717.45,2709,702.4,2678.05,694.4,2659,692.05,2638.35,699.2
1-219,Uninfected,No_comment,Polygon,14,2696.3,674.6,2702.65,684.15,2726.45,701.6,2746.3,715.1,2768.5,714.3,2786.75,678.6,2777.25,648.4,2765.35,615.9,2752.65,588.1,2724.05,570.65,2702.65,567.5,2685.95,588.9,2681.2,615.1,2685.15,641.3
1-220,Uninfected,No_comment,Polygon,18,2807.4,701.6,2811.4,707.1,2827.25,719.8,2840.75,720.65,2866.95,711.1,2880.45,696.05,2893.95,668.25,2896.3,637.25,2896.3,616.65,2882.8,584.15,2865.35,569.85,2848.7,556.35,2816.15,551.6,2804.25,555.5,2793.9,571.45,2793.1,592.8,2793.9,615.9,2805.05,664.3
1-221,Uninfected,No_comment,Polygon,14,2866.15,757.2,2867.75,766.7,2880.45,784.15,2902.65,797.65,2928.85,800,2954.25,784.95,2967.75,764.25,2967.75,743.65,2955.05,715.1,2943.15,701.6,2923.3,698.4,2892.35,704.75,2882.8,711.9,2873.3,724.6
1-222,Uninfected,No_comment,Polygon,19,3003.45,750.85,3009,762.7,3023.3,779.4,3039.2,794.45,3070.15,802.35,3101.9,793.65,3133.65,775.4,3147.9,748.45,3151.9,727,3143.95,712.7,3133.65,697.65,3121.75,684.95,3114.6,676.2,3099.5,670.65,3081.25,673.8,3043.95,693.65,3026.5,704.75,3010.6,719.05,2999.5,735.75
1-223,Uninfected,No_comment,Polygon,21,2908.2,676.2,2908.2,677,2916.95,687.3,2943.95,693.65,2959,692.05,2973.3,707.95,2983.6,726.15,2993.15,742.1,3011.35,742.95,3046.2,719.15,3053.4,708,3065.25,692.15,3070.15,669,3065.35,656.3,3043.95,649.2,3024.9,645.25,3003.45,634.15,2986,625.35,2964.55,624.55,2939.95,634.15,2921.7,648.4
1-224,Uninfected,No_comment,Polygon,14,3118.55,645.25,3124.1,653.2,3138.4,677,3159.05,683.35,3186.8,679.35,3220.95,662.65,3231.25,638.9,3228.1,612.65,3217.75,589.7,3192.35,577,3175.7,573.75,3154.25,583.35,3139.2,599.15,3129.65,611.85
1-225,Uninfected,No_comment,Polygon,15,2991.55,599.95,3002.65,612.65,3019.35,625.35,3045.55,637.25,3066.15,640.5,3093.15,630.9,3108.25,615.9,3118.55,588.1,3116.95,561.15,3105.05,543.65,3084.4,530.1,3047.9,523.75,3024.9,522.2,3002.65,546.8,2991.55,562.7
1-226,Uninfected,No_comment,Polygon,15,2865.35,543.65,2872.5,549.15,2887.6,560.3,2908.2,573.75,2936,575.4,2963,564.3,2984.4,527,2986,501.6,2963,480.95,2928.05,466.6,2899.5,462.7,2878.05,473.8,2862.95,490.45,2859.8,508.7,2861.4,529.4
1-227,Uninfected,No_comment,Polygon,16,2898.7,408.7,2899.5,415.8,2912.95,439.65,2924.1,450.8,2962.2,464.25,2988.4,462.7,3021.7,450,3034.4,429.35,3046.3,402.35,3046.3,383.3,3027.25,369.05,3001.1,356.35,2966.15,343.65,2936.8,348.4,2916.95,357.9,2903.45,373
1-228,Uninfected,No_comment,Polygon,17,3057.45,415.8,3052.65,425.4,3042.35,449.2,3039.2,467.45,3045.55,489.65,3055.85,499.2,3071.7,509.5,3094.75,516.7,3118.55,517.4,3143.15,509.5,3155.05,487.3,3166.15,449.2,3174.9,419.05,3149.5,400.8,3124.1,384.85,3085.2,393.65,3069.35,400.8
1-229,Uninfected,No_comment,Polygon,16,3187.6,432.5,3178.1,446.8,3168.55,484.1,3165.4,509.5,3166.95,527,3181.25,540.45,3214.6,550,3232.85,548.45,3260.65,533.35,3272.55,512.7,3279.7,490.45,3267.75,457.9,3251.9,432.5,3236.8,423.8,3214.6,423.8,3201.9,429.35
1-230,Uninfected,No_comment,Polygon,19,2818.45,1097.35,2824.35,1081.2,2832.95,1069.4,2845.35,1064.55,2861.45,1061.85,2881.35,1063.45,2895.9,1070.45,2905.55,1082.85,2912.55,1101.1,2917.4,1117.8,2917.4,1135.5,2907.7,1152.75,2888.9,1165.1,2862.55,1166.15,2839.4,1158.15,2824.9,1144.1,2817.9,1129.05,2815.25,1115.65,2815.75,1107