252,5312,2988
4-1,Uninfected,No_comment,Polygon,19,2709.4,2836.7,2727.6,2843.5,2739.75,2854.9,2750.35,2866.25,2757.15,2882.15,2757.9,2895.1,2766.25,2920.1,2767,2930.65,2756.4,2954.2,2738.95,2975.35,2726.1,2979.2,2707.15,2976.85,2695.8,2970.05,2685.95,2959.5,2671.55,2934.5,2668.45,2915.5,2667,2892,2679.85,2864,2692.75,2839.75
4-2,Uninfected,No_comment,Polygon,21,2805.65,2945.8,2801.8,2935.2,2787.45,2898.85,2787.45,2885.25,2783.65,2860.25,2785.2,2838.95,2790.5,2816.3,2804.15,2777.6,2814.75,2771.6,2832.15,2771.6,2849.6,2786,2864.75,2800.35,2868.55,2840.55,2869.3,2864,2873.85,2879.95,2879.15,2897.3,2879.15,2907.9,2876.1,2934.5,2867.8,2947.3,2848.85,2959.5,2820.05,2955.65
4-3,Uninfected,No_comment,Polygon,19,2929.95,2802.45,2943.95,2807.7,2962.15,2814.15,2975.6,2824.7,2985.5,2831.7,3001.85,2846.3,3007.15,2853.9,3008.9,2864.45,3007.7,2887.25,2989.6,2907.15,2980.25,2913.55,2967.35,2924.45,2948.1,2931.5,2934,2926.95,2921.85,2918.65,2910.3,2903.3,2899.4,2880.8,2896.85,2854.55,2907.75,2815.4
4-4,Uninfected,No_comment,Polygon,15,3003.5,2808.85,2998.2,2789,2996.25,2772.55,3000.15,2752.35,3010.75,2735.35,3031.55,2719.45,3060.05,2718,3086.15,2733.9,3100.7,2759.05,3107.85,2794.3,3087.6,2830.55,3072.1,2841.15,3053.75,2843.15,3033,2837.8,3006.95,2818.05
4-5,Uninfected,No_comment,Polygon,18,2697.7,2637.3,2733.95,2636.4,2745.1,2642.6,2762.45,2652.3,2777.9,2674,2784.65,2687.55,2789,2703.5,2788.1,2722.8,2781.75,2734.9,2764.85,2765.35,2754.25,2773.55,2715.15,2782.7,2699.15,2779.35,2681.75,2768.2,2662.9,2749.45,2644.1,2720.4,2650.35,2676.5,2673.6,2651.8
4-6,Uninfected,No_comment,Polygon,19,3160.05,2809.75,3146.05,2782.3,3144.1,2768.75,3147,2754.2,3154.75,2721.85,3217.55,2718.95,3249.45,2728.15,3265.9,2741.15,3276.95,2757.1,3284.2,2775,3284.2,2803.95,3275.5,2824.25,3268.8,2838.3,3258.6,2848.4,3245.15,2855.65,3216.1,2853.8,3201.6,2848.4,3177.45,2837.35,3163.9,2818.95
4-7,Uninfected,No_comment,Polygon,19,2966.85,2650.35,2952.8,2637.3,2943.6,2618.95,2942.65,2597.75,2949,2585.65,2963.9,2577.4,3006.95,2569.2,3028.15,2572.55,3046.5,2582.25,3058.1,2591.9,3069.2,2616.05,3062.45,2648.4,3055.7,2660.5,3043.15,2671.1,3024.3,2676.9,3001.15,2676.9,2986.6,2671.1,2977.45,2663.4,2970.65,2656.6
4-8,Uninfected,No_comment,Polygon,23,3111.75,2704.95,3105.45,2697.7,3100.15,2677.4,3096.35,2658.6,3102.1,2641.15,3109.3,2627.65,3131.55,2616.55,3146.5,2609.75,3174.05,2605.9,3194.85,2611.7,3216.1,2619.4,3222.9,2628.6,3228.7,2643.6,3236.85,2663.85,3234.45,2683.7,3231.6,2692.9,3223.8,2702.05,3209.4,2707.35,3196.3,2709.75,3170.2,2711.2,3151.4,2711.2,3135.9,2711.2,3126.25,2711.7
4-9,Uninfected,No_comment,Polygon,15,3073.55,2526.25,3075,2505.9,3090,2485.6,3103.55,2477.4,3138.8,2470.65,3191.5,2487.6,3209.4,2508.8,3218,2532.45,3218,2562.4,3207.95,2574,3189.5,2582.25,3148.45,2580.3,3117.55,2574,3097.8,2560.55,3082.25,2543.6
4-10,Uninfected,No_comment,Polygon,22,2912.2,2521.35,2911.25,2513.6,2907.45,2495.75,2908.9,2483.65,2912.2,2466.3,2921.4,2454.2,2936.35,2425.7,2947,2417,2964.85,2416.5,2983.3,2423.3,3001.6,2434.85,3019.05,2448.95,3033.45,2480.3,3042.15,2520.4,3035.9,2532.95,3023.4,2546,3014.15,2551.35,2985.15,2556.6,2966.85,2552.75,2954.25,2550.35,2930.55,2541.15,2918.5,2530.6
4-11,Uninfected,No_comment,Polygon,19,2832,2431,2829.55,2424.25,2823.3,2401.05,2822.3,2379.3,2830,2354.15,2846.4,2329.55,2882.7,2322.75,2903.5,2328.1,2919.35,2342.1,2930.55,2364.85,2933.45,2390.85,2925.7,2416.5,2914.6,2436.8,2906.85,2451.3,2879.25,2475.45,2863.85,2474,2852.2,2469.2,2841.15,2455.65,2835.35,2444.5
4-12,Uninfected,No_comment,Polygon,26,2732.95,2371.55,2741.65,2361.95,2757.05,2356.15,2781.75,2363.85,2791.35,2370.6,2803.95,2384.65,2812.1,2400.05,2815,2414.6,2822.75,2431.45,2829.1,2448.9,2831.45,2458,2832.9,2471.1,2834.85,2483.65,2834.35,2490.9,2824.75,2513.1,2814.6,2519.4,2789.9,2527.65,2779.8,2523.75,2764.8,2516.5,2754.7,2507.85,2743.1,2494.3,2734.4,2482.2,2723.75,2463.8,2718.4,2447.9,2712.6,2423.7,2718.4,2398.15
4-13,Uninfected,No_comment,Polygon,19,2612.15,2287,2617,2281.2,2638.2,2271.1,2668.2,2273.45,2690.4,2285.55,2701.55,2298.6,2709.2,2323.75,2711.15,2344.95,2699.05,2386.5,2688,2400.05,2676.85,2408.3,2656.05,2417,2638.75,2417,2620.85,2410.25,2605.9,2399.15,2590.35,2381.75,2581.25,2334.85,2590.35,2320.85,2602.45,2301.05
4-14,Uninfected,No_comment,Polygon,15,2663.3,2508.3,2704.85,2504.4,2727.6,2512.2,2740.6,2521.35,2752.25,2533.85,2759.05,2555.15,2752.25,2593.3,2735.35,2603,2707.35,2615.1,2690.4,2611.65,2651.75,2597.2,2643.55,2585.15,2636.75,2562.4,2637.3,2530.95,2646.9,2517.45
4-15,Uninfected,No_comment,Polygon,18,2574.95,2437.8,2603,2441.6,2618.45,2457.1,2627.55,2476.45,2631,2492.85,2629.55,2502.45,2625.2,2547.4,2618.45,2556.1,2609.7,2561.95,2587.05,2567.75,2570.15,2565.3,2551.7,2557.1,2538.75,2543.05,2528.6,2528.6,2522.8,2510.2,2531.95,2472.55,2543.55,2456.55,2561.9,2441.15
4-16,Uninfected,No_comment,Polygon,19,2512.15,2589.95,2531.5,2580.25,2546.45,2575.9,2571.05,2576.45,2588.5,2583.15,2601.55,2592.85,2614.05,2608.25,2618.85,2626.7,2620.3,2651.25,2612.6,2666.75,2594.7,2684.6,2585.1,2692.4,2553.15,2703.45,2541.1,2698.65,2516.5,2690.4,2507.3,2679.75,2500.1,2661.9,2501,2645.05,2506.35,2612.2
4-17,Uninfected,No_comment,Polygon,18,2410.7,2607.85,2426.15,2607.85,2438.65,2616,2455.65,2625.25,2460.9,2631,2469.15,2640.2,2476.4,2654.2,2480.2,2671.1,2477.3,2692.4,2470.1,2713.15,2449.35,2730.5,2426.6,2737.3,2406.35,2733.4,2381.7,2715.5,2371.5,2698.2,2370.6,2673.05,2376.4,2636.8,2401.45,2611.15
4-18,Uninfected,No_comment,Polygon,18,2276.35,2614.05,2298.15,2624.7,2306.85,2632,2316,2646,2322.75,2657.55,2325.2,2680.8,2323.75,2697.2,2309.2,2722.75,2295.65,2731.95,2279.25,2738.75,2261.9,2741.65,2245.45,2736.3,2220.35,2716.95,2208.75,2685.15,2217.45,2647.95,2233.35,2630.05,2248.85,2617.45,2265.3,2613.65
4-19,Uninfected,No_comment,Polygon,18,2304.4,2369.65,2317,2348.9,2346.4,2338.25,2362.8,2335.8,2393.3,2346.95,2403.95,2359.5,2413.05,2376.9,2417,2401.05,2415,2426.2,2405.8,2439.25,2390.85,2451.8,2367.7,2456.55,2336.3,2453.7,2323.25,2444.05,2307.75,2430,2301.45,2419.35,2294.75,2403.5,2300.55,2374.95
4-20,Uninfected,No_comment,Polygon,19,2433.9,2344.55,2449.35,2306.35,2461.45,2298.6,2484.55,2289.9,2501,2290.9,2515.55,2295.7,2526.6,2301.05,2539.2,2314.6,2547.9,2327.65,2553.7,2347.45,2553.15,2367.75,2547.9,2385.05,2540.15,2403.95,2526.15,2415.05,2500.1,2423.7,2475.85,2418.95,2460,2407.3,2444.45,2392.3,2434.85,2360.95
4-21,Uninfected,No_comment,Polygon,19,2030.6,2689.45,2039.25,2663.85,2035.85,2634.85,2033.9,2613.6,2021.9,2588,2006.35,2574.5,1989.05,2563.85,1972.05,2561.9,1958.05,2568.2,1943.55,2583.15,1931.95,2607.35,1930.05,2636.3,1931.05,2654.2,1940.2,2680.3,1949.85,2693.8,1966.75,2700.1,1988.5,2702,2008.35,2700.1,2017.95,2696.2
4-22,Uninfected,No_comment,Polygon,15,2060,2644.55,2054.25,2616.5,2053.25,2595.25,2067.8,2571.6,2082.2,2563.35,2134.95,2563.85,2151.3,2574,2164.4,2592.35,2172.15,2622.8,2169.25,2650.8,2158.05,2673.05,2137.85,2683.2,2120.85,2686.1,2086.55,2682.7,2066.75,2663.35
4-23,Uninfected,No_comment,Polygon,15,2000.65,2483.15,1999.6,2446.45,2017.05,2415.05,2035.35,2402.5,2065.3,2393.8,2099.6,2407.8,2109.75,2416.5,2115.1,2434.85,2116.5,2458.05,2113.65,2488,2099.2,2505.4,2077.4,2512.15,2054.25,2514.1,2028.1,2508.3,2017.5,2499.6
4-24,Uninfected,No_comment,Polygon,17,2162.95,2424.7,2162.4,2405.4,2167.3,2386.05,2172.55,2372.55,2184.65,2359.95,2209.35,2350.3,2230.55,2347.9,2248.9,2357.55,2260.5,2370.1,2270.65,2392.35,2273.1,2414.55,2272.1,2432.9,2256.7,2446.45,2206.85,2460.45,2197.25,2455.15,2183.75,2445.5,2168.2,2434.85
4-25,Uninfected,No_comment,Polygon,19,1935.35,2464.35,1945.95,2440.65,1949.85,2420.85,1940.15,2395.3,1926.15,2380.75,1906.85,2371.6,1885.1,2371.6,1854.2,2384.7,1845,2392.35,1834.85,2406.35,1831,2424.8,1833.9,2444.1,1841.15,2461.45,1852.25,2475,1864.8,2487.6,1886.05,2492.85,1904.9,2494.3,1924.25,2484.7,1932.95,2478.4
4-26,Uninfected,No_comment,Polygon,19,1936.3,2299.1,1948.4,2282.7,1962.9,2269.65,1994.3,2261.9,2004.45,2266.75,2014.55,2279.3,2020.35,2293.3,2027.15,2313.6,2030.05,2327.65,2033.9,2347.5,2032.45,2362.45,2021.8,2379.8,2008.8,2390.45,1988.95,2393.8,1961.45,2392.35,1952.25,2381.25,1940.15,2355.65,1931.95,2319.9,1932.95,2308.85
4-27,Uninfected,No_comment,Polygon,17,2034.4,2284.65,2043.55,2248.4,2054.65,2238.8,2070.6,2230.1,2089.45,2230.1,2103.95,2237.35,2117.95,2258.1,2123.75,2271.65,2132.95,2302,2133.9,2318.95,2126.65,2335.35,2100.55,2362.45,2078.85,2362.45,2066.25,2356.6,2056.1,2345,2039.7,2308.3,2035.85,2293.85
4-28,Uninfected,No_comment,Polygon,22,2127.15,2251.3,2124.7,2221.35,2133.9,2203.45,2162.4,2188.95,2179.8,2186.6,2194.3,2192.35,2206.35,2201.05,2216.5,2211.2,2227.65,2226.65,2235.35,2240.25,2237.75,2261,2235.35,2273.5,2232,2290.45,2221.35,2317.95,2208.3,2328.6,2193.8,2330.5,2174.95,2330.05,2161.45,2326.2,2148.9,2314.65,2140.2,2302.5,2130.5,2279.8,2128.6,2268.75
4-29,Uninfected,No_comment,Polygon,18,1879.8,2230.1,1875.9,2204.9,1878.8,2183.7,1892.35,2163.85,1916,2147.4,1931.95,2138.75,1962.9,2134.4,1979.8,2138.75,1992.85,2150.3,2000.55,2171.6,1999.6,2199.1,1990.4,2228.1,1964.35,2240.65,1940.65,2249.85,1909.25,2255.65,1897.65,2249.85,1886.05,2241.65,1880.75,2235.35
4-30,Uninfected,No_comment,Polygon,16,1575.4,1986.55,1569.6,1960.45,1570.1,1939.2,1580.25,1913.6,1597.65,1889.9,1616.95,1875.4,1642.55,1879.3,1655.6,1888,1665.25,1904.4,1671.55,1937.75,1675.4,1961.4,1672.05,1999.1,1660.45,2012.15,1641.1,2016.5,1616.95,2011.65,1588.45,1995.25
4-31,Uninfected,No_comment,Polygon,16,1689.9,1963.35,1693.3,1937.25,1699.6,1910.7,1712.6,1892.8,1739.2,1881.2,1757.05,1878.3,1775.4,1885.55,1795.7,1900.55,1805.85,1923.25,1802,1974,1791.35,1992.8,1769.15,2001.05,1748.85,2001.5,1722.75,1997.65,1705.85,1986.55,1697.65,1977.85
4-32,Uninfected,No_comment,Polygon,14,1648.85,2085.6,1651.25,2087.5,1665.25,2103.95,1672.05,2119.4,1676.4,2136.8,1656.6,2170.1,1638.7,2177.85,1606.8,2180.75,1584.6,2165.75,1576.85,2148.85,1579.75,2127.6,1598.1,2095.7,1612.15,2084.15,1636.3,2078.35
4-33,Uninfected,No_comment,Polygon,17,1705.35,2178.35,1723.75,2180.75,1736.3,2189.95,1745.95,2201.5,1753.2,2225.7,1747.4,2257.1,1742.1,2271.1,1726.15,2285.1,1710.7,2296.2,1688.45,2300.1,1669.15,2296.7,1654.15,2284.15,1644,2266.25,1644.5,2251.3,1653.7,2210.7,1670.6,2189.45,1688.95,2180.75
4-34,Uninfected,No_comment,Polygon,18,1815.5,2189.45,1830,2189.95,1853.7,2181.7,1874,2173,1888.45,2161.45,1898.15,2143.05,1902,2130,1892.35,2109.75,1880.25,2096.2,1837.25,2082.2,1816.95,2078.35,1796.2,2083.15,1785.55,2092.8,1766.75,2135.8,1766.25,2149.35,1770.1,2167.2,1779.75,2181.25,1806.85,2190.9
4-35,Uninfected,No_comment,Polygon,22,1829.55,2032.9,1833.4,2004.4,1840.65,1987,1851.75,1974.45,1888,1963.85,1912.65,1964.3,1921.8,1971.55,1932.45,1983.15,1935.35,1999.1,1939.7,2018.4,1945.95,2034.85,1954.2,2049.85,1955.65,2065.3,1953.2,2077.35,1944.5,2089.45,1930,2098.15,1908.3,2090.9,1886.55,2083.15,1865.75,2073,1850.3,2060.95,1840.15,2050.8,1833.4,2043.55
4-36,Uninfected,No_comment,Polygon,18,1949.85,2004.4,1960.45,1982.2,1978.8,1958.5,1998.15,1951.75,2017,1953.2,2035.35,1962.4,2056.1,1985.55,2062.9,2005.4,2065.3,2041.6,2061.45,2056.1,2053.2,2074.95,2032.45,2088,2002.95,2092.35,1982.7,2089.45,1966.75,2078.35,1957.1,2062.4,1948.4,2044.45,1945.5,2023.75
4-37,Uninfected,No_comment,Polygon,23,2104.9,2027.6,2121.35,2022.75,2140.65,2024.7,2158.05,2032.45,2175.95,2046.45,2183.15,2052.7,2188.5,2061.4,2195.75,2071.1,2198.15,2085.1,2195.75,2100.05,2190.9,2112.65,2178.85,2131,2173.05,2138.25,2160.45,2145.95,2145.5,2148.4,2117,2147.9,2098.65,2140.65,2082.7,2131.45,2074.95,2116,2069.65,2096.7,2071.55,2075.45,2081.7,2055.15,2094.3,2039.2
4-38,Uninfected,No_comment,Polygon,22,1476.05,1903.2,1473.9,1892.05,1475.5,1871.3,1479.75,1842.55,1489.35,1821.8,1511.7,1797.35,1542,1800.55,1551.6,1807.45,1568.05,1822.35,1580.85,1846.8,1582.95,1864.35,1580.85,1896.3,1571.8,1915.95,1560.6,1947.9,1552.1,1961.2,1541.45,1971.8,1525,1979.8,1512.7,1974.5,1502.1,1964.9,1491.95,1946.3,1483.5,1930.85,1475,1919.15
4-39,Uninfected,No_comment,Polygon,17,1364.35,1771.3,1381.9,1754.8,1415.95,1747.35,1435.1,1750.55,1447.3,1759.6,1459.55,1781.9,1466.45,1807.45,1464.35,1823.95,1455.85,1848.95,1444.15,1863.85,1418.05,1872.35,1401.55,1870.2,1372.8,1862.8,1357.95,1851.05,1348.4,1835.1,1346.8,1797.35,1357.95,1776.05
4-40,Uninfected,No_comment,Polygon,16,1516.45,1644.7,1511.1,1666.5,1517,1693.1,1527.1,1711.2,1545.2,1730.85,1556.35,1740.45,1578.15,1748.4,1599.4,1744.15,1618.05,1732.45,1625,1713.3,1623.4,1686.7,1613.3,1660.65,1600,1640.95,1568.55,1627.15,1543.05,1622.9,1526.05,1633.5
4-41,Uninfected,No_comment,Polygon,17,1345.7,1747.35,1344.65,1747.35,1332.95,1736.2,1329.75,1711.2,1336.7,1695.75,1345.7,1678.2,1360.1,1662.75,1418.05,1632.45,1431.9,1637.25,1450.5,1649.5,1460.1,1665.95,1469.65,1698.95,1463.3,1718.1,1438.3,1730.35,1401.05,1738.85,1371.8,1743.65,1351.05,1746.8
4-42,Uninfected,No_comment,Polygon,15,1311.1,1478.75,1320.2,1473.4,1348.4,1465.95,1365.4,1465.95,1379.25,1473.95,1391.95,1486.7,1403.7,1510.65,1399.4,1542.05,1389.85,1558,1377.1,1568.1,1341.45,1572.35,1320.2,1564.35,1311.7,1551.05,1306.35,1529.8,1309,1498.4
4-43,Uninfected,No_comment,Polygon,16,1455.25,1507.45,1489.35,1498.95,1534.55,1506.9,1547.3,1514.35,1567,1532.45,1578.7,1549.45,1590.4,1562.25,1594.65,1580.35,1588.8,1592.55,1573.9,1603.75,1548.9,1608.5,1515.4,1603.2,1483.5,1594.15,1465.4,1572.35,1454.25,1546.3,1448.9,1526.05
4-44,Uninfected,No_comment,Polygon,17,1581.85,1422.35,1570.2,1437.25,1562.7,1457.45,1562.2,1476.6,1575,1509.05,1583.5,1525.55,1600.5,1544.7,1615.4,1558,1638.3,1563.3,1659.55,1554.8,1671.25,1538.85,1679.75,1510.65,1687.2,1483.5,1682.95,1454.8,1673.4,1435.1,1635.1,1418.6,1592,1419.15
4-45,Uninfected,No_comment,Polygon,18,1711.7,1454.25,1722.3,1450,1745.75,1446.8,1780.85,1453.2,1804.75,1463.3,1823.4,1474.45,1828.7,1496.8,1822.85,1538.3,1810.1,1552.15,1796.25,1566.5,1771.25,1577.15,1744.65,1584.6,1720.15,1573.95,1703.7,1562.75,1693.05,1539.9,1691.45,1513.3,1700.5,1488.85,1704.75,1471.3
4-46,Uninfected,No_comment,Polygon,16,1775,1644.15,1795.15,1639.9,1823.4,1637.75,1844.15,1648.95,1856.85,1664.9,1865.4,1684.6,1861.7,1712.75,1857.95,1730.85,1850,1741.5,1832.95,1754.25,1809.05,1760.1,1786.7,1754.8,1754.75,1737.75,1744.15,1715.45,1740.4,1683,1755.85,1652.15
4-47,Uninfected,No_comment,Polygon,16,1861.15,1584.6,1873.4,1575,1898.4,1570.2,1919.15,1576.05,1940.4,1587.25,1954.75,1598.95,1968.6,1628.2,1975,1645.75,1967.55,1664.9,1956.9,1673.4,1936.15,1683,1892,1672.35,1879.25,1662.75,1862.2,1635.65,1854.25,1617.05,1854.25,1600
4-48,Uninfected,No_comment,Polygon,18,1903.7,1466.5,1911.7,1454.25,1919.65,1441.5,1945.15,1427.15,1956.9,1421.8,1973.9,1423.4,1996.25,1435.1,2018.05,1454.25,2031.9,1479.8,2035.65,1493.6,2037.2,1511.7,2024.45,1534.05,2002.1,1546.3,1948.9,1541.5,1935.1,1531.4,1922.85,1514.35,1909.05,1495.2,1902.1,1481.4
4-49,Uninfected,No_comment,Polygon,18,1975,1871.8,1985.1,1864.35,1995.15,1851.6,2002.6,1830.85,1998.4,1807.45,1986.7,1781.9,1975,1763.85,1953.2,1748.95,1920.75,1747.9,1901,1757.45,1890.95,1772.9,1880.85,1801.6,1878.2,1827.15,1885.6,1845.2,1902.6,1862.25,1920.75,1873.4,1946.75,1878.2,1964.3,1877.65
4-50,Uninfected,No_comment,Polygon,18,2029.8,1797.9,2035.65,1801.05,2053.7,1797.35,2069.65,1788.85,2081.9,1779.25,2091.5,1761.2,2097.85,1745.2,2102.1,1722.35,2094.65,1697.35,2077.1,1676.6,2054.8,1663.85,2034.05,1669.7,2013.3,1681.4,1995.75,1702.15,1990.4,1725,1995.15,1751.05,2005.3,1767.55,2020.15,1788.3
4-51,Uninfected,No_comment,Polygon,20,1453.7,1215.4,1468.6,1222.35,1482.95,1229.8,1499.45,1244.7,1506.4,1257.95,1506.4,1278.7,1497.85,1298.95,1491.5,1314.9,1481.95,1319.7,1466,1324.45,1432.4,1324.45,1420.7,1316.5,1403.2,1302.65,1393.65,1291.5,1386.7,1279.25,1381.95,1260.65,1386.15,1242,1392.55,1232.45,1401.1,1226.6,1423.95,1220.2
4-52,Uninfected,No_comment,Polygon,17,1479.3,1120.2,1478.7,1103.2,1497.35,1084.55,1511.15,1073.95,1531.95,1065.4,1552.1,1069.15,1573.45,1076.05,1596.85,1104.25,1600.55,1136.7,1596.25,1148.4,1585.65,1162.25,1574.45,1171.8,1557.4,1180.85,1520.7,1184.55,1507.4,1177.65,1494.15,1167.55,1478.7,1138.8
4-53,Uninfected,No_comment,Polygon,16,1460.15,948.95,1471.85,946.25,1489.4,944.65,1512.75,955.85,1525,965.95,1538.85,982.95,1542,998.95,1533.55,1036.15,1523.45,1044.15,1503.7,1054.25,1482.95,1056.4,1462.8,1052.65,1442.55,1040.4,1430.85,1019.65,1432.4,982.45,1447.35,955.85
4-54,Uninfected,No_comment,Polygon,25,1609,1000.5,1604.8,1013.3,1604.8,1027.65,1606.4,1067.55,1614.85,1092,1619.7,1101.6,1628.15,1113.8,1647.85,1131.4,1658.55,1135.65,1680.3,1140.4,1695.75,1138.8,1714.85,1130.3,1734,1120.2,1742.6,1110.1,1743.6,1083.5,1739.85,1069.65,1728.15,1048.95,1719.7,1037.25,1708.55,1023.4,1694.15,996.25,1666.5,981.9,1655.9,973.4,1640.4,971.25,1628.7,973.95,1619.15,978.7
4-55,Uninfected,No_comment,Polygon,19,1671.3,1292,1677.15,1296.25,1688.3,1305.85,1696.3,1313.3,1701.6,1322.85,1704.3,1339.9,1704.8,1346.25,1705.9,1355.3,1705.9,1369.15,1694.15,1398.95,1672.3,1413.85,1653.15,1410.65,1609.55,1397.35,1600.55,1386.7,1591.5,1361.15,1593.1,1342,1608,1317,1623.45,1303.7,1658.55,1294.15
4-56,Uninfected,No_comment,Polygon,19,1743.6,1296.25,1760.6,1292.55,1778.15,1293.1,1797.3,1298.95,1811.15,1316.5,1822.85,1362.25,1827.15,1375.55,1835.6,1395.2,1836.75,1401.6,1833,1409.55,1804.3,1436.15,1785.15,1436.7,1772.3,1430.85,1743.6,1413.3,1732.45,1400,1721.85,1382.45,1717.6,1356.4,1719.15,1318.1,1738.85,1302.65
4-57,Uninfected,No_comment,Polygon,16,1844.2,1286.15,1864.35,1276.05,1880.3,1275.55,1913.85,1287.25,1929.75,1309.05,1939.35,1324.45,1943.1,1342,1936.15,1367.55,1931.9,1379.8,1892.6,1394.15,1881.4,1393.6,1866,1386.15,1850.05,1377.15,1834.6,1343.1,1833,1326.6,1834.05,1303.7
4-58,Uninfected,No_comment,Polygon,17,1876.05,1171.25,1874.45,1155.85,1876.05,1134.55,1867,1116.5,1854.3,1104.25,1836.15,1093.1,1790.45,1104.25,1778.7,1113.8,1768.6,1127.65,1762.25,1145.75,1760.15,1171.8,1768.6,1189.35,1781.4,1201.6,1802.7,1212.75,1831.9,1213.3,1851.6,1205.85,1870.2,1195.75
4-59,Uninfected,No_comment,Polygon,19,1933.5,1154.25,1946.8,1152.65,1970.75,1156.9,1996.8,1168.1,2011.75,1178.2,2028.75,1189.9,2040.45,1203.2,2050.05,1220.2,2051.05,1237.75,2041.5,1261.7,2028.2,1274.45,2001.65,1287.25,1970.2,1288.85,1956.9,1278.7,1938.35,1261.7,1927.15,1248.4,1922.3,1230.3,1917,1207.95,1922.3,1168.1
4-60,Uninfected,No_comment,Polygon,14,2016.45,1115.4,2028.2,1066.5,2040.45,1050.5,2067.05,1037.25,2099.45,1046.8,2118.6,1064.35,2133,1110.65,2134.1,1118.1,2125.55,1159.55,2105.9,1176.05,2076.05,1185.1,2053.75,1176.6,2033,1157.95,2022.35,1139.35
4-61,Uninfected,No_comment,Polygon,17,1925.55,1024.45,1956.4,1028.2,1975.55,1040.95,1987.25,1056.4,1997.9,1082.95,1998.9,1109.05,1993.05,1123.4,1983,1134.55,1959.6,1143.1,1925.05,1138.8,1902.15,1127.1,1888.85,1115.4,1876.05,1098.4,1868.1,1080.85,1873.95,1060.1,1893.1,1037.75,1914.9,1027.65
4-62,Uninfected,No_comment,Polygon,14,2024.45,900.5,2043.6,901.6,2071.8,912.75,2088.85,926.6,2100.55,950,2099.45,978.7,2087.2,998.4,2063.35,1006.35,2030.9,1006.35,2005.3,988.8,1986.15,968.6,1984.6,943.1,2000.55,914.9,2015.95,901.05
4-63,Uninfected,No_comment,Polygon,16,1833,1076.6,1847.3,1065.4,1859.05,1049.45,1871.85,1027.1,1873.45,998.95,1853.15,960.1,1831.4,949.45,1808,953.2,1786.75,962.75,1759,976.05,1748.45,1009.55,1747.3,1031.9,1754.3,1045.75,1772.85,1073.4,1801.05,1081.4,1817.6,1081.4
4-64,Uninfected,No_comment,Polygon,18,1680.9,918.6,1690.4,872.35,1720.75,856.9,1754.8,849.45,1781.4,853.7,1801.05,870.2,1811.75,880.85,1827.15,912.75,1813.35,930.3,1801.6,938.8,1786.15,947.35,1768.6,956.9,1753.15,962.75,1732.45,966.5,1713.85,963.8,1703.7,957.45,1693.6,945.75,1685.65,932.45
4-65,Uninfected,No_comment,Polygon,15,1767,813.3,1773.4,778.7,1763.85,746.25,1753.2,729.2,1713.3,709,1681.9,712.15,1655.3,726.05,1646.25,740.4,1643.6,768.6,1647.85,793.6,1657.45,811.65,1669.15,821.8,1690.95,831.9,1716.5,830.8,1751.6,824.95
4-66,Uninfected,No_comment,Polygon,18,1798.95,751.05,1817.55,740.9,1862.25,739.35,1876.6,748.9,1894.15,770.2,1903.7,783.5,1918.6,802.65,1922.85,817.5,1925,846.8,1912.25,864.35,1885.1,882.9,1865.4,885.6,1839.35,874.45,1821.25,856.3,1807.45,837.2,1800.55,821.2,1796.8,801.05,1794.7,767.5
4-67,Uninfected,No_comment,Polygon,19,1944.15,721.25,1961.7,696.75,1975,692.5,2005.85,694.15,2020.75,704.75,2033.5,716.45,2048.95,736.15,2056.4,756.9,2062.25,781.3,2055.85,812.75,2044.7,824.45,2033.5,830.8,2015.95,833.5,1978.2,832.9,1965.95,823.35,1956.9,812.75,1948.95,800,1935.65,762.75,1940.4,736.15
4-68,Uninfected,No_comment,Polygon,14,2136.7,692.5,2162.25,702.1,2179.25,715.9,2192,744.15,2194.7,764.85,2185.1,787.15,2151.05,812.15,2113.85,811.15,2092.55,792,2078.75,775.45,2069.7,737.75,2078.2,715.9,2095.75,698.9,2120.75,692.5
4-69,Uninfected,No_comment,Polygon,13,1729.25,506.9,1745.2,504.2,1776.6,512.75,1789.9,522.85,1805.3,549.95,1816.5,585.6,1808.5,614.85,1794.7,629.2,1769.7,636.7,1739.9,635.6,1711.7,612.75,1694.15,588.8,1700,531.9
4-70,Uninfected,No_comment,Polygon,13,1900.55,645.7,1929.8,632.95,1947.85,598.85,1946.8,571.75,1924.45,539.85,1901.6,525.45,1876.05,520.2,1856.4,529.2,1836.15,545.7,1833,578.7,1836.7,612.75,1851.05,630.85,1872.35,644.1
4-71,Uninfected,No_comment,Polygon,14,2014.35,535.05,2047.85,533.45,2072.85,541.45,2088.3,556.3,2101.6,571.25,2114.9,609,2111.15,626.55,2088.3,655.85,2059.6,665.4,2027.65,657.4,2005.85,636.7,1990.95,611.7,1985.65,571.75,1995.2,544.65
4-72,Uninfected,No_comment,Polygon,14,2273.4,633.5,2297.9,642.5,2322.35,656.3,2330.3,680.85,2331.4,712.15,2318.6,732.4,2299.45,750,2278.75,756.3,2244.7,752.65,2230.85,738.3,2219.7,720.2,2217.05,689.85,2226.6,665.9,2244.7,643
4-73,Uninfected,No_comment,Polygon,14,1864.9,452.65,1873.4,427.1,1900,399.45,1938.85,385.1,1966.5,399.45,1980.3,412.75,1987.25,447.3,1980.85,483.5,1961.15,516.45,1932.45,521.8,1904.8,510.6,1886.7,497.85,1873.95,482.45,1863.85,465.95
4-74,Uninfected,No_comment,Polygon,14,1972.35,301.55,1958.5,336.7,1960.65,356.35,1969.15,376.05,1986.2,394.65,2011.7,413.3,2061.2,410.6,2079.25,395.7,2099.45,356.9,2100.55,327.65,2087.75,294.15,2053.75,278.15,2030.85,279.25,1985.1,289.85
4-75,Uninfected,No_comment,Polygon,17,2137.25,301.05,2172.35,289.35,2200,293.05,2218.65,307.4,2234.6,323.9,2246.3,340.95,2253.75,369.65,2256.9,397.85,2246.3,416.45,2226.6,431.35,2192.05,434.55,2170.2,425,2152.15,411.7,2136.2,395.2,2123.4,374.45,2119.7,339.85,2127.15,318.05
4-76,Uninfected,No_comment,Polygon,14,2094.15,518.05,2093.1,474.45,2109.05,452.65,2127.65,442,2151.05,439.35,2176.6,450,2200,469.65,2214.35,486.7,2217.05,526.05,2204.25,547.3,2183.5,562.75,2158.5,567,2131.9,558.5,2101.6,530.85
4-77,Uninfected,No_comment,Polygon,12,2252.15,586.15,2240.45,556.35,2241.5,520.75,2262.25,496.8,2289.9,493.6,2331.4,507.45,2364.9,547.3,2374.5,585.6,2366.5,613.8,2339.35,635.6,2287.8,618.6,2273.95,604.25
4-78,Uninfected,No_comment,Polygon,14,2411.7,559.55,2456.4,552.1,2474.5,535.6,2486.2,518.6,2490.45,471.8,2478.75,447.3,2432.45,422.85,2407.45,426.6,2389.9,440.95,2371.3,461.7,2367.55,481.9,2371.8,501.6,2382.45,536.7,2397.35,550
4-79,Uninfected,No_comment,Polygon,14,2270.2,261.7,2283.5,248.4,2307.45,244.15,2331.95,253.15,2355.85,269.15,2383,325,2377.15,364.35,2359.05,378.7,2323.4,388.3,2301.05,381.35,2284.6,365.4,2269.15,342.55,2262.25,311.15,2265.95,275
4-80,Uninfected,No_comment,Polygon,11,2382.45,280.85,2374.5,259.55,2381.4,232.4,2400.55,221.25,2429.8,223.4,2450.55,239.35,2468.1,269.65,2463.3,307.95,2442.55,325.5,2410.1,324.45,2389.35,303.7
4-81,Uninfected,No_comment,Polygon,11,2471.3,420.2,2460.65,387.2,2471.3,342.55,2498.95,314.35,2547.35,314.35,2568.1,332.95,2581.95,366.45,2576.6,407.45,2554.8,437.75,2523.4,444.15,2486.7,432.45
4-82,Uninfected,No_comment,Polygon,14,2343.65,74.45,2357.45,60.6,2376.6,57.95,2391.5,63.25,2409.05,80.85,2420.75,97.3,2430.35,131.35,2431.95,167,2419.15,185.1,2392.05,195.7,2358.5,189.85,2341.5,173.9,2330.35,143.6,2333,88.8
4-83,Uninfected,No_comment,Polygon,16,2467.55,93.05,2475,78.15,2492.55,74.45,2519.15,78.7,2537.8,88.8,2551.6,102.65,2573.4,128.7,2572.35,170.7,2562.8,191.45,2550,203.7,2521.8,215.95,2485.65,214.35,2468.65,200,2462.25,170.7,2462.25,135.6,2465.45,102.1
4-84,Uninfected,No_comment,Polygon,14,2606.4,307.4,2607.45,248.9,2621.8,218.6,2653.2,204.75,2680.35,207.95,2695.75,221.25,2701.6,237.75,2693.1,269.15,2692.05,281.9,2685.1,310.1,2676.6,322.3,2660.1,333.5,2628.75,328.7,2612.25,315.4
4-85,Uninfected,No_comment,Polygon,14,2718.1,136.7,2720.25,112.75,2723.4,85.1,2735.65,48.4,2754.8,26.05,2773.95,20.25,2804.25,28.7,2819.7,41.5,2837.25,69.7,2841.5,94.7,2836.2,143.1,2804.8,169.7,2759.6,172.35,2738.85,157.45
4-86,Uninfected,No_comment,Polygon,14,2720.25,267.55,2729.8,247.35,2748.95,238.85,2787.8,242.55,2807.45,252.65,2830.35,287.25,2823.4,324.45,2812.25,346.3,2777.65,362.25,2742.05,358,2728.75,352.65,2717.55,339.9,2710.65,312.75,2714.9,278.75
4-87,Uninfected,No_comment,Polygon,15,2636.2,358,2659.6,351.05,2676.6,351.6,2700,364.9,2713.85,388.3,2715.45,414.35,2710.1,440.95,2694.15,459.6,2669.15,469.7,2638.3,465.95,2623.4,460.1,2612.8,449.45,2601.1,417.05,2602.65,385.65,2613.85,371.8
4-88,Uninfected,No_comment,Polygon,15,2875,236.15,2885.1,208,2897.35,194.7,2925.55,183.5,2958.55,195.2,2983.55,203.7,2997.9,226.6,3006.4,262.75,2998.4,283.5,2986.7,305.3,2962.25,314.35,2928.75,317,2901.1,303.75,2888.85,288.3,2875.55,251.6
4-89,Uninfected,No_comment,Polygon,23,2887.8,64.4,2915.45,54.25,2943.65,45.2,2964.4,46.25,2983.55,56.9,3003.75,70.2,3020.25,88.85,3034.6,102.15,3046.3,115.4,3047.9,133,3046.85,156.4,3043.1,167.55,3033,177.15,3012.8,183.5,3001.1,183,2981.95,178.2,2968.65,167,2936.2,138.85,2924.5,128.2,2910.65,114.35,2900,101.6,2890.95,90.95,2881.4,71.8
4-90,Uninfected,No_comment,Polygon,18,2909.05,458.05,2895.75,433.5,2895.75,411.7,2897.35,390.45,2911.2,366.5,2934.05,349.45,2961.2,343.1,2980.85,347.9,2997.35,359.05,3005.35,373.4,3013.3,398.4,3010.15,424.45,2999.5,447.35,2984.05,464.35,2971.3,474.45,2952.15,481.9,2933,476.05,2916.5,469.15
4-91,Uninfected,No_comment,Polygon,13,2908.55,483.05,2934.05,493.6,2944.7,504.25,2954.25,520.75,2952.7,554.8,2942.3,572.55,2913.65,596.15,2885,596.15,2862.55,574.2,2851.85,550.05,2853.55,512.4,2875.45,491.05,2895.1,483.75
4-92,Uninfected,No_comment,Polygon,22,2991.35,539.7,2977.95,515.45,2980.5,495.35,2986.2,482.4,2994.95,469,3005.25,453.1,3015.55,437.1,3021.25,429.3,3038.25,422.15,3051.6,421.6,3064.55,428.85,3074.85,438.65,3084.1,446.4,3093.4,455.65,3104.25,468.05,3116.1,486.55,3119.2,511.85,3116.1,530.85,3105.25,546.9,3093.9,557.75,3057.85,575.7,3008.3,556.65
4-93,Uninfected,No_comment,Polygon,22,2674.15,599.3,2664.6,575.5,2656.45,544.9,2655.15,514.95,2665.35,497.95,2684.4,485.05,2710.9,481.65,2738.05,491.15,2751,497.95,2759.2,510.9,2768.75,529.95,2771.4,548.3,2773.45,565.3,2768,580.25,2757.8,601.35,2747.6,612.9,2745.55,626.6,2727.15,646.35,2706.25,649.35,2692.85,637.4,2681.65,622.45,2676.4,608.3
4-94,Uninfected,No_comment,Polygon,18,3236.25,628.1,3256.2,617.6,3277.25,602.95,3284.3,587.15,3286.55,564.35,3279.6,523.4,3259.65,503.5,3228.1,504.1,3197.1,514.7,3171.4,530.4,3159.15,541.55,3152.1,555,3151.55,570.2,3152.1,581.9,3162.6,607.05,3173.1,616.4,3195.9,626.3,3222.8,631.05
4-95,Uninfected,No_comment,Polygon,15,3305.35,505.25,3315.2,473.15,3341,453.8,3378.95,442.7,3415.3,469,3426.35,490.05,3424.05,511.1,3415.85,532.15,3404.75,560.25,3390.15,574.3,3364.4,581.9,3345.1,583.05,3329.85,575.45,3314.65,560.25,3305.35,531.6
4-96,Uninfected,No_comment,Polygon,19,3121.7,394.2,3139.85,369,3177.8,360.25,3202.95,360.8,3225.2,373.7,3241,387.15,3248.6,404.1,3249.7,424.55,3243.95,444.45,3234.5,466.65,3217.6,483.65,3204.7,488.3,3184.25,488.9,3166.15,485.95,3149.7,480.7,3134,472.5,3123.45,459.05,3114.7,433.9,3117.6,404.1
4-97,Uninfected,No_comment,Polygon,19,3029.3,280.7,3028.15,236.3,3048.6,193.55,3071.95,184.2,3094.8,180.7,3116.95,190.65,3131.6,205.85,3141,220.45,3150.35,244.45,3158.5,278.95,3154.45,305.85,3154.45,318.7,3143.3,333.35,3130.4,347.35,3105.35,354.95,3086.6,349.7,3074.35,341.5,3056.75,324,3038,298.25
4-98,Uninfected,No_comment,Polygon,22,3182.45,326.95,3173.1,308.2,3165,284.2,3163.8,257.9,3171.4,243.85,3187.75,233.9,3217.6,226.9,3234.5,226.9,3245.1,232.75,3265.5,246.8,3278.95,260.8,3288.95,279.55,3297.75,312.3,3299.5,321.65,3299.5,338.6,3290.15,352.65,3277.8,362.55,3256.75,366.1,3233.95,361.45,3212.35,350.9,3198.85,340.95,3189.5,334.55
4-99,Uninfected,No_comment,Polygon,16,3307.05,264.35,3305.85,216.35,3330.5,192.4,3370.85,193,3388.3,194.75,3402.95,204.1,3421.7,224.55,3427.55,248.55,3426.9,272.5,3416.45,297.05,3404.1,312.85,3387.75,323.4,3350.35,328.05,3335.7,324,3320.5,300.6,3311.2,282.5
4-100,Uninfected,No_comment,Polygon,14,3218.8,70.15,3243.95,40.35,3270.2,32.75,3307.05,28.65,3316.4,36.85,3328.1,60.25,3332.25,89.45,3322.25,109.95,3303.6,122.2,3273.75,127.5,3246.2,122.85,3229.3,109.95,3221.05,92.95,3218.8,80.1
4-101,Uninfected,No_comment,Polygon,15,3422.9,168.4,3447.4,157.3,3460.85,136.3,3463.25,115.8,3458.55,95.9,3441,67.85,3409.45,59.65,3394.8,64.95,3372.55,81.85,3362.05,97.7,3359.65,123.95,3367.25,140.35,3378.45,152.05,3391.3,164.9,3405.3,171.9
4-102,Uninfected,No_comment,Polygon,16,3489,198.25,3501.8,172.5,3521.75,162,3552.75,155.55,3574.35,161.4,3592.45,171.9,3601.8,185.95,3603.6,216.95,3602.4,247.95,3589.55,270.15,3567.95,279.5,3553.3,278.95,3532.8,269.6,3515.85,254.4,3506.55,243.85,3495.4,223.4
4-103,Uninfected,No_comment,Polygon,15,3473.8,271.9,3501.25,271.35,3516.45,281.85,3533.45,302.9,3548,329.25,3545.7,350.85,3533.45,369,3520.55,381.3,3495.4,393.55,3461.45,393,3434,383.6,3424.6,357.9,3417.6,333.35,3429.35,305.85,3451.55,283.05
4-104,Uninfected,No_comment,Polygon,14,3576.7,369.6,3603,372.5,3623.45,380.7,3641,394.75,3651,409.35,3652.75,432.15,3646.25,471.95,3628.7,494.75,3587.8,507,3555.6,497.05,3534.55,480.1,3520,453.8,3526.95,408.75,3549.2,382.45
4-105,Uninfected,No_comment,Polygon,19,3433.55,703.6,3428.2,664.9,3441.3,642.9,3460.35,634.55,3492.5,636.95,3519.3,650.05,3536.55,663.75,3549.65,684.55,3564.55,711.95,3572.25,737.55,3572.25,752.45,3559.15,766.1,3533,779.2,3506.8,782.2,3494.9,777.45,3480,764.95,3464.5,744.1,3453.2,728,3444.9,717.9
4-106,Uninfected,No_comment,Polygon,16,3577.65,671.45,3580.6,643.5,3599.05,628,3642.5,616.7,3663.35,618.5,3680.6,630.4,3694.3,647.65,3704.4,673.25,3702.05,699.45,3696.1,718.5,3684.2,732.8,3642.5,753,3622.85,751.85,3605,739.35,3589.55,719.1,3584.2,691.1
4-107,Uninfected,No_comment,Polygon,18,3700.85,794.1,3711.55,742.3,3736.55,714.95,3778.25,704.8,3819.9,714.35,3837.75,723.85,3853.85,735.15,3854.45,760.15,3849.1,773.85,3837.75,791.1,3825.85,806,3816.35,817.9,3802.05,829.8,3782.4,839.95,3752.05,845.3,3725.25,838.75,3715.15,822.65,3708,814.35
4-108,Uninfected,No_comment,Polygon,16,3752.65,633.35,3763.35,596.45,3781.2,584.55,3819.3,576.8,3842.55,589.9,3855.65,603.6,3875.25,634.55,3882.4,648.25,3894.9,678.6,3889.55,699.45,3871.7,710.75,3841.95,706,3793.1,696.45,3772.9,687.55,3759.8,670.3,3754.45,650.05
4-109,Uninfected,No_comment,Polygon,19,3886.6,605.4,3885.4,589.3,3916.35,579.8,3940.15,586.95,3968.75,600.05,3984.2,613.75,3997.3,631,3998.5,652.4,3993.15,672.65,3986.6,691.1,3980.05,705.35,3972.9,721.45,3958.6,729.8,3934.8,722.65,3922.9,709.55,3913.95,684.55,3905.65,663.15,3900.25,641.1,3892.55,628
4-110,Uninfected,No_comment,Polygon,12,3975.3,820.9,3966.35,791.1,3981.25,752.45,4018.75,726.85,4064,722.65,4089,736.9,4098.5,763.75,4095.55,792.9,4085.4,820.9,4062.8,838.75,4027.05,847.65,3989.55,841.15
4-111,Uninfected,No_comment,Polygon,16,3870.5,761.35,3896.1,750.65,3922.3,751.85,3947.3,763.75,3956.85,787.5,3965.15,817.9,3958,848.85,3947.3,867.9,3934.2,881,3901.45,887.55,3871.7,888.15,3856.8,876.25,3842.55,851.85,3833,803.05,3838.3,789.4,3853.25,770.9
4-112,Uninfected,No_comment,Polygon,17,4024.1,919.7,4024.7,948.3,4030.65,963.15,4046.7,978.05,4072.9,995.3,4096.1,997.1,4120.55,985.2,4139,972.1,4149.7,953.65,4157.45,932.75,4153.25,905.4,4133.05,871.5,4103.25,854.2,4070.55,850.05,4043.75,867.9,4031.85,884,4022.9,902.45
4-113,Uninfected,No_comment,Polygon,16,4088.4,1109,4091.95,1073.3,4116.35,1059,4140.75,1052.45,4178.25,1061.4,4192.55,1069.7,4216.95,1090.55,4225.9,1114.95,4226.5,1137.6,4216.35,1182.25,4181.85,1196.5,4155.65,1189.35,4134.8,1176.25,4120.55,1163.2,4108.05,1145.3,4096.1,1129.85
4-114,Uninfected,No_comment,Polygon,12,3933,1102.45,3963.35,1072.7,3967.55,1029.25,3943.75,1000.65,3908.6,989.35,3879.45,998.3,3855.65,1011.4,3842.55,1028.05,3837.15,1054.25,3847.9,1077.45,3866.95,1099.5,3911.6,1108.4
4-115,Uninfected,No_comment,Polygon,17,3708.6,919.7,3722.9,894.1,3758.6,886.35,3784.2,888.75,3819.9,901.2,3838.95,918.5,3849.1,933.4,3850.25,970.3,3848.5,987.55,3836.6,1008.4,3825.85,1022.1,3808.6,1033.4,3790.15,1031,3763.35,1022.7,3747.9,1003.65,3733.6,978.05,3721.7,941.75
4-116,Uninfected,No_comment,Polygon,16,3633.6,1139.95,3633,1114.35,3644.3,1099.5,3669.9,1075.05,3695.5,1061.4,3723.45,1048.3,3743.7,1048.3,3763.95,1061.4,3777.05,1083.4,3774.05,1101.25,3754.45,1123.9,3730,1139.35,3697.9,1153.05,3678.25,1164.35,3659.2,1170.9,3638.95,1156.05
4-117,Uninfected,No_comment,Polygon,15,3690.4,1229.3,3688.75,1195.95,3707.45,1172.3,3728.55,1161.8,3783.1,1143.9,3807.5,1148.8,3827,1161,3841.6,1180.5,3840.75,1209.7,3829.45,1226.85,3801.8,1240.65,3770.1,1249.6,3750.5,1251.25,3722.9,1252.85,3704.2,1244.7
4-118,Uninfected,No_comment,Polygon,15,3979.05,1205.7,3985.55,1157.75,4005.8,1140.65,4026.2,1130.1,4052.95,1135.8,4077.35,1148.8,4099.3,1165.05,4115.6,1182.95,4118.85,1211.4,4109.95,1229.3,4091.25,1244.7,4066,1256.95,4035.95,1255.3,4017.25,1243.1,3986.35,1214.65
4-119,Uninfected,No_comment,Polygon,12,4146.1,1306.25,4138.15,1272.6,4153.2,1238.1,4181.5,1224.8,4216.9,1221.2,4242.6,1237.2,4263,1259.3,4266.5,1285,4255.85,1300.85,4232.85,1319.5,4195.7,1324.8,4162.05,1315.95
4-120,Uninfected,No_comment,Polygon,19,3523.1,812.95,3536.05,791.3,3551.2,780.75,3585.7,780.75,3609.1,793.05,3621.4,801.8,3637.2,809.4,3651.85,819.95,3663.55,831.05,3669.95,853.85,3665.25,873.75,3655.3,886.6,3631.9,898.3,3596.3,898.9,3568.8,887.2,3548.85,876.1,3538.95,861.45,3528.95,842.15,3524.3,828.15
4-121,Uninfected,No_comment,Polygon,17,3359.4,807.65,3342.4,770.8,3342.4,737.5,3357,719.35,3377.5,707.05,3403.85,706.5,3419.6,717,3435.4,729.3,3448.3,742.75,3461.75,763.8,3472.8,783.7,3477.5,803,3466.4,829.9,3449.5,839.8,3417.85,838.65,3391.6,832.8,3379.25,821.1
4-122,Uninfected,No_comment,Polygon,17,3328.4,871.4,3344.2,861.45,3378.7,847.45,3400.95,847.45,3413.75,852.75,3430.75,867.3,3440.05,880.75,3436.05,898.9,3421.95,928.15,3409.7,942.15,3396.8,952.7,3380.45,960.9,3351.15,967.3,3331.85,957.95,3309.65,941,3305.6,914.7,3315.5,886.6
4-123,Uninfected,No_comment,Polygon,15,3427.2,1035.75,3409.7,1013.55,3402.1,991.3,3410.25,969.1,3434.85,941,3464.05,928.15,3503.3,942.15,3519.65,959.15,3523.1,977.25,3523.75,999.5,3517.9,1015.85,3507.4,1029.3,3486.25,1044.5,3459.35,1046.3,3431.3,1040.45
4-124,Uninfected,No_comment,Polygon,16,3558.25,1028.15,3555.35,1001.85,3565.3,980.75,3593.95,962.65,3630.15,954.45,3654.2,959.15,3675.8,973.2,3682.85,994.25,3679.35,1024.65,3673.5,1042.2,3658.85,1063.25,3639.55,1077.25,3627.2,1080.2,3593.95,1080.8,3566.4,1057.95,3558.8,1040.45
4-125,Uninfected,No_comment,Polygon,13,3492.5,1118.5,3500.65,1089.7,3549.05,1069.05,3574.6,1075.55,3595.8,1091.3,3600.75,1106,3605.55,1130.45,3602.3,1153.25,3588.25,1181,3539.85,1191.3,3527.85,1182.6,3503.95,1169.05,3494.7,1150.55
4-126,Uninfected,No_comment,Polygon,18,4046.9,1274.45,4074.6,1279.9,4095.8,1286.95,4112.65,1296.75,4125.15,1308.15,4138.75,1329.35,4143.65,1361.95,4137.1,1392.4,4117.6,1409.25,4106.75,1415.8,4083.9,1416.3,4058.9,1407.65,4037.1,1394.6,4024.05,1369.6,4013.2,1332.6,4011.55,1301.1,4014.9,1279.9,4028.4,1274.45
4-127,Uninfected,No_comment,Polygon,14,4082.2,1440.25,4118.1,1437,4151.8,1436.45,4178.95,1446.2,4190.9,1462.5,4198,1492.4,4190.45,1513.6,4169.2,1528.85,4128.95,1528.3,4081.15,1525.05,4066.45,1514.15,4056.75,1494.05,4053.4,1472.85,4064.3,1446.2
4-128,Uninfected,No_comment,Polygon,13,3925.7,1545.7,3959.95,1539.7,3986,1545.15,3999.6,1557.1,4007.75,1586.45,4010.55,1628.85,3987.7,1653.85,3965.9,1658.2,3949.05,1661.45,3919.7,1651.65,3900.15,1626.65,3894.7,1596.75,3911,1560.35
4-129,Uninfected,No_comment,Polygon,17,3877.85,1319.05,3868.7,1336.45,3875.15,1357.1,3885.45,1380.45,3902.3,1391.3,3923.05,1402.2,3958.35,1412.5,3980.6,1416.3,4001.8,1405.45,4004.55,1383.15,4007.2,1350.55,3998.05,1316.85,3979,1292.95,3958.85,1281,3920.25,1274.45,3899.65,1283.7,3885.45,1294.6
4-130,Uninfected,No_comment,Polygon,17,3719.75,1288.6,3726.75,1277.75,3737.65,1269.6,3764.8,1267.4,3794.15,1265.75,3816.45,1275.55,3827.3,1284.8,3838.2,1298.95,3848.5,1317.95,3846.9,1348.4,3835,1366.85,3817.55,1378.8,3781.65,1386.45,3760.45,1379.35,3730.65,1354.35,3722.4,1339.15,3713.2,1306.55
4-131,Uninfected,No_comment,Polygon,18,3693.05,1465.25,3716.45,1438.05,3747.4,1427.75,3768.15,1421.75,3792,1429.9,3802.3,1440.8,3814.8,1460.9,3824.65,1482.1,3832.8,1500,3837.15,1520.7,3827.3,1533.7,3809.4,1546.75,3782.2,1550.05,3750.15,1546.75,3726.3,1544.6,3706.1,1532.65,3689.25,1506,3688.2,1486.45
4-132,Uninfected,No_comment,Polygon,17,3824.05,1434.25,3837.65,1407.1,3857.8,1397.3,3889.8,1401.1,3917,1411.45,3955.05,1442.95,3957.2,1455.45,3952.85,1478.85,3943.7,1501.1,3927.85,1511.45,3901.25,1517.95,3879.5,1513.6,3862.15,1508.7,3851.85,1492.4,3840.35,1472.85,3832.2,1458.7,3829,1449.5
4-133,Uninfected,No_comment,Polygon,17,3623.55,1351.65,3649.6,1336.95,3672.95,1333.7,3691.45,1340.8,3703.95,1353.3,3713.2,1365.25,3714.8,1380.45,3715.95,1397.85,3707.25,1414.15,3696.95,1428.3,3685.45,1434.25,3663.2,1437,3641.45,1434.25,3620.8,1423.4,3603.4,1406,3604.5,1371.75,3615.4,1359.25
4-134,Parasitized,No_comment,Polygon,15,4202.9,1408.5,4197.25,1377.5,4212.75,1350.75,4247.25,1336.7,4281.8,1336.7,4317,1347.2,4336,1362.75,4352.9,1382.45,4355.7,1411.35,4348.7,1436.7,4338.1,1452.15,4309.95,1468.35,4280.35,1469.1,4238.1,1443.7,4217.7,1424.7
4-135,Uninfected,No_comment,Polygon,13,4156.25,1614.5,4169.55,1596.6,4197.9,1587.95,4237.75,1594.3,4267.25,1608.75,4282.85,1648.65,4282.3,1678.1,4267.85,1700.1,4245.85,1709.9,4201.95,1709.35,4184.6,1694.9,4170.15,1674.65,4155.7,1642.85
4-136,Uninfected,No_comment,Polygon,13,4079.95,1646.9,4103.65,1645.75,4114.65,1649.2,4139.5,1664.25,4158.6,1686.2,4161.45,1704.1,4159.15,1730.7,4147.6,1746.9,4122.15,1754.4,4097.9,1749.8,4077.05,1735.35,4059.75,1700.65,4065.5,1658.45
4-137,Uninfected,No_comment,Polygon,18,3972.45,1693.15,3964.35,1707.6,3955.7,1736.5,3953.95,1765.4,3959.7,1786.2,3972.45,1801.25,3986.9,1815.1,4008.85,1828.4,4039.5,1833.05,4065.5,1822.65,4082.25,1801.25,4087.5,1781,4077.6,1749.8,4064.35,1730.15,4042.95,1704.1,4032,1690.85,4002.5,1676.4,3975.9,1675.2
4-138,Uninfected,No_comment,Polygon,19,4199.05,1871.2,4203.1,1852.7,4208.85,1831.9,4215.8,1809.9,4222.15,1789.1,4236.6,1777.55,4263.2,1772.35,4282.85,1779.85,4297.3,1801.25,4305.4,1813.95,4310.05,1838.25,4310.05,1850.95,4303.65,1880.45,4289.8,1900.1,4273.05,1903,4245.85,1900.65,4233.75,1896.6,4221,1889.7,4210.6,1883.35
4-139,Uninfected,No_comment,Polygon,17,4147,1974.65,4145.3,1950.4,4153.4,1931.9,4164.35,1922.65,4197.3,1913.4,4230.85,1920.9,4252.8,1934.2,4260.9,1943.45,4270.15,1960.2,4274.2,1974.65,4273.6,1993.15,4262.05,2008.75,4234.9,2021.5,4218.7,2020.9,4189.8,2019.75,4165.5,2000.65,4148.75,1984.5
4-140,Uninfected,No_comment,Polygon,17,3976.5,1920.3,3981.7,1908.75,3999.6,1894.3,4028.5,1893.15,4050.5,1903.55,4064.35,1912.25,4089.2,1934.75,4101.35,1956.15,4102.5,1975.8,4080.55,2009.9,4063.8,2012.25,4040.65,2012.25,4018.7,2007.6,4004.25,1998.35,3989.8,1986.2,3971.85,1961.95,3970.15,1944.6
4-141,Uninfected,No_comment,Polygon,20,3871.85,1816.25,3885.75,1805.3,3909.45,1799.5,3924.45,1798.95,3947,1806.45,3961.45,1818.6,3981.1,1841.15,3988.05,1858.45,3986.9,1873.5,3978.8,1887.95,3962.6,1908.2,3952.2,1918,3937.75,1924.95,3892.65,1922.05,3879.95,1912.25,3865.5,1901.25,3855.1,1890.25,3846.4,1861.35,3847.6,1843.45,3855.65,1827.25
4-142,Uninfected,No_comment,Polygon,14,3785.75,1709.35,3801.35,1694.3,3828.5,1690.85,3859.15,1697.75,3876.5,1712.8,3889.2,1730.15,3896.7,1741.1,3889.8,1784.5,3859.15,1802.4,3822.15,1810.5,3796.15,1797.2,3781.1,1781,3775.9,1754.4,3779.95,1722.6
4-143,Uninfected,No_comment,Polygon,17,3677.65,1626.1,3666.65,1601.8,3666.65,1578.1,3677.65,1562.5,3695.55,1557.3,3730.25,1555,3758.55,1564.25,3776.5,1575.8,3801.35,1584.45,3810,1593.7,3816.35,1608.15,3811.15,1640.55,3801.9,1656.15,3778.2,1671.75,3755.1,1670.6,3723.85,1657.9,3704.8,1642.85
4-144,Uninfected,No_comment,Polygon,14,3619.25,1732.45,3609.4,1713.35,3604.2,1688.5,3609.4,1671.15,3630.25,1645.75,3661.45,1638.2,3711.75,1661.95,3725.05,1676.4,3736,1694.9,3737.15,1715.1,3732.55,1732.45,3719.85,1746.9,3698.45,1755,3648.15,1753.25
4-145,Uninfected,No_comment,Polygon,16,3817.5,2013.4,3815.8,1972.35,3819.85,1938.25,3830.25,1929.55,3853.35,1929.55,3879.35,1936.5,3899.05,1941.15,3941.25,1967.15,3953.35,1995.45,3951.05,2018,3944.1,2034.2,3933.7,2055,3905.4,2068.3,3870.1,2068.3,3848.15,2057.3,3823.25,2028.4
4-146,Uninfected,No_comment,Polygon,13,3571,1862.95,3598.45,1883.05,3607.55,1902.55,3609.4,1926.95,3600.25,1956.25,3577.7,1979.4,3546,1982.45,3508.2,1976.35,3483.8,1957.45,3475.2,1930.6,3486.2,1900.15,3514.25,1865.35,3542.25,1854.4
4-147,Uninfected,No_comment,Polygon,13,3487.45,1603.15,3488.05,1578.75,3499.05,1558.05,3520.35,1540.95,3553.9,1536.7,3581.95,1549.5,3599.6,1567.8,3606.35,1588.5,3600.25,1623.9,3581.35,1640.95,3543.55,1649.5,3513.65,1638.5,3489.9,1615.95
4-148,Uninfected,No_comment,Polygon,13,3446.6,1623.3,3471.6,1625.1,3490.5,1637.9,3517.95,1653.75,3531.35,1667.2,3537.4,1700.1,3529.5,1726.95,3510,1747.05,3483.15,1753.15,3437.45,1736.7,3415.5,1713.55,3413.65,1642.8,3424,1631.2
4-149,Uninfected,No_comment,Polygon,14,3664.3,2086.1,3657.6,2050.75,3668.55,2030.65,3687.45,2009.3,3714.3,2005,3747.85,2012.95,3767.35,2027.6,3782,2060.5,3789.9,2087.95,3780.15,2098.3,3760.65,2119.65,3738.7,2135.5,3699.65,2117.85,3674.05,2095.9
4-150,Uninfected,No_comment,Polygon,17,3403.85,1909.25,3391.65,1884.8,3381.9,1859.25,3375.8,1835.4,3380.65,1808,3404.5,1791.5,3439.8,1783.6,3477,1787.3,3494.75,1806.75,3501.45,1828.7,3503.25,1843.4,3494.75,1862.85,3484.4,1879.95,3472.15,1898.85,3459.4,1912.85,3443.55,1922.65,3415.5,1916.55
4-151,Uninfected,No_comment,Polygon,13,3632.5,2229.95,3610.6,2212.9,3600.25,2192.75,3595.3,2169.65,3603.3,2136.65,3622.2,2122.65,3653.9,2118.35,3680.15,2128.15,3710.55,2144.6,3720.4,2163.55,3718.55,2188.55,3698.45,2225.1,3669.75,2233
4-152,Uninfected,No_comment,Polygon,12,3788.7,2162.9,3784.95,2135.5,3786.85,2120.85,3800.8,2102.5,3816.05,2091.55,3838.7,2087.9,3876.45,2098.9,3894.8,2129.4,3889.9,2170.25,3864.25,2193.4,3830.1,2195.8,3795.95,2173.3
4-153,Uninfected,No_comment,Polygon,13,3901.45,2402.55,3893.55,2377.55,3899.65,2352.55,3922.85,2333,3958.8,2327.55,3978.35,2338.55,3996,2362.95,4002.65,2386.7,3999.05,2426.3,3988.1,2442.8,3958.8,2447.1,3936.25,2434.3,3904.5,2409.3
4-154,Uninfected,No_comment,Polygon,13,3680.7,2334.25,3667.35,2304.95,3674.05,2276.9,3695.95,2249.5,3733.75,2235.5,3764.85,2250.1,3785.65,2267.75,3799,2302.55,3788,2341.6,3773.45,2355,3745.4,2364.1,3707.6,2355.6,3687.45,2344.65
4-155,Uninfected,No_comment,Polygon,16,3519.1,2370.2,3510.6,2337.95,3527.7,2295.8,3558.8,2277.55,3579.5,2270.8,3602.65,2276.35,3633.2,2293.4,3642.95,2307.45,3649.6,2326.9,3647.8,2352.55,3637.45,2370.2,3624.6,2383.65,3608.8,2395.2,3591.7,2400.15,3549.05,2395.85,3533.8,2384.9
4-156,Uninfected,No_comment,Polygon,12,3375.25,2282.45,3369.7,2240.95,3382.55,2220.8,3395.95,2203.8,3414.8,2203.8,3447.15,2220.8,3457.55,2240.35,3456.9,2260.5,3445.9,2300.75,3429.5,2305.6,3411.75,2309.9,3383.15,2294.65
4-157,Uninfected,No_comment,Polygon,16,3349,2253.8,3303.9,2220.8,3294.15,2190.35,3296.55,2161.65,3313.05,2134.25,3344.15,2115.3,3374,2112.25,3405.1,2117.2,3424.65,2133.05,3433.15,2156.2,3435.6,2170.8,3424,2187.9,3410,2202.6,3394.75,2215.4,3376.45,2230.65,3361.8,2251.35
4-158,Uninfected,No_comment,Polygon,16,3411.75,1944.6,3434.4,1956.15,3446.6,1969.6,3457.55,1992.15,3460.6,2020.2,3458.15,2034.85,3446.6,2067.8,3431.35,2081.8,3409.95,2090.3,3384.95,2086.65,3352.05,2073.9,3337.35,2056.15,3321.5,2018.95,3335.55,1974.5,3359.4,1957.4,3394.15,1943.95
4-159,Uninfected,No_comment,Polygon,16,3741.7,2399.55,3746.6,2421.5,3738.65,2444.1,3721.6,2457.55,3705.2,2475.2,3696.6,2491.05,3678.95,2503.85,3637.45,2504.5,3610.65,2490.45,3596.6,2454.5,3600.9,2422.15,3620.35,2405.1,3647.85,2388,3676.45,2378.3,3710.05,2380.1,3727.7,2388
4-160,Uninfected,No_comment,Polygon,12,3706.4,2531.9,3722.25,2564.9,3739.35,2583.1,3768.6,2591.05,3796,2584.35,3818.6,2569.1,3828.9,2542.95,3818.6,2504.5,3799.7,2480.05,3766.7,2465.5,3730.2,2469.7,3711.3,2492.85
4-161,Uninfected,No_comment,Polygon,12,3635.05,2550.85,3661.85,2559.35,3685.05,2580.05,3702.15,2602.1,3705.75,2644.7,3674.1,2672.75,3652.7,2673.35,3625.9,2663.05,3603.95,2643.5,3591.75,2615.45,3595.35,2589.9,3607,2565.45
4-162,Uninfected,No_comment,Polygon,16,3514.85,2488,3545.4,2503.25,3561.2,2516.7,3572.2,2539.9,3572.85,2565.45,3572.2,2597.15,3562.45,2607.5,3548.45,2614.85,3535,2616.05,3501.5,2609.35,3488.7,2596.55,3476.5,2579.45,3464.85,2540.45,3468.6,2509.95,3486.25,2494.1,3503.3,2489.2
4-163,Uninfected,No_comment,Polygon,21,3423.45,2498.95,3436.25,2513,3442.35,2524.65,3450.25,2544.1,3456.95,2561.85,3466.1,2582.5,3473.45,2602.1,3475.25,2614.85,3470.4,2639.85,3459.45,2652.65,3431.4,2666.65,3413.05,2660.55,3397.8,2654.45,3389.3,2644.15,3378.9,2625.2,3371.55,2610,3366.15,2586.15,3363.65,2567.25,3372.8,2542.95,3384.35,2528.25,3406.95,2505.05
4-164,Uninfected,No_comment,Polygon,16,3326.45,2722.2,3342.95,2713.6,3353.9,2694.15,3360.6,2675.8,3350.2,2630.15,3328.95,2604.45,3297.85,2585.6,3279.5,2581.3,3265.5,2588,3253.95,2600.2,3241.05,2621,3239.9,2645.3,3245.35,2670.95,3262.4,2706.9,3275.9,2721.55,3302.1,2727.05
4-165,Uninfected,No_comment,Polygon,18,3210.65,2463.6,3209.95,2426.45,3217.9,2402.05,3251.45,2391.05,3266.05,2397.75,3283.8,2409.95,3297.85,2423.95,3308.2,2444.1,3315.45,2467.3,3317.95,2491.05,3317.95,2504.5,3308.8,2519.1,3292.95,2530.75,3261.2,2534.95,3246.6,2526.45,3231.9,2513,3220.35,2492.3,3214.25,2478.25
4-166,Uninfected,No_comment,Polygon,18,3319.1,2416.05,3314.9,2400.8,3308.8,2381.35,3312.4,2358.7,3321.55,2336.8,3340.45,2320.3,3358.8,2313.6,3380.7,2315.4,3395.4,2327.05,3405.7,2338,3416.7,2356.35,3419.15,2378.85,3414.85,2402.05,3403.9,2419.1,3394.75,2429.45,3367.35,2439.25,3341.7,2433.7,3329.5,2424.55
4-167,Uninfected,No_comment,Polygon,16,3233.8,2353.85,3221.6,2328.85,3214.25,2297.1,3230.75,2260,3249,2245.3,3278.25,2240.4,3303.95,2252.65,3321.55,2267.25,3332.55,2288.05,3332,2300.15,3324.6,2318.45,3312.4,2339.85,3300.9,2351.4,3286.85,2363.6,3255.1,2369.7,3239.25,2359.95
4-168,Uninfected,No_comment,Polygon,21,3047.8,2484.3,3036.2,2464.8,3024.6,2438.5,3020.35,2409.3,3021.55,2383.65,3036.2,2357.4,3061.2,2341,3090.5,2336.75,3104.5,2345.25,3117.9,2361.1,3127.65,2382.4,3138.05,2406.25,3146.6,2419.05,3153.9,2428.8,3152.7,2444.6,3144.75,2462.35,3134.5,2473.8,3121.7,2484.2,3102.15,2493.35,3064.25,2509.85,3051.45,2490.4
4-169,Uninfected,No_comment,Polygon,16,3120.35,2328.2,3106.35,2341,3100.85,2366.05,3108.15,2389.2,3116.7,2403.85,3130.1,2417.9,3147.8,2423.35,3168.55,2422.65,3200.25,2406.85,3208.8,2392.8,3210.6,2369.05,3206.95,2346.5,3194.75,2328.8,3172.8,2316,3155.1,2313.55,3131.95,2320.2
4-170,Uninfected,No_comment,Polygon,15,2978.25,2241.6,3000.85,2236.05,3028.3,2241.6,3042.3,2249.5,3051.45,2262.3,3057.55,2301.95,3048.4,2320.85,3035.6,2335.5,3017.3,2342.8,2994.15,2339.15,2977.05,2332.4,2961.2,2318.4,2953.25,2301.3,2952.65,2281.25,2963.05,2254.4
4-171,Uninfected,No_comment,Polygon,14,3086.2,2187.3,3071.55,2205.6,3063.65,2228.15,3074.6,2262.3,3086.2,2281.25,3100.85,2291.6,3125.85,2295.2,3152.05,2289.75,3172.2,2266,3179.5,2234.9,3174.65,2198.3,3158.15,2182.45,3138.05,2173.85,3111.2,2175.75
4-172,Uninfected,No_comment,Polygon,13,2756.3,2155.6,2784.95,2165.95,2806.3,2188.55,2817.9,2226.35,2814.85,2266,2800.2,2280.6,2769.7,2295.2,2738.6,2289.75,2698.35,2261.7,2688.6,2237.95,2688.6,2202.55,2700.8,2179.95,2724.6,2160.5
4-173,Uninfected,No_comment,Polygon,14,2840.45,2273.3,2831.9,2249.5,2834.35,2222.7,2845.35,2189.75,2868.5,2177.55,2902.65,2172.05,2925.2,2183.05,2947.8,2203.15,2951.45,2235.5,2949.6,2259.25,2934.35,2288.55,2900.2,2300.75,2876.45,2298.9,2853.25,2287.95
4-174,Uninfected,No_comment,Polygon,20,3003.9,2165.95,2990.45,2139.7,2985,2105.55,2993.5,2077.5,3005.1,2065.35,3033.15,2060.5,3050.25,2064.75,3072.8,2072.65,3086.8,2084.25,3099,2096.45,3110,2108.05,3119.15,2119.65,3119.15,2140.95,3116.1,2152.55,3104.5,2165.95,3091.1,2177.55,3073.4,2186.1,3049.6,2187.3,3030.7,2181.25,3010.6,2171.45
4-175,Uninfected,No_comment,Polygon,23,3092.3,1987.25,3084.4,1994.6,3078.9,2011.1,3077.65,2032.45,3078.3,2050.7,3086.2,2063.55,3097.8,2079.4,3111.8,2094,3130.1,2100.1,3143.55,2100.7,3162.45,2093.4,3174.65,2081.8,3186.2,2067.2,3192.3,2053.75,3195.35,2037.9,3194.75,2020.25,3189.85,2001.35,3180.1,1989.15,3168.55,1980,3153.9,1969.6,3138.05,1965.95,3111.2,1969,3100.85,1979.35
4-176,Uninfected,No_comment,Polygon,18,2930.7,1934.25,2922.8,1949.5,2920.35,1972.05,2926.45,1995.25,2940.45,2014.15,2961.2,2026.95,2985,2030.6,3010.6,2028.15,3036.8,2011.1,3046.55,1994.6,3046.55,1972.65,3043.5,1944.6,3032.55,1927.55,3011.8,1906.8,2996.55,1896.45,2965.45,1903.15,2951.45,1912.3,2941.05,1922.65
4-177,Uninfected,No_comment,Polygon,16,2253.2,1978.2,2275.75,1969.7,2295.9,1968.45,2320.9,1980.65,2333.1,2008.7,2339.8,2033.15,2334.9,2060.5,2322.7,2074.55,2302,2090.4,2271.5,2091.6,2246.5,2087.4,2232.45,2075.75,2221.5,2060.5,2215.4,2038.55,2225.15,2007.45,2242.85,1986.75
4-178,Uninfected,No_comment,Polygon,14,2316.6,2191.7,2304.45,2171.55,2300.75,2144.05,2300.75,2123.4,2314.8,2098.95,2336.15,2086.15,2382.5,2083.7,2397.75,2094.65,2411.15,2110.6,2424.55,2142.85,2425.8,2171.55,2406.85,2199.6,2376.4,2208.1,2344.05,2209.3
4-179,Uninfected,No_comment,Polygon,16,2455.65,2130.65,2447.75,2098.4,2455.65,2078.25,2472.75,2050.2,2505.65,2036.2,2544.1,2033.7,2569.1,2050.2,2582.5,2068.45,2583.7,2089.2,2573.35,2107.55,2561.15,2121.5,2548.35,2134.9,2537.35,2146.55,2508.7,2156.3,2484.3,2156.3,2462.35,2147.7
4-180,Uninfected,No_comment,Polygon,15,2522.75,2207.5,2522.15,2187.95,2534.3,2162.4,2553.25,2143.5,2582.5,2128.8,2608.1,2128.8,2625.2,2137.95,2636.15,2150.75,2641.05,2176.4,2639.8,2191,2634.95,2211.15,2622.15,2231.25,2577.6,2253.2,2563.6,2249.6,2534.3,2228.2
4-181,Uninfected,No_comment,Polygon,19,2744.1,1901.95,2753.25,1884.3,2769.7,1877.65,2794.1,1875.75,2814.2,1884.3,2834.35,1895.85,2850.8,1916,2862.4,1950.15,2855.7,1977.05,2845.95,1992.85,2833.15,2007.45,2813,2018.45,2788,2019.65,2772.15,2018.45,2744.7,2006.9,2734.95,1992.85,2728.85,1971.5,2725.8,1941,2732.5,1919.7
4-182,Uninfected,No_comment,Polygon,16,2865.45,1814.2,2852.05,1835.55,2844.7,1861.8,2847.15,1882.5,2855.7,1900.8,2869.1,1914.15,2887.4,1924,2911.8,1920.95,2930.7,1911.8,2949,1894.05,2960.6,1876.95,2963.6,1823.35,2952.65,1808.65,2932.5,1798.35,2898.4,1801.95,2876.4,1807.5
4-183,Uninfected,No_comment,Polygon,13,2549.55,1906.25,2591.65,1920.25,2605.65,1942.9,2608.1,1970.25,2594.7,1997.1,2572.75,2012.35,2531.9,2016.05,2493.45,2000.8,2474.55,1978.85,2471.5,1947.1,2488,1919.7,2508.7,1906.85,2530.05,1908.05
4-184,Uninfected,No_comment,Polygon,16,2618.5,1912.95,2622.75,1876.95,2631.9,1840.4,2646.55,1808.05,2665.45,1794.65,2694.7,1789.75,2714.2,1795.3,2733.1,1811.7,2749.6,1837.95,2753.25,1869.7,2748.35,1890.4,2731.9,1914.85,2716.65,1927.6,2693.5,1938.6,2671.55,1938.6,2632.5,1928.85
4-185,Uninfected,No_comment,Polygon,17,2758.75,1706.3,2761.15,1730.05,2763,1750.75,2767.9,1775.75,2778.25,1790.45,2800.15,1804.45,2827.65,1808.65,2858.15,1799.6,2886.2,1787.95,2905.1,1773.9,2911.2,1761.15,2906.3,1744.65,2896.55,1734.9,2874.6,1723.95,2837.4,1710.5,2800.8,1697.7,2777.65,1694.65
4-186,Uninfected,No_comment,Polygon,14,2851.4,1608.7,2845.3,1616.6,2837.4,1645.25,2837.4,1674.5,2843.5,1688.55,2857.5,1702,2888,1713.55,2915.45,1712.95,2938.6,1703.8,2949,1679.4,2946.55,1636.75,2904.45,1600.1,2881.3,1597.75,2858.15,1605.65
4-187,Uninfected,No_comment,Polygon,19,2577,1755.6,2585.55,1756.85,2597.75,1765.45,2609.95,1774.5,2617.25,1784.9,2620.3,1801.95,2622.75,1833.05,2620.3,1858.05,2613,1873.35,2602.6,1886.1,2588.6,1893.45,2553.25,1888.6,2539.8,1877.65,2519.1,1862.95,2513.6,1844.05,2517.85,1818.5,2528.85,1783.65,2542.85,1768.5,2559.95,1759.35
4-188,Uninfected,No_comment,Polygon,16,2133.05,1754.4,2142.2,1756.85,2164.15,1767.25,2177.6,1780.6,2188.55,1795.3,2193.45,1820.85,2190.4,1844.05,2178.2,1872.7,2153.2,1884.3,2118.45,1881.85,2103.8,1867.8,2089.15,1851.95,2079.4,1823.9,2087.35,1800.75,2105.65,1769.65,2120.25,1759.35
4-189,Uninfected,No_comment,Polygon,13,2116,1653.8,2110.5,1675.75,2117.2,1702,2128.2,1719.1,2147.1,1733.1,2172.1,1737.95,2196.5,1735.5,2219.65,1707.45,2218.45,1647.7,2202.6,1625.1,2178.2,1609.25,2142.85,1614.8,2119.1,1640
4-190,Uninfected,No_comment,Polygon,14,2231.85,1661.75,2248.95,1709.25,2275.15,1722.15,2300.75,1726.35,2324.55,1719.1,2341.65,1705.05,2348.95,1683.1,2351.4,1658.05,2338.6,1623.9,2316.6,1595.85,2273.35,1592.2,2255.05,1598.3,2243.45,1613,2232.45,1634.95
4-191,Uninfected,No_comment,Polygon,13,2247.1,1759.9,2303.2,1776.4,2317.25,1797.7,2330.05,1831.25,2323.35,1862.95,2300.15,1880,2271.5,1892.9,2236.75,1889.15,2208.7,1858.05,2206.85,1842.8,2207.45,1807.5,2209.9,1790.45,2224.55,1762.95
4-192,Uninfected,No_comment,Polygon,17,2358.7,1819.05,2343.45,1772.1,2344.05,1739.2,2352.6,1720.25,2361.75,1705.6,2375.75,1701.35,2395.9,1711.7,2409.3,1720.25,2426.4,1740.35,2437.35,1758.1,2448.95,1774.5,2454.45,1795.3,2453.2,1818.5,2438.6,1834.9,2415.4,1838.6,2385.55,1839.75,2369.05,1830
4-193,Uninfected,No_comment,Polygon,18,2436.15,1661.75,2431.25,1695.25,2436.75,1721.45,2448.95,1740.35,2459.3,1752.55,2472.1,1763.55,2497.15,1768.5,2511.15,1767.8,2533.1,1754.4,2545.3,1742.8,2552,1733.1,2555.65,1715.35,2550.8,1701.35,2536.15,1670.25,2520.3,1655,2502.6,1642.85,2486.15,1636.1,2454.45,1639.15
4-194,Uninfected,No_comment,Polygon,18,2083.4,1499.35,2108.85,1504.65,2133.7,1494.65,2147.3,1480.45,2156.2,1457.9,2162.7,1439.65,2157.95,1418.3,2134.9,1391.7,2103.55,1378.05,2053.85,1379.85,2039.65,1394.05,2033.7,1411.2,2031.35,1431.35,2035.5,1444.35,2040.2,1460.3,2050.85,1475.7,2061.5,1486.95,2069.2,1495.25
4-195,Uninfected,No_comment,Polygon,16,2161.5,1505.9,2166.85,1462.7,2180.45,1441.4,2195.25,1429.5,2213.6,1423.65,2232.55,1421.85,2250.3,1431.35,2268.05,1447.9,2275.15,1469.2,2275.75,1502.9,2270.4,1519.5,2257.4,1532.55,2239.05,1540.15,2207.1,1547.9,2185.8,1542,2165.05,1523.05
4-196,Uninfected,No_comment,Polygon,14,2294.65,1498.8,2291.1,1456.75,2304.7,1434.9,2323.05,1422.4,2354.4,1412.4,2374.55,1418.85,2394.05,1434.3,2408.85,1450.3,2405.3,1486.95,2396.45,1502.35,2384.6,1515.95,2361.55,1526.6,2333.7,1525.95,2308.85,1512.4
4-197,Uninfected,No_comment,Polygon,19,2373.95,1666.85,2368.65,1647.3,2365.65,1625.95,2364.5,1603.55,2374.55,1573.95,2389.95,1559.75,2415.95,1549.65,2431.95,1553.2,2469.2,1572.75,2483.4,1586.9,2490.5,1601.1,2486.4,1624.8,2475.2,1636.3,2455.65,1648.75,2439.7,1658.8,2427.2,1666.85,2411.8,1669.2,2395.25,1670.4,2379.85,1670.95
4-198,Uninfected,No_comment,Polygon,18,2529.55,1638.45,2531.95,1604.65,2543.2,1588.7,2563.9,1580.45,2591.7,1576.9,2609.45,1585.15,2630.15,1598.2,2643.2,1616.55,2644.95,1636.1,2641.4,1655,2637.25,1677.5,2625.45,1688.75,2596.45,1700.6,2581.65,1695.85,2565.1,1686.9,2552.65,1674.5,2541.4,1661.5,2534.3,1651.45
4-199,Uninfected,No_comment,Polygon,17,2743.2,1660.3,2729.6,1649.1,2721.3,1630.75,2718.35,1605.3,2724.25,1586.35,2747.35,1569.2,2774.55,1559.15,2793.5,1559.15,2809.45,1567.4,2821.3,1578.7,2829.6,1604.1,2829.6,1617.75,2818.35,1657.4,2804.15,1666.25,2785.2,1671.6,2770.4,1669.2,2754.45,1662.7
4-200,Uninfected,No_comment,Polygon,19,2459.15,1473.35,2446.75,1486.35,2439.05,1501.1,2442.6,1531.35,2453.85,1546.1,2469.2,1559.75,2483.4,1568.6,2509.45,1581.05,2525.45,1583.35,2550.9,1566.25,2558,1557.4,2563.9,1543.2,2556.8,1515.3,2550.3,1493.45,2543.2,1478.7,2522.45,1461.45,2502.95,1459.15,2481.05,1463.85,2471.6,1469.8
4-201,Uninfected,No_comment,Polygon,18,2585.2,1450.8,2571.6,1468.6,2563.3,1485.8,2566.25,1520.1,2570.4,1535.45,2582.25,1549.65,2598.8,1560.3,2611.8,1562.7,2637.25,1561.5,2655,1557.4,2669.2,1543.7,2678.1,1529,2681.65,1511.2,2678.1,1492.9,2669.2,1473.95,2651.45,1457.4,2627.8,1444.95,2601.15,1442.55
4-202,Uninfected,No_comment,Polygon,14,2113,1352.65,2106.5,1332.55,2108.85,1296.45,2119.5,1268.55,2149.1,1248.5,2194.65,1253.25,2209.45,1276.9,2227.2,1296.45,2229,1337.85,2217.75,1365.65,2198.2,1376.3,2169.8,1385.15,2142,1377.5,2127.2,1366.25
4-203,Uninfected,No_comment,Polygon,14,2705.9,1480.45,2734.9,1473.95,2746.15,1453.85,2755.6,1421.85,2750.3,1389.9,2732.55,1370.4,2710.05,1357.9,2669.8,1360.3,2653.85,1372.75,2647.35,1382.8,2651.45,1410.65,2663.9,1437.85,2675.15,1454.35,2689.35,1471.6
4-204,Uninfected,No_comment,Polygon,18,2521.3,1375.7,2506.5,1353.2,2497.6,1337.85,2495.85,1310.65,2497.05,1291.7,2508.25,1269.2,2527.8,1253.85,2547.9,1249.7,2567.45,1247.9,2586.95,1258.55,2604.15,1274.5,2617.75,1308.85,2624.25,1329.5,2622.45,1352.65,2609.45,1371.6,2597.05,1382.8,2562.1,1388.7,2535.5,1384.6
4-205,Uninfected,No_comment,Polygon,18,2626,1291.1,2614.8,1261.45,2614.2,1240.8,2624.25,1218.3,2637.85,1200.55,2651.45,1192.9,2674.55,1186.95,2705.9,1197.6,2729.6,1211.2,2743.8,1245.55,2744.95,1266.25,2736.1,1294.65,2723.05,1311.75,2708.85,1321.85,2683.4,1327.2,2659.75,1328.4,2643.2,1318.3,2630.75,1302.35
4-206,Uninfected,No_comment,Polygon,13,2197.6,1059.15,2210.65,1068.05,2236.65,1081.6,2254.4,1114.75,2255.6,1139.05,2240.8,1172.75,2213,1182.75,2169.2,1173.95,2151.45,1160.35,2144.95,1137.25,2140.2,1105.9,2153.85,1079.2,2171,1060.95
4-207,Uninfected,No_comment,Polygon,17,2286.95,1189.35,2284.6,1172.1,2277.5,1146.7,2285.8,1128.95,2301.15,1111.2,2332.55,1100,2356.2,1087.55,2381.05,1092.25,2400.6,1105.3,2411.8,1135.5,2408.85,1155.6,2402.35,1178.05,2390.5,1195.25,2373.95,1208.25,2353.85,1211.2,2312.4,1210,2299.4,1201.75
4-208,Uninfected,No_comment,Polygon,16,2449.7,1217.1,2433.7,1188.7,2427.8,1162.1,2439.05,1115.95,2452.05,1101.15,2469.8,1092.25,2499.4,1092.25,2517.15,1107.1,2536.65,1128.4,2545.55,1163.9,2542.6,1197,2537.25,1216.55,2523.65,1230.75,2501.75,1235.5,2475.15,1233.05,2460.35,1225.4
4-209,Uninfected,No_comment,Polygon,15,2568.65,1168.55,2559.15,1146.7,2566.25,1115.95,2584.6,1090.5,2620.1,1079.85,2640.8,1083.4,2662.7,1095.8,2676.9,1115.95,2681.05,1143.15,2676.3,1157.9,2662.7,1173.95,2634.3,1188.7,2613,1193.45,2595.25,1188.7,2579.85,1181.05
4-210,Uninfected,No_comment,Polygon,15,2242.6,1020.65,2253.85,1000.55,2279.3,988.7,2306.5,987.55,2336.7,994.65,2352.65,1005.3,2362.7,1023.05,2363.3,1046.15,2358.55,1066.25,2339.05,1081.6,2323.65,1091.1,2304.15,1098.8,2263.3,1089.9,2250.3,1071,2239.65,1039.05
4-211,Uninfected,No_comment,Polygon,17,2284.6,929.55,2281.65,909.45,2284,883.4,2296.45,864.5,2315.95,847.3,2347.35,842.6,2372.2,852.05,2391.1,869.8,2404.75,888.75,2398.8,914.2,2389.95,945.55,2385.2,961.45,2376.3,972.75,2347.9,978.7,2328.4,968.55,2311.85,955.6,2296.45,941.95
4-212,Uninfected,No_comment,Polygon,19,2404.75,997.6,2403.55,973.95,2409.45,949.1,2415.4,927.2,2426.6,902.35,2455,888.15,2475.75,884.6,2511.25,901.15,2532.55,920.1,2531.35,933.7,2523.65,953.25,2518.95,966.25,2514.2,980.45,2503.55,994.05,2494.1,1005.9,2476.9,1019.5,2455.6,1024.2,2430.75,1019.5,2417.15,1011.2
4-213,Uninfected,No_comment,Polygon,18,2335.5,753.25,2336.1,771,2346.15,796.95,2359.15,820.1,2376.3,835.5,2392.9,846.15,2412.4,852.6,2429.6,854.35,2447.35,844.95,2460.95,830.15,2472.2,808.25,2475.15,773.95,2471,761.45,2455.6,734.3,2430.15,710.05,2389.35,693.4,2358.55,703.55,2339.65,722.45
4-214,Uninfected,No_comment,Polygon,17,2423.65,657.95,2426.6,673.95,2434.3,694.05,2448.5,714.7,2480.45,730.15,2495.85,731.3,2524.85,717.75,2536.1,707.1,2540.8,692.3,2540.8,673.95,2536.7,655,2521.3,636.65,2498.8,615.35,2478.7,610.65,2456.8,614.2,2440.25,629.55,2424.85,645.5
4-215,Uninfected,No_comment,Polygon,18,2565.1,641.4,2579.3,618.9,2594.1,604.7,2607.1,596.95,2626.05,600.5,2646.75,607.1,2663.15,620.35,2678.7,638.4,2684,650.25,2690.55,678.65,2686.4,694.05,2680.45,705.9,2665.65,717.75,2637.25,723.65,2600.6,720.1,2583.4,705.3,2566.85,685.8,2560.35,663.25
4-216,Uninfected,No_comment,Polygon,15,2779.9,601.75,2766.25,618.9,2763.9,644.35,2768.05,671,2782.25,694.65,2795.25,707.6,2814.8,712.4,2840.8,720.1,2860.95,714.2,2875.75,701.15,2889.35,678.65,2891.1,636.65,2876.9,611.15,2850.3,596.95,2805.9,595.25
4-217,Uninfected,No_comment,Polygon,11,2748.5,794.65,2749.7,771.55,2760.95,746.7,2789.35,730.15,2821.3,737.25,2843.8,752.05,2841.4,782.75,2833.15,805.3,2814.8,823.65,2789.95,827.75,2759.15,816.55
4-218,Uninfected,No_comment,Polygon,20,2485.2,801.75,2475.15,824.2,2483.4,845.5,2492.3,863.3,2508.3,877.5,2522.5,889.35,2533.15,899.35,2554.45,903.55,2572.2,902.9,2591.7,892.3,2600.6,877.5,2600.6,862.1,2605.3,833.7,2587,791.1,2569.8,772.1,2555,763.3,2535.5,760.9,2519.5,761.45,2505.9,771,2493.5,784.6
4-219,Uninfected,No_comment,Polygon,18,2620.1,839.05,2612.4,809.45,2612.4,783.4,2621.9,753.8,2643.8,744.35,2665.65,745.5,2693.5,752.05,2705.9,759.15,2716.55,769.8,2726.05,789.35,2730.75,810.65,2722.5,831.3,2715.4,839.6,2683.45,857.35,2671.6,862.7,2653.85,866.25,2640.25,865.65,2628.4,856.2
4-220,Uninfected,No_comment,Polygon,14,2526.05,1052.05,2511.85,1021.3,2521.3,994.65,2534.3,965.65,2570.4,960.95,2600.6,969.8,2610.05,983.4,2615.4,1005.9,2613.6,1036.6,2604.75,1057.4,2597.65,1066.25,2577.5,1068.05,2542,1071,2529.6,1060.95
4-221,Uninfected,No_comment,Polygon,19,2640.8,918.3,2647.9,896.95,2678.1,878.1,2712.4,860.9,2731.35,853.8,2760.95,854.35,2772.8,865,2779.9,882.75,2780.45,898.2,2769.25,921.85,2756.8,935.5,2747.9,944.35,2738.45,960.35,2732.55,969.2,2718.95,980.45,2676.9,988.15,2660.95,979.2,2646.75,966.25,2638.45,933.7
4-222,Uninfected,No_comment,Polygon,18,2704.15,1155.6,2692.3,1134.3,2681.65,1119.5,2681.65,1107.1,2684.6,1092.25,2689.95,1078.7,2707.7,1062.1,2730.15,1049.7,2747.9,1050.3,2768.05,1058.55,2787,1068.05,2801.2,1082.75,2808.3,1100.55,2808.3,1144.35,2799.4,1156.2,2766.85,1176.3,2742.6,1173.95,2711.85,1163.3
4-223,Uninfected,No_comment,Polygon,12,2743.8,1003.55,2752.65,960.95,2781.65,932.5,2809.45,929.55,2838.45,946.15,2850.9,966.85,2852.65,982.25,2846.15,1021.85,2827.2,1042,2797.65,1046.75,2771,1039.6,2753.25,1024.2
4-224,Uninfected,No_comment,Polygon,14,2848.5,937.25,2844.95,914.2,2854.45,869.8,2868.05,860.9,2910.65,862.1,2930.75,872.75,2951.5,893.4,2962.7,927.2,2957.4,957.9,2943.2,978.7,2910.65,989.35,2890.55,984,2869.25,967.45,2855,953.25
4-225,Uninfected,No_comment,Polygon,16,2898.8,827.75,2897.65,795.25,2908.3,768,2946.15,741.4,2982.25,736.05,3006.5,749.7,3021.9,769.8,3021.3,794.65,3020.7,814.75,3018.95,835.5,3012.4,849.7,2999.4,862.1,2972.2,870.4,2940.8,860.9,2915.95,849.05,2905.3,839.05
4-226,Uninfected,No_comment,Polygon,17,2892.3,1112.4,2888.75,1075.65,2900,1053.85,2915.4,1037.85,2955.6,1023.05,2979.9,1023.65,2995.25,1037.85,3015.95,1063.9,3021.9,1082.25,3021.3,1099.35,3012.4,1116.55,2999.4,1130.15,2976.35,1143.2,2958.6,1143.2,2924.25,1138.45,2908.3,1130.15,2900,1123.05
4-227,Uninfected,No_comment,Polygon,15,3163.9,711.15,3160.9,681,3165.05,656.15,3195.25,647.3,3227.8,642.6,3247.85,651.45,3279.8,666.8,3287.5,697.6,3287.5,729.55,3272.7,747.9,3252,760.9,3220.7,767.45,3199.4,760.9,3187.5,750.2,3171,730.75
4-228,Uninfected,No_comment,Polygon,13,3043.15,792.3,3048.45,816.55,3057.35,841.4,3081.05,860.35,3099.4,862.7,3135.45,859.7,3154.95,846.65,3171.55,820.1,3167.45,774.55,3144.9,752.05,3098.8,737.25,3072.7,752.6,3053.2,770.35
4-229,Uninfected,No_comment,Polygon,13,3020.7,870.35,3049.1,868.55,3077.5,878.65,3096.35,893.4,3101.1,911.15,3095.25,950.25,3083.35,964.45,3055.55,990.5,3030.75,999.35,2988.15,975.1,2981.65,959.7,2982.2,920.65,2995.25,886.3
4-230,Uninfected,No_comment,Polygon,20,3075.7,1050.25,3069.15,1026.6,3074.55,1002.9,3087.5,984,3098.15,968,3104.65,959.7,3116.55,950.25,3130.1,945.5,3147.85,953.8,3157.95,961.45,3169.15,972.1,3189.9,1002.35,3194,1017.1,3195.25,1031.3,3190.45,1046.15,3180.4,1060.9,3165.6,1072.1,3136.05,1078.65,3096.35,1071.55,3081.65,1058.55
4-231,Uninfected,No_comment,Polygon,22,3176.85,890.5,3171.55,903.55,3170.4,921.8,3177.5,939.05,3189.9,959.7,3202.95,975.1,3221.25,988.7,3233.65,988.15,3250.85,985.15,3266.2,976.3,3276.85,965,3285.75,946.7,3291.05,931.3,3286.35,914.2,3279.25,901.75,3269.75,889.85,3260.35,880.45,3248.45,871.55,3229.55,866.25,3218.3,868,3208.25,870.35,3194,878.65
4-232,Uninfected,No_comment,Polygon,17,3393.45,1086.3,3383.4,1101.15,3378.1,1138.4,3386.35,1156.8,3396.4,1168.55,3414.75,1178.7,3455.55,1190.5,3476.3,1188.15,3489.3,1179.85,3494.05,1166.8,3493.65,1145.1,3497.8,1118.5,3492.3,1095.25,3482.2,1081.05,3469.75,1068,3427.15,1065.65,3413.6,1072.1
4-233,Uninfected,No_comment,Polygon,14,3259.75,1083.4,3249.1,1095.8,3241.35,1108.25,3237.2,1142.6,3240.75,1160.35,3257.35,1184,3272.15,1194.05,3298.15,1194.65,3324.8,1182.75,3342.6,1165.65,3346.15,1120.65,3333.1,1096.95,3295.25,1077.5,3271,1079.2
4-234,Uninfected,No_comment,Polygon,14,3105.25,1156.15,3127.2,1142.6,3159.75,1136.05,3179.8,1145.5,3197.55,1160.9,3210.05,1179.85,3211.8,1197.6,3209.45,1219.5,3196.4,1254.35,3165.05,1276.9,3134.9,1275.65,3115.9,1252.05,3109.45,1236.6,3104.1,1181.05
4-235,Uninfected,No_comment,Polygon,16,2951.45,1204.7,2953.8,1230.15,2967.45,1269.2,2977.5,1284.6,3010.65,1301.75,3043.75,1304.7,3065.05,1289.95,3081.05,1271.6,3083.95,1242,3081.05,1209.45,3067.45,1177.5,3046.7,1159.75,3016.55,1148.5,2992.9,1150.85,2972.15,1159.75,2959.1,1175.7
4-236,Uninfected,No_comment,Polygon,15,2873.3,1194.65,2894.05,1200,2914.75,1211.8,2937.2,1239.65,2943.15,1260.3,2946.15,1283.4,2944.3,1297.6,2927.2,1318.35,2904.7,1326.6,2888.75,1324.85,2869.2,1311.75,2848.5,1286.95,2840.75,1265.05,2840.2,1228.4,2850.85,1202.35
4-237,Uninfected,No_comment,Polygon,20,2807.05,1261.5,2820.7,1270.4,2837.85,1289.95,2844.3,1300.6,2857.95,1324.85,2862.1,1332.55,2869.2,1344.95,2862.65,1380.45,2849.1,1391.7,2827.2,1402.35,2803.5,1398.2,2781.65,1388.75,2769.2,1378.1,2759.15,1355.6,2753.8,1329,2753.25,1305.9,2759.75,1283.4,2771,1268.6,2784.6,1257.4,2796.4,1259.15
4-238,Uninfected,No_comment,Polygon,19,2758.5,1502.35,2754.4,1485.8,2759.15,1471,2766.85,1453.2,2777.5,1440.2,2788.75,1430.75,2799.4,1424.85,2824.85,1419.5,2846.7,1429,2861.5,1437.85,2875.7,1466.25,2880.4,1488.75,2879.85,1509.45,2868.6,1524.25,2854.95,1534.3,2824.85,1545.55,2805.9,1543.75,2785.2,1534.3,2772.75,1522.45
4-239,Uninfected,No_comment,Polygon,22,3362.1,1238.45,3379.85,1224.25,3410.65,1204.15,3431.35,1197.6,3457.4,1191.7,3488.15,1201.15,3498.15,1206.5,3509.4,1223.65,3511.8,1239.05,3508.85,1259.15,3500.55,1270.4,3487.5,1281.05,3458.55,1294.05,3434.9,1304.7,3424.85,1313.6,3414.75,1318.85,3402.35,1318.85,3392.3,1314.2,3377.5,1300.6,3365.65,1278.1,3356.8,1260.3,3358.55,1245.55
4-240,Uninfected,No_comment,Polygon,18,3419.5,1338.45,3418.3,1349.1,3422.45,1362.1,3432.5,1380.45,3442.6,1391.1,3457.4,1397.6,3472.15,1402.35,3491.7,1398.2,3510.65,1389.35,3523.6,1375.15,3529.55,1363.9,3524.25,1343.75,3514.2,1308.2,3502.95,1299.4,3487.5,1293.5,3464.5,1296.45,3442.6,1304.15,3428.4,1315.95
4-241,Uninfected,No_comment,Polygon,13,3366.2,1509.45,3353.8,1490.45,3342,1449.65,3349.1,1426,3370.4,1408.85,3393.45,1401.75,3421.3,1410.65,3444.9,1424.85,3458.55,1457.4,3454.4,1482.85,3439.6,1506.5,3416.5,1520.1,3388.15,1519.5
4-242,Uninfected,No_comment,Polygon,19,3212.35,1308.2,3235.5,1333.7,3244.9,1351.45,3256.8,1369.8,3268.6,1383.4,3273.95,1392.9,3276.3,1409.45,3268.6,1431.95,3242,1458.55,3217.75,1462.1,3198.8,1452.05,3183.4,1432.55,3171,1411.25,3165.65,1391.7,3155,1363.9,3151.45,1340.8,3157.35,1320.1,3173.3,1302.35,3197.6,1301.15
4-243,Uninfected,No_comment,Polygon,16,3268.05,1298.8,3264.45,1316.55,3262.65,1335.5,3268.05,1354.4,3280.4,1375.15,3296.45,1388.15,3315.95,1392.3,3339.6,1382.25,3357.95,1371.6,3362.65,1360.3,3366.2,1342,3363.9,1324.85,3353.25,1295.85,3334.25,1284,3306.5,1276.3,3290.5,1281.05
4-244,Uninfected,No_comment,Polygon,19,3040.2,1388.15,3043.75,1401.75,3051.45,1425.45,3062.1,1437.85,3073.95,1451.45,3086.35,1456.8,3103.55,1462.1,3130.75,1461.5,3144.35,1461.5,3158.55,1455,3165.05,1442.55,3157.35,1412.4,3149.7,1388.15,3137.8,1369.8,3128.4,1357.4,3118.3,1347.3,3098.15,1337.85,3068.6,1342.6,3046.7,1359.75
4-245,Uninfected,No_comment,Polygon,17,2960.9,1628.35,2955,1615.35,2954.4,1599.4,2965.65,1552.05,2973.3,1541.4,2984.6,1533.7,2999.4,1529,3014.2,1539,3026,1549.1,3035.5,1574.55,3041.4,1591.1,3050.25,1605.3,3052.65,1614.8,3047.9,1628.35,3021.85,1653.25,2997,1656.2,2963.9,1635.45
4-246,Uninfected,No_comment,Polygon,18,3050.85,1557.4,3049.7,1528.4,3057.35,1502.95,3069.75,1488.75,3089.9,1480.45,3129.55,1481.65,3144.9,1492.9,3149.7,1523.05,3146.7,1546.75,3142.6,1561.55,3140.8,1574.55,3129.55,1587.55,3117.15,1597.6,3101.15,1602.95,3081.05,1604.15,3067.45,1592.9,3057.35,1581.65,3049.7,1571
4-247,Uninfected,No_comment,Polygon,17,3051,1920.75,3042.1,1908.3,3030.3,1888.8,3027.3,1870.45,3033.25,1836.15,3051,1814.8,3090.65,1804.8,3113.7,1807.15,3140.35,1827.2,3154.55,1847.35,3165.8,1862.2,3169.95,1893.5,3166.95,1915.4,3151.6,1942.65,3123.8,1943.8,3094.8,1937.35,3060.45,1925.5
4-248,Uninfected,No_comment,Polygon,12,3021.4,1776.9,3010.75,1750.95,3009,1719.5,3021.4,1689.35,3052.75,1670.45,3098.35,1669.85,3129.1,1694.65,3141.55,1733.8,3134.45,1765.15,3113.1,1785.25,3068.75,1793.5,3033.85,1783.5
4-249,Uninfected,No_comment,Polygon,13,3168.75,1837.85,3156.3,1823.15,3143.9,1798.85,3143.3,1785.85,3163.4,1750.95,3197.75,1733.2,3232.65,1736.1,3250.4,1752.05,3269.95,1787.05,3269.95,1808.35,3251.6,1842.05,3221.4,1856.85,3182.95,1850.9
4-250,Uninfected,No_comment,Polygon,12,3160.45,1597.6,3155.75,1559.8,3164.6,1514.85,3177.6,1498.25,3210.75,1490.5,3244.5,1502.4,3266.4,1523.7,3269.95,1549.15,3267,1598.85,3242.7,1619.5,3203.65,1623.05,3166.95,1606.55
4-251,Uninfected,No_comment,Polygon,15,3290.65,1651.45,3284.15,1612.4,3294.8,1586.45,3310.75,1562.75,3340.35,1552.7,3357.5,1552.7,3387.7,1568.7,3396,1576.3,3402.5,1600,3398.95,1637.9,3388.3,1654.5,3378.8,1665.15,3362.25,1678.15,3345.1,1678.15,3311.95,1671.05
4-252,Uninfected,No_comment,Polygon,18,3266.4,1927.2,3251,1902.35,3250.4,1875.75,3258.7,1860.4,3272.9,1835.55,3285.9,1821.35,3305.45,1811.25,3326.15,1807.15,3343.3,1819,3357.5,1833.2,3369.95,1857.45,3377.05,1871.05,3386.5,1903,3380.6,1914.25,3368.15,1925.5,3349.25,1932.6,3315.5,1941.5,3291.25,1938.45