228,5312,2988
3-1,Uninfected,No_comment,Polygon,14,2189.2,128.3,2203.7,102.15,2221.05,85.55,2253.7,83.3,2274,85.55,2288.45,100.7,2300.8,120.3,2316.75,149.25,2323.25,173.9,2303.7,200.7,2264.55,218.1,2235.55,210.85,2208.75,189.9,2196.45,163.75
3-2,Uninfected,No_comment,Polygon,16,2330.5,141.35,2328.35,150.7,2326.9,170.3,2330.5,194.25,2336.3,211.55,2345,225.35,2360.2,233.35,2378.35,236.25,2405.85,237.65,2435.6,225.35,2453.7,195.7,2446.45,155.75,2429.8,126.85,2402.25,107.95,2376.9,107.25,2348.6,118.85
3-3,Uninfected,No_comment,Polygon,17,2461.65,139.9,2459.5,112.3,2471.1,93.45,2485.6,78.3,2510.95,73.95,2534.85,73.95,2551.55,86.2,2561.65,102.15,2567.45,133.3,2568.2,154.3,2567.45,196.35,2561.65,216.65,2526.9,235.5,2492.85,234.05,2463.1,219.55,2458.05,195.7,2459.5,171.75
3-4,Uninfected,No_comment,Polygon,17,2460.2,222.45,2431.95,226.9,2417.45,243.45,2399.4,263.05,2391.4,283.35,2393.6,304.35,2396.45,331.9,2406.65,347.1,2420.4,360.2,2438.55,368.9,2465.3,370.35,2487.05,362.3,2510.95,341.3,2519.65,315.2,2524,284.05,2510.2,241.35,2486.3,225.25
3-5,Uninfected,No_comment,Polygon,15,2560.95,219.55,2536.3,247.8,2524.7,266.65,2521,292.7,2527.6,334.05,2542.85,350.7,2572.55,360.2,2592.85,354.4,2605.15,344.95,2630.45,314.9,2644.3,287.7,2647.9,258.75,2637.05,228.25,2611.65,210.85,2589.95,208.65
3-6,Uninfected,No_comment,Polygon,17,2584.15,173.9,2576.9,149.25,2583.4,128.3,2593.55,115.2,2612.4,101.45,2635.6,91.35,2659.5,84.75,2668.9,86.2,2683.4,99.95,2695,127.5,2697.9,147.8,2693.55,176.8,2684.85,201.5,2660.95,215.2,2638.5,213.75,2606.6,200.7,2594.3,185.55
3-7,Uninfected,No_comment,Polygon,17,2695,109.4,2691.4,135.55,2689.2,175.35,2687.75,196.35,2688.5,215.2,2708.8,247.15,2736.3,250.05,2756.6,235.5,2776.15,219.55,2787.75,206.5,2801.55,177.55,2804.45,139.9,2795,117.4,2777.6,99.25,2758.05,87.65,2731.25,84.1,2708.05,95.65
3-8,Uninfected,No_comment,Polygon,18,2808.8,65.2,2813.85,38.45,2826.9,15.9,2859.5,3.6,2888.5,5.8,2906.6,15.9,2918.95,29.75,2926.2,50.7,2926.9,68.1,2921.85,87,2909.5,110.85,2897.2,127.5,2880.55,142,2860.95,144.9,2843.55,136.2,2824.75,119.55,2816.75,104.35,2809.5,91.35
3-9,Uninfected,No_comment,Polygon,20,2757.35,264.45,2767.5,255.85,2783.4,252.15,2814.6,251.5,2836.3,259.4,2863.85,271.75,2876.2,288.4,2882,303.6,2887.05,325.35,2889.2,356.5,2878.35,373.9,2864.6,386.25,2845,388.4,2825.45,386.25,2804.45,373.9,2790.65,359.4,2778.35,340.6,2761.7,321,2753,303.6,2745.75,288.4
3-10,Uninfected,No_comment,Polygon,23,2725.45,300.7,2709.5,296.35,2694.3,302.15,2679.05,314.55,2669.65,339.15,2667.45,354.4,2669.65,372.45,2675.45,390.6,2681.25,402.95,2692.85,416,2709.5,429,2723.25,437.7,2744.3,447.85,2767.5,442.75,2782.7,431.15,2795,413.75,2796.45,392.75,2789.2,373.2,2777.6,355.05,2762.4,339.15,2749.35,323.2,2740.65,311.65,2736.3,305.85
3-11,Uninfected,No_comment,Polygon,16,2616,476.8,2624.7,450.7,2647.9,432.6,2680.5,426.05,2708.05,436.25,2724,446.4,2736.3,461.65,2739.95,483.3,2734.85,502.2,2724.7,522.45,2708.8,538.4,2679.8,548.55,2653.7,551.45,2630.5,541.3,2616,522.45,2612.4,497.85
3-12,Uninfected,No_comment,Polygon,14,2695.75,560.15,2685.6,577.6,2677.6,601.45,2674.7,618.85,2683.4,641.3,2697.2,660.15,2722.55,671.75,2760.95,676.1,2792.1,652.9,2804.45,608.7,2800.1,571.8,2784.15,544.95,2760.25,536.2,2726.15,541.3
3-13,Uninfected,No_comment,Polygon,20,2818.95,467.45,2826.9,445.65,2839.2,428.25,2851.55,418.1,2874.75,410.2,2900.1,407.95,2913.15,410.2,2934.15,422.45,2950.1,448.55,2957.35,468.9,2959.5,492.05,2954.45,510.15,2943.6,526.15,2926.9,543.45,2906.6,555.8,2882,558.7,2852.25,553.65,2834.85,535.5,2823.3,511.6,2821.1,492.75
3-14,Uninfected,No_comment,Polygon,19,2900.1,324.65,2908.8,295.7,2920.4,272.45,2933.45,256.5,2951.55,247.8,2988.5,249.25,3000.1,258.65,3010.25,271.75,3018.2,302.95,3020.4,325.35,3018.95,347.8,3011.7,364.55,3001.55,376.8,2978.35,389.15,2962.4,390.6,2936.35,389.15,2913.85,374.6,2903,360.85,2900.1,344.9
3-15,Uninfected,No_comment,Polygon,24,3012.4,392.05,3029.1,364.55,3050.1,344.9,3070.4,329,3090.7,322.45,3108.1,321,3121.85,329,3137.05,346.35,3145.75,373.15,3143.6,387.7,3138.5,407.3,3134.15,421.75,3128.35,431.85,3118.95,441.3,3104.45,452.15,3088.5,462.3,3076.2,463.1,3058.05,463.1,3044.3,458.75,3032,451.45,3023.3,443.5,3017.5,434.05,3013.15,420.3,3011.7,412.3
3-16,Uninfected,No_comment,Polygon,24,3130.55,452.9,3116.05,455.8,3099.4,467.45,3090.7,480.4,3092.85,494.2,3100.1,505.8,3110.95,516,3122.55,524.7,3137.05,533.3,3147.95,542,3158.8,552.2,3174.75,566.65,3189.25,577.6,3204.45,589.1,3220.4,601.45,3232.7,608,3250.85,597.1,3263.9,569.55,3266.8,543.45,3259.55,517.45,3249.4,493.5,3224.75,466,3204.45,454.35,3174.75,448.55
3-17,Uninfected,No_comment,Polygon,15,3218.25,170.3,3203.95,191.2,3197.35,219.45,3196.5,239.05,3206.7,266.6,3233.4,277.55,3258.8,275.35,3275.5,268.1,3296.5,251.45,3308.8,228.2,3315.3,202.8,3305.9,177.45,3289.25,163.05,3265.8,158,3241.55,159.55
3-18,Parasitized,No_comment,Polygon,17,3552.3,824.45,3542.55,845.65,3545.55,868.05,3565.15,893.05,3594.85,906.8,3635.25,905.4,3662.8,894.8,3681.9,867.25,3690.35,832.9,3685,800.85,3665.9,777.95,3638.5,769.6,3620.1,775.7,3599.45,781.05,3582.75,793.3,3568.95,803.8,3556.8,813.05
3-19,Parasitized,No_comment,Polygon,19,1651.35,2205.55,1661.7,2189.1,1673.3,2169.9,1690.45,2152.1,1700.7,2139.1,1719.2,2130.9,1741.8,2128.8,1760.3,2132.25,1770.6,2144.6,1774.7,2157.6,1778.75,2171.95,1774.7,2195.25,1766.5,2219.25,1757.55,2230.2,1750.05,2239.1,1732.25,2245.95,1692.45,2250.75,1658.95,2240.45,1653.4,2224.05
3-20,Parasitized,No_comment,Polygon,27,2018.55,2271.3,2014.5,2287.05,2012.35,2298.65,2015.1,2311.65,2021.3,2322.6,2028.8,2331.55,2038.3,2341.1,2048.65,2345.9,2058.9,2350.05,2073.3,2350.7,2093.9,2343.15,2100.75,2338.35,2110.9,2329.45,2122.55,2316.45,2128.8,2308.3,2143.15,2289.05,2144.55,2275.35,2136.3,2250.05,2124.65,2231.55,2092.5,2223.35,2066.5,2226.75,2050.75,2236.35,2042.5,2243.2,2034.3,2249.35,2028.15,2254.15,2021.95,2263.75,2025.6,2260.9
3-21,Parasitized,No_comment,Polygon,20,1450.5,1157.6,1464.7,1152.85,1493.85,1152.85,1511.15,1165.45,1520.6,1185.15,1525.35,1204.85,1526.9,1220.6,1522.2,1239.5,1517.45,1255.25,1502.5,1279.65,1486.75,1295.4,1455.25,1308.75,1430.85,1316.65,1399.35,1310.35,1385.1,1295.4,1382.8,1278,1384.35,1252.8,1393.8,1230.75,1416.65,1184.35,1430.85,1172.55
3-22,Parasitized,No_comment,Polygon,15,2434.8,719.7,2442.7,697.7,2449.05,681.2,2464.8,665.45,2492.3,659.85,2519.8,668.6,2534.8,684.35,2541.1,715.85,2541.85,737.8,2534.8,759.8,2524.6,773.95,2502.4,783.45,2473.35,781.05,2447.35,765.3,2439.55,739.3
3-23,Uninfected,No_comment,Polygon,16,3260.9,509.45,3266.45,472.45,3260.9,438.6,3251.45,403.15,3247.55,384.25,3252.25,363.85,3273.5,340.15,3299.5,328.35,3324.7,330.7,3352.25,347.25,3366.5,382.75,3368,400.8,3357.05,454.35,3339.65,475.6,3291.65,500,3264.05,516.55
3-24,Uninfected,No_comment,Polygon,13,3377.45,437.8,3381.4,415.75,3402.65,385.9,3425.55,367,3464.9,359.85,3486.2,367.75,3509,393.7,3513.75,452.8,3480.65,481.9,3449.9,500,3416.1,498.45,3390.85,479.55,3374.3,453.55
3-25,Uninfected,No_comment,Polygon,15,3285.35,583.55,3263.3,585.05,3235.25,593.9,3221.6,608.75,3216.8,623.65,3221.15,655.45,3225.15,669.55,3237.35,688.25,3263.3,702.4,3288.5,707.9,3310.55,694.55,3335,670.9,3347.6,638.6,3342.05,611.9,3322.4,593
3-26,Uninfected,No_comment,Polygon,16,3274.3,530.75,3293.2,515.75,3329.45,507.1,3358.55,503.95,3384.55,515.75,3401.15,531.5,3415.25,568.55,3410.6,605.6,3401.15,633.95,3366.5,645.7,3350.75,643.4,3302.65,619.75,3270.4,599.3,3247.1,585.2,3243.15,561.55,3258.9,541.9
3-27,Uninfected,No_comment,Polygon,13,3438.15,540.2,3423.2,563,3419.25,581.15,3420.05,611.05,3427.1,633.1,3445.25,652.85,3466.5,661.45,3505.85,656,3526.35,629.15,3539.75,598.45,3534.95,559.85,3514.55,528.35,3469.65,526
3-28,Uninfected,No_comment,Polygon,15,3544.4,503.15,3559.4,475.65,3575.15,460.65,3606.55,459.9,3635.7,471.65,3656.2,490.6,3667.2,522,3662.55,545.7,3647.55,565.4,3626.3,583.5,3601.9,589,3579.9,590.6,3562.55,578.75,3542.9,549.65,3537.4,521.4
3-29,Uninfected,No_comment,Polygon,14,2798.65,828.4,2779,801.6,2756.15,788.2,2726.2,784.3,2688.45,803.2,2676.55,826,2669.55,854.35,2679,877.2,2693.95,898.45,2710.45,909.5,2730.95,914.2,2753,907.9,2774.2,892.15,2789.2,867.75
3-30,Uninfected,No_comment,Polygon,14,2803.4,856.75,2811.25,840.2,2829.4,822.1,2848.3,817.35,2869.55,811.85,2894.75,819.7,2922.25,849.65,2920.75,889.8,2905,915,2886.85,929.95,2856.95,932.3,2814.4,926.8,2797.9,907.9,2797.1,881.15
3-31,Uninfected,No_comment,Polygon,15,2767.9,967.75,2756.15,941.75,2726.95,926,2687.65,926,2656.95,949.65,2642.75,979.55,2641.2,1003.2,2645.9,1029.2,2663.25,1051.25,2686.85,1064.6,2712.85,1065.4,2740.4,1060.7,2760.1,1041.8,2775.85,1015,2771.05,981.15
3-32,Uninfected,No_comment,Polygon,13,2778.2,1014.2,2778.2,1029.95,2795.5,1055.95,2816.8,1068.55,2843.5,1074.85,2867.95,1065.4,2894.75,1033.9,2895.55,989,2879,956.75,2850.65,944.15,2815.15,946.5,2793.1,965.4,2779,985.1
3-33,Uninfected,No_comment,Polygon,14,3086.1,712.6,3059.35,707.1,3029.4,714.2,3009.7,729.15,2995.55,752.8,2990.8,780.35,2997.1,809.5,3018.4,822.85,3043.6,826.8,3078.25,823.65,3108.95,807.9,3122.3,781.9,3117.6,743.35,3104.15,726
3-34,Uninfected,No_comment,Polygon,12,2935.7,648.85,2939.65,619.7,2960.9,591.35,3004.15,574,3041.15,584.25,3055.4,618.9,3060.05,655.9,3046.75,681.9,3031.75,700.8,3001,715,2961.7,709.45,2942,685.85
3-35,Uninfected,No_comment,Polygon,15,2902.6,655.15,2877.4,637,2836.45,629.15,2812.85,641.75,2794.75,657.5,2782.9,688.2,2785.3,715.75,2794.75,737.05,2812.85,754.35,2834.05,763,2866.4,766.95,2885.3,755.95,2912.05,735.45,2921.5,711.85,2915.2,674.8
3-36,Uninfected,No_comment,Polygon,12,3156.2,812.65,3167.15,792.15,3185.3,775.6,3222.35,759.85,3267.95,769.3,3281.4,792.95,3285.35,833.9,3264.8,877.2,3242.75,892.95,3203.45,898.45,3164.85,874.85,3154.55,839.4
3-37,Uninfected,No_comment,Polygon,14,3318.35,743.35,3322.35,722.05,3342.8,701.6,3371.9,688.2,3398.75,698.45,3421.55,712.6,3435.75,733.9,3440.45,769.3,3439.7,794.5,3433.4,818.95,3413.7,837.85,3361.7,829.15,3334.1,807.9,3320,768.55
3-38,Uninfected,No_comment,Polygon,22,3440.35,778,3453.85,761.45,3484.5,747.25,3508.2,745.7,3526.3,751.2,3542.05,761.45,3554.65,774.85,3564.9,796.9,3567.25,817.4,3567.25,828.4,3562.5,846.5,3553.8,863.8,3541.2,878.8,3529.45,888.25,3508.2,896.1,3483.8,897.7,3458.6,888.25,3440.45,876.4,3426.3,861.45,3418.4,840.2,3415.95,821.3,3428.55,797.65
3-39,Uninfected,No_comment,Polygon,15,3308.15,883.5,3321.5,860.65,3350.7,847.3,3375.9,848.85,3399.5,859.9,3413.7,873.25,3420.8,896.1,3416.85,913.45,3406.55,935.45,3397.1,948.85,3381.35,964.6,3355.4,967.75,3330.2,952.8,3310.55,937.85,3307.4,912.65
3-40,Uninfected,No_comment,Polygon,12,3657,718.15,3627.1,708.7,3606.6,683.5,3595.6,648.85,3612.9,610.25,3649.95,587.4,3686.1,585.85,3716.1,610.25,3729.45,637,3731.05,666.95,3713.7,693.7,3690.9,714.2
3-41,Uninfected,No_comment,Polygon,14,3701.85,804.75,3706.65,781.9,3726.3,760.65,3758.55,748.85,3786.9,757.5,3804.3,770.9,3813.75,792.15,3817.65,814.2,3808.2,838.6,3790.9,855.15,3757.05,862.25,3732.6,861.45,3711.3,841.75,3701.85,826.8
3-42,Uninfected,No_comment,Polygon,20,3745.95,665.35,3752.25,640.15,3767.25,620.5,3783,608.65,3805.8,600.8,3827.9,601.6,3846,611.05,3859.4,625.2,3865.7,652.75,3869.65,666.95,3874.3,681.1,3875.95,703.15,3868,718.15,3853.1,733.9,3835.8,744.9,3803.5,748.05,3781.45,741.75,3762.55,727.6,3749.95,711.05,3745.95,681.1
3-43,Uninfected,No_comment,Polygon,13,3431.8,929.95,3405.8,948.85,3394.8,973.25,3393.95,992.15,3399.5,1018.15,3422.35,1041,3459.3,1047.3,3488.5,1038.65,3510.55,1015.8,3514.5,980.35,3502.7,948.85,3474.35,926,3449.85,922.85
3-44,Uninfected,No_comment,Polygon,17,2955.4,1022.9,2936.5,1021.3,2915.2,1029.95,2901.05,1041.8,2885.3,1059.1,2871.85,1081.15,2873.5,1100.85,2877.4,1119.75,2894.75,1134.7,2913.65,1144.95,2934.1,1144.95,2960.05,1133.9,2982.95,1117.4,2996.35,1101.65,3001,1063.85,2985.25,1033.1,2970.35,1024.45
3-45,Uninfected,No_comment,Polygon,21,3108.95,1011.05,3116.75,990.6,3139.65,972.5,3159.35,964.6,3179.75,961.45,3207.35,969.35,3222.35,981.95,3232.55,1000.85,3234.95,1019.75,3235.7,1042.55,3235.7,1057.55,3227.85,1078,3219.2,1092.2,3205.8,1098.5,3186.05,1102.4,3165.65,1094.55,3150.65,1088.25,3134.9,1081.15,3122.3,1067.75,3115.25,1052,3108.95,1027.6
3-46,Uninfected,No_comment,Polygon,22,3228.65,1095.35,3238.85,1079.6,3248.3,1061.45,3259.35,1049.65,3270.35,1037.85,3290,1025.25,3304.25,1013.45,3322.35,1002.4,3342.8,992.95,3353,1022.1,3356.15,1037.85,3357,1055.95,3350.7,1076.45,3345.95,1092.2,3337.25,1105.55,3329.45,1114.25,3305.75,1130,3290,1131.55,3259.35,1137.85,3243.6,1138.65,3222.35,1119.75,3222.35,1105.55
3-47,Uninfected,No_comment,Polygon,17,3530.25,1026.05,3538.05,1015,3552.3,997.7,3563.25,989.8,3599.55,981.15,3637.35,991.4,3647.55,998.45,3657,1026.8,3656.25,1044.95,3646,1064.6,3627.9,1082.75,3611.35,1092.2,3580.65,1097.7,3551.5,1092.95,3540.45,1080.35,3527.85,1059.1,3525.45,1044.15
3-48,Uninfected,No_comment,Polygon,19,3447.55,1074.05,3430.25,1067.75,3409.7,1063.05,3391.65,1067,3376.7,1075.65,3360.95,1089.05,3352.25,1100.85,3349.1,1115,3349.1,1131.55,3350.7,1146.5,3364.85,1161.5,3385.35,1174.1,3399.5,1178,3420.8,1179.6,3434.15,1175.65,3453.85,1163.05,3465.6,1149.65,3475.9,1127.6,3473.55,1094.55
3-49,Uninfected,No_comment,Polygon,14,3664.9,919.75,3681.45,892.95,3705.85,876.4,3751.5,874.85,3783.75,885.85,3800.35,907.15,3804.3,936.25,3792.45,965.4,3779.85,982.7,3763.35,996.1,3744.45,1003.2,3704.25,995.3,3678.3,976.4,3663.3,952
3-50,Uninfected,No_comment,Polygon,16,3759.4,1030.75,3769.65,1009.5,3789.3,989,3812.95,973.25,3836.55,967.75,3866.5,970.9,3887.75,985.85,3897.2,1002.4,3907.45,1029.2,3908.25,1046.5,3898,1064.6,3888.55,1076.45,3864.85,1090.6,3827.9,1100.05,3779.85,1092.2,3762.55,1065.4
3-51,Uninfected,No_comment,Polygon,15,3797.2,1108.7,3774.3,1095.35,3747.6,1088.25,3724.75,1094.55,3705.85,1106.35,3689.25,1130,3687.75,1144.15,3689.25,1163.05,3698.7,1176.45,3723.9,1192.2,3740.5,1193,3766.5,1193,3790.9,1181.95,3805.8,1167,3814.5,1120.55
3-52,Uninfected,No_comment,Polygon,19,3820.8,1123.7,3823.2,1100.85,3837.25,1087.4,3858.55,1075.6,3891.65,1063.8,3918.4,1064.6,3956.2,1082.75,3969.65,1096.1,3972.8,1123.7,3970.45,1155.95,3957.85,1180.4,3943.6,1193.75,3923.2,1203.2,3897.2,1206.35,3875.15,1201.65,3851.55,1191.4,3837.35,1178,3825.55,1163.85,3822.4,1148.9
3-53,Uninfected,No_comment,Polygon,17,3940.45,999.25,3946,968.55,3957.05,948.05,3975.95,933.15,4001.15,925.25,4034.2,929.15,4056.05,952.85,4056.25,981.15,4049.95,1002.35,4043.65,1020.5,4038.95,1035.5,4021.6,1041.75,4006.6,1048.8,3987.7,1048.8,3967.3,1046.5,3959.35,1039.4,3948.4,1029.2
3-54,Uninfected,No_comment,Polygon,15,3087.65,1170.15,3089.25,1148.1,3097.9,1125.3,3116,1110.3,3161.65,1106.4,3188.45,1115.85,3202.6,1130,3213.65,1157.55,3211.1,1174.75,3200.25,1199.3,3176.65,1220.55,3144.35,1222.95,3113.65,1221.35,3098.7,1206.45,3090,1191.45
3-55,Uninfected,No_comment,Polygon,18,2986.05,1148.9,2971.9,1157.55,2958.5,1170.95,2947.5,1189.05,2946.7,1204.05,2954.55,1221.35,2966.4,1233.95,2974.25,1245,2983.7,1257.6,3001.8,1270.2,3034.1,1272.6,3058.5,1263.15,3071.9,1251.3,3075.85,1230,3072.7,1201.65,3057.75,1178.85,3042.75,1162.35,3026.25,1151.25
3-56,Uninfected,No_comment,Polygon,16,2925.45,1195.35,2896.3,1186.7,2868.75,1194.6,2851.4,1210.35,2839.6,1230.8,2837.25,1259.15,2844.3,1285.2,2856.15,1300.95,2871.1,1313.55,2903.4,1316.7,2923.05,1315.05,2949.05,1309.55,2965.6,1288.35,2972.7,1263.15,2961.65,1224.5,2945.1,1207.2
3-57,Uninfected,No_comment,Polygon,16,2953.8,1347.35,2938.05,1335.6,2916,1327.65,2886.85,1330.8,2853.75,1341.9,2844.3,1356,2838,1377.25,2833.3,1400.95,2842.75,1430.05,2878.2,1454.5,2900.25,1458.4,2933.3,1456,2953,1439.5,2966.4,1419,2968.75,1398.55,2967.15,1369.4
3-58,Uninfected,No_comment,Polygon,20,3047.5,1395.4,3027.8,1392.25,3012.05,1396.15,2997.1,1407.25,2981.35,1420.6,2969.55,1437.9,2967.15,1453.65,2970.3,1464.7,2978.2,1478.05,2990.8,1488.3,3007.35,1499.35,3021.5,1504.05,3040.4,1504.9,3053.8,1500.9,3067.95,1490.65,3080.55,1477.3,3083.7,1459.95,3083.7,1430.05,3070.35,1411.15,3060.9,1404.1
3-59,Uninfected,No_comment,Polygon,16,3147.5,1301.65,3129.4,1290.65,3105.75,1293,3087.65,1304.8,3075.85,1317.4,3067.95,1335.6,3063.25,1355.2,3068.75,1373.35,3080.55,1395.4,3093.15,1408.75,3119.95,1416.7,3145.15,1415.85,3164.05,1403.25,3177.4,1384.35,3187.65,1351.35,3176.65,1314.25
3-60,Uninfected,No_comment,Polygon,14,3234.9,1203.3,3242,1175.7,3252.25,1156.8,3272.7,1143.45,3305,1142.6,3331,1148.9,3347.5,1168.65,3360.9,1189.05,3356.95,1215.9,3348.3,1238.7,3327.05,1256,3303.4,1262.3,3262.45,1250.55,3244.35,1227.65
3-61,Uninfected,No_comment,Polygon,14,3364.85,1246.55,3376.65,1227.65,3397.9,1210.35,3432.55,1205.6,3453.85,1211.1,3471.15,1225.35,3483.75,1241.85,3485.35,1270.95,3485.35,1289.85,3467.2,1317.4,3423.9,1326.15,3385.3,1315.85,3365.65,1294.65,3362.5,1266.3
3-62,Uninfected,No_comment,Polygon,20,3460.9,1169.4,3475.1,1154.4,3492.4,1138.65,3505.8,1129.2,3522.35,1126.85,3540.45,1128.45,3559.35,1133.15,3572.75,1142.6,3590.85,1166.25,3591.65,1181.25,3580.6,1198.5,3566.45,1221.35,3548.35,1242.6,3523.9,1245.75,3511.3,1242.6,3493.2,1229.25,3482.2,1218.2,3471.95,1204.8,3461.7,1194.6,3454.6,1184.4
3-63,Uninfected,No_comment,Polygon,16,3247.5,1364.8,3232.6,1385.15,3231.75,1407.25,3231.75,1427.65,3245.15,1445.8,3262.4,1460.8,3288.4,1463.95,3313.65,1463.05,3339.65,1449.7,3355.4,1429.3,3365.65,1405.55,3360.85,1375.6,3340.4,1345.8,3319.9,1331.6,3293.9,1332.5,3272.65,1346.55
3-64,Uninfected,No_comment,Polygon,13,3338,1493.85,3308.95,1494.65,3294.75,1507.25,3282.95,1526.9,3281.35,1545.05,3286.9,1573.4,3300.25,1591.5,3331.7,1602.5,3361.7,1595.4,3381.35,1576.55,3384.5,1545.05,3371.9,1515.9,3356.9,1497
3-65,Uninfected,No_comment,Polygon,20,3445.95,1390.7,3454.6,1368.65,3472.7,1355.25,3500.3,1343.45,3527.85,1345.8,3542,1348.95,3557,1360.75,3566.45,1374.95,3569.6,1389.9,3571.15,1406.45,3571.15,1422.2,3568,1436.35,3560.9,1448.15,3550.7,1458.4,3537.3,1467.05,3518.4,1473.35,3490.85,1466.3,3461.7,1449.75,3448.3,1430.05,3445.15,1415.1
3-66,Uninfected,No_comment,Polygon,18,3578.25,1385.95,3589.25,1356.8,3616.85,1341.85,3637.3,1334,3665.65,1341.05,3687.7,1353.65,3703.45,1380.45,3705.8,1392.25,3702.65,1410.35,3690.85,1425.35,3676.7,1441.1,3659.35,1453.7,3636.5,1458.4,3609.75,1458.4,3590.85,1448.15,3581.4,1434,3577.45,1418.25,3577.45,1404.05
3-67,Uninfected,No_comment,Polygon,15,3758.6,1312.7,3764.85,1288.3,3781.4,1266.25,3812.1,1252.85,3851.5,1249.7,3871.95,1259.95,3890.1,1278.85,3901.1,1296.2,3905.85,1316.65,3892.45,1342.65,3870.4,1369.4,3852.3,1382.8,3808.95,1380.45,3783,1371.8,3768,1350.5
3-68,Uninfected,No_comment,Polygon,14,3909.75,1290.65,3927.9,1267.85,3962.55,1255.25,3994.8,1263.9,4023.95,1279.65,4029.45,1298.55,4031.05,1318.25,4023.95,1337.9,4005.85,1360.75,3981.45,1374.95,3953.1,1378.1,3914.5,1371,3908.2,1347.35,3910.55,1318.25
3-69,Uninfected,No_comment,Polygon,14,3997.2,1416.65,3979.85,1433.2,3967.25,1460,3970.4,1500.15,3988.5,1522.2,4017.65,1534,4057.8,1543.45,4090.1,1536.35,4109.8,1515.9,4127.9,1485.95,4127.05,1452.9,4109,1426.1,4079.1,1406.45,4035.75,1404.85
3-70,Uninfected,No_comment,Polygon,12,3732.6,1470.2,3708.2,1452.1,3666.45,1447.35,3638.95,1456.8,3620.8,1470.95,3606.6,1494.65,3613.7,1521.4,3627.85,1553.7,3659.35,1567.8,3703.35,1565.55,3739.65,1535.55,3746.65,1500.15
3-71,Uninfected,No_comment,Polygon,16,2933.3,1568.65,2935.65,1544.2,2945.1,1526.05,2964,1509.55,2985.3,1504,3016.8,1509.55,3031.75,1519,3042.75,1535.5,3049.85,1557.55,3049.05,1578.1,3039.6,1594.6,3027,1608.8,3004.2,1613.5,2978.2,1615.9,2954.55,1601.65,2940.4,1585.15
3-72,Uninfected,No_comment,Polygon,15,2973.45,1667.8,2955.35,1655.2,2928.6,1652.9,2900.25,1663.85,2882.9,1682.05,2871.1,1704.8,2868.75,1729.25,2878.2,1756.85,2903.4,1774.1,2925.45,1778.9,2957.7,1771.75,2975.05,1759.15,2991.6,1738.7,2997.9,1718.2,2989.2,1685.2
3-73,Uninfected,No_comment,Polygon,17,3380.6,1654.4,3358.55,1658.35,3342.8,1670.15,3328.6,1689.05,3319.95,1707.2,3316,1732.4,3321.55,1752.85,3334.15,1770.95,3349.1,1781.2,3366.4,1788.35,3394,1789.1,3416.8,1776.5,3434.95,1756.85,3443.6,1737.95,3449.1,1711.9,3434.95,1681.25,3417.6,1662.35
3-74,Uninfected,No_comment,Polygon,16,3437.3,1648.9,3429.4,1620.55,3429.4,1591.45,3450.7,1563.1,3474.3,1545.8,3496.35,1547.35,3527.05,1559.2,3542.8,1571.8,3556.2,1586.75,3560.95,1615.9,3560.15,1636.3,3548.35,1653.7,3530.2,1670.95,3498.7,1678.9,3473.5,1674.95,3445.95,1657.55
3-75,Uninfected,No_comment,Polygon,19,3573.55,1674.95,3579.85,1663.85,3597.15,1648.1,3622.35,1641.8,3641.25,1641.1,3662.5,1643.45,3678.25,1655.2,3694,1670.15,3705.05,1688.35,3705.8,1714.25,3701.1,1737.1,3686.9,1755.2,3674.3,1765.45,3652.25,1770.95,3629.45,1770.2,3608.95,1763.9,3590.85,1748.9,3571.95,1722.95,3567.25,1689.85
3-76,Uninfected,No_comment,Polygon,14,3216,1867.85,3216,1843.4,3227.8,1815.9,3247.5,1798.55,3290.8,1791.5,3319.15,1798.55,3344.35,1821.35,3350.65,1855.25,3348.3,1886.75,3333.35,1908.05,3305.8,1926.15,3269.55,1924.55,3238.05,1909.55,3221.5,1891.5
3-77,Uninfected,No_comment,Polygon,15,3359.35,1900.95,3363.25,1876.55,3385.3,1853.7,3407.35,1837.95,3429.4,1830.05,3450.7,1842.65,3467.2,1861.55,3476.65,1878.05,3483.75,1896.2,3483.75,1915.85,3477.45,1949.75,3457.75,1970.25,3421.55,1973.4,3380.6,1956.8,3364.05,1936.4
3-78,Uninfected,No_comment,Polygon,10,3161.7,1843.4,3140.45,1836.35,3114.45,1844.2,3082.05,1871.1,3084.6,1922.05,3123.95,1956,3155.45,1949.7,3189.25,1922.15,3191.6,1888.3,3182.15,1860.75
3-79,Uninfected,No_comment,Polygon,14,3759.15,1527.7,3773.85,1513,3794.9,1500.15,3857.35,1492.85,3883.9,1511.2,3891.3,1535.05,3889.45,1559.75,3868.3,1588.2,3839,1601.1,3815.15,1602.95,3793.1,1596.45,3776.55,1582.75,3767.45,1571.75,3760.1,1548.8
3-80,Uninfected,No_comment,Polygon,13,4007.85,1601.1,4020.65,1569.85,4056.4,1553.4,4105.95,1555.25,4138.1,1566.25,4153.7,1587.35,4152.8,1625.9,4145.4,1647.9,4128.95,1661.6,4086.75,1669,4057.35,1664.35,4030.75,1649.75,4010.6,1628.65
3-81,Uninfected,No_comment,Polygon,17,3997.75,1653.4,3975.7,1650.65,3946.35,1665.35,3924.35,1679.95,3917,1701.1,3915.1,1720.4,3914.25,1737.8,3919.75,1763.45,3937.2,1779.05,3958.3,1789.2,3991.25,1794.7,4014.25,1783.7,4036.25,1768.95,4054.6,1748.85,4064.7,1721.3,4052.8,1689.2,4032.6,1669
3-82,Uninfected,No_comment,Polygon,14,3884.9,1721.3,3861.95,1707.55,3828.85,1702.05,3788.55,1716.65,3774.75,1736.9,3764.7,1764.45,3763.7,1785.55,3777.5,1813,3812.4,1825.9,3858.25,1829.55,3890.4,1817.65,3906.9,1794.7,3915.1,1757.1,3901.4,1736
3-83,Uninfected,No_comment,Polygon,17,3967.4,1834.1,3966.55,1848.85,3967.4,1864.45,3978.45,1883.65,3994.05,1896.55,4017.9,1906.65,4034.45,1909.4,4067.45,1904.75,4085.8,1897.45,4100.5,1880.05,4103.25,1863.5,4094.1,1841.5,4081.25,1825,4065.65,1810.3,4037.2,1801.15,3998.65,1809.4,3981.2,1815.75
3-84,Uninfected,No_comment,Polygon,14,3926.15,1865.3,3897.7,1864.45,3871.1,1878.2,3856.45,1898.4,3850.95,1920.35,3847.2,1942.45,3858.25,1965.35,3883.9,1984.65,3938.1,1984.65,3970.15,1966.3,3987.65,1950.7,3987.65,1922.25,3964.7,1893.8,3949.05,1878.2
3-85,Uninfected,No_comment,Polygon,11,3720.65,1975.4,3699.55,1941.45,3702.3,1899.25,3747.25,1869.95,3785.8,1874.55,3812.4,1886.4,3823.4,1919.5,3822.5,1953.45,3805.05,1977.3,3784.85,1985.55,3747.25,1986.45
3-86,Uninfected,No_comment,Polygon,12,3504.95,1963.55,3493.1,1933.25,3503.2,1888.3,3530.7,1868.05,3561.9,1868.05,3594,1875.45,3611.45,1901.15,3619.65,1936.95,3610.55,1963.55,3587.6,1983.7,3553.65,1989.25,3527.05,1980.95
3-87,Uninfected,No_comment,Polygon,14,3527.05,2036.95,3495.85,2030.45,3472,2047.95,3464.65,2061.65,3459.15,2081.9,3461.9,2114.95,3467.4,2131.45,3486.6,2149.8,3510.5,2154.4,3536.15,2150.65,3560.05,2138.8,3575.65,2104.85,3572.85,2067.2,3553.65,2043.3
3-88,Uninfected,No_comment,Polygon,19,3651.8,2128.7,3627.05,2141.55,3608.7,2161.75,3600.45,2178.25,3599.5,2192.9,3602.25,2208.5,3615.1,2222.3,3630.7,2229.6,3647.25,2236.05,3670.15,2241.55,3699.55,2241.55,3723.4,2232.4,3744.5,2212.2,3749.1,2189.25,3750,2166.25,3733.5,2144.3,3714.15,2131.45,3693.05,2124.1,3675.65,2123.2
3-89,Uninfected,No_comment,Polygon,20,3696.8,2060.8,3713.3,2044.3,3738.05,2038.75,3760.95,2034.2,3786.7,2045.2,3797.65,2057.15,3808.7,2077.25,3823.4,2105.75,3828,2122.25,3829.8,2145.15,3826.15,2170,3811.45,2189.25,3790.35,2198.45,3765.6,2190.15,3747.15,2173.6,3734.3,2157.1,3717.85,2136.9,3698.6,2113.95,3686.7,2095.6,3686.7,2072.7
3-90,Uninfected,No_comment,Polygon,13,3899.5,1985.4,3894.05,2001.15,3890.4,2020.4,3893.15,2036,3913.3,2057.15,3950.95,2071.8,3979.4,2082.75,4009.6,2079.15,4037.2,2061.65,4044.55,2020.4,4013.35,1979.15,3972.05,1969.05,3937.15,1969.8
3-91,Uninfected,No_comment,Polygon,12,3392.15,2017.65,3364.65,2015.85,3335.25,2032.35,3316.9,2058.9,3311.35,2088.3,3316.9,2111.2,3344.45,2147.9,3381.15,2154.4,3417.85,2145.15,3442.6,2127.8,3449.05,2069.05,3429.75,2034.2
3-92,Uninfected,No_comment,Polygon,14,3060,1893.8,3038.9,1877.3,3004.95,1867.2,2961.8,1890.15,2947.15,1911.25,2943.45,1931.4,2943.45,1950.7,2958.1,1980.95,2972.85,1996.55,3011.35,2009.35,3036.15,2009.35,3073.75,1970.9,3075.6,1939.7,3070.1,1918.6
3-93,Uninfected,No_comment,Polygon,15,3045.3,2014.9,3042.55,2038.75,3049,2063.55,3066.4,2083.75,3085.7,2092,3107.7,2092,3133.35,2088.3,3146.25,2077.25,3158.2,2055.3,3160.95,2034.2,3150.85,2000.25,3132.5,1982.8,3102.15,1974.55,3074.7,1981.9,3054.5,1997.5
3-94,Uninfected,No_comment,Polygon,16,3166.45,2078.25,3168.25,2099.35,3178.35,2116.7,3199.45,2127.8,3232.5,2134.2,3253.55,2127.8,3275.6,2116.7,3292.15,2099.35,3301.3,2076.4,3294,2045.2,3277.4,2025.95,3247.2,2012.1,3217.8,2007.6,3193.95,2014,3179.3,2026.85,3166.45,2046.05
3-95,Uninfected,No_comment,Polygon,16,2845.3,2047.95,2844.4,2024.95,2859,1996.55,2882.9,1980.95,2914.05,1975.4,2936.15,1987.4,2962.75,2007.6,2971.9,2021.35,2981.1,2047.95,2981.95,2068.15,2977.4,2086.5,2957.25,2103.9,2930.65,2110.35,2892.1,2101.15,2864.55,2080,2849.9,2064.4
3-96,Uninfected,No_comment,Polygon,16,2759.95,2121.35,2759.05,2109.45,2767.25,2089.25,2789.3,2075.5,2807.7,2067.2,2829.7,2072.7,2849.9,2077.25,2866.4,2093.85,2875.55,2104.85,2882.9,2124.1,2884.75,2143.35,2873.75,2161.75,2856.25,2174.55,2824.2,2179.1,2785.6,2174.55,2767.25,2150.65
3-97,Uninfected,No_comment,Polygon,15,2953.25,2178.35,2953.25,2151.7,2971.6,2130,2986.6,2111.7,3016.6,2105,3055,2110,3076.6,2128.35,3088.25,2158.35,3090,2190,3086.6,2213.35,3055,2231.7,3030,2236.7,2998.25,2228.35,2976.6,2216.7,2961.6,2200
3-98,Uninfected,No_comment,Polygon,14,2632.9,2181.55,2636.45,2155,2647.05,2137.3,2668.3,2121.3,2697.5,2118.65,2721.4,2126.65,2738.2,2140.8,2748.85,2164.7,2751.5,2191.25,2734.7,2219.55,2707.25,2239.9,2676.25,2237.25,2647.05,2225.8,2636.45,2206.3
3-99,Uninfected,No_comment,Polygon,14,2623.15,2259.4,2605.45,2272.65,2590.4,2289.5,2580.7,2307.2,2576.25,2331.05,2598.4,2364.75,2617.85,2376.25,2655.05,2366.45,2686,2361.15,2701.1,2348.75,2709.95,2311.6,2693.95,2278.9,2668.3,2259.4,2644.4,2254.1
3-100,Uninfected,No_comment,Polygon,17,2739.1,2295.65,2724.05,2316.05,2713.45,2332,2706.35,2361.15,2709,2376.25,2718.75,2402.8,2727.6,2416.05,2743.55,2437.3,2762.1,2446.15,2785.1,2427.55,2796.65,2411.65,2807.25,2383.3,2816.1,2354.1,2808.15,2323.15,2793.1,2301,2778.05,2291.25,2756.8,2289.5
3-101,Uninfected,No_comment,Polygon,14,2842.65,2255.85,2858.6,2231.05,2873.65,2211.6,2892.2,2200.1,2927.6,2197.45,2953.3,2215.15,2974.5,2231.95,2987.8,2253.2,2978.05,2304.5,2962.15,2325.75,2936.45,2339.9,2898.4,2340.85,2865.65,2324.9,2849.75,2297.45
3-102,Uninfected,No_comment,Polygon,15,3210.8,2303.65,3213.45,2277.1,3230.3,2257.6,3254.2,2241.7,3280.75,2241.7,3317.9,2255.85,3326.75,2275.3,3333.85,2303.65,3331.2,2325.75,3324.1,2344.35,3294.9,2361.15,3263.05,2372.65,3244.45,2360.3,3223.2,2340.85,3215.25,2321.35
3-103,Uninfected,No_comment,Polygon,17,3199.3,2327.55,3171,2316.9,3138.3,2320.45,3118.8,2334.6,3104.6,2354.95,3101.95,2370.9,3106.4,2393.95,3116.1,2409.85,3129.45,2423.1,3145.35,2429.35,3167.45,2433.75,3183.4,2432.85,3202.85,2420.5,3214.35,2401,3225,2378.85,3222.3,2359.4,3216.15,2340.85
3-104,Uninfected,No_comment,Polygon,15,3337.35,2279.75,3335.6,2254.95,3348,2228.4,3370.1,2208.1,3402,2202.75,3423.2,2211.6,3440.05,2227.55,3454.25,2245.25,3460.4,2267.35,3459.5,2289.5,3455.95,2312.5,3435.6,2331.05,3394,2342.6,3364.8,2329.3,3344.45,2308.95
3-105,Uninfected,No_comment,Polygon,17,3455.05,2313.35,3443.6,2332.85,3448.9,2354.1,3456.8,2380.65,3472.8,2394.8,3493.95,2401,3516.1,2401.9,3533.8,2395.65,3554.15,2385.9,3571.85,2369.15,3572.8,2339.05,3565.65,2317.8,3546.2,2303.7,3517.85,2289.55,3490.45,2293.05,3466.55,2301.85,3462.1,2307.1
3-106,Uninfected,No_comment,Polygon,21,3024.1,2414.3,3003.75,2395.75,2971,2382.5,2952.4,2386.9,2936.45,2403.7,2925.85,2424.95,2914.35,2442.65,2910.85,2458.55,2910.85,2478.05,2909.9,2495.75,2909.05,2509.9,2924.1,2525.85,2942.65,2532.95,2963.95,2536.45,2979,2532,2993.1,2523.15,3007.25,2511.65,3022.3,2493.1,3030.3,2477.15,3033.8,2463,3035.6,2444.45
3-107,Uninfected,No_comment,Polygon,15,3031.15,2518.75,3008.15,2523.15,2986.9,2537.35,2974.5,2555.9,2968.35,2584.25,2976.3,2609.95,2988.7,2625.85,3020.55,2635.55,3043.55,2632.05,3058.65,2625.85,3074.55,2610.8,3082.5,2589.55,3086.9,2562.1,3069.2,2535.55,3047.1,2522.3
3-108,Uninfected,No_comment,Polygon,17,3120.6,2512.6,3125.85,2482.45,3136.5,2457.7,3159.5,2442.65,3188.7,2439.1,3213.5,2448.85,3232.05,2458.55,3242.7,2471.85,3251.55,2488.7,3256.85,2504.6,3257.75,2524.1,3249.75,2548.85,3224.1,2578.05,3199.3,2582.45,3164.85,2574.55,3144.45,2561.25,3123.2,2538.2
3-109,Uninfected,No_comment,Polygon,14,3241.85,2418.75,3250.7,2398.4,3278.95,2386.9,3310.85,2386,3333.85,2403.7,3348.05,2423.15,3351.55,2441.75,3335.6,2473.6,3322.35,2487.75,3307.3,2497.55,3290.45,2498.4,3255.05,2486,3243.55,2470.05,3241.85,2449.7
3-110,Uninfected,No_comment,Polygon,21,3342.7,2482.45,3340.05,2493.1,3338.25,2510.8,3339.2,2526.7,3347.1,2544.4,3356.9,2557.7,3369.25,2570.1,3383.45,2578.95,3409.05,2583.4,3432.1,2578.05,3444.45,2572.75,3455.1,2561.25,3463.95,2547.05,3464.8,2525.85,3465.7,2507.25,3459.5,2491.3,3450.65,2476.25,3431.2,2463,3415.25,2455.05,3381.65,2455.95,3359.5,2470.05
3-111,Uninfected,No_comment,Polygon,12,3147.15,2725.85,3156.85,2692.25,3194,2668.3,3239.15,2659.45,3267.45,2700.2,3270.1,2740,3260.4,2758.6,3229.4,2771.85,3209.95,2786,3182.55,2786.95,3154.2,2779.85,3146.2,2755.05
3-112,Uninfected,No_comment,Polygon,15,3133.8,2717,3121.45,2686,3104.6,2663.9,3083.4,2647.05,3053.3,2645.35,3022.3,2652.4,3001.05,2675.4,3005.55,2698.45,3029.4,2714.35,3041.8,2729.4,3059.5,2751.55,3078.95,2769.25,3105.5,2780.7,3129.45,2774.5,3138.3,2739.1
3-113,Uninfected,No_comment,Polygon,17,3019.65,2708.2,2996.7,2714.35,2977.2,2726.75,2968.35,2742.7,2961.25,2761.25,2955.1,2786,2962.15,2804.65,2974.5,2821.4,2996.7,2837.4,3033.8,2845.3,3074.55,2835.6,3092.25,2814.35,3100.2,2779.85,3101.1,2761.25,3091.35,2747.1,3067.5,2716.15,3042.65,2711.75
3-114,Uninfected,No_comment,Polygon,14,2761.25,2469.2,2752.4,2503.75,2761.25,2524.1,2778.95,2546.2,2801.95,2561.25,2837.35,2573.6,2869.2,2571.85,2891.35,2556.85,2902.85,2531.15,2896.65,2498.4,2877.15,2468.3,2837.35,2447.1,2810.8,2440.85,2780.7,2450.6
3-115,Uninfected,No_comment,Polygon,15,2602.8,2404.6,2595.75,2431.15,2607.25,2454.15,2630.3,2485.1,2658.55,2496.6,2690.45,2500.15,2706.35,2488.7,2723.2,2463.9,2724.05,2434.65,2715.2,2409.9,2700.15,2386,2687.8,2374.5,2663,2371.85,2640,2378.9,2623.15,2387.75
3-116,Uninfected,No_comment,Polygon,13,2437.3,2429.4,2433.8,2441.75,2433.8,2479.85,2446.15,2494.9,2462.15,2517,2489.55,2533.8,2514.3,2531.15,2534.65,2509.9,2544.4,2452.35,2540.85,2424.05,2518.75,2396.6,2487.75,2392.2,2463,2400.2
3-117,Uninfected,No_comment,Polygon,13,2414.3,2493.95,2395.7,2497.55,2375.35,2520.5,2362.1,2537.35,2365.65,2564.75,2373.6,2583.4,2389.55,2598.4,2414.3,2609,2457.65,2603.75,2468.3,2586.05,2471.85,2549.7,2456.8,2523.15,2439.1,2508.15
3-118,Uninfected,No_comment,Polygon,14,2497.45,2519.7,2488.7,2552.4,2492.2,2578.95,2496.6,2601.95,2520.5,2620.5,2548.85,2626.7,2569.2,2616.1,2599.25,2595.75,2611.65,2576.25,2610.8,2544.4,2601.95,2512.6,2578.9,2498.4,2547.05,2489.55,2525.75,2494
3-119,Uninfected,No_comment,Polygon,15,2648,2544.4,2638.2,2571.85,2638.2,2594.9,2645.3,2616.1,2655.9,2637.35,2673.6,2648.85,2693.95,2652.4,2729.35,2646.2,2744.4,2633.8,2759.45,2605.5,2757.7,2576.25,2745.3,2545.3,2722.3,2524.95,2693.1,2524.1,2670.95,2532
3-120,Uninfected,No_comment,Polygon,12,2773.6,2603.75,2754.15,2624.05,2749.75,2646.2,2752.4,2665.7,2764.75,2682.5,2786,2688.65,2817,2685.15,2869.2,2658.6,2878.95,2631.15,2870.1,2592.25,2847.1,2578.05,2813.5,2586.05
3-121,Uninfected,No_comment,Polygon,19,2256.75,2599.3,2236.4,2603.75,2217.85,2616.1,2203.65,2631.15,2190.45,2653.25,2187.75,2669.2,2186.85,2686.9,2185.95,2707.3,2185.95,2726.75,2197.5,2746.2,2214.3,2755.95,2237.3,2755.95,2261.25,2750.6,2281.55,2740,2303.7,2727.6,2316.05,2710.8,2307.2,2685.15,2291.3,2622.3,2273.6,2604.6
3-122,Uninfected,No_comment,Polygon,15,2323.2,2599.3,2313.4,2609.95,2309,2635.55,2314.35,2662.1,2316.95,2686,2324.9,2716.15,2348.8,2724.05,2382.45,2714.35,2398.35,2690.45,2403.7,2661.25,2406.35,2639.15,2388.65,2609.95,2377.15,2593.95,2352.35,2589.55,2339.1,2587.8
3-123,Uninfected,No_comment,Polygon,17,2449.7,2660.35,2432.9,2668.3,2411.7,2686.9,2403.7,2701.95,2390.4,2722.3,2387.75,2738.25,2386.85,2762.15,2393.05,2778.1,2406.35,2791.35,2425.8,2800.2,2457.65,2805.5,2485.1,2794.85,2504.6,2768.3,2516.1,2739.1,2510.75,2691.35,2492.2,2669.2,2468.3,2655.9
3-124,Uninfected,No_comment,Polygon,14,2577.35,2893.95,2555.55,2863.2,2549.05,2827.25,2556.75,2805.45,2577.35,2786.25,2601.7,2777.25,2619.65,2776,2649.15,2781.2,2672.15,2804.2,2677.35,2819.6,2677.35,2847.8,2672.15,2873.45,2656.75,2895.25,2638.8,2899.1
3-125,Uninfected,No_comment,Polygon,14,2653,2758.05,2650.35,2715.7,2653,2695.25,2673.5,2682.4,2708.05,2674.7,2731.2,2686.25,2750.45,2706.75,2758.05,2737.5,2754.2,2760.6,2746.6,2782.4,2727.35,2797.8,2697.8,2804.2,2682.4,2801.65,2665.8,2788.85
3-126,Uninfected,No_comment,Polygon,14,2823.45,2732.4,2824.8,2705.5,2831.15,2691.4,2844.05,2683.75,2872.25,2681.1,2894.05,2690.05,2917.05,2709.35,2931.15,2733.65,2933.8,2758.05,2927.4,2782.4,2900.45,2800.35,2868.4,2800.35,2847.9,2788.85,2831.15,2763.25
3-127,Uninfected,No_comment,Polygon,14,2234.9,2423.35,2254.2,2404.15,2282.35,2396.45,2309.35,2400.3,2332.35,2420.85,2338.85,2443.9,2341.4,2468.25,2337.55,2491.35,2323.45,2509.3,2283.7,2529.8,2250.3,2524.65,2236.25,2510.6,2226,2487.5,2220.8,2461.85
3-128,Uninfected,No_comment,Polygon,13,1981.1,2454.15,1961.85,2431.1,1931.1,2423.35,1902.8,2428.5,1870.75,2449.1,1859.2,2482.4,1875.95,2510.6,1891.35,2529.8,1915.7,2532.4,1943.9,2533.65,1970.85,2528.55,1990,2508,1993.85,2481.05
3-129,Uninfected,No_comment,Polygon,12,2107.95,2384.9,2114.45,2350.3,2134.95,2325.9,2158.05,2309.25,2195.15,2313.1,2224.65,2329.75,2237.55,2368.25,2229.85,2408,2204.2,2437.45,2172.15,2456.75,2134.95,2443.9,2117,2415.65
3-130,Uninfected,No_comment,Polygon,21,1696.55,2438.7,1708.15,2411.85,1729.85,2393.8,1753.1,2383.6,1779.2,2386.5,1796.55,2387.95,1812.5,2398.85,1825.55,2412.6,1830.65,2432.9,1830.65,2447.4,1824.85,2467,1819.05,2480.7,1805.25,2497.4,1794.35,2509,1772.65,2514.8,1756,2515.5,1729.15,2507.55,1713.25,2497.4,1701.65,2485.8,1695.85,2467,1694.4,2455.35
3-131,Uninfected,No_comment,Polygon,21,1970.5,2382.15,1979.95,2364.05,1996.55,2351,2019.05,2344.5,2035,2347.35,2053.15,2353.9,2067.6,2361.15,2079.2,2370.55,2087.9,2381.45,2096.6,2393.8,2101.7,2409.7,2104.6,2435.8,2096.6,2451,2082.85,2465.55,2065.45,2471.3,2040.8,2476.4,2019.8,2468.45,1994.4,2458.25,1984.95,2443.05,1972.7,2419.1,1965.45,2401.05
3-132,Uninfected,No_comment,Polygon,18,1797.25,2198.85,1813.25,2176.35,1828.45,2162.55,1848.7,2157.5,1865.4,2156.75,1879.9,2161.1,1890.8,2171.25,1905.3,2186.5,1911.1,2203.2,1910.35,2224.15,1911.1,2236.5,1900.95,2251,1887.9,2264.05,1876.3,2272.75,1853.05,2279.25,1815.4,2271.3,1791.45,2249.55,1789.35,2224.9
3-133,Uninfected,No_comment,Polygon,17,1700.9,2289.4,1700.2,2308.25,1702.35,2330,1711.05,2346.65,1720.5,2357.5,1734.25,2366.2,1752.35,2369.85,1782.75,2362.6,1802.35,2352.45,1818.3,2339.4,1824.1,2324.9,1827.75,2294.45,1817.6,2274.9,1795.8,2265.5,1760.35,2261.9,1737.85,2264.8,1721.15,2273.45
3-134,Uninfected,No_comment,Polygon,19,1920.45,2193.75,1919,2212.6,1922.7,2232.85,1929.9,2248.8,1941.5,2261.15,1958.9,2264.05,1978.5,2270.55,1996.55,2269.15,2015.45,2261.15,2035.9,2248.15,2046.55,2237.2,2051.7,2219.1,2056.7,2194.45,2041.55,2167.65,2019.05,2144.45,1990.75,2137.25,1960.35,2143,1942.25,2158.95,1932.1,2174.9
3-135,Uninfected,No_comment,Polygon,21,2251.65,2190.1,2241.55,2211.15,2239.4,2229.95,2240.85,2244.45,2245.2,2257.5,2251.65,2266.95,2261.85,2276.35,2272.7,2284.3,2286.5,2286.5,2304.6,2287.2,2321.95,2285.05,2338.65,2275.65,2353.9,2262.6,2363.3,2238.65,2364.05,2219.1,2356.8,2197.4,2337.95,2177.05,2322.7,2167.65,2306.05,2165.45,2283.6,2164.75,2264,2174.9
3-136,Uninfected,No_comment,Polygon,15,2382.5,1985,2391.8,1967.2,2413.85,1956.15,2455.35,1947.7,2481.7,1956.95,2497.75,1968.9,2502,1990.05,2501.15,2009.5,2490.1,2035,2475.7,2052.8,2457.05,2063.8,2425.7,2069.75,2402,2057.85,2385.85,2040.9,2374,2003.65
3-137,Uninfected,No_comment,Polygon,17,2445.2,2080.7,2438.4,2105.35,2439.25,2120.6,2441.8,2135.85,2452.85,2150.2,2466.4,2162.1,2483.35,2166.3,2502.85,2164.65,2525.7,2162.1,2540.15,2147.7,2550.3,2129.9,2552.85,2108.75,2548.6,2088.4,2535.9,2068.9,2513.85,2061.25,2481.7,2057.85,2461.3,2063.8
3-138,Uninfected,No_comment,Polygon,15,2390.95,2062.9,2369.75,2062.05,2346.9,2072.3,2331.65,2083.3,2320.6,2101.1,2313.85,2121.45,2316.35,2137.55,2325.75,2155.35,2336.7,2168.9,2354.5,2174,2391.8,2172.3,2418.1,2155.35,2430.85,2138.4,2431.65,2100.25,2413.05,2079
3-139,Uninfected,No_comment,Polygon,13,2290.15,1976.5,2255.4,1985,2229.05,2015.5,2232.45,2051.95,2240.95,2086.7,2263,2101.95,2291,2107.9,2313.85,2096.8,2337.55,2073.15,2346.05,2052.8,2345.2,2023.1,2330.8,2000.25,2316.35,1985.85
3-140,Uninfected,No_comment,Polygon,16,2155.35,2008.7,2136.7,2014.65,2118.05,2029.05,2104.5,2046,2101.1,2068.9,2102.8,2095.15,2112.95,2112.95,2129.05,2125.7,2158.7,2136.7,2186.75,2139.25,2210.45,2126.5,2224.85,2105.35,2229.05,2077.35,2212.1,2036.7,2193.45,2017.2,2176.5,2010.35
3-141,Uninfected,No_comment,Polygon,16,1446.1,2120.05,1443.1,2093.05,1464.1,2075.05,1483.1,2063.05,1521.1,2061.05,1533.1,2074.05,1539.1,2094.05,1542.1,2114.05,1551.1,2133.05,1563.1,2151.05,1562.1,2168.05,1534.1,2195.05,1517.1,2204.05,1489.1,2190.05,1474.1,2174.05,1463.1,2144.05
3-142,Uninfected,No_comment,Polygon,15,1599.15,2028.35,1577,2049.55,1561.95,2067.25,1554.05,2086.7,1552.2,2105.3,1554.9,2129.2,1568.15,2148.65,1591.15,2166.35,1625.65,2170.8,1663.75,2162.8,1690.3,2120.35,1696.45,2081.45,1679.65,2053.95,1655.75,2037.2,1626.55,2027.4
3-143,Uninfected,No_comment,Polygon,13,1558.4,1892.05,1534.5,1892.05,1510.6,1905.35,1488.45,1923.9,1486.7,1943.4,1487.6,1969.95,1499.1,1989.4,1519.45,2002.7,1553.1,2006.2,1584.05,2001.8,1606.2,1977,1612.35,1927.45,1591.15,1903.55
3-144,Uninfected,No_comment,Polygon,17,1632.75,1928.35,1618.55,1940.75,1601.75,1962.8,1600.85,1983.15,1607,1999.15,1621.2,2010.65,1639.8,2011.55,1654.85,2019.5,1674.3,2027.45,1701.75,2021.25,1714.15,2010.65,1727.4,1989.4,1731.85,1965.5,1723.9,1944.25,1705.3,1930.1,1676.1,1919.5,1661.95,1923.05
3-145,Uninfected,No_comment,Polygon,13,1924.75,1934.55,1910.55,1946.9,1892.85,1966.4,1884,1989.4,1887.6,2032.75,1901.75,2053.05,1935.4,2061.9,1969,2058.4,1990.25,2038.95,2003.2,2007.75,2000,1980.55,1991.15,1956.65,1961.95,1937.2
3-146,Uninfected,No_comment,Polygon,14,1418.9,1744.9,1418.9,1722.1,1431.4,1705.5,1463.7,1689,1494.4,1690.6,1529.9,1703.2,1547.95,1722.85,1558.95,1748,1562.9,1775.55,1551.1,1800.1,1518.85,1821.95,1478.65,1814.9,1447.9,1802.35,1429.9,1774.8
3-147,Uninfected,No_comment,Polygon,13,1599.2,1581.85,1603.95,1561.35,1621.25,1537.75,1648.05,1524.3,1687.4,1525.95,1714.95,1537.75,1731.5,1557.45,1737,1581,1718.1,1613.35,1694.5,1625.95,1652.75,1639.3,1623.65,1623.6,1605.5,1604.7
3-148,Uninfected,No_comment,Polygon,13,1608.65,1755.8,1606.3,1736.15,1611.05,1717.3,1629.15,1697.6,1651.2,1691.3,1690.55,1690.45,1716.55,1702.3,1739.4,1722.8,1741.75,1739.3,1733.1,1760.6,1703.95,1791.3,1648.85,1782.65,1624.4,1775.55
3-149,Uninfected,No_comment,Polygon,18,1663,1795.25,1622.05,1801.5,1591.35,1813.3,1578.65,1826,1574.8,1846.3,1568.5,1866.9,1576.45,1885.75,1588.25,1898.4,1611.05,1909.3,1622.05,1911,1649.6,1916.5,1664.55,1907.8,1686.55,1895.25,1700.75,1881.8,1713.4,1859.75,1720.5,1837.75,1715.75,1814.9,1692.9,1796
3-150,Uninfected,No_comment,Polygon,16,1810.25,1807.05,1796.85,1818.1,1782.65,1832.25,1772.45,1848.8,1764.5,1866.15,1770.05,1900.75,1783.4,1920.45,1800.8,1933.05,1828.35,1939.35,1844.1,1938.55,1881.9,1923.6,1899.15,1903.15,1904.7,1867.7,1892.85,1836.2,1873.2,1807.05,1847.25,1799.2
3-151,Uninfected,No_comment,Polygon,16,1909.45,1825.2,1917.25,1807.05,1929.85,1788.95,1947.25,1776.35,1972.45,1769.3,2000,1772.45,2025.2,1787.4,2036.15,1803.9,2040.1,1837.8,2037.8,1857.45,2026.7,1876.35,2006.3,1892.9,1966.9,1894.45,1940.95,1887.4,1925.2,1873.2,1914.15,1845.65
3-152,Uninfected,No_comment,Polygon,16,2055.05,1793.7,2066.15,1777.95,2075.6,1763.75,2091.35,1756.7,2118.9,1749.6,2134.65,1749.6,2152.75,1762.2,2166.15,1777.95,2175.6,1801.55,2177.1,1828.35,2171.65,1844.1,2140.1,1873.2,2105.45,1877.95,2070.8,1863,2055.9,1839.35,2050.4,1814.15
3-153,Uninfected,No_comment,Polygon,21,2166.9,1738.55,2178.75,1728.35,2195.25,1722.05,2213.4,1725.95,2227.5,1726.75,2239.3,1735.4,2250.4,1754.3,2253.55,1771.65,2248,1797.6,2250.4,1811.8,2255.9,1827.55,2259.85,1852.75,2254.3,1863.75,2226.75,1873.2,2207.1,1873.2,2193.7,1862.2,2182.65,1849.6,2171.55,1832.25,2163.6,1809.45,2155.8,1771.7,2153.55,1755.1
3-154,Uninfected,No_comment,Polygon,17,2252.7,1740.95,2253.5,1762.95,2255.05,1775.6,2262.2,1798.4,2274.8,1812.6,2302.3,1822.05,2319.7,1822.05,2339.3,1812.6,2357.45,1793.7,2363.75,1769.3,2360.6,1741.7,2350.4,1715.75,2335.45,1697.6,2317.3,1683.45,2298.4,1684.25,2277.95,1693.7,2259.85,1713.35
3-155,Uninfected,No_comment,Polygon,20,2359,1711.8,2358.2,1696.05,2360.6,1681.1,2372.45,1666.9,2388.2,1655.1,2415.75,1654.3,2436.2,1651.95,2462.15,1663,2473.95,1677.95,2481.9,1696.85,2483.4,1720.45,2478.75,1735.4,2467.65,1753.55,2455.05,1769.3,2443.25,1778.75,2426.75,1781.1,2406.3,1777.95,2388.95,1769.3,2374.8,1757.45,2363,1741.7
3-156,Uninfected,No_comment,Polygon,13,1818.05,1739.35,1810.25,1713.35,1818.9,1686.6,1836.15,1663,1861.35,1653.55,1892.1,1652.75,1923.55,1669.3,1930.65,1691.3,1936.15,1721.25,1918.05,1746.45,1899.15,1758.25,1867.65,1766.15,1843.3,1760.6
3-157,Uninfected,No_comment,Polygon,13,1859.05,1583.45,1854.3,1551.95,1871.65,1529.1,1907.85,1516.5,1943.3,1512.6,1966.15,1526.75,1992.1,1557.45,1999.15,1579.5,1995.25,1600.75,1958.2,1621.25,1931.5,1625.2,1895.25,1616.5,1873.95,1604.7
3-158,Uninfected,No_comment,Polygon,13,2131.5,1605.5,2136.15,1579.5,2152.75,1558.25,2180.25,1541.7,2220.45,1543.3,2259.05,1568.5,2266.9,1589.75,2269.3,1612.6,2255.9,1632.25,2229.15,1648.8,2208.6,1649.6,2164.5,1641.7,2145.6,1625.2
3-159,Uninfected,No_comment,Polygon,20,2281.1,1513.35,2288.2,1499.2,2300,1486.6,2315.75,1478.7,2344.1,1478.7,2358,1486.55,2374.8,1503.15,2387.4,1518.1,2392.1,1533.85,2392.85,1548,2388.2,1562.2,2374.8,1580.3,2354.3,1590.55,2329.9,1594.45,2311,1588.15,2296.85,1579.5,2285.05,1570.85,2277.95,1556.7,2276.35,1536.2,2278.75,1527.55
3-160,Uninfected,No_comment,Polygon,21,2399.15,1528.35,2410.25,1511.8,2419.7,1501.55,2433.05,1492.9,2447.25,1490.55,2464.5,1492.1,2479.5,1500.75,2488.95,1510.2,2504.7,1531.5,2505.45,1542.5,2507.1,1556.7,2507.1,1569.3,2500.8,1584.25,2492.85,1592.1,2479.5,1603.9,2462.15,1607.85,2444.9,1608.65,2422.85,1600,2405.45,1585,2395.25,1565.35,2396.85,1550.4
3-161,Uninfected,No_comment,Polygon,21,2349.55,1444.1,2352.7,1429.1,2359.85,1414.15,2370.05,1403.9,2392.1,1391.3,2413.4,1385,2435.45,1381.85,2455.85,1392.9,2470.8,1405.5,2480.25,1421.25,2480.25,1436.2,2475.6,1451.15,2466.9,1465.35,2453.55,1478.7,2441.75,1488.95,2430.65,1491.3,2411,1489.75,2388.95,1486.6,2372.45,1479.95,2360.35,1470.9,2354.3,1463
3-162,Uninfected,No_comment,Polygon,13,2071.6,1888.7,2049.7,1896.35,2023.9,1909.65,2009.7,1924.85,2007.75,1962.95,2016.35,1988.7,2041.05,2002,2077.3,2003.95,2115.4,1993.5,2125.9,1965.85,2129.7,1936.35,2118.2,1914.4,2105.9,1900.15
3-163,Uninfected,No_comment,Polygon,15,2244,1918.25,2251.6,1886.75,2265.9,1863,2286.85,1850.6,2316.35,1854.4,2337.3,1863,2359.25,1880.15,2371.55,1899.2,2372.55,1928.7,2364.95,1946.8,2344,1964.9,2324.95,1969.65,2293.45,1968.7,2264.95,1960.15,2250.65,1942.05
3-164,Uninfected,No_comment,Polygon,19,2371.55,1892.5,2373.5,1872.5,2374.45,1852.5,2387.75,1837.3,2401.15,1823,2418.3,1816.3,2439.25,1812.5,2464.9,1820.15,2480.2,1835.35,2487.75,1862.05,2487.75,1877.3,2486.8,1896.35,2476.4,1912.5,2458.3,1928.7,2439.25,1936.35,2419.25,1938.25,2403.05,1938.25,2383.05,1928.7,2373.5,1916.4
3-165,Uninfected,No_comment,Polygon,14,1976.35,1503.9,1980.15,1479.1,1990.65,1460.05,2008.7,1442.95,2033.5,1435.35,2066.8,1431.55,2095.4,1446.75,2115.4,1474.4,2120.1,1516.3,2116.35,1539.1,2085.85,1561.05,2037.3,1562.95,2002.95,1542,1989.7,1522.95
3-166,Uninfected,No_comment,Polygon,18,2539.25,1799.2,2525.85,1780.15,2524.9,1747.75,2533.55,1730.55,2555.45,1713.45,2586.85,1708.7,2610.7,1718.2,2633.55,1735.35,2642.05,1751.5,2647.85,1768.65,2649.75,1784.9,2649.75,1803.95,2643.05,1818.25,2627.85,1831.55,2609.75,1830.6,2585.9,1825.85,2563,1820.15,2549.7,1813.45
3-167,Uninfected,No_comment,Polygon,14,2543.95,1864.9,2560.2,1849.65,2592.6,1837.3,2626.85,1848.65,2640.15,1872.5,2645.9,1902.05,2643.05,1924.85,2626.85,1946.8,2607.8,1958.25,2577.35,1958.25,2558.3,1953.5,2541.15,1930.6,2537.35,1905.8,2536.4,1885.8
3-168,Uninfected,No_comment,Polygon,16,2653.55,1837.3,2650.7,1817.25,2663.05,1794.4,2677.3,1779.15,2694.5,1775.35,2714.5,1774.4,2742.1,1778.2,2766.9,1789.6,2781.15,1813.45,2782.1,1839.2,2774.45,1858.25,2760.2,1874.4,2739.2,1883.95,2708.8,1886.75,2679.2,1876.35,2658.25,1859.2
3-169,Uninfected,No_comment,Polygon,17,1750.55,1443.9,1763.95,1428.65,1783,1417.25,1812.5,1417.25,1843.95,1427.7,1860.15,1441,1867.7,1458.2,1870.6,1481,1861.1,1502,1852.5,1519.1,1834.4,1526.75,1806.8,1536.3,1790.55,1537.2,1773.45,1527.7,1759.2,1515.35,1747.75,1500.05,1746.8,1477.25
3-170,Uninfected,No_comment,Polygon,14,1880.15,1396.3,1885.8,1371.5,1903,1356.3,1929.65,1346.75,1965.8,1343.85,1991.6,1361.05,2004.9,1379.15,2006.8,1410.55,1994.45,1430.55,1976.35,1441.95,1939.2,1452.5,1915.4,1450.6,1899.2,1434.4,1891.55,1421
3-171,Uninfected,No_comment,Polygon,15,2613.25,1497.3,2592.65,1501,2579.55,1513.15,2566.5,1531.85,2561.8,1549.6,2561.8,1571.1,2574,1588.85,2597.35,1597.35,2613.25,1599.15,2640.3,1588,2655.3,1573,2662.75,1556.15,2662.75,1530.9,2652.45,1511.35,2641.25,1501.95
3-172,Uninfected,No_comment,Polygon,16,2720.7,1590.8,2704.85,1602.95,2690.8,1617.9,2677.7,1646.8,2677.7,1669.25,2689.85,1698.2,2714.15,1716.05,2747.8,1721.65,2776.8,1708.5,2794.55,1690.8,2803.9,1673.05,2804.85,1649.6,2797.35,1625.3,2779.6,1605.75,2759,1591.7,2743.15,1588.85
3-173,Uninfected,No_comment,Polygon,14,2815.1,1614.1,2819.8,1589.8,2838.5,1569.3,2861.85,1555.2,2893.6,1566.5,2916.05,1584.25,2928.2,1601.95,2926.35,1622.5,2919.8,1641.2,2905.25,1660.35,2885.2,1668.3,2866.5,1678.65,2834.75,1662.7,2818.85,1640.3
3-174,Uninfected,No_comment,Polygon,17,2736.6,1488.85,2750.6,1469.35,2772.1,1451.55,2807.65,1442.2,2826.35,1444.05,2846.9,1456.2,2857.15,1466.55,2868.4,1494.45,2869.3,1512.25,2866.5,1528.1,2855.3,1546.8,2844.1,1559.95,2830.05,1574.85,2804.85,1581.45,2758.1,1568.3,2735.7,1541.2,2730.1,1517.9
3-175,Uninfected,No_comment,Polygon,16,2547.8,1367.35,2541.25,1333.7,2555.3,1315,2570.25,1302,2583.3,1294.45,2607.6,1293.5,2631,1303.8,2645.95,1319.75,2659.95,1343.05,2660.9,1364.55,2652.45,1385.1,2634.75,1398.2,2621.65,1402,2601.1,1408.55,2579.55,1399.2,2563.7,1387.9
3-176,Uninfected,No_comment,Polygon,15,2645,1427.2,2650.6,1411.35,2665.55,1390.75,2683.35,1381.4,2709.5,1377.7,2731.95,1378.6,2745.95,1392.65,2759,1410.35,2760.9,1431.85,2747.8,1452.4,2724.45,1471.1,2702.95,1477.65,2674.9,1473,2651.55,1457.15,2645,1436.5
3-177,Uninfected,No_comment,Polygon,16,2113.2,1293.5,2122.55,1267.35,2144.95,1243.05,2177.65,1238.4,2208.55,1241.25,2227.2,1255.2,2242.2,1272.05,2247.75,1297.25,2248.7,1321.55,2239.35,1343.05,2218.8,1361.75,2185.15,1369.25,2159,1365.55,2134.7,1350.6,2116.9,1329.1,2110.4,1310.4
3-178,Uninfected,No_comment,Polygon,14,2216,1381.4,2227.2,1364.55,2257.15,1349.6,2303.85,1349.6,2328.15,1369.25,2341.25,1411.35,2329.1,1435.65,2316,1453.4,2296.35,1458,2272.05,1458.95,2253.4,1456.15,2228.15,1436.5,2218.8,1423.5,2215.05,1401
3-179,Uninfected,No_comment,Polygon,19,2353.4,1322.55,2361.8,1302.85,2372.1,1287,2387.05,1271.15,2402,1255.2,2417.9,1252.4,2445,1259.9,2458.1,1272.05,2471.15,1289.85,2481.45,1305.65,2495.45,1330.9,2492.65,1354.3,2473.95,1379.5,2445.85,1385.3,2409.5,1381.4,2391.7,1374.9,2375.85,1363.6,2361.8,1349.6,2354.3,1337.45
3-180,Uninfected,No_comment,Polygon,21,2445,1223.45,2444.05,1204.75,2459.95,1186.95,2480.5,1175.75,2495.45,1174.8,2521.6,1179.55,2532.85,1185.1,2549.65,1203.85,2559,1219.75,2559.95,1244.9,2561.8,1260.8,2561.8,1277.7,2560.9,1295.45,2546.85,1309.4,2530.05,1313.15,2512.3,1314.15,2487.05,1306.6,2477.65,1296.4,2465.55,1275.75,2456.2,1261.8,2450.6,1247.75
3-181,Uninfected,No_comment,Polygon,18,2011.3,1159,2015.05,1141.2,2024.4,1121.55,2045.9,1108.45,2080.5,1110.4,2104.75,1116.9,2120.65,1144.9,2130.95,1163.6,2125.35,1186.1,2119.75,1207.6,2106.65,1218.75,2089.85,1223.45,2071.15,1229.1,2051.5,1226.25,2033.75,1214.1,2024.4,1205.65,2016.95,1190.7,2008.5,1173.95
3-182,Uninfected,No_comment,Polygon,13,1237.05,1344.05,1236.05,1377.05,1254.05,1385.05,1288.05,1386.05,1319.05,1383.05,1351.05,1383.05,1373.05,1364.05,1379.05,1329.05,1367.05,1297.05,1334.05,1286.05,1299.05,1285.05,1273.05,1303.05,1255.05,1318.05
3-183,Uninfected,No_comment,Polygon,15,1257.05,1508.05,1262.05,1528.05,1277.05,1543.05,1292.05,1555.05,1311.05,1563.05,1331.05,1567.05,1355.05,1561.05,1375.05,1543.05,1385.05,1510.05,1379.05,1482.05,1362.05,1464.05,1337.05,1458.05,1309.05,1456.05,1281.05,1468.05,1266.05,1484.05
3-184,Uninfected,No_comment,Polygon,14,1469.05,1321.05,1464.45,1301.6,1473.45,1269.6,1498.45,1257.6,1523.05,1256.05,1556.05,1266.05,1576.05,1279.05,1592.1,1299.05,1591.1,1319.05,1582.05,1337.05,1561.05,1359.05,1543.05,1368.05,1491.05,1359.05,1475.05,1342.05
3-185,Uninfected,No_comment,Polygon,14,1287.05,1228.05,1287.05,1209,1299.05,1183,1315.05,1163,1342.05,1151,1375.05,1160,1398.05,1177,1405.05,1196,1402.5,1220.6,1390.5,1241.6,1373.05,1258.05,1348.05,1265.05,1315.05,1257.05,1298.05,1245.05
3-186,Uninfected,No_comment,Polygon,10,1562.05,1408.05,1539.05,1418.05,1521.05,1442.05,1528.05,1477.05,1553.05,1499.05,1600.1,1514.05,1649.1,1484.05,1663.1,1449.05,1637.1,1417.05,1602.1,1403.05
3-187,Uninfected,No_comment,Polygon,15,1449.05,1582.05,1454.05,1561.05,1469.05,1541.05,1495.05,1526.05,1531.05,1520.05,1562.05,1539.05,1585.05,1562.05,1590.1,1594.1,1584.05,1619.1,1560.05,1648.1,1535.05,1659.1,1505.05,1662.1,1476.05,1653.1,1459.05,1635.1,1453.05,1612.1
3-188,Uninfected,No_comment,Polygon,11,1316.05,1631.1,1322.05,1610.1,1340.05,1593.1,1372.05,1576.05,1413.05,1577.05,1442.05,1600.1,1453.05,1637.1,1433.05,1679.1,1396.05,1697.1,1355.05,1691.1,1331.05,1670.1
3-189,Uninfected,No_comment,Polygon,12,1336.05,1060.05,1353.05,1043.05,1387.05,1031.05,1422.05,1040.05,1463.05,1066.05,1480.05,1099.05,1472.05,1123.05,1434.05,1152,1393.05,1151,1357.05,1134,1335.05,1106.05,1331.05,1081.05
3-190,Uninfected,No_comment,Polygon,14,1599.1,1346.05,1610.1,1312.05,1627.1,1280.05,1650.1,1265.05,1677.1,1265.05,1699.1,1275.05,1713.1,1295.05,1717.1,1316.05,1708.1,1346.05,1700.1,1377.05,1687.1,1392.05,1656.1,1399.05,1628.1,1400.05,1609.1,1381.05
3-191,Uninfected,No_comment,Polygon,15,1430.05,1017.05,1424.05,981.05,1425.05,953.05,1444.05,931.05,1465.05,924.05,1491.05,926.05,1515.05,940.05,1539.05,969.05,1544.05,994.05,1543.05,1015.05,1529.05,1043.05,1515.05,1050.05,1495.05,1057.05,1473.05,1057.05,1447.05,1039.05
3-192,Uninfected,No_comment,Polygon,19,1561.05,1036.05,1560.05,1017.05,1563.05,1001.05,1569.05,984.05,1582.05,967.05,1596.1,956.05,1617.1,949.05,1636.1,946.05,1662.1,950.05,1680.1,958.05,1697.1,971.05,1706.1,995.05,1707.1,1030.05,1702.1,1056.05,1684.1,1076.05,1645.1,1086.05,1617.1,1085.05,1589.1,1070.05,1570.05,1055.05
3-193,Uninfected,No_comment,Polygon,16,1733.1,1158,1733.1,1127.05,1737.1,1106.05,1760.1,1089.05,1785.1,1078.05,1807.1,1081.05,1832.1,1089.05,1847.1,1108.05,1853.1,1126.05,1854.1,1151,1852.1,1174,1835.1,1195,1818.1,1206,1795.1,1208,1767.1,1200,1741.1,1177
3-194,Uninfected,No_comment,Polygon,19,1785.1,1277.05,1767.1,1282.05,1750.1,1292.05,1734.1,1309.05,1725.1,1326.05,1720.1,1348.05,1721.1,1367.05,1729.1,1382.05,1740.1,1396.05,1760.1,1409.05,1781.1,1411.05,1808.1,1407.05,1830.1,1394.05,1844.1,1383.05,1853.1,1364.05,1854.1,1349.05,1854.1,1324.05,1833.1,1299.05,1814.1,1286.05
3-195,Uninfected,No_comment,Polygon,14,1842.1,1282.05,1840.1,1249.05,1846.1,1221.05,1868.1,1193,1900.05,1180,1932.05,1182,1961.05,1204,1977.1,1229.05,1980.1,1253.05,1976.1,1279.05,1959.05,1298.05,1927.05,1322.05,1893.05,1326.05,1862.1,1311.05
3-196,Uninfected,No_comment,Polygon,12,1791.1,1041.05,1791.1,1005.05,1805.1,983.05,1831.1,966.05,1878.1,961.05,1906.05,977.05,1929.05,1002.05,1928.05,1033.05,1913.05,1066.05,1889.1,1086.05,1850.1,1086.05,1819.1,1072.05
3-197,Uninfected,No_comment,Polygon,16,1703.1,892.05,1707.1,871.05,1730.1,850.05,1757.1,841.05,1787.1,845.05,1814.1,853.05,1833.1,874.05,1839.1,900.05,1840.1,917.05,1835.1,934.05,1820.1,949.05,1800.1,960.05,1773.1,967.05,1748.1,964.05,1732.1,956.05,1712.1,931.05
3-198,Uninfected,No_comment,Polygon,18,1920.05,924.05,1924.05,895.05,1937.05,880.05,1954.05,867.05,1981.1,861.05,2007.1,867.05,2028.1,881.05,2044.1,901.05,2052.1,924.05,2055.1,949.05,2047.1,973.05,2033.1,988.05,2013.1,1000.05,1989.1,1003.05,1961.05,995.05,1941.05,985.05,1926.05,970.05,1922.05,944.05
3-199,Uninfected,No_comment,Polygon,14,2178.1,1090.05,2190.1,1075.05,2210.1,1061.05,2234.1,1056.05,2263.1,1064.05,2283.1,1074.05,2295.1,1103.05,2300.1,1129.05,2287.1,1162,2270.1,1183,2233.1,1190,2203.1,1175,2184.1,1153,2168.1,1124.05
3-200,Uninfected,No_comment,Polygon,16,2302.1,1148,2301.05,1126.05,2306.1,1110.05,2318.1,1089.05,2332.1,1073.05,2351.15,1066.05,2373.15,1066.05,2399.15,1076.05,2411.15,1101.05,2420.15,1121.05,2417.15,1142,2404.15,1179,2384.15,1198,2347.15,1202,2323.1,1186,2306.1,1167
3-201,Uninfected,No_comment,Polygon,16,2261.4,994.5,2261.4,974,2270.05,953.55,2289.75,933.9,2323.6,926.75,2352.7,930.75,2376.35,944.1,2394.4,960.6,2404.7,985.05,2404.7,1011,2389.75,1032.3,2360.6,1049.65,2335.4,1053.55,2301.55,1050.4,2277.9,1035.45,2262.9,1009.45
3-202,Uninfected,No_comment,Polygon,15,2414.15,1000.8,2409.4,979.5,2415.7,957.45,2429.9,939.35,2444.85,925.2,2467.7,918.9,2489.75,924.45,2507.85,944.85,2512.55,962.25,2516.45,987.4,2514.15,1003.95,2496.8,1026,2479.5,1040.2,2452.7,1040.2,2430.65,1026.75
3-203,Uninfected,No_comment,Polygon,19,2471.6,1061.4,2474,1046.5,2488.1,1033.05,2503.85,1022.05,2524.4,1017.3,2540.1,1016.55,2560.6,1019.7,2575.5,1031.5,2589.75,1047.25,2599.95,1065.4,2600.7,1084.25,2595.25,1103.15,2583.45,1119.7,2562.9,1130.7,2540.9,1133.85,2514.95,1130.7,2496.8,1118.9,2480.3,1101.55,2470.05,1077.15
3-204,Uninfected,No_comment,Polygon,21,2553.45,831.5,2551.15,811,2558.25,785.8,2567.7,768.5,2581.05,762.2,2603.1,759.05,2620.45,759.05,2638.5,770.85,2652.7,781.9,2661.4,799.2,2666.9,823.6,2668.45,836.2,2666.05,850.4,2659,864.55,2649.55,874,2635.35,880.3,2618.85,882.65,2603.1,881.1,2588.1,876.35,2570.05,864.55,2559,848.8
3-205,Uninfected,No_comment,Polygon,16,1494.2,683.4,1491.3,657.9,1491.3,635.4,1503,620.65,1522.7,607.9,1556.95,607.9,1574.65,614.8,1595.2,631.4,1609.9,648.15,1616.85,674.55,1614.8,702,1613.8,714.75,1596.2,726.5,1576.55,735.35,1538.3,730.45,1518.7,721.65
3-206,Uninfected,No_comment,Polygon,13,1436.4,805,1433.45,766.75,1442.3,735.35,1479.55,723.6,1526.6,734.4,1544.25,757.9,1556.05,788.3,1553.1,821.65,1545.25,844.2,1523.65,864.8,1492.3,882.45,1465.8,860.85,1447.25,838.3
3-207,Uninfected,No_comment,Polygon,15,1577.6,821.65,1575.65,801.1,1595.25,768.75,1625.65,749.1,1658,758.9,1681.55,780.45,1690.35,803,1698.2,826.6,1691.35,859.9,1673.7,880.5,1652.1,883.4,1629.55,881.5,1604.1,869.7,1594.25,860.85,1580.6,839.3
3-208,Uninfected,No_comment,Polygon,16,1698.2,771.65,1702.15,746.15,1724.7,731.45,1755.05,718.7,1776.7,718.7,1800.2,729.5,1816.9,741.25,1827.65,762.8,1834.55,787.35,1832.55,806.95,1817.85,826.6,1791.35,834.4,1758,829.5,1733.5,830.45,1713.9,821.65,1704.1,798.1
3-209,Uninfected,No_comment,Polygon,13,1623.7,643.2,1630.55,613.8,1654.1,598.1,1703.1,591.25,1729.6,614.75,1755.05,643.2,1767.8,668.7,1750.15,693.25,1720.75,718.7,1679.55,736.35,1653.1,722.6,1632.5,698.15,1634.45,671.65
3-210,Uninfected,No_comment,Polygon,12,1700.15,556.9,1696.3,522.6,1711.95,496.1,1758,484.4,1796.25,493.2,1817.85,514.75,1820.75,547.15,1815.85,583.4,1800.2,603,1773.7,613.8,1741.35,615.75,1713.9,585.35
3-211,Uninfected,No_comment,Polygon,18,1801.15,645.2,1807.05,617.75,1819.8,595.2,1834.55,586.35,1855.1,581.45,1875.7,584.35,1893.3,589.25,1909,597.1,1923.7,608.9,1941.35,637.3,1938.45,668.7,1929.6,687.3,1910.95,707.95,1884.5,715.8,1858.05,714.75,1832.55,704,1810,682.4,1802.15,663.8
3-212,Uninfected,No_comment,Polygon,17,1874.75,757.9,1889.4,743.25,1910,733.45,1940.4,729.5,1963.9,740.25,1980.6,753,1992.35,771.65,1999.2,791.3,2000.2,805.95,2000.2,826.6,1994.3,840.3,1972.75,852.05,1947.25,861.85,1911.95,865.75,1890.4,850.1,1870.75,818.75,1865.85,780.45
3-213,Uninfected,No_comment,Polygon,16,2011,729.5,2014.9,707.95,2028.65,688.3,2047.25,675.6,2066.85,670.7,2088.5,674.55,2118.85,689.3,2132.55,709.85,2135.5,730.45,2137.45,750.05,2127.65,769.7,2111,787.35,2089.45,793.2,2051.2,799.1,2020.8,770.65,2011.95,740.25
3-214,Uninfected,No_comment,Polygon,16,2052.15,823.65,2065.95,811.85,2091.4,800.1,2113.95,795.2,2133.55,800.1,2150.2,812.8,2164.9,834.4,2167.85,856.95,2167.85,878.5,2154.15,900.1,2134.55,914.8,2098.25,918.7,2074.7,910.85,2056.1,889.35,2050.2,866.8,2053.15,838.3
3-215,Uninfected,No_comment,Polygon,14,2183.55,823.65,2176.7,849.15,2187.5,870.65,2208.05,891.25,2227.7,907,2261,904,2282.6,890.3,2298.25,872.65,2308.1,845.2,2302.25,820.65,2280.6,797.15,2255.15,782.45,2231.6,781.45,2205.1,800.1
3-216,Uninfected,No_comment,Polygon,16,1880.6,551.05,1884.5,527.5,1903.15,503,1922.75,490.25,1952.15,503.95,1978.65,523.6,1989.4,544.15,2000.2,559.9,2006.1,582.45,2009,600.1,1999.2,622.65,1972.75,634.35,1951.15,635.4,1915.85,617.8,1900.1,595.25,1884.5,570.65
3-217,Uninfected,No_comment,Polygon,17,1919.55,330.7,1912.85,306,1920.15,283.35,1936.85,264,1956.15,250,1980.85,246.65,2003.55,249.35,2025.55,262.65,2036.25,284.65,2040.85,306,2036.85,328.7,2025.55,345.4,2010.85,359.4,1990.85,366.7,1966.85,367.4,1948.15,360,1930.15,346
3-218,Uninfected,No_comment,Polygon,18,1984.15,494.75,1987.5,473.4,2002.2,454,2026.2,438,2042.2,436,2065.45,444,2084.9,460.7,2096.9,478.7,2102.9,504.05,2096.9,536,2089.6,547.5,2079.45,558,2046.8,569.35,2028.2,565.35,2011.5,555.35,1998.8,538.75,1989.5,525.35,1985.65,510.1
3-219,Uninfected,No_comment,Polygon,16,2100.9,516.7,2098.6,493.05,2100.15,475.15,2104.2,457.25,2114.6,440.45,2130.8,425.45,2163.15,424.3,2199,433.55,2213.45,452.05,2223.85,482.1,2225,508.1,2219.8,528.35,2204.2,548.6,2183.4,556.65,2149.3,552.6,2119.2,539.35
3-220,Uninfected,No_comment,Polygon,17,2106.5,556.65,2091.45,564.2,2079.35,577.5,2074.15,602.35,2070.65,625.45,2076.45,648,2093.8,665.35,2112.85,676.35,2137.7,680.95,2159.7,682.7,2178.75,674,2203.6,656.7,2218.05,627.2,2204.75,583.85,2177.05,571.1,2147.55,567.65,2126.15,559.55
3-221,Uninfected,No_comment,Polygon,15,2213.45,566.5,2217.5,543.95,2226.75,526.6,2245.8,512.75,2269.5,505.8,2295.55,511.6,2310.55,520.85,2325,541.05,2329.05,564.2,2330.2,595.4,2322.1,612.15,2305.35,627.75,2267.8,641.65,2231.95,627.75,2214.6,604.65
3-222,Uninfected,No_comment,Polygon,14,2209.4,672.85,2199.55,693.1,2196.1,717.4,2211.7,740.5,2219.8,749.75,2240.6,757.25,2259.7,758.4,2280.5,760.15,2304.2,750.35,2323.85,728.95,2334.25,690.2,2301.9,650.9,2268.35,645.1,2242.95,649.75
3-223,Uninfected,No_comment,Polygon,13,2343.5,609.25,2345.85,586.15,2355.65,562.45,2379.95,544.55,2407.7,536.45,2438.9,548,2454.5,575.75,2460.3,601.75,2455.65,629.5,2438.3,653.2,2407.7,664.2,2365.5,650.9,2354.5,634.15
3-224,Uninfected,No_comment,Polygon,12,2223.85,447.4,2220.95,424.3,2231.95,389.6,2259.1,361.3,2290.9,354.35,2326.15,374,2341.8,404.05,2340.6,438.15,2326.15,465.9,2294.4,485,2264.9,490.2,2237.7,472.25
3-225,Uninfected,No_comment,Polygon,14,2468.95,567.65,2479.95,538.15,2494.95,515.05,2524.45,509.25,2552.8,514.45,2566.05,531.25,2577.65,549.75,2582.25,580.95,2573.6,601.75,2555.65,622.55,2534.85,630.65,2510,626.05,2489.2,615.05,2475.9,600
3-226,Uninfected,No_comment,Polygon,13,2778,1785.65,2781.4,1770.1,2794.3,1750.3,2812.5,1739.1,2836.55,1737.3,2860.75,1744.2,2878.8,1758.85,2892.65,1779.55,2892.65,1809.75,2880.55,1831.3,2849.55,1845.1,2804.65,1840.75,2787.4,1813.2
3-227,Uninfected,No_comment,Polygon,12,2571.65,1247.35,2579.7,1220.95,2604.9,1199,2648.6,1199.05,2676.3,1223.25,2686.65,1239.35,2688.9,1274.9,2678.55,1299.05,2655.55,1303.65,2627.15,1302.95,2591.15,1288.7,2573.9,1266.9
3-228,Uninfected,No_comment,Polygon,14,2714.2,1312.85,2719.95,1295.6,2738.35,1274.9,2770.5,1265.75,2803.85,1266.9,2824.6,1286.4,2843,1314,2844.15,1338.1,2828.05,1371.5,2807.3,1392.2,2773.95,1392.2,2746.35,1376.1,2721.1,1355.35,2716.5,1334.7