228,5312,2988
4-1,Uninfected,No_comment,Polygon,16,2426.7,224.1,2394.8,225.85,2377.55,236.15,2359.45,256.85,2355.15,281.85,2355.15,315.5,2369.8,337.9,2387,355.1,2403.45,367.2,2426.7,373.25,2456,365.5,2475,351.65,2488.8,334.45,2485.35,289.6,2468.9,247.4,2449.1,232.75
4-2,Uninfected,No_comment,Polygon,12,2600,274.1,2574.1,272.4,2546.55,298.25,2536.2,335.3,2539.65,362.9,2558.55,389.6,2597.4,399.95,2631.9,392.2,2651.7,372.4,2659.45,342.2,2652.55,304.3,2625.85,279.3
4-3,Uninfected,No_comment,Polygon,14,2560.35,191.35,2563.8,149.95,2586.2,124.95,2625,109.45,2647.4,108.6,2670.7,125.85,2688.8,150.85,2687.9,186.15,2681.9,237.05,2662,251.65,2633.55,258.6,2608.55,253.4,2591.35,241.35,2572.4,223.2
4-4,Uninfected,No_comment,Polygon,16,2412,89.6,2395.65,94.8,2382.75,106.85,2372.4,123.2,2361.2,152.55,2361.2,175.85,2380.15,200.85,2425,215.5,2447.4,212.9,2468.9,199.1,2481,181,2485.35,157.75,2478.45,133.6,2462,112.9,2446.55,96.5,2431,89.6
4-5,Uninfected,No_comment,Polygon,20,2478.45,82.75,2483.55,55.1,2496.55,24.1,2514.65,6.85,2537.9,2.55,2567.25,12.05,2583.55,24.1,2597.4,38.75,2602.55,58.6,2604.3,76.65,2599.1,98.2,2587,119.8,2577.55,133.6,2562,147.4,2547.4,157.75,2528.45,158.6,2509.45,158.6,2497.4,144.8,2488.8,131,2481.9,109.45
4-6,Uninfected,No_comment,Polygon,14,2504.3,466.35,2481.9,449.95,2450.85,453.4,2428.45,462.05,2412,482.75,2398.25,518.95,2406.9,549.1,2422.4,569.8,2439.65,582.75,2466.35,585.3,2501.7,575.85,2525.85,549.95,2531,504.3,2518.9,481.85
4-7,Uninfected,No_comment,Polygon,19,2279.3,418.05,2278.45,396.5,2289.65,373.25,2313.8,349.1,2337.9,341.35,2359.45,345.65,2379.3,363.75,2396.55,383.55,2400.85,401.65,2400,421.5,2401.7,441.35,2394.8,455.1,2381.9,465.5,2356,473.25,2334.45,474.95,2320.65,468.95,2307.75,459.45,2296.55,449.1,2292.25,437.9
4-8,Uninfected,No_comment,Polygon,17,2679.3,246.5,2681.85,225.85,2691.3,188.75,2705.1,145.65,2718.85,131,2744.8,118.05,2761.15,118.95,2781.85,133.6,2793.05,149.95,2800.8,176.65,2793.05,197.45,2782.7,218.95,2767.2,246.5,2753.4,272.35,2724.05,293.9,2692.9,288,2676.7,270.6
4-9,Uninfected,No_comment,Polygon,12,2569.8,480.15,2575,454.35,2593.1,433.6,2632.75,423.25,2666.35,443.1,2681.9,476.7,2682.75,509.5,2674.1,537.1,2643.1,545.7,2615.45,550,2585.35,534.5,2568.1,510.35
4-10,Uninfected,No_comment,Polygon,19,2681,384.5,2686.2,360.35,2695.65,335.35,2710.35,316.35,2729.3,302.6,2753.45,301.7,2773.25,309.5,2792.25,322.45,2807.75,333.65,2814.65,354.35,2818.9,373.25,2818.1,391.35,2806.9,416.35,2797.4,427.6,2777.55,441.35,2760.35,446.55,2736.2,443.1,2706.9,432.8,2688.8,411.25
4-11,Uninfected,No_comment,Polygon,17,2756,281.05,2757.7,260.3,2765.45,233.65,2780.1,214.65,2806,194.8,2834.45,178.45,2868.1,180.15,2886.2,198.25,2893.9,218.1,2890.45,237.1,2879.3,250.9,2864.65,265.55,2847.4,280.15,2825.85,294.8,2805.1,308.65,2791.35,309.5,2762,297.45
4-12,Uninfected,No_comment,Polygon,15,2825.85,319,2832.75,295.7,2842.2,273.3,2863.75,262.1,2881.9,251.7,2919.8,263.8,2934.45,277.6,2944.8,305.15,2939.65,324.15,2927.55,364.7,2908.55,385.35,2890.45,392.25,2857.75,396.55,2838.8,379.35,2827.55,349.15
4-13,Uninfected,No_comment,Polygon,16,2981.9,343.1,2985.35,319.8,2998.25,288.8,3012,275.9,3040.45,260.35,3075.85,263.8,3094.8,274.15,3113.8,296.55,3111.2,332.8,3101.7,361.25,3086.2,385.35,3054.3,400,3024.1,406.9,3009.45,403.45,2993.1,382.8,2986.2,364.7
4-14,Uninfected,No_comment,Polygon,16,3031,187.95,3031.9,165.55,3043.1,148.25,3061.2,131.05,3084.45,124.15,3115.45,127.6,3131.9,138.8,3146.55,152.6,3160.35,180.15,3166.35,202.6,3168.1,225.9,3155.15,260.35,3132.75,270.7,3084.45,263.8,3051.7,242.25,3036.2,216.35
4-15,Uninfected,No_comment,Polygon,18,3187.9,203.45,3198.25,184.5,3212,169.8,3237.9,158.65,3252.55,157.8,3278.45,161.25,3293.1,169.8,3304.3,183.65,3316.35,216.35,3318.1,235.35,3306,257.8,3292.25,272.45,3272.35,285.35,3237.9,289.65,3193.9,282.8,3177.55,261.25,3175,244,3175,225
4-16,Uninfected,No_comment,Polygon,14,3041.35,415.55,3012,425,2998.25,444.8,2991.35,466.35,2993.1,487.95,3000,507.8,3012,521.55,3036.2,536.25,3062,540.55,3096.55,531.9,3110.35,510.35,3116.35,481.9,3111.2,427.6,3074.1,409.5
4-17,Uninfected,No_comment,Polygon,12,2598.25,562.1,2582.75,569,2571.55,584.5,2571.55,605.15,2581.9,637.1,2595.65,665.55,2620.65,682.8,2660.35,688.8,2695.65,674.15,2699.1,620.7,2673.25,578.45,2612,562.95
4-18,Uninfected,No_comment,Polygon,14,2771.55,540.55,2774.1,560.35,2785.35,586.25,2796.55,599.15,2823.25,609.5,2845.65,607.8,2881,593.1,2899.1,556.05,2898.25,519.8,2872.4,490.55,2837.9,475.9,2800,479.35,2781.9,498.25,2771.55,525.9
4-19,Uninfected,No_comment,Polygon,14,2855.65,782.6,2822.6,759.3,2808.1,734.95,2810,698.05,2825.55,671.9,2845,661.2,2876,657.35,2900.3,665.1,2918.75,682.55,2927.5,707.8,2930.4,730.15,2916.85,756.35,2891.6,771.85,2872.15,776.7
4-20,Uninfected,No_comment,Polygon,14,2958.25,713.25,2933.5,699.25,2921.1,645.8,2932.7,612.4,2953.6,586.85,2980.8,575.2,3001.65,574.45,3026.5,585.3,3045.1,600,3062.2,638.8,3056.7,667.45,3038.1,699.25,3017.2,712.4,2983.05,719.45
4-21,Uninfected,No_comment,Polygon,11,2309.45,662.8,2314.8,631,2335.8,602.35,2375.3,589.95,2408.6,600.8,2429.55,631.85,2435,666.7,2418.75,703.1,2384.65,717.9,2345.85,713.95,2321.85,692.25
4-22,Uninfected,No_comment,Polygon,13,3134.25,507,3121.85,522.5,3103.25,548.9,3106.35,575.2,3115.65,597.7,3134.25,615.5,3167.55,627.9,3186.2,629.45,3213.3,613.95,3231.2,585.3,3230.35,551.15,3203.25,510.85,3159.8,498.45
4-23,Uninfected,No_comment,Polygon,15,3290.05,354.25,3293.15,330.25,3308.65,305.45,3325.7,288.35,3357.5,276.75,3384.65,279.85,3404,294.55,3430.35,320.95,3439.7,353.5,3437.4,389.2,3422.6,410.1,3400.2,424.8,3375.35,426.35,3328.1,414.75,3300.9,388.4
4-24,Uninfected,No_comment,Polygon,17,3408.65,308.55,3407.95,282.15,3416.4,255.8,3425,233.35,3448.2,220.2,3473.8,219.4,3503.3,231.8,3514.15,246.5,3524.2,275.95,3527.3,297.65,3521.9,334.9,3506.4,372.85,3488.5,388.4,3462.15,389.95,3437.35,381.35,3424.95,365.85,3414.1,335.65
4-25,Uninfected,No_comment,Polygon,13,3494.7,412.4,3496.25,382.15,3507.85,358.9,3522.65,344.2,3558.3,337.2,3607.95,341.85,3621.85,365.1,3631.15,399.25,3611.8,433.35,3585.4,455.1,3566.8,458.9,3534.25,450.4,3513.3,434.1
4-26,Uninfected,No_comment,Polygon,14,3494.7,426.35,3473.8,417.85,3439.7,424.05,3414.85,441.1,3400.9,459.75,3395.55,487.6,3399.35,513.2,3412.6,536.5,3425.7,551.15,3466.8,559.75,3492.45,548.9,3524.95,516.3,3528.85,487.6,3509.5,440.3
4-27,Uninfected,No_comment,Polygon,15,3307.1,531.8,3285.4,551.15,3266,584.5,3261.35,618.6,3273,641.15,3286.95,656.6,3314.85,665.9,3340.5,662.8,3371.45,646.55,3387.75,629.45,3397.8,604.65,3402.45,569.05,3386.95,537.2,3359.05,520.15,3329.65,520.95
4-28,Uninfected,No_comment,Polygon,13,3566.8,519.4,3570.75,496.9,3589.35,474.45,3608.7,456.65,3645.95,447.3,3675.4,460.45,3689.35,476,3699.4,523.25,3694.75,550.45,3661.45,569.05,3617.2,578.3,3587.8,562.85,3572.3,544.25
4-29,Uninfected,No_comment,Polygon,14,3457.5,608.55,3461.4,592.25,3480.75,567.5,3498.65,553.55,3532.7,548.05,3558.3,552,3581.6,569.8,3592.45,602.35,3589.35,638.05,3575.4,655.85,3551.3,672.9,3502.45,678.3,3471.45,663.6,3455.2,640.35
4-30,Uninfected,No_comment,Polygon,14,3704.05,703.95,3728.9,696.15,3755.25,681.4,3769.2,658.15,3762.15,617.85,3738.2,589.95,3688.5,576,3653.7,579.85,3635.8,596.15,3621.1,618.6,3618.75,640.35,3624.2,669,3637.35,681.4,3664.55,696.15
4-31,Uninfected,No_comment,Polygon,12,3345.75,796.6,3332.2,766.9,3324.55,724.55,3338.95,697.45,3355.1,680.5,3385.6,670.3,3419.5,678.8,3435.6,693.2,3447.45,726.25,3433.9,770.3,3417.8,794.05,3389.8,805.9
4-32,Uninfected,No_comment,Polygon,12,3221.2,797.45,3199.15,771.15,3187.3,743.2,3199.15,703.35,3224.55,682.15,3248.3,675.4,3281.35,679.65,3302.55,698.3,3315.25,728.8,3312.7,768.6,3300,788.1,3272,802.5
4-33,Uninfected,No_comment,Polygon,12,2704.25,820.35,2711,786.45,2729.65,766.1,2754.25,756.75,2796.6,760.1,2816.1,774.55,2835.6,795.75,2845.75,832.2,2836.45,860.95,2811.85,881.35,2761,875.45,2727.1,848.3
4-34,Uninfected,No_comment,Polygon,14,2882.2,825.45,2891.5,796.6,2916.95,778.8,2941.5,768.65,2966.95,770.35,2988.15,786.45,3001.7,805.05,3003.4,832.2,2989,859.35,2977.95,874.55,2958.45,886.45,2924.55,888.95,2898.3,873.7,2881.35,844.9
4-35,Uninfected,No_comment,Polygon,14,2985.6,887.3,2997.45,862.7,3017.8,846.6,3044.9,839.8,3071.2,844,3101.7,863.55,3117.8,892.4,3111.85,933.9,3094.05,960.1,3070.35,973.7,3037.3,972,3011,960.95,2989.8,944,2981.35,922.85
4-36,Uninfected,No_comment,Polygon,14,2969.5,996.6,2934.75,1010.95,2912.7,1035.6,2906.75,1068.65,2907.6,1095.75,2922.05,1116.95,2941.5,1133.05,2970.35,1138.15,2993.2,1126.3,3020.35,1102.55,3031.35,1084.75,3031.35,1056.75,3021.2,1022.85,3004.25,1007.6
4-37,Uninfected,No_comment,Polygon,14,2773.7,1102.55,2751.7,1083.9,2739,1050.85,2741.5,1018.65,2763.55,988.15,2791.5,980.5,2817.8,981.35,2839,996.6,2855.1,1015.25,2862.7,1039.8,2865.25,1076.3,2852.55,1098.3,2831.35,1115.25,2805.1,1116.1
4-38,Uninfected,No_comment,Polygon,13,3089,1022,3085.6,989.8,3104.25,969.5,3125.4,942.4,3144.9,938.95,3177.1,941.5,3202.55,958.45,3217.8,982.2,3216.95,1006.75,3195.75,1039.8,3159.3,1062.7,3122.9,1063.55,3100,1044
4-39,Uninfected,No_comment,Polygon,16,3192.35,926.3,3200,947.45,3218.65,971.2,3248.3,988.95,3289.85,976.3,3311,956.75,3324.55,930.5,3327.95,901.7,3314.4,874.55,3297.45,858.45,3276.25,852.55,3254.25,851.7,3234.75,857.6,3219.5,867.8,3205.1,880.5,3197.45,896.6
4-40,Uninfected,No_comment,Polygon,14,3408.45,833.9,3416.1,810.95,3439,774.55,3466.1,758.45,3498.3,741.5,3527.95,748.3,3547.45,760.1,3566.95,803.4,3567.8,830.5,3550,849.15,3521.2,857.6,3495.75,860.95,3463.55,856.75,3428.8,851.7
4-41,Uninfected,No_comment,Polygon,14,3416.1,881.35,3400.85,903.4,3393.2,926.3,3398.3,952.55,3419.5,979.65,3447.45,994.9,3483.05,992.4,3510.15,974.55,3519.5,955.05,3530.5,925.4,3519.5,895.75,3503.4,877.05,3478.8,866.1,3449.15,862.7
4-42,Uninfected,No_comment,Polygon,14,3521.2,1014.4,3520.35,989.8,3537.3,960.1,3557.6,938.15,3596.6,930.5,3632.2,950,3643.2,972,3644.9,996.6,3641.5,1014.4,3633.05,1031.35,3621.2,1044.9,3583.05,1053.4,3554.25,1047.45,3528.8,1032.2
4-43,Uninfected,No_comment,Polygon,18,3339.85,1091.5,3353.4,1063.55,3373.75,1039.8,3399.15,1031.35,3416.95,1036.45,3434.75,1047.45,3444.9,1055.9,3454.25,1072,3455.95,1091.5,3451.7,1109.35,3445.75,1131.35,3434.75,1148.3,3423.75,1163.55,3404.25,1176.3,3377.95,1178.8,3350,1167.8,3333.05,1145.75,3333.05,1116.95
4-44,Uninfected,No_comment,Polygon,13,3140.65,1138.15,3133.9,1098.3,3159.3,1077.9,3193.2,1070.35,3231.35,1076.3,3266.1,1091.5,3277.95,1109.35,3278.8,1135.6,3264.4,1161.85,3236.45,1172.05,3207.6,1170.35,3185.6,1160.1,3166.1,1149.15
4-45,Uninfected,No_comment,Polygon,14,3162.7,1161.85,3135.6,1164.4,3098.3,1199.15,3094.05,1227.9,3103.4,1260.95,3116.1,1278.8,3158.45,1283.05,3187.3,1277.05,3208.45,1264.4,3217.8,1246.6,3224.55,1222.85,3217.8,1203.4,3198.3,1180.5,3178.8,1169.5
4-46,Uninfected,No_comment,Polygon,15,2980.5,1153.4,2993.2,1136.45,3016.95,1120.35,3038.15,1115.25,3067.8,1128.8,3085.6,1148.3,3091.5,1169.5,3089,1191.5,3083.9,1222.05,3064.4,1240.65,3040.65,1238.95,3025.4,1222.05,3005.95,1201.7,2989,1188.15,2983.05,1170.35
4-47,Uninfected,No_comment,Polygon,15,2924.55,1205.1,2911.85,1227.05,2900,1249.15,2906.75,1277.05,2922.85,1300,2946.6,1312.7,2982.2,1313.55,3003.4,1305.1,3020.35,1285.6,3031.35,1265.25,3029.65,1241.5,3021.1,1216.1,3002.5,1195.7,2972.9,1192.35,2946.6,1197.45
4-48,Uninfected,No_comment,Polygon,16,3651.7,889.8,3642.35,902.55,3631.35,920.35,3628.8,953.4,3636.45,964.4,3650,979.65,3663.55,990.65,3677.1,998.3,3701.7,995.75,3714.4,984.75,3724.55,968.65,3730.5,946.6,3732.2,919.5,3722.05,898.3,3703.4,882.2,3674.55,879.65
4-49,Uninfected,No_comment,Polygon,18,3777.1,719.5,3787.3,690.65,3813.55,663.55,3843.2,644.9,3866.1,641.5,3889,635.6,3904.25,646.6,3916.1,663.55,3919.5,693.15,3913.55,713.55,3900.85,732.2,3886.45,760.1,3863.55,779.65,3845.75,787.3,3811,783.05,3795.75,775.45,3780.5,755.05,3777.95,743.15
4-50,Uninfected,No_comment,Polygon,16,3773.75,878.8,3761,892.4,3745.75,912.7,3737.3,939.8,3740.7,963.55,3755.1,985.6,3780.5,1001.7,3818.65,992.4,3846.6,972.85,3855.95,952.55,3861,936.45,3864.4,912.7,3869.5,889.8,3847.45,857.6,3813.55,860.95,3794.9,868.65
4-51,Uninfected,No_comment,Polygon,17,3859.3,967.8,3870.35,941.5,3889,910.95,3937.3,903.4,3966.95,910.1,3979.65,923.7,3991.55,947.45,3991.55,960.1,3981.35,975.4,3968.65,987.3,3953.4,1003.4,3941.55,1021.2,3921.2,1039.8,3905.1,1038.95,3877.95,1034.75,3865.25,1023.7,3856.8,1000.85
4-52,Uninfected,No_comment,Polygon,11,3982.2,977.05,3966.95,993.15,3958.45,1009.35,3956.8,1026.3,3963.55,1052.55,3981.35,1066.1,4014.4,1077.9,4064.4,1070.35,4088.15,1043.25,4077.95,1003.4,4047.45,976.3
4-53,Uninfected,No_comment,Polygon,14,3888.15,1083.9,3871.2,1076.3,3850,1072,3827.1,1086.45,3808.45,1106.75,3798.3,1125.4,3794.05,1160.95,3806.8,1188.15,3821.2,1203.4,3861.85,1214.4,3899.15,1200,3915.25,1174.55,3923.75,1130.5,3904.25,1104.25
4-54,Uninfected,No_comment,Polygon,16,3761,1108.45,3729.65,1097.45,3700.85,1108.45,3685.6,1123.7,3675.4,1139.8,3672.05,1164.4,3672.9,1181.35,3677.95,1198.3,3690.7,1211.8,3709.3,1222.85,3727.95,1227.9,3756.8,1227.9,3778.8,1212.7,3794.9,1188.15,3797.5,1145.65,3781.35,1122.05
4-55,Uninfected,No_comment,Polygon,13,3527.95,1048.3,3499.15,1048.3,3484.75,1060.1,3474.55,1076.3,3464.4,1106.75,3472.05,1134.75,3488.15,1156.75,3524.55,1166.1,3564.4,1157.6,3587.3,1138.95,3602.55,1098.3,3584.75,1060.95,3562.7,1047.4
4-56,Uninfected,No_comment,Polygon,13,3377.95,1250.85,3383.9,1267.8,3404.25,1285.6,3422.05,1300.85,3456.8,1307.6,3489,1293.25,3511.85,1269.5,3513.55,1231.35,3494.05,1194,3461,1175.4,3429.65,1174.55,3389.85,1194.85,3373.75,1213.55
4-57,Uninfected,No_comment,Polygon,13,2729.65,1289.8,2704.25,1268.65,2695.75,1239.8,2699.15,1210.95,2721.2,1188.15,2749.15,1177.9,2780.5,1179.65,2801.7,1196.6,2811,1214.4,2811,1246.6,2799.15,1270.35,2778.8,1292.35,2755.1,1296.6
4-58,Uninfected,No_comment,Polygon,17,3915.25,1204.25,3921.2,1171.2,3933.9,1149.15,3950.85,1132.2,3985.6,1124.55,4011.85,1135.6,4032.2,1150,4046.6,1168.65,4045.75,1189.8,4040.7,1216.95,4029.65,1245.75,4026.25,1260.2,4005.95,1270.35,3985.6,1255.1,3960.15,1242.35,3944.05,1234.75,3928.8,1224.55
4-59,Uninfected,No_comment,Polygon,18,3917.8,1231.35,3893.2,1228.8,3868.65,1235.6,3854.25,1252.55,3842.35,1273.7,3839.85,1292.35,3849.15,1309.3,3867.8,1323.7,3887.3,1328.8,3917.8,1331.35,3939.85,1329.65,3961.85,1333.05,3982.2,1333.05,4000,1315.25,4007.65,1294.85,4001.7,1275.4,3977.95,1255.9,3954.25,1245.75
4-60,Uninfected,No_comment,Polygon,12,2906.75,1288.15,2887.25,1280.55,2860.15,1279.7,2823.7,1293.2,2815.25,1325.4,2825.4,1356.75,2840.65,1377.95,2860.15,1386.45,2895.7,1383.95,2922,1366.15,2933.05,1330.55,2923.7,1309.3
4-61,Uninfected,No_comment,Polygon,11,2954.2,1385.6,2963.5,1361.85,2983.05,1338.15,3023.7,1336.45,3050,1349.2,3068.6,1376.25,3079.6,1411,3061.85,1446.65,3011.85,1464.45,2977.95,1441.5,2958.45,1416.15
4-62,Uninfected,No_comment,Polygon,14,3292.35,1333.95,3298.25,1314.45,3309.25,1289.9,3325.4,1277.95,3345.75,1266.2,3368.65,1266.2,3388.9,1279.7,3417.75,1303.45,3424.55,1342.45,3411.85,1377.95,3384.75,1394.75,3338.1,1397.4,3309.25,1379.65,3296.25,1356
4-63,Uninfected,No_comment,Polygon,14,2916.15,1506.75,2926.25,1482.15,2946.6,1472,2973.75,1471.15,3005.95,1477.95,3020.35,1491.5,3025.4,1511,3032.25,1536.4,3009.3,1573.7,2984.75,1593.2,2951.7,1587.25,2930.5,1573.7,2919.5,1548.25,2916.95,1530.5
4-64,Uninfected,No_comment,Polygon,17,2786.45,1533.85,2793.2,1543.2,2794.9,1573.7,2794.9,1588.95,2794.05,1605.9,2808.45,1624.55,2825.4,1628.8,2849.2,1606.75,2858.45,1597.45,2874.6,1583,2896.6,1566.9,2904.25,1527.1,2883.9,1488.95,2855.1,1477.1,2822.9,1482.15,2802.55,1494.9,2787.3,1514.4
4-65,Uninfected,No_comment,Polygon,18,2750,1524.55,2736.45,1522,2716.15,1529.65,2704.25,1536.4,2689.85,1553.35,2683.05,1574.55,2681.4,1601.65,2689,1619.45,2701.7,1631.35,2719.5,1641.5,2738.15,1644.05,2755.1,1643.2,2773.75,1631.35,2786.45,1611.85,2789,1592.35,2785.6,1562.7,2778.8,1545.75,2767.8,1532.15
4-66,Uninfected,No_comment,Polygon,17,2637.3,1533,2617.8,1531.35,2591.5,1542.35,2575.4,1555.05,2557.65,1574.55,2550,1596.6,2550,1615.2,2563.55,1644.9,2573.75,1657.6,2591.5,1668.6,2618.65,1670.3,2644.05,1663.55,2655.95,1650.8,2666.95,1630.5,2668.65,1610.15,2657.65,1576.25,2648.35,1549.95
4-67,Uninfected,No_comment,Polygon,19,2820.35,1669.45,2800,1663.55,2768.65,1668.6,2742.35,1681.35,2731.35,1697.45,2726.25,1716.9,2723.75,1749.1,2735.6,1772.85,2747.45,1784.7,2767.8,1791.5,2785.6,1793.2,2803.4,1794.05,2821.2,1789.8,2836.45,1783,2850,1773.7,2859.3,1749.95,2853.4,1728.8,2848.35,1701.65,2840.7,1678.8
4-68,Uninfected,No_comment,Polygon,20,2844.9,1672,2837.3,1653.35,2836.45,1638.1,2837.3,1625.4,2848.35,1611,2862.7,1602.5,2880.5,1592.35,2900.85,1589.8,2916.15,1589.8,2935.6,1598.3,2950.85,1610.15,2963.55,1625.4,2966.15,1647.45,2962.7,1668.6,2950.85,1683.85,2934.75,1699.1,2918.65,1710.15,2904.25,1711,2883.9,1702.5,2865.3,1690.65
4-69,Uninfected,No_comment,Polygon,17,2922.05,1711,2894.9,1714.4,2872.05,1716.9,2862.7,1727.1,2857.65,1744,2858.45,1763.55,2860.15,1779.65,2863.55,1795.75,2873.75,1807.6,2889.85,1809.3,2916.15,1804.2,2937.3,1803.35,2965.3,1799.95,2981.35,1780.5,2979.65,1744.05,2969.5,1730.5,2951.7,1718.6
4-70,Uninfected,No_comment,Polygon,16,2897.45,1815.25,2880.5,1838.1,2877.95,1849.95,2877.1,1866.05,2877.95,1883.85,2884.75,1897.45,2898.3,1908.45,2915.3,1911,2939,1913.55,2955.1,1905.05,2989,1887.25,2996.6,1863.55,2983.9,1840.65,2961.85,1813.55,2946.6,1808.45,2928.8,1805.05
4-71,Uninfected,No_comment,Polygon,19,2994.05,1805.05,2983.9,1815.25,2983.9,1832.15,2991.55,1846.6,2997.4,1861,2994,1875.45,2994.9,1893.2,3001.7,1905.05,3014.4,1918.6,3025.4,1922.85,3055.1,1926.25,3073.75,1921.15,3089.85,1907.6,3105.1,1889.8,3110.15,1869.45,3101.7,1838.95,3082.25,1811,3064.4,1795.75,3027.1,1794.9
4-72,Uninfected,No_comment,Polygon,16,3034.75,1770.3,3027.1,1753.35,3022.05,1727.95,3023.75,1711,3037.3,1695.75,3056.8,1683,3077.1,1683.85,3109.3,1685.55,3132.25,1705.05,3143.2,1722,3147.45,1743.2,3139,1768.6,3123.75,1784.7,3107.65,1797.45,3074.6,1795.75,3053.4,1788.1
4-73,Uninfected,No_comment,Polygon,14,3141.55,1466.05,3142.35,1439.8,3153.4,1410.15,3176.25,1388.1,3211,1388.1,3245.75,1398.25,3267.8,1420.3,3278.8,1449.95,3272.9,1481.35,3255.1,1504.2,3227.75,1518.25,3199.2,1520.3,3172.9,1507.6,3149.2,1485.55
4-74,Uninfected,No_comment,Polygon,14,3206.8,1560.15,3217,1534.7,3247.45,1516.05,3281.35,1509.3,3315.25,1518.6,3333.1,1544.05,3338.15,1566.9,3326.25,1594.9,3307.65,1612.7,3283.95,1618.6,3255.1,1620.3,3234.75,1607.6,3217,1594.9,3205.95,1577.1
4-75,Uninfected,No_comment,Polygon,15,3164.4,1597.45,3148.3,1605.05,3137.3,1616.9,3127.1,1638.1,3127.95,1658.45,3133.9,1680.5,3145.75,1694.05,3171.2,1705.9,3200.05,1709.3,3221.2,1701.65,3237.3,1689.8,3250.85,1671.15,3245.75,1632.15,3220.35,1609.3,3196.6,1594.9
4-76,Uninfected,No_comment,Polygon,19,3257.65,1645.75,3247.4,1665.2,3244.85,1679.65,3234.75,1698.3,3227.1,1721.15,3227.95,1741.5,3239.85,1755.9,3259.3,1765.25,3283.1,1759.3,3296.6,1747.45,3317,1729.65,3327.1,1725.4,3340.7,1716.9,3358.5,1702.5,3367.8,1682.15,3359.35,1655.9,3337.3,1638.1,3311.85,1627.1,3275.45,1632.15
4-77,Uninfected,No_comment,Polygon,14,3380.5,1500.8,3375.45,1478.8,3383.95,1449.95,3411,1424.55,3443.2,1418.6,3472.05,1430.5,3489.85,1444.9,3505.1,1462.7,3506.8,1490.65,3498.3,1513.55,3485.6,1529.65,3455.95,1544.9,3417.8,1538.95,3390.7,1522.85
4-78,Uninfected,No_comment,Polygon,16,3479.65,1417.75,3472.9,1382.15,3492.4,1350.8,3511.85,1336.4,3533.95,1334.7,3562.7,1337.25,3588.15,1356.75,3597.45,1372,3605.1,1387.25,3609.35,1405.9,3598.3,1438.1,3581.35,1459.3,3558.5,1466.9,3533.1,1465.2,3510.15,1453.35,3491.55,1434.7
4-79,Uninfected,No_comment,Polygon,17,3606.8,1444.9,3611.85,1411.85,3627.1,1388.95,3652.55,1374.55,3683.95,1376.25,3703.4,1382.15,3719.5,1398.25,3730.5,1415.2,3739,1435.55,3738.15,1460.15,3734.8,1477.1,3718.65,1492.35,3696.6,1497.45,3667.85,1494.9,3645.75,1493.2,3617.85,1478.8,3607.65,1464.4
4-80,Uninfected,No_comment,Polygon,14,3847.45,1376.25,3861,1349.95,3903.4,1342.35,3944.05,1340.65,3967.85,1355.05,3978.8,1370.3,3982.2,1397.45,3979.65,1424.55,3966.95,1441.5,3944.9,1452.5,3911.85,1457.6,3890.7,1446.6,3861.85,1426.25,3855.1,1412.7
4-81,Uninfected,No_comment,Polygon,16,3703.4,1504.2,3677.1,1496.6,3641.55,1497.45,3614.4,1499.95,3589.85,1524.55,3583.1,1549.1,3581.35,1576.25,3588.15,1589.8,3604.25,1605.05,3636.45,1618.6,3653.4,1623.7,3689,1617.75,3715.25,1596.6,3727.95,1578.8,3732.2,1556.75,3720.35,1526.25
4-82,Uninfected,No_comment,Polygon,15,3744.05,1568.6,3754.25,1533,3770.35,1514.4,3790.7,1506.75,3816.1,1502.5,3841.55,1507.6,3855.95,1516.05,3869.5,1535.55,3877.95,1555.05,3883.05,1589.8,3865.25,1611,3824.6,1633,3793.25,1627.95,3764.4,1611,3748.3,1592.35
4-83,Uninfected,No_comment,Polygon,18,3388.15,1674.55,3388.95,1648.3,3404.2,1627.1,3427.9,1608.5,3453.4,1604.25,3482.15,1606.8,3502.55,1621.2,3515.2,1634.75,3527.9,1652.55,3534.7,1670.3,3533.9,1694.05,3524.55,1719.45,3514.4,1734.7,3492.35,1748.25,3463.55,1744.9,3440.65,1739.8,3422.05,1730.5,3400.9,1705.9
4-84,Uninfected,No_comment,Polygon,14,3533.85,1688.95,3541.5,1659.3,3558.45,1644.85,3581.3,1637.3,3605.05,1634.75,3625.4,1644,3649.1,1663.55,3660.95,1686.45,3663.5,1713.55,3658.45,1733.05,3638.1,1754.25,3606.75,1760.1,3560.15,1749.15,3537.25,1724.55
4-85,Uninfected,No_comment,Polygon,16,2730.45,1882.2,2731.25,1857.6,2738.95,1833.9,2752.5,1817.8,2766.85,1808.45,2795.7,1807.6,2828.75,1821.2,2843.15,1835.6,2854.2,1855.1,2855.9,1881.35,2851.65,1897.45,2835.55,1914.4,2812.65,1927.9,2789.8,1928.75,2762.65,1920.35,2744,1903.4
4-86,Parasitized,No_comment,Polygon,20,2661.3,1907.75,2674.2,1898.05,2694.85,1890.95,2718.75,1896.75,2743.25,1914.2,2751,1937.4,2754.85,1962.6,2751,1983.2,2737.45,2001.3,2725.85,2014.2,2705.85,2020.05,2669.05,2014.2,2649.05,2000.65,2638.75,1996.15,2625.2,1989.05,2617.45,1979.4,2616.8,1961.3,2619.95,1941.3,2634.2,1924.5,2644.55,1917.4
4-87,Uninfected,No_comment,Polygon,17,3141.5,1883.55,3139.3,1860.25,3143,1845.95,3152.8,1833.15,3166.35,1824.15,3184.4,1818.1,3222.75,1815.1,3248.3,1824.9,3262.6,1836.9,3268.6,1856.45,3265.6,1881.3,3255.85,1895.55,3247.55,1906.1,3232.55,1918.15,3205.45,1923.4,3170.85,1915.85,3151.3,1899.35
4-88,Uninfected,No_comment,Polygon,13,3295.7,1805.35,3299.4,1775.25,3318.2,1752,3351.35,1730.9,3388.95,1731.7,3417.5,1760.2,3423.5,1797.05,3414.45,1815.1,3401.7,1836.15,3388.2,1850.5,3350.6,1851.95,3320.5,1844.45,3303.2,1826.4
4-89,Uninfected,No_comment,Polygon,15,3883.7,1516.6,3895,1488.8,3912.25,1475.25,3944.6,1463.2,3979.15,1471.5,4004,1497.85,4010.8,1524.85,4008.5,1549.7,3998.7,1569.25,3976.2,1586.55,3952.9,1590.3,3923.55,1589.55,3901.7,1576.8,3882.15,1554.95,3880.7,1534.65
4-90,Uninfected,No_comment,Polygon,16,3982.2,1659.45,3993.5,1627.9,4014.55,1614.4,4047.6,1610.6,4064.9,1618.15,4078.45,1627.9,4092.75,1643.7,4104.75,1669.25,4109.3,1699.3,4101.75,1724.15,4084.45,1743.7,4047.6,1750.45,4019.75,1741.45,3996.5,1723.4,3984.45,1703.85,3977.7,1680.5
4-91,Uninfected,No_comment,Polygon,12,3913.05,1661.7,3888.95,1646.7,3855.9,1646.7,3822.75,1657.95,3799.5,1685.05,3796.5,1712.15,3802.5,1745.2,3834.85,1777.5,3878.45,1769.25,3916.8,1736.15,3931.05,1707.6,3927.3,1669.25
4-92,Uninfected,No_comment,Polygon,16,3752.85,1727.9,3733.3,1724.15,3713.75,1724.9,3689.7,1733.95,3674.65,1749.7,3664.15,1781.3,3665.65,1798.55,3672.4,1814.35,3682.2,1829.45,3704.75,1843.7,3731.05,1850.5,3762.65,1847.45,3799.5,1831.7,3808.5,1797.05,3805.45,1766.25,3793.45,1745.2
4-93,Uninfected,No_comment,Polygon,16,3896.5,1774.5,3907.75,1762.5,3922.8,1748.95,3940.05,1742.95,3955.15,1745.95,3968.65,1754.25,3979.9,1765.5,3988.95,1778.25,3996.5,1794.8,3996.5,1809.9,3992.75,1823.4,3972.45,1851.95,3953.65,1857.2,3896.5,1839.95,3891.95,1821.9,3891.2,1796.3
4-94,Uninfected,No_comment,Polygon,13,3411.5,1849.75,3397.95,1870.05,3389.7,1891.05,3390.45,1912.1,3400.95,1941.45,3425,1956.5,3466.4,1957.25,3496.45,1939.95,3510,1906.9,3500.95,1861.75,3484.4,1838.45,3458.85,1834.65,3430.3,1840.7
4-95,Uninfected,No_comment,Polygon,17,3336.25,1863.25,3313,1854.95,3288.15,1861,3268.6,1874.5,3259.55,1890.35,3252.85,1906.9,3252.1,1923.4,3255.1,1939.2,3261.85,1952.7,3274.65,1967.05,3292.7,1981.3,3328.8,1980.55,3349.1,1965.55,3368.65,1947.5,3372.4,1924.9,3366.35,1897.1,3352.85,1876.75
4-96,Uninfected,No_comment,Polygon,12,2983.65,1982.05,2966.3,1993.3,2952.05,2015.15,2946.05,2039.2,2947.5,2070.75,2961.1,2089.55,2985.85,2103.15,3028.75,2094.85,3053.55,2065.55,3051.3,2017.4,3031.75,1994.1,3007.65,1980.55
4-97,Uninfected,No_comment,Polygon,17,3116.75,1939.95,3109.2,1955.75,3104.65,1973,3104.65,1989.55,3107.7,2005.4,3119,2021.15,3132.5,2029.4,3147.55,2030.9,3168.6,2033.2,3191.9,2031.65,3209.2,2018.15,3228,1999.35,3222.75,1967.05,3210.7,1942.95,3180.6,1926.45,3158.85,1924.15,3138.55,1926.45
4-98,Uninfected,No_comment,Polygon,14,3397.95,2003.9,3403.95,1975.3,3422.75,1963.25,3451.35,1964,3476.15,1963.25,3504.75,1964,3525.05,1978.3,3538.55,1991.05,3546.85,2015.15,3541.55,2031.65,3532.55,2050.4,3503.2,2063.15,3462.55,2054.9,3421.25,2034.65
4-99,Uninfected,No_comment,Polygon,17,3563.4,1982.05,3573.9,1961.75,3588.2,1948.25,3603.25,1939.95,3618.25,1939.2,3640.85,1948.25,3655.1,1962.5,3663.4,1973.75,3666.4,1992.55,3668.6,2019.65,3662.65,2033.95,3649.8,2060.25,3633.3,2070.75,3609.95,2068.5,3585.95,2057.25,3573.15,2035.45,3560.35,2012.85
4-100,Uninfected,No_comment,Polygon,15,3725.05,2119.65,3700.25,2103.15,3679.95,2072.3,3676.9,2045.25,3692.7,2014.4,3715.25,1994.85,3746.8,1988.8,3769.4,1995.6,3787.45,2009.85,3800.25,2026.45,3809.25,2049.7,3808.5,2069.25,3799.5,2090.3,3784.4,2110.6,3766.35,2123.45
4-101,Uninfected,No_comment,Polygon,16,3861.15,2062.55,3861.15,2043,3872.4,2021.9,3895,2007.6,3913.8,2003.9,3949.1,2009.85,3967.15,2023.45,3982.95,2039.95,3995,2055,4002.5,2076.8,3994.25,2096.35,3970.9,2121.95,3941.55,2133.2,3923.55,2129.4,3893.5,2112.15,3876.95,2094.1
4-102,Uninfected,No_comment,Polygon,17,2653.55,2064.05,2635.45,2072.3,2624.95,2082.85,2614.45,2097.85,2606.15,2118.2,2604.65,2136.2,2612.2,2164.8,2619.65,2185.1,2633.25,2200.15,2652.05,2205.4,2685.85,2202.4,2703.15,2190.35,2709.95,2170.05,2712.95,2146,2706.15,2128.7,2684.35,2085.1,2672.35,2064.8
4-103,Uninfected,No_comment,Polygon,11,2681.35,2058.75,2683.6,2044.5,2703.15,2025.7,2735.45,2020.45,2775.3,2039.2,2788.9,2064.05,2788.15,2094.85,2770.1,2112.15,2727.2,2127.2,2705.4,2113.65,2689.65,2082.85
4-104,Uninfected,No_comment,Polygon,16,2735.45,2157.3,2739.25,2137.75,2758.8,2122.7,2776.8,2112.15,2810.65,2109.15,2828.75,2109.15,2843,2118.95,2855,2140.75,2861.05,2161.8,2859.55,2182.85,2846.05,2197.9,2829.5,2211.4,2800.15,2218.95,2770.85,2213.65,2752.05,2199.4,2743,2186.6
4-105,Uninfected,No_comment,Polygon,16,2718.15,2206.9,2703.15,2213.65,2687.35,2220.45,2666.3,2244.5,2667.8,2259.55,2670.1,2276.85,2675.3,2290.35,2681.35,2303.15,2692.65,2317.45,2723.45,2327.2,2751.3,2333.25,2807.7,2331.75,2834.7,2316.7,2820.45,2287.35,2791.85,2255.8,2756.5,2230.95
4-106,Uninfected,No_comment,Polygon,14,2813.65,2246,2824.95,2230.2,2840,2217.45,2864.85,2200.9,2874.55,2182.85,2902.4,2173.05,2934,2171.55,2949.75,2193.35,2955.8,2226.45,2942.2,2260.3,2918.95,2273.05,2863.3,2285.1,2844.45,2291.85,2824.95,2278.35
4-107,Uninfected,No_comment,Polygon,15,2935.5,2282.85,2903.1,2287.35,2854.25,2298.65,2843.75,2316.7,2849.75,2340,2861.8,2356.55,2882.85,2376.1,2899.4,2390.4,2918.95,2415.2,2942.2,2432.5,2979.1,2427.2,3006.15,2407.65,3001.7,2341.5,2982.15,2297.9,2964.85,2282.1
4-108,Uninfected,No_comment,Polygon,16,2697.1,2338.5,2674.55,2344.5,2657.25,2358.05,2644.5,2373.85,2641.5,2394.9,2642.25,2418.95,2650.45,2435.5,2667.8,2449.8,2697.1,2457.3,2712.2,2457.3,2731,2450.55,2746.75,2440.75,2755.75,2415.2,2758.05,2376.85,2740,2352.05,2722.7,2338.5
4-109,Uninfected,No_comment,Polygon,16,2837.7,2357.3,2803.95,2361.8,2790.45,2370.8,2778.4,2388.05,2771.65,2403.85,2772.4,2424.1,2776.15,2441.45,2783.65,2457.3,2793.4,2468.55,2815.95,2483.55,2840.75,2491.85,2867.1,2490.35,2897.85,2474.55,2909.85,2438.45,2903.85,2409.85,2875.35,2373.05
4-110,Uninfected,No_comment,Polygon,14,2996.4,2291.85,3001.7,2256.55,3012.2,2237.75,3030.2,2230.95,3057.3,2233.95,3078.3,2246,3089.65,2258.05,3097.15,2277.6,3094.15,2306.15,3082.15,2329.45,3070.1,2346,3036.25,2364.8,3022,2357.3,3000.15,2315.95
4-111,Uninfected,No_comment,Polygon,15,3077.65,2364.8,3091.9,2337,3112.2,2313.7,3136.3,2302.4,3158.8,2303.15,3178.35,2315.95,3189.65,2337,3186.65,2369.3,3181.35,2404.65,3168.6,2426.45,3141.5,2439.25,3114.45,2434.75,3096.45,2421.95,3085.1,2406.9,3078.35,2391.9
4-112,Uninfected,No_comment,Polygon,14,3200.9,2355.05,3219.7,2330.2,3238.5,2314.45,3265.6,2312.95,3288.9,2319.7,3315.2,2334,3328,2360.3,3329.55,2388.85,3313.7,2407.65,3282.9,2421.95,3255.05,2424.95,3222.75,2419.7,3213.75,2406.15,3206.2,2380.6
4-113,Uninfected,No_comment,Polygon,14,3111.45,2111.4,3082.1,2100.9,3055.8,2109.9,3037.8,2123.45,3025.7,2152,3028,2172.3,3036.25,2204.65,3059.55,2220.45,3089.65,2229.45,3112.95,2225.7,3127.25,2206.9,3131.75,2179.1,3131.75,2153.5,3128.75,2130.2
4-114,Uninfected,No_comment,Polygon,15,3137.75,2149,3148.3,2126.45,3161.05,2112.15,3185.9,2103.9,3218.95,2109.9,3234.75,2121.95,3249.8,2137.75,3260.3,2165.55,3258.8,2194.85,3246.8,2222.7,3214.45,2239.25,3188.9,2247.5,3154.35,2237.75,3142.25,2209.9,3133.25,2177.6
4-115,Uninfected,No_comment,Polygon,14,3225,2243.75,3215.95,2258.8,3213,2282.85,3230.25,2299.4,3267.85,2309.15,3298.65,2313.7,3328,2294.9,3340.05,2264.05,3342.3,2235.5,3327.25,2207.65,3310,2190.35,3271.65,2189.6,3256.5,2198.55,3243.75,2213.55
4-116,Uninfected,No_comment,Polygon,12,3340.8,2292.6,3331.05,2309.15,3325,2340.75,3340.8,2361.05,3376.1,2367.05,3407,2352.05,3431.75,2340.75,3443.8,2319.7,3440.05,2290.35,3421.25,2261.8,3400.95,2256.55,3367.1,2269.3
4-117,Uninfected,No_comment,Polygon,14,3190.4,2479.85,3194.2,2464.05,3212.25,2446.75,3239.25,2444.5,3266.35,2452.8,3288.15,2463.3,3300.95,2475.35,3310,2495.65,3311.5,2519.7,3303.2,2546.8,3286.65,2562.55,3262.6,2563.3,3223.5,2550.55,3195.65,2513.7
4-118,Uninfected,No_comment,Polygon,12,3364.1,2412.95,3375.35,2373.85,3399.45,2351.25,3440.05,2345.25,3478.4,2359.55,3497.2,2375.35,3511.45,2413.7,3506.25,2450.55,3482.9,2470.1,3454.3,2479.85,3407.75,2475.35,3377.65,2446
4-119,Uninfected,No_comment,Polygon,11,3529.5,2364.05,3537.05,2341.5,3548.3,2325.7,3569.35,2314.45,3618.25,2318.2,3634.05,2331.75,3647.55,2370.85,3639.3,2409.15,3611.5,2420.45,3573.9,2421.2,3540.8,2405.4
4-120,Uninfected,No_comment,Polygon,17,3412.2,2038.45,3400.95,2040.75,3381.4,2055.75,3370.1,2070.05,3365.6,2084.35,3366.35,2106.15,3379.15,2132.45,3391.9,2145.25,3407.75,2152.75,3440.8,2155.75,3463.35,2143.75,3473.1,2130.95,3479.9,2114.4,3479.15,2082.85,3471.6,2067.8,3457.35,2055.75,3440.8,2044.5
4-121,Uninfected,No_comment,Polygon,14,3503.2,2073.05,3494.95,2082.8,3491.2,2113.6,3490.45,2133.9,3492.7,2152.7,3513,2175.3,3538.55,2191.05,3579.1,2191.05,3615.25,2171.55,3628.75,2146.7,3628.75,2112.85,3613.75,2084.3,3573.9,2064.8,3528,2058
4-122,Uninfected,No_comment,Polygon,11,3665.6,2211.4,3619,2203.15,3600.95,2226.45,3583.7,2266.3,3592.7,2298.65,3628.7,2335.5,3682.15,2340.75,3703.95,2319.7,3712.25,2282.1,3701,2243,3682.9,2220.45
4-123,Uninfected,No_comment,Polygon,10,3744.55,2206.9,3734.05,2233.15,3729.55,2267.8,3749.85,2304.55,3791.85,2320.4,3836.2,2300.9,3846.8,2276.8,3849.85,2246.7,3827.2,2211.4,3791.85,2199.4
4-124,Uninfected,No_comment,Polygon,16,2836.85,2531.2,2848.25,2506.8,2862.05,2500.3,2894.6,2506,2921.4,2517.35,2932,2535.25,2935.25,2556.4,2936.85,2583.25,2932.85,2622.25,2911.65,2638.5,2883.25,2640.95,2868.55,2632,2857.2,2614.15,2857.2,2593,2853.1,2569.4,2844.2,2553.15
4-125,Uninfected,No_comment,Polygon,17,2809.2,2546.65,2782.4,2549.1,2759.6,2562.9,2740.9,2580.8,2731.95,2604.35,2733.6,2636.1,2741.7,2649.9,2756.35,2664.55,2775.85,2671.85,2796.25,2673.5,2827.9,2663.75,2839.35,2652.35,2849.1,2634.45,2853.95,2615.75,2854.8,2598.7,2844.2,2578.35,2828.75,2556.4
4-126,Uninfected,No_comment,Polygon,18,2938.35,2634.35,2949.9,2630.4,2982.4,2627.15,3001.9,2639.3,3022.3,2659.65,3039.3,2687.3,3027.9,2722.25,3017.3,2748.3,3005.95,2760.5,2992.15,2763.75,2975.05,2758.05,2959.65,2737.65,2947.4,2724.65,2934.4,2708.4,2920.55,2692.15,2914.15,2675.05,2917.4,2662.9,2929.55,2646.65
4-127,Uninfected,No_comment,Polygon,16,3021.45,2602.75,3027.1,2584.05,3038.5,2568.6,3052.35,2561.3,3071.9,2562.9,3102.75,2570.2,3119.8,2584.05,3130.4,2600.3,3132.85,2617.4,3128,2636.1,3113.3,2667,3091.35,2671.85,3066.95,2668.6,3045,2656.4,3032.05,2640.15,3027.1,2625.5
4-128,Uninfected,No_comment,Polygon,14,3143.45,2572.65,3153.15,2556.4,3167.8,2541.75,3196.3,2553.95,3216.6,2571.05,3229.6,2586.5,3245.05,2601.95,3249.15,2623.9,3237.7,2654.8,3214.15,2676.75,3191.35,2676.75,3168.65,2663.75,3153.15,2648.3,3145,2621.45
4-129,Uninfected,No_comment,Polygon,17,3088.9,2690.55,3071.9,2689.75,3056.45,2705.2,3040.15,2721.45,3028.8,2736.9,3019,2772.7,3014.95,2792.2,3020.6,2815.8,3032.05,2824.7,3059.7,2828,3084.05,2823.1,3101.1,2811.7,3116.55,2800.35,3132,2781.65,3136.9,2756.4,3135.25,2732.85,3121.5,2714.95
4-130,Uninfected,No_comment,Polygon,14,2899.45,2703.55,2886.45,2700.3,2864.6,2711.65,2843.4,2729.55,2834.45,2758.05,2832.85,2775.05,2847.45,2805.15,2862.1,2815.8,2897.1,2826.3,2936.85,2822.3,2960.55,2798.7,2967,2763.75,2949.05,2732.8,2923.85,2711.7
4-131,Uninfected,No_comment,Polygon,14,2766.95,2723.9,2747.4,2714.95,2712.5,2728.8,2692.95,2748.3,2684.05,2765.35,2681.6,2788.15,2691.3,2812.55,2707.55,2833.65,2736.9,2849.95,2772.6,2849.95,2792.15,2836.9,2810.85,2800.35,2818.15,2767.8,2795.4,2736.9
4-132,Uninfected,No_comment,Polygon,16,2110.8,2307.6,2129.45,2287.25,2148.95,2271,2172.6,2263.7,2192.05,2273.45,2210,2288.9,2218.95,2305.95,2221.35,2327.1,2222.2,2342.55,2216.45,2363.7,2201.8,2386.45,2162.8,2400.3,2141.7,2399.45,2115.65,2384.85,2096.95,2362.9,2095.3,2338.5
4-133,Uninfected,No_comment,Polygon,16,2217.25,2263.7,2228.65,2240.1,2242.5,2223.05,2269.3,2214.9,2294.5,2224.65,2306.7,2236.85,2317.3,2255.55,2306.7,2278.3,2300.2,2292.15,2300.2,2315.7,2288.8,2338.5,2263.6,2349.05,2246.55,2358,2229.45,2348.25,2227.85,2318.15,2227.05,2289.7
4-134,Uninfected,No_comment,Polygon,11,2287.25,2348.25,2270.1,2355.55,2255.5,2375.9,2244.9,2401.1,2265.3,2444.2,2302.7,2460.45,2344.1,2455.55,2367.75,2435.25,2371,2397.85,2358.8,2359.65,2318.9,2343.35
4-135,Uninfected,No_comment,Polygon,15,2309.95,2310.85,2309.95,2282.4,2318.15,2261.25,2334.35,2242.55,2358.8,2229.55,2385.6,2230.35,2407.55,2237.65,2423,2252.3,2430.3,2277.5,2431.1,2302.7,2421.35,2325.5,2407.55,2341.75,2385.6,2353.1,2361.2,2352.3,2336.85,2339.3
4-136,Uninfected,No_comment,Polygon,12,2466.95,2210,2470.2,2173.45,2493.75,2150.65,2523.8,2140.1,2558.8,2153.1,2582.35,2175.05,2592.1,2198.65,2584.85,2223.85,2570.15,2248.25,2540.9,2260.45,2507.6,2265.3,2479.95,2245
4-137,Uninfected,No_comment,Polygon,13,2533.55,2511.7,2516.55,2533.65,2501.1,2557.2,2500.25,2594.6,2512.45,2623.9,2531.95,2642.6,2561.2,2657.2,2595.35,2646.65,2612.45,2626.35,2634.45,2593.8,2619.75,2550.7,2599.45,2519.8,2573.4,2510.85
4-138,Uninfected,No_comment,Polygon,13,2433.55,2475.9,2401.9,2484.05,2384.75,2502.75,2375,2524.7,2374.25,2545,2379.9,2562.1,2396.2,2588.1,2430.3,2601.1,2457.15,2602.75,2483.15,2579.15,2497,2545,2499.4,2510.85,2475.85,2484.05
4-139,Uninfected,No_comment,Polygon,13,2273.4,2473.45,2252.25,2476.7,2235.15,2484.85,2222.65,2513.35,2212.4,2557.2,2210.75,2587.3,2227.85,2610.05,2245.75,2623.9,2293.75,2610.9,2314.05,2583.25,2327.9,2542.6,2317.3,2510.85,2299.45,2487.3
4-140,Uninfected,No_comment,Polygon,15,2349.05,2585.65,2327.05,2588.9,2315.65,2601.1,2305.95,2614.95,2300.2,2629.6,2311.6,2662.1,2322.15,2683.25,2342.5,2697.9,2374.25,2693,2400.2,2685.7,2418.9,2662.1,2425.45,2631.2,2414.5,2597.1,2393.7,2581.55,2369.3,2576.75
4-141,Uninfected,No_comment,Polygon,12,2404.2,2692.3,2375.05,2701.15,2360.45,2716.55,2350.65,2741.8,2354.7,2771.8,2366.95,2796.2,2386.45,2810.05,2410,2813.3,2450.6,2802,2464.4,2763.8,2453.85,2721.45,2430.35,2703.5
4-142,Uninfected,No_comment,Polygon,19,2068.45,2241.75,2059.55,2259.6,2046.5,2276.7,2034.3,2291.35,2019.7,2305.95,2014.05,2331.15,2014.05,2351.5,2027,2366.15,2034.3,2390.5,2044.9,2410.05,2057.95,2428.75,2095.3,2427.95,2104.3,2407.6,2097.8,2375.1,2089.6,2350.7,2088,2321.4,2096.95,2301.9,2099.35,2284.8,2095.3,2265.3
4-143,Uninfected,No_comment,Polygon,15,2134.35,2454.75,2110.8,2466.95,2095.3,2488.1,2081.5,2520.6,2082.35,2545.85,2091.25,2566.15,2107.55,2588.1,2126.25,2600.3,2155.5,2604.35,2179.85,2591.35,2197.75,2571.05,2205.1,2534.45,2203.5,2490.55,2188.05,2459.65,2161.15,2449.9
4-144,Uninfected,No_comment,Polygon,13,1930.3,2342.55,1914,2363.7,1902.65,2384.85,1901.8,2430.35,1915.6,2456.4,1941.65,2480.8,1978.2,2473.45,2014.8,2457.2,2030.25,2429.55,2028.65,2388.9,2011.55,2357.2,1984.7,2335.25,1958.75,2334.4
4-145,Uninfected,No_comment,Polygon,13,1854.65,2431.2,1838.35,2441.75,1823.75,2458,1809.1,2478.35,1797.7,2506,1799.35,2532,1811.55,2549.1,1845.7,2564.55,1879.85,2563.7,1912.35,2548.25,1929.45,2519,1920.5,2477.55,1883.1,2446.65
4-146,Uninfected,No_comment,Polygon,13,1454.65,2118.95,1467.65,2087.25,1479.85,2067.7,1501,2045.75,1534.3,2036.85,1580.65,2054.7,1596.1,2095.35,1596.1,2144.95,1579.85,2165.3,1541.65,2174.25,1499.35,2166.1,1467.65,2167.75,1453,2140.1
4-147,Uninfected,No_comment,Polygon,15,1631.9,2102.7,1614.8,2131.15,1611.55,2149.05,1614.8,2175.05,1631.9,2188.9,1663.6,2198.65,1694.5,2188.9,1715.65,2172.6,1732.7,2149.05,1743.3,2118.95,1744.9,2094.55,1743.3,2072.6,1724.6,2058.8,1697.75,2061.2,1676.6,2072.6
4-148,Uninfected,No_comment,Polygon,14,1680.65,2194.55,1660.35,2201.9,1643.25,2218.95,1641.65,2248.25,1648.15,2262.85,1663.6,2279.15,1685.55,2298.65,1718.1,2307.6,1751.4,2299.45,1769.3,2273.45,1776.6,2240.1,1767.65,2210.85,1745.7,2191.3,1716.45,2184.8
4-149,Uninfected,No_comment,Polygon,14,1869.3,2163.65,1849.8,2169.35,1836,2184.8,1834.35,2218.15,1848.15,2243.35,1865.25,2261.25,1892.1,2277.5,1918.1,2281.55,1941.7,2271,1946.55,2253.1,1945.75,2227.1,1937.6,2188.9,1924.6,2163.65,1894.5,2152.3
4-150,Uninfected,No_comment,Polygon,13,1797.75,2339.3,1808.35,2303.5,1828.65,2272.65,1866.05,2257.15,1884.7,2266.9,1903.45,2282.4,1916.45,2300.25,1923.8,2320.6,1924.6,2336.05,1905.9,2361.25,1873.4,2390.55,1841.65,2393.8,1802.65,2371
4-151,Uninfected,No_comment,Polygon,18,1636.75,2263.7,1620.5,2253.1,1605.85,2263.7,1595.3,2279.15,1596.1,2295.4,1599.35,2311.65,1607.5,2328.75,1615.6,2349.05,1639.2,2375.1,1664.4,2385.65,1695.3,2392.95,1714.8,2386.45,1719.7,2361.25,1704.25,2340.1,1687.2,2324.65,1670.9,2309.2,1662.8,2296.2,1653.85,2282.4
4-152,Uninfected,No_comment,Polygon,16,1739.2,2350.7,1718.8,2358.75,1701.75,2372.65,1686.35,2392.15,1672.55,2414.1,1671.75,2433.6,1680.65,2447.45,1700.2,2459.65,1725.6,2460.7,1758.75,2460.45,1775.8,2458,1798.55,2446.65,1811.6,2419.8,1811.6,2390.55,1796.95,2370.2,1776.6,2356.4
4-153,Uninfected,No_comment,Polygon,18,1970.95,2162.85,1959.55,2179.1,1949.8,2205.15,1949,2236.85,1953.05,2256.35,1966.05,2271.8,1979.1,2279.95,2007.55,2287.25,2029.5,2279.15,2042.5,2266.95,2059.6,2252.3,2073.4,2232.8,2073.4,2207.6,2071.8,2183.2,2057.95,2167.75,2036.8,2148.2,2008.35,2145.8,1989.65,2149.05
4-154,Uninfected,No_comment,Polygon,15,2050.65,1961.2,2038.45,1966.9,2022.2,1980.7,2007.55,1998.6,1996.95,2021.4,1997.8,2056.35,2008.35,2076.65,2027,2090.5,2059.6,2089.7,2088.85,2084.8,2103.5,2067.7,2118.95,2045.75,2123,2019.75,2108.35,1983.95,2086.4,1966.9
4-155,Uninfected,No_comment,Polygon,16,2340.9,2023.8,2324.65,2034.4,2312.45,2044.15,2303.5,2072.6,2304.3,2086.45,2311.65,2105.95,2326.3,2122.2,2358,2136.85,2382.4,2132.75,2395.4,2125.45,2414.1,2106.75,2422.2,2086.45,2427.9,2064.45,2413.3,2027.9,2389.7,2022.2,2366.95,2016.5
4-156,Uninfected,No_comment,Polygon,13,2135.2,2071.8,2121.4,2071,2099.4,2080.75,2083.95,2095.35,2067.7,2122.2,2069.35,2145.8,2079.1,2166.1,2093.75,2179.95,2128.7,2188.9,2171,2177.5,2195.35,2145.8,2197,2116.5,2178.3,2081.55
4-157,Uninfected,No_comment,Polygon,14,2140.1,2001.85,2135.2,1965.25,2149,1946.55,2179.1,1927.85,2206.75,1926.25,2234.4,1935.2,2254.75,1953.1,2256.35,1978.3,2252.3,2001.05,2240.9,2015.7,2228.65,2027.9,2201.85,2036.85,2184.8,2035.2,2159.6,2025.45
4-158,Uninfected,No_comment,Polygon,13,2296.2,1910.8,2277.5,1924.6,2269.35,1946.55,2267.75,1979.9,2271,2003.5,2280.75,2014.05,2310,2027.05,2353.85,2027.05,2377.5,2007.55,2389.9,1975.5,2385.65,1942.5,2362.85,1912.4,2323.85,1894.55
4-159,Uninfected,No_comment,Polygon,14,2406.8,1944.95,2426.3,1918.95,2453.1,1912.4,2479.15,1918.95,2493.8,1931.95,2503.55,1943.3,2511.65,1976.65,2511.65,1997,2501.9,2014.05,2480.75,2030.3,2455.55,2035.2,2431.15,2026.25,2413.3,2010,2408.4,1990.5
4-160,Uninfected,No_comment,Polygon,12,2489.7,1875,2499.45,1855.5,2522.25,1834.35,2550.7,1831.9,2570.2,1844.95,2583.2,1862,2589.7,1896.95,2577.55,1927.85,2564.5,1944.15,2527.95,1943.3,2507.6,1929.5,2495.4,1905.1
4-161,Uninfected,No_comment,Polygon,15,1434.65,1618.55,1408.9,1616.3,1389.85,1623.7,1370.7,1636.2,1361.15,1650.9,1355.25,1670.75,1357.5,1690.6,1375.15,1716.35,1403.8,1726.65,1433.95,1729.55,1455.3,1720,1478.1,1698.7,1481.75,1675.15,1468.5,1642.05,1455.3,1629.55
4-162,Uninfected,No_comment,Polygon,16,1507.45,1673.7,1494.25,1686.9,1478.8,1706.75,1476.6,1728.85,1473.65,1752.35,1483.95,1775.15,1499.4,1792.8,1525.9,1803.1,1551.6,1800.85,1581.75,1791.35,1598.7,1775.85,1615.55,1742.8,1608.95,1704.55,1590.55,1681.05,1561.15,1668.55,1531.75,1667.75
4-163,Uninfected,No_comment,Polygon,14,1647.2,1679.55,1623.7,1694.25,1609.65,1712.65,1594.2,1738.4,1593.45,1778.1,1603.05,1797.95,1629.55,1807.5,1650.15,1813.4,1689.15,1798.7,1717.8,1779.6,1731.8,1748.7,1732.5,1709.7,1708.2,1684.7,1681.8,1678.85
4-164,Uninfected,No_comment,Polygon,14,1560.4,1891.3,1531,1886.95,1499.4,1898.7,1475.15,1920.75,1465.6,1937.7,1458.2,1967.85,1470.7,1992.05,1487.65,2005.35,1513.4,2009.75,1544.95,2003.85,1570.75,1987.7,1592.75,1963.4,1589.1,1927.4,1578.05,1903.85
4-165,Uninfected,No_comment,Polygon,17,1611.2,1870.75,1615.55,1852.4,1627.35,1835.45,1644.25,1820.75,1672.9,1807.5,1706,1800.85,1726.65,1798.7,1747.2,1807.5,1767.1,1823.65,1777.35,1842.1,1771.45,1871.45,1753.1,1888.4,1728.8,1900.2,1696.5,1908.25,1661.9,1914.1,1636.2,1906.8,1615.55,1888.4
4-166,Uninfected,No_comment,Polygon,16,1666.35,1922.25,1647.9,1936.95,1634.7,1953.1,1630.25,1976.65,1632.5,1995.75,1642.75,2018.55,1653.05,2031.8,1675.85,2043.55,1694.3,2045.05,1713.35,2045.05,1740.6,2035.5,1764.15,2016.35,1777.35,1974.4,1763.35,1939.1,1728.8,1919.3,1703.05,1916.35
4-167,Uninfected,No_comment,Polygon,15,1511.9,1557.5,1506,1575.9,1506.75,1589.1,1508.95,1616.3,1524.4,1634.7,1544.25,1641.35,1569.95,1642.05,1609.7,1635.45,1630.25,1624.4,1642.75,1603.1,1641.35,1564.8,1617.75,1531,1594.95,1519.25,1557.45,1517.8,1535.45,1526.6
4-168,Uninfected,No_comment,Polygon,13,1617.05,1492.05,1600.1,1509.7,1592.75,1528.85,1597.9,1565.6,1613.35,1605.3,1642.75,1631.05,1664.85,1646.45,1703.85,1652.35,1743.5,1628.1,1757.5,1580.3,1736.95,1545.75,1694.3,1517.8,1649.4,1496.45
4-169,Uninfected,No_comment,Polygon,15,1813.4,1989.9,1783.95,2000.2,1767.8,2028.15,1759.7,2050.2,1759.7,2064.85,1769.3,2088.45,1782.5,2107.5,1809.75,2113.45,1833.25,2111.95,1858.95,2098,1879.55,2078.15,1889.1,2053.15,1891.35,2012.7,1865.6,1986.9,1838.4,1983.25
4-170,Uninfected,No_comment,Polygon,15,1926.65,1875.15,1914.1,1884.75,1903.1,1905.3,1903.85,1926.6,1912.7,1951.6,1923,1964.15,1940.65,1978.85,1972.2,1983.25,2002.35,1982.55,2017.1,1967.85,2033.3,1943.55,2031.8,1908.25,2015.65,1886.2,1992.85,1862.65,1947.2,1855.3
4-171,Uninfected,No_comment,Polygon,12,1968.55,1809,1952.35,1837.65,1911.9,1843.55,1875.2,1822.25,1853.1,1789.85,1844.25,1756.05,1858.25,1721.5,1881.05,1702.35,1914.85,1696.5,1942.05,1719.3,1953.85,1741.35,1959.7,1771.5
4-172,Uninfected,No_comment,Polygon,14,1975.9,1788.35,1962.7,1762.65,1948,1732.55,1944.25,1711.2,1954.55,1689.85,1990.65,1685.4,2031.1,1685.4,2068.6,1696.5,2081.8,1709.7,2085.45,1741.35,2075.15,1767.05,2061.25,1778.1,2012.65,1799.45,1986.2,1795.75
4-173,Uninfected,No_comment,Polygon,15,2023.7,1787.6,2003.85,1798.6,1992.05,1813.4,1989.85,1831.8,1992.05,1849.45,1998.7,1866.3,2013.4,1889.1,2026.65,1904.55,2046.5,1911.95,2063.45,1914.1,2092.1,1900.2,2103.9,1881.8,2107.55,1835.45,2089.15,1809,2063.45,1792.8
4-174,Uninfected,No_comment,Polygon,14,2131.1,1803.85,2114.15,1817.8,2106.8,1844.2,2107.55,1875.15,2115.6,1894.3,2117.8,1910.45,2135.45,1919.3,2167.1,1914.9,2195.05,1900.9,2207.55,1878.1,2220.05,1843.55,2213.4,1808.25,2192.85,1789.85,2162.7,1788.35
4-175,Uninfected,No_comment,Polygon,13,2101.75,1420.1,2073.45,1424.25,2052.65,1431.75,2018.45,1454.25,2008.45,1474.25,2005.15,1501.75,2020.15,1539.25,2042.65,1550.9,2083.45,1546.75,2118.5,1528.4,2142.6,1500.1,2145.1,1451.75,2126,1423.4
4-176,Uninfected,No_comment,Polygon,16,1918.4,1494.25,1897.65,1490.1,1878.4,1500.1,1862.65,1510.9,1855.15,1525.9,1850.15,1545.9,1850.9,1566.75,1855.9,1581.75,1869.25,1597.6,1885.9,1613.4,1902.65,1620.1,1925.9,1623.4,1943.45,1602.6,1959.25,1576.75,1967.65,1539.25,1947.65,1510.9
4-177,Uninfected,No_comment,Polygon,11,1829.3,1579.25,1810.15,1577.6,1780.1,1593.4,1764.3,1610.9,1765.9,1641.75,1772.6,1672.6,1807.65,1702.6,1829.3,1700.95,1877.65,1680.9,1890.15,1639.25,1880.15,1593.4
4-178,Uninfected,No_comment,Polygon,11,1942.6,1604.25,1937.65,1639.25,1950.95,1656.75,1970.95,1675.1,2008.4,1685.05,2053.45,1667.6,2072.65,1636.75,2070.15,1588.4,2040.95,1561.75,2000.15,1560.1,1978.45,1573.4
4-179,Uninfected,No_comment,Polygon,12,2187.6,1580.1,2177.6,1595.1,2172.6,1616.75,2180.1,1644.25,2193.5,1664.25,2227.6,1685.9,2258.5,1681.75,2293.5,1661.75,2303.5,1635.1,2296.8,1593.4,2261,1565.1,2219.25,1564.25
4-180,Uninfected,No_comment,Polygon,15,2155.1,1484.25,2156,1504.25,2156.75,1524.25,2168.5,1541.75,2183.5,1556.75,2209.25,1561.75,2230.1,1561.75,2256,1550.1,2273.5,1532.6,2278.5,1514.25,2272.6,1479.25,2251.8,1455.9,2221,1447.6,2194.25,1447.6,2175.1,1463.4
4-181,Uninfected,No_comment,Polygon,14,2383.5,1620.9,2361,1635.9,2346,1650.9,2336,1670.9,2331.8,1698.45,2344.3,1719.25,2365.1,1740.95,2414.35,1750.1,2435.95,1734.25,2448.45,1710.95,2456.85,1677.6,2456.85,1645.1,2433.45,1618.4,2403.5,1620.1
4-182,Uninfected,No_comment,Polygon,13,2421.85,1524.25,2425.95,1495.9,2443.45,1470.9,2468.45,1454.25,2503.45,1458.4,2525.95,1465.9,2545.95,1490.9,2556.85,1511.75,2556.85,1541.75,2545.95,1565.9,2524.35,1583.4,2478.45,1581.75,2438.45,1555.1
4-183,Uninfected,No_comment,Polygon,15,2463.45,1695.95,2457.65,1710.95,2455.15,1726.7,2451.9,1744.2,2462.65,1768.45,2477.6,1780.95,2505.95,1795.05,2533.45,1792.55,2561.85,1776.7,2574.35,1745.05,2576.85,1716.7,2561.85,1690.95,2535.95,1670.95,2505.1,1666.75,2484.35,1676.75
4-184,Uninfected,No_comment,Polygon,13,1322.55,1079.2,1354.2,1081.7,1385.9,1101.7,1402.55,1132.6,1404.2,1155.1,1395.05,1175.1,1373.4,1193.35,1349.2,1197.6,1325.05,1198.35,1299.2,1188.35,1285.05,1169.2,1272.55,1146.7,1289.2,1080.85
4-185,Uninfected,No_comment,Polygon,21,1414.2,1395.05,1401.7,1405.95,1389.2,1421.7,1383.4,1438.45,1380.9,1456.7,1380.9,1470.95,1387.55,1485.05,1400.05,1496.7,1415.85,1509.2,1428.35,1516.75,1445.05,1516.75,1461.7,1512.55,1477.55,1506.7,1497.55,1495.05,1510.95,1479.2,1513.45,1455.95,1505.05,1434.2,1495.05,1417.55,1484.2,1406.7,1468.35,1400.05,1442.55,1395.05
4-186,Uninfected,No_comment,Polygon,20,1516.7,1375.95,1511.7,1395.95,1512.55,1414.2,1518.45,1433.45,1524.2,1446.7,1532.55,1460.95,1546.7,1471.7,1568.4,1481.7,1583.4,1484.2,1602.55,1477.55,1615.05,1465.95,1626.75,1448.45,1635.05,1423.45,1637.55,1398.45,1628.4,1369.2,1613.4,1353.4,1597.55,1344.2,1575.9,1338.4,1556.7,1341.7,1533.45,1355.9
4-187,Uninfected,No_comment,Polygon,23,1670.05,1384.2,1652.55,1395.05,1642.55,1405.95,1632.5,1421.75,1624.2,1436.75,1624.2,1449.25,1629.25,1466.7,1633.4,1475.95,1645.05,1484.2,1658.4,1486.7,1675.05,1490.05,1694.2,1491.7,1715.9,1494.2,1730.05,1489.2,1745.05,1476.7,1760.9,1460.05,1766.7,1443.45,1766.7,1424.2,1763.4,1399.2,1749.2,1383.45,1730.05,1375.05,1711.7,1373.45,1689.2,1375.95
4-188,Uninfected,No_comment,Polygon,19,1600.9,1315.9,1600.05,1291.7,1611.7,1275.05,1626.75,1264.2,1650.05,1255.9,1681.75,1254.2,1701.7,1260.9,1717.55,1275.9,1725.9,1290.9,1737.8,1320.15,1740.9,1334.2,1741.7,1350.9,1731.7,1366.7,1716.65,1374.2,1690,1375.05,1665.05,1372.55,1647.55,1370.95,1625.9,1350.9,1613.4,1337.55
4-189,Uninfected,No_comment,Polygon,16,1445.05,1267.55,1457.55,1242.6,1473.35,1223.35,1503.45,1218.35,1525.05,1220.1,1545.05,1226.7,1559.2,1243.4,1567.55,1262.55,1566.7,1290.9,1563.4,1311.7,1550.05,1326.7,1529.2,1343.4,1505.95,1346.7,1483.45,1337.55,1460.85,1323.4,1447.55,1295.05
4-190,Uninfected,No_comment,Polygon,14,1601.7,1131.7,1580.05,1139.2,1560.9,1155.85,1551.7,1180.85,1554.2,1206.7,1570.05,1229.2,1595.05,1245.1,1626.75,1246.7,1650.9,1242.6,1670.9,1221.7,1681.75,1191.7,1673.4,1165.1,1655.9,1145.1,1637.55,1134.2
4-191,Uninfected,No_comment,Polygon,19,1387.55,870.85,1409.2,855.85,1449.2,840,1474.2,835.85,1504.2,834.25,1522.55,845.85,1538.45,865.85,1545.9,881.75,1547.55,905.85,1539.2,931.75,1521.7,953.35,1498.45,972.55,1469.2,985.85,1448.35,980.05,1431.7,963.35,1420.05,942.55,1409.2,929.25,1391.7,910,1383.4,895.85
4-192,Uninfected,No_comment,Polygon,17,1549.2,901.75,1525.05,920.85,1511.7,938.35,1504.2,955,1496.7,975.05,1500.05,1000.85,1512.55,1016.7,1525.95,1026.7,1550.05,1020.05,1566.7,1010.05,1591.7,1013.35,1615.9,1015.05,1631.75,1001.7,1650.05,971.7,1644.25,929.25,1627.55,911.75,1600.05,896.75
4-193,Uninfected,No_comment,Polygon,14,1461.7,1015.05,1437.55,1013.35,1416.7,1021.7,1401.7,1035.85,1395.05,1050.85,1395.85,1084.85,1408.35,1116.7,1446.7,1133.35,1482.55,1136.7,1509.2,1125.85,1524.2,1105.1,1520.05,1070.05,1508.45,1040.85,1495.05,1029.2
4-194,Uninfected,No_comment,Polygon,12,1540.9,1028.35,1529.2,1052.55,1528.45,1069.2,1539.2,1105.85,1557.5,1124.2,1590,1128.35,1633.4,1122.6,1650.75,1099.2,1650.9,1063.3,1632.6,1031.7,1606.65,1019.25,1585,1016.75
4-195,Uninfected,No_comment,Polygon,14,1685.9,1016.7,1666.75,1039.2,1663.4,1059.2,1668.4,1088.35,1680.1,1115.75,1689.95,1132.5,1709.15,1141.7,1733.4,1141.7,1766.65,1134.2,1781.65,1109.95,1785.9,1079.2,1770.9,1044.95,1750.9,1020.8,1724.15,1012.6
4-196,Uninfected,No_comment,Polygon,16,1807.55,1253.4,1782.55,1255.05,1759.3,1272.55,1744.3,1305.9,1742.55,1336.7,1744.3,1353.45,1744.3,1375.95,1764.2,1400.9,1787.55,1401.7,1801.8,1386.7,1818.4,1378.45,1840.9,1365.05,1860.9,1349.2,1862.55,1297.55,1841.75,1269.2,1825.05,1260.05
4-197,Uninfected,No_comment,Polygon,13,1857.55,1376.7,1830.05,1377.55,1805.9,1386.7,1790.9,1405.05,1789.3,1440.95,1795.05,1459.2,1809.3,1475.95,1830.9,1482.55,1891.75,1484.2,1915.9,1464.2,1925.9,1437.55,1910.1,1406.7,1890.1,1387.55
4-198,Uninfected,No_comment,Polygon,14,2002.55,1037.55,1976.75,1030.05,1953.4,1035.05,1926.75,1050.05,1915.9,1077.6,1920.1,1115.1,1935.1,1142.6,1955.1,1155.85,1975.1,1164.2,2009.25,1167.6,2055.9,1135.1,2061.75,1108.35,2049.25,1070.1,2020.9,1048.35
4-199,Uninfected,No_comment,Polygon,11,1928.4,1199.2,1896.75,1207.5,1885.9,1224.2,1868.45,1253.4,1876.8,1290.8,1912.65,1315.25,1950.3,1320.25,1985.95,1303.1,2003.4,1264.95,1979.95,1220,1956.65,1201.7
4-200,Uninfected,No_comment,Polygon,14,1949.25,1327.5,1930.9,1339.25,1919.25,1358.4,1920.05,1383.4,1937.55,1415,1955.9,1433.4,1978.4,1441.75,2005.05,1440,2027.55,1431.75,2044.25,1413.4,2053.4,1366.75,2031.75,1335,2001.75,1322.5,1977.55,1321.75
4-201,Uninfected,No_comment,Polygon,12,1798.4,816.7,1766.7,828.3,1751.7,840.05,1736.7,860.8,1735.05,887.55,1743.4,917.55,1764.2,936.7,1795.05,949.2,1838.4,948.35,1867.55,899.2,1847.55,831.7,1830.05,822.55
4-202,Uninfected,No_comment,Polygon,17,1995.9,792.55,1970.9,796.7,1942.55,809.2,1932.55,822.55,1924.25,842.55,1920.05,868.3,1931.75,889.2,1944.25,908.35,1962.55,920.05,1976.75,925.85,2009.25,927.55,2035.9,917.55,2050.9,903.35,2065.05,875.05,2060.9,842.55,2040.9,820.8,2023.4,806.7
4-203,Uninfected,No_comment,Polygon,12,2101.75,839.2,2085.9,853.3,2074.25,872.55,2066.75,891.7,2061.75,903.35,2065.05,923.35,2068.4,952.55,2125.05,962.55,2163.4,937.55,2176.75,901.7,2167.6,863.3,2144.25,840.05
4-204,Uninfected,No_comment,Polygon,16,2077.55,967.55,2056.75,973.35,2037.55,986.65,2023.4,1005.05,2026.75,1034.15,2036.75,1057.55,2049.2,1079.2,2077.55,1095.05,2092.55,1101.65,2127.55,1100.9,2149.25,1084.15,2160.9,1065.9,2164.25,1043.4,2157.6,1010.05,2139.25,986.65,2109.25,970.85
4-205,Uninfected,No_comment,Polygon,20,2168.4,1011.65,2175.1,993.35,2184.25,970.85,2199.25,955.05,2217.6,946.7,2234.25,945.85,2251.75,954.15,2269.25,968.35,2281.75,980.85,2294.25,995.85,2298.4,1010.05,2295.9,1030.9,2294.25,1045.9,2287.6,1062.55,2276.75,1076.65,2261.75,1088.4,2232.6,1097.55,2197.6,1090.9,2179.25,1069.15,2171.75,1050.05
4-206,Uninfected,No_comment,Polygon,16,2174.25,1107.55,2158.4,1118.4,2144.25,1135.05,2134.25,1148.4,2128.4,1168.4,2131.75,1191.7,2137.55,1209.2,2158.4,1224.2,2183.4,1232.55,2213.4,1220.9,2240.1,1201.7,2252.6,1176.7,2255.1,1145.05,2235.1,1120.9,2215.9,1110.05,2190.1,1110.05
4-207,Uninfected,No_comment,Polygon,14,2215.1,1271.7,2224.25,1242.55,2233.4,1225.9,2268.4,1215.9,2287.6,1220.05,2306.75,1232.55,2318.4,1246.7,2325.9,1263.4,2328.4,1286.7,2317.6,1312.5,2303.4,1329.25,2258.4,1330.9,2240.1,1314.25,2227.6,1296.7
4-208,Uninfected,No_comment,Polygon,16,2167.6,1280.9,2152.55,1282.5,2130.05,1297.5,2116.75,1325.9,2114.25,1343.4,2114.25,1372.5,2136.75,1395,2154.25,1406.75,2181.75,1412.5,2197.6,1407.5,2234.25,1389.25,2240.9,1360,2237.6,1338.4,2225.1,1319.25,2204.25,1298.4,2184.25,1283.4
4-209,Uninfected,No_comment,Polygon,16,2324.25,1315,2327.6,1299.2,2342.6,1281.7,2363.4,1268.4,2396.75,1255.9,2434.25,1265,2452.6,1280,2461.75,1316.75,2460.1,1340,2451.75,1362.5,2428.4,1375.9,2396.75,1386.75,2368.4,1386.75,2345.9,1376.75,2327.6,1360.9,2324.25,1338.4
4-210,Uninfected,No_comment,Polygon,13,2131,732.55,2138.5,704.2,2163.5,675.05,2207.6,671.7,2243.5,685.8,2259.3,706.7,2271.8,740.85,2266,767.55,2250.1,791.7,2224.3,806.7,2188.5,807.55,2164.25,792.55,2145.1,776.7
4-211,Uninfected,No_comment,Polygon,16,2249.3,796.7,2247.6,825,2250.95,841.7,2268.45,865,2284.3,880.8,2302.55,891.7,2334.3,894.2,2355.95,879.2,2374.3,860.8,2385.95,839.2,2380.7,803.15,2363.45,773.35,2340.05,752.55,2310.95,749.2,2290.95,750.85,2265.95,758.35
4-212,Uninfected,No_comment,Polygon,14,2394.35,758.35,2388.5,783.35,2396.85,812.55,2421.85,840.05,2440.95,843.35,2481.85,841.7,2500.95,819.2,2510.95,785.85,2510.1,749.2,2489.35,720.05,2469.35,699.2,2446.85,698.3,2425.1,706.7,2407.6,724.2
4-213,Uninfected,No_comment,Polygon,14,2530.9,745.85,2520.95,761.7,2513.45,785.85,2509.35,819.2,2525.15,840.85,2553.45,855.05,2591.85,850.05,2616.85,840.05,2636.85,815.85,2647.65,785.05,2643.45,765.05,2619.35,735.05,2584.35,721.7,2549.35,732.55
4-214,Uninfected,No_comment,Polygon,15,2579.35,901.7,2565.95,919.2,2555.15,944.2,2554.35,973.4,2562.65,1002.55,2576.85,1017.55,2600.95,1027.55,2625.15,1027.55,2654.35,1017.55,2670.95,1002.55,2681.85,980.05,2682.7,953.4,2670.2,914.2,2653.45,895.9,2615.15,887.55
4-215,Uninfected,No_comment,Polygon,13,2384.35,907.55,2356.85,906.8,2331.8,917.4,2312.6,948.25,2306.85,985.9,2313.55,1019.15,2328.55,1034.2,2376.05,1037.55,2411,1029.1,2427.6,1004.15,2439.35,963.4,2429.35,940.9,2416,921.65
4-216,Uninfected,No_comment,Polygon,14,2457.6,1005.9,2434.35,1015.9,2420.1,1038.4,2411,1070.9,2416.85,1103.4,2429.35,1121.7,2462.6,1135.05,2486.85,1135.05,2513.45,1122.55,2535.95,1095.9,2540.95,1059.2,2529.35,1027.55,2506.85,1014.15,2483.45,1005.05
4-217,Uninfected,No_comment,Polygon,13,2575.15,1183.4,2554.35,1193.4,2540.15,1215.05,2530.95,1241.75,2535.95,1261.75,2555.95,1280.9,2577.65,1292.5,2612.65,1290.9,2645.15,1273.4,2655.95,1247.5,2650.95,1214.25,2631.85,1194.25,2597.65,1180.05
4-218,Uninfected,No_comment,Polygon,10,1515.05,670,1498.45,680.85,1469.3,710.85,1465.95,753.35,1485.95,788.35,1558.35,802.45,1594.25,785.85,1608.3,724.25,1587.45,684.15,1545.05,671.55
4-219,Uninfected,No_comment,Polygon,12,1630.85,782.5,1620.1,756.75,1630.1,724.25,1650.1,696.75,1692.6,689.25,1735.1,698.35,1760.1,724.25,1775.1,750.85,1761.75,792.5,1737.6,820,1702.6,822.5,1663.35,807.5
4-220,Uninfected,No_comment,Polygon,12,1574.25,644.2,1566.75,620.9,1567.6,594.2,1584.25,570.9,1620.1,555,1663.35,558.4,1687.6,576.7,1700.85,611.7,1689.25,641.7,1660.1,673.35,1615.85,678.35,1584.25,663.35
4-221,Uninfected,No_comment,Polygon,13,1717.6,622.5,1732.6,650,1748.4,660.85,1777.6,669.2,1816.75,664.2,1838.4,642.5,1855.1,615.9,1839.2,569.2,1820.1,545,1775.9,534.15,1736.75,538.4,1713.4,560.9,1707.6,591.7
4-222,Uninfected,No_comment,Polygon,11,1740.1,410,1745.1,378.35,1765.9,355.05,1816.75,348.35,1859.2,360.85,1876.7,388.4,1880.1,414.15,1862.6,439.15,1823.4,459.15,1795.9,459.15,1760.9,444.15
4-223,Uninfected,No_comment,Polygon,14,1830.9,471.65,1816.75,499.15,1815.9,522.5,1827.6,543.4,1845.9,562.5,1863.45,571.7,1894.2,574.2,1912.6,564.2,1927.6,547.5,1933.45,512.5,1925.95,488.4,1901.7,463.4,1877.6,454.15,1850.1,457.5
4-224,Uninfected,No_comment,Polygon,13,1912.6,325.05,1925.1,301.65,1942.6,283.35,1984.2,275.05,2015.95,293.35,2031.75,306.65,2038.45,347.55,2029.25,376.65,2007.6,393.4,1988.45,405.9,1961.7,399.15,1924.2,383.35,1912.6,364.15
4-225,Uninfected,No_comment,Polygon,11,2009.25,508.4,1980.1,520.9,1967.6,538.4,1965.1,585.9,1978.45,604.2,2000.95,624.2,2035.1,634.2,2063.45,621.7,2090.1,591.7,2076.75,546.7,2051.75,519.15
4-226,Uninfected,No_comment,Polygon,12,2011.75,397.5,1986.7,409.15,1965.1,434.15,1962.6,472.5,1981.7,501.65,2017.5,508.4,2057.6,505.9,2082.6,495.9,2094.25,463.4,2093.45,432.5,2068.45,402.5,2042.6,390.9
4-227,Uninfected,No_comment,Polygon,13,2180.05,506.65,2155.05,520.9,2145.05,539.2,2140.95,574.2,2142.55,605,2162.55,625,2199.3,641.7,2237.55,629.2,2262.55,610.9,2266.8,583.4,2255.95,537.5,2229.3,515.9,2210.95,507.5
4-228,Uninfected,No_comment,Polygon,14,2065.95,167.55,2080.1,147.55,2110.1,129.15,2171.8,128.3,2195.95,150.05,2209.3,174.1,2210.95,205.05,2201.8,235.05,2179.3,252.55,2141.8,260.05,2102.6,255.05,2083.45,238.3,2065.15,210.05,2061.6,188.3