253,5312,2988
5-1,Uninfected,No_comment,Polygon,20,1516.05,1863.45,1508.4,1862.25,1496.55,1861.65,1476.4,1864.05,1459.85,1874.1,1448,1891.85,1443.9,1911.35,1445.05,1933.85,1449.8,1949.85,1453.95,1961.1,1471.1,1977.6,1497.15,1985.35,1514.9,1985.35,1534.4,1978.85,1549.2,1966.4,1562.8,1948.6,1568.75,1918.45,1558.7,1887.1,1545.05,1874.7,1532.65,1867.6
5-2,Uninfected,No_comment,Polygon,22,1407.8,1880.55,1395.4,1878.8,1376.4,1882.4,1359.25,1887.65,1350.95,1891.2,1340.9,1894.75,1332.6,1902.5,1326.7,1909.6,1321.95,1918.45,1316.05,1931.5,1313.7,1943.9,1313.7,1958.7,1320.8,1974.05,1329.05,1987.7,1343.85,1997.2,1368.15,2008.4,1391.8,2009,1420.2,1995.35,1437.95,1972.9,1439.75,1943.35,1433.8,1922.6,1428.5,1902.5
5-3,Uninfected,No_comment,Polygon,26,1746.25,1807.2,1738.6,1810.75,1726.15,1816.7,1714.3,1826.15,1705.45,1836.8,1702.5,1842.75,1700.7,1852.2,1700.1,1865.2,1702.5,1875.85,1709.6,1888.3,1721.4,1902.5,1738,1911.95,1755.15,1914.35,1771.7,1914.9,1788.3,1909.6,1800.7,1904.25,1814.3,1896.6,1825,1886.5,1835.05,1872.9,1843.9,1853.4,1843.3,1826.7,1826.75,1803.65,1810.75,1795.4,1787.1,1792.45,1771.1,1792.45,1762.25,1797.15
5-4,Uninfected,No_comment,Polygon,32,1920.25,1811.35,1909.6,1813.15,1901.9,1815.5,1891.25,1820.25,1885.35,1826.7,1881.2,1836.8,1878.85,1843.3,1877.05,1853.95,1877.05,1866.4,1880,1881.2,1886.5,1890.05,1897.75,1901.85,1916.7,1911.35,1933.85,1914.9,1947.45,1912.55,1957.55,1910.8,1965.8,1908.4,1980,1906.05,1990.65,1906.05,1998.95,1905.4,2008.4,1898.3,2014.95,1888.3,2017.9,1867.6,2018.5,1852.2,2011.95,1840.9,2000.75,1829.1,1991.85,1829.1,1981.2,1829.1,1977.05,1828.5,1962.85,1823.8,1952.2,1820.85,1938.6,1813.15
5-5,Uninfected,No_comment,Polygon,16,1965.2,1922.6,1950.45,1927.95,1935.05,1936.25,1922.05,1948.6,1913.75,1963.45,1904.25,1987.1,1911.35,2011.95,1921.45,2028.55,1938,2045.1,1961.1,2050.45,1987.7,2046.9,2004.3,2035,2019.1,2009.6,2026.75,1972.9,2020.25,1942.75,1990.1,1926.15
5-6,Uninfected,No_comment,Polygon,36,1707.8,1733.85,1696.55,1739.75,1693,1745.7,1682.35,1748.05,1671,1754.45,1662.25,1756.9,1657.5,1756.9,1650.4,1756.9,1643.3,1758.05,1632.7,1762.85,1627.3,1765.8,1623.2,1769.35,1615.5,1777.65,1606,1785.9,1598.35,1794.8,1590.05,1822.6,1590.65,1835.65,1595.95,1851,1601.9,1857.5,1616.65,1862.85,1629.7,1865.2,1644.5,1859.3,1654.55,1856.35,1665.2,1851,1675.25,1843.9,1686.5,1835.05,1702.5,1824.4,1720.8,1811.9,1740.35,1796.55,1751.6,1786.5,1758.7,1775.85,1759.3,1759.9,1751,1746.25,1740.35,1737.4,1731.5,1735,1722.6,1734.45
5-7,Uninfected,No_comment,Polygon,24,1635,1624.95,1617.85,1624.95,1606.6,1629.1,1596.55,1635.6,1587.7,1643.9,1581.15,1652.75,1576.45,1661,1575.25,1669.95,1574.65,1674.65,1574.05,1685.9,1578.8,1697.75,1585.3,1716.1,1601.3,1735.6,1613.7,1743.85,1645.65,1748.05,1671.7,1738,1698.95,1723.2,1710.15,1711.95,1713.7,1696.55,1711.95,1685.3,1700.7,1662.25,1687.1,1646.8,1671.1,1635,1653.35,1627.3
5-8,Uninfected,No_comment,Polygon,23,1711.35,1578.8,1707.2,1585.3,1706.05,1616.1,1706.05,1627.9,1713.7,1649.8,1719.65,1670.5,1724.95,1685.3,1732.05,1697.1,1738.6,1703.65,1749.8,1706.05,1759.3,1704.2,1771.7,1700.1,1780.6,1691.25,1786.5,1678.2,1791.25,1667.55,1796,1658.1,1801.9,1646.25,1800.7,1628.5,1791.85,1603.05,1772.3,1585.9,1759.3,1576.45,1746.25,1575.25,1727.35,1576.45
5-9,Uninfected,No_comment,Polygon,28,1876.45,1651.6,1862.25,1649.8,1838.6,1654.55,1822,1658.1,1810.75,1668.75,1798.95,1682.9,1790.05,1694.8,1789.45,1716.7,1798.35,1737.4,1807.8,1752.8,1824.4,1764,1843.9,1773.5,1862.85,1772.3,1882.95,1767,1897.75,1759.3,1910.2,1748.65,1918.5,1733.2,1922.6,1720.8,1927.95,1709,1935.05,1698.35,1937.4,1691.25,1935.05,1680.6,1932.1,1676.45,1925,1669.35,1919.65,1665.8,1912.55,1661.65,1904.25,1659.85,1902.5,1659.3
5-10,Uninfected,No_comment,Polygon,18,1961.1,1694.8,1951.6,1703.65,1943.35,1711.3,1935.65,1724.95,1927.95,1743.3,1918.5,1761.6,1932.1,1789.45,1955.15,1807.8,1988.3,1816.7,2022.65,1812.55,2040.95,1796.55,2054,1777.65,2058.15,1752.8,2050.45,1723.2,2033.85,1700.1,2019.1,1690,2004.85,1685.3,1994.8,1686.45
5-11,Uninfected,No_comment,Polygon,19,1294.6,1760.6,1284.15,1766.85,1270.3,1775.9,1255.7,1790.45,1239.7,1804.35,1238.35,1822.4,1240.4,1842.55,1253.6,1867.55,1274.45,1884.2,1299.45,1893.25,1321,1891.85,1339.05,1882.85,1359.15,1873.8,1377.25,1859.9,1387.65,1838.4,1382.1,1806.45,1368.9,1781.45,1346.65,1768.25,1320.3,1763.4
5-12,Uninfected,No_comment,Polygon,16,1454.3,1661.3,1443.2,1673.1,1426.55,1684.9,1412.65,1699.5,1401.55,1725.85,1412.65,1762.7,1429.3,1785.6,1451.55,1795.3,1475.15,1796.7,1504.35,1790.45,1523.1,1770.3,1539.75,1739.75,1539.05,1702.25,1522.4,1675.15,1498.75,1661.3,1477.25,1660.6
5-13,Uninfected,No_comment,Polygon,18,1418.9,1516.15,1407.8,1517.5,1392.5,1522.4,1382.1,1530.7,1369.6,1548.05,1367.5,1565.45,1371.7,1586.25,1375.15,1603.65,1393.9,1626.55,1429.3,1638.35,1455.7,1632.1,1468.9,1625.85,1482.8,1608.5,1486.25,1591.15,1482.8,1571,1473.75,1556.4,1457.8,1533.5,1444.6,1523.05
5-14,Uninfected,No_comment,Polygon,21,1264.7,1535.55,1247.35,1532.8,1230.7,1536.95,1214.7,1541.8,1195.25,1555.7,1185.55,1569.6,1180.7,1586.95,1180,1604.35,1183.45,1623.8,1191.1,1640.45,1208.45,1652.95,1230,1661.3,1258.45,1671.7,1289.7,1668.9,1309.15,1655.75,1323.75,1639.05,1331.4,1620.3,1332.8,1593.9,1321.65,1566.85,1305,1550.85,1287.65,1542.5
5-15,Uninfected,No_comment,Polygon,22,1205.7,1672.4,1180,1674.5,1157.05,1684.9,1141.8,1700.15,1130.7,1719.6,1127.9,1734.9,1129.3,1754.35,1132.05,1771.7,1150.1,1792.55,1169.55,1804.35,1191.8,1807.85,1215.4,1808.5,1229.3,1798.1,1244.6,1782.8,1254.3,1766.85,1264.7,1759.2,1275.15,1754.35,1282.1,1730.05,1277.2,1712,1267.5,1696.7,1257.75,1689.05,1241.8,1682.8
5-16,Uninfected,No_comment,Polygon,23,1527.25,1435.55,1507.8,1438.35,1494.6,1443.9,1484.2,1446,1470.3,1457.1,1461.95,1472.35,1460.55,1486.25,1459.9,1504.3,1476.55,1528.65,1493.9,1555.7,1510.6,1572.4,1530.05,1580,1549.45,1571.7,1564.05,1559.2,1575.15,1539.05,1575.85,1524.45,1573.1,1507.8,1570.3,1491.8,1577.95,1471.7,1580.75,1457.1,1577.25,1444.6,1568.9,1439.75,1557.8,1437.65
5-17,Uninfected,No_comment,Polygon,23,1635.6,1438.35,1616.85,1443.9,1598.1,1458.5,1592.55,1468.9,1591.85,1488.35,1591.85,1505,1589.75,1523.75,1597.4,1536.25,1613.35,1542.5,1619.6,1548.75,1630.75,1558.5,1641.15,1565.45,1659.2,1569.6,1680.05,1570.3,1693.25,1564.05,1703.65,1555.7,1713.4,1548.05,1717.55,1535.55,1722.4,1511.95,1719.65,1494.6,1715.45,1479.3,1693.25,1450.85,1671,1441.8
5-18,Uninfected,No_comment,Polygon,20,1443.85,2137.7,1435.55,2143.95,1431.35,2148.8,1418.85,2160.65,1410.5,2172.45,1407.05,2191.9,1406.35,2204.4,1406.35,2224.5,1423.7,2251.6,1442.45,2264.8,1464.7,2271.75,1484.15,2271.75,1503.6,2256.45,1517.5,2239.1,1530.7,2218.25,1536.95,2191.2,1522.35,2157.85,1501.5,2138.4,1480.65,2131.45,1461.9,2131.45
5-19,Uninfected,No_comment,Polygon,23,1549.45,2223.85,1543.85,2232.15,1538.3,2241.9,1530,2251.6,1521.65,2259.95,1516.8,2266.9,1512.6,2278,1510.55,2292.6,1511.25,2309.95,1516.8,2323.15,1530,2339.8,1561.25,2353.7,1582.05,2355.1,1602.2,2350.95,1620.25,2341.2,1636.25,2326.6,1645.95,2309.25,1650.85,2284.25,1645.25,2257.15,1622.35,2225.2,1605,2221.75,1584.15,2214.8,1570.95,2216.9
5-20,Uninfected,No_comment,Polygon,31,1302.85,2232.85,1291.05,2238.4,1281.35,2245.35,1272.3,2253,1259.8,2262.05,1250.1,2270.35,1246.6,2273.15,1246.6,2296.05,1244.55,2307.15,1246.6,2341.2,1249.4,2352.3,1252.15,2364.1,1270.25,2372.45,1286.9,2385.65,1293.15,2395.35,1296.6,2409.25,1302.2,2409.95,1319.55,2404.4,1329.95,2398.15,1332.05,2387.75,1334.15,2373.15,1332.05,2356.5,1332.05,2347.45,1335.5,2333.55,1336.2,2316.9,1340.4,2305.8,1340.4,2292.6,1340.4,2278,1336.9,2263.4,1324.4,2248.85,1312.6,2238.4
5-21,Uninfected,No_comment,Polygon,20,1389,2277.3,1381.35,2278,1370.95,2279.4,1359.15,2284.95,1352.9,2295.35,1346.65,2391.2,1364,2411.35,1375.8,2416.9,1395.25,2421.75,1412.6,2419.7,1427.9,2410.65,1441.8,2405.1,1457.75,2391.2,1466.8,2378,1461.2,2332.15,1454.3,2314.8,1443.15,2304.4,1431.35,2295.35,1418.15,2285.65,1408.45,2282.15
5-22,Uninfected,No_comment,Polygon,18,1794.6,2181.45,1780,2180.05,1770.3,2179.4,1755,2182.85,1741.1,2187.7,1730,2194.65,1718.9,2209.25,1712.65,2228,1708.45,2244.65,1715.4,2272.45,1735.55,2291.2,1761.25,2296.05,1784.85,2289.1,1805,2278,1821.7,2259.95,1827.95,2241.15,1829.3,2219.65,1820.3,2196.7
5-23,Uninfected,No_comment,Polygon,18,1889.75,2252.3,1873.1,2251.6,1859.2,2257.85,1839.05,2266.9,1821.7,2291.85,1813.35,2315.5,1813.35,2328.7,1814.75,2348.8,1825.85,2365.5,1843.2,2382.85,1865.45,2389.8,1885.6,2391.2,1909.9,2385.65,1932.8,2368.3,1955.7,2342.55,1962.65,2311.35,1950.85,2279.4,1921.7,2255.1
5-24,Uninfected,No_comment,Polygon,20,2024.5,2216.2,2010.6,2220.35,1993.25,2221.75,1972.4,2235.65,1958.5,2254.4,1961.3,2277.3,1971,2295.35,1985.6,2310.65,1998.1,2320.35,2017.55,2326.6,2039.05,2326.6,2055.75,2321.75,2071.7,2312.75,2079.35,2303.7,2086.3,2289.8,2092.55,2273.15,2089.05,2248.85,2068.25,2222.45,2058.5,2218.25,2043.95,2215.5
5-25,Uninfected,No_comment,Polygon,25,1991.15,2066.85,1978.65,2071.75,1969.6,2078,1961.95,2086.3,1954.35,2098.1,1946.7,2115.5,1941.85,2142.55,1941.15,2165.5,1959.2,2190.45,1982.8,2202.3,2005.05,2205.75,2026.55,2207.15,2047.4,2198.85,2062,2189.1,2071,2175.2,2073.1,2159.25,2071,2141.2,2066.85,2128.7,2064.05,2118.25,2064.75,2109.25,2062,2093.25,2050.2,2078.65,2035.6,2066.85,2019.6,2064.1,2009.2,2064.1
5-26,Uninfected,No_comment,Polygon,26,1873.75,2053.65,1866.15,2055.05,1856.4,2058.55,1846.7,2062.7,1841.8,2068.25,1832.1,2078,1825.15,2089.05,1822.4,2103.7,1822.4,2116.85,1818.2,2129.35,1814.05,2141.2,1814.05,2161.3,1823.75,2178,1839.75,2193.25,1861.25,2200.2,1880.7,2198.85,1898.1,2191.2,1911.95,2178,1922.4,2160.65,1928.65,2148.8,1932.8,2137,1937.65,2105.75,1936.95,2086.3,1927.95,2066.85,1905.7,2055.05,1884.9,2054.35
5-27,Uninfected,No_comment,Polygon,25,1742.5,2043.95,1730,2047.4,1714.7,2055.05,1706.4,2062,1697.35,2070.35,1686.25,2084.9,1682.1,2100.2,1680,2114.8,1680,2129.35,1688.35,2142.55,1699.45,2150.9,1714.7,2165.5,1731.4,2171.05,1753.6,2173.15,1769.6,2166.9,1782.8,2163.4,1796,2155.05,1802.95,2146,1806.4,2118.25,1811.25,2091.85,1811.95,2073.8,1798.75,2059.25,1784.85,2047.4,1773.75,2043.95,1761.95,2043.25
5-28,Uninfected,No_comment,Polygon,20,1386.25,2466.9,1369.55,2472.5,1359.8,2482.2,1348.75,2496.8,1343.9,2508.6,1341.8,2527.35,1341.8,2548.85,1351.5,2566.25,1366.05,2579.45,1382.1,2586.4,1401.5,2587.75,1420.95,2588.45,1437.65,2581.5,1450.85,2571.1,1462.65,2556.5,1466.75,2532.2,1466.75,2510,1451.55,2483.6,1427.9,2464.15,1407.1,2461.35
5-29,Uninfected,No_comment,Polygon,25,1546.7,2585.7,1534.85,2591.25,1524.4,2600.25,1521,2614.15,1519.6,2630.85,1526.55,2648.9,1534.2,2670.4,1546,2681.55,1596.7,2694.05,1625.1,2696.1,1641.85,2692.65,1650.15,2680.15,1660.6,2666.25,1661.25,2655.85,1661.25,2638.45,1653.65,2625.95,1647.4,2616.95,1637.6,2605.15,1625.8,2592.65,1616.8,2585,1609.9,2582.9,1600.8,2580.15,1589.05,2580.15,1581.35,2582.9,1570.3,2585
5-30,Uninfected,No_comment,Polygon,21,1730.05,2644.7,1716.85,2652.35,1698.1,2657.9,1685.6,2665.55,1674.45,2677.35,1671,2694.05,1669.55,2707.2,1668.2,2728.75,1679.35,2753.05,1691.85,2762.8,1718.9,2776,1735.6,2776,1753.65,2769.05,1770.95,2758.6,1781.4,2747.5,1798.1,2716.95,1798.8,2682.2,1785.6,2653.05,1766.15,2641.25,1754.35,2641.25,1744.6,2641.25
5-31,Uninfected,No_comment,Polygon,28,1734.15,2506.5,1723.1,2500.95,1705.05,2496.8,1688.3,2497.5,1668.9,2504.4,1658.5,2510,1647.4,2519,1641.85,2527.35,1630.7,2541.95,1628.65,2555.1,1631.35,2572.5,1638.3,2587.75,1649.45,2601.65,1659.2,2612.75,1670.25,2628.05,1678.65,2636.4,1694.6,2641.95,1714,2639.15,1732.1,2636.4,1754.35,2628.05,1766.85,2616.95,1770.95,2603.05,1764.7,2585,1764.05,2573.9,1762,2559.3,1762,2535,1754.35,2523.85,1745.3,2514.85
5-32,Uninfected,No_comment,Polygon,26,1805.75,2496.1,1792.55,2507.9,1781.4,2518.3,1775.15,2538.45,1773.8,2553.05,1780.05,2569.7,1784.85,2595.4,1792.55,2608.6,1809.15,2619.7,1821.65,2625.25,1838.4,2628.75,1855.75,2621.8,1871,2613.45,1881.45,2605.8,1892.5,2594,1898.75,2577.35,1904.3,2557.2,1900.9,2541.95,1897.35,2524.55,1887,2509.3,1877.95,2500.25,1865.45,2491.9,1852.25,2489.15,1841.1,2488.45,1826.55,2488.45,1821,2490.55
5-33,Uninfected,No_comment,Polygon,25,1557.8,2697.5,1547.35,2697.5,1535.55,2698.9,1522.35,2707.9,1511.2,2719.75,1503.6,2737.1,1498.05,2757.25,1502.9,2776,1514.75,2797.5,1530.65,2816.25,1555,2822.5,1574.4,2819.75,1590.45,2816.95,1609.2,2821.8,1631.35,2815.55,1645.25,2808.6,1652.95,2795.45,1659.9,2778.05,1661.95,2760.7,1659.9,2740.55,1647.4,2720.4,1636.25,2710,1625.8,2705.85,1604.3,2701.65,1586.9,2698.2
5-34,Uninfected,No_comment,Polygon,33,1722.45,2815.6,1713.35,2815.6,1701.55,2816.25,1691.15,2821.15,1679.35,2823.2,1674.45,2828.1,1666.85,2834.35,1662.65,2837.8,1658.55,2846.15,1656.4,2853.1,1655.7,2861.4,1652.95,2871.15,1650.85,2889.2,1650.15,2898.9,1649.45,2910.05,1650.15,2926,1655.7,2935.05,1675.85,2948.9,1691.85,2960.75,1707.1,2962.8,1718.2,2956.55,1740.45,2950.3,1748.1,2946.15,1759.2,2935.75,1767.55,2925.3,1774.5,2903.1,1775.2,2894.75,1774.5,2875.3,1770.3,2860,1762.65,2844.75,1754.35,2830.85,1744.6,2821.85,1737,2818.35
5-35,Uninfected,No_comment,Polygon,19,1868.95,2700.3,1862,2705.85,1853.65,2714.85,1846.7,2723.2,1841.85,2732.95,1841.15,2746.8,1841.15,2765.55,1840.45,2782.25,1851.55,2807.25,1875.2,2827.4,1898.1,2837.8,1938.4,2826,1960.6,2805.85,1971.7,2789.2,1971.7,2755.15,1962,2726.7,1932.85,2695.4,1910.6,2689.15,1891.85,2690.55
5-36,Uninfected,No_comment,Polygon,18,1900.85,2853.75,1890.45,2855.15,1873.85,2857.95,1853.65,2876,1840.45,2894.75,1836.35,2923.25,1838.4,2939.9,1848.85,2960.75,1859.9,2972.55,1877.25,2980.85,1905.8,2981.55,1919.65,2976.7,1936.3,2964.2,1949.5,2946.15,1955.75,2916.3,1953.65,2896.85,1941.85,2876.7,1925.9,2862.8
5-37,Uninfected,No_comment,Polygon,21,2041.2,2855.85,2021.75,2867.65,2007.85,2885.7,2000.95,2905.15,2004.35,2919.75,2013.45,2930.85,2028,2942,2040.5,2948.25,2053.7,2957.95,2060.6,2966.3,2076.65,2971.15,2093.25,2971.85,2107.15,2963.5,2120.35,2954.5,2130.75,2944.05,2136.35,2931.55,2139.1,2909.35,2127.35,2871.85,2107.85,2858.65,2087.7,2848.9,2071.1,2848.2
5-38,Uninfected,No_comment,Polygon,24,2113.4,2712.8,2080.05,2715.55,2059.95,2721.1,2042.55,2737.1,2037.7,2751,2034.95,2766.95,2036.3,2783.65,2044.65,2800.3,2050.2,2815.6,2064.15,2830.15,2078.7,2840.6,2118.95,2854.45,2136.35,2854.45,2144.65,2844.75,2149.5,2834.35,2149.5,2821.85,2152.3,2810,2155.1,2796.15,2157.85,2785,2160.6,2773.9,2159.95,2760,2148.85,2743.35,2137.7,2728.05,2124.5,2716.95
5-39,Uninfected,No_comment,Polygon,28,2223.85,2737.1,2212.7,2749.6,2199.55,2757.95,2188.4,2768.35,2179.4,2786.4,2169.65,2805.85,2164.1,2818.35,2157.85,2831.55,2153.7,2838.5,2148.15,2851,2145.35,2866.3,2148.15,2878.8,2155.75,2893.35,2161.35,2900.3,2182.15,2902.4,2198.15,2898.2,2207.15,2889.9,2213.4,2875.3,2222.5,2863.5,2234.25,2837.8,2246.75,2816.95,2259.95,2793.35,2277.3,2769.05,2281.5,2747.5,2267.6,2726.7,2259.25,2722.5,2249.55,2723.2,2238.4,2727.35
5-40,Uninfected,No_comment,Polygon,20,2200.9,2575.25,2179.4,2583.6,2164.1,2596.8,2149.5,2612.8,2142.6,2628.05,2139.1,2645.4,2139.8,2660.7,2144.65,2678.75,2155.75,2692.65,2171.05,2706.55,2185,2713.5,2214.1,2715.55,2235,2711.4,2252.3,2701,2265.5,2682.9,2270.35,2654.45,2269,2631.55,2259.95,2597.5,2241.95,2579.45,2228.75,2573.2
5-41,Uninfected,No_comment,Polygon,22,2321.1,2591.05,2309.8,2600.85,2298.55,2608.35,2286.5,2623.35,2282.75,2641.4,2280.5,2660.25,2282.75,2678.25,2291.05,2692.55,2299.3,2705.35,2316.6,2718.9,2339.9,2727.9,2366.2,2712.85,2387.25,2706.85,2399.3,2690.3,2408.3,2676,2409.85,2649.7,2406.8,2629.4,2391.05,2602.3,2376.75,2591.05,2361.7,2583.5,2346.65,2583.5,2341.4,2585.85
5-42,Uninfected,No_comment,Polygon,23,2497.8,2451.2,2487.25,2448.25,2478.25,2447.5,2458.7,2449.7,2448.2,2460.2,2437.65,2472.25,2432.4,2482.8,2427.1,2499.3,2427.1,2515.85,2427.85,2533.15,2430.9,2549.7,2440.65,2563.2,2454.2,2573,2466.2,2579,2479.75,2582.75,2500.05,2582,2515.1,2580.55,2539.9,2559.45,2554.95,2542.2,2557.95,2506.15,2549.7,2480.5,2531.65,2456.45,2515.85,2449
5-43,Uninfected,No_comment,Polygon,31,2386.5,2381.25,2361.7,2373.75,2354.95,2373.75,2348.9,2380.5,2342.15,2388.85,2337.65,2397.05,2335.4,2405.3,2332.4,2421.1,2330.9,2436.15,2332.4,2449,2337.65,2461.7,2343.65,2472.25,2351.2,2483.5,2366.95,2497.8,2381.25,2506.15,2393.3,2509.85,2407.55,2510.6,2417.35,2506.15,2421.85,2497.8,2423.35,2488.8,2422.6,2476,2428.65,2466.2,2439.15,2454.95,2447.4,2446.65,2454.95,2441.4,2462.45,2433.9,2463.2,2424.15,2440.65,2390.3,2427.85,2382.75,2424.1,2380.5,2412.85,2380.5
5-44,Uninfected,No_comment,Polygon,26,2251.95,2341.4,2239.9,2346.65,2232.4,2353.45,2225.6,2364,2222.6,2378.25,2222.6,2391.8,2224.1,2403.1,2227.85,2415.1,2239.9,2427.95,2254.2,2439.15,2272.25,2445.15,2291.05,2445.9,2305.3,2436.15,2316.6,2425.6,2321.1,2413.6,2323.35,2404.6,2324.85,2394.05,2323.35,2379.75,2318.85,2365.45,2315.1,2358.7,2306.05,2347.4,2299.3,2343.7,2293.3,2340.65,2285.75,2339.15,2277.5,2337.65,2272.25,2337.65
5-45,Uninfected,No_comment,Polygon,35,2317.35,2754.2,2310.6,2752.7,2300.8,2755.7,2294.8,2760.95,2288,2769.25,2282,2776,2267.7,2800.05,2222.6,2886.55,2221.1,2904.6,2236.15,2916.65,2244.4,2922.65,2251.95,2927.9,2262.45,2928.65,2276,2927.9,2289.5,2925.65,2301.55,2923.4,2309.8,2924.9,2321.85,2924.9,2333.9,2921.2,2336.9,2919.7,2337.65,2909.1,2333.9,2897.05,2331.65,2885.8,2330.9,2867.75,2331.65,2857.25,2335.4,2842.25,2341.4,2827.15,2345.9,2820.35,2350.45,2812.85,2351.95,2804.6,2352.7,2796.3,2352.7,2788.05,2348.9,2773.75,2344.4,2769.25,2341.4,2765.5
5-46,Uninfected,No_comment,Polygon,22,2404.55,2794.05,2398.55,2794.05,2382.75,2800.05,2366.2,2810.6,2353.45,2830.15,2345.9,2867.75,2347.4,2893.3,2354.2,2919.7,2371.5,2937.65,2392.55,2939.2,2415.1,2932.4,2424.85,2926.4,2437.65,2927.15,2453.45,2921.9,2468.5,2907.6,2476.75,2896.35,2476,2873,2466.95,2843,2459.45,2824.15,2445.9,2807.6,2433.9,2798.55,2430.9,2796.3
5-47,Uninfected,No_comment,Polygon,42,2502.3,2785.8,2493.3,2793.3,2488.8,2799.3,2485,2809.1,2479.75,2819.6,2479,2828.65,2479.75,2838.4,2484.25,2850.45,2488.05,2861.8,2490.3,2873.75,2491.05,2883.55,2491.05,2894.8,2491.05,2903.85,2495.55,2910.6,2504.55,2915.15,2512.85,2918.1,2521.85,2918.85,2531.65,2916.65,2534.65,2912.85,2547.45,2902.35,2557.2,2898.55,2566.2,2896.35,2575.25,2891.8,2585,2888.8,2591.8,2885.8,2599.3,2880.6,2605.3,2873.75,2609.1,2864.75,2609.1,2854.95,2600.8,2839.15,2594.05,2828.65,2585.75,2817.4,2577.5,2803.85,2572.25,2794.05,2566.2,2785.05,2557.95,2779.75,2552.7,2778.3,2545.9,2775.25,2541.4,2774.5,2536.15,2775.25,2527.9,2776.75,2523.35,2778.3
5-48,Uninfected,No_comment,Polygon,32,2656.45,2672.25,2647.45,2673.75,2634.65,2673.75,2621.85,2676.75,2612.85,2682.75,2600.05,2695.55,2592.55,2706.85,2586.55,2721.85,2581.25,2736.15,2577.5,2751.2,2583.5,2768.5,2588.8,2786.55,2594.05,2797.85,2602.3,2812.1,2613.6,2824.15,2624.85,2836.95,2638.4,2840.65,2651.2,2842.25,2663.2,2836.2,2673.75,2823.4,2681.25,2809.1,2686.55,2794.8,2691.05,2780.5,2696.3,2773.75,2703.8,2767,2712.85,2755.7,2716.6,2739.2,2714.35,2724.2,2703.8,2703.9,2694.05,2688.8,2682.75,2681.25,2679,2678.25
5-49,Uninfected,No_comment,Polygon,33,2725.65,2772.25,2713.6,2779,2703.05,2787.3,2697.05,2802.4,2693.3,2812.85,2686.55,2821.95,2675.25,2832.4,2669.25,2843.7,2667,2861.05,2668.5,2870,2674.5,2883.55,2679.75,2893.3,2689.55,2902.35,2703.05,2906.85,2725.65,2907.6,2737.65,2904.6,2746.7,2899.3,2752.7,2890.3,2760.2,2879.75,2769.95,2866.2,2775.25,2851.95,2785.8,2845.95,2797.8,2841.5,2806.85,2834.65,2812.85,2824.9,2811.35,2810.6,2807.6,2797.1,2801.55,2785.8,2790.3,2776,2778.25,2767,2764,2766.25,2758.7,2766.25,2745.2,2768.5
5-50,Uninfected,No_comment,Polygon,28,2827.9,2612.85,2811.35,2608.35,2793.3,2618.1,2785.05,2630.15,2776,2647.45,2773.75,2665.55,2773,2684.35,2775.25,2699.35,2788.8,2716.6,2803.85,2732.4,2819.6,2743,2836.9,2744.5,2846.7,2741.4,2861.75,2738.45,2873,2730.15,2879.75,2721.85,2885.05,2713.6,2890.3,2705.35,2894.05,2694.8,2896.3,2683.6,2897.05,2669.25,2891.8,2655.7,2885.05,2638.4,2878.25,2625.7,2872.25,2621.15,2864,2616.6,2860.2,2614.35,2854.2,2613.6
5-51,Uninfected,No_comment,Polygon,19,2670.75,2342.15,2662.45,2351.95,2655.7,2366.2,2651.95,2377.5,2651.2,2391.05,2651.2,2409.85,2654.95,2432.4,2675.25,2453.45,2706.1,2457.95,2734.65,2461.7,2758.7,2439.9,2769.25,2413.6,2773.75,2387.25,2767.75,2368.55,2754.95,2349.75,2740.65,2337.65,2721.85,2330.2,2705.35,2328.6,2690.3,2334.65
5-52,Uninfected,No_comment,Polygon,25,2813.6,2459.45,2785.05,2460.2,2770,2465.45,2756.45,2473,2748.2,2482.8,2741.4,2497.05,2736.9,2520.35,2740.65,2535.4,2748.2,2554.95,2757.2,2567.05,2767.75,2582,2778.25,2588.8,2797.05,2595.55,2816.6,2601.6,2847.45,2601.6,2868.5,2596.3,2881.25,2587.3,2889.55,2575.25,2890.3,2560.2,2890.3,2547.5,2882.05,2527.95,2871.5,2503.8,2858.7,2486.6,2845.95,2472.25,2835.4,2467.05
5-53,Uninfected,No_comment,Polygon,33,2918.85,2381.25,2903.85,2382.75,2888.05,2385.75,2878.25,2392.55,2867,2406.05,2856.45,2421.85,2855.7,2436.9,2854.95,2454.2,2859.45,2469.25,2869.25,2481.25,2876,2493.3,2882.05,2505.3,2887.3,2521.9,2891.8,2535.4,2898.55,2550.45,2909.1,2560.2,2917.35,2568.5,2936.15,2570.75,2954.95,2563.95,2963.25,2552.7,2965.5,2542.2,2961.75,2527.2,2953.45,2518.85,2944.45,2507.65,2939.9,2498.55,2935.4,2482.05,2931.65,2465.45,2932.4,2451.2,2937.65,2435.4,2939.9,2424.15,2945.95,2412.1,2946.7,2400.05,2941.45,2391.05
5-54,Uninfected,No_comment,Polygon,23,3048.2,2753.5,3036.2,2759.5,3025.65,2767.8,3020.35,2775.3,3014.4,2791.1,3015.9,2811.4,3015.9,2826.45,3022.6,2842.2,3030.2,2855,3048.2,2870.8,3064.05,2880.55,3090.35,2884.3,3119.6,2867.8,3130.2,2839.95,3133.95,2816.65,3132.45,2797.85,3126.4,2782.8,3118.85,2773.8,3107.6,2763.25,3098.6,2756.5,3086.55,2753.5,3079.05,2752.75,3068.5,2752.75
5-55,Uninfected,No_comment,Polygon,34,3162.55,2817.4,3154.25,2822.65,3143.7,2830.2,3142.15,2836.2,3140.65,2844.45,3139.15,2852.75,3133.2,2861,3126.4,2869.3,3118.15,2879.05,3114.4,2887.35,3111.4,2900.85,3111.4,2914.4,3112.9,2926.45,3121.1,2938.45,3131.7,2950.5,3155.75,2970.05,3198.55,2975.3,3221.1,2969.3,3233.95,2961,3247.5,2949.75,3253.5,2933.95,3255.75,2915.9,3252.75,2903.1,3246.75,2881.3,3245.2,2869.3,3239.15,2854.25,3235.45,2843.7,3230.2,2832.45,3223.4,2825.65,3217.35,2820.4,3206.1,2816.65,3197.8,2812.9,3184.3,2812.15,3182.1,2812.15
5-56,Uninfected,No_comment,Polygon,37,3282.05,2806.1,3276.75,2803.1,3265.5,2812.15,3258.7,2816.65,3249.75,2829.45,3247.5,2843.7,3255.75,2864.75,3259.45,2906.15,3273.05,2936.95,3282.05,2944.5,3297.05,2949,3306.15,2949,3312.9,2943.7,3321.9,2933.2,3329.45,2924.95,3339.15,2918.9,3348.25,2919.65,3362.5,2921.15,3375.25,2921.15,3386.6,2921.9,3394.8,2922.65,3400.85,2916.65,3403.1,2907.65,3397.8,2902.35,3392.6,2899.35,3384.35,2895.6,3370.8,2892.6,3364.8,2889.6,3356.45,2882.8,3346,2870.05,3335.4,2860.25,3327.2,2852,3321.15,2841.45,3316.6,2830.95,3311.4,2821.15,3304.6,2815.15,3300.15,2811.4
5-57,Uninfected,No_comment,Polygon,35,3364,2749,3357.2,2751.25,3351.25,2758.75,3346,2764,3341.45,2770.05,3336.9,2775.3,3333.95,2779.8,3329.45,2787.35,3324.9,2794.1,3324.15,2801.6,3324.15,2810.65,3330.2,2821.15,3339.15,2836.95,3348.25,2848.25,3364.8,2866.3,3373.05,2874.55,3380.55,2882.8,3403.9,2891.1,3417.35,2896.35,3425.7,2895.6,3434.65,2894.85,3442.2,2889.6,3449.75,2881.3,3454.2,2873.05,3463.3,2857.25,3469.3,2846,3473.05,2837.7,3474.5,2821.15,3470.8,2800.85,3465.55,2788.1,3452.75,2774.55,3442.2,2765.5,3424.95,2754.25,3415.1,2749,3403.1,2748.25
5-58,Uninfected,No_comment,Polygon,27,3526.45,2815.9,3514.35,2821.9,3503.15,2823.4,3494.05,2832.45,3485.85,2842.2,3482.05,2852.75,3477.6,2867.8,3475.25,2880.55,3473.75,2901.6,3473.05,2915.15,3491.1,2935.45,3517.4,2949,3546,2954.25,3573,2945.25,3588.1,2939.2,3595.65,2930.2,3603.9,2919.65,3609.9,2903.85,3610.65,2891.85,3609.15,2878.3,3600.1,2859.5,3593.3,2846.75,3582.85,2836.2,3573.75,2829.45,3564.8,2824.15,3558,2821.15,3545.25,2818.15
5-59,Uninfected,No_comment,Polygon,30,3490.35,2546.7,3479.05,2545.2,3473.75,2545.2,3463.3,2545.95,3458.75,2548.95,3452,2552.75,3447.5,2556.5,3441.45,2564,3430.2,2577.55,3422.65,2585.05,3416.6,2594.1,3416.6,2600.85,3418.1,2627.15,3418.9,2640.7,3426.45,2659.5,3436.15,2674.55,3444.5,2685.05,3458.75,2691.85,3472.3,2692.6,3493.3,2682.8,3505.4,2675.3,3515.1,2665.5,3524.2,2658.75,3530.95,2645.2,3528.7,2625.65,3534.65,2612.15,3536.15,2594.1,3534.65,2578.3,3518.9,2564,3507.65,2555
5-60,Uninfected,No_comment,Polygon,19,3360.25,2462.5,3357.2,2467,3340.7,2473.8,3328.7,2479.8,3306.15,2499.35,3297.05,2511.4,3291.1,2546.7,3303.1,2568.5,3315.85,2582.8,3333.95,2591.85,3356.45,2591.85,3378.25,2592.6,3395.55,2585.8,3409.15,2575.3,3438.5,2547.45,3442.2,2518.9,3430.2,2483.55,3413.65,2468.5,3394.1,2464.75
5-61,Uninfected,No_comment,Polygon,18,3197.8,2498.6,3176.05,2492.6,3162.55,2497.85,3147.45,2506.1,3136.2,2522.65,3124.9,2561,3133.95,2586.55,3155,2607.6,3181.25,2621.9,3207.65,2625.65,3235.45,2617.4,3254.25,2601.6,3264,2585.8,3262.5,2563.25,3256.45,2545.2,3246.75,2527.15,3241.5,2517.4,3226.4,2505.35
5-62,Uninfected,No_comment,Polygon,19,2990.35,2394.1,2975.3,2397.1,2963.95,2405.35,2951.25,2426.4,2948.2,2449.7,2946,2470.75,2949.7,2492.6,2963.2,2517.4,2987.3,2533.95,3013.65,2533.95,3032.45,2524.15,3046.7,2513.65,3061.7,2500.85,3072.3,2476.05,3075.3,2453.5,3070.05,2428.65,3060.2,2414.4,3042.15,2400.85,3024.1,2396.35
5-63,Uninfected,No_comment,Polygon,22,3297.05,2365.5,3282.8,2367,3267.05,2368.5,3255,2375.3,3245.95,2385.05,3237.65,2397.85,3234.7,2411.35,3233.2,2430.15,3233.95,2444.45,3243.7,2468.5,3255.75,2482.05,3283.55,2491.85,3300.85,2491.85,3318.85,2478.3,3338.4,2467.75,3356.45,2453.5,3367.8,2443.7,3371.55,2427.15,3364,2406.85,3354.95,2387.3,3338.4,2375.3,3325.7,2372.25
5-64,Uninfected,No_comment,Polygon,27,3588.85,2577.35,3567.75,2586.3,3556.3,2596.05,3546.55,2618.8,3540.85,2639.9,3544.95,2671.65,3557.9,2695.25,3570.95,2706.65,3579.85,2714.7,3598.55,2718.85,3611.6,2721.25,3625.4,2722.1,3637.6,2714.7,3650.65,2708.2,3656.3,2700.15,3662,2691.2,3662.8,2678.2,3666.85,2668.4,3670.95,2657.85,3673.35,2647.3,3675,2637.5,3669.35,2620.45,3663.6,2609.05,3652.25,2595.25,3640.85,2587.05,3629.45,2582.25,3618.1,2576.55
5-65,Uninfected,No_comment,Polygon,25,3715.65,2478.1,3701,2474.85,3683.15,2479,3666.05,2482.25,3649.8,2505,3641.7,2522.05,3639.2,2541.6,3641.7,2556.2,3652.25,2574.1,3663.6,2588.75,3677.45,2602.5,3687.2,2610.7,3704.25,2619.65,3730.3,2623.7,3754.7,2609.9,3772.55,2597.7,3780.7,2584.7,3783.95,2563.55,3783.95,2550.55,3779.05,2537.5,3772.55,2525.3,3766.1,2513.95,3757.1,2502.55,3749.8,2493.55,3738.4,2483.85
5-66,Uninfected,No_comment,Polygon,28,3870.95,2622.1,3855.5,2626.95,3841.7,2635.9,3834.4,2644.85,3827.05,2657.85,3824.6,2671.65,3822.2,2688.75,3820.55,2704.2,3821.35,2718,3828.65,2727.75,3846.55,2735.1,3862.8,2739.95,3878.3,2741.6,3893.75,2739.15,3911.6,2739.15,3921.4,2735.9,3931.95,2727.75,3940.1,2719.65,3947.45,2711.45,3953.9,2698.5,3953.05,2678.2,3951.45,2666.8,3942.5,2649.7,3936,2639.9,3927.05,2631.85,3921.4,2627.75,3904.3,2621.2,3896.15,2620.45
5-67,Uninfected,No_comment,Polygon,21,3712.4,2709.9,3706.75,2707.45,3690.45,2708.2,3675.85,2713.95,3662,2728.6,3651.4,2749.75,3649,2767.55,3651.4,2800.15,3670.1,2822.1,3687.2,2832.6,3707.5,2838.35,3731.95,2846.5,3758.75,2830.2,3774.2,2816.4,3779.05,2803.4,3781.55,2782.25,3781.55,2771.7,3769.35,2737.55,3760.35,2730.15,3746.55,2721.25,3736.8,2717.2
5-68,Uninfected,No_comment,Polygon,20,3869.3,2433.45,3858.75,2435.9,3843.3,2447.25,3834.4,2459.4,3829.5,2472.45,3827.85,2493.55,3830.3,2510.7,3837.65,2530.2,3847.35,2548.9,3868.55,2568.35,3904.3,2579.8,3941.7,2574.1,3965.3,2539.15,3973.4,2509,3963.65,2471.6,3944.95,2448.9,3932.75,2436.7,3918.9,2429.4,3899.4,2426.95,3886.4,2426.95
5-69,Uninfected,No_comment,Polygon,19,4018.15,2374.9,4005.1,2378.15,3985.6,2389.55,3975.85,2395.25,3966.1,2413.95,3962.05,2433.45,3966.9,2458.65,3988.05,2481.4,4007.55,2496.8,4031.1,2505.8,4050.65,2503.35,4071,2491.15,4087.2,2481.4,4097.8,2467.6,4103.5,2448.9,4104.3,2427.75,4092.1,2402.55,4071.75,2383.85,4050.65,2374.9
5-70,Uninfected,No_comment,Polygon,25,3745.75,2331.75,3728.7,2327.75,3716.5,2316.3,3701.85,2316.3,3688.05,2318,3675,2322.05,3661.2,2333.45,3652.25,2345.65,3647.35,2358.65,3643.3,2381.35,3648.15,2405,3651.4,2420.45,3669.35,2441.6,3688.8,2454.6,3711.6,2464.35,3736,2463.55,3757.1,2449.7,3774.2,2438.3,3786.4,2428.55,3793.7,2417.2,3795.35,2392,3788.85,2368.4,3783.15,2352.95,3766.95,2340.75,3761.2,2339.15
5-71,Uninfected,No_comment,Polygon,27,3718.9,2189.55,3701,2198.45,3689.65,2205,3684.75,2215.55,3679.1,2226.95,3676.7,2240.75,3676.7,2255.4,3683.95,2270,3689.65,2282.2,3697.8,2295.25,3710.75,2306.6,3725.45,2314.75,3740.9,2321.25,3762,2322.05,3783.15,2316.3,3796.15,2303.35,3807.55,2287.1,3811.6,2270,3811.6,2253.75,3806.75,2235.85,3801,2222.8,3792.1,2209.85,3782.3,2200.1,3766.95,2192.8,3757.95,2191.15,3748.25,2189.55,3735.15,2187.9
5-72,Uninfected,No_comment,Polygon,28,3514.85,2176.5,3508.3,2175.7,3494.5,2175.7,3485.55,2178.15,3475.8,2182.2,3463.6,2187.1,3451.45,2195.2,3441.65,2205.8,3435.15,2215.55,3429.45,2233.45,3430.25,2248.9,3435.15,2261.9,3443.3,2276.5,3460.35,2297.6,3470.15,2305.8,3487.2,2313.95,3511.55,2319.6,3536,2310.65,3549.8,2298.5,3565.25,2284.65,3576.6,2270.85,3578.25,2252.15,3576.6,2231.8,3572.55,2214.75,3563.65,2201.7,3556.3,2193.6,3548.95,2186.25,3538.4,2183.85
5-73,Uninfected,No_comment,Polygon,33,3406.7,2265.95,3401,2261.9,3383.15,2261.9,3370.95,2263.45,3358.7,2266.75,3344.1,2278.15,3337.6,2284.65,3327.05,2300.1,3325.4,2304.15,3318.1,2322.85,3321.3,2334.25,3326.2,2344.8,3332.7,2355.4,3349,2368.4,3362.8,2376.55,3375,2380.6,3383.15,2379.8,3405.1,2372.45,3422.15,2381.05,3440.85,2380.6,3453.05,2378.15,3462,2376.55,3470.9,2371.65,3477.5,2362.7,3480.7,2346.45,3480.7,2332.65,3473.4,2320.45,3462,2308.25,3449.8,2301.75,3440,2297.6,3434.35,2288.7,3426.2,2278.15,3418.05,2274.1
5-74,Uninfected,No_comment,Polygon,29,3160.35,2270.85,3150.55,2270.85,3138.4,2274.1,3131.85,2277.35,3125.35,2286.3,3116.5,2298.5,3110.75,2310.65,3107.5,2323.7,3107.5,2334.25,3107.5,2344,3111.55,2354.6,3118.9,2364.35,3127,2370.05,3135.2,2378.15,3148.15,2387.1,3158.7,2392,3170.9,2395.25,3188.8,2395.25,3205.05,2392.8,3222.1,2384.6,3231.9,2374.9,3235.95,2358.65,3237.55,2344.8,3237.55,2331.75,3233.5,2317.2,3224.6,2303.35,3216.45,2293.6,3208.3,2284.65,3183.95,2275.65
5-75,Uninfected,No_comment,Polygon,21,4041.7,2231.8,4028.7,2231.8,4014.05,2233.45,4002.7,2239.95,3988.85,2251.3,3978.25,2269.2,3980.75,2302.55,3995.35,2325.3,4006.75,2339.15,4023,2352.15,4047.4,2357,4069.35,2360.25,4088.05,2356.2,4105.15,2349.7,4126.25,2329.35,4132.75,2312.3,4129.5,2269.2,4114.85,2251.3,4103.5,2244,4091.3,2241.5,4077.5,2239.95
5-76,Uninfected,No_comment,Polygon,21,4051.5,2097.65,4038.45,2103.35,4025.45,2109.85,4018.95,2122.85,4014.1,2133.45,4010.8,2148,4011.65,2165.95,4013.25,2181.4,4023,2198.45,4035.2,2209.05,4052.3,2219.55,4070.2,2221.25,4090.5,2221.25,4102.7,2213.1,4118.15,2200.1,4130.35,2178.15,4123.05,2142.35,4110.85,2123.65,4101.9,2116.35,4087.25,2109.05,4076.7,2104.95
5-77,Uninfected,No_comment,Polygon,22,3803.5,2025.3,3792.1,2022.85,3777.5,2017.95,3763.65,2022.85,3744.15,2030.15,3734.4,2037.5,3726.25,2051.3,3720.55,2073.25,3724.65,2098.45,3734.4,2115.55,3746.6,2129.3,3762.05,2140.75,3784,2144.8,3801.05,2146.45,3824.65,2141.55,3841.7,2127.75,3847.4,2109.05,3850.65,2086.25,3848.2,2068.4,3844.95,2054.55,3837.65,2048.05,3829.5,2039.95
5-78,Uninfected,No_comment,Polygon,21,3584.8,2063.5,3576.65,2058.65,3553.05,2053.75,3535.2,2059.45,3512.4,2066.75,3500.2,2081.4,3495.35,2094.4,3492.9,2113.1,3497.8,2131.8,3511.6,2152.15,3530.3,2165.95,3547.4,2171.65,3567.7,2174.1,3586.4,2170,3601.85,2161.9,3617.3,2142.35,3619.75,2131.8,3622.2,2114.75,3621.35,2100.1,3614.85,2086.25,3602.65,2074.9
5-79,Uninfected,No_comment,Polygon,21,3417.3,1954.55,3404.3,1945.6,3383.95,1944.8,3367.7,1952.95,3353.85,1965.1,3345.75,1983.85,3341.65,1997.65,3341.65,2010.65,3343.3,2026.9,3344.95,2041.55,3353.05,2057.75,3370.95,2074.1,3387.2,2087.1,3406.7,2092.8,3445.75,2089.5,3462.8,2074.1,3476.65,2056.2,3479.1,2036.65,3467.7,2017.15,3452.25,1994.4,3438.45,1968.4
5-80,Uninfected,No_comment,Polygon,25,3378.25,2131.8,3367.7,2130.2,3353.05,2129.3,3336,2129.3,3323.8,2137.5,3314.85,2147.25,3307.55,2160.25,3304.25,2172.45,3305.1,2184.65,3303.45,2200.85,3304.25,2214.75,3314.05,2231,3321.35,2236.7,3332.75,2244.8,3350.6,2251.3,3364.45,2252.15,3380.7,2253.75,3400.2,2248.9,3409.95,2239.95,3420.55,2228.55,3425.4,2213.1,3427.05,2195.2,3425.4,2177.35,3410.8,2155.4,3400.2,2141.55
5-81,Uninfected,No_comment,Polygon,23,3248.15,2057.75,3227.85,2059.45,3214,2068.4,3204.25,2078.15,3196.15,2084.65,3183.95,2100.1,3174.2,2113.1,3168.5,2121.25,3172.55,2154.55,3177.45,2170.85,3188.8,2192.8,3227.05,2190.35,3255.5,2186.3,3275.8,2169.2,3292.1,2156.2,3300.2,2146.45,3306.7,2135.05,3308.35,2117.15,3305.1,2100.9,3299.4,2089.5,3290.45,2078.95,3280.7,2071.65,3270.1,2064.3
5-82,Uninfected,No_comment,Polygon,23,3469.35,1843.1,3449,1847.25,3433.55,1850.5,3428.65,1864.3,3418.1,1877.25,3416.5,1893.6,3422.15,1912.3,3443.3,1943.2,3462.8,1947.25,3488.05,1944.8,3499.4,1944.8,3514.05,1951.3,3536,1956.2,3553.05,1950.5,3565.25,1936.65,3567.7,1920.4,3568.5,1904.15,3562,1890.3,3550.65,1878.15,3540.05,1867.55,3523.8,1854.55,3515.65,1847.25,3499.4,1839.1
5-83,Uninfected,No_comment,Polygon,19,3575.85,1760.25,3553.05,1766.75,3537.6,1780.55,3526.25,1805.7,3524.6,1828.55,3543.3,1851.3,3562.85,1864.3,3571.75,1891.95,3599.4,1900.1,3637.65,1895.95,3650.65,1879.75,3668.55,1855.35,3678.3,1839.1,3686.4,1814.7,3678.3,1786.25,3664.45,1775.7,3641.7,1758.6,3614.85,1757,3600.25,1754.55
5-84,Uninfected,No_comment,Polygon,27,3723.8,1831.8,3714.85,1833.4,3697.8,1835.85,3679.9,1848.85,3665.25,1867.55,3662.85,1888.7,3662.85,1909,3669.35,1926.9,3675.85,1939.9,3699.4,1960.25,3723.8,1966.75,3742.5,1967.5,3755.5,1962.7,3766.1,1956.2,3776.65,1946.4,3784.8,1935.05,3788.85,1916.35,3793.75,1893.6,3788.05,1877.25,3781.55,1864.3,3774.2,1854.55,3769.35,1848.85,3762.85,1845.6,3755.5,1842.35,3753.1,1839.85,3750.65,1839.1,3750.55,1839.1
5-85,Uninfected,No_comment,Polygon,22,4112.45,1918.8,4106.75,1916.35,4086.45,1914.65,4062.05,1912.3,4047.4,1916.35,4034.4,1920.4,4018.15,1931.8,4007.55,1945.6,4001.9,1972.45,4009.2,1991.95,4021.4,2008.2,4034.4,2022.05,4048.25,2024.5,4078.3,2032.6,4105.95,2032.6,4132.8,2013.9,4142.55,2004.15,4145.8,1990.35,4145.8,1974.9,4141.75,1959.45,4132.8,1942.35,4125.45,1928.55
5-86,Uninfected,No_comment,Polygon,21,4241.75,1951.3,4218.15,1954.55,4197.85,1961.05,4187.25,1970,4178.3,1983,4175.05,1996.85,4174.25,2011.45,4181.55,2030.15,4192.15,2044.8,4203.5,2053.75,4222.2,2069.2,4247.45,2072.45,4271,2067.55,4283.2,2057.75,4294.6,2044.8,4301.9,2029.35,4302.7,2017.15,4302.7,1999.25,4291.35,1979.75,4279.95,1965.1,4267.75,1958.6
5-87,Uninfected,No_comment,Polygon,29,4200.25,1841.55,4188.05,1839.85,4179.95,1838.3,4172.6,1839.1,4159.6,1847.25,4149.05,1860.25,4143.35,1871.6,4139.3,1887.9,4146.55,1910.65,4159.6,1924.45,4175.9,1938.3,4191.3,1941.55,4210.05,1944,4227.9,1938.3,4236.8,1935.85,4247.45,1935.85,4262.05,1931.8,4270.2,1926.9,4278.3,1919.6,4284,1907.4,4285.65,1895.95,4285.65,1885.45,4282.4,1874.05,4272.65,1862.7,4262.85,1857.8,4253.1,1855.35,4248.25,1854.55,4234.4,1852.1,4223.85,1850.5
5-88,Uninfected,No_comment,Polygon,29,4253.1,1726.1,4245.8,1723.65,4234.4,1723.65,4222.2,1726.9,4208.4,1733.4,4195.4,1740.7,4189.7,1745.6,4183.2,1757,4181.55,1764.3,4179.95,1773.25,4179.15,1780.55,4179.15,1789.5,4179.15,1800.05,4189.7,1813.9,4205.15,1829.35,4220.6,1831.8,4235.25,1835.85,4252.3,1837.45,4274.25,1841.55,4292.95,1830.95,4304.35,1818.75,4305.95,1809,4305.95,1789.5,4306.8,1778.1,4299.45,1763.5,4295.4,1754.55,4290.5,1747.2,4282.4,1738.3,4277.5,1735.85
5-89,Uninfected,No_comment,Polygon,23,4107.6,1535,4080.75,1547.2,4065.3,1556.95,4053.95,1566.75,4042.55,1582.2,4036.85,1606.55,4041.75,1622,4057.2,1640.7,4076.7,1654.55,4097.85,1664.3,4114.1,1669.2,4135.25,1662.65,4158,1654.55,4174.25,1643.15,4183.2,1624.45,4185.65,1608.2,4184.85,1588.7,4175.15,1569.15,4165.3,1556.95,4156.45,1550.45,4150.7,1547.2,4141.75,1543.95,4128.75,1539.1
5-90,Uninfected,No_comment,Polygon,18,4012.45,1440.7,3993.75,1439.9,3978.3,1445.6,3962.05,1454.55,3950.65,1465.9,3940.1,1487.85,3940.9,1500.85,3946.6,1523.65,3954.75,1539.9,3968.55,1554.55,3997,1570.8,4019.8,1569.15,4044.15,1552.1,4058,1540.7,4077.5,1510.65,4075.9,1478.9,4058,1452.1,4041.75,1444.75
5-91,Uninfected,No_comment,Polygon,26,4222.25,1327.7,4207.6,1335.8,4198.65,1342.35,4183.2,1357.75,4173.45,1373.2,4171.8,1390.3,4175.15,1413.9,4188.1,1433.4,4204.35,1444.75,4214.95,1448,4232.8,1448.85,4250.7,1447.2,4266.95,1434.2,4275.1,1425.25,4276.7,1414.7,4275.1,1400.05,4279.15,1387.05,4287.3,1377.3,4291.35,1364.3,4289.75,1351.25,4279.15,1338.25,4270.2,1331.75,4265.4,1328.5,4255.55,1325.25,4250.7,1325.25,4244.2,1326.9
5-92,Uninfected,No_comment,Polygon,20,4249.9,1469.15,4237.7,1468.35,4220.6,1483.8,4203.55,1502.5,4197.05,1520.4,4198.65,1545.6,4214.1,1570,4233.65,1583.8,4248.25,1589.5,4274.25,1592.75,4285.65,1590.3,4299.5,1580.55,4330.35,1551.3,4327.95,1518.75,4321.5,1496,4310.05,1483.8,4301.9,1477.3,4297.85,1475.65,4288.9,1474.05,4281.6,1473.25
5-93,Uninfected,No_comment,Polygon,20,3910.05,1534.2,3900.25,1535,3878.3,1538.25,3871.8,1546.4,3862.05,1561.85,3858.8,1572.4,3856.35,1586.25,3856.35,1601.7,3862.05,1617.95,3872.65,1627.7,3897.8,1642.35,3928.75,1648.05,3943.35,1646.4,3958,1635.05,3968.55,1627.7,3974.25,1617.15,3979.15,1594.4,3973.45,1576.5,3959.6,1561.05,3939.3,1551.3
5-94,Uninfected,No_comment,Polygon,17,3749.05,1674.05,3725.45,1678.1,3712.45,1682.2,3695.35,1694.4,3679.9,1712.25,3675.85,1746.4,3687.25,1770.8,3699.45,1787.9,3731.15,1800.9,3757.15,1801.7,3781.55,1793.6,3805.15,1775.7,3823.85,1756.2,3826.25,1736.65,3824.65,1710.65,3805.95,1689.5,3787.25,1678.95
5-95,Uninfected,No_comment,Polygon,16,3748.25,1535,3728.7,1539.9,3709.2,1549.65,3692.15,1562.65,3683.15,1586.25,3682.35,1604.15,3686.5,1629.35,3707.55,1655.35,3738.45,1663.5,3771,1660.25,3797.8,1655.35,3818.15,1625.25,3822.2,1603.3,3812.45,1574.85,3796.2,1552.1,3780.75,1542.35
5-96,Uninfected,No_comment,Polygon,12,3639.3,1426.9,3614.95,1428.5,3596.25,1434.2,3574.2,1453.7,3566.9,1506.55,3587.25,1536.65,3629.5,1558.6,3675.05,1545.6,3701.05,1502.5,3704.3,1473.25,3685.6,1448.85,3667.8,1434.2
5-97,Uninfected,No_comment,Polygon,18,3565.4,1616,3559.85,1622.35,3554.3,1631.9,3548.75,1651.75,3550.35,1670,3565.4,1703.35,3585.25,1724.75,3634.45,1721.6,3659.1,1706.45,3674.95,1686.65,3676.55,1650.95,3668.6,1632.7,3657.5,1620,3646.4,1610.45,3636.05,1603.3,3624.95,1598.5,3612.25,1599.3,3597.15,1600.95
5-98,Uninfected,No_comment,Polygon,31,3877.85,1344.65,3872.9,1349.65,3864.65,1355.4,3856.35,1362.85,3851.4,1369.45,3847.25,1379.4,3843.95,1386.85,3834.9,1395.9,3827.5,1407.5,3826.6,1415.8,3834.05,1427.3,3862.15,1443.05,3892.75,1451.3,3915.05,1456.2,3936.6,1456.2,3963.8,1443.9,3980.4,1429.85,3987.8,1418.25,3990.25,1400,3989.45,1382.7,3982.8,1369.45,3973.75,1361.25,3965.45,1352.95,3958.85,1348,3945.65,1341.35,3939,1338.9,3928.25,1338.05,3915.85,1338.05,3908.5,1338.05,3901,1338.05,3895.2,1338.05
5-99,Uninfected,No_comment,Polygon,27,3777,1293.45,3766.3,1293.45,3756.35,1299.2,3742.3,1304.2,3730.8,1313.25,3710.9,1340.55,3707.6,1358.7,3710.1,1376.1,3712.55,1390.95,3734.05,1405.85,3744.8,1410.8,3764.65,1416.6,3783.7,1416.6,3801,1412.45,3810.9,1404.2,3818.35,1395.9,3829.1,1381.85,3833.2,1378.55,3837.35,1368.65,3842.3,1358.7,3843.95,1338.05,3843.95,1327.3,3837.35,1314.1,3829.9,1306.7,3819.15,1300.85,3812.55,1298.4,3805.1,1296.75
5-100,Uninfected,No_comment,Polygon,25,3467.15,1659.55,3453.85,1667.05,3433.2,1673.6,3422.45,1674.45,3410.05,1683.55,3402.6,1692.65,3397.65,1700.05,3395.25,1705,3391.9,1714.95,3389.4,1733.1,3397.65,1745.5,3404.3,1752.15,3422.45,1762,3437.4,1767,3447.25,1767.85,3473.7,1767.85,3490.25,1762,3506,1752.15,3519.15,1743.05,3531.55,1709.2,3534.1,1678.6,3521.7,1649.6,3510.05,1645.5,3495.2,1648,3480.3,1647.15
5-101,Uninfected,No_comment,Polygon,32,3471.2,1583.55,3459.65,1578.55,3451.45,1573.6,3439.8,1564.5,3430.7,1557.9,3425.75,1555.45,3416.65,1553.8,3405.95,1553.8,3396.9,1553.8,3386.1,1553.8,3371.2,1560.4,3363.8,1565.35,3354.75,1576.1,3347.25,1587.65,3345.6,1599.25,3345.6,1606.65,3349.75,1617.4,3358,1633.1,3365.45,1639.75,3375.35,1650.5,3392.7,1659.55,3404.3,1663.65,3413.35,1665.3,3428.25,1665.3,3445.6,1661.2,3458,1653.8,3474.55,1645.5,3482.8,1637.2,3487.75,1628.15,3490.25,1611.65,3487.75,1607.45,3483.6,1599.25
5-102,Uninfected,No_comment,Polygon,31,3489.4,1455.4,3474.55,1457.95,3456.35,1468.65,3440.65,1485.2,3433.2,1500.9,3430.7,1514.95,3432.4,1528.2,3439.8,1540.6,3445.6,1550.45,3455.5,1557.9,3467.9,1566.15,3477.9,1575.25,3493.6,1582.75,3510.05,1583.55,3528.25,1576.9,3545.6,1558.75,3551.4,1553.8,3554.7,1548,3557.2,1541.4,3558,1532.3,3558,1525.7,3558.85,1516.6,3558.85,1508.3,3556.35,1497.55,3553.85,1491.8,3552.2,1485.2,3543.95,1472.8,3539.8,1467,3529.9,1461.2,3520.8,1458.75,3513.35,1457.95
5-103,Uninfected,No_comment,Polygon,29,3418.35,1354.6,3410.05,1356.25,3400.95,1360.4,3391.9,1366.15,3381.95,1373.55,3374.5,1380.2,3367.15,1386.85,3362.15,1395.1,3358.8,1405.85,3358,1410.8,3357.15,1427.3,3357.15,1440.55,3364.6,1452.95,3391.9,1470.25,3415.85,1471.15,3432.4,1472,3445.6,1467.8,3455.5,1458.75,3465.5,1451.3,3472.9,1449.65,3496,1438.05,3506,1429.85,3511.7,1417.45,3508.4,1393.45,3501,1383.5,3485.25,1366.15,3472.9,1358.7,3465.5,1354.6,3445.6,1352.95
5-104,Uninfected,No_comment,Polygon,18,3229.05,1672.8,3212.55,1677.7,3195.2,1684.35,3174.5,1704.2,3162.1,1730.65,3165.4,1771.95,3184.45,1797.6,3206.75,1812.45,3238.15,1819.95,3262.95,1813.3,3288.55,1793.45,3302.6,1773.6,3306.75,1752.15,3303.45,1726.5,3294.35,1701.7,3281.15,1689.3,3262.1,1678.6,3248.9,1676.9
5-105,Uninfected,No_comment,Polygon,20,4043.1,1089.2,4019.2,1100.85,4002.6,1120.7,3995.2,1138.85,3991.9,1165.3,3996.9,1184.3,4009.25,1199.2,4029.05,1211.6,4044.75,1216.55,4064.6,1219,4084.5,1209.9,4096.9,1199.2,4106.75,1190.1,4110.05,1176.05,4112.6,1163.65,4113.35,1141.35,4104.3,1122.3,4091.9,1105.8,4083.6,1099.2,4067.9,1090.85
5-106,Uninfected,No_comment,Polygon,28,3784.45,1127.3,3771.25,1131.35,3759.65,1140.5,3741.5,1156.2,3732.35,1162.85,3720.85,1178.5,3717.5,1198.35,3717.5,1211.6,3720.85,1228.05,3725.8,1239.7,3734.9,1249.6,3751.35,1257.05,3762.1,1259.55,3778.7,1264.45,3807.55,1263.65,3816.65,1257.05,3829.05,1250.4,3836.55,1240.5,3848.05,1224.8,3853.9,1214,3852.25,1189.3,3848.05,1176.05,3842.3,1161.2,3839,1152.9,3831.6,1143.8,3824.15,1138,3815,1133.1,3810.85,1132.25
5-107,Uninfected,No_comment,Polygon,17,3561.3,1271.1,3548.1,1271.95,3532.4,1276.05,3517.45,1284.25,3505.95,1295.05,3497.7,1310.75,3494.35,1326.4,3493.55,1347.1,3497.7,1366.15,3529.1,1385.95,3550.55,1386.8,3577.85,1383.5,3600.1,1363.65,3614.15,1335.55,3609.2,1303.3,3592.7,1285.15,3581.1,1276.85
5-108,Uninfected,No_comment,Polygon,35,3670.35,1042.95,3659.65,1046.3,3650.6,1051.25,3638.95,1058.7,3622.5,1072.75,3615.8,1080.15,3608.45,1089.2,3605.1,1100.85,3605.1,1113.25,3606.75,1127.3,3610.85,1137.2,3619.15,1149.6,3627.45,1157.85,3636.55,1164.45,3645.6,1168.6,3655.55,1170.25,3672,1172.75,3681.1,1171.9,3699.35,1166.95,3710.1,1160.35,3717.5,1157.05,3726.55,1147.95,3734.9,1142.15,3742.3,1134.75,3749.7,1128.1,3753.9,1121.5,3758,1112.4,3760.45,1103.25,3753.9,1087.6,3744.75,1073.55,3724.15,1052.9,3714.2,1047.1,3702.65,1043.8,3693.5,1042.95,3683.65,1044.65
5-109,Uninfected,No_comment,Polygon,29,3503.4,1047.95,3485.3,1061.15,3474.55,1067.75,3467.9,1074.4,3456.3,1086.8,3448.85,1095.05,3444.8,1109.1,3446.45,1119.85,3452.2,1132.25,3459.6,1143.8,3470.35,1153.7,3484.4,1159.45,3503.4,1165.3,3524.1,1165.3,3537.3,1157.85,3548.1,1148.8,3554.65,1142.15,3558.85,1138,3569.6,1121.5,3572.9,1108.25,3573.65,1094.2,3575.35,1081,3573.65,1067.75,3565.4,1058.7,3558.85,1054.55,3550.55,1050.45,3543.15,1048.7,3532.4,1047.95,3524.1,1047.95
5-110,Uninfected,No_comment,Polygon,30,3361.25,1108.25,3353.85,1107.45,3345.55,1107.45,3333.15,1109.9,3324.95,1111.55,3310,1120.7,3303.4,1127.3,3296.85,1137.2,3289.35,1147.95,3282.8,1157.05,3276.95,1176.05,3276.95,1187.55,3279.5,1200.85,3288.6,1215.65,3297.65,1224.8,3307.6,1229.7,3323.3,1237.2,3352.15,1239.7,3372.9,1228.05,3384.4,1218.2,3391.9,1208.25,3395.2,1199.2,3401,1189.3,3406.7,1172.75,3408.35,1151.25,3406.7,1140.5,3399.3,1128.1,3390.25,1119.85,3386.05,1116.55,3380.25,1114.05
5-111,Uninfected,No_comment,Polygon,23,3754.65,912.4,3742.3,912.4,3728.25,923.15,3717.5,929.75,3707.55,939.7,3694.4,953.75,3686.95,971.9,3688.6,991.75,3695.15,1016.55,3720.85,1036.4,3737.3,1047.95,3753.9,1052.9,3790.2,1049.6,3806.8,1035.55,3815.9,1021.5,3823.25,1007.45,3825.8,997.5,3826.6,971.9,3827.45,956.2,3817.55,938.85,3805.9,925.65,3794.4,915.7,3777.8,910.75
5-112,Uninfected,No_comment,Polygon,17,4068.8,895.05,4048.95,895.05,4031.6,909.1,4009.25,932.2,3997.65,944.6,3994.4,963.65,4003.5,990.9,4020,1014.85,4053.1,1029.75,4097.65,1024.8,4112.6,1015.7,4125.75,1002.5,4135.75,980.2,4133.25,955.35,4127.4,923.9,4114.25,906.6,4104.3,899.2
5-113,Uninfected,No_comment,Polygon,20,3397.65,972.7,3381.95,981.85,3366.2,995.05,3353.05,1016.55,3347.2,1039.65,3347.2,1057.85,3356.3,1081,3370.35,1100,3396,1109.9,3410.9,1106.65,3425.75,1096.7,3441.5,1085.95,3451.4,1073.55,3459.6,1063.65,3469.6,1042.95,3472,1017.35,3467.9,999.15,3453.05,980.2,3436.5,970.25,3425.75,966.95
5-114,Uninfected,No_comment,Polygon,18,3274.5,923.15,3256.35,924.8,3237.35,939.7,3225.7,948.75,3220.75,971.05,3228.25,998.35,3243.95,1018.2,3258.8,1028.9,3275.3,1032.25,3290.25,1033.05,3310.9,1034.65,3330.75,1024,3346.45,1011.55,3355.5,995.9,3361.25,962,3353.85,942.95,3341.45,931.4,3328.25,927.3
5-115,Uninfected,No_comment,Polygon,21,3249.75,1039.65,3228.25,1048.7,3213.3,1058.7,3187.75,1073.55,3175.35,1085.1,3165.45,1097.5,3159.65,1108.25,3176.15,1120.7,3188.55,1132.25,3194.3,1138.85,3211.65,1140.5,3243.95,1137.2,3264.55,1130.6,3286.9,1119.85,3307.6,1110.75,3320,1103.25,3331.5,1095.05,3343.1,1076.05,3332.4,1052.1,3310,1046.3,3269.5,1043.8
5-116,Uninfected,No_comment,Polygon,23,3207.6,1201.6,3188.55,1209.1,3176.95,1216.55,3168.75,1226.45,3158.8,1247.95,3161.3,1266.15,3169.5,1282.65,3180.25,1297.55,3192.65,1308.3,3206.7,1321.5,3232.35,1331.4,3251.4,1325.65,3275.3,1315.75,3287.7,1302.5,3296.85,1285.15,3296.85,1266.95,3295.2,1248.75,3287.7,1233.9,3280.25,1223.15,3272.05,1215.65,3260.45,1208.25,3248.1,1206.6,3235.7,1206.6
5-117,Uninfected,No_comment,Polygon,20,3130.65,1286,3104.25,1297.55,3089.4,1312.35,3081.9,1330.6,3080.25,1358.7,3089.4,1376.05,3095.95,1390.95,3105.9,1402.5,3130.65,1410.8,3152.15,1411.6,3166.2,1402.5,3181.9,1403.3,3193.55,1390.95,3199.25,1376.05,3204.25,1357.85,3202.6,1341.35,3189.4,1325.65,3176.95,1313.25,3163.8,1303.3,3149.75,1295.05
5-118,Uninfected,No_comment,Polygon,19,3886.95,788.45,3867.1,808.25,3857.2,822.3,3843.95,841.35,3837.35,862.8,3839.9,881.75,3869.65,908.25,3902.65,910.75,3922.5,909.1,3945.6,903.3,3963.8,885.95,3974.55,870.25,3982,849.6,3979.5,820.65,3962.15,796.7,3945.6,784.3,3930.75,781,3919.2,781,3907.6,781.8
5-119,Uninfected,No_comment,Polygon,20,3779.5,718.2,3761.3,732.25,3748.1,743.8,3735.7,757.85,3724.15,788.45,3719.15,812.4,3741.5,845.45,3762.95,861.95,3782,861.95,3808.45,857.05,3821.65,845.45,3834.9,833.05,3846.45,808.25,3856.35,794.2,3858,768.6,3853.95,742.9,3839.9,728.1,3827.5,718.2,3817.5,713.2,3801,716.55
5-120,Uninfected,No_comment,Polygon,19,3671.25,664.45,3649.75,671.05,3633.2,681.8,3623.3,694.2,3616.7,711.55,3615.05,732.25,3627.45,755.35,3639,770.25,3654.7,777.65,3674.6,786.8,3701.8,779.3,3716.75,768.6,3730.8,748.75,3737.35,733.05,3740.65,713.2,3739.85,696.7,3734.05,683.45,3718.35,669.4,3707.6,663.65
5-121,Uninfected,No_comment,Polygon,21,3676.2,820.65,3662.95,824.8,3648.1,828.95,3636.5,838,3626.6,851.25,3616.7,862.8,3605.1,885.15,3603.45,907.45,3609.25,932.25,3632.45,952.9,3653.05,967.8,3671.25,969.4,3684.45,957.85,3691.9,945.45,3692.7,933.9,3685.3,908.25,3696.85,875.2,3710.1,868.6,3715.1,847.9,3702.7,829.75,3697.7,826.45
5-122,Uninfected,No_comment,Polygon,20,3329.9,800,3313.35,804.1,3296.85,816.5,3286.9,830.55,3282.8,846.25,3279.45,861.15,3282.8,876.85,3289.4,895.8,3301.8,909.1,3343.95,916.5,3367.9,910.75,3386.1,900.8,3399.3,884.3,3408.4,866.1,3410.05,855.4,3411.7,839.6,3410.05,818.15,3401.8,806.6,3391.9,800.85,3356.35,795.05
5-123,Uninfected,No_comment,Polygon,20,3450.55,682.65,3420.8,700,3400.95,717.35,3390.2,728.85,3381.95,763.6,3396.9,788.45,3413.35,804.95,3438.15,812.4,3464.6,806.6,3483.6,795.05,3496,785.05,3508.4,771.9,3511.7,756.95,3520,739.65,3519.15,723.95,3513.35,707.4,3503.45,698.35,3494.35,692.55,3489.4,689.25,3483.6,686.7
5-124,Uninfected,No_comment,Polygon,28,3488.4,686.05,3471.55,680.45,3457.6,680.45,3446.45,682.55,3435.85,688.9,3424.7,695.15,3415.6,702.15,3405.85,709.85,3398.15,715.45,3398.2,716.1,3386.3,703.55,3374.4,689.55,3362.45,682.55,3354.1,678.35,3347.1,677.65,3354.1,661.55,3361.75,641.3,3377.9,616.8,3391.9,608.4,3414.2,609.8,3433.15,604.25,3459.7,589.55,3474.35,574.85,3479.95,574.85,3484.2,577.65,3488.4,604.95,3497.5,658.1,3494,685.35
5-125,Uninfected,No_comment,Polygon,31,3496.8,680.45,3508.65,689.55,3523.35,698.65,3532.4,700.05,3545.75,695.85,3557.65,689.55,3571.6,685.35,3578.6,667.85,3578.6,655.3,3573,645.5,3573.7,630.1,3575.1,613.3,3579.95,597.95,3584.85,586.75,3586.95,577.65,3586.95,567.85,3585.55,558.05,3573.7,533.6,3566.7,528.7,3556.95,524.5,3539.45,527.3,3525.4,530.8,3514.25,535,3502.4,541.3,3494,548.3,3484.2,558.05,3484.2,579.05,3484.2,597.25,3487.7,615.4,3494.65,635,3496.05,652.5
5-126,Uninfected,No_comment,Polygon,26,3605.9,565.05,3598.9,574.15,3590.45,602.15,3585.55,619.6,3585.55,637.8,3591.85,653.2,3605.2,667.15,3621.95,671.35,3640.8,667.15,3653.45,660.2,3664.65,656,3673.7,656,3696.05,653.9,3715,642.7,3719.2,633.6,3724.1,618.2,3726.2,602.85,3726.2,586.05,3716.4,571.35,3703.8,555.95,3689.8,545.5,3677.9,540.6,3664.65,541.3,3652.75,542,3635.2,546.2,3618.45,554.55
5-127,Uninfected,No_comment,Polygon,27,3276.5,678.35,3262.5,684.65,3253.35,692.35,3245.7,705.65,3245.7,722.4,3247.1,735,3251.95,749,3260.35,763,3276.5,779.05,3296.75,786.75,3312.1,788.15,3324.05,786.75,3336.65,781.85,3358.95,784.65,3373,778.35,3374.4,767.2,3374.4,752.5,3376.5,737.8,3377.2,725.2,3371.6,713.35,3361.75,697.95,3352.7,691.65,3347.1,688.15,3338.75,681.15,3326.85,677.65,3317.75,676.95,3303.7,675.55
5-128,Uninfected,No_comment,Polygon,15,3154.1,657.4,3134.5,665.05,3121.9,676.95,3109.35,692.35,3104.45,709.85,3104.45,735,3117.75,760.9,3138.65,779.05,3170.2,785.35,3198.1,782.55,3214.95,765.8,3226.15,744.1,3223.35,693.75,3201.6,662.25,3174.4,659.5
5-129,Uninfected,No_comment,Polygon,20,3208.65,530.8,3187.65,544.1,3170.2,559.45,3170.2,585.35,3196.7,611.9,3230.35,621.7,3266.7,621.7,3286.25,609.8,3303,594.45,3317.05,572.75,3325.45,552.45,3320.55,528.7,3314.2,512.6,3303,504.9,3297.45,504.2,3282.8,512.6,3272.3,518.9,3256.15,527.3,3240.8,529.4,3226.85,530.1
5-130,Uninfected,No_comment,Polygon,23,3127.5,840.6,3110.75,838.5,3097.45,845.5,3081.35,856,3070.85,865.8,3063.9,882.55,3063.9,900.05,3068.75,919.65,3077.15,931.55,3085.5,950.4,3096.05,962.3,3126.8,971.4,3142.15,970.7,3156.2,967.2,3168.1,957.4,3182.75,942.7,3186.25,924.55,3189.05,911.25,3186.95,893.75,3178.55,877,3173.7,865.8,3160.4,851.8,3149.85,846.2
5-131,Uninfected,No_comment,Polygon,22,3405.2,444.75,3388.4,450.35,3368.1,461.55,3356.3,474.8,3345.05,488.1,3338.75,506.3,3338.75,530.05,3340.15,541.25,3349.25,558.75,3361.15,575.55,3385.6,587.4,3402.4,590.25,3424.05,588.1,3444.35,578.35,3461.85,566.45,3473.05,554.55,3480,539.85,3482.8,514.7,3470.95,492.95,3457.65,473.45,3442.95,454.55,3431.75,445.45
5-132,Uninfected,No_comment,Polygon,18,3503.8,385.3,3482.8,397.2,3470.95,409.8,3461.85,425.2,3459.75,437,3460.45,452.45,3468.85,467.15,3481.4,486,3494,504.2,3508.7,518.9,3545.75,516.8,3562.55,509.1,3575.85,495.8,3587.05,472.75,3582.15,437.7,3563.95,409.1,3545.75,390.2,3535.95,384.6
5-133,Uninfected,No_comment,Polygon,22,3337.35,337.05,3254.15,378.3,3254.15,390.2,3256.25,401.4,3278.6,409.8,3291.2,416.8,3303.1,428,3322.65,435.6,3348.55,439.1,3372.3,441.95,3396.8,437,3432.45,432.15,3447.15,423.8,3457.65,407.7,3459.75,387.4,3451.35,367.1,3443.65,364.3,3431.75,364.3,3410.8,368.55,3391.9,364.3,3375.15,362.25,3360.25,356.05
5-134,Uninfected,No_comment,Polygon,30,3236.65,403.5,3223.35,404.9,3210.75,406.3,3198.9,410.5,3187.7,416.1,3178.6,419.55,3170.9,425.9,3163.2,435.6,3159,444.05,3155.5,453.85,3154.1,469.25,3154.8,483.25,3162.5,494.35,3174.4,507.7,3182.8,511.2,3196.1,516.8,3213.55,520.3,3220.55,520.3,3231.05,520.3,3253.45,516.1,3268.1,515.4,3296.1,492.25,3301,483.95,3304.5,468.55,3303.1,452.45,3296.1,440.55,3287.7,429.35,3279.3,419.55,3273,414,3268.8,411.2
5-135,Uninfected,No_comment,Polygon,33,3032.45,581.85,3024.75,586,3015.65,590.95,3005.85,599.3,3002.35,602.75,2997.45,609.8,2990.45,622.4,2989.05,632.9,2988.35,646.9,2990.45,662.25,2996.75,676.95,3002.35,686.05,3008.65,690.25,3024.75,695.1,3030.35,695.1,3039.4,697.9,3047.1,704.25,3052.7,704.95,3075.1,709.8,3091.15,700.75,3098.85,693.75,3103.05,688.15,3109.35,675.55,3117.05,663.65,3121.95,650.35,3124.05,628,3114.95,610.5,3105.85,598.6,3096.05,589.55,3090.5,586,3082.1,583.25,3070.9,582.55,3062.5,579.75
5-136,Uninfected,No_comment,Polygon,19,2893.25,459.45,2881.35,466.45,2866,482.55,2852,495.1,2844.3,528,2849.9,549.6,2854.8,569.95,2870.15,586.7,2889.05,595.1,2908.65,598.6,2925.4,593.75,2944.3,586,2959,572.05,2976.5,541.95,2974.4,504.9,2961.8,476.9,2950.6,465.05,2940.1,460.15,2931,458.75
5-137,Uninfected,No_comment,Polygon,30,2793.25,576.95,2778.55,576.95,2763.15,586.7,2749.9,599.3,2741.5,607.7,2737.3,621.7,2734.5,638.5,2732.4,653.85,2741.5,671.35,2754.8,688.85,2763.85,702.85,2786.25,711.85,2806.55,715.35,2824,709.1,2836.6,700.05,2843.6,693.05,2850.6,687.45,2857.6,681.15,2863.2,674.15,2868.8,661.55,2871.55,655.25,2873.65,644.8,2872.95,630.8,2868.1,614.7,2862.5,601.35,2854.8,592.35,2844.3,584.6,2835.9,580.45,2825.4,579.05,2818.4,579.05
5-138,Uninfected,No_comment,Polygon,24,2845,369.95,2835.9,372.75,2826.8,378.3,2811.45,390.2,2799.55,400,2789.75,411.2,2776.45,432.15,2775.05,445.45,2772.25,458.75,2783.45,476.9,2807.25,497.2,2827.5,502.8,2841.5,502.1,2854.1,492.95,2859,476.9,2868.8,462.25,2881.35,453.85,2904.45,449.65,2932.4,439.85,2947.1,432.15,2947.8,408.4,2937.3,386.7,2926.1,374.8,2914.25,369.95
5-139,Uninfected,No_comment,Polygon,15,2940.8,720.3,2925.4,722.4,2904.45,733.6,2890.45,749.7,2879.95,769.2,2877.85,788.85,2884.85,812.65,2900.95,836.4,2938,850.4,2968.8,847.6,2989.75,830.1,2999.55,814.75,3005.85,793.05,3000.95,754.55,2982.05,737.1
5-140,Uninfected,No_comment,Polygon,17,3376.55,227.95,3364.7,235.65,3354.15,247.55,3346.45,259.45,3343.05,274.1,3341.65,288.1,3343.05,304.9,3353.45,326.55,3368.2,344.05,3396.9,358.75,3436,351.75,3454.25,331.45,3461.85,308.4,3458.35,283.2,3442.3,255.25,3421.35,231.45,3410.15,227.25
5-141,Uninfected,No_comment,Polygon,20,3218.5,218.1,3187.7,225.15,3184.2,241.25,3180,260.85,3187.7,300.7,3197.55,311.9,3212.2,322.4,3240.15,333.55,3268.15,337.05,3290.5,336.35,3316.45,327.25,3327.6,325.15,3333.9,312.6,3319.2,278.3,3310.15,273.35,3296.8,258.75,3289.1,247.55,3282.15,234.95,3266.05,228.65,3251.4,224.45
5-142,Uninfected,No_comment,Polygon,20,3275.15,115.35,3257.7,123.05,3237.35,139.15,3226.2,155.95,3226.9,179.7,3239.45,200,3255.6,213.25,3283.6,218.85,3296.8,211.2,3307.35,208.4,3319.2,210.5,3331.1,207.7,3345.05,199.3,3352.75,188.8,3354.9,173.4,3355.6,158.7,3346.45,140.55,3334.6,128.65,3324.8,123.75,3311.55,118.85
5-143,Uninfected,No_comment,Polygon,21,3046.45,210.5,3026.9,213.25,3015.65,221.65,3005.9,233.55,2996.8,248.25,2990.5,262.25,2984.25,283.2,2984.25,302.1,2994.7,318.9,3007.35,337.75,3029.7,346.85,3052.05,351.75,3068.8,343.35,3084.25,330.75,3098.2,317.5,3108.7,295.1,3108,271.3,3101,249.65,3094.05,234.25,3082.15,223.05,3070.2,213.25
5-144,Uninfected,No_comment,Polygon,19,2917.8,162.85,2905.15,171.3,2894,181.1,2884.9,191.6,2877.9,212.6,2877.9,236.35,2882.8,251.05,2893.3,266.45,2903.75,278.3,2934.55,283.9,2956.3,276.2,2966.7,269.2,2974.45,260.85,2983.55,250.35,2984.9,233.55,2986.3,213.25,2974.45,185.3,2960.4,167.8,2949.25,162.85
5-145,Uninfected,No_comment,Polygon,25,2832.45,251.05,2821.25,260.15,2811.5,272,2807.3,288.8,2808,307.7,2816.4,325.15,2825.45,339.15,2838.75,348.25,2860.45,357.35,2875.1,360.15,2893.3,365.05,2933.15,369.25,2943.65,361.55,2950.65,354.55,2959,344.05,2959.7,324.45,2953.5,313.3,2942.25,300,2923.4,293.7,2896.85,285.3,2884.9,283.2,2874.4,271.3,2863.25,255.95,2857.65,251.05,2849.2,250.35
5-146,Uninfected,No_comment,Polygon,24,2690.45,151.75,2673,157.35,2663.2,165.7,2652.05,176.9,2645.75,188.8,2640.15,201.4,2640.85,222.35,2642.95,237.75,2647.85,249.65,2657.6,261.55,2668.8,272,2684.85,282.5,2704.5,288.1,2721.25,286.7,2735.3,277.6,2748.55,266.45,2757.65,257.35,2766,239.85,2767.4,222.35,2763.9,196.5,2757.65,184.6,2745,168.5,2731.8,155.25,2721.25,151.05
5-147,Uninfected,No_comment,Polygon,23,2808.7,52.35,2795.35,55.9,2782.8,60.1,2768.8,67.1,2750.65,82.5,2741.5,93.7,2740.8,123.75,2745,137.75,2753.45,152.45,2766,166.4,2782.1,176.2,2800.95,176.9,2819.85,179,2832.45,174.1,2845.8,163.6,2854.1,153.85,2859.05,146.15,2861.15,130.75,2861.85,116.05,2863.25,102.1,2856.95,83.9,2843,66.4,2830.35,55.2
5-148,Uninfected,No_comment,Polygon,19,2975.85,10.45,2964.6,4.15,2959,1.35,2944.35,2.05,2930.35,3.45,2917.1,6.95,2901.05,17.45,2887,30.05,2871.65,76.2,2879.3,102.75,2894.7,124.45,2909.35,135.65,2930.35,139.15,2969.55,141.25,2982.15,125.85,2989.8,111.85,2987.7,95.1,2982.85,72.7,2982.85,37.05
5-149,Uninfected,No_comment,Polygon,21,2531.05,344.05,2517,346.15,2505.15,350.35,2491.15,362.25,2475.8,378.35,2465.95,400,2468.05,423.05,2473,440.55,2480.7,455.95,2495.35,469.95,2514.9,477.65,2533.85,479.75,2554.1,472.75,2570.85,465.75,2584.2,451.75,2591.2,436.35,2595.4,416.8,2591.2,385.3,2581.4,365.75,2569.55,353.85,2555.5,349.65
5-150,Uninfected,No_comment,Polygon,21,2278.95,54.4,2267.15,56.6,2252.45,62.5,2242.95,74.25,2234.8,89.7,2226.7,108.05,2225.3,131.6,2231.85,147.05,2247.3,165.45,2266.45,182.35,2286.3,194.85,2301.75,199.25,2323.05,192.65,2335.55,183.1,2349.55,169.1,2356.9,151.45,2358.4,130.85,2348.75,97.05,2331.9,75.7,2317.9,61.75,2301.75,54.4
5-151,Uninfected,No_comment,Polygon,24,2187.7,150,2176,158.1,2164.9,166.9,2156.85,182.35,2153.2,197.8,2154.7,213.95,2164.2,236.05,2167.9,251.45,2172.35,263.25,2184.05,275,2199.5,283.1,2231.85,280.15,2259.8,272.8,2275.25,268.4,2287,254.4,2289.95,235.3,2284.8,218.4,2270.8,203.65,2258.3,192.65,2242.15,183.8,2226.7,167.65,2218.65,157.35,2212,152.2,2204.65,150.7
5-152,Uninfected,No_comment,Polygon,34,2109.75,170.6,2094.4,166.15,2084.75,165.45,2074.45,166.9,2068.6,168.35,2061.95,175,2057.6,180.15,2052.45,186.75,2049.45,194.85,2047.3,205.15,2048.75,219.1,2050.95,231.6,2054.65,248.55,2055.35,262.5,2051.75,277.95,2046.6,294.1,2059.1,314,2075.95,327.2,2089.95,332.35,2103.9,336.75,2119.4,333.85,2133.35,328.7,2142.9,320.6,2151.7,311.05,2157.55,300,2163.5,287.5,2159.85,276.45,2152.4,266.2,2148.75,258.1,2143.6,246.3,2141.4,236.05,2137.75,219.1,2133.35,203.65,2124.55,185.3
5-153,Uninfected,No_comment,Polygon,25,1949.5,196.3,1931.85,202.95,1923,206.6,1914.2,217.65,1907.55,232.35,1903.9,242.65,1899.45,256.6,1897.25,277.2,1900.2,292.65,1908.35,309.55,1920.85,325,1938.5,336.05,1951.7,341.2,1968.65,343.4,1985.5,344.15,2013.45,327.2,2027.45,313.25,2034.1,300,2038.45,283.1,2036.95,259.55,2031.8,238.95,2023,211,2013.45,201.45,1998,198.5,1984.8,194.85
5-154,Uninfected,No_comment,Polygon,27,2224.5,291.2,2208.35,295.6,2195.85,304.4,2190,311.05,2183.35,329.4,2183.35,341.2,2182.55,358.1,2186.25,370.6,2201,391.95,2207.65,398.55,2226,408.1,2239.95,412.5,2253.15,411.05,2260.5,405.9,2272.3,395.6,2281.15,384.55,2289.25,369.15,2298.8,358.1,2308.3,349.3,2315.75,340.45,2319.4,327.2,2314.25,311.75,2303.95,297.05,2296.6,290.45,2281.15,286.75,2266.45,287.5,2251.7,288.25
5-155,Uninfected,No_comment,Polygon,25,2318.6,357.35,2308.3,367.65,2300.95,376.5,2292.15,389,2287,401.5,2282.6,414.7,2281.85,427.25,2283.3,436.05,2287.75,449.3,2295.1,461.05,2309.1,469.15,2323.05,477.95,2339.25,484.6,2356.9,484.6,2375.25,475.05,2395.1,460.3,2403.9,447.8,2406.2,426.5,2407.6,411.8,2403.9,389,2392.9,369.15,2383.35,358.85,2371.6,352.2,2358.4,348.55,2343.6,350
5-156,Uninfected,No_comment,Polygon,25,1846.55,331.65,1832.55,340.45,1820.8,350.75,1814.9,356.65,1804.6,365.45,1795.8,377.95,1793.6,391.95,1786.95,405.9,1792.1,422.8,1797.25,436.8,1802.4,447.8,1822.25,461.05,1856.1,467.65,1878.2,460.3,1910.5,444.15,1920.85,431.65,1928.9,409.6,1931.85,395.6,1931.05,381.65,1928.9,365.45,1920.05,349.3,1912,340.45,1900.9,334.55,1892.1,328.7,1881.1,325
5-157,Uninfected,No_comment,Polygon,19,2315.7,539.7,2303.95,545.6,2285.55,554.45,2273.05,566.2,2259.8,580.2,2256.9,597.85,2256.15,617.65,2262.75,636.8,2273.05,647.1,2288.5,661,2303.2,674.3,2332.65,685.35,2364.25,674.3,2383.35,653.7,2390.7,643.35,2392.2,617.65,2380.45,576.5,2357.65,548.55,2341.45,541.95
5-158,Uninfected,No_comment,Polygon,24,2208.35,630.15,2201.75,636.05,2187.75,647.1,2177.45,664.75,2173.8,686.8,2174.5,711.8,2184.1,725.75,2200.25,737.55,2213.5,739.75,2227.45,746.4,2241.45,756.6,2260.55,767.7,2279.7,769.9,2300.25,770.65,2316.45,758.9,2327.5,734.6,2321.6,715.5,2309.85,695.6,2299.55,687.55,2273.05,671.35,2256.15,655.9,2246.6,641.2,2235.55,630.15,2226.75,629.45
5-159,Uninfected,No_comment,Polygon,26,2100.25,653.7,2090.7,652.95,2078.2,653.7,2065.7,658.15,2054.65,665.45,2048.05,673.55,2039.95,687.55,2037.75,705.2,2037.75,723.6,2037,737.55,2044.35,753.75,2053.9,766.25,2064.95,778,2087,781.7,2101.7,784.6,2117.15,783.15,2128.95,774.25,2142.15,765.5,2152.45,754.45,2161.3,744.1,2164.2,719.15,2164.2,704.45,2155.4,688.3,2145.1,673.55,2137.75,664.75,2130.4,659.6
5-160,Uninfected,No_comment,Polygon,21,2048.75,518.4,2037.75,522.75,2022.3,533.85,2013.45,541.95,2003.15,556.65,1998.75,570.55,2000.95,589,2009.8,611.05,2017.9,624.3,2026.7,632.4,2039.95,642.7,2088.5,644.15,2106.85,639,2130.4,625.75,2139.95,596.35,2139.2,571.35,2126,555.2,2112,539,2099.5,528.7,2089.2,521.35,2083.35,518.4
5-161,Uninfected,No_comment,Polygon,21,1881.85,577.95,1867.15,577.95,1853.9,584.6,1838.45,599.3,1828.15,618.35,1825.95,638.3,1830.35,655.9,1840.65,670.65,1851.7,683.1,1867.85,697.1,1887.7,700.8,1906.1,700.8,1917.85,695.6,1931.85,682.4,1943.6,667.7,1948.75,647.8,1948,622.85,1939.2,609.6,1928.9,599.3,1917.15,590.5,1908.3,585.35
5-162,Uninfected,No_comment,Polygon,28,1763.45,501.5,1759.05,503.7,1747.25,511.05,1736.25,522.05,1726.65,534.6,1718.6,548.55,1716.4,563.25,1721.5,575.75,1725.2,587.5,1731.8,601.5,1740.65,614.75,1748.75,625.75,1757.55,630.85,1778.9,634.6,1793.6,635.3,1810.5,625.05,1817.1,619.15,1828.15,606.65,1837,591.95,1845.8,579.45,1848,565.4,1844.35,545.6,1832.55,530.15,1822.25,518.4,1812,511.05,1801.7,505.9,1795.05,503.7,1787.7,501.5
5-163,Uninfected,No_comment,Polygon,28,1688.45,455.15,1655.35,450,1634,450,1613.4,459.6,1598,468.4,1586.95,479.4,1577.4,489.75,1573,502.25,1575.2,514,1580.35,524.3,1586.95,536.05,1595.75,542.7,1605.35,548.55,1623,552.9,1650.2,556.65,1666.35,551.5,1673,552.9,1687.7,558.85,1702.4,554.45,1711.25,547.1,1720.05,534.6,1731.8,514.75,1739.9,508.85,1745.05,500.75,1747.25,490.45,1743.6,478.7,1725.95,463.25,1718.6,460.3
5-164,Uninfected,No_comment,Polygon,25,1642.85,565.4,1625.2,568.4,1614.15,574.3,1608.3,585.35,1605.35,596.35,1601.65,611.05,1600.9,621.35,1604.6,633.85,1609,646.35,1617.85,661,1627.4,666.15,1643.55,671.35,1660.5,678.65,1675.95,679.45,1697.25,675.8,1708.3,669.15,1719.3,661,1727.4,643.35,1730.35,630.85,1728.15,617.65,1719.3,600,1708.3,584.6,1700.95,579.45,1690.65,572.1,1680.35,571.35
5-165,Uninfected,No_comment,Polygon,29,1718.6,677.25,1703.15,681.65,1689.9,686.1,1675.95,689.75,1659.75,694.15,1645.05,700.8,1631.05,708.8,1617.85,718.45,1609,725.05,1598,730.9,1584,741.25,1578.1,752.25,1575.2,770.65,1575.9,780.2,1588.4,791.9,1602.4,797.1,1618.55,796.4,1628.85,791.2,1644.3,780.95,1661.2,775.05,1703.15,765.5,1714.15,768.45,1727.4,767.7,1741.4,760.35,1750.95,750.8,1756.8,734.6,1758.3,719.15,1748,696.3,1739.15,688.3
5-166,Uninfected,No_comment,Polygon,20,1765.65,778.7,1753.15,788.3,1745.8,797.1,1741.4,818.45,1739.9,832.4,1737.7,852.2,1735.5,868.45,1737.7,892,1753.15,905.95,1786.25,911.1,1801.7,905.95,1820.05,903,1840.65,889.05,1853.15,872.85,1857.55,850.05,1859.05,820.65,1847.25,800.05,1831.1,783.15,1814.2,773.55,1793.6,769.9
5-167,Uninfected,No_comment,Polygon,19,1686.95,777.25,1674.45,780.95,1651.65,786.75,1632.55,798.6,1614.9,814.75,1606.05,839,1606.05,851.5,1609,876.55,1623.7,897.15,1642.85,911.1,1661.2,917.65,1697.25,911.1,1711.25,897.15,1718.6,880.2,1719.3,861.85,1726.65,827.25,1734.75,808.85,1730.35,795.65,1711.25,777.25
5-168,Uninfected,No_comment,Polygon,26,1496.5,775.05,1475.9,778,1467.8,785.35,1462.65,795.65,1461.2,808.85,1472.25,824.35,1478.1,836.85,1481.8,850.05,1484.75,862.55,1490.6,875.8,1499.45,886.8,1514.15,894.9,1536.2,897.85,1559,889.05,1571.5,879.5,1581.05,866.25,1585.5,856.65,1589.15,844.2,1590.65,830.2,1585.5,819.2,1577.4,808.15,1564.9,799.3,1552.4,789.05,1544.3,784.6,1533.25,780.2,1522.25,778
5-169,Uninfected,No_comment,Polygon,22,1486.95,636.05,1475.9,634.6,1465.6,644.15,1457.5,655.9,1454.6,672.85,1461.2,694.9,1475.15,711.1,1494.3,736.8,1507.55,747.85,1522.95,756.6,1536.2,762.55,1548.7,759.6,1561.2,750.8,1568.55,738.95,1573,722.85,1575.2,700.8,1567.1,680.95,1556.8,666.15,1544.3,656.65,1529.6,644.15,1517.1,639,1504.6,636.8
5-170,Uninfected,No_comment,Polygon,30,1389.15,689.75,1374.4,690.5,1366.35,690.5,1355.3,696.3,1344.25,705.2,1337.65,713.25,1334.7,727.25,1334,741.95,1336.2,756.6,1339.15,769.9,1345.75,783.15,1356.05,792.7,1366.35,797.1,1377.35,798.6,1392.05,797.1,1405.3,795.65,1418.55,799.3,1430.3,800.8,1448.7,791.9,1461.2,779.45,1470.75,772.1,1475.9,760.35,1476.65,743.4,1472.25,736.1,1467.8,731.65,1461.2,722.85,1452.35,714.75,1443.55,705.95,1429.6,699.3,1420,696.3
5-171,Uninfected,No_comment,Polygon,21,1375.9,808.85,1364.85,812.55,1349.4,825.05,1342.05,832.4,1337.65,853.75,1337.65,869.15,1339.15,883.9,1345,900.8,1356.75,916.25,1372.2,928.75,1386.95,933.9,1408.25,934.6,1425.9,930.15,1444.3,922.85,1463.4,905.95,1472.25,880.95,1467.8,854.5,1456.05,836.85,1436.2,820.65,1417.8,811.1,1403.1,811.1
5-172,Uninfected,No_comment,Polygon,20,1770.75,1222.95,1759,1233.25,1750.9,1245.75,1745,1255.3,1736.9,1264.85,1728.1,1280.3,1727.35,1302.4,1753.85,1330.3,1778.85,1336.9,1803.85,1336.9,1825.15,1331.75,1834,1320.05,1842.8,1307.55,1850.95,1287.65,1854.6,1260.45,1850.15,1242.1,1836.95,1225.85,1824.45,1214.15,1808.3,1209.7,1795,1210.45
5-173,Uninfected,No_comment,Polygon,15,1678.85,1160.4,1654.55,1167.8,1639.9,1178.05,1623.7,1193.5,1619.25,1217.05,1624.4,1235.45,1635.45,1252.35,1652.4,1267.1,1669.25,1278.1,1684.7,1282.5,1711.2,1284.75,1753.1,1214.85,1736.9,1190.6,1715.6,1175.85,1698.7,1162.65
5-174,Uninfected,No_comment,Polygon,27,1611.15,1250.15,1601.6,1247.2,1576.6,1256,1569.3,1261.95,1564.1,1271.45,1561.95,1283.95,1570.75,1303.1,1581,1318.55,1591.3,1335.45,1597.2,1351.6,1607.5,1369.25,1616.3,1378.85,1624.4,1385.5,1641.3,1391.35,1652.4,1391.35,1668.55,1386.9,1684.7,1378.85,1694.25,1369.25,1703.85,1356.75,1707.55,1344.25,1709.7,1331.05,1709,1317.1,1698.7,1303.8,1689.1,1296.45,1670.75,1295,1647.25,1281.05,1633.95,1267.8
5-175,Uninfected,No_comment,Polygon,25,1514.15,1270,1503.05,1267.8,1487.65,1270.75,1480.3,1273.65,1470,1283.25,1461.9,1297.25,1460.4,1311.9,1455.25,1326.6,1456.75,1342.05,1469.25,1361.2,1478.05,1376.65,1492.05,1390.6,1503.85,1399.4,1528.8,1408.25,1541.3,1414.15,1556.8,1417.85,1579.55,1421.5,1588.4,1418.55,1597.95,1414.15,1603.8,1405.35,1605.3,1386.9,1594.25,1367.85,1568.5,1328.85,1552.35,1292.1,1537.65,1275.9
5-176,Uninfected,No_comment,Polygon,27,1449.4,1222.95,1437.6,1223.65,1421.45,1228.8,1410.4,1227.35,1392.05,1225.85,1377.3,1232.5,1370.75,1239.15,1359.65,1249.45,1353.1,1256.8,1348.65,1270,1347.95,1284.75,1350.85,1296.45,1353.8,1321.45,1372.9,1342.8,1389.8,1350.2,1408.25,1352.4,1425.1,1346.5,1436.2,1335.45,1445,1321.45,1450.15,1304.6,1457.5,1286.95,1467.05,1267.8,1476.6,1259.75,1481,1252.35,1481.75,1242.1,1476.6,1229.6,1472.9,1224.45
5-177,Uninfected,No_comment,Polygon,28,1347.95,1378.1,1343.5,1378.1,1335.45,1378.1,1322.15,1381.05,1315.55,1383.25,1308.2,1386.2,1300.15,1389.15,1290.55,1396.5,1286.15,1401.65,1283.2,1408.25,1280.25,1414.15,1278.05,1421.5,1276.6,1428.85,1276.6,1435.5,1276.6,1444.3,1279.5,1455.3,1289.8,1470.8,1306,1498.75,1331.75,1510.45,1360.4,1511.95,1385.4,1513.45,1407.45,1492.8,1423.65,1465.65,1427.35,1442.1,1416.3,1416.35,1401.6,1398,1384.7,1387.7,1361.9,1378.85
5-178,Uninfected,No_comment,Polygon,19,1347.9,974.65,1331.45,973.9,1318.05,976.2,1300.1,989.65,1291.9,1002.3,1287.45,1018,1287.45,1042.6,1299.4,1064.95,1313.55,1080.7,1332.2,1091.15,1362.05,1093.35,1387.45,1081.45,1407.6,1069.5,1407.6,1044.8,1407.6,1023.9,1400.9,1007.55,1392.65,992.6,1381.5,985.85,1368.8,978.45
5-179,Uninfected,No_comment,Polygon,15,1556.85,1014.95,1535.95,1025.4,1524.05,1038.15,1518.8,1054.5,1518.05,1067.95,1522.55,1091.9,1535.2,1112.8,1556.85,1126.9,1597.15,1128.4,1632.25,1110.55,1638.95,1083.65,1636.7,1053.8,1616.55,1023.9,1593.45,1014.2,1573.3,1012.75
5-180,Uninfected,No_comment,Polygon,17,1235.2,1062.75,1209.8,1074.65,1200.1,1087.35,1198.6,1109.05,1200.1,1123.2,1209.05,1139.65,1220.95,1152.35,1239.65,1165,1262.8,1174,1279.95,1178.4,1299.4,1168.7,1318.8,1158.25,1321,1132.2,1313.55,1108.25,1298.65,1091.9,1281.45,1076.9,1268.8,1069.5
5-181,Uninfected,No_comment,Polygon,17,1370.3,1103.05,1358.35,1108.25,1350.85,1115.7,1341.9,1128.4,1335.95,1144.1,1335.95,1165.75,1343.35,1182.2,1362.8,1202.35,1385.95,1210.5,1424.75,1211.3,1447.15,1203.1,1464.3,1191.9,1471.05,1171,1462.1,1129.95,1444.9,1102.35,1427.75,1094.1,1406.1,1087.35
5-182,Uninfected,No_comment,Polygon,23,1228.45,1175.45,1214.3,1167.95,1196.4,1167.95,1180.7,1174.7,1169.5,1183.7,1162.8,1195.6,1155.35,1209.75,1152.35,1223.25,1153.85,1249.3,1165.05,1258.3,1189.65,1269.45,1206.85,1281.4,1223.25,1288.9,1247.15,1291.85,1262.05,1283.7,1271.75,1276.25,1282.15,1265.05,1288.2,1250.8,1288.95,1232.2,1286.7,1215.75,1277.75,1201.6,1268.8,1192.65,1255.35,1187.35
5-183,Uninfected,No_comment,Polygon,24,1153.85,1273.25,1138.9,1270.2,1123.25,1277.7,1111.3,1287.4,1105.35,1297.85,1099.35,1316.55,1100.1,1329.2,1101.6,1342.6,1103.1,1356.85,1114.3,1377.75,1120.25,1383.65,1129.15,1391.1,1145.65,1400.1,1157.55,1403.8,1186.7,1411.3,1215.8,1394.1,1227.75,1372.45,1234.45,1350.8,1232.2,1329.2,1220.25,1311.25,1212.05,1301.55,1201.6,1295.65,1188.15,1289.6,1179.2,1286.65
5-184,Uninfected,No_comment,Polygon,20,1757.65,1058.3,1739.7,1062.75,1729.25,1069.5,1719.55,1077.65,1712.1,1088.9,1706.15,1101.6,1705.4,1115.7,1709.1,1135.9,1719.55,1151.6,1733.75,1166.5,1742.7,1176.9,1756.9,1188.1,1768.85,1194.15,1809.9,1197.1,1836,1179.9,1847.95,1159,1852.4,1137.35,1840.5,1094.85,1819.6,1067.95,1793.45,1056
5-185,Uninfected,No_comment,Polygon,18,1959.9,1067.95,1939,1067.95,1917.35,1079.2,1900.2,1096.3,1890.5,1116.45,1890.5,1134.4,1893.45,1151.6,1903.15,1169.45,1918.85,1182.2,1940.5,1191.9,1962.15,1191.9,1992.75,1188.1,2003.95,1174.7,2018.85,1162.8,2023.35,1130.7,2010.65,1097.05,1992.75,1081.45,1978.55,1075.4
5-186,Uninfected,No_comment,Polygon,15,2097.95,987.4,2080.05,992.6,2068.05,1004.5,2051.7,1021.7,2045,1039.65,2054.7,1079.2,2078.5,1100.85,2103.95,1111.3,2131.55,1109.8,2145.75,1098.55,2165.9,1082.9,2174.85,1062,2168.1,1027.7,2153.95,1011.25,2131.55,991.85
5-187,Uninfected,No_comment,Polygon,22,1787.5,1405.35,1760.6,1412,1743.45,1420.25,1733.75,1437.45,1722.55,1456.85,1737.5,1485.15,1750.15,1499.4,1764.35,1515,1777.8,1524.7,1800.15,1532.95,1815.85,1533.7,1833,1522.5,1849.45,1509.85,1859.15,1500.15,1864.35,1484.4,1856.9,1471.75,1851.65,1465,1841.95,1450.85,1832.25,1432.15,1822.55,1420.25,1800.9,1408.35,1790.45,1406.85
5-188,Uninfected,No_comment,Polygon,19,1891.25,1360.5,1876.3,1370.25,1859.9,1382.15,1851.65,1394.9,1850.95,1415,1856.9,1438.95,1863.6,1453.05,1874.8,1468.05,1891.25,1480,1912.15,1493.35,1949.45,1493.35,1965.1,1482.95,1974.05,1469.55,1982.3,1456.1,1983.8,1438.95,1977.8,1409.8,1962.15,1383.65,1944.2,1370.25,1928.55,1364.3
5-189,Uninfected,No_comment,Polygon,15,2076.3,1370.25,2046.45,1373.2,2026.3,1389.65,2009.9,1409.8,2010.65,1444.1,2018.1,1463.5,2033.8,1480.7,2056.15,1491.9,2072.6,1497.15,2097.2,1496.35,2124.1,1482.2,2135.3,1466.55,2140.5,1444.1,2136.05,1418.05,2116.6,1389.65
5-190,Uninfected,No_comment,Polygon,27,1914.75,1509.1,1890.85,1506.3,1878.85,1511.25,1864.75,1520.4,1848.6,1528.85,1838.7,1542.2,1835.9,1554.9,1840.15,1573.9,1849.3,1592.2,1858.45,1602.75,1867.6,1614.05,1883.1,1628.15,1895.75,1634.45,1909.15,1642.9,1913.35,1646.45,1930.25,1653.5,1940.15,1657,1948.6,1647.85,1947.85,1635.85,1938.7,1616.15,1940.85,1601.35,1946.45,1579.55,1952.1,1562.65,1959.15,1552.75,1964.05,1541.5,1948.6,1517.55,1942.95,1514.05
5-191,Uninfected,No_comment,Polygon,15,1973.25,1552.75,1962.65,1564.05,1952.8,1592.2,1955.6,1614.05,1960.55,1635.85,1973.95,1651.35,1987.3,1661.25,2006.3,1668.25,2045.05,1654.9,2057.75,1638.7,2061.25,1600.65,2060.55,1578.85,2045.75,1561.95,2032.4,1549.95,2013.35,1547.15
5-192,Uninfected,No_comment,Polygon,24,2089.4,1552.05,2085.2,1564.75,2083.1,1577.4,2080.25,1602.75,2077.45,1619.7,2073.95,1632.35,2074.65,1640.8,2085.2,1649.95,2097.15,1655.6,2109.85,1656.3,2123.25,1649.95,2139.4,1640.8,2154.9,1633.75,2172.5,1628.15,2195.05,1623.2,2211.25,1616.15,2219.7,1600.65,2220.4,1582.35,2210.55,1569.7,2202.8,1564.75,2195.05,1561.25,2173.25,1559.1,2147.85,1542.9,2124.65,1538.7
5-193,Uninfected,No_comment,Polygon,24,2152.1,1636.6,2138,1647.85,2122.5,1661.25,2114.8,1680.95,2114.05,1695.75,2121.1,1709.1,2135.9,1718.25,2150,1721.8,2164.8,1726.7,2191.55,1730.25,2219.7,1717.55,2236.6,1708.4,2247.85,1701.35,2259.15,1690.1,2266.9,1680.95,2276.05,1666.85,2278.85,1634.45,2270.4,1620.4,2260.55,1613.35,2242.25,1609.8,2228.85,1608.4,2217.6,1611.95,2192.9,1617.5,2170.35,1628.8
5-194,Uninfected,No_comment,Polygon,18,2379.55,1557.7,2360.55,1557,2343.65,1563.35,2335.9,1571.1,2323.95,1583.05,2319,1597.85,2311.25,1612.65,2313.35,1634.45,2323.95,1650.65,2340.15,1664.75,2364.05,1671.8,2382.4,1672.5,2406.35,1662.65,2422.5,1645.75,2431.7,1626.7,2432.4,1600.65,2421.1,1573.2,2397.15,1564.05
5-195,Uninfected,No_comment,Polygon,21,2318.3,1449.95,2304.9,1466.15,2297.15,1475.3,2292.95,1492.9,2291.55,1510.5,2290.15,1532.35,2298.6,1549.95,2314.8,1563.35,2334.5,1561.25,2355.6,1550.65,2373.25,1547.85,2384.5,1549.25,2395.75,1549.95,2417.6,1544.3,2430.95,1526.7,2434.5,1497.15,2419.7,1466.85,2404.9,1452.05,2392.95,1447.15,2366.2,1440.8,2342.25,1445.75
5-196,Uninfected,No_comment,Polygon,21,2210.55,1440.8,2200.7,1445.05,2188,1449.25,2177.45,1457.7,2168.3,1467.55,2161.95,1479.55,2157.75,1492.2,2154.2,1504.9,2154.9,1524.6,2177.45,1545.05,2197.85,1552.05,2216.2,1563.35,2232.4,1568.25,2257.75,1564.05,2274.65,1542.2,2278.15,1521.1,2283.8,1485.85,2278.85,1468.25,2270.4,1452.75,2252.1,1439.4,2230.95,1438
5-197,Uninfected,No_comment,Polygon,21,2170.4,1271.8,2163.35,1271.8,2146.45,1280.95,2133.8,1293.6,2121.8,1311.95,2118.3,1330.95,2119,1357.7,2133.8,1386.6,2148.6,1406.3,2172.5,1418.25,2205.6,1421.8,2226.75,1414.75,2243.65,1404.2,2253.5,1383.75,2256.3,1352.75,2245.75,1337.3,2235.9,1314.75,2226.05,1296.45,2214.05,1281.65,2197.85,1271.1,2183.8,1268.95
5-198,Uninfected,No_comment,Polygon,15,2298.6,1222.5,2284.5,1221.8,2264.8,1232.35,2245.75,1250.65,2240.15,1276,2245.75,1300.65,2257.05,1323.9,2271.8,1339.4,2296.45,1347.85,2324.65,1346.45,2343.65,1331.65,2356.35,1309.1,2361.25,1270.4,2354.9,1247.15,2331.7,1230.95
5-199,Uninfected,No_comment,Polygon,21,2510.55,1214.75,2492.95,1218.25,2468.3,1227.4,2452.1,1240.1,2438,1253.5,2431.7,1290.8,2438.7,1321.1,2445.75,1335.15,2451.4,1341.5,2466.2,1340.1,2486.6,1344.3,2505.6,1344.3,2519.7,1336.6,2531.7,1323.9,2540.85,1308.4,2547.85,1295.05,2559.15,1280.95,2565.5,1268.25,2559.15,1242.2,2542.95,1226,2527.45,1218.25
5-200,Uninfected,No_comment,Polygon,15,2602.8,1273.9,2579.55,1286.6,2565.5,1293.6,2551.4,1309.8,2540.15,1332.35,2547.15,1356.3,2553.5,1368.25,2570.4,1380.25,2619.7,1394.3,2642.95,1383.75,2658.45,1373.9,2670.4,1355.6,2675.35,1334.45,2669.7,1305.6,2631.7,1274.6
5-201,Uninfected,No_comment,Polygon,19,2620.4,1409.8,2602.1,1416.15,2584.5,1429.55,2574.65,1442.9,2566.9,1456.3,2563.35,1478.15,2566.2,1494.3,2575.35,1513.35,2593.65,1526,2612.65,1535.85,2633.8,1538.7,2655.6,1530.95,2670.4,1523.2,2680.95,1510.5,2685.2,1496.45,2688.7,1464.75,2679.55,1440.1,2666.2,1424.6,2646.45,1411.95
5-202,Uninfected,No_comment,Polygon,23,2504.2,1524.6,2493.65,1531.65,2477.45,1543.6,2464.8,1556.3,2453.5,1585.15,2458.45,1604.2,2466.2,1617.55,2477.45,1632.35,2489.4,1638.7,2509.15,1643.6,2524.65,1644.3,2545.75,1647.15,2568.3,1639.4,2583.8,1623.9,2592.95,1611.25,2598.6,1595.05,2600,1582.35,2600,1564.75,2590.15,1545.75,2580.95,1533.75,2567.6,1525.3,2550.7,1524.6,2533.8,1522.5
5-203,Uninfected,No_comment,Polygon,17,2759.85,1411.95,2750.7,1413.35,2735.9,1418.25,2721.8,1427.4,2711.95,1440.8,2707.05,1454.2,2706.35,1471.1,2711.95,1486.6,2723.25,1499.95,2735.2,1508.4,2765.5,1509.1,2786.6,1499.25,2802.8,1483.75,2811.25,1462.65,2807.05,1438.7,2795.05,1421.1,2780.25,1413.35
5-204,Uninfected,No_comment,Polygon,18,2683.1,1530.95,2668.3,1535.15,2652.8,1545.75,2637.3,1557,2621.8,1573.9,2609.15,1590.8,2607.75,1611.95,2610.55,1630.25,2621.8,1643.6,2638.7,1654.9,2658.45,1659.1,2685.9,1658.4,2710.55,1648.55,2726.75,1637.3,2739.4,1603.5,2740.15,1578.15,2726.75,1552.05,2708.45,1535.85
5-205,Uninfected,No_comment,Polygon,19,2107,1838,2091.45,1840.1,2081.65,1847.15,2068.25,1856.3,2058.35,1873.2,2055.6,1897.85,2064.75,1928.85,2085.15,1947.15,2107.7,1952.8,2121.1,1953.5,2133,1955.6,2148.55,1951.35,2164.05,1942.2,2171.1,1912.65,2168.95,1885.9,2164.05,1869,2153.45,1847.15,2142.15,1842.9,2125.95,1838
5-206,Uninfected,No_comment,Polygon,30,2148.5,1951.35,2132.3,1954.9,2123.85,1954.2,2102.75,1953.5,2092.9,1948.55,2084.45,1944.35,2077.45,1939.4,2069,1933.75,2058.35,1935.9,2052.05,1945.05,2043.6,1953.5,2042.15,1968.35,2048.55,1991.5,2051.3,2006.3,2056.3,2022.5,2068.95,2032.35,2073.2,2035.25,2088,2040.85,2107,2043.7,2119.65,2040.85,2125.95,2028.85,2130.95,2015.45,2132.35,2006.3,2140.8,1996.45,2153.45,1989.4,2162.65,1979.55,2168.25,1966.85,2163.35,1957,2155.6,1955.6,2142.85,1955.6
5-207,Uninfected,No_comment,Polygon,17,2296.45,1952.15,2273.9,1959.1,2261.2,1972.5,2252.05,1984.45,2247.85,2001.4,2247.15,2021.1,2261.2,2040.1,2271.8,2053.5,2292.85,2063.35,2321.1,2065.45,2338.7,2054.9,2357,2042.2,2367.5,2026.8,2367.5,2009.1,2361.2,1979.55,2345,1959.85,2335.15,1956.3
5-208,Uninfected,No_comment,Polygon,19,2399.9,1898.55,2390.1,1907.75,2379.55,1918.35,2367.5,1936.6,2366.8,1956.3,2373.2,1978.85,2384.4,1992.9,2398.55,1999.3,2423.9,2004.9,2438.7,2000.65,2459.8,1997.85,2480.25,1980.95,2488,1961.25,2488.7,1937.3,2480.25,1913.35,2465.45,1898.55,2452.05,1889.4,2436.55,1889.4,2424.55,1890.85
5-209,Uninfected,No_comment,Polygon,17,2414.05,2021.1,2409.05,2023.2,2397.15,2032.35,2388.7,2044.35,2379.55,2059.85,2377.4,2081.65,2383,2097.15,2392.15,2113.35,2404.2,2123.9,2429.55,2136.6,2453.45,2137.3,2493.6,2120.4,2509.05,2097.15,2511.2,2054.9,2484.4,2021.8,2458.35,2012.65,2434.4,2016.2
5-210,Uninfected,No_comment,Polygon,26,2183.7,2032.35,2177.4,2038.7,2166.15,2049.3,2154.2,2054.2,2139.4,2064.75,2130.25,2080.25,2124.55,2093.7,2123.2,2108.4,2122.5,2126,2136.55,2148.55,2145.75,2158.4,2170.35,2165.45,2193.6,2162.65,2204.9,2153.5,2225.95,2135.9,2239.4,2125.3,2249.9,2121.1,2259.05,2114.75,2262.65,2104.2,2264.75,2099.3,2266.15,2086.6,2265.45,2066.2,2254.9,2057.75,2249.25,2050.65,2240.1,2035.9,2215.45,2023.2
5-211,Uninfected,No_comment,Polygon,23,2249.9,2135.25,2243.6,2140.1,2232.35,2144.35,2214.05,2161.95,2201.3,2180.95,2199.25,2204.2,2203.45,2221.8,2209.8,2236.6,2246.45,2256.3,2272.5,2260.55,2294.3,2254.9,2309.8,2247.85,2319.65,2230.95,2328.8,2210.55,2329.55,2193.7,2327.4,2179.55,2325.25,2164.05,2323.2,2154.9,2314.05,2148.55,2306.3,2142.2,2295.75,2136.6,2285.85,2134.45,2273.2,2133.05
5-212,Uninfected,No_comment,Polygon,15,2614.05,1941.5,2598.55,1941.5,2581.65,1948.55,2565.45,1962.65,2552.75,1985.9,2550.6,2008.4,2554.2,2033.75,2567.5,2053.5,2595.75,2070.4,2623.2,2064.75,2657.65,2046.45,2670.35,2018.35,2675.95,1992.2,2668.25,1965.45,2647.15,1949.3
5-213,Uninfected,No_comment,Polygon,16,2704.9,1975.3,2697.85,1983.05,2688.7,1997.85,2681.65,2023.9,2680.95,2038,2680.95,2055.6,2694.3,2073.2,2711.2,2087.3,2733.7,2089.4,2750.6,2085.25,2766.8,2076.8,2783,2065.45,2793.6,2038.7,2784.4,2010.55,2765.45,1983.75,2738.7,1973.9
5-214,Uninfected,No_comment,Polygon,27,2626.7,1862.65,2616.1,1866.85,2609.8,1873.2,2598.55,1882.35,2585.85,1899.3,2590.1,1924.65,2600.6,1933.75,2617.5,1929.55,2632.35,1930.25,2646.45,1936.6,2657,1943.7,2670.35,1951.35,2686.55,1956.3,2697.85,1954.2,2710.5,1947.85,2718.95,1939.4,2725.25,1931.65,2733.7,1909.1,2733,1890.85,2721.1,1872.5,2705.6,1860.55,2697.15,1858.4,2685.85,1858.4,2676.7,1858.4,2668.25,1858.4,2658.35,1860.55,2644.3,1861.95
5-215,Uninfected,No_comment,Polygon,21,2784.4,2109.85,2768.95,2107.75,2746.45,2109.1,2721.8,2125.3,2711.2,2141.5,2704.2,2160.55,2702.75,2185.25,2705.6,2208.4,2714.75,2222.5,2729.55,2234.45,2747.15,2240.1,2768.95,2242.9,2785.15,2237.3,2799.25,2233.75,2809.8,2223.9,2818.25,2208.4,2826.7,2194.35,2832.35,2181.65,2831.65,2162.65,2816.1,2139.4,2797.85,2119
5-216,Uninfected,No_comment,Polygon,17,2563.35,2149.95,2539.4,2155.6,2523.9,2171.8,2514.05,2187.3,2507.7,2218.35,2514.75,2240.1,2522.5,2254.2,2537.3,2271.8,2562.65,2280.95,2588,2277.45,2605.6,2264.75,2622.5,2250.65,2628.85,2232.4,2632.35,2209.9,2624.55,2183.05,2614.75,2163.35,2599.9,2152.8
5-217,Uninfected,No_comment,Polygon,24,2262.65,2268.25,2245.75,2262.65,2232.35,2254.9,2218.95,2255.6,2199.9,2266.15,2182.35,2278.15,2173.9,2294.35,2173.9,2311.95,2178.1,2329.55,2196.45,2348.55,2215.45,2354.2,2231.65,2348.55,2242.15,2337.3,2263.35,2330.95,2273.2,2331.65,2288,2333.05,2297.85,2328.85,2304.9,2324.6,2310.5,2316.15,2314.75,2301.35,2314.75,2285.2,2306.3,2277.45,2297.85,2273.9,2285.85,2272.5
5-218,Uninfected,No_comment,Polygon,24,2388,2249.95,2371.8,2261.95,2360.5,2269.7,2349.9,2281.65,2342.9,2293.65,2338,2309.8,2336.55,2321.1,2336.55,2336.6,2343.65,2355.6,2357.7,2371.1,2372.4,2377.75,2400.5,2380.55,2420.4,2377.45,2433.7,2370.4,2443.6,2361.95,2457.7,2348.55,2465.45,2333.05,2471.1,2314.05,2461.95,2282.35,2450.6,2267.55,2441.45,2257.7,2439.4,2257,2425.25,2248.55,2413.35,2247.15
5-219,Uninfected,No_comment,Polygon,33,2864.75,2161.95,2850.6,2169,2844.3,2174.6,2840.8,2180.25,2838,2190.85,2835.15,2206.35,2828.1,2219.7,2814.75,2231.7,2799.9,2243,2790.8,2251.45,2779.55,2267.65,2785.15,2292.3,2789.4,2296.45,2802.05,2300.75,2818.95,2302.8,2838.7,2302.8,2850.6,2301.45,2861.2,2295.75,2871.1,2289.45,2879.55,2279.55,2885.15,2271.1,2888.7,2253.5,2892.9,2246.45,2898.55,2240.85,2909.05,2232.4,2917.55,2226.1,2926,2216.95,2924.55,2200.05,2920.4,2186.6,2911.95,2176.1,2903.5,2168.35,2895.05,2163.35,2883,2161.25
5-220,Uninfected,No_comment,Polygon,25,2930.95,2231.7,2922.5,2235.25,2911.2,2244.35,2902.05,2256.35,2892.9,2271.1,2888.7,2293,2888,2313.35,2898.55,2330.25,2909.05,2345.75,2925.25,2361.25,2942.15,2367.65,2955.6,2368.35,2971.1,2368.35,2985.15,2366.15,2996.45,2356.35,3005.6,2346.45,3011.95,2338,3015.45,2326.1,3018.95,2306.35,3016.8,2282.4,3009.1,2253.5,2998.55,2240.15,2987.3,2233.85,2966.8,2228.15,2955.6,2224.6
5-221,Uninfected,No_comment,Polygon,48,3067.55,2229.55,3061.95,2229.55,3052.05,2233.85,3042.9,2238.7,3035.85,2243.7,3027.4,2250.75,3022.5,2257.05,3020.4,2269,3025.25,2278.85,3028.85,2291.6,3030.25,2303.5,3029.55,2316.95,3026,2330.25,3023.2,2343,3020.4,2360.55,3028.1,2374.65,3035.85,2382.4,3043.6,2387.3,3056.3,2397.9,3061.95,2402.1,3066.8,2405.6,3070.4,2407.75,3071.8,2408.5,3076,2407.75,3083,2402.1,3087.3,2397.15,3090.1,2393.7,3097.85,2386.6,3101.1,2382.65,3106.75,2376.35,3115.45,2366.15,3118.15,2358.95,3109.65,2346.2,3107.55,2337.05,3105.6,2323.25,3108.25,2313.1,3115.3,2301.2,3118.95,2290.85,3123.9,2284.55,3126.7,2276.1,3128.1,2268.35,3129.55,2258.5,3125.25,2248.6,3121.1,2245.75,3113.35,2237.3,3107.65,2233.85,3098.55,2231.7,3087.3,2228.85
5-222,Uninfected,No_comment,Polygon,22,2623.2,1734.55,2612.65,1741.6,2604.9,1749.3,2598.55,1762.65,2595.75,1775.4,2593.6,1789.45,2597.85,1807.75,2603.45,1823.95,2618.95,1838.7,2634.4,1847.9,2658.35,1851.45,2676.7,1852.15,2690.8,1843,2702.05,1830.25,2709.05,1821.1,2710.5,1807.05,2710.5,1786.6,2710.5,1761.95,2690.8,1740.15,2677.4,1727.45,2657,1724.65,2645,1726.1
5-223,Uninfected,No_comment,Polygon,22,2739.4,1737.3,2728.8,1748.6,2722.5,1768.35,2722.5,1786.6,2723.2,1804.9,2728.1,1818.35,2736.55,1831,2752.05,1841.6,2771.1,1844.35,2786.55,1843,2801.3,1838.7,2813.35,1831.7,2823.9,1820.4,2832.35,1810.55,2838,1794.35,2838.7,1771.1,2830.25,1754.2,2819.65,1740.15,2809.8,1728.85,2789.4,1719,2765.45,1722.55,2749.9,1728.15
5-224,Uninfected,No_comment,Polygon,22,2885.85,1747.15,2880.25,1745.75,2868.95,1755.6,2857.65,1768.35,2852.05,1781,2849.25,1796.45,2852.75,1819,2858.35,1829.55,2869.65,1840.85,2877.4,1847.15,2890.1,1854.2,2908.35,1861.25,2953.45,1854.9,2971.1,1851.45,2980.95,1843.7,2992.15,1830.25,2996.45,1813.35,2997.15,1797.15,2980.25,1776.1,2955.6,1749.3,2932.35,1741.6,2916.1,1741.6
5-225,Uninfected,No_comment,Polygon,21,2908.35,1862.65,2890.8,1865.5,2878.1,1878.15,2871.8,1893,2868.95,1907.75,2870.35,1922.55,2875.95,1935.9,2884.4,1947.9,2899.25,1959.2,2910.5,1961.95,2927.4,1966.2,2942.85,1966.95,2959.8,1965.5,2967.5,1959.9,2976.7,1957.05,2986.55,1947.15,2991.45,1939.45,2992.85,1924.65,2988.7,1864.8,2975.25,1859.2,2961.2,1852.05
5-226,Uninfected,No_comment,Polygon,27,3028.85,1836.6,3015.45,1845.05,3002.75,1857.75,2995.75,1869,2994.3,1888,2998.55,1924.65,3004.2,1945.05,3025.25,1961.25,3035.85,1964.1,3051.35,1966.95,3073.9,1969,3083,1964.8,3098.55,1953.5,3111.9,1943,3121.8,1933.15,3130.95,1921.8,3135.85,1911.25,3133.7,1894.35,3129.55,1881,3120.35,1862.65,3109.8,1850.05,3097.85,1838.7,3092.85,1835.9,3084.4,1833.85,3072.5,1832.4,3061.9,1832.4,3058.35,1831.7
5-227,Uninfected,No_comment,Polygon,26,3005.6,1690.15,2995.75,1695.05,2989.4,1700.75,2985.15,1709.2,2983,1722.55,2984.4,1735.9,2994.3,1753.5,2999.9,1765.5,3011.2,1778.15,3025.95,1796.45,3038.7,1803.5,3057,1809.2,3072.5,1809.9,3090.8,1803.5,3100.6,1796.45,3108.35,1790.15,3117.5,1778.15,3122.5,1765.5,3123.2,1754.2,3122.5,1742.3,3114.05,1718.35,3106.3,1707.75,3097.15,1702.8,3072.5,1695.05,3056.3,1689.45,3040.8,1687.3
5-228,Uninfected,No_comment,Polygon,23,3048.55,1555.6,3035.15,1562.65,3024.55,1574.65,3015.45,1584.55,3008.35,1598.6,3011.2,1622.55,3017.5,1638,3024.55,1651.45,3029.55,1660.6,3035.85,1671.1,3075.25,1688,3099.2,1693,3116.1,1689.45,3128.85,1680.25,3139.4,1669.7,3149.9,1656.35,3147.15,1633.1,3140.8,1606.35,3131.65,1590.85,3121.8,1575.4,3111.9,1562.65,3095,1555.6,3072.5,1554.2
5-229,Uninfected,No_comment,Polygon,23,2864.75,1478.15,2857,1478.85,2841.45,1488.7,2830.25,1500.75,2818.95,1512.65,2809.8,1540.15,2807,1557.05,2810.5,1567.65,2823.2,1583.1,2840.8,1594.35,2858.35,1598.6,2883.7,1603.5,2902.05,1602.8,2921.8,1592.3,2933.7,1585.25,2943.6,1570.4,2951.3,1553.5,2954.2,1526.8,2941.45,1502.8,2933.7,1488.7,2921.1,1479.55,2899.9,1475.4,2886.55,1474.65
5-230,Uninfected,No_comment,Polygon,21,3167.5,1507.05,3160.5,1509.9,3148.55,1522.55,3137.3,1533.85,3127.4,1547.15,3130.25,1573.25,3138,1587.3,3149.2,1607.05,3162.65,1620.4,3179.55,1626.8,3199.9,1621.1,3219.65,1614.8,3235.15,1604.9,3247.85,1595.05,3255.6,1581,3258.35,1558.5,3249.9,1537.3,3244.3,1526.8,3235.15,1516.95,3223.2,1507.05,3212.65,1502.15
5-231,Uninfected,No_comment,Polygon,13,3138,1927.45,3121.8,1943,3104.2,1966.2,3102.75,2000.05,3119.65,2034.55,3145,2053.5,3178.1,2064.8,3215.45,2054.2,3237.3,2035.25,3244.3,2000.75,3234.4,1961.95,3208.35,1933.15,3178.85,1922.55
5-232,Uninfected,No_comment,Polygon,19,2225.35,975.35,2214.8,983.1,2204.2,999.3,2199.3,1016.2,2199.3,1033.8,2204.2,1053.45,2221.85,1073.95,2244.35,1090.1,2266.9,1090.1,2293,1087.25,2310.55,1077.45,2324.65,1061.9,2333.1,1044.3,2335.25,1023.2,2334.55,1000,2316.2,978.8,2301.45,967.6,2276.1,962.6,2257.05,961.9
5-233,Uninfected,No_comment,Polygon,19,2226.1,1109.15,2214.1,1113.35,2200.7,1125.35,2191.55,1138.7,2190.15,1157.75,2193,1172.5,2200.7,1185.2,2216.9,1197.15,2232.4,1204.15,2274.65,1203.45,2293.7,1200.7,2309.9,1189.4,2319.7,1176.75,2327.45,1162.6,2328.15,1141.55,2316.9,1114.05,2298.6,1104.15,2280.3,1102.75,2263.35,1100
5-234,Uninfected,No_comment,Polygon,20,2405.65,1119,2396.45,1123.2,2378.85,1133.1,2364.1,1159.85,2361.25,1176.05,2373.95,1209.85,2381.7,1222.5,2389.45,1228.1,2401.45,1233.1,2414.8,1233.8,2435.25,1235.85,2453.5,1225.35,2472.55,1214.75,2486.6,1202.1,2495.75,1192.25,2496.45,1167.6,2485.9,1148.55,2474.65,1132.4,2457.05,1121.05,2437.3,1120.35
5-235,Uninfected,No_comment,Polygon,19,2451.45,913.35,2381,916.2,2368.35,921.05,2355.65,933.1,2347.9,956.3,2351.45,977.45,2358.45,994.3,2367.65,1007.75,2380.3,1018.3,2392.25,1024.65,2408.45,1027.45,2435.25,1028.1,2452.8,1019.65,2471.1,1006.3,2481,993.65,2489.45,980.95,2490.15,960.55,2488.75,942.25,2472.55,921.8
5-236,Uninfected,No_comment,Polygon,33,2187.3,744.3,2181.7,744.3,2173.95,748.55,2166.9,760.55,2161.95,769,2154.9,776.75,2143.7,785.9,2138.75,792.25,2131.7,803.45,2128.85,818.3,2131.7,833.8,2138,847.15,2146.45,858.45,2159.9,866.9,2175.35,871.05,2190.85,873.95,2201.45,869.65,2209.9,859.85,2219.7,847.15,2228.85,835.2,2237.3,828.8,2251.45,822.5,2259.15,818.3,2269,814.75,2273.25,805.6,2273.25,786.55,2265.5,779.5,2254.9,771.8,2250,769,2241.55,765.45,2232.4,759.85,2222.55,756.3,2214.1,755.6
5-237,Uninfected,No_comment,Polygon,26,2259.15,838,2247.2,847.15,2238.75,854.15,2229.55,861.9,2221.85,871.8,2217.6,884.5,2216.2,895.7,2217.6,908.45,2227.45,921.8,2235.25,930.95,2247.2,940.1,2269.7,950,2284.55,952.1,2304.9,954.15,2316.2,945.7,2326.1,939.4,2332.4,930.95,2336.6,921.05,2338.75,913.35,2342.25,895.7,2338,878.1,2328.15,857,2316.9,845.7,2300,835.2,2292.25,833.1,2282.4,831.65
5-238,Uninfected,No_comment,Polygon,22,2376.1,789.4,2368.35,790.85,2360.55,798.55,2351.45,811.2,2344.35,819,2341.55,833.8,2341.55,845.7,2347.2,876.05,2350,891.55,2360.55,902.1,2371.1,905.6,2389.45,904.9,2409.15,907,2425.35,909.15,2445.05,907,2459.9,899.3,2468.35,888.7,2472.55,866.9,2466.2,852.75,2454.9,825.35,2438.75,806.3,2419,790.85
5-239,Uninfected,No_comment,Polygon,23,2493.65,775.35,2483.8,784.5,2481.7,796.45,2481,811.9,2477.45,845.7,2488,870.35,2501.45,887.25,2521.1,892.25,2534.55,884.5,2549.3,871.8,2564.1,859.15,2579.55,849.3,2590.85,845.7,2597.2,843.65,2603.5,838,2609.9,827.45,2613.4,814.05,2610.55,798.55,2600.7,782.4,2594.35,773.95,2577.45,768.3,2556.35,766.9,2537.3,771.8
5-240,Uninfected,No_comment,Polygon,15,2586.6,855.6,2567.55,857,2549.3,876.05,2537.3,895.7,2537.3,935.85,2547.2,950.7,2560.55,969,2585.9,979.5,2607.75,980.25,2625.35,972.5,2652.8,954.9,2657.75,921.8,2648.6,884.5,2632.4,864.75,2614.1,856.3
5-241,Uninfected,No_comment,Polygon,21,2520.4,1013.35,2508.45,1016.9,2495.05,1027.45,2488,1036.55,2478.85,1054.15,2476.8,1073.2,2476.1,1090.1,2483.1,1109.85,2490.85,1124.65,2504.2,1135.2,2524.65,1137.25,2540.15,1138.7,2558.45,1133.8,2573.95,1123.95,2586.6,1111.9,2597.9,1092.95,2594.35,1067.6,2590.15,1042.95,2581,1027.45,2561.25,1016.9,2545.05,1012.6
5-242,Uninfected,No_comment,Polygon,19,2549.3,485.2,2540.15,490.85,2528.15,500,2516.9,520.35,2513.35,549.3,2515.5,576.05,2527.45,595,2544.35,614.05,2557.05,622.5,2577.45,629.5,2607.75,623.2,2618.35,611.2,2627.45,594.35,2631,581.65,2628.15,537.95,2612.65,506.3,2595.05,492.25,2580.25,487.25,2568.35,485.9
5-243,Uninfected,No_comment,Polygon,17,2547.2,640.1,2526.05,640.85,2509.15,659.15,2500,673.2,2493,692.95,2494.35,721.8,2514.8,742.25,2538.75,754.9,2550.7,758.45,2573.95,759.15,2586.6,751.4,2603.5,735.2,2614.8,711.2,2613.35,687.25,2605.65,668.3,2583.1,644.3,2567.6,642.25
5-244,Uninfected,No_comment,Polygon,21,2818.35,771.8,2803.5,777.45,2788.75,784.5,2776.05,795.7,2765.5,811.9,2765.5,835.9,2766.9,849.3,2774.65,869.65,2797.2,888.7,2816.9,895.7,2842.25,902.75,2855.65,902.75,2869.7,897.15,2880.3,892.95,2887.3,878.1,2891.55,857.75,2888,843.65,2880.3,824.65,2871.8,807,2852.1,781.65,2842.25,774.65
5-245,Uninfected,No_comment,Polygon,20,2754.2,887.25,2738,887.25,2722.55,900,2709.15,921.8,2707.05,940.1,2710.55,960.55,2720.4,976.75,2732.4,989.4,2743.65,998.55,2761.25,1008.45,2802.1,1004.9,2826.05,1001.4,2845.75,993.65,2859.15,978.8,2864.8,946.45,2852.1,920.35,2843,913.35,2826.05,904.9,2807.05,895.7,2774.65,886.55
5-246,Uninfected,No_comment,Polygon,21,2567.6,1139.45,2559.85,1146.45,2552.1,1160.55,2553.5,1176.75,2554.9,1192.95,2559.85,1214.05,2571.1,1229.55,2581.65,1242.25,2593.65,1252.75,2630.25,1254.9,2647.85,1246.45,2664.05,1235.85,2671.8,1226.05,2673.2,1212.65,2677.45,1197.9,2674.6,1181,2659.85,1163.35,2635.9,1136.55,2614.05,1126.05,2599.25,1124.65,2589.4,1126.75
5-247,Uninfected,No_comment,Polygon,18,2693.65,1081,2688.7,1085.2,2684.5,1099.3,2679.55,1119.65,2677.45,1138.7,2681.65,1152.1,2687.3,1178.85,2711.95,1207.75,2742.95,1217.6,2761.25,1214.05,2780.95,1202.75,2788.7,1192.25,2804.9,1173.95,2802.1,1141.55,2780.95,1112.65,2759.15,1089.45,2734.5,1076.05,2711.25,1073.95
5-248,Uninfected,No_comment,Polygon,25,2839.4,1004.9,2823.2,1012.65,2807,1020.4,2792.95,1027.45,2778.15,1050,2776.05,1070.4,2778.15,1084.5,2785.15,1097.9,2795.05,1110.55,2807.65,1126.05,2817.6,1132.4,2830.95,1137.3,2840.1,1138,2845.05,1137.3,2857,1126.75,2864.75,1121.1,2873.2,1114.8,2883.05,1109.15,2893.65,1099.3,2902.1,1085.85,2904.2,1066.2,2898.55,1040.15,2884.5,1014.05,2873.9,1007.75,2859.15,1006.35
5-249,Uninfected,No_comment,Polygon,28,2891.5,1116.9,2881.65,1121.1,2871.8,1128.85,2863.35,1135.2,2854.9,1141.55,2845.75,1152.1,2842.25,1165.5,2845.05,1178.85,2849.95,1191.55,2852.8,1201.4,2859.85,1212.65,2869,1218.3,2880.95,1225.35,2897.15,1230.25,2910.55,1231.7,2921.8,1231,2940.8,1230.25,2958.4,1209.15,2968.3,1192.95,2971.1,1177.45,2969,1161.95,2967.6,1150.7,2959.85,1134.5,2948.55,1122.5,2938.7,1114.8,2932.35,1112.65,2922.5,1111.2,2915.45,1111.2
5-250,Uninfected,No_comment,Polygon,26,2821.8,1290.85,2815.45,1293.65,2805.6,1295.75,2797.85,1299.3,2788.7,1308.45,2783.8,1314.05,2776.75,1325.35,2772.5,1338.7,2769.7,1351.4,2774.6,1375.35,2779.55,1387.3,2795.75,1402.1,2814.05,1409.85,2833.05,1408.45,2850.7,1404.9,2867.6,1398.6,2880.95,1391.55,2891.5,1381.7,2896.45,1366.9,2900.7,1352.1,2897.85,1330.25,2887.3,1313.35,2877.45,1302.1,2868.3,1295.05,2864.05,1292.25,2855.6,1291.55
5-251,Uninfected,No_comment,Polygon,18,3042.95,1197.15,3018.3,1197.15,2999.95,1206.35,2986.6,1220.4,2981.65,1236.55,2980.25,1251.4,2979.55,1266.9,2983.05,1280.25,2994.35,1294.3,3011.25,1308.45,3025.35,1316.2,3047.15,1322.55,3078.85,1309.15,3091.5,1293.65,3098.55,1274.65,3097.85,1257.75,3089.4,1230.25,3073.9,1209.15
5-252,Uninfected,No_comment,Polygon,33,3047.85,1021.8,3040.8,1026.75,3031.65,1037.3,3024.6,1048.6,3006.3,1057.75,2994.35,1060.55,2981.65,1070.4,2974.6,1083.1,2970.4,1097.15,2971.1,1108.45,2973.9,1120.4,2979.55,1136.55,2983.8,1151.4,2989.4,1163.35,3004.2,1170.4,3019.7,1171.1,3034.5,1168.3,3044.35,1159.85,3053.5,1150,3057.7,1145.75,3065.45,1139.45,3078.15,1136.55,3087.3,1130.25,3096.45,1120.4,3102.1,1112.65,3105.6,1097.9,3106.3,1084.5,3106.3,1073.95,3103.5,1059.85,3097.85,1047.9,3088,1035.85,3077.45,1026.75,3071.1,1025.35
5-253,Uninfected,No_comment,Polygon,30,2990.8,885.9,2978.15,893.65,2966.9,897.9,2956.3,907.75,2948.55,919,2942.95,933.8,2938.7,952.75,2939.4,966.9,2946.45,985.85,2954.9,999.3,2965.45,1007.75,2977.45,1014.8,2988,1016.2,2998.55,1016.2,3012.65,1014.05,3027.45,1011.2,3040.1,1000,3051.4,990.15,3058.45,979.55,3063.35,966.2,3064.75,954.2,3064.75,937.3,3059.85,924.65,3053.5,915.5,3045.75,904.2,3042.25,897.9,3036.6,894.3,3029.55,892.25,3019,889.45,3008.45,888