252,5312,2988
4-1,Uninfected,No_comment,Polygon,24,1190.05,1084.5,1162.5,1094.55,1153.35,1101.9,1143.25,1120.25,1140.5,1138.6,1140.5,1153.25,1141.4,1166.1,1152.4,1180.8,1166.15,1197.3,1175.35,1206.5,1183.6,1211.05,1202.85,1213.85,1223.05,1211.05,1247.85,1201.9,1256.1,1192.7,1265.25,1176.25,1268.95,1164.3,1267.95,1150.5,1257.9,1122.05,1249.65,1111.05,1241.4,1105.6,1233.15,1100.95,1222.15,1095.45,1212.05,1091.8
4-2,Uninfected,No_comment,Polygon,30,1293.7,968.85,1290.05,966.1,1279.95,964.3,1273.5,971.6,1267.95,980.75,1261.6,989.95,1257.9,1000.05,1255.15,1011.95,1255.15,1023.9,1257,1034.95,1260.7,1047.75,1265.25,1055.1,1271.7,1064.25,1284.55,1078.05,1294.65,1085.35,1301.05,1089.95,1317.55,1097.3,1324,1099.15,1335,1099.15,1355.2,1093.65,1376.3,1092.7,1383.65,1086.3,1388.2,1064.25,1386.4,1045,1380.85,1026.65,1369.85,1011.05,1356.95,996.35,1342.35,984.45,1333.15,977.1,1327.65,973.45
4-3,Uninfected,No_comment,Polygon,26,1380.85,1121.2,1357.95,1126.65,1341.35,1134.9,1332.25,1139.55,1319.4,1156,1312.05,1167.95,1317.55,1186.3,1318.5,1186.3,1325.8,1193.65,1335,1207.4,1344.15,1213.85,1356.1,1223.9,1364.35,1232.2,1376.3,1238.6,1385.45,1244.15,1405.65,1247.75,1415.75,1243.2,1427.6,1235.85,1433.15,1226.65,1439.6,1213.85,1443.25,1197.3,1443.25,1189.05,1441.45,1166.1,1432.25,1142.3,1420.35,1131.25,1408.4,1126.65
4-4,Uninfected,No_comment,Polygon,29,1276.25,1201.9,1270.7,1201.9,1265.25,1201.9,1252.35,1217.5,1246.9,1225.75,1242.35,1236.75,1241.4,1248.7,1241.4,1264.3,1244.15,1277.15,1249.65,1289.05,1261.6,1304.65,1270.7,1312,1283.6,1320.3,1295.55,1320.3,1315.75,1319.35,1326.75,1315.65,1337.75,1309.25,1345.1,1301.95,1357.95,1290.9,1368.95,1278.05,1372.6,1257.85,1368.95,1245,1359.7,1238.6,1348.75,1235.85,1336.85,1233.1,1324,1226.65,1313,1215.65,1302.9,1205.55,1289.05,1202.8
4-5,Uninfected,No_comment,Polygon,38,1236.8,1343.2,1236.8,1343.2,1233.15,1347.8,1227.65,1352.35,1224.9,1355.15,1218.4,1360.65,1213.9,1364.3,1208.4,1374.4,1204.7,1385.4,1203.8,1393.65,1205.65,1403.8,1207.45,1414.75,1212.05,1425.8,1220.3,1439.55,1229.5,1445.95,1233.15,1449.65,1237.75,1452.4,1244.15,1456.05,1252.35,1457.9,1266.2,1458.85,1277.2,1451.45,1286.3,1445.05,1297.4,1439.55,1304.65,1434.95,1315.75,1421.2,1319.4,1412,1322.15,1391.85,1324,1379,1318.5,1366.15,1313.9,1356.95,1308.4,1347.8,1300.15,1341.35,1294.65,1338.6,1283.6,1333.15,1277.2,1331.25,1267.1,1332.2,1257.9,1334,1253.35,1335.9
4-6,Uninfected,No_comment,Polygon,29,1382.7,1281.7,1370.8,1291.8,1362.5,1301,1351.5,1310.15,1345.1,1324.85,1348.75,1344.1,1354.25,1358.8,1364.35,1371.65,1370.8,1376.25,1379.05,1380.8,1385.45,1383.55,1396.45,1385.4,1410.25,1386.3,1424.9,1386.3,1439.6,1383.55,1454.3,1378.05,1465.3,1370.7,1475.4,1361.55,1479.95,1348.7,1483.65,1330.35,1480.9,1311.1,1472.65,1300.05,1467.05,1294.55,1458.85,1289.05,1454.3,1286.3,1444.2,1282.65,1433.15,1279.9,1422.15,1278.05,1411.15,1278.05
4-7,Uninfected,No_comment,Polygon,28,1534.1,1161.55,1517.6,1161.55,1501,1169.8,1485.45,1178.95,1474.45,1189.95,1467.05,1201.9,1462.55,1219.35,1464.3,1234.95,1468.95,1245.95,1472.65,1256.05,1480.9,1267.95,1491,1279.9,1501,1290,1510.25,1294.55,1524.9,1295.5,1545.1,1295.5,1561.65,1288.15,1572.65,1281.7,1584.55,1271.65,1591.9,1265.25,1599.25,1254.2,1602.9,1234.95,1602.9,1219.35,1597.4,1201.9,1587.25,1187.2,1580,1179.9,1568.05,1171.6,1566.2,1170.7
4-8,Uninfected,No_comment,Polygon,24,1626.7,1274.4,1626.7,1275.3,1615.75,1282.65,1607.5,1290.9,1605.6,1301.95,1605.6,1316.6,1607.5,1329.45,1613.9,1342.3,1622.2,1352.35,1626.7,1358.8,1634.1,1362.45,1646.95,1368.9,1660.65,1370.7,1678.15,1370.7,1701.1,1367.05,1712.95,1357.9,1722.2,1343.2,1724.05,1326.7,1721.3,1311.1,1708.45,1293.65,1693.75,1278.05,1682.75,1271.65,1669,1266.15,1646.95,1270.7
4-9,Uninfected,No_comment,Polygon,28,1850.65,1280.85,1846.05,1280.85,1830.45,1280.85,1814.85,1283.6,1802.95,1288.15,1790.1,1295.5,1781.85,1305.6,1778.15,1314.8,1778.15,1326.7,1789.15,1340.45,1800.2,1348.7,1810.3,1359.7,1820.3,1369.85,1828.65,1378.05,1837.8,1387.25,1847.9,1392.75,1859.8,1395.5,1873.6,1396.4,1886.45,1395.5,1898.35,1394.6,1907.55,1389.05,1915.8,1379.9,1924.05,1368.9,1920.4,1347.8,1915.8,1339.55,1905.7,1327.6,1890.95,1312.9,1867.15,1284.5
4-10,Uninfected,No_comment,Polygon,26,1948.8,1274.4,1947,1282.65,1943.25,1288.15,1939.65,1300.05,1937.8,1311.1,1937.8,1325.75,1939.65,1343.2,1946,1360.65,1958,1371.65,1969,1377.15,1985.5,1379.9,2002.05,1375.3,2013.05,1368.9,2026.8,1357.9,2040.6,1343.2,2045.15,1334.95,2048.85,1315.65,2050.6,1298.25,2047.9,1283.6,2031.4,1267.95,2019.45,1260.6,2005.7,1256.05,1997.45,1254.2,1980.95,1253.3,1968.1,1260.6,1956.15,1268.9
4-11,Uninfected,No_comment,Polygon,22,1738.7,1149.6,1737.8,1149.6,1731.3,1148.7,1723.1,1155.15,1712.1,1166.1,1703.85,1178.05,1700.15,1193.65,1699.25,1208.3,1707.5,1231.3,1711.2,1240.45,1721.3,1252.35,1746.95,1265.25,1779.1,1266.15,1799.25,1259.7,1816.7,1245,1828.65,1228.55,1833.2,1203.75,1825.85,1173.5,1813.05,1156,1803.85,1148.7,1788.25,1140.4,1764.4,1139.55
4-12,Uninfected,No_comment,Polygon,27,1415.75,1413.85,1403.8,1417.5,1391.9,1426.7,1382.7,1436.8,1371.7,1445.95,1365.25,1460.65,1377.2,1468,1384.55,1475.3,1393.65,1485.4,1402,1495.55,1411.15,1501,1418.5,1502.85,1433.15,1507.45,1443.25,1509.25,1459.8,1510.2,1480.9,1502.85,1492.8,1494.6,1503.8,1482.65,1513,1469.8,1516.6,1453.3,1510.25,1432.2,1504.75,1421.2,1493.75,1409.3,1479.95,1401.9,1466.2,1401.9,1453.35,1402.85,1438.7,1405.6
4-13,Uninfected,No_comment,Polygon,23,1697.35,974.35,1685.5,982.65,1677.25,991.8,1666.2,1004.65,1664.4,1020.25,1665.3,1038.6,1671.75,1052.35,1680,1067,1691.9,1081.7,1706.6,1092.7,1718.5,1096.4,1739.65,1100.05,1765.25,1103.7,1790.1,1089.95,1798.35,1077.1,1804.75,1052.35,1795.6,1028.5,1782.75,1005.55,1771.75,989.05,1758.9,980.75,1746.95,976.2,1732.3,974.35,1714.85,971.6
4-14,Uninfected,No_comment,Polygon,26,1580,877.1,1572.65,881.7,1562.55,889,1555.2,900.05,1550.6,918.4,1547.85,934,1554.3,953.25,1563.45,969.75,1572.65,983.55,1584.55,994.55,1592.8,997.3,1606.6,998.25,1623.1,998.25,1646.05,989.95,1657.95,980.75,1667.15,970.7,1671.75,944.05,1671.75,926.65,1663.45,909.25,1654.3,896.35,1646.95,888.1,1636.85,880.75,1629.5,877.1,1620.35,875.3,1610.25,873.4,1602,874.35
4-15,Uninfected,No_comment,Polygon,22,1878.15,952.35,1869,949.6,1854.25,951.4,1846.05,956.9,1834.15,968.85,1825.85,978.95,1819.45,989.95,1817.6,1002.8,1817.6,1020.25,1817.6,1034.95,1824.05,1049.6,1835.05,1062.45,1847,1071.65,1873.6,1075.3,1887.35,1070.7,1916.7,1065.2,1933.2,1034.95,1935.05,1023.9,1929.55,1001.9,1924.9,977.1,1911.2,961.55,1903.85,957.85
4-16,Uninfected,No_comment,Polygon,30,1947.9,915.65,1941.5,923.9,1937.8,936.75,1934.15,951.4,1936.9,966.1,1940.55,982.65,1946,999.1,1951.6,1011.05,1956.15,1021.15,1961.6,1026.65,1973.6,1034.95,1988.3,1037.65,2003.85,1039.5,2012.15,1039.5,2025,1036.75,2033.25,1031.25,2042.4,1023.9,2051.6,1014.7,2058,1004.65,2061.7,989.05,2060.75,974.35,2055.25,959.65,2048.85,945.95,2039.65,939.5,2033.25,933.05,2022.2,924.85,2007.55,914.7,1993.8,910.1,1977.25,909.25,1963.5,913.8
4-17,Uninfected,No_comment,Polygon,24,1924.9,1132.15,1918.55,1138.6,1913.05,1150.5,1909.3,1165.2,1905.7,1182.65,1911.2,1199.15,1918.55,1206.5,1926.8,1212.95,1944.25,1219.35,1949.75,1224.85,1954.35,1227.6,1962.6,1232.2,1990.1,1230.35,2002.95,1221.15,2010.3,1213.85,2020.4,1199.15,2023.15,1181.7,2019.45,1161.55,2012.15,1148.7,2001.1,1135.85,1987.35,1124.85,1974.5,1117.5,1962.6,1116.55,1948.8,1122.05
4-18,Uninfected,No_comment,Polygon,18,1866.25,1420.25,1847.9,1432.2,1834.15,1454.2,1831.4,1473.5,1839.65,1499.2,1848.8,1517.55,1880,1525.8,1898.35,1527.6,1920.4,1524.85,1940.55,1516.6,1954.35,1505.6,1963.5,1491.85,1965.35,1478.05,1960.75,1459.7,1955.25,1439.55,1936.9,1424.9,1914.85,1415.7,1893.75,1416.6
4-19,Uninfected,No_comment,Polygon,15,2009.4,1504.7,1989.2,1509.25,1965.35,1525.8,1955.25,1539.55,1953.4,1561.55,1959.85,1585.4,1977.25,1604.7,2000.2,1623.05,2028.65,1626.7,2047.9,1616.6,2064.45,1601,2073.6,1580.85,2071.75,1557,2066.25,1534.05,2028.65,1512.95
4-20,Uninfected,No_comment,Polygon,18,1729.5,1367.1,1716.65,1379.95,1701.1,1395.55,1705.65,1426.75,1713,1445.95,1728.65,1462.5,1746.1,1473.5,1767.2,1477.2,1790.1,1473.5,1802.9,1465.25,1820.35,1452.4,1835.1,1427.6,1842.35,1408.4,1828.6,1390.05,1813,1374.45,1796.55,1365.25,1780.95,1359.75,1749.7,1356.95
4-21,Uninfected,No_comment,Polygon,19,1571.7,1438.65,1554.25,1447.85,1541.45,1453.35,1529.55,1468.95,1523.05,1482.7,1524.05,1500.15,1528.65,1512.95,1533.15,1527.65,1549.75,1540.5,1573.6,1551.5,1590.95,1548.75,1612.05,1543.25,1629.5,1530.4,1638.75,1516.6,1639.65,1488.2,1632.25,1466.2,1622.15,1454.25,1609.3,1445.1,1591.95,1439.55
4-22,Uninfected,No_comment,Polygon,19,1338.65,1506.55,1322.2,1505.65,1309.35,1512.95,1296.5,1523.05,1277.2,1534.1,1268.9,1556.1,1278.15,1573.55,1284.5,1589.15,1291,1599.2,1321.2,1613.9,1333.2,1613.9,1346.05,1611.15,1358.9,1604.75,1372.65,1596.45,1387.35,1584.55,1399.2,1562.5,1388.25,1540.5,1375.35,1522.15,1360.65,1511.15
4-23,Uninfected,No_comment,Polygon,20,1250.55,1606.55,1236.8,1608.4,1224.9,1608.4,1209.35,1613,1194.65,1623.1,1189.15,1634.1,1183.65,1652.45,1180.9,1666.2,1188.2,1687.3,1194.65,1706.55,1213,1716.65,1236.8,1718.5,1246.05,1717.6,1265.3,1710.25,1282.75,1690.05,1292.8,1677.2,1300.1,1657.95,1301.1,1641.45,1291.85,1622.15,1277.2,1612.05
4-24,Uninfected,No_comment,Polygon,20,1420.3,1606.55,1405.7,1604.75,1391,1613.9,1379,1626.75,1371.75,1651.5,1375.35,1672.6,1384.55,1691,1394.6,1707.5,1407.45,1717.6,1424.05,1721.25,1447.9,1723.1,1469,1712.1,1485.45,1705.65,1500.2,1693.75,1517.55,1674.45,1503.8,1640.5,1493.7,1615.75,1484.6,1610.25,1469,1602,1455.2,1600.15
4-25,Uninfected,No_comment,Polygon,24,1774.9,1541.55,1760.5,1547.85,1747.9,1550.55,1738,1559.55,1728.05,1571.25,1719.05,1583,1714.55,1597.4,1714.55,1619.95,1717.25,1632.55,1725.35,1644.25,1731.65,1654.15,1743.4,1663.15,1765.9,1674,1787.55,1674.9,1807.35,1665.9,1825.35,1655.95,1840.7,1644.25,1847.9,1623.55,1845.2,1593.8,1840.7,1576.7,1832.6,1564.95,1819.95,1556.85,1804.65,1546.95,1792.05,1545.15
4-26,Uninfected,No_comment,Polygon,42,1896.55,1576.7,1883.95,1583,1876.75,1591.1,1873.15,1601.9,1867.7,1610,1863.2,1615.4,1858.7,1626.25,1856,1637.95,1856,1648.75,1856,1658.65,1856,1667.7,1856.9,1674.9,1860.5,1683,1865,1692,1876.75,1704.6,1893.85,1712.75,1907.35,1719.05,1922.7,1723.55,1939.8,1722.65,1952.4,1711.85,1959.6,1696.5,1965.05,1688.4,1971.35,1675.8,1979.45,1665.9,1989.35,1655.95,2000.15,1652.35,2008.25,1648.75,2011,1644.25,2003.75,1634.35,2000.15,1631.65,1997.45,1629.85,1991.1,1625.35,1985.75,1621.75,1974.95,1616.3,1970.45,1614.5,1964.15,1604.6,1958.7,1592.9,1946.1,1583,1940.7,1580.3,1932.6,1579.4,1918.2,1577.6,1910.05,1576.7
4-27,Uninfected,No_comment,Polygon,31,1988.4,1661.15,1983.25,1668.55,1981.05,1673.65,1975.9,1680.3,1971.5,1688.4,1970.75,1697.15,1970.75,1708.25,1972.95,1720.75,1978.1,1731.75,1981.8,1742.05,1987.7,1752.3,1994.3,1759,2003.1,1765.6,2016.4,1770.75,2029.6,1770.75,2041.35,1773.7,2056.8,1777.3,2068.55,1773.7,2078.85,1764.1,2087.7,1749.4,2091.35,1736.9,2092.85,1722.95,2092.1,1698.7,2081.8,1680.3,2070.8,1661.85,2058.3,1650.15,2043.55,1645.75,2030.35,1643.55,2020.05,1643.55,2011.25,1642.85,2000.95,1646.55
4-28,Uninfected,No_comment,Polygon,36,2127.4,1659,2120.05,1662.65,2113.45,1669.25,2108.3,1677.35,2106.85,1686.85,2106.85,1695,2106.85,1703.1,2108.3,1714.85,2108.3,1724.4,2108.3,1736.2,2108.3,1745,2113.45,1754.55,2122.25,1764.1,2127.4,1767.8,2134.75,1772.2,2143.6,1778.1,2155.35,1782.45,2165.65,1783.25,2173.75,1784,2183.3,1782.45,2192.85,1776.65,2201.65,1770.75,2209.8,1764.8,2217.85,1759,2223.75,1752.3,2228.9,1742.05,2234.05,1730.3,2234.75,1717,2231.8,1707.5,2225.95,1696.45,2215.65,1673.65,2208.3,1668.55,2200.2,1663.4,2179.65,1653.1,2158.3,1647.95,2139.15,1650.9
4-29,Uninfected,No_comment,Polygon,40,2095.05,1461.15,2085.5,1468.45,2081.8,1475.15,2079.6,1483.95,2078.15,1490.55,2076.7,1498.6,2074.45,1508.25,2076.7,1520,2079.6,1528.75,2081.05,1536.15,2084.75,1547.2,2086.95,1556.75,2097.25,1567.8,2103.15,1572.95,2114.15,1579.55,2127.4,1583.9,2134,1584.7,2142.85,1581.75,2149.5,1579.55,2156.1,1578.1,2163.45,1575.85,2168.6,1571.4,2173.75,1567.05,2182.55,1561.15,2189.15,1554.55,2195.05,1540.55,2198.75,1532.5,2200.95,1525.15,2203.9,1517.05,2203.15,1500.85,2192.1,1480.25,2180.35,1467.05,2172.25,1461.15,2167.85,1458.2,2158.3,1455.95,2141.35,1455.25,2134,1455.25,2123,1455.25,2112.7,1455.25,2104.6,1456.75
4-30,Uninfected,No_comment,Polygon,23,1628.75,1715.6,1605.25,1722.2,1591.25,1727.35,1584.6,1742.05,1580.25,1750.9,1577.25,1775.15,1578.75,1788.4,1580.95,1802.35,1590.55,1816.35,1597.1,1825.9,1609.6,1834,1621.4,1838.4,1636.1,1840.6,1654.55,1838.4,1675.85,1829.6,1687.55,1814.85,1696.4,1800.9,1703.8,1788.4,1704.5,1761.95,1700.85,1739.85,1689.85,1725.9,1672.9,1720,1657.4,1716.35
4-31,Uninfected,No_comment,Polygon,26,1506.65,1725.15,1493.45,1723.7,1482.45,1728.1,1469.95,1731.05,1459.65,1735.45,1452.3,1743.55,1444.2,1753.85,1440.5,1761.95,1438.3,1772.2,1437.6,1784,1436.85,1794.3,1444.95,1813.4,1452.3,1821.5,1467,1836.95,1475.1,1840.6,1488.3,1844.3,1507.45,1847.25,1531.65,1842.8,1545.65,1831.8,1551.6,1819.3,1558.9,1804.6,1559.6,1780.3,1555.95,1759.7,1547.9,1743.55,1529.45,1734,1519.95,1729.55
4-32,Uninfected,No_comment,Polygon,30,1353,1835.45,1350.05,1838.4,1342,1846.5,1336.05,1851.65,1333.9,1859,1333.2,1867.1,1330.2,1877.4,1329.5,1884.75,1329.5,1895.05,1331.7,1906.8,1336.85,1922.25,1350.05,1937.7,1358.2,1945.75,1381,1950.9,1389.05,1953.1,1395.65,1952.4,1403.7,1952.4,1416.2,1951.65,1432.45,1945.75,1442.7,1941.35,1458.15,1930.35,1470.65,1918.55,1472.85,1896.5,1473.6,1875.9,1467,1856.05,1442.7,1838.4,1431.7,1831.05,1411.15,1827.4,1397.85,1826.65,1387.55,1825.9
4-33,Uninfected,No_comment,Polygon,23,2075.85,1784,2065.6,1786.95,2056,1791.35,2029.55,1788.4,2016.35,1788.4,2005.3,1790.6,1992.05,1796.5,1973.7,1814.15,1965.55,1824.45,1960.4,1843.55,1959.7,1868.55,1967.75,1881.05,1986.9,1909.75,2002.35,1916.35,2014.05,1918.55,2025.85,1919.3,2039.85,1912.7,2050.15,1904.6,2060.45,1886.95,2072.2,1863.4,2096.45,1814.15,2098.65,1797.95,2088.35,1786.2
4-34,Uninfected,No_comment,Polygon,30,2106.8,1809.75,2100.15,1816.35,2092.8,1825.15,2085.4,1835.45,2078.05,1847.25,2072.2,1860.45,2065.6,1873.7,2057.5,1891.35,2059,1913.4,2065.6,1925.9,2081,1932.55,2091.3,1939.9,2102.35,1941.35,2114.1,1935.45,2126.6,1928.85,2135.45,1920.75,2141.3,1917.1,2153.8,1914.9,2168.55,1914.15,2178.8,1902.4,2189.1,1880.3,2191.3,1870.05,2191.3,1859,2190.6,1846.5,2186.2,1835.45,2179.6,1822.95,2167.8,1809,2150.15,1800.15,2137.65,1795.75,2128.1,1796.5
4-35,Uninfected,No_comment,Polygon,28,1855.95,1892.8,1854.55,1892.8,1840.6,1891.35,1822.95,1900.2,1806,1914.15,1800.1,1924.45,1795.65,1938.4,1795.65,1950.9,1798.65,1961.95,1806.75,1974.45,1814.1,1983.25,1821.45,1988.4,1833.15,1990.65,1850.8,1993.55,1858.95,1994.3,1870.75,1996.5,1886.9,2000.9,1902.35,1996.5,1912.6,1988.4,1920.7,1977.4,1929.55,1965.6,1930.25,1955.35,1925.1,1937.7,1917.05,1926.65,1905.95,1917.85,1894.95,1910.45,1872.9,1895.75,1869.25,1892.8
4-36,Uninfected,No_comment,Polygon,21,1839.8,2002.4,1828.1,2003.85,1814.8,2006.8,1789.1,2010.5,1781,2019.3,1769.25,2036.95,1763.35,2050.95,1764.8,2067.85,1766.3,2081.8,1773.65,2095.05,1784.65,2102.4,1808.95,2114.15,1814.8,2116.35,1849.4,2119.3,1870.75,2099.45,1887.6,2083.3,1892.05,2071.5,1893.45,2056.05,1888.4,2020.8,1884.7,2013.4,1861.9,2013.4
4-37,Uninfected,No_comment,Polygon,30,1893.45,2099.45,1883.95,2109,1869.95,2120.05,1860.4,2139.15,1856.75,2160.5,1867.75,2179.6,1883.25,2187.7,1902.35,2195.05,1914.85,2196.55,1929.55,2198.75,1947.9,2197.25,1958.2,2195.8,1970.7,2187.7,1978.85,2181.1,1983.9,2175.2,1989.85,2159,1993.5,2150.95,1991.35,2140.65,1989.05,2128.15,1985.4,2115.65,1979.55,2106.8,1969.25,2097.25,1965.55,2092.1,1957.5,2085.5,1950.1,2084.75,1940.55,2084.75,1931.05,2084.75,1918.55,2085.5,1911.1,2086.2,1906.75,2093.6
4-38,Uninfected,No_comment,Polygon,36,2127.3,1976.65,2113.4,1975.9,2099.45,1977.4,2091.3,1982.55,2083.25,1989.9,2077.35,1998.7,2074.35,2009.75,2075.15,2020.8,2078.1,2031.05,2081.8,2041.35,2086.15,2053.85,2092,2064.9,2100.15,2071.5,2108.95,2077.4,2115.6,2082.55,2123.65,2088.45,2131,2093.6,2141.3,2099.45,2154.6,2103.15,2161.15,2102.4,2167.8,2100.95,2172.95,2100.95,2184.75,2089.9,2193.55,2081.1,2195.75,2075.2,2197.25,2067.85,2198.7,2060.5,2199.4,2051.65,2199.4,2045.05,2200.1,2036.2,2198.7,2026.65,2192.8,2011.2,2182.45,1998,2173.7,1991.35,2162.65,1985.5,2147.15,1982.55
4-39,Uninfected,No_comment,Polygon,38,2070,2069.3,2053.8,2065.65,2034.7,2066.35,2028.05,2067.85,2021.5,2073.7,2016.35,2080.35,2014.05,2087.7,2014.05,2099.45,2017.05,2112.7,2020,2123.75,2022.95,2135.5,2026.55,2143.6,2031,2152.4,2045.7,2165.65,2056.7,2167.1,2066.3,2169.3,2078.1,2170.05,2089.85,2170.05,2100.15,2165.65,2122.15,2160.5,2136.95,2153.15,2151.6,2148,2156.75,2139.9,2158.95,2132.55,2159.75,2123,2157.45,2116.35,2154.6,2112.7,2148.65,2109,2139.8,2108.3,2128.8,2106.8,2122.95,2100.95,2114.1,2095.05,2106,2089.9,2098.65,2083.3,2093.5,2079.6,2089.85,2077.4,2086.15,2075.95,2081.8,2074.45
4-40,Uninfected,No_comment,Polygon,43,1261.1,2017.85,1242.75,2025.9,1234.6,2027.4,1229.45,2034,1221.4,2041.35,1214.75,2049.45,1208.15,2059.75,1204.45,2071.5,1204.45,2082.55,1205.95,2092.85,1208.9,2100.95,1211.8,2106.1,1216.25,2111.95,1221.4,2117.85,1225.1,2121.5,1229.45,2125.2,1239.05,2131.8,1250.1,2134.75,1258.1,2136.95,1265.45,2138.45,1275.75,2139.15,1289.05,2138.45,1301.55,2137.7,1313.25,2135.5,1325.05,2128.15,1334.65,2123,1342.7,2115.65,1350.85,2106.8,1355.2,2098,1355.9,2086.2,1360.35,2073.7,1358.9,2061.95,1355.2,2048,1350.05,2036.95,1344.2,2027.4,1334.65,2020.05,1330.2,2017.85,1320.7,2015.65,1305.9,2010.5,1299.35,2010.5,1288.25,2010.5,1277.95,2010.5,1272.9,2010.5
4-41,Uninfected,No_comment,Polygon,29,1451.6,2017.8,1442.75,2017.8,1432.5,2021.45,1424.4,2023.65,1414.85,2028.1,1408.2,2033.95,1403.05,2040.6,1397.2,2048.65,1394.25,2058.25,1392.05,2068.55,1391.3,2076.6,1390.55,2090.6,1392.75,2105.3,1399.4,2112.65,1408.2,2121.5,1414.1,2128.85,1424.4,2136.2,1438.35,2140.6,1468.5,2143.55,1486.9,2136.2,1501.6,2124.4,1509.7,2112.65,1516.3,2103.1,1522.2,2078.1,1517.05,2056.05,1503.8,2031.05,1495.7,2025.9,1483.95,2020,1472.9,2017.8
4-42,Uninfected,No_comment,Polygon,29,1650.15,1946.45,1642.05,1950.85,1635.45,1958.2,1634.7,1967.8,1633.95,1982.5,1633.95,1995.75,1639.85,2010.45,1646.45,2020,1652.35,2032.5,1664.85,2045,1676.6,2055.3,1689.1,2064.85,1709.7,2069.25,1723.7,2067.8,1734.7,2061.9,1743.55,2056.05,1751.6,2047.2,1758.25,2036.9,1764.85,2025.15,1767.8,2009.7,1769.25,1994.25,1762.65,1975.85,1749.4,1961.15,1736.9,1948.65,1724.4,1939.85,1712.65,1937.65,1697.2,1935.45,1684.7,1934.7,1675.15,1934.7
4-43,Uninfected,No_comment,Polygon,28,1631,2082.5,1617.05,2083.95,1605.3,2083.95,1595,2089.85,1582.5,2093.55,1569.25,2101.6,1558.95,2108.25,1555.3,2120,1553.1,2140.6,1558.2,2158.25,1566.3,2168.55,1575.15,2179.55,1585.45,2191.35,1600.15,2201.65,1614.1,2210.45,1650.15,2215.6,1669.25,2211.9,1681.75,2198.7,1695.75,2186.2,1705.3,2176.65,1712.65,2167.8,1717.8,2153.1,1712.65,2137.65,1697.2,2106.75,1684.7,2097.2,1673.7,2091.35,1659.7,2086.9,1649.4,2085.45
4-44,Uninfected,No_comment,Polygon,28,2189.15,2128.1,2179.6,2134.7,2170.8,2144.25,2164.9,2157.5,2161.95,2171.5,2163.45,2185.45,2170.8,2199.4,2178.15,2216.35,2186.95,2234,2193.6,2243.55,2202.4,2250.9,2211.95,2256.05,2222.25,2259.7,2232.55,2257.5,2243.6,2254.6,2253.15,2249.45,2261.95,2242.8,2271.55,2232.5,2278.15,2222.2,2279.6,2209.7,2278.9,2196.5,2275.2,2178.85,2266.4,2162.7,2254.6,2146.5,2236.95,2130.3,2229.6,2126.6,2214.15,2124.4,2206.1,2123.7
4-45,Uninfected,No_comment,Polygon,31,2153.85,2164.15,2142.85,2161.2,2128.85,2170,2104.6,2173.7,2089.15,2181.05,2075.9,2194.3,2069.3,2206.05,2064.9,2217.05,2061.2,2230.3,2061.2,2242.8,2074.45,2261.2,2081.05,2265.6,2092.85,2268.55,2106.8,2268.55,2120.8,2270,2147.25,2274.45,2154.6,2277.35,2167.1,2284.75,2185.5,2291.35,2195.05,2289.85,2201.65,2284,2208.3,2275.15,2207.55,2263.4,2200.2,2255.3,2195.05,2247.2,2184.75,2234.7,2175.2,2223.7,2165.65,2206.05,2162.7,2192.05,2158.3,2178.85,2156.05,2169.25
4-46,Uninfected,No_comment,Polygon,30,2291.4,2239.85,2284.75,2245.75,2281.8,2251.65,2277.4,2260.45,2273,2271.5,2270.05,2281.05,2267.1,2292.8,2266.4,2306.05,2267.85,2318.55,2275.2,2329.6,2284.05,2336.2,2291.4,2340.6,2305.35,2345.75,2316.4,2349.45,2328.15,2350.15,2339.9,2349.45,2352.4,2347.95,2364.2,2335.45,2372.25,2324.45,2377.4,2311.2,2377.4,2295,2378.15,2275.15,2371.55,2254.6,2364.9,2245,2355.35,2236.95,2346.55,2231.05,2335.5,2227.35,2325.2,2225.15,2314.9,2225.15,2304.6,2229.55
4-47,Uninfected,No_comment,Polygon,27,2220.05,1843.5,2211.95,1853.8,2206.1,1869.25,2198,1897.9,2189.15,1915.55,2188.45,1930.3,2189.9,1942.05,2198.7,1953.1,2208.3,1961.9,2220.05,1967.8,2231.8,1970.75,2247.25,1971.45,2260.5,1967.05,2285.5,1962.65,2298.75,1953.8,2310.5,1939.15,2317.85,1922.95,2323,1906,2319.3,1885.4,2310.5,1874.4,2303.15,1866.3,2298,1861.15,2289.9,1856.75,2284.75,1854.55,2275.2,1850.15,2266.4,1845,2237.7,1839.1
4-48,Uninfected,No_comment,Polygon,25,1963.4,2225.2,1950.9,2228.9,1934,2240.65,1921.5,2253.9,1918.6,2266.4,1916.35,2289.2,1919.3,2306.1,1928.85,2323.75,1938.4,2332.55,1953.1,2340.65,1963.4,2342.85,1973.75,2346.55,1982.55,2347.3,1994.3,2345.05,2005.35,2340.65,2011.2,2328.9,2019.3,2317.15,2022.25,2301.7,2022.25,2287.7,2023.7,2274.5,2024.45,2261.95,2014.15,2247.25,2006.05,2237.7,1995.75,2227.4,1981.8,2223
4-49,Uninfected,No_comment,Polygon,28,1631.75,2228.15,1616.4,2227.4,1594.25,2234.75,1580.3,2242.1,1570,2250.95,1564.85,2256.85,1558.25,2264.2,1553.8,2274.5,1551.65,2286.25,1551.65,2294.35,1553.1,2304.65,1558.95,2317.15,1564.85,2325.95,1574.45,2333.3,1592.05,2347.3,1608.25,2350.95,1632.5,2349.5,1649.4,2345.05,1660.45,2339.9,1674.4,2336.25,1681.75,2328.15,1691.35,2317.15,1698.7,2303.9,1700.9,2289.2,1696.5,2266.4,1688.4,2248,1676.7,2231.8,1645.75,2229.6
4-50,Uninfected,No_comment,Polygon,24,1634.75,2364.95,1621.45,2370.8,1609.7,2377.45,1603.1,2381.1,1596.45,2387.7,1586.95,2396.55,1580.3,2414.95,1580.3,2428.9,1584.7,2440.65,1592.8,2459.05,1600.9,2470.8,1609.7,2478.9,1620.75,2486.25,1630.3,2490.65,1645,2498.75,1659.05,2502.45,1675.15,2497.3,1697.2,2482.6,1713.4,2451.7,1714.9,2414.2,1697.2,2378.9,1682.5,2362.7,1675.15,2359.8,1659.75,2357.55
4-51,Uninfected,No_comment,Polygon,25,1356,2363.45,1349.4,2371.55,1340.6,2379.65,1333.95,2387.7,1325.1,2398,1317.75,2413.45,1316.3,2434.05,1333.95,2444.35,1349.4,2452.45,1359.7,2459.05,1375.9,2464.2,1391.3,2467.15,1408.95,2467.15,1423,2466.4,1433.95,2457.6,1443.5,2445.1,1450.15,2433.3,1453.15,2417.85,1451.6,2398,1442.05,2370.8,1423.7,2357.55,1408.95,2350.95,1393.55,2350.95,1382.5,2350.95,1372.9,2353.9
4-52,Uninfected,No_comment,Polygon,31,1555.3,2499.5,1547.2,2501.7,1538.45,2509.05,1531.75,2513.45,1522.2,2524.5,1515.6,2536.25,1512.65,2551.7,1511.9,2565.7,1515.6,2578.2,1520,2587.75,1533.95,2601,1545,2608.35,1556.1,2610.55,1573.75,2613.5,1585.45,2613.5,1596.45,2609.8,1610.45,2609.05,1620.75,2600.25,1629.6,2590.7,1636.2,2582.6,1640.6,2572.3,1644.25,2561.25,1642.8,2546.55,1639.85,2533.3,1636.9,2521.55,1631.05,2512.75,1624.4,2509.05,1611.95,2501.7,1600.15,2497.3,1589.1,2494.35,1580.3,2491.4
4-53,Uninfected,No_comment,Polygon,36,1888.45,2355.35,1880.3,2359.8,1869.3,2362,1860.45,2366.4,1852.45,2373.75,1845.1,2385.5,1843.55,2395.8,1845.1,2403.9,1850.9,2414.2,1857.6,2421.55,1867.1,2428.9,1872.95,2434.05,1881.05,2439.95,1891.35,2442.85,1900.95,2446.55,1909.75,2448.75,1920.75,2450.25,1934,2450.25,1944.3,2449.5,1957.55,2448.75,1970.05,2444.35,1975.2,2441.4,1981.05,2435.5,1986.95,2425.95,1989.9,2419.35,1991.4,2409.8,1992.1,2387.7,1986.95,2374.5,1982.55,2369.35,1978.2,2366.4,1971.5,2363.45,1959.75,2360.5,1950.2,2359.8,1939.15,2358.3,1928.1,2356.85,1912.75,2354.65
4-54,Uninfected,No_comment,Polygon,34,2088.45,2283.3,2082.55,2281.1,2070.8,2285.5,2061.95,2287.7,2054.6,2290.65,2045.8,2300.95,2039.9,2308.3,2034.75,2318.6,2030.35,2330.35,2027.4,2339.9,2025.9,2350.95,2027.4,2361.25,2032.55,2371.55,2040.65,2381.1,2050.2,2389.95,2057.55,2392.15,2074.45,2395.1,2088.45,2398,2100.2,2398,2112.7,2395.8,2125.2,2390.65,2134.75,2384.05,2142.15,2374.5,2153.15,2362.7,2161.25,2350.2,2166.45,2338.45,2174.45,2320.05,2173,2307.55,2171.6,2298,2165.65,2295.05,2160.5,2292.1,2150.95,2290.65,2120.8,2282.55,2106.1,2281.85
4-55,Uninfected,No_comment,Polygon,26,1903.1,2463.45,1887.75,2464.95,1875.25,2467.9,1864.15,2479.65,1857.6,2489.95,1847.95,2502.45,1842.8,2514.2,1842.8,2529.65,1847.25,2542.9,1850.9,2554.65,1856.05,2566.4,1867.8,2576.7,1882.6,2581.85,1897.25,2584.8,1911.95,2582.6,1925.2,2580.4,1941.35,2572.3,1950.2,2561.25,1958.25,2545.1,1969.3,2517.9,1971.5,2500.25,1972.25,2487.75,1957.55,2471.55,1950.2,2465.65,1943.6,2461.25,1929.6,2459.8
4-56,Uninfected,No_comment,Polygon,30,1995.75,2493.6,1994.3,2495.8,1990.7,2503.15,1984,2513.45,1978.9,2523.75,1975.9,2536.25,1973.05,2548.75,1973.05,2559.05,1974.45,2565.7,1979.6,2573.05,1984,2583.35,1991.4,2597.3,1997.25,2606.1,2005.35,2612,2016.4,2615.7,2048,2615.7,2058.3,2612,2065.65,2606.1,2080.35,2595.85,2090.65,2581.85,2094.35,2556.1,2095.05,2540.7,2091.35,2525.25,2085.5,2509.8,2075.95,2496.55,2070.8,2492.15,2063.5,2488.45,2049.45,2483.3,2023,2481.1,2015.65,2484.8
4-57,Uninfected,No_comment,Polygon,31,2161.25,2499.5,2153.95,2504.65,2142.85,2509.8,2137.7,2514.2,2130.35,2523.75,2125.95,2531.1,2123.8,2539.95,2124.5,2553.2,2126.65,2563.45,2130.35,2577.45,2135.5,2586.25,2145.8,2594.35,2156.8,2599.5,2175.95,2611.25,2191.4,2617.9,2210.5,2613.5,2221.55,2616.4,2232.6,2609.05,2237.7,2603.9,2245.8,2595.1,2250.95,2583.35,2253.9,2567.15,2249.55,2553.9,2249.55,2538.45,2241.4,2526.7,2229.6,2514.95,2220.1,2504.65,2209.8,2498.75,2198,2498.05,2189.95,2498.05,2179.65,2499.5
4-58,Uninfected,No_comment,Polygon,25,2105.35,2604.65,2095.8,2609.05,2086.2,2613.5,2071.5,2626.7,2056.8,2646.55,2054.6,2661.3,2054.6,2675.25,2060.5,2694.35,2065.65,2705.4,2070.8,2715.7,2082.55,2728.2,2100.2,2734.1,2114.9,2737.75,2128.95,2740.7,2144.3,2739.25,2158.3,2728.95,2170.8,2723.05,2183.3,2714.2,2192.85,2683.35,2195.8,2663.5,2187.7,2642.15,2170.05,2625.25,2155.35,2614.95,2139.15,2606.1,2128.15,2605.4
4-59,Uninfected,No_comment,Polygon,25,1956.1,2626,1940.6,2626,1926.65,2628.2,1917.9,2634.05,1905.4,2642.9,1896.5,2648.8,1889.9,2657.6,1881.05,2671.55,1878.85,2691.45,1879.6,2709.1,1886.2,2723.8,1899.45,2739.25,1914.9,2747.3,1929.6,2753.95,1947.25,2755.4,1966.35,2753.2,1986.25,2747.3,2001.65,2735.55,2011.95,2720.1,2019.3,2704.65,2020.05,2688.5,2016.4,2671.55,2008.35,2653.9,1998.7,2640.7,1975.9,2626.7
4-60,Uninfected,No_comment,Polygon,25,1773.7,2557.6,1759.7,2561.25,1749.4,2570.8,1741.3,2580.4,1734.7,2592.15,1732.5,2603.15,1734.7,2614.95,1739.85,2631.85,1756.75,2663.45,1771.45,2669.35,1785.45,2669.35,1802.35,2673.75,1814.85,2680.4,1833.25,2681.1,1849.4,2675.25,1863.4,2662,1872.2,2650.25,1875.15,2637.75,1880.3,2617.15,1872.95,2598.75,1859.7,2585.5,1846.5,2576.7,1831.05,2567.15,1813.4,2559.05,1799.4,2559.05
4-61,Uninfected,No_comment,Polygon,21,1734.4,2695.3,1723.2,2705.8,1716.9,2717.7,1710.65,2731.7,1708.55,2747.05,1711.3,2765.95,1716.9,2781.35,1732.3,2797.4,1744.9,2803,1764.5,2810,1790.35,2814.2,1815.55,2804.4,1832.3,2797.4,1843.5,2781.35,1851.2,2766.65,1842.8,2730.3,1834.4,2714.2,1819.05,2699.5,1806.45,2690.4,1783.35,2686.9,1749.8,2689.7
4-62,Uninfected,No_comment,Polygon,26,2218.35,2741.45,2212.05,2751.25,2202.25,2762.45,2193.2,2776.45,2189.7,2787.6,2189,2802.3,2191.8,2815.6,2201.55,2830.3,2210.65,2844.25,2219.05,2852.65,2230.95,2858.95,2247.75,2863.85,2267.3,2866.65,2289,2859.65,2299.5,2851.95,2310.65,2834.5,2313.45,2824.7,2314.85,2809.3,2314.85,2788.3,2306.5,2768.05,2289.7,2746.35,2277.1,2737.25,2267.3,2732.4,2253.35,2731,2240.05,2732.4,2229.55,2736.55
4-63,Uninfected,No_comment,Polygon,15,1534.4,2634.45,1514.8,2633.75,1490.35,2646.35,1474.95,2656.85,1459.55,2680.6,1460.95,2710.7,1477.05,2726.8,1508.5,2744.95,1553.25,2745.65,1594.55,2730.3,1623.2,2717.7,1628.8,2681.3,1626.7,2649.85,1602.9,2627.45,1573.55,2630.95
4-64,Uninfected,No_comment,Polygon,23,2214.5,2330.4,2200.1,2333.4,2191,2333.4,2183.4,2341,2173.55,2354.65,2166,2368.25,2157.65,2381.15,2150.85,2396.25,2147.75,2417.5,2153.1,2429.65,2166.75,2444.05,2187.95,2458.45,2214.5,2461.5,2234.95,2461.5,2253.1,2451.65,2263.75,2438.75,2269.05,2420.55,2274.35,2395.55,2274.35,2378.9,2269.05,2366,2260.7,2356.15,2251.6,2344.05,2241.75,2336.45
4-65,Uninfected,No_comment,Polygon,22,2355.4,2366,2341.7,2369.05,2323.6,2385.7,2311.45,2399.35,2303.9,2421.25,2306.15,2441,2311.45,2459.2,2323.6,2472.85,2339.5,2487.2,2356.9,2496.35,2376.55,2497.05,2393.3,2494.8,2413.75,2484.95,2420.55,2476.65,2429.65,2463.75,2438,2448.6,2434.95,2427.35,2430.4,2406.95,2419.8,2387.25,2410.7,2380.4,2394.05,2367.55,2377.35,2367.55
4-66,Uninfected,No_comment,Polygon,23,2397.8,2506.1,2377.35,2512.2,2361.45,2522.05,2344.8,2536.5,2334.95,2543.3,2325.1,2553.9,2322.8,2563.75,2322,2572.85,2325.1,2579.65,2332.65,2592.55,2361.45,2616.05,2387.2,2621.3,2400.85,2622.85,2415.25,2620.6,2431.9,2613,2443.3,2606.9,2456.1,2597.1,2464.5,2571.35,2462.2,2545.5,2457.7,2528.15,2450.1,2521.35,2437.2,2516.8,2424.35,2515.25
4-67,Uninfected,No_comment,Polygon,20,2028.1,2775.15,2012.95,2785,2003.1,2798.6,1997.05,2810,1989.45,2828.15,1984.9,2852.4,1990.2,2869.8,2002.35,2888,2021.3,2899.4,2037.2,2903.15,2056.9,2902.4,2078.1,2894.8,2096.3,2881.95,2102.35,2866.05,2104.65,2846.35,2101.6,2820.55,2093.2,2794.85,2082.65,2786.5,2070.55,2774.3,2042.5,2769.85
4-68,Uninfected,No_comment,Polygon,22,1782.65,2851.65,1767.5,2866,1756.15,2883.4,1749.35,2901.65,1747,2940.25,1758.4,2953.85,1769.8,2962.25,1784.95,2958.4,1799.35,2944.8,1809.95,2936.5,1828.15,2935.75,1841.8,2933.4,1854.65,2924.35,1866.8,2912.25,1874.35,2886.5,1875.8,2872.85,1865.25,2835.7,1856.1,2829.6,1841.8,2827.4,1824.35,2828.15,1815.25,2833.45,1802.35,2840.25
4-69,Uninfected,No_comment,Polygon,22,2480.4,2611.5,2469.8,2613.8,2463,2626.65,2451.6,2641.1,2445.55,2658.5,2447.85,2678.2,2452.35,2696.35,2465.95,2714.55,2472.05,2720.65,2489.5,2729.7,2509.95,2734.25,2542.55,2735.75,2555.35,2722.1,2571.3,2703.95,2580.35,2687.25,2586.45,2668.35,2578.15,2650.95,2571.3,2630.45,2564.5,2621.35,2541.75,2606.95,2526.6,2600.15,2507.7,2603.95
4-70,Uninfected,No_comment,Polygon,19,2462.2,2785.75,2447.05,2793.35,2431.1,2803.2,2416.7,2815.3,2415.25,2832,2417.5,2853.95,2428.15,2874.45,2440.25,2891.85,2455.4,2905.45,2478.15,2913.8,2500.8,2906.2,2514.5,2897.15,2524.35,2878.95,2529.65,2859.25,2531.15,2833.5,2527.4,2808.5,2519.05,2797.1,2507.7,2786.5,2492.5,2779.7
4-71,Uninfected,No_comment,Polygon,19,2726.65,2438.75,2709.9,2436.5,2693.3,2443.3,2679.6,2453.9,2668.3,2472.1,2664.5,2488,2665.2,2506.2,2676.65,2533.45,2697.85,2557.7,2719.05,2560.75,2737.25,2559.25,2753.9,2559.25,2768.3,2551.65,2780.4,2534.25,2788.75,2510,2785.7,2483.45,2778.15,2469.05,2766.05,2454.7,2756.2,2446.35
4-72,Uninfected,No_comment,Polygon,28,2854.65,2482.7,2842.55,2491.05,2833.45,2500.15,2826.65,2513,2823.6,2527.4,2823.6,2541.05,2827.4,2553.15,2830.4,2563,2835.75,2574.4,2845.6,2585,2855.45,2592.55,2868.3,2599.4,2881.95,2603.15,2890.3,2603.95,2904.65,2606.25,2916.05,2602.4,2925.9,2595.6,2937.25,2585.75,2945.6,2575.9,2951.65,2562.25,2954.65,2538,2944.05,2516.85,2931.95,2506.2,2921.35,2497.1,2904.65,2488,2894.8,2482.7,2886.5,2480.45,2879.65,2480.45
4-73,Uninfected,No_comment,Polygon,29,2775.9,2647.1,2771.35,2656.2,2763,2667.55,2764.45,2692.55,2769,2702.4,2773.6,2715.35,2781.2,2725.15,2792.55,2735.75,2801.65,2745.6,2813.75,2756.2,2837.25,2766.05,2869.8,2754.7,2878.85,2752.45,2889.5,2742.6,2895.6,2725.9,2902.4,2706.2,2900.9,2688.05,2896.35,2670.65,2885.75,2655.45,2873.55,2638.8,2864.5,2634.25,2856.95,2629.7,2851.65,2627.4,2834.15,2623.65,2826.65,2623.65,2815.25,2624.4,2808.45,2626.65,2800.1,2630.45,2794,2632.7
4-74,Uninfected,No_comment,Polygon,28,2940.3,2618.35,2936.5,2621.35,2928.9,2631.2,2922.1,2646.35,2922.1,2658.5,2921.35,2686.5,2921.35,2704.7,2927.4,2716.05,2942.55,2729.7,2954.65,2742.6,2961.5,2742.6,2972.8,2735.75,2981.2,2726.65,2993.25,2714.55,3000.9,2708.5,3011.5,2701.65,3022.8,2694.85,3031.2,2687.25,3038.75,2678.95,3044.85,2664.55,3039.55,2645.6,3029.7,2631.95,3019.85,2621.35,3007.65,2612.25,2998.6,2606.95,2991.05,2604.7,2973.6,2606.95,2959.2,2608.5
4-75,Uninfected,No_comment,Polygon,18,2475.8,2413.75,2465.95,2421.35,2454.65,2430.45,2445.55,2444.85,2443.3,2482,2451.6,2503.95,2470.55,2521.35,2483.45,2531.2,2507.7,2535.75,2533.45,2532.7,2547.85,2520.6,2561.45,2504.7,2566.75,2488,2564.5,2462.25,2552.4,2443.3,2535.65,2419.85,2523.6,2410.75,2509.2,2403.15
4-76,Uninfected,No_comment,Polygon,25,2644.75,2343.3,2635.7,2341.05,2614.5,2344.8,2597.85,2356.2,2583.45,2372.1,2577.4,2392.6,2575.85,2410,2581.15,2426.65,2588,2438.75,2597.1,2450.15,2607.7,2461.5,2622.1,2472.1,2634.2,2472.85,2651.65,2465.3,2661.45,2457,2670.55,2447.85,2689.5,2439.55,2706.95,2420.6,2709.9,2402.45,2706.95,2389.5,2695.55,2376.65,2682.7,2361.5,2670.55,2351.65,2659.9,2347.1,2653.15,2347.1
4-77,Uninfected,No_comment,Polygon,23,3035.75,2462.2,3008.5,2473.6,2997.15,2488.75,2988.8,2513.75,2991.8,2528.95,2996.35,2547.05,3006.2,2566,3017.6,2579.7,3028.2,2588,3044.05,2594.1,3060.75,2592.55,3083.45,2584.25,3099.35,2575.15,3106.25,2565.3,3120.6,2548.6,3125.15,2531.15,3123.6,2503.95,3112.3,2483.45,3103.9,2476.6,3095.6,2473.6,3085,2471.3,3073.6,2466,3063.05,2464.55
4-78,Uninfected,No_comment,Polygon,22,3143.3,2628.2,3123.6,2639.55,3114.5,2652.4,3112.3,2667.55,3112.3,2681.15,3114.5,2698.65,3120.6,2713.8,3129.7,2728.2,3138.05,2737.25,3150.15,2748.65,3166.85,2756.2,3181.25,2759.95,3200.95,2763.8,3212.3,2750.1,3219.05,2734.95,3216.85,2709.95,3213.75,2692.55,3208.45,2661.45,3203.15,2644.8,3186.55,2634.25,3182.75,2632.7,3170.6,2628.95
4-79,Uninfected,No_comment,Polygon,30,3085,2688.8,3067.6,2685.7,3055.45,2695.55,3044.8,2704.65,3041.85,2716.8,3041.85,2734.25,3046.35,2750.1,3049.35,2763.05,3055.45,2775.9,3070.6,2795.55,3078.2,2806.2,3093.35,2812.3,3099.35,2813.8,3124.35,2820.6,3137.3,2820.6,3151.7,2811.5,3160.75,2804.65,3170.6,2802.45,3182,2796.35,3190.3,2781.95,3182,2769.05,3173.6,2759.95,3165.95,2754,3145.5,2743.35,3135.75,2737.25,3124.35,2724.35,3113.75,2713.05,3110.75,2709.95,3104.65,2699.4,3093.35,2691
4-80,Uninfected,No_comment,Polygon,20,3269.1,2637.25,3239.55,2641,3230.5,2656.15,3227.45,2675.85,3234.25,2703.2,3228.15,2720.55,3233.45,2739.5,3237.3,2758.5,3250.95,2772.9,3260.8,2779.65,3275.2,2784.95,3302.4,2791.05,3324.4,2771.35,3347.85,2756.2,3354.75,2747.9,3364.55,2714.5,3353.95,2692.55,3337.25,2669.8,3316.85,2650.1,3304.7,2644.8
4-81,Uninfected,No_comment,Polygon,21,3080.45,2346.35,3069.8,2353.1,3063.05,2362.2,3051.7,2379.7,3053.2,2401.6,3062.3,2422.8,3073.6,2440.3,3086.55,2450.15,3100.9,2460,3115.3,2469.05,3124.35,2474.4,3141.85,2469.85,3150.95,2456.15,3149.35,2441.75,3142.6,2416.75,3151.7,2394.85,3155.45,2379.7,3144.85,2366.75,3131.25,2350.9,3113.75,2344.8,3097.9,2344.8
4-82,Uninfected,No_comment,Polygon,17,3197.15,2359.2,3184.2,2362.95,3171.4,2371.35,3157.75,2394.85,3153.15,2427.35,3158.45,2447.05,3164.55,2468.3,3175.95,2481.15,3193.3,2491,3214.55,2491.75,3239.55,2482.7,3258.45,2469.85,3277.4,2446.3,3277.4,2419.05,3272.85,2389.5,3254.7,2369.05,3236.55,2354.65
4-83,Uninfected,No_comment,Polygon,22,3431.95,2610.7,3414.6,2610.7,3397.1,2616.8,3386.55,2622.85,3375.2,2631.95,3367.55,2636.45,3358.5,2642.55,3357.7,2660.7,3364.55,2678.95,3368.35,2693.35,3372.1,2708.5,3381.95,2731.95,3391.8,2741.8,3412.25,2750.85,3429.75,2756.2,3442.55,2762.25,3455.5,2772.9,3475.95,2764.5,3483.5,2746.35,3488.8,2710.7,3491.05,2669.8,3473.65,2625.1
4-84,Uninfected,No_comment,Polygon,18,3356.25,2764.5,3326.7,2788.05,3318.3,2798.65,3315.35,2818.35,3315.35,2838.05,3323.65,2855.45,3336.55,2871.35,3356.95,2878.2,3383.5,2876.65,3400.95,2873.6,3437.25,2859.95,3452.4,2847.9,3460.05,2823.65,3448.65,2796.35,3441.8,2777.45,3429.75,2768.35,3413.05,2762.25,3392.55,2753.2
4-85,Uninfected,No_comment,Polygon,17,3511.5,2342.5,3494.9,2350.15,3472.9,2355.45,3456.2,2370.6,3444.15,2389.5,3446.35,2414.55,3451.65,2436.45,3465.35,2456.9,3479,2466.75,3497.1,2471.3,3528.2,2473.6,3548.7,2463.75,3573.7,2442.5,3590.35,2421.3,3578.2,2380.45,3556.95,2351.6,3539.6,2346.35
4-86,Uninfected,No_comment,Polygon,15,3157.8,2826.65,3137.3,2835.75,3127.5,2860,3122.95,2884.25,3131.25,2913.05,3144.1,2936.5,3172.2,2947.9,3190.3,2947.15,3208.5,2935,3227.5,2917.6,3235,2885.75,3221.4,2853.95,3212.35,2841.8,3196.4,2825.9,3170.6,2817.6
4-87,Uninfected,No_comment,Polygon,25,3558.55,2660.75,3541.85,2668.3,3528.2,2681.2,3517.6,2695.6,3502.45,2713.8,3496.4,2739.55,3501.7,2757.7,3512.3,2773.65,3522.15,2785.75,3532,2794.1,3547.15,2801.65,3569.95,2794.1,3582.75,2787.25,3595.65,2781.95,3616.1,2781.95,3630.5,2779.7,3638.85,2772.1,3642.6,2761.5,3642.6,2747.1,3638.85,2724.4,3632,2706.95,3622.15,2688.8,3610.1,2675.9,3599.45,2668.3,3583.55,2663.8
4-88,Uninfected,No_comment,Polygon,26,3600.95,2472.85,3590.3,2472.1,3579.7,2477.4,3571.4,2482.7,3564.55,2491.8,3553.95,2507.7,3550.95,2523.6,3552.45,2544.8,3559.25,2561.5,3566.85,2578.15,3578.95,2595.6,3593.35,2607.7,3613.05,2619.85,3645.65,2625.15,3678.2,2619.05,3695.65,2610,3706.25,2600.9,3713.05,2583.45,3711.55,2563.75,3704.7,2550.9,3691.85,2538.75,3666.1,2517.55,3650.15,2499.35,3638.8,2485.75,3628.9,2478.15,3618.35,2475.1
4-89,Uninfected,No_comment,Polygon,24,3700.2,2628.15,3691.1,2636.5,3677.45,2648.6,3664.55,2661.5,3657,2670.6,3652.45,2681.2,3647.15,2700.9,3654.7,2728.15,3668.35,2745.6,3678.2,2766.05,3713.8,2764.55,3734.25,2757.7,3748.65,2747.1,3759.25,2735,3760.8,2719.1,3766.1,2701.65,3771.4,2690.3,3772.15,2668.3,3769.1,2654.7,3759.25,2641.8,3752.45,2635.75,3746.4,2628.9,3733.5,2624.4,3719.9,2623.6
4-90,Uninfected,No_comment,Polygon,22,3832,2672.85,3813.05,2669.85,3795.65,2680.45,3779.75,2694.1,3771.4,2712.25,3771.4,2731.2,3770.65,2750.15,3782,2769.1,3792.6,2784.25,3808.5,2797.85,3832,2808.5,3844.15,2809.25,3860.8,2806.95,3882,2801.65,3901.7,2787.25,3908.5,2771.35,3916.1,2750.15,3917.6,2732.7,3907.75,2713.75,3890.35,2688,3876.7,2678.9,3853.95,2671.35
4-91,Uninfected,No_comment,Polygon,25,3616.1,2788,3585.8,2788,3573.65,2797.85,3561.55,2807.7,3552.45,2822.85,3550.95,2839.55,3556.25,2852.4,3559.25,2863.05,3564.55,2875.9,3575.95,2888.8,3585,2897.9,3603.95,2908.5,3622.15,2911.5,3647.9,2902.4,3664.55,2896.35,3675.95,2882.7,3685.05,2869.1,3685.05,2846.35,3684.25,2831.2,3678.95,2811.5,3672.15,2799.4,3668.35,2795.6,3660.8,2791.05,3647.9,2785.75,3641.85,2785.75
4-92,Uninfected,No_comment,Polygon,31,3647.9,2438.75,3643.35,2449.35,3643.35,2461.5,3650.15,2472.1,3659.25,2484.2,3666.85,2496.35,3679.7,2510.75,3685.8,2516.05,3701.7,2533.45,3708.45,2537.25,3719.1,2541.05,3725.95,2543.3,3741.85,2545.6,3756.25,2546.35,3766.85,2538,3777.45,2529.65,3785.05,2519.05,3788.8,2508.45,3791.1,2493.3,3788.8,2475.9,3784.25,2461.5,3774.4,2447.1,3758.5,2435.75,3748.65,2429.65,3735.8,2422.85,3725.2,2421.35,3711.55,2420.6,3697.15,2416.8,3685.05,2416.8,3674.4,2418.3,3666.1,2420.6
4-93,Uninfected,No_comment,Polygon,31,3828.95,2338,3818.35,2338.75,3807.75,2341,3797.15,2343.3,3788,2347.1,3778.95,2359.2,3775.95,2365.25,3775.95,2374.35,3775.95,2384.2,3778.95,2399.35,3781.25,2409.2,3783.5,2424.35,3788,2438.75,3797.15,2450.9,3804.75,2459.2,3816.85,2466.05,3833.5,2469.8,3851.7,2469.05,3865.35,2463,3875.95,2454.65,3882.75,2444.05,3888.85,2432.7,3897.15,2416.8,3901.7,2405.4,3902.4,2388,3897.15,2372.85,3889.6,2361.5,3879,2350.1,3869.15,2345.55,3860.05,2344.8,3847.15,2343.3
4-94,Uninfected,No_comment,Polygon,30,3952.45,2395.55,3935.05,2392.55,3926.7,2398.6,3916.85,2406.2,3902.4,2425.9,3895.65,2435.75,3893.35,2449.35,3893.35,2463,3895.65,2485.75,3904.75,2494.8,3913.85,2502.4,3920.65,2506.95,3933.55,2513.75,3943.35,2517.55,3953.2,2521.35,3972.9,2524.35,3981.95,2519.05,3994.9,2513,4002.45,2506.2,4008.55,2500.15,4013.1,2491.8,4016.85,2481.95,4021.4,2469.8,4022.15,2449.35,4019.15,2434.95,4012.3,2422.1,4002.45,2411.5,3994.15,2404.65,3988.05,2400.9,3980.5,2398.6
4-95,Uninfected,No_comment,Polygon,26,3244.1,2044.8,3241.1,2064.5,3242.55,2085.7,3242.55,2107.65,3257,2132.7,3269.1,2134.95,3282,2141,3296.4,2139.5,3314.6,2130.4,3332.7,2120.55,3352.4,2113.75,3366.1,2108.45,3373.65,2097.05,3375.2,2081.9,3372.1,2056.15,3362.25,2038.75,3353.2,2027.35,3342.55,2018.25,3329.75,2012.2,3313,2009.2,3301.7,2007.65,3286.55,2007.65,3276.7,2011.45,3268.3,2017.5,3258.45,2024.35,3250.2,2033.45
4-96,Uninfected,No_comment,Polygon,38,3187.3,2209.2,3180.5,2216.75,3166.1,2222.85,3156.25,2227.4,3146.4,2230.4,3139.55,2244.05,3139.55,2261.45,3141.85,2274.35,3144.85,2286.45,3147.9,2297.1,3155.5,2306.95,3165.3,2316,3179.7,2327.4,3188.75,2332.7,3203.95,2338,3219.1,2340.25,3232,2341,3244.1,2338,3250.2,2332.7,3257.7,2322.1,3260.8,2316.8,3263,2304.65,3263,2289.5,3260.8,2278.9,3257,2266,3253.15,2258.45,3251.7,2247.1,3251.7,2225.1,3251.7,2218.3,3249.4,2211.45,3243.3,2207.7,3236.55,2200.85,3230.5,2197.05,3227.45,2195.55,3219.85,2194.05,3211.55,2194.05,3206.25,2194.8,3204.7,2196.3
4-97,Uninfected,No_comment,Polygon,29,3278.95,2184.2,3275.95,2187.2,3269.9,2192.55,3265.35,2200.1,3261.55,2209.95,3260.05,2221.3,3260.05,2235.7,3266.1,2257.7,3270.65,2267.55,3278.95,2277.4,3290.35,2288.75,3301.7,2295.55,3320.65,2298.6,3329.75,2295.55,3338.8,2289.5,3345.65,2281.95,3350.95,2277.4,3358.5,2269.05,3368.35,2256.15,3382.7,2238,3390.35,2222.85,3392.55,2210.7,3384.3,2194.8,3371.4,2183.45,3361.55,2177.4,3350.95,2170.55,3337.25,2169.8,3311.55,2169.05,3302.4,2171.3
4-98,Uninfected,No_comment,Polygon,29,3422.9,2068.3,3422.1,2068.3,3410.05,2072.05,3405.5,2073.6,3398.65,2081.15,3389.6,2090.25,3385.05,2097.05,3386.55,2122.05,3389.6,2138.75,3394.9,2152.35,3402.4,2161.45,3410.8,2171.3,3419.9,2181.15,3431.25,2188,3444.9,2190.25,3468.35,2186.45,3479.75,2181.9,3491.05,2176.6,3505.5,2169.8,3515.35,2156.15,3522.15,2138.75,3521.35,2122.85,3516.05,2106.15,3505.5,2085.7,3490.35,2073.6,3479,2069.05,3466.8,2066.75,3457.75,2066.75,3448.65,2066.75
4-99,Uninfected,No_comment,Polygon,30,3397.9,2244.8,3388.05,2255.4,3375.2,2269.8,3368.35,2275.1,3358.5,2288.75,3355.5,2305.4,3363.05,2322.1,3372.1,2337.25,3385.05,2350.1,3397.1,2358.45,3425.95,2364.5,3444.15,2363,3457.75,2351.65,3469.15,2345.55,3483.55,2337.25,3491.8,2334.2,3500.2,2324.35,3506.95,2310.7,3502.45,2291.8,3500.9,2278.9,3493.35,2268.3,3488.05,2259.2,3480.5,2250.85,3469.15,2242.55,3460.05,2236.45,3452.45,2233.45,3444.15,2231.9,3432.75,2231.15,3429,2231.15,3421.4,2235.7
4-100,Uninfected,No_comment,Polygon,25,3647.15,2223.6,3634.3,2222.05,3620.6,2224.35,3610.05,2230.4,3595.6,2241.75,3588.1,2250.1,3574.45,2270.55,3573.7,2284.2,3575.2,2306.15,3588.1,2333.45,3597.95,2341.8,3613.85,2353.15,3641.05,2356.95,3657,2353.15,3676.7,2352.4,3694.15,2342.55,3706.25,2325.1,3712.35,2311.45,3712.35,2288.75,3710.75,2273.6,3703.25,2257.7,3691.1,2244.05,3682.8,2234.95,3676.7,2231.15,3675.9,2230.4
4-101,Uninfected,No_comment,Polygon,24,3787.35,2068.3,3770.65,2075.85,3757.05,2084.2,3744.85,2098.6,3741.85,2116,3741.1,2126.6,3742.65,2141.75,3745.65,2153.9,3751.7,2167.55,3761.55,2178.9,3772.95,2184.95,3791.9,2188,3812.35,2184.2,3825.95,2172.05,3835.8,2164.5,3846.45,2153.9,3853.95,2141,3854.7,2122.85,3855.5,2100.85,3848.7,2088,3838.1,2076.6,3830.5,2071.3,3819.85,2067.5,3811.6,2068.3
4-102,Uninfected,No_comment,Polygon,25,3847.95,2165.25,3835,2170.55,3828.95,2177.4,3821.4,2187.2,3815.35,2195.55,3810,2206.9,3802.5,2227.4,3804.7,2239.5,3816.1,2252.4,3822.95,2262.25,3833.55,2273.6,3847.2,2285.7,3857.05,2292.55,3882.8,2298.6,3898.65,2297.85,3917.65,2290.25,3934.25,2281.95,3944.1,2271.3,3950.2,2254.65,3946.45,2230.4,3940.35,2206.15,3924.4,2187.2,3908.5,2173.6,3894.9,2165.25,3883.55,2161.45
4-103,Uninfected,No_comment,Polygon,28,4126.75,2102.35,4100.25,2103.15,4085.85,2113.75,4072.2,2122.85,4061.6,2137.2,4059.3,2150.1,4061.6,2166.75,4066.15,2179.65,4072.2,2191,4078.2,2198.6,4085.1,2206.15,4097.9,2212.25,4101.75,2211.45,4126.75,2210.7,4153.25,2212.25,4166.15,2215.25,4185.1,2213.75,4206.3,2206.15,4211.6,2188,4201,2170.55,4194.95,2167.55,4184.35,2163,4179,2159.2,4176,2156.15,4169.15,2141.75,4162.3,2133.45,4154.8,2123.6,4146.45,2116
4-104,Uninfected,No_comment,Polygon,30,4125.25,2227.4,4113.05,2226.6,4095.7,2222.05,4080.55,2226.6,4071.45,2232.7,4063.85,2238.75,4054,2250.85,4052.5,2266.75,4056.3,2282.7,4066.15,2304.65,4067.6,2316.8,4076,2328.9,4095.7,2341.8,4108.55,2350.1,4119.95,2352.4,4132.05,2352.4,4146.45,2353.9,4154,2347.85,4158.55,2339.5,4166.9,2328.15,4179,2300.85,4184.35,2294.05,4191.15,2287.25,4200.25,2279.65,4204.8,2266.75,4204.8,2249.35,4195.7,2242.55,4181.3,2234.95,4172.9,2231.15,4160.1,2231.9
4-105,Uninfected,No_comment,Polygon,22,4021.45,1935.7,4010.05,1895.55,3996.45,1881.15,3982.8,1872.05,3969.1,1866.75,3953.95,1867.5,3939.6,1869.8,3923.65,1877.35,3909.25,1887.2,3901.75,1900.85,3894.1,1920.55,3892.65,1935.7,3892.65,1953.9,3896.45,1973.6,3910.05,1991,3919.9,1999.35,3934.25,2010.7,3955.5,2012.95,3973.65,2003.9,3986.6,1996.3,4003.95,1987.2,4015.4,1970.55
4-106,Uninfected,No_comment,Polygon,24,4023.65,1988.75,4013.8,1989.5,4000.2,1998.6,3987.35,2011.45,3976,2022.8,3969.1,2037.2,3965.35,2059.2,3971.45,2075.1,3978.2,2097.8,3988.8,2112.2,4003.2,2122.85,4021.45,2124.35,4031.3,2124.35,4050.25,2125.85,4066.15,2109.95,4077.45,2098.6,4087.35,2088.75,4095.7,2072.8,4097.2,2056.15,4085.85,2030.4,4080.55,2017.5,4069.15,2001.6,4056.3,1991,4041.15,1984.95
4-107,Uninfected,No_comment,Polygon,24,4097.2,1966,4089.6,1974.35,4083.5,1984.95,4082.05,1995.55,4082.75,2010.7,4087.35,2025.1,4093.35,2037.95,4101,2051.6,4109.3,2058.45,4122.2,2061.45,4138.85,2065.25,4159.3,2056.9,4176,2050.1,4195.7,2039.5,4214.65,2031.15,4223.7,2020.55,4230.55,1994.8,4221.45,1973.6,4207,1954.65,4192.6,1944.05,4173.7,1938.7,4155.55,1941,4140.4,1941.75,4122.9,1943.25
4-108,Uninfected,No_comment,Polygon,26,4210.85,2047.85,4197.15,2049.35,4186.6,2057.7,4175.25,2068.3,4168.4,2078.9,4163.85,2096.3,4162.3,2114.5,4176,2128.9,4186.6,2141,4197.15,2153.9,4207.85,2164.5,4228.25,2171.3,4241.85,2169.05,4259.35,2166.8,4269.95,2161.45,4279.05,2150.85,4288.1,2139.5,4291.15,2119.05,4295.7,2100.1,4298.75,2088.75,4297.25,2078.9,4283.6,2064.5,4269.95,2052.4,4258.55,2047.05,4243.4,2044.8,4232,2044.05
4-109,Uninfected,No_comment,Polygon,20,3310.8,1603.8,3295.65,1612.9,3278.15,1625.8,3271.4,1639.45,3269.85,1653.85,3272.85,1669,3285.8,1688.7,3297.15,1700.75,3311.55,1706.05,3326.7,1709.9,3354.75,1705.35,3363.8,1697,3377.4,1695.45,3389.6,1686.35,3403.2,1681.8,3410.8,1671.2,3416.8,1644,3404.75,1624.3,3383.5,1607.6,3347.1,1603.05
4-110,Uninfected,No_comment,Polygon,30,3391.1,1493.95,3382.7,1503.8,3377.4,1516.65,3376.65,1528.8,3377.4,1538.65,3382.7,1550.8,3387.25,1560.65,3397.9,1574.3,3407.75,1584.15,3418.35,1596.2,3429,1604.6,3437.25,1606.05,3450.95,1606.8,3463.85,1609.9,3473.7,1603.05,3483.5,1594.75,3493.35,1585.65,3500.9,1576.5,3508.55,1569.75,3514.6,1543.95,3513.85,1530.35,3503.2,1512.1,3489.6,1499.25,3483.5,1493.95,3465.35,1479.55,3452.4,1474.25,3438.8,1471.25,3422.9,1476.55,3411.5,1477.25,3403.2,1485.65
4-111,Uninfected,No_comment,Polygon,23,3385.8,1705.35,3368.35,1713.7,3354.75,1717.45,3346.4,1726.5,3337.25,1735.6,3324.4,1751.5,3332.7,1784.15,3343.35,1803.85,3359.25,1822.8,3373.65,1834.85,3397.1,1835.6,3418.35,1831.85,3431.95,1825,3442.6,1812.15,3450.95,1795.45,3453.2,1770.45,3449.45,1748.55,3442.6,1732.6,3435.8,1722,3431.25,1717.45,3422.9,1711.35,3414.6,1706.05,3409.3,1706.05
4-112,Uninfected,No_comment,Polygon,19,3541.8,1637.9,3528.2,1640.2,3514.6,1644,3501.65,1653.05,3491.8,1662.9,3486.5,1672.75,3481.95,1687.15,3481.2,1700.05,3491.8,1715.9,3501.65,1725.75,3522.15,1740.9,3540.35,1746.2,3565.35,1747.75,3587.3,1747.75,3605.45,1741.65,3608.55,1707.6,3601.7,1665.2,3584.3,1650.05,3567.6,1640.9
4-113,Uninfected,No_comment,Polygon,26,3658.55,1648.5,3647.15,1646.2,3634.3,1657.6,3627.45,1665.2,3623.7,1686.35,3622.15,1698.55,3623.7,1713.7,3627.45,1734.9,3632.8,1749.3,3644.15,1759.9,3654,1767.45,3666.05,1774.3,3683.55,1776.55,3700.15,1773.55,3710,1768.25,3719.15,1762.9,3727.5,1752.3,3734.3,1731.85,3730.45,1712.15,3726.7,1695.45,3720.6,1678.85,3711.55,1662.9,3700.15,1654.6,3691.1,1650.05,3685,1647.75,3682,1647.75
4-114,Uninfected,No_comment,Polygon,31,3525.9,1769,3513.05,1772.75,3497.9,1781.05,3488.05,1788.7,3475.95,1800.75,3469.15,1811.4,3467.6,1828.1,3473.7,1842.45,3485.05,1857.65,3492.6,1863.7,3504,1863.7,3513.85,1865.15,3530.5,1860.6,3542.6,1853.1,3562.3,1843.25,3572.9,1841.7,3589.6,1838.7,3600.9,1836.4,3608.55,1834.85,3620.6,1831.85,3633.55,1817.45,3638.85,1810.6,3640.3,1799.3,3638.85,1785.6,3631.2,1772.75,3614.6,1759.9,3607.75,1756.85,3597.95,1756.05,3578.25,1756.05,3566.05,1757.6,3553.25,1761.35
4-115,Uninfected,No_comment,Polygon,22,3694.15,1796.2,3682.8,1801.55,3671.4,1809.85,3657.8,1828.85,3654.75,1840.15,3654,1850,3653.25,1859.85,3654.75,1875,3658.55,1883.4,3667.65,1899.25,3677.5,1909.15,3703.25,1917.5,3732,1918.25,3745.6,1911.4,3762.35,1900.8,3772.2,1887.15,3779.7,1867.5,3773.7,1835.6,3769.15,1819.7,3749.4,1803.1,3730.45,1793.25,3718.4,1790.9
4-116,Uninfected,No_comment,Polygon,20,3579.75,1844,3563.7,1844,3550.85,1848.55,3537.25,1856.15,3525.2,1865.9,3516.05,1883.4,3515.35,1904.55,3522.15,1922.8,3530.5,1937.95,3549.45,1951.55,3559.3,1957.65,3577.45,1966.7,3611.55,1966.7,3635.75,1946.25,3648.7,1927.35,3654,1908.4,3650.15,1884.85,3635.75,1858.4,3620.6,1849.3,3598.7,1844.7
4-117,Uninfected,No_comment,Polygon,16,3396.4,1850.75,3375.95,1858.4,3358.5,1872.8,3343.35,1891.7,3330.5,1912.95,3330.5,1937.2,3335.8,1960.65,3352.4,1975,3364.6,1981.1,3381.95,1981.1,3419.9,1962.95,3438.05,1939.4,3452.4,1918.25,3456.95,1884.85,3447.9,1859.85,3430.5,1847.8
4-118,Uninfected,No_comment,Polygon,18,3785.8,1634.9,3754,1646.95,3742.65,1656.8,3738.1,1675.75,3738.85,1695.45,3741.85,1717.45,3751.7,1740.9,3763.1,1757.6,3775.15,1765.9,3810,1775,3838.85,1762.15,3856.25,1749.3,3868.4,1725.75,3872.2,1695.45,3864.55,1669.75,3848.7,1652.3,3832.8,1637.9,3800.95,1629.6
4-119,Uninfected,No_comment,Polygon,23,3702.5,1467.4,3682.8,1473.5,3663.1,1487.1,3649.45,1502.25,3645.6,1522.7,3644.9,1538.65,3654,1559.1,3663.1,1577.25,3677.5,1593.2,3694.15,1604.6,3716.85,1609.9,3760.8,1604.6,3778.25,1590.95,3785.8,1573.5,3778.25,1558.35,3769.85,1546.25,3766.1,1537.1,3766.1,1523.5,3766.1,1513.65,3765.3,1496.95,3754,1485.65,3745.6,1478.8,3733.55,1471.25
4-120,Uninfected,No_comment,Polygon,32,3532,1433.3,3523.7,1433.3,3513.05,1440.95,3506.95,1443.15,3500.9,1447.7,3501.65,1461.4,3512.3,1473.5,3519.15,1490.95,3520.65,1503,3522.9,1512.1,3530.5,1526.5,3535.05,1535.65,3541.05,1545.5,3552.45,1553.8,3561.5,1559.9,3572.9,1564.45,3586.5,1565.2,3608.55,1561.35,3614.6,1556.1,3620.6,1550.8,3625.15,1543.95,3629,1531.8,3632.8,1521.25,3633.55,1504.55,3633.55,1484.9,3631.2,1471.25,3623.7,1460.65,3615.3,1452.25,3606.2,1446.95,3591.85,1441.7,3577.45,1440.95,3564.6,1440.95
4-121,Uninfected,No_comment,Polygon,26,3940.35,1736.35,3932.05,1732.6,3917.65,1741.65,3903.25,1752.3,3889.55,1763.7,3882.8,1772.75,3882.05,1785.6,3885.8,1801.55,3898.65,1824.3,3910.8,1837.95,3924.4,1848.55,3943.35,1853.1,3969.1,1856.1,3991.9,1856.1,4004.75,1845.45,4014.6,1834.15,4019.15,1825.75,4022.9,1818.25,4024.45,1805.3,4021.45,1786.35,4016.9,1772.75,4005.55,1761.35,3996.45,1754.6,3988.05,1749.3,3976.75,1745.45,3965.35,1740.9
4-122,Uninfected,No_comment,Polygon,26,3126.7,1665.9,3123.6,1671.95,3121.4,1679.6,3121.4,1694,3129.7,1708.4,3135.8,1729.6,3142.6,1742.45,3152.45,1749.3,3162.3,1756.85,3169.05,1759.9,3184.25,1767.45,3203.15,1768.25,3217.6,1761.35,3236.55,1754.6,3244.1,1744.75,3247.85,1722,3248.6,1705.35,3247.85,1690.9,3239.55,1680.35,3227.45,1670.5,3216.85,1662.9,3203.9,1659.15,3190.3,1654.6,3171.4,1651.5,3156.25,1654.6,3142.6,1659.15
4-123,Uninfected,No_comment,Polygon,16,2916.05,1825.75,2895.55,1834.15,2878.2,1847,2866.05,1869,2865.25,1890.15,2871.35,1909.15,2887.3,1932.65,2902.45,1941.7,2932.75,1948.55,2952.45,1939.4,2970.6,1926.55,2984.95,1911.4,2997.15,1885.6,2982.75,1847,2971.35,1828.1,2952.45,1821.25
4-124,Uninfected,No_comment,Polygon,18,3042.6,1867.5,3030.45,1875.75,3015.3,1891.7,3009.2,1915.15,3012.3,1936.4,3025.9,1954.55,3037.3,1966.7,3054.65,1981.1,3078.9,1984.85,3100.15,1983.4,3118.3,1981.1,3141.85,1967.5,3148.6,1942.5,3138.75,1912.95,3124.35,1894,3109.2,1881.1,3095.6,1870.45,3069.85,1860.6
4-125,Uninfected,No_comment,Polygon,21,2951.65,1694.75,2940.25,1706.8,2936.5,1725.75,2940.25,1739.45,2948.65,1757.6,2958.5,1775,2972.15,1787.95,2985.75,1793.25,3000.1,1794,3010.75,1794,3028.9,1785.6,3041.85,1772.75,3055.45,1755.3,3061.55,1737.15,3057.75,1714.45,3046.4,1694.75,3033.5,1684.15,3020.6,1679.6,3009.2,1678.05,2993.35,1679.6,2975.1,1682.6
4-126,Uninfected,No_comment,Polygon,23,2990.3,1548.5,2982.75,1557.55,2972.9,1573.5,2971.35,1590.95,2970.6,1609.15,2974.35,1623.5,2984.2,1639.45,2996.35,1651.5,3009.2,1659.9,3025.9,1665.9,3041.05,1671.2,3059.2,1672.75,3075.9,1669,3088.75,1657.6,3097.15,1650.05,3104.7,1638.65,3110.75,1619,3100.15,1581.1,3070.6,1543.2,3053.9,1534.9,3032.75,1532.55,3009.2,1531.1,2994.05,1540.2
4-127,Uninfected,No_comment,Polygon,19,3217.6,1512.1,3200.95,1518.2,3186.55,1525.05,3174.4,1539.45,3168.3,1550.05,3164.55,1566.65,3172.85,1589.45,3176.7,1598.5,3194.85,1615.2,3210,1621.95,3238,1622.75,3253.95,1613.65,3268.3,1598.5,3275.95,1585.65,3276.7,1564.45,3275.95,1543.2,3266.1,1528.05,3254.7,1519.75,3241.1,1514.4
4-128,Uninfected,No_comment,Polygon,21,3134.2,1401.55,3116.1,1406.1,3101.7,1414.4,3089.5,1427.25,3079.65,1439.4,3075.15,1454.55,3075.9,1468.15,3082.75,1484.9,3090.3,1500.05,3103.2,1510.65,3120.6,1518.2,3140.3,1515.95,3153.9,1511.4,3171.4,1503,3182.75,1495.5,3189.55,1479.55,3197.15,1465.95,3196.4,1441.7,3188,1421.25,3175.15,1409.1,3166.1,1405.35
4-129,Uninfected,No_comment,Polygon,19,3988.1,1626.5,3955.5,1626.5,3934.3,1634.9,3918.45,1651.5,3912.35,1672,3912.35,1687.9,3923.7,1704.6,3932.05,1712.15,3960.05,1721.2,3984.3,1735.6,4004,1744.75,4015.35,1755.3,4034.3,1767.45,4054,1763.7,4068.4,1753.85,4066.15,1726.5,4057.05,1712.15,4047.95,1694.75,4021.45,1646.95
4-130,Uninfected,No_comment,Polygon,22,4019.9,1528.05,4009.3,1536.4,4004,1550.8,3999.45,1564.45,4000.95,1581.8,4015.35,1597.75,4032.8,1615.2,4054,1623.5,4075.2,1621.2,4093.4,1618.2,4106.3,1616.65,4122.25,1609.15,4126.75,1606.8,4132.8,1596.2,4132.8,1582.6,4129,1574.3,4120.7,1548.5,4111.6,1533.35,4096.45,1525.8,4084.3,1521.25,4066.15,1515.2,4050.2,1516.65
4-131,Uninfected,No_comment,Polygon,23,4077.5,1636.35,4057.05,1643.2,4053.25,1650.75,4054,1662.9,4059.3,1675.75,4066.9,1687.15,4072.2,1698.55,4076,1712.15,4081.3,1723.55,4090.35,1735.6,4103.25,1747.75,4116.9,1751.55,4135.05,1755.3,4153.25,1743.25,4166.15,1733.4,4176,1717.45,4182.05,1703.85,4183.55,1686.35,4176.8,1661.35,4166.95,1648.5,4144.9,1630.35,4123.7,1628.05,4105.5,1631.05
4-132,Uninfected,No_comment,Polygon,25,4145.7,1513.65,4138.1,1523.5,4134.3,1537.1,4134.3,1548.5,4138.1,1565.95,4144.9,1581.1,4156.3,1595.5,4163.85,1596.95,4181.3,1598.5,4192.65,1590.2,4204,1581.1,4218.4,1571.2,4226.75,1565.95,4244.15,1553.05,4253.25,1544.75,4261.6,1535.65,4257.8,1504.6,4243.4,1491.65,4232.05,1484.9,4219.15,1484.1,4208.55,1483.35,4197.95,1483.35,4185.05,1484.9,4169.9,1493.2,4160.05,1496.95
4-133,Uninfected,No_comment,Polygon,19,4215.4,1577.25,4206.3,1586.35,4199.45,1599.3,4197.2,1607.6,4196.45,1624.3,4197.95,1635.65,4209.3,1659.15,4224.45,1676.5,4248.7,1684.9,4270.7,1687.9,4291.2,1679.6,4306.3,1669,4319.95,1654.6,4325.25,1623.5,4321.45,1600.8,4307.8,1586.35,4282.05,1575.05,4262.35,1571.95,4244.15,1568.95
4-134,Uninfected,No_comment,Polygon,17,4167.65,1348.45,4160.05,1363.6,4151.75,1384.1,4155.55,1403,4163.1,1425.8,4181.3,1449.25,4207.05,1461.4,4230.55,1468.2,4251,1461.4,4266.2,1447.7,4279.8,1437.1,4285.1,1414.4,4273.7,1375.8,4252.5,1351.55,4234.3,1337.85,4217.65,1335.65,4201.75,1335.65
4-135,Uninfected,No_comment,Polygon,18,3890.35,1356.85,3886.55,1361.4,3881.25,1372.7,3882,1390.2,3888.1,1407.55,3895.65,1433.3,3916.9,1457.55,3938.85,1467.4,3958.55,1460.65,3975.2,1451.55,4000.2,1435.65,4010.8,1402.25,4013.85,1378,4004.75,1359.1,3986.6,1337.85,3973,1328.75,3944.9,1328,3925.95,1334.85
4-136,Uninfected,No_comment,Polygon,18,3804.05,1357.55,3788.1,1365.95,3771.4,1375.8,3755.5,1388.6,3742.6,1409.85,3741.85,1427.25,3747.95,1444.7,3755.5,1462.1,3768.4,1480.35,3787.3,1490.95,3819.15,1499.25,3844.9,1487.1,3860.05,1472.7,3873.75,1455.35,3875.95,1433.3,3867.65,1395.5,3854.75,1372.7,3838.1,1359.1
4-137,Uninfected,No_comment,Polygon,17,3560.8,1309.85,3544.9,1322,3529.75,1336.4,3520.7,1360.65,3519.9,1379.55,3530.55,1395.5,3541.1,1409.1,3556.25,1420.5,3574.45,1426.55,3608.5,1422.7,3622.9,1407.55,3633.5,1387.85,3642.6,1365.15,3642.6,1342.45,3629.75,1325,3615.35,1309.05,3598.65,1304.55
4-138,Uninfected,No_comment,Polygon,23,3667.6,1253.85,3657,1261.4,3645.65,1272.75,3643.35,1287.9,3645.65,1306.85,3649.4,1326.55,3653.95,1342.45,3660.8,1357.55,3669.1,1375.05,3690.35,1384.15,3708.5,1388.65,3732,1384.9,3748.65,1378.8,3766.1,1364.45,3781.25,1346.25,3784.3,1325.8,3775.95,1306.85,3762.3,1290.2,3749.45,1281.1,3729.75,1267.45,3710.8,1254.55,3694.1,1249.3,3685.8,1249.3
4-139,Uninfected,No_comment,Polygon,23,3750.2,1162.15,3737.3,1163.65,3721.4,1172,3711.55,1182.6,3703.2,1198.45,3702.45,1216.7,3710.8,1237.15,3728.95,1250.8,3743.35,1262.15,3770.65,1283.4,3788.8,1295.5,3807.75,1304.6,3822.15,1303.85,3835.8,1294.75,3846.4,1279.6,3852.45,1260.65,3843.35,1243.15,3832,1229.55,3818.35,1218.2,3809.3,1209.15,3801.7,1194,3791.1,1169.75,3778.2,1161.4
4-140,Uninfected,No_comment,Polygon,25,3804.75,1126.55,3801.7,1134.9,3799.45,1154.6,3805.5,1169.75,3817.6,1186.4,3835.05,1206.1,3845.65,1219.7,3856.25,1227.3,3872.9,1229.55,3886.55,1219,3888.05,1203.05,3891.85,1179.6,3907.75,1165.15,3922.15,1159.15,3934.3,1159.9,3944.9,1150,3942.6,1129.6,3929.75,1115.95,3910.8,1100.05,3894.15,1090.2,3884.3,1089.45,3869.15,1089.45,3850.2,1091.7,3834.3,1099.3,3823.65,1105.3
4-141,Uninfected,No_comment,Polygon,19,4008.55,1160.65,3993.4,1170.5,3977.45,1179.6,3969.15,1194,3966.85,1209.85,3969.15,1225.8,3978.25,1244,3992.6,1259.9,4010.05,1269,4035.8,1273.55,4057.8,1270.5,4070.65,1265.95,4081.25,1254.55,4091.1,1240.95,4096.4,1223.55,4092.65,1205.35,4080.5,1181.1,4061.55,1160.65,4046.35,1153.75
4-142,Uninfected,No_comment,Polygon,21,4147.95,1114.45,4119.15,1122,4096.4,1127.3,4086.55,1131.85,4079,1143.2,4079.75,1156.1,4088.85,1168.2,4100.95,1181.1,4114.6,1195.5,4127.5,1203.85,4147.95,1207.6,4166.9,1205.35,4189.6,1204.6,4216.1,1206.1,4232.05,1200.05,4237.35,1181.85,4230.5,1156.1,4217.65,1143.2,4205.5,1132.6,4189.6,1120.45,4177.5,1115.2
4-143,Uninfected,No_comment,Polygon,23,4142.65,1230.35,4128.25,1237.9,4117.65,1247.75,4110.05,1253.05,4097.95,1265.2,4085.8,1281.1,4087.35,1296.25,4099.45,1310.65,4118.4,1326.55,4132,1330.35,4156.25,1331.1,4169.9,1323.55,4191.9,1322,4209.3,1316.7,4226.75,1310.65,4237.35,1303.1,4246.45,1290.2,4253.25,1268.25,4247.2,1252.3,4233.55,1233.3,4222.95,1223.55,4204.75,1219.7,4184.3,1222
4-144,Uninfected,No_comment,Polygon,23,4038.1,964.4,4029.75,972,4024.45,981.05,4022.15,986.4,4020.65,996.2,4022.15,1005.35,4028.25,1018.2,4033.55,1029.5,4034.3,1041.7,4036.55,1055.35,4038.1,1070.45,4042.65,1091.7,4047.15,1104.6,4058.55,1112.9,4074.45,1115.95,4116.1,1106.85,4148.7,1091.7,4166.9,1068.2,4159.3,1029.5,4132.8,989.4,4114.6,975.05,4089.6,961.35,4066.85,959.1
4-145,Uninfected,No_comment,Polygon,17,3955.5,990.9,3938.85,996.2,3916.1,1013.65,3900.95,1031.85,3897.9,1052.3,3901.7,1066.7,3918.4,1090.2,3938.85,1108.35,3951.7,1122,3966.1,1132.6,3985.05,1134.9,4004,1130.3,4019.15,1115.2,4027.45,1092.45,4019.15,1044.75,4004,1003.05,3975.95,989.4
4-146,Uninfected,No_comment,Polygon,19,3818.35,898.5,3801.7,907.6,3782.75,917.45,3768.35,925,3754.75,935.65,3748.65,950.8,3763.05,975.8,3774.45,992.45,3791.1,1003.05,3813.8,1011.4,3836.55,1012.9,3860.05,1009.1,3875.95,996.2,3891.85,981.85,3898.7,965.2,3904.75,943.95,3895.65,912.15,3882,893.95,3863.05,891.65
4-147,Uninfected,No_comment,Polygon,19,3668.35,931.1,3648.65,941.7,3631.25,957.6,3611.55,984.1,3613.8,1006.05,3623.65,1025.75,3637.3,1040.9,3656.25,1052.3,3676.7,1059.1,3696.4,1055.35,3710.8,1050.75,3723.65,1043.95,3740.35,1026.55,3747.15,1006.85,3748.65,989.4,3739.6,958.35,3725.2,943.2,3707,934.1,3697.9,933.35
4-148,Uninfected,No_comment,Polygon,25,3564.55,1050.75,3550.15,1056.1,3536.55,1063.65,3525.95,1073.5,3514.55,1084.1,3509.25,1093.2,3504.7,1103.8,3503.2,1116.7,3505.45,1130.3,3515.3,1144,3537.3,1161.4,3550.95,1166.7,3570.65,1167.45,3581.25,1166.7,3600.15,1166.7,3613.05,1162.15,3631.25,1150,3646.4,1127.3,3647.9,1113.65,3646.4,1089.45,3644.1,1078.8,3634.25,1063.65,3625.2,1059.9,3610.8,1052.3,3596.4,1050.75
4-149,Uninfected,No_comment,Polygon,24,3374.4,1116.7,3364.55,1129.6,3355.45,1138.65,3345.55,1149.3,3335.75,1159.15,3326.65,1175.8,3324.4,1192.45,3329.7,1212.15,3338.05,1227.3,3353.2,1242.45,3368.35,1249.3,3383.5,1250.05,3403.2,1244.7,3411.55,1238.7,3419.85,1231.85,3431.2,1220.5,3437.3,1210.65,3447.15,1181.1,3444.1,1162.9,3438.05,1144.75,3430.45,1134.15,3417.6,1123.5,3405.45,1115.95,3393.35,1113.65
4-150,Uninfected,No_comment,Polygon,25,3288.05,1037.9,3278.2,1041.7,3266.05,1052.3,3251.65,1063.65,3239.55,1084.1,3241.05,1102.3,3244.1,1115.95,3247.9,1129.6,3260.75,1145.5,3271.35,1154.6,3283.5,1159.15,3300.15,1161.4,3316.05,1154.6,3327.45,1147,3334.25,1140.15,3344.85,1127.3,3350.15,1121.25,3356.2,1111.4,3362.3,1089.45,3364.55,1075.05,3358.5,1062.9,3347.9,1053.05,3336.5,1040.2,3309.25,1034.1,3297.15,1034.9
4-151,Uninfected,No_comment,Polygon,24,3353.95,900,3347.15,906.85,3335.75,917.45,3327.45,931.85,3322.9,947.75,3321.35,967.45,3330.45,981.05,3335.75,994.65,3343.35,1004.55,3351.65,1013.65,3363.05,1022.75,3382,1020.5,3398.65,1021.25,3418.35,1011.4,3430.45,1000.05,3436.55,985.65,3439.55,965.2,3435.75,943.95,3431.2,926.5,3423.65,906.1,3411.55,896.25,3407.75,895.5,3393.35,893.95,3382.75,894.7
4-152,Uninfected,No_comment,Polygon,12,3506,873.6,3474.6,882.65,3457.25,895.85,3445.65,928.15,3456.4,967.85,3482.85,996.75,3520.85,1002.5,3553.95,991.75,3572.15,964.45,3581.2,933.9,3567.15,892.6,3550.65,881.8
4-153,Uninfected,No_comment,Polygon,19,3215.05,1275.25,3204.4,1283.55,3191.95,1293.45,3184.5,1302.55,3182.85,1316.6,3183.65,1330.65,3185.35,1348.8,3198.55,1364.5,3212.6,1374.45,3229.1,1380.25,3252.25,1376.1,3288.65,1367.85,3299.35,1357.1,3309.3,1342.2,3310.15,1324.8,3305.15,1307.5,3290.3,1281.85,3274.6,1268.6,3239.05,1262.05
4-154,Uninfected,No_comment,Polygon,25,3163.9,1158.7,3150.6,1158.7,3144.85,1161.25,3127.45,1170.3,3113.4,1179.4,3099.35,1194.25,3091.9,1206.65,3102.7,1233.95,3111.75,1250.45,3125.8,1261.2,3141.5,1266.15,3158.05,1267,3173.75,1268.6,3185.35,1260.4,3190.25,1256.2,3201,1246.35,3207.65,1236.4,3211.75,1224,3215.05,1205.85,3211.75,1196.75,3206,1186.85,3196.9,1174.45,3192.75,1170.3,3191.1,1167.8,3183.65,1163.7
4-155,Uninfected,No_comment,Polygon,23,3453.9,744.65,3441.5,748.75,3430.75,757.05,3420,768.6,3409.3,785.15,3405.15,800.85,3402.65,825.65,3410.95,847.15,3420.85,859.55,3429.95,866.95,3462.2,869.45,3481.2,866.15,3494.4,862,3515.9,855.4,3530.75,850.45,3543.15,834.75,3550.6,805,3546.5,788.45,3534.1,766.95,3525,755.4,3512.6,743,3506,741.35,3494.4,737.2
4-156,Uninfected,No_comment,Polygon,21,3547.25,554.55,3540.7,557.05,3530.75,565.3,3518.4,575.2,3506.75,591.75,3501.85,608.25,3512.6,647.1,3529.95,665.3,3547.25,674.4,3573.7,676.05,3595.25,666.95,3607.65,660.35,3615.1,650.4,3625.8,632.25,3629.9,613.25,3624.15,591.75,3613.4,571.1,3601.05,555.35,3590.3,549.6,3575.35,548.75,3563.85,549.6
4-157,Uninfected,No_comment,Polygon,26,3733.25,595.05,3716.75,602.5,3709.3,605.8,3696.9,617.35,3687,628.95,3678.7,645.45,3673.75,655.4,3672.95,664.45,3673.75,676.05,3677.9,689.25,3683.7,701.65,3691.1,714.05,3698.5,723.15,3715.9,732.25,3768.75,728.95,3787.8,717.35,3801.05,701.65,3810.15,688.45,3814.25,664.45,3808.5,630.6,3799.4,615.7,3785.35,603.3,3778.7,600,3771.3,596.7,3760.55,594.2,3753.05,593.4
4-158,Uninfected,No_comment,Polygon,26,3823.3,759.5,3812.6,766.15,3807.65,769.45,3799.4,780.2,3791.1,789.25,3782.8,801.65,3778.7,828.1,3783.7,837.2,3792.75,851.25,3801.85,862,3812.6,869.45,3829.95,876.05,3847.3,876.9,3867.15,873.6,3877.1,871.1,3884.5,864.5,3889.45,856.2,3893.55,838.85,3894.45,814.9,3893.55,800,3890.3,782.65,3879.5,768.6,3872.95,763.65,3863.05,758.7,3850.65,758.7,3843.2,758.7
4-159,Uninfected,No_comment,Polygon,30,3985.35,659.5,3978.75,654.55,3961.4,653.75,3956.4,653.75,3944,661.15,3933.3,670.25,3922.55,679.35,3906.85,695.9,3901.05,710.75,3901.05,723.15,3905.95,738.85,3915.9,750.45,3924.2,759.5,3933.3,767.8,3944.85,776.05,3961.4,780.2,3977.9,780.2,3987.85,780.2,4005.2,781,4019.25,781,4034.1,781,4041.55,776.05,4050.65,765.3,4053.95,752.9,4046.5,738.85,4036.6,724,4027.5,706.6,4020.9,694.25,4003.55,671.9,3999.4,667.8
4-160,Uninfected,No_comment,Polygon,19,3972.1,792.6,3953.1,795.9,3934.05,806.65,3920,816.55,3910.95,833.9,3909.3,851.25,3910.15,867.8,3917.6,883.5,3931.65,896.7,3956.4,907.45,3968.8,910.75,4010.15,904.15,4030.75,890.1,4045.7,873.6,4049,842.15,4042.4,818.2,4028.35,806.65,4015.95,795.05,4001.05,793.4
4-161,Uninfected,No_comment,Polygon,16,3294.4,604.95,3268.8,611.6,3244.8,623.15,3231.6,642.15,3226.6,662,3232.4,686.8,3244,709.1,3264.65,723.15,3293.55,732.25,3325,730.6,3338.2,719.85,3356.4,708.3,3363.8,675.2,3367.9,644.65,3352.25,615.7,3343.15,610.75
4-162,Uninfected,No_comment,Polygon,19,3246.45,494.2,3222.5,501.65,3206.8,511.55,3196.85,522.3,3184.45,539.65,3182,560.35,3186.15,576.05,3199.35,601.65,3215.9,619.85,3244,611.6,3263.8,605.8,3286.95,595.85,3296.05,589.25,3301.85,580.15,3306.8,562,3305.15,538,3293.55,515.7,3284.5,505.8,3271.2,498.35
4-163,Uninfected,No_comment,Polygon,18,3139,576.85,3125.8,579.35,3115.85,580.15,3101,583.5,3084.45,599.2,3077.8,606.6,3072.9,624.8,3073.7,647.1,3075.35,663.65,3089.45,677.7,3110.9,691.75,3137.35,697.55,3164.65,690.1,3181.15,677.7,3190.25,661.15,3193.55,638.85,3186.95,609.1,3172.1,590.1
4-164,Uninfected,No_comment,Polygon,18,3026.6,715.7,3009.2,724,2991.9,736.4,2979.5,749.6,2972.9,771.9,2973.7,790.1,2991.9,813.25,3009.2,824.8,3021.6,834.75,3040.65,841.35,3058,834.75,3076.2,824,3095.2,803.3,3103.5,766.95,3088.6,729.75,3078.7,722.35,3064.65,718.2,3057.2,717.35
4-165,Uninfected,No_comment,Polygon,21,2962.15,821.5,2949.75,822.35,2934.85,829.75,2921.65,837.2,2910.85,852.1,2905.95,867.8,2902.65,885.95,2905.1,903.35,2910.85,916.55,2917.5,928.1,2935.7,946.3,2953.9,952.1,2975.35,952.1,2996.85,934.75,3005.1,925.65,3018.35,907.45,3023.25,895.05,3030.75,867.8,3015.85,841.35,2996.05,826.45,2978.65,816.55
4-166,Uninfected,No_comment,Polygon,25,3040.65,1061.2,3020.85,1072.75,3012.55,1079.35,3009.2,1087.65,3009.2,1096.75,3011.75,1107.45,3012.55,1119.05,3016.7,1133.9,3018.35,1145.5,3021.6,1159.55,3027.45,1167.8,3039.85,1179.4,3054.7,1179.4,3063.75,1179.4,3075.35,1175.25,3085.3,1166.15,3095.2,1152.1,3104.25,1139.7,3107.6,1115.75,3104.25,1092.6,3098.5,1071.1,3087.75,1058.7,3077.05,1053.75,3073.7,1052.95,3057.2,1053.75
4-167,Uninfected,No_comment,Polygon,29,2929.1,1029.8,2914.2,1033.1,2900.15,1043.85,2891.05,1054.6,2884.4,1064.5,2881.15,1077.7,2881.15,1090.95,2885.3,1105,2893.55,1127.3,2896.05,1139.7,2902.65,1150.45,2915.05,1161.2,2929.9,1167.8,2941.5,1171.95,2951.4,1173.6,2967.95,1173.6,2982.8,1167,2995.15,1165.35,2998.5,1158.7,3005.1,1139.7,3004.3,1127.3,2991.05,1099.2,2986.95,1080.2,2977,1052.95,2972.9,1043.85,2957.2,1033.1,2955.55,1032.25,2955.55,1032.25,2945.6,1029.8
4-168,Uninfected,No_comment,Polygon,18,3720.05,468.6,3699.4,476.1,3687.8,486.8,3681.2,500,3672.1,517.35,3672.95,542.15,3682.85,560.4,3694.45,571.1,3710.15,581.85,3730.8,581.85,3751.45,578.55,3764.7,572.8,3777.9,560.4,3787,542.15,3786.15,519.05,3774.6,484.3,3765.5,476.1,3747.35,472.75
4-169,Uninfected,No_comment,Polygon,24,3882.05,503.3,3861.4,503.3,3849.8,510.75,3837.4,518.25,3825.85,524.8,3811.8,535.6,3801.05,548,3791.15,561.2,3789.5,569.45,3795.25,581,3804.35,594.25,3815.1,605,3835.75,616.6,3852.3,619.85,3877.1,624,3891.95,621.5,3906.85,613.25,3918.4,597.55,3927.5,581,3930.8,564.5,3925,548,3913.45,537.2,3901.05,524.8,3887.85,509.1
4-170,Uninfected,No_comment,Polygon,23,3589.45,335.55,3581.2,345.45,3577.05,353.75,3573.75,368.65,3573.75,384.3,3577.9,400,3581.2,418.2,3587.8,434.7,3597.75,451.3,3617.55,465.35,3634.1,471.1,3660.55,466.15,3691.1,445.45,3703.5,428.95,3709.3,409.95,3701.85,381.05,3685.35,353.75,3673.75,343,3662.2,335.55,3649.8,330.6,3635.75,328.15,3624.2,327.3,3612.6,328.95
4-171,Uninfected,No_comment,Polygon,21,3485.35,323.95,3474.6,323.15,3467.15,328.95,3460.55,343.8,3453.1,356.25,3444,371.9,3439.05,385.15,3432.45,400,3430.8,412.4,3430.8,432.25,3434.1,447.95,3445.65,460.35,3460.55,473.55,3475.4,483.5,3522.5,486.8,3547.3,473.55,3564.65,451.3,3563.85,400,3544.85,353.75,3528.3,334.7,3511.8,323.95
4-172,Uninfected,No_comment,Polygon,22,3320.85,379.4,3313.4,387.6,3304.3,400.85,3298.55,415.7,3296.05,433.9,3295.25,454.55,3301,471.1,3315.9,488.45,3329.1,496.7,3348.15,503.3,3367.95,501.65,3382,495.05,3391.1,485.15,3400.2,473.55,3410.1,457.85,3414.25,424,3404.35,398.35,3391.1,381.85,3379.55,376.05,3363.85,371.1,3354.75,371.1,3344.8,373.55
4-173,Uninfected,No_comment,Polygon,23,3407.65,241.3,3389.45,245.5,3370.45,255.35,3357.2,264.45,3345.65,282.7,3338.2,312.45,3338.2,324.85,3343.15,339.7,3358.05,352.95,3374.6,360.35,3391.95,365.35,3414.25,372.75,3426.65,371.9,3436.55,357.85,3444.85,342.2,3458.05,321.5,3467.95,305.8,3470.45,295.85,3468.8,281.8,3457.25,266.95,3446.5,257.05,3434.9,247.95,3425.8,242.2
4-174,Uninfected,No_comment,Polygon,27,3145.65,213.2,3137.35,218.2,3131.6,220.65,3124.15,228.15,3116.7,236.35,3108.45,247.95,3102.65,258.7,3100.2,277.7,3104.3,290.9,3115.9,307.45,3128.3,319.85,3139.05,327.3,3153.9,332.25,3172.9,335.55,3190.25,328.95,3201,321.5,3210.1,314.1,3222.5,297.55,3226.65,285.15,3227.45,266.1,3216.7,235.55,3210.1,226.45,3200.2,218.2,3195.25,215.75,3191.9,213.2,3179.5,211.55,3169.6,212.4
4-175,Uninfected,No_comment,Polygon,23,2937.35,271.1,2925.8,281,2915.05,290.9,2907.6,298.4,2901,305.8,2900.15,321.5,2908.45,336.35,2916.7,348.75,2926.6,359.5,2935.7,369.45,2944.8,377.7,2962.15,387.6,2991.9,390.9,3011.75,381.05,3025.8,367.8,3035.7,343.8,3033.25,312.45,3024.15,280.15,3015.05,271.95,3005.95,267.75,3001.85,266.95,2974.55,266.1,2956.35,266.1
4-176,Uninfected,No_comment,Polygon,29,2843.95,329.75,2832.4,333.9,2819.15,349.6,2809.25,359.5,2804.3,367,2794.4,382.7,2787.75,394.25,2790.25,417.35,2794.4,428.95,2801.8,438.05,2810.1,446.3,2825.8,455.4,2843.95,456.2,2855.55,456.2,2873.7,452.95,2888.6,443,2898.5,433.9,2907.6,419.85,2911.75,403.3,2911.75,387.6,2910.1,373.55,2903.45,357.85,2896.85,347.1,2891.1,342.2,2883.65,337.2,2875.35,332.25,2873.7,332.25,2863.8,328.95,2856.35,328.15
4-177,Uninfected,No_comment,Polygon,25,3033.25,442.15,3019.2,447.1,3011.75,458.7,2998.5,475.2,2995.2,485.15,2995.2,498.35,2992.75,509.95,2993.55,523.15,2999.35,537.2,3005.95,548.8,3015.9,555.4,3024.95,561.2,3040.65,561.2,3051.4,561.2,3076.2,552.9,3088.6,543,3097.7,527.3,3107.6,510.75,3103.5,477.75,3094.4,454.55,3081.15,445.45,3079.5,443.8,3068.75,439.7,3057.2,439.7,3048.95,439.7
4-178,Uninfected,No_comment,Polygon,25,2901.8,503.3,2892.75,514.05,2886.1,521.55,2879.5,532.3,2876.2,548.8,2872.9,564.5,2872.05,573.6,2872.05,589.3,2882,605,2892.75,616.6,2904.3,621.5,2916.7,624,2932.4,625.65,2950.6,629,2967.95,619.85,2981.15,606.65,2990.25,592.6,2993.55,571.9,2991.9,552.1,2983.65,538.05,2972.05,524,2962.15,516.55,2946.45,506.65,2931.55,502.5,2919.2,502.5
4-179,Uninfected,No_comment,Polygon,25,2742.3,550.45,2732.4,563.7,2724.1,570.25,2714.2,581,2705.95,602.55,2708.4,614.05,2714.2,630.65,2720.8,641.4,2730.75,649.6,2750.55,659.55,2758.85,662,2777.85,665.3,2791.05,667.8,2811.75,658.75,2819.15,654.55,2826.6,638.85,2832.4,621.5,2829.9,601.7,2824.95,588.5,2815.85,564.5,2803.45,554.55,2786.95,548,2779.5,545.45,2769.6,542.15,2761.3,543.8
4-180,Uninfected,No_comment,Polygon,20,2854.7,723.15,2848.9,735.55,2839,745.5,2834.05,752.15,2834.05,767.85,2834.85,783.55,2847.25,800.05,2858,810.8,2866.3,817.4,2891.1,826.5,2903.45,827.3,2919.2,827.3,2930.75,821.5,2948.95,805,2954.7,791.75,2959.7,758.7,2939.85,732.25,2922.5,719.05,2901,711.65,2888.6,714.1
4-181,Uninfected,No_comment,Polygon,29,2751.4,690.1,2734.85,688.45,2720.8,705,2709.25,716.55,2698.5,726.5,2690.25,746.3,2688.6,769.5,2692.7,786,2696,796.75,2702.65,808.35,2714.2,821.5,2723.3,830.6,2734.05,838.1,2753.05,843.85,2767.1,843,2779.5,838.1,2792.7,833.9,2801,826.5,2810.1,814.1,2810.9,805.8,2815.05,786.8,2820,771.95,2820.8,755.45,2817.5,731.45,2810.9,714.1,2796.05,702.5,2791.05,698.4,2781.15,691.75,2767.1,690.1
4-182,Uninfected,No_comment,Polygon,22,2853.05,56.15,2836.5,68.55,2826.6,82.6,2822.45,102.45,2821.65,119,2824.95,139.65,2840.65,159.5,2853.85,174.35,2867.9,183.45,2884.4,189.25,2902.65,188.4,2918.35,184.3,2932.4,175.2,2948.1,160.3,2953.9,149.55,2955.55,128.9,2954.65,111.55,2943.15,88.4,2932.4,71.85,2922.45,59.45,2905.1,47.9,2887.7,45.4
4-183,Uninfected,No_comment,Polygon,26,2616.65,69.4,2605.9,74.35,2596.85,80.15,2586.9,88.4,2577.8,99.95,2575.35,112.35,2574.5,127.25,2577,139.65,2582.8,152.85,2590.2,165.25,2599.3,179.3,2609.25,189.25,2625.75,200,2640.65,206.6,2667.1,200.8,2689.4,195.85,2698.5,188.4,2706.7,172.7,2710.9,146.25,2706.7,128.05,2696,106.6,2683.6,91.7,2672.85,83.45,2662.1,74.35,2651.4,71.05,2646.4,71.05
4-184,Uninfected,No_comment,Polygon,25,2737.35,244.6,2729.9,252.85,2723.3,258.65,2710.05,273.55,2702.6,295.05,2700.15,304.1,2698.5,315.65,2698.5,329.7,2705.05,358.65,2712.55,370.25,2727.4,379.35,2740.65,383.45,2759.6,385.1,2769.55,381,2779.5,372.7,2791,361.15,2797.65,351.25,2805.1,339.65,2814.15,323.15,2823.3,300.8,2820,276.85,2804.3,249.55,2789.35,237.15,2767.1,235.5,2758,238
4-185,Uninfected,No_comment,Polygon,23,2614.2,282.65,2602.6,281.8,2591.05,290.9,2578.65,300,2567.85,312.4,2563.75,325.6,2564.6,338.85,2564.6,354.55,2576.15,373.55,2584.45,389.25,2598.5,400,2623.3,406.6,2643.95,409.1,2658,406.6,2669.55,400,2679.5,391.75,2686.1,384.25,2690.2,365.3,2691.9,341.3,2682.8,317.35,2669.55,304.1,2648.05,290.05,2642.3,286.75
4-186,Uninfected,No_comment,Polygon,25,2682.8,441.3,2668.75,449.6,2664.55,452.9,2655.5,469.4,2644.75,485.95,2639.8,500.8,2640.65,517.35,2648.05,533.9,2653.05,542.15,2660.45,550.4,2671.2,556.2,2680.25,559.5,2690.2,562,2708.4,562,2723.3,551.25,2734.8,540.5,2743.95,531.4,2751.4,520.65,2752.2,500,2752.2,478.5,2739.8,461.15,2730.7,452.9,2717.5,441.3,2705.05,438,2699.3,438.85
4-187,Uninfected,No_comment,Polygon,26,2424.9,514.85,2414.95,520.65,2408.4,534.7,2403.45,550.4,2400.9,566.95,2399.3,584.3,2403.45,600.85,2410.85,615.7,2422.45,630.6,2440.6,646.3,2453.85,649.6,2475.35,652.05,2489.4,643.8,2503.45,633.9,2512.55,623.95,2520.8,613.25,2524.9,597.5,2525.7,576.05,2522.45,552.9,2516.65,538.85,2505.1,524.8,2496,517.35,2481.95,514.05,2465.4,509.05,2448.9,509.05,2438.95,512.4
4-188,Uninfected,No_comment,Polygon,20,2290.15,249.55,2281.95,256.2,2275.3,264.45,2268.7,277.65,2267.9,297.5,2267.05,310.75,2272.85,331.4,2283.6,347.1,2296.8,362.8,2310.85,371.9,2333.95,378.5,2354.65,369.4,2371.2,360.3,2383.6,344.6,2392.7,320.65,2381.95,290.05,2371.2,265.25,2344.7,248.75,2325.75,242.15,2307.5,241.3
4-189,Uninfected,No_comment,Polygon,18,2253,112.35,2243.9,116.5,2236.5,124.75,2227.4,140.45,2221.55,156.15,2222.45,176.85,2227.4,196.65,2238.15,211.55,2253.85,223.95,2273.65,235.5,2296,234.7,2312.5,230.55,2335.65,224.75,2348,205.75,2349.7,175.2,2334.85,150.4,2310.85,113.2,2273.65,106.6
4-190,Uninfected,No_comment,Polygon,27,2382.75,36.35,2362.95,40.45,2346.35,47.1,2340.6,51.2,2328.2,66.1,2324.1,83.45,2327.4,103.3,2336.5,118.15,2346.35,133.05,2354.65,147.1,2371.2,166.1,2381.95,168.55,2408.4,163.6,2416.6,157.85,2424.1,143.8,2424.1,125.6,2425.75,114,2430.65,104.1,2436.5,91.7,2438.95,80.95,2438.95,69.4,2432.35,59.45,2425.75,50.4,2418.25,44.6,2409.2,38.8,2403.45,37.15,2396,34.7
4-191,Uninfected,No_comment,Polygon,16,2485.2,76.85,2463.75,77.65,2450.55,87.6,2443.05,113.2,2439.8,131.4,2448.9,148.75,2464.6,165.25,2481.1,178.5,2500.15,189.25,2519.95,190.85,2540.65,178.5,2553.05,165.25,2555.45,139.65,2547.25,108.2,2529.9,86.75,2526.6,85.1
4-192,Uninfected,No_comment,Polygon,20,2156.75,229.65,2142.35,243.2,2133.4,257.65,2127.95,276.5,2127.95,292.75,2130.65,306.3,2137,324.25,2149.55,339.6,2165.75,347.75,2180.2,352.25,2195.5,346.85,2227.05,335.95,2237.9,317.95,2239.65,291.85,2233.4,263.95,2224.35,253.15,2213.5,243.2,2197.3,229.65,2187.45,227.85,2180.2,226.05
4-193,Uninfected,No_comment,Polygon,28,2223.45,368.4,2217.1,363.05,2203.6,363.05,2195.5,363.95,2185.65,372,2174.8,383.7,2163.05,399.1,2159.45,413.5,2154.95,427.85,2153.15,445.95,2153.15,466.6,2160.35,481.9,2175.7,497.3,2192.8,505.4,2210.8,509.9,2239.65,505.4,2258.55,492.8,2266.65,481.9,2273.9,466.6,2278.4,448.65,2270.3,434.15,2266.65,430.55,2252.25,424.25,2247.75,420.65,2243.25,416.15,2240.55,409.9,2239.65,390.05,2228.85,371.1
4-194,Uninfected,No_comment,Polygon,26,2177.5,523.35,2164.85,526.95,2153.15,534.15,2144.15,544.15,2137.9,551.35,2134.3,563.9,2131.55,574.7,2131.55,587.35,2133.4,600.9,2143.25,617.95,2156.75,631.45,2173,642.35,2187.45,649.55,2208.1,655.85,2232.5,648.65,2248.65,640.55,2257.65,626.95,2263.05,610.8,2265.75,592.8,2264.85,571.1,2254.95,552.25,2242.35,539.6,2234.3,530.55,2224.35,522.45,2216.2,520.65,2204.5,519.75
4-195,Uninfected,No_comment,Polygon,26,1997.3,340.5,1991.05,345.95,1984.75,354.95,1980.2,368.4,1976.6,382.8,1973.85,393.7,1971.15,408.1,1969.35,428.75,1969.35,441.4,1969.35,455.85,1981.1,473.8,1992.8,481.9,2009,490.05,2028.85,491,2042.35,492.8,2059.45,487.35,2072.95,481,2083.85,468.4,2092.8,445.05,2094.6,416.15,2091.9,391.85,2086.55,375.6,2073.9,363.05,2056.75,345.95,2037.9,335.05,2025.25,333.25
4-196,Uninfected,No_comment,Polygon,25,1880.2,344.15,1872.95,347.75,1865.75,355.85,1858.55,369.3,1854.95,386.4,1854.05,400.9,1855.85,416.15,1857.65,433.25,1867.55,452.25,1874.75,461.25,1889.25,472,1905.4,478.3,1936.1,474.7,1951.35,460.35,1951.35,449.55,1954.95,431.45,1955.85,412.6,1955.85,395.5,1957.65,381.9,1961.25,370.2,1954.05,354.05,1945.95,344.15,1935.2,335.05,1918.9,333.25,1904.5,333.25
4-197,Uninfected,No_comment,Polygon,22,1787.45,369.3,1745.1,368.4,1718,376.5,1700.9,397.3,1702.7,423.35,1706.3,440.5,1712.6,456.75,1722.5,467.5,1736.95,481.9,1744.2,488.25,1758.55,488.25,1774.75,482.8,1791.05,476.5,1809.9,477.4,1823.4,477.4,1839.7,461.25,1843.3,443.25,1840.6,426.95,1831.55,406.3,1817.1,388.25,1806.3,376.5,1804.5,374.7
4-198,Uninfected,No_comment,Polygon,22,1800.9,489.15,1793.75,486.45,1774.75,496.4,1760.35,505.4,1749.55,517.05,1744.2,532.35,1743.3,551.35,1747.75,563.05,1754.05,574.7,1763.05,586.45,1779.3,600.9,1788.35,605.4,1808.1,609,1837,608.1,1852.25,598.2,1869.35,582.8,1875.65,567.5,1879.3,543.25,1865.75,514.4,1848.65,492.8,1837,485.5,1820.7,487.35
4-199,Uninfected,No_comment,Polygon,19,1953.15,500,1945.05,504.5,1933.35,515.25,1924.3,526.05,1918.9,539.6,1916.2,560.35,1931.55,579.2,1940.6,588.25,1951.35,598.2,1971.15,604.5,1990.15,612.6,2013.5,610.8,2027.95,607.2,2042.35,600,2051.35,589.15,2057.65,548.65,2034.3,512.6,2012.6,500,1991.05,494.6
4-200,Uninfected,No_comment,Polygon,25,1590.15,552.25,1578.35,560.35,1569.35,565.7,1564.85,578.3,1563.05,588.25,1563.05,600.9,1564.85,611.7,1569.35,626.05,1579.25,638.75,1591.05,654.05,1607.2,665.7,1629.7,670.2,1654.95,668.4,1666.65,661.25,1678.35,650.45,1686.5,636,1688.3,622.45,1690.15,605.4,1683.8,589.15,1669.35,567.5,1660.35,556.75,1647.75,548.65,1627.9,545.05,1619.8,544.15,1609.9,545.05
4-201,Uninfected,No_comment,Polygon,34,1758.55,684.65,1754.95,688.3,1746.85,694.6,1742.4,701.8,1736.05,710.8,1734.25,716.15,1733.35,727.85,1733.35,739.65,1734.25,752.25,1736.95,764.8,1741.5,773.8,1748.65,782.85,1754.95,791.9,1759.45,794.6,1770.25,800.9,1789.25,806.3,1797.3,806.3,1813.5,805.4,1821.6,801.8,1827.95,795.5,1835.15,787.4,1839.7,782.85,1846.85,774.7,1849.55,758.55,1846.85,739.65,1840.6,722.45,1831.55,707.2,1824.3,699.1,1818,695.5,1810.8,691.9,1800,687.35,1793.75,685.55,1779.3,686.45,1772.05,685.55
4-202,Uninfected,No_comment,Polygon,27,1887.45,678.3,1876.6,681.9,1867.55,690.1,1860.35,707.2,1859.45,718.85,1857.65,736,1863.05,751.35,1870.25,777.4,1876.6,786.5,1883.8,791.9,1895.5,799.1,1909,804.5,1923.4,806.3,1944.15,801.8,1954.95,795.5,1963.95,785.55,1970.25,778.3,1974.8,768.4,1978.4,755.85,1975.7,739.65,1971.15,721.55,1967.55,710.8,1954.95,694.6,1945.05,684.65,1933.35,676.5,1927.95,672.9,1914.4,671.1
4-203,Uninfected,No_comment,Polygon,19,1596.45,714.35,1555.85,734.25,1543.3,749.55,1536.05,773.85,1535.15,787.4,1537.85,802.7,1546,823.4,1560.35,837.85,1586.5,850.45,1602.7,856.75,1627,854.05,1639.7,842.35,1652.25,833.35,1667.55,814.35,1674.75,800.9,1669.35,771.1,1664.85,743.25,1645.1,724.25,1624.3,716.15
4-204,Uninfected,No_comment,Polygon,19,1851.35,809,1820.7,816.15,1809.9,844.15,1808.1,869.3,1816.2,891,1825.2,910.75,1834.25,918.85,1848.65,927.05,1868.45,930.65,1893.7,931.55,1906.3,919.75,1918.9,908.95,1928.85,887.4,1925.2,859.4,1917.1,841.45,1907.2,826.1,1893.7,815.25,1876.6,809.9,1866.65,809
4-205,Uninfected,No_comment,Polygon,20,2017.1,682.9,2009.9,685.6,2001.8,696.4,1998.2,712.55,1996.4,727.9,1994.6,745.05,1996.4,764.8,2006.3,784.7,2014.4,795.5,2023.4,801.8,2041.45,807.2,2057.65,809,2075.7,809.9,2100,802.7,2114.4,764.8,2103.6,711.65,2076.6,682,2058.55,676.55,2042.35,673.8,2029.75,678.35
4-206,Uninfected,No_comment,Polygon,18,2232.5,691.9,2222.55,691.9,2207.1,694.9,2190.1,709.9,2177.5,721.55,2165.75,743.25,2158.55,763,2175.7,776.55,2189.2,786.5,2210.8,799.1,2237.9,800,2259.45,796.4,2280.25,780.2,2294.6,759.45,2296.4,733.35,2280.25,709.9,2263.95,699.1,2252.25,696.4
4-207,Uninfected,No_comment,Polygon,22,2055.85,837.85,2048.65,845.95,2041.45,857.65,2038.8,866.6,2036.1,881.1,2036.1,899.1,2041.45,911.65,2058.55,934.25,2075.7,940.55,2091.9,945.05,2108.1,946.85,2122.55,944.15,2136.1,937.85,2142.35,929.75,2147.75,921.6,2150.45,899.1,2148.65,872.95,2136.1,854.05,2119.8,838.75,2105.4,831.55,2091,828.85,2079.3,828.85
4-208,Uninfected,No_comment,Polygon,30,2214.4,847.75,2200.9,849.55,2184.75,856.75,2177.5,866.6,2173,872,2168.45,881.1,2166.65,891,2164.85,902.7,2163.95,910.75,2163.05,926.1,2163.05,936.95,2170.25,952.25,2184.75,957.65,2198.2,959.4,2208.1,961.2,2215.3,961.2,2227.95,961.2,2239.65,960.3,2255.85,958.5,2265.75,951.35,2277.5,937.85,2279.3,925.2,2279.3,912.55,2279.3,891,2274.8,881.1,2264.85,871.1,2254.05,861.2,2246.85,858.55,2238.75,856.75,2235.2,855.85
4-209,Uninfected,No_comment,Polygon,29,2336.95,770.2,2331.6,771.1,2321.65,778.35,2313.5,783.8,2306.3,793.7,2299.1,804.5,2291.9,820.65,2292.8,845.05,2298.2,861.2,2307.2,876.55,2319.85,888.3,2330.7,892.8,2345.95,896.4,2363.95,899.1,2376.6,897.3,2389.2,891,2402.7,882.9,2409.9,876.55,2415.3,868.4,2418.95,854.95,2420.75,842.35,2421.65,829.75,2420.75,815.25,2409.9,800,2400,788.3,2388.3,777.45,2376.6,769.3,2370.3,764.8,2357.65,764.8
4-210,Uninfected,No_comment,Polygon,21,2448.65,945.95,2439.65,940.55,2421.65,939.65,2399.1,951.35,2389.2,975.65,2389.2,997.3,2396.4,1020.7,2413.5,1040.55,2426.15,1052.25,2448.65,1063,2469.4,1059.4,2489.2,1054.95,2507.2,1056.7,2520.75,1056.7,2534.25,1046.85,2523.45,1024.3,2505.4,1018.85,2491,1008.95,2481.15,991,2467.6,965.7,2459.45,953.15
4-211,Uninfected,No_comment,Polygon,17,2486.5,918.85,2482.05,934.25,2478.45,954.05,2487.4,977.5,2497.3,996.4,2522.55,1009.85,2549.55,1015.25,2572.1,1011.65,2585.6,1003.6,2600,988.3,2605.4,976.6,2601.8,955.85,2586.5,929.75,2557.65,904.5,2545.05,898.2,2524.35,900.9,2507.2,905.4
4-212,Uninfected,No_comment,Polygon,26,2616.25,854.05,2609,865.7,2600.9,880.2,2599.1,896.4,2598.2,912.55,2602.7,926.1,2609.9,937.85,2618.95,952.25,2633.35,962.1,2650.45,965.7,2668.5,964.8,2691.9,955.85,2701.8,940.55,2706.3,927.95,2709.9,914.35,2713.55,899.1,2714.45,880.2,2713.55,867.5,2705.4,853.15,2700,848.65,2688.3,842.35,2673.95,839.65,2665.8,839.65,2652.25,839.65,2633.35,842.35,2622.55,846.85
4-213,Uninfected,No_comment,Polygon,20,2745.95,866.6,2744.15,871.1,2737.85,880.2,2731.55,885.6,2726.2,898.2,2719.85,912.55,2718.05,927.95,2719.85,939.65,2728,953.15,2766.7,965.7,2797.3,971.15,2818.05,960.3,2829.75,946.85,2837.85,929.75,2840.55,911.65,2828.9,890.1,2814.45,875.65,2804.5,866.6,2789.2,859.4,2772.15,862.1
4-214,Uninfected,No_comment,Polygon,30,2720.75,971.15,2709.9,970.2,2694.6,980.2,2682.9,990.1,2673.95,1003.6,2664.9,1023.4,2662.15,1037.85,2662.15,1049.55,2663.05,1062.1,2671.2,1082.9,2687.4,1097.3,2699.1,1103.6,2709.9,1105.4,2724.4,1109.85,2744.15,1105.4,2763.1,1083.8,2769.4,1073.85,2774.85,1066.6,2784.7,1056.7,2791,1049.55,2795.5,1043.25,2798.2,1037.85,2801.8,1027.95,2801.8,1013.45,2796.4,990.1,2789.2,984.7,2783.8,982.9,2760.35,982.9,2752.25,975.65,2738.75,972.95
4-215,Uninfected,No_comment,Polygon,18,2218.95,981.1,2196.35,979.3,2182.9,987.4,2176.6,999.1,2170.3,1019.8,2166.7,1038.75,2172.1,1060.3,2195.45,1088.3,2220.75,1101.8,2234.25,1105.4,2254.05,1106.25,2268.5,1092.8,2277.5,1080.2,2281.1,1058.5,2288.25,1036.95,2275.7,1001.8,2256.75,984.7,2239.6,981.1
4-216,Uninfected,No_comment,Polygon,20,2324.35,1020.7,2310.85,1027.95,2296.35,1042.35,2290.95,1070.25,2287.4,1101.8,2286.5,1121.6,2298.2,1140.55,2316.25,1159.4,2342.3,1163.9,2363.1,1160.3,2385.6,1149.55,2398.2,1137.85,2405.4,1125.25,2409.05,1107.15,2411.75,1084.7,2404.5,1058.5,2387.35,1036.05,2372.1,1024.35,2356.8,1020.7,2342.3,1020.7
4-217,Uninfected,No_comment,Polygon,17,2475.7,1071.15,2444.1,1080.2,2435.15,1085.6,2423.45,1098.2,2419.85,1126.15,2418.95,1148.65,2435.15,1174.8,2454.05,1186.5,2477.5,1188.3,2504.55,1185.6,2535.1,1169.35,2544.1,1151.35,2549.55,1122.55,2545.05,1096.4,2531.55,1077.5,2519.85,1070.25,2502.7,1067.55
4-218,Uninfected,No_comment,Polygon,16,2819.85,1055.85,2799.1,1060.3,2791,1071.15,2781.05,1087.4,2769.4,1104.5,2767.6,1123.45,2766.7,1142.35,2778.4,1163.9,2798.2,1182.9,2831.5,1189.2,2863.1,1170.25,2876.6,1148.65,2876.6,1119.8,2867.6,1083.8,2854.1,1067.55,2837.8,1056.7
4-219,Uninfected,No_comment,Polygon,17,2583.75,1188.3,2571.2,1188.3,2550.45,1196.4,2532.45,1217.1,2527.05,1236.95,2527.95,1259.4,2537.8,1282.9,2554.1,1300,2573.9,1311.65,2599.1,1313.45,2619.85,1303.55,2636,1288.3,2645.05,1264.85,2646.85,1245.95,2636.9,1220.75,2620.75,1200,2607.25,1192.8
4-220,Uninfected,No_comment,Polygon,19,2677.5,1291,2654.1,1298.2,2637.8,1310.75,2626.15,1323.45,2621.65,1339.65,2619.85,1357.6,2624.35,1378.4,2635.1,1391.9,2648.65,1406.25,2663.1,1409.85,2676.6,1413.5,2696.4,1409.85,2716.25,1396.4,2730.65,1382,2737.8,1361.2,2735.1,1336.95,2730.65,1321.65,2713.55,1303.55,2694.6,1293.7
4-221,Uninfected,No_comment,Polygon,24,2785.55,1256.7,2773.9,1262.1,2766.7,1270.3,2761.3,1287.4,2759.5,1304.45,2761.3,1321.65,2769.4,1337.85,2777.5,1350.45,2788.25,1359.4,2800.05,1365.75,2813.55,1369.4,2826.15,1369.4,2846.85,1361.2,2862.2,1344.15,2866.7,1330.65,2869.4,1313.45,2870.3,1299.1,2863.1,1282,2853.2,1269.35,2842.35,1258.5,2834.2,1254.9,2822.55,1253.15,2809.95,1250.45,2799.1,1249.55
4-222,Uninfected,No_comment,Polygon,29,2145.9,1063,2129.75,1059.4,2110.85,1063.9,2099.05,1069.35,2089.2,1076.6,2078.4,1091,2074.8,1106.25,2074.8,1121.6,2078.4,1135.15,2091.85,1157.6,2109,1169.35,2136.05,1174.8,2162.2,1169.35,2171.2,1161.2,2187.4,1154.05,2200,1145.05,2210.85,1144.15,2221.65,1139.65,2224.35,1128.85,2223.45,1115.25,2215.35,1109.85,2212.65,1108.05,2204.5,1102.7,2192.75,1092.8,2181.1,1083.8,2174.8,1079.3,2168.5,1075.7,2164,1073,2159.45,1070.25
4-223,Uninfected,No_comment,Polygon,33,2226.15,1145.95,2213.55,1153.15,2199.05,1161.2,2185.6,1169.35,2174.8,1172.1,2160.4,1178.4,2152.25,1187.4,2145.9,1199.1,2142.3,1207.15,2141.4,1216.2,2146.8,1238.75,2152.25,1248.65,2160.4,1258.5,2172.1,1270.3,2182.9,1274.8,2197.25,1275.7,2211.75,1273.9,2218.95,1267.55,2226.15,1259.4,2231.55,1241.45,2237.85,1228.85,2247.7,1217.1,2254.05,1210.75,2267.6,1202.7,2273.9,1196.4,2277.5,1187.4,2275.7,1177.5,2273,1164.8,2264.9,1154.9,2258.6,1151.35,2254.05,1147.75,2245.9,1145.05,2235.15,1145.05
4-224,Uninfected,No_comment,Polygon,27,2278.4,1208.95,2267.6,1211.65,2255.85,1221.65,2244.1,1236.05,2236.05,1249.55,2235.15,1266.65,2232.45,1285.6,2240.5,1306.25,2247.7,1319.85,2258.6,1331.55,2276.6,1339.65,2288.25,1340.55,2302.7,1346.85,2320.75,1347.75,2336.9,1336.05,2345.9,1327.05,2353.15,1318.95,2359.5,1307.15,2363.1,1291.9,2363.1,1277.5,2363.1,1260.3,2356.8,1243.25,2346.8,1228.85,2339.6,1221.65,2325.25,1215.3,2315.35,1210.75,2302.7,1207.15
4-225,Uninfected,No_comment,Polygon,16,2213.5,1325.25,2194.6,1328.85,2177.5,1332.45,2159.45,1348.65,2152.25,1373,2153.15,1395.5,2165.75,1417.1,2193.7,1441.45,2221.6,1439.65,2239.65,1427.95,2259.45,1407.15,2269.35,1386.5,2269.35,1358.5,2252.25,1336.95,2236.1,1327.95,2224.35,1327.95
4-226,Uninfected,No_comment,Polygon,20,2285.65,1400.9,2266.65,1405.35,2255.85,1421.65,2245.95,1442.35,2235.2,1456.7,2230.65,1478.4,2244.15,1504.45,2260.35,1518.95,2273,1525.25,2291,1530.65,2309.9,1528.85,2325.25,1521.65,2338.75,1512.6,2347.75,1499.1,2354.95,1482,2358.55,1461.2,2347.75,1444.15,2330.7,1420.75,2318.9,1408.05,2304.5,1403.55
4-227,Uninfected,No_comment,Polygon,19,2356.75,1603.55,2342.35,1608.05,2325.25,1614.4,2311.7,1625.25,2307.2,1642.35,2307.2,1659.4,2315.3,1681.1,2327.05,1699.95,2348.65,1711.7,2373.9,1723.45,2392.8,1726.15,2414.4,1718.95,2429.8,1701.75,2435.2,1677.5,2431.6,1653.1,2423.45,1637.85,2408.1,1620.75,2393.7,1608.95,2372.1,1605.35
4-228,Uninfected,No_comment,Polygon,21,2526.15,1645.95,2515.3,1645.05,2504.5,1646.85,2492.8,1653.1,2482.05,1667.6,2475.7,1681.1,2473,1702.65,2478.45,1719.85,2488.3,1732.45,2497.3,1741.45,2509,1753.1,2522.55,1758.55,2535.15,1760.35,2555.85,1751.3,2573,1736.95,2585.6,1727.95,2599.1,1718.05,2608.1,1699.05,2595.5,1669.4,2570.3,1660.35,2549.55,1651.3
4-229,Uninfected,No_comment,Polygon,19,2330.7,1710.8,2307.2,1713.5,2291,1723.45,2273.9,1732.45,2266.65,1746.8,2265.75,1766.7,2272.1,1790.1,2281.15,1811.7,2299.1,1828.85,2318,1838.75,2336.95,1838.75,2354.05,1835.15,2370.3,1823.45,2380.25,1808.1,2383.85,1781.1,2384.75,1752.2,2374.8,1736.95,2367.55,1725.25,2345.95,1718.05
4-230,Uninfected,No_comment,Polygon,18,2431.6,1740.55,2416.2,1744.15,2402.7,1750.4,2397.3,1756.7,2392.8,1771.2,2399.1,1795.45,2406.3,1809.9,2419.85,1823.45,2436.05,1833.35,2453.15,1839.65,2470.3,1839.65,2488.3,1830.65,2501.8,1818.05,2509.9,1791,2507.2,1772.1,2495.5,1755.8,2481.15,1744.15,2458.55,1740.55
4-231,Uninfected,No_comment,Polygon,22,2588.3,1733.35,2572.1,1740.55,2551.35,1754,2537.85,1770.3,2530.7,1781.1,2526.15,1799.05,2528,1822.55,2546.85,1842.35,2563.05,1854.9,2585.6,1859.45,2601.8,1857.65,2617.15,1854.9,2628.9,1845.9,2645.95,1832.45,2654.95,1815.35,2659.45,1797.25,2664.9,1759.45,2657.65,1738.75,2638.75,1728.85,2625.3,1726.15,2612.6,1725.25,2599.1,1727.95
4-232,Uninfected,No_comment,Polygon,19,2695.5,1583.8,2680.25,1591,2659.45,1599.95,2646.85,1627.05,2645.95,1645.05,2657.65,1666.7,2673,1684.7,2691,1695.5,2707.2,1699.05,2722.55,1698.15,2736.95,1689.2,2750.45,1678.4,2761.25,1667.6,2765.8,1648.6,2766.7,1627.05,2759.45,1610.8,2743.25,1595.5,2732.45,1588.3,2721.65,1583.8
4-233,Uninfected,No_comment,Polygon,27,2699.1,1571.2,2687.4,1573,2672.1,1580.2,2660.35,1584.7,2650.45,1599.05,2639.65,1618.05,2626.2,1618.95,2611.7,1582,2599.1,1565.75,2589.2,1548.65,2582.05,1528.85,2585.6,1508.95,2585.6,1484.7,2588.3,1468.5,2601.8,1457.6,2617.15,1449.55,2632.45,1449.55,2664.9,1458.5,2677.55,1469.4,2688.3,1484.7,2696.4,1501.75,2698.2,1514.4,2699.1,1527.05,2716.25,1538.75,2721.65,1545.95,2722.55,1555.8,2718.95,1569.4
4-234,Uninfected,No_comment,Polygon,23,2771.2,1463.05,2760.35,1466.65,2755.85,1480.2,2753.15,1500.85,2750.45,1515.3,2741.45,1532.45,2737.85,1543.25,2741.45,1563.05,2751.35,1584.7,2767.6,1596.4,2782.9,1602.65,2804.5,1604.45,2823.5,1597.3,2836.95,1582,2848.65,1561.2,2854.95,1536.95,2852.25,1512.6,2843.25,1485.6,2834.25,1470.3,2819.85,1461.2,2802.7,1460.3,2794.6,1459.4,2785.6,1462.1
4-235,Uninfected,No_comment,Polygon,21,2904.5,1518.95,2892.8,1526.15,2880.2,1537.85,2864.9,1559.4,2854.05,1580.2,2854.95,1597.3,2864,1616.25,2881.1,1624.35,2900,1630.65,2920.8,1627.05,2938.75,1620.75,2947.75,1606.25,2953.15,1582.9,2958.55,1567.6,2966.7,1556.7,2976.65,1543.25,2980.2,1527.95,2963.1,1510.75,2951.35,1504.45,2936.95,1505.35,2920.8,1513.5
4-236,Uninfected,No_comment,Polygon,23,2884.7,1387.4,2874.85,1397.3,2867.6,1409.85,2865.8,1429.75,2865.8,1448.65,2876.65,1481.1,2887.4,1491.9,2911.75,1496.4,2933.35,1496.4,2946.85,1492.8,2951.75,1474.4,2951.35,1454.9,2957.65,1444.15,2968.5,1441.45,2981.1,1434.25,2989.2,1426.15,2987.4,1408.95,2978.4,1393.7,2964,1379.3,2953.15,1375.7,2936.05,1370.3,2922.6,1371.2,2910.8,1374.8
4-237,Uninfected,No_comment,Polygon,17,2971.25,1179.3,2955.85,1186.5,2945.95,1193.7,2936.95,1201.8,2928.85,1218,2925.3,1235.15,2930.65,1254.9,2947.75,1278.4,2968.5,1290.1,2997.3,1291,3027.05,1278.4,3046.85,1260.3,3052.25,1234.25,3043.25,1202.7,3034.25,1190.1,3019.9,1181.1,3004.5,1180.2
4-238,Uninfected,No_comment,Polygon,17,3019.9,1317.1,2999.1,1328.85,2982,1342.35,2982.9,1356.7,2988.3,1380.2,2996.4,1407.15,3006.3,1427.95,3018.05,1440.55,3035.15,1450.4,3056.75,1453.1,3082.9,1420.75,3100,1396.4,3109.05,1373.9,3107.2,1339.65,3091.9,1317.1,3072.15,1310.75,3051.35,1304.45
4-239,Uninfected,No_comment,Polygon,21,2532.5,1531.55,2509.9,1537.85,2493.7,1550.4,2482.95,1579.3,2489.2,1599.05,2504.5,1622.55,2520.75,1631.55,2544.15,1638.75,2565.75,1648.6,2584.7,1654.9,2602.7,1663.05,2619.85,1663.95,2632.45,1654.9,2632.45,1631.55,2625.3,1623.45,2611.7,1615.3,2608.1,1606.25,2599.1,1585.6,2581.15,1563.95,2573,1554,2554.95,1539.65
4-240,Uninfected,No_comment,Polygon,24,2701.8,1782.9,2694.6,1788.3,2684.7,1793.7,2673.9,1805.35,2664.9,1820.75,2662.15,1836.95,2660.35,1852.2,2669.4,1874.8,2680.25,1886.5,2695.5,1899.95,2711.7,1904.45,2728.9,1906.3,2745.05,1900.85,2756.75,1894.55,2766.7,1890.1,2775.75,1876.6,2778.45,1859.45,2779.35,1836.05,2781.1,1811.7,2767.6,1794.6,2754.05,1787.4,2741.45,1786.5,2737.85,1786.5,2722.55,1782.9
4-241,Uninfected,No_comment,Polygon,31,2866.7,1699.95,2854.05,1700.85,2845.95,1703.55,2836.95,1706.25,2826.2,1713.5,2819.85,1719.85,2812.6,1732.45,2811.7,1742.35,2812.6,1754,2815.35,1770.3,2820.75,1782.9,2826.2,1791.9,2833.35,1800.85,2842.35,1809,2851.35,1815.35,2862.2,1820.75,2882,1824.35,2894.6,1822.55,2905.4,1818.95,2930.65,1812.6,2937.85,1806.25,2946.85,1797.25,2945.05,1785.6,2941.45,1773,2935.15,1764,2928.85,1745.9,2921.7,1727.95,2913.55,1713.5,2908.1,1708.95,2900.9,1707.15,2884.7,1705.35
4-242,Uninfected,No_comment,Polygon,18,2418.05,1852.2,2400.9,1854.9,2384.7,1855.8,2367.6,1872.1,2355,1886.5,2350.45,1904.45,2350.45,1923.45,2351.35,1933.35,2371.2,1945.9,2393.65,1958.5,2420.75,1967.6,2445.05,1958.5,2470.3,1948.6,2481.1,1935.15,2484.65,1914.4,2484.65,1879.3,2467.6,1859.4,2446.85,1851.3
4-243,Uninfected,No_comment,Polygon,20,2473,1968.5,2459.5,1967.6,2442.3,1975.7,2427.95,1983.8,2418.05,1993.65,2409.95,2006.25,2406.35,2027.95,2411.75,2044.1,2418.05,2078.4,2424.35,2090.1,2448.65,2108.05,2473.9,2110.8,2490.95,2101.75,2508.15,2092.75,2520.75,2080.2,2529.75,2052.2,2529.75,2035.15,2528.85,2020.75,2527.95,1994.55,2504.55,1971.2
4-244,Uninfected,No_comment,Polygon,17,2573,2008.05,2559.5,2011.7,2549.55,2025.25,2545.05,2043.2,2538.7,2068.5,2545.05,2090.95,2559.5,2111.7,2572.1,2123.45,2603.65,2127.05,2624.35,2125.25,2639.6,2109.9,2651.4,2094.55,2653.2,2066.7,2650.5,2032.45,2634.2,2013.5,2618.95,2004.45,2600.9,2005.35
4-245,Uninfected,No_comment,Polygon,20,2348.65,2092.75,2340.5,2096.35,2327.05,2105.35,2314.45,2119.85,2309.95,2141.4,2306.35,2169.4,2317.15,2189.15,2340.5,2208.1,2354.05,2209,2373,2206.25,2389.15,2200.85,2409.05,2191.85,2427.95,2170.3,2432.45,2149.5,2432.45,2127.05,2419.85,2108.05,2403.6,2094.55,2390.95,2092.75,2375.7,2090.95,2362.2,2092.75
4-246,Uninfected,No_comment,Polygon,17,2473.9,2206.25,2455,2218.05,2436,2239.6,2434.25,2275.7,2445.05,2298.15,2455.9,2312.65,2473,2324.35,2500,2333.35,2522.55,2326.15,2546.85,2317.15,2563.1,2300.85,2570.3,2282,2563.1,2251.3,2555,2227.05,2538.7,2211.7,2521.65,2199.95,2504.55,2199.95
4-247,Uninfected,No_comment,Polygon,23,2812.65,1971.2,2799.15,1980.2,2780.15,1987.4,2769.4,1995.45,2761.3,2011.7,2756.8,2028.85,2757.7,2044.1,2766.7,2061.25,2778.4,2078.4,2795.5,2090.1,2817.15,2090.95,2831.5,2092.75,2848.7,2092.75,2861.3,2082,2871.2,2066.7,2875.7,2051.3,2879.25,2036.05,2875.7,2013.5,2867.6,1996.35,2858.6,1984.7,2849.6,1980.2,2843.25,1976.6,2832.4,1971.2
4-248,Uninfected,No_comment,Polygon,22,2941.45,1993.65,2928.8,1995.45,2913.55,2008.05,2904.55,2015.3,2897.35,2033.35,2891,2050.4,2891,2068.5,2901.85,2088.3,2911.75,2103.55,2928.8,2113.5,2955.9,2122.55,2968.5,2119.85,2984.65,2108.95,2994.6,2100.85,3002.75,2091.85,3011.75,2077.5,3012.65,2059.4,3003.65,2043.2,2993.7,2015.3,2984.65,2007.15,2969.4,2000.85,2961.3,1997.25
4-249,Uninfected,No_comment,Polygon,21,3164,1987.4,3140.55,1988.3,3123.45,1999.95,3112.65,2008.05,3101.85,2024.35,3097.35,2045,3104.55,2062.15,3114.45,2082,3130.6,2098.15,3157.7,2106.25,3172.1,2114.4,3189.2,2120.75,3209.05,2117.15,3222.55,2108.05,3228.8,2090.1,3227.9,2073,3226.1,2050.4,3220.75,2026.15,3210.85,2011.7,3193.75,1998.15,3173.9,1985.6
4-250,Uninfected,No_comment,Polygon,22,3109.05,2102.65,3093.75,2107.15,3073,2109.9,3063.1,2129.75,3055,2148.6,3056.8,2168.5,3062.2,2190.05,3077.45,2209,3095.55,2219.85,3110.85,2222.55,3125.2,2222.55,3143.3,2220.75,3161.3,2212.6,3178.35,2198.15,3191,2188.3,3205.45,2175.7,3216.25,2164.9,3211.75,2151.3,3199.15,2134.25,3176.55,2123.45,3155,2120.75,3136.95,2115.35
4-251,Uninfected,No_comment,Polygon,19,2955.9,2238.7,2936,2250.4,2924.35,2265.8,2919.85,2287.4,2923.45,2305.35,2927.05,2323.45,2928.8,2338.7,2937.85,2349.5,2961.3,2366.7,2973.9,2371.2,2991.9,2371.2,3007.25,2361.3,3023.45,2347.7,3032.4,2332.45,3045.1,2309.9,3036.95,2290.05,3024.35,2256.7,3003.65,2240.5,2986.5,2233.35
4-252,Uninfected,No_comment,Polygon,21,1267.8,862.85,1273.8,841.55,1281.45,827.4,1290.75,819.2,1311.5,813.15,1339.4,806.05,1347.6,797.85,1360.7,792.9,1378.75,796.25,1398.95,804.45,1411,816.95,1417.55,832.8,1420.25,854.2,1412.6,879.8,1390.2,908.85,1368.35,919.15,1335.55,921.9,1314.8,915.35,1294.6,900.05,1278.75,885.85,1273.8,875.45