226,5312,2988
1-1,Uninfected,No_comment,Polygon,16,2901.45,2246.35,2897.1,2265.9,2895.65,2288.4,2900.75,2313.75,2923.9,2330.45,2939.15,2342.05,2962.3,2343.5,2995.65,2329.7,3002.9,2312.3,3009.45,2293.5,3002.2,2272.45,2989.85,2250.7,2963.75,2232.6,2941.3,2230.45,2917.45,2230.45,2906.55,2236.95
1-2,Uninfected,No_comment,Polygon,20,2766.65,2322.45,2767.45,2340.6,2778.25,2357.2,2787.7,2371.7,2805.8,2375.35,2829,2379,2848.55,2378.25,2860.85,2369.55,2873.25,2359.4,2882.6,2347.8,2883.35,2330.45,2879.05,2312.3,2866.65,2294.9,2855.1,2283.35,2838.4,2275.35,2819.55,2274.6,2805.1,2280.45,2791.3,2284.05,2779,2296.35,2774.7,2307.95
1-3,Uninfected,No_comment,Polygon,22,3014.5,2370.8,3008.2,2379.35,3008.2,2389.25,3009.55,2407.3,3010.45,2419.45,3021.3,2430.7,3034.8,2439.25,3050.6,2445.1,3068.6,2445.55,3090.2,2441.95,3099.25,2436.55,3107.3,2424.4,3112.25,2412.7,3113.6,2399.15,3105.95,2379.35,3097.9,2366.75,3082.1,2361.35,3071.3,2354.1,3064.5,2349.6,3049.7,2350.95,3029.9,2355.45,3024.95,2359.55
1-4,Uninfected,No_comment,Polygon,20,3062.25,2291.05,3062.25,2317.65,3069.5,2336.1,3080.75,2349.15,3097.9,2360.45,3114.5,2362.7,3130.3,2359.55,3149.2,2351.4,3159.1,2342.4,3168.15,2330.25,3173.15,2314.95,3178.95,2295.55,3175.4,2278.45,3163.65,2259.05,3144.75,2248.25,3122.25,2243.3,3103.7,2245.55,3086.6,2255.45,3076.3,2266.3,3068.6,2274.85
1-5,Uninfected,No_comment,Polygon,20,2994.25,2183.85,2989.3,2196.9,2984.8,2209.5,2986.15,2225.3,2993.8,2240.6,3013.6,2254.1,3029.45,2259.5,3044.25,2260.85,3058.65,2257.25,3075.4,2250.5,3085.25,2237.45,3092,2222.6,3093.8,2205.45,3083,2187.9,3072.2,2180.7,3061.35,2170.8,3048.35,2161.75,3029.45,2161.3,3005.95,2170.35,3000.15,2174.85
1-6,Uninfected,No_comment,Polygon,18,2891.55,2215.35,2883,2206.35,2871.3,2180.25,2873.1,2165.35,2878.05,2147.8,2886.15,2135.2,2898.75,2125.75,2919.05,2119.4,2938.4,2118.05,2960,2126.65,2976.25,2145.1,2982.1,2164.45,2981.65,2187,2967.7,2210.85,2946.95,2221.25,2932.55,2223.05,2922.2,2223.05,2903.25,2222.6
1-7,Uninfected,No_comment,Polygon,18,3051.9,2112.2,3043.35,2127.55,3043.8,2143.3,3047.4,2157.7,3057.25,2166.75,3076.7,2179.8,3092,2187.45,3109.15,2189.25,3129.4,2182.5,3150.55,2161.3,3153.3,2137,3151.9,2123.5,3142,2106.8,3130.3,2098.25,3115.45,2091.95,3093.8,2088.8,3069.95,2094.2,3060.05,2100.95
1-8,Uninfected,No_comment,Polygon,17,2919.95,1985.65,2920.4,1974.8,2930.3,1955.9,2939.3,1944.2,2957.75,1935.65,2973.55,1933.85,2992.45,1939.25,3005.95,1949.15,3016.8,1968.05,3016.8,1987,3006.4,2011.75,2990.65,2024.35,2972.65,2029.8,2957.75,2030.25,2942.4,2026.6,2930.7,2016.2,2921.25,1996
1-9,Uninfected,No_comment,Polygon,19,3082.5,1855.9,3082.05,1868.05,3090.65,1886.1,3097.4,1902.3,3110.45,1910.4,3132.05,1916.7,3149.65,1916.7,3169.9,1911.75,3188.4,1893.3,3196.5,1879.75,3198.3,1861.75,3187.5,1837.9,3177.55,1822.55,3163.15,1815.8,3140.65,1811.3,3125.3,1813.1,3103.25,1821.65,3095.15,1828.85,3087.95,1841.5
1-10,Uninfected,No_comment,Polygon,21,2996.95,1935.2,2992.9,1920.3,2993.35,1904.1,3002.35,1882.9,3011.35,1872.1,3027.55,1863.1,3039.7,1858.6,3053.25,1858.6,3069.9,1865.8,3082.05,1877.05,3096.45,1902.75,3094.25,1923,3082.05,1944.65,3074.4,1956.35,3065.85,1959.05,3054.6,1957.25,3040.2,1958.6,3028.45,1965.35,3013.65,1963.15,3005.1,1947.85,3001.9,1942.85
1-11,Uninfected,No_comment,Polygon,19,3203.25,2092.4,3205.95,2106.8,3209.55,2115.8,3223.5,2125.3,3240.2,2133.4,3258.65,2133.85,3275.75,2127.55,3288.4,2117.15,3293.8,2107.25,3298.75,2094.65,3299.65,2080.7,3288.85,2064,3274.85,2050.05,3263.15,2043.75,3243.35,2043.75,3227.1,2046,3218.55,2054.1,3206.85,2065.8,3204.15,2079.35
1-12,Uninfected,No_comment,Polygon,19,3302.35,2071.2,3305.05,2060.4,3313.6,2046.9,3323.95,2037.9,3340.2,2030.25,3362.7,2024.85,3388.4,2033.4,3414.95,2056.35,3424.4,2079.8,3419,2098.7,3409.55,2116.7,3390.2,2126.65,3373.05,2132.95,3353.25,2132.95,3328.9,2125.3,3314.05,2116.25,3303.7,2101.4,3303.25,2089.25,3301,2079.4
1-13,Uninfected,No_comment,Polygon,19,3496.95,1995.55,3487.05,1993.3,3466.8,1986.1,3455.05,1970.75,3451.9,1951.4,3451.9,1938.35,3458.2,1923.95,3469.05,1912.2,3485.25,1905.9,3496.95,1903.65,3513.65,1906.35,3530.75,1914.45,3542.45,1923.5,3548.75,1934.3,3549.2,1952.75,3546.95,1970.3,3540.6,1982.95,3523.5,1991.05,3505.45,1995.1
1-14,Uninfected,No_comment,Polygon,19,3602.85,1812.2,3601.05,1828.45,3600.15,1846.45,3606.9,1865.85,3624.9,1886.1,3645.65,1896.9,3665,1900.05,3681.7,1895.55,3695.2,1887.45,3707.35,1870.8,3711.4,1854.55,3712.3,1835.65,3706.45,1816.7,3694.75,1800.05,3673.55,1788.8,3658.7,1785.2,3637.1,1788.8,3622.2,1794.2,3611.85,1801.4
1-15,Uninfected,No_comment,Polygon,19,3417.7,1744.2,3408.7,1768.95,3408.25,1785.2,3413.65,1807.7,3435.7,1831.6,3455.55,1840.6,3475.8,1841.05,3496.95,1837.45,3515.45,1827.1,3529.85,1804.55,3533.05,1782.5,3528.95,1759.05,3521.3,1742.85,3509.6,1731.15,3492.05,1719.85,3471.75,1716.7,3448.35,1719.85,3434.35,1727.55,3426.25,1733.4
1-16,Uninfected,No_comment,Polygon,27,3617.7,1673.5,3614.55,1686.1,3616.35,1701.4,3620.85,1718.05,3626.7,1729.35,3634.4,1740.6,3647.9,1750.95,3666.8,1755.45,3676.3,1753.2,3683.05,1745.1,3684.85,1736.55,3697.9,1728.45,3710.95,1728.45,3718.15,1728.9,3732.6,1714,3736.65,1701.85,3736.65,1690.15,3726.75,1668.05,3719.5,1655.45,3719.5,1644.2,3706.45,1633.85,3689.35,1626.2,3663.65,1630.7,3654.65,1637,3642.05,1648.25,3628.55,1654.55,3625.8,1661.3
1-17,Uninfected,No_comment,Polygon,17,3644.25,1498.65,3637.05,1514,3634.35,1527.05,3640.2,1548.2,3654.6,1565.35,3676.7,1571.65,3701.45,1570.35,3720.4,1560.4,3738.85,1532.9,3738.85,1518.1,3730.75,1501.35,3714.1,1488.8,3701.9,1485.6,3687.95,1485.6,3671.3,1486.05,3665.9,1492.85,3656,1495.55
1-18,Uninfected,No_comment,Polygon,16,3639.3,1492.4,3626.25,1485.15,3609.6,1473.95,3600.55,1461.3,3600.55,1438.35,3606.85,1421.2,3621.3,1406.3,3643.35,1401.35,3667.25,1406.3,3686.15,1428.4,3691.55,1449.55,3691.55,1463.55,3683.9,1473.95,3674,1481.1,3665,1485.6,3651.45,1490.6
1-19,Uninfected,No_comment,Polygon,22,3549.2,1573.45,3545.6,1589.7,3545.6,1606.35,3557.75,1632.05,3577.6,1648.2,3599.65,1656.35,3618.6,1652.75,3633.45,1644.6,3650.1,1635.2,3659.6,1623.9,3668.15,1613.6,3669.5,1600.9,3667.25,1580.2,3659.55,1567.5,3648.75,1559.8,3643.8,1555.4,3637.05,1546.85,3623.55,1541.05,3600.55,1537.45,3583,1542.4,3567.25,1552.25,3556.85,1562.65
1-20,Uninfected,No_comment,Polygon,21,3724,1602.7,3720.85,1616.3,3720.85,1632.5,3728.95,1655,3739.75,1672.55,3753.75,1683.4,3774,1690.1,3795.6,1692.8,3814.1,1689.65,3835.7,1679.35,3846.95,1668.95,3854.65,1650.9,3856.45,1629.75,3852.4,1610.85,3843.8,1591.95,3827.15,1579.3,3792.45,1570.8,3763.2,1572.55,3744.7,1580.65,3733.9,1588.8,3729.4,1594.15
1-21,Uninfected,No_comment,Polygon,17,4059.7,1559.15,4063.9,1545.65,4075.1,1531.2,4090.85,1521,4118.8,1516.8,4140.65,1524.25,4156.9,1535.85,4163.9,1555.4,4166.25,1576.8,4159.25,1597.75,4145.75,1613.55,4119.7,1616.8,4098.8,1616.8,4075.95,1610.25,4067.15,1598.2,4060.6,1578.65,4060.15,1569.35
1-22,Uninfected,No_comment,Polygon,24,3958.75,1479.15,3955.5,1491.15,3950.4,1506.5,3954.55,1520.05,3960.6,1533.1,3969.45,1546.55,3987.6,1561.45,4000.6,1570.75,4011.8,1573.1,4020.6,1571.2,4035.5,1567.05,4053.2,1559.15,4067.6,1535.85,4078.3,1522.4,4087.2,1512.15,4083.9,1489.35,4076.5,1479.15,4066.2,1472.15,4046.2,1464.25,4024.8,1457.75,4014.15,1451.2,3992.75,1450.75,3977.4,1456.35,3967.6,1464.7
1-23,Uninfected,No_comment,Polygon,21,4213.65,1524.7,4200.2,1536.8,4192.25,1548.45,4187.2,1570.75,4186.65,1593.55,4196,1611.7,4216,1630.25,4238.3,1634.95,4258.3,1635.4,4273.25,1629.35,4291.35,1620.05,4302.05,1602.85,4310,1583.8,4311.35,1567.95,4306.2,1550.75,4295.05,1535.85,4283.95,1521,4268.05,1515.4,4254.1,1515.85,4238.3,1518.65,4225.75,1520.05
1-24,Uninfected,No_comment,Polygon,21,4005.8,1613.55,3994.55,1622.85,3989.05,1638.6,3987.6,1659.6,3989.9,1677.75,3999.2,1697.3,4021.15,1713.55,4046.65,1718.2,4074.15,1714.95,4085.25,1707.5,4099.25,1688.45,4104.35,1666.1,4103.9,1642.4,4095.95,1627.95,4085.25,1621.9,4074.15,1614.95,4063.9,1605.65,4054.6,1597.75,4037.85,1597.25,4022.5,1600.55,4011.3,1607.5
1-25,Uninfected,No_comment,Polygon,21,4010.85,1368.9,4004.8,1380.5,4002.95,1389.75,4000.6,1408.4,4011.8,1436.35,4029.9,1453.55,4051.3,1459.6,4075.1,1464.7,4093.2,1465.65,4111.3,1461,4128.05,1454.95,4135.05,1441.45,4137.9,1428.45,4139.7,1410.3,4139.25,1393.55,4123.4,1376.75,4105.8,1363.75,4078.8,1353.05,4056.5,1352.15,4032.75,1356.8,4019.75,1362.85
1-26,Uninfected,No_comment,Polygon,21,4142,1424.7,4144.35,1434.95,4146.65,1448.45,4153.65,1465.65,4168.6,1476.8,4189.45,1484.7,4200.65,1485.65,4218.3,1482.85,4233.65,1475.85,4245.75,1461.9,4253.25,1445.65,4256,1427.95,4257.4,1412.6,4250.4,1397.25,4235.55,1386.1,4212.7,1376.75,4191.85,1376.35,4174.6,1380.05,4162,1388.9,4150.9,1401,4146.65,1412.1
1-27,Uninfected,No_comment,Polygon,19,4375.1,1619.25,4370.3,1627.4,4364.05,1637.5,4359.7,1656.25,4358.3,1682.2,4366.95,1704.8,4386.15,1720.15,4410.2,1723.1,4434.7,1723.55,4451.05,1719.25,4468.4,1705.3,4478.45,1684.15,4480.9,1663,4476.05,1640.4,4466.95,1625.5,4446.25,1611.95,4420.8,1607.2,4397.7,1608.65,4386.15,1611.95
1-28,Uninfected,No_comment,Polygon,21,4130.85,1634.55,4121.75,1648.05,4115.95,1661.95,4112.1,1677.9,4112.1,1705.3,4116.9,1725.5,4129.9,1740.8,4151.05,1753.85,4179.4,1755.25,4194.35,1750,4215.5,1743.25,4228.45,1725,4237.6,1697.6,4239.5,1676.4,4235.2,1659.55,4225.6,1644.25,4215,1631.75,4200.1,1622.55,4181.35,1618.2,4165,1618.75,4147.7,1624.05
1-29,Uninfected,No_comment,Polygon,20,4524.2,1495.35,4523.15,1503.75,4523.15,1523.1,4527.35,1536.15,4539.4,1547.7,4561.9,1557.65,4582.3,1560.3,4611.65,1559.25,4632.05,1550.85,4647.75,1537.75,4655.1,1519.4,4656.65,1502.15,4654.05,1488.5,4645.15,1472.3,4628.9,1459.25,4600.1,1451.85,4584.4,1451.85,4564.5,1460.3,4545.65,1468.15,4532.05,1482.75
1-30,Uninfected,No_comment,Polygon,23,4367.15,1484.35,4365.05,1498.45,4362.95,1509.45,4362.4,1531.5,4365.55,1556.05,4376.05,1573.85,4396.45,1592.7,4420,1596.4,4445.15,1600.05,4468.7,1599,4490.15,1587.5,4502.75,1574.4,4513.2,1558.2,4518.95,1542.95,4514.25,1515.2,4509.55,1495.35,4499.05,1481.2,4480.75,1469.65,4459.8,1460.3,4436.75,1459.25,4418.45,1458.7,4389.65,1468.15,4377.1,1475.45
1-31,Uninfected,No_comment,Polygon,18,4336.3,1276.05,4326.35,1292.4,4319.95,1309.35,4322.85,1337.45,4330.45,1352.7,4349.75,1364.95,4376.65,1372.55,4407.65,1371.95,4430.45,1360.25,4449.2,1347.4,4460.3,1320.5,4461.45,1289.5,4449.2,1264.35,4432.8,1248.55,4413.5,1246.85,4380.2,1246.85,4354.45,1257.3,4342.75,1266.1
1-32,Uninfected,No_comment,Polygon,17,4132.8,1047.95,4124.65,1064.95,4121.15,1086,4127,1113.45,4138.1,1131,4157.95,1142.2,4180.8,1143.9,4212.35,1135.7,4227.6,1112.35,4236.35,1087.2,4236.35,1065.5,4227,1042.75,4212.35,1028.1,4191.9,1022.9,4169.1,1023.4,4148.6,1031,4139.85,1038.6
1-33,Uninfected,No_comment,Polygon,18,3935.15,1136.35,3935.7,1148.55,3939.2,1172,3950.4,1189.5,3977.25,1198.25,4005.9,1200,4024.65,1198.9,4042.8,1188.9,4057.4,1180.15,4067.9,1163.25,4071.95,1146.85,4072.6,1130.45,4058.5,1111.15,4040.4,1095.35,4015.3,1087.75,3986.6,1090.15,3963.8,1104.75,3947.45,1118.2
1-34,Uninfected,No_comment,Polygon,17,4265.55,949.7,4259.15,969,4252.1,991.85,4257.95,1015.85,4279.05,1036.85,4298.9,1044.45,4324.05,1043.3,4349.15,1034.5,4370.25,1015.85,4377.85,998.9,4381.9,977.8,4371.45,952.05,4358.55,937.45,4339.8,930.5,4318.2,928.65,4301.2,929.85,4281.9,937.45
1-35,Uninfected,No_comment,Polygon,20,4153.9,921.7,4133.95,942.75,4133.4,959.1,4140.45,988.3,4151.55,1008.25,4166.75,1010.55,4182.55,1008.8,4201.85,1007.6,4217.05,1012.9,4232.85,1008.25,4243.3,997.1,4252.1,976.7,4259.75,956.75,4263.25,936.9,4253.9,918.15,4245.1,909.35,4229.3,901.2,4209.45,898.25,4190.7,901.75,4171.4,909.35
1-36,Uninfected,No_comment,Polygon,21,4441,1012.9,4423.45,1028.65,4411.8,1057.4,4413.55,1077.2,4425.85,1101.2,4442.75,1121.05,4466.15,1131,4488.95,1132.2,4514.65,1125.15,4532.85,1114.65,4550.4,1104.75,4559.1,1086,4557.35,1069.1,4549.8,1052.7,4548.05,1038.05,4542.75,1025.8,4528.75,1013.45,4513.55,1005.85,4493.6,1001.75,4474.95,1002.4,4458.55,1005.3
1-37,Uninfected,No_comment,Polygon,17,4558.55,1008.75,4555.65,1022.2,4560.9,1045.05,4574.35,1069.6,4595.4,1084.8,4631.05,1083.05,4649.8,1073.7,4665,1052.65,4676.7,1027.5,4677.25,1007,4667.9,988.9,4653.3,979.55,4634.6,973.1,4615.85,970.75,4595.4,972.5,4579.05,979.55,4562.65,992.4
1-38,Uninfected,No_comment,Polygon,16,4497.15,1155.55,4488.95,1177.2,4490.7,1203.5,4502.4,1225.15,4525.2,1238.6,4560.3,1241.55,4588.95,1235.1,4611.8,1220.45,4627.55,1197.65,4627,1168.45,4618.2,1144.45,4604.15,1128.05,4591.3,1121.05,4553.9,1119.3,4532.25,1126.9,4514.7,1137.45
1-39,Uninfected,No_comment,Polygon,20,4122.85,1224,4111.75,1230.4,4100.05,1238,4093.65,1256.15,4092.45,1279.55,4103,1305.85,4115.25,1320.5,4131.05,1325.75,4148,1328.65,4171.4,1327.5,4185.45,1319.9,4200.65,1308.8,4211.75,1292.4,4215.85,1267.25,4212.35,1249.7,4204.75,1238,4192.45,1225.75,4183.1,1219.3,4169.05,1212.85,4148,1212.85
1-40,Uninfected,No_comment,Polygon,18,4409.5,849.1,4401.9,866.1,4396.05,880.7,4395.4,902.95,4404.2,922.8,4427.6,939.2,4452.15,943.85,4470.25,942.7,4494.3,935.1,4515.9,918.7,4529.9,885.4,4526.4,852.65,4514.7,840.35,4502.45,830.4,4481.4,824,4458.6,824,4441.05,826.3,4427.05,831.6
1-41,Uninfected,No_comment,Polygon,16,3678.45,686.55,3669.1,700,3672,720.45,3678.45,751.45,3700.05,775.4,3729.3,785.35,3759.7,776.6,3775.5,766.05,3788.4,734.5,3781.95,718.1,3787.2,704.65,3780.2,685.95,3763.8,667.25,3741,658.45,3714.7,661.95,3691.9,672.5
1-42,Uninfected,No_comment,Polygon,17,3805.35,683.6,3795.4,699.4,3792.45,714.6,3795.95,732.75,3803.05,749.7,3826.95,762.55,3848.05,765.5,3864.4,762.55,3883.1,754.35,3894.8,740.35,3906.5,720.45,3908.25,695.9,3898.9,674.85,3886.65,659.65,3865,656.7,3841.6,658.45,3820.55,667.8
1-43,Uninfected,No_comment,Polygon,19,3953.85,462.55,3946.85,484.75,3941,499.95,3946.85,528.05,3956.2,546.15,3974.9,559.05,3990.7,562.55,4012.35,557.85,4035.75,546.15,4050.95,534.5,4061.5,515.2,4059.7,491.8,4055.05,473.65,4046.85,454.95,4029.3,447.35,4010.6,442.65,3997.15,443.85,3977.85,450.25,3969.1,455.55
1-44,Uninfected,No_comment,Polygon,18,3518.2,547.35,3506.45,561.4,3496.5,585.95,3498.3,609.95,3508.2,629.25,3521.65,646.8,3545.7,656.75,3565.55,653.8,3590.1,640.95,3601.25,627.5,3608.85,612.3,3615.8,585.95,3614.05,566.1,3603,549.1,3584.25,536.85,3563.8,530.4,3549.2,530.4,3533.35,538
1-45,Uninfected,No_comment,Polygon,19,3363.2,443.85,3356.15,456.15,3356.15,477.2,3358.55,501.15,3364.4,520.45,3378.4,532.15,3395.95,539.2,3420.55,543.25,3434.6,531.6,3455.6,514.6,3464.95,494.75,3474.35,471.35,3473.7,453.2,3466.15,433.9,3452.1,416.35,3432.2,409.95,3411.75,407,3393.65,414.6,3380.75,423.4
1-46,Uninfected,No_comment,Polygon,19,3362,286.55,3355.05,304.65,3352.1,328.7,3355.05,349.7,3360.9,365.5,3374.35,385.95,3395.4,395.9,3424.6,388.35,3441.6,378.95,3449.75,361.45,3457.35,341.5,3464.4,314.6,3464.95,296.5,3451.5,270.75,3434.6,253.8,3413.5,250.3,3393.65,254.4,3379,266.05,3370.8,275.45
1-47,Uninfected,No_comment,Polygon,17,3607.65,350.3,3599.5,367.3,3591.3,395.9,3590.1,415.25,3598.85,438,3609.4,456.7,3648,466.65,3667.85,457.9,3682.5,443.25,3691.9,431,3697.75,397.05,3700.05,368.4,3690.1,348.55,3673.7,333.9,3654.4,329.8,3634.55,332.75,3616.45,338.6
1-48,Uninfected,No_comment,Polygon,17,3712.95,354.95,3708.85,390.05,3711.8,414.6,3720.55,432.15,3743.35,450.3,3768.5,452.65,3794.8,449.1,3818.8,436.25,3834.55,408.75,3839.2,384.2,3835.15,359.05,3822.3,333.35,3803,321.65,3787.8,317.55,3769.65,321.1,3740.4,331,3721.65,342.7
1-49,Uninfected,No_comment,Polygon,15,3281.3,708.15,3281.3,726.9,3292.45,762.55,3312.9,774.85,3338.05,780.1,3376.65,767.25,3394.2,749.7,3405.9,721.6,3402.35,694.15,3383.65,667.25,3360.25,656.7,3328.7,657.3,3306.45,669,3291.25,681.85,3281.3,692.95
1-50,Uninfected,No_comment,Polygon,15,3067.85,767.25,3076.05,807.6,3114.65,831.55,3135.7,829.2,3166.7,813.45,3186.6,791.8,3193,767.8,3193.6,745,3184.25,728.65,3166.1,718.7,3142.15,710.5,3125.15,710.5,3102.95,722.2,3083.65,739.15,3074.9,754.35
1-51,Uninfected,No_comment,Polygon,15,3391.85,794.7,3386.6,809.9,3387.15,833.9,3393.6,859.05,3412.9,876,3440.95,884.2,3476.05,874.85,3498.3,857.3,3505.3,831.55,3507.65,810.5,3497.7,787.1,3468.45,766.05,3448.55,760.8,3424,768.4,3404.15,781.25
1-52,Uninfected,No_comment,Polygon,18,3423.45,929.2,3419.95,942.65,3421.15,961.95,3428.7,978.9,3443.35,997,3462,1006.4,3490.1,1004.65,3510,1000.55,3528.7,985.95,3541.6,967.25,3543.95,944.4,3535.75,923.35,3523.45,902.85,3505.95,891.15,3486.05,885.95,3462.65,891.15,3445.1,899.4,3431.05,911.65
1-53,Uninfected,No_comment,Polygon,16,3258.55,1027.45,3252.7,1038,3250.95,1056.7,3250.95,1073.65,3261.5,1087.1,3274.95,1097.05,3294.25,1098.8,3308.2,1097.65,3333.4,1083.6,3342.2,1064.9,3344.5,1042.65,3338.65,1022.8,3321.15,1007.6,3302.35,1005.25,3277.85,1011.1,3266.15,1019.85
1-54,Uninfected,No_comment,Polygon,17,3475.45,1049.7,3455.6,1064.9,3448.05,1081.25,3443.9,1109.9,3452.1,1129.2,3460.9,1140.9,3480.8,1147.3,3507.1,1147.95,3536.9,1137.4,3548,1125.15,3562.65,1110.5,3568.5,1091.8,3569.65,1072.5,3557.95,1052.05,3542.75,1041.45,3517,1038,3493.65,1042.65
1-55,Uninfected,No_comment,Polygon,19,3536.9,1180.7,3524.05,1200,3521.1,1218.7,3523.45,1239.7,3535.1,1259.65,3543.9,1272.45,3562,1286.55,3582.5,1293.5,3608.85,1293.5,3639.2,1272.45,3653.3,1254.95,3660.25,1224.55,3659.15,1201.15,3646.8,1178.95,3625.75,1161.4,3604.75,1154.35,3580.2,1156.1,3558.55,1164.9,3547.45,1172.5
1-56,Uninfected,No_comment,Polygon,20,3443.9,1274.2,3439.8,1287.1,3436.3,1308.15,3438.05,1324.55,3444.5,1340.9,3458.5,1351.45,3484.85,1361.95,3504.15,1362.55,3521.65,1359,3538.05,1345.55,3552.65,1326.25,3557.95,1307.6,3558.5,1291.2,3552.65,1280.7,3536.9,1266.05,3529.9,1250.85,3511.75,1247.95,3479,1246.2,3461.45,1256.1,3449.15,1265.5
1-57,Uninfected,No_comment,Polygon,16,3198.85,1264.3,3185.4,1300,3187.7,1313.45,3194.75,1331.55,3210.55,1346.2,3224.6,1354.9,3245.05,1359,3266.7,1358.45,3283.65,1344.45,3296.5,1321.6,3300.05,1294.15,3286,1265.5,3270.8,1252.6,3246.8,1245,3222.25,1249.05,3204.7,1256.1
1-58,Uninfected,No_comment,Polygon,17,3215.8,1147.95,3215.25,1161.4,3223.4,1183,3231,1198.8,3250.3,1214.55,3272.55,1216.95,3306.45,1205.85,3335.7,1178.9,3343.3,1159.65,3342.7,1136.8,3331.6,1114,3309.95,1102.85,3285.4,1098.7,3259.7,1101.75,3244.45,1112.85,3232.8,1122.8,3223.4,1138
1-59,Uninfected,No_comment,Polygon,17,3031.6,1372.45,3033.35,1390.05,3039.8,1404.1,3058.5,1416.35,3071.35,1419.3,3083.65,1416.95,3105.85,1402.9,3122.85,1387.1,3133.95,1371.35,3134.55,1354.9,3126.35,1333.3,3112.9,1318.65,3093,1313.45,3077.2,1317.5,3060.85,1326.25,3050.3,1338,3040.35,1352.6
1-60,Uninfected,No_comment,Polygon,19,2903.55,1209.35,2901.2,1222.8,2904.1,1236.85,2915.25,1248.55,2927.5,1262.6,2935.1,1272.5,2962,1274.85,2988.35,1273.7,3002.95,1259.65,3018.75,1236.85,3019.9,1209.35,3009.95,1191.25,3001.2,1177.2,2985.4,1168.4,2967.3,1166.65,2942.7,1166.65,2922.85,1173.1,2910.55,1182.45,2906.45,1197.65
1-61,Uninfected,No_comment,Polygon,18,2817.55,1293,2819.9,1305.25,2828.7,1322.25,2838.05,1337.45,2856.15,1346.8,2873.1,1347.35,2888.35,1346.8,2897.7,1344.45,2919.3,1326.3,2927.5,1306.45,2926.35,1290.65,2921.1,1272.5,2904.7,1250.9,2880.75,1240.35,2855,1239.75,2842.15,1247.35,2827.5,1261.4,2822.25,1273.1
1-62,Uninfected,No_comment,Polygon,19,2956.75,1397.1,2947.4,1407,2939.2,1422.8,2935.7,1441.55,2934.55,1460.85,2943.3,1484.2,2959.65,1501.75,2981.9,1509.35,3008.2,1507.05,3025.75,1494.15,3039.8,1476.6,3049.75,1457.9,3053.25,1439.75,3052.05,1418.7,3040.9,1406.35,3022.25,1390.65,3010.55,1384.8,2993.6,1381.9,2967.85,1387.75
1-63,Uninfected,No_comment,Polygon,19,2666.1,1163.75,2662.6,1181.85,2660.85,1200,2669.05,1217.55,2680.15,1235.1,2696.5,1249.7,2717,1254.4,2733.35,1254.4,2750.3,1247.95,2765.55,1235.65,2773.15,1223.4,2774.9,1203.5,2774.3,1186.55,2766.7,1167.25,2749.75,1149.7,2729.85,1138.6,2711.15,1136.85,2686,1145,2676.65,1152.05
1-64,Uninfected,No_comment,Polygon,19,2492.4,1140.9,2481.9,1155.55,2479.55,1174.85,2483.65,1193.55,2491.85,1212.8,2504.7,1227.45,2517,1231.55,2531.6,1232.75,2554.4,1228.05,2571.95,1220.45,2580.15,1201.75,2587.75,1181.25,2584.25,1162,2575.45,1152.6,2555.6,1138.6,2547.4,1126.9,2527.5,1123.95,2514.05,1126.3,2500.6,1133.3
1-65,Uninfected,No_comment,Polygon,19,2356.75,1125.15,2346.8,1131.55,2340.95,1146.75,2338.6,1163.75,2343.9,1185.95,2352.65,1206.4,2368.45,1216.35,2389.5,1218.1,2414.65,1213.45,2430.45,1205.85,2441.55,1188.9,2447.4,1168.4,2447.4,1150.85,2435.7,1138,2425.15,1125.7,2411.15,1119.85,2397.7,1115.8,2380.15,1115.2,2371.35,1116.35
1-66,Uninfected,No_comment,Polygon,21,2512.9,1245.6,2504.1,1262.55,2497.1,1284.8,2494.2,1302.9,2498.25,1326.3,2507.05,1345,2521.1,1359.05,2536.85,1360.8,2562,1360.8,2575.45,1346.75,2583.05,1332.75,2596.5,1328.65,2603.55,1305.85,2598.85,1288.9,2588.45,1271.05,2573.7,1256.7,2559.7,1243.25,2550.3,1239.75,2541.55,1238.6,2527.5,1239.75,2519.9,1242.1
1-67,Uninfected,No_comment,Polygon,18,2785.4,959.65,2786.6,983.1,2786.6,1014.65,2794.2,1033.95,2808.2,1045.65,2829.85,1050.95,2846.8,1053.25,2869.65,1047.4,2897.7,1028.75,2900.6,993.6,2901.2,976.05,2884.85,952.7,2877.8,933.95,2864.35,927.55,2838.05,923.45,2811.75,930.5,2801.8,941.55,2791.25,950.9
1-68,Uninfected,No_comment,Polygon,19,2687.75,957.9,2679.55,972.55,2676.05,993.6,2680.15,1017.05,2693,1036.85,2710.55,1046.85,2726.35,1049.8,2751.5,1048.6,2765.55,1042.2,2774.3,1031.65,2781.3,1021.7,2781.9,1005.85,2783.05,984.8,2780.15,964.35,2768.45,948.6,2750.3,938.1,2732.8,935.7,2713.5,939.8,2700.6,947.4
1-69,Uninfected,No_comment,Polygon,16,2874.85,931.65,2874.3,914.1,2875.45,902.4,2884.25,883.1,2904.15,867.9,2924.6,866.15,2946.25,867.9,2966.7,881.9,2975.5,902.95,2977.8,925.15,2971.95,949.15,2959.1,966.7,2926.35,976.7,2902.95,973.1,2890.05,961.35,2880.75,933.95
1-70,Uninfected,No_comment,Polygon,18,2536.3,1105.85,2536.85,1091.85,2545.05,1070.8,2555,1056.75,2579,1043.95,2597.1,1042.2,2619.9,1050.95,2642.15,1072.55,2649.75,1090.15,2652.65,1111.7,2646.25,1127.55,2633.95,1144.45,2616.4,1155.65,2598.85,1155.65,2579,1148.05,2563.75,1136.35,2553.25,1126.35,2542.15,1116.45
1-71,Uninfected,No_comment,Polygon,21,2649.15,825.15,2640.65,838.45,2639.25,854.4,2638.65,872.6,2647.4,891.9,2659.65,908.75,2677.8,918.15,2700.05,919.9,2718.7,919.15,2740.4,920.85,2754.95,908.15,2763.65,890.75,2763.05,865.5,2753.8,842.9,2739.8,821.8,2735.05,811.3,2719.9,804.15,2700.05,800.65,2677.8,803.05,2662.55,812.3,2657.9,817.05
1-72,Uninfected,No_comment,Polygon,17,2740.05,815.9,2751.8,810.6,2763.75,811.25,2776.6,817,2794.7,830.3,2802.3,850.3,2803.55,869.55,2792.35,896.45,2777.2,912.8,2762,922.2,2749.75,925.7,2726.25,913.8,2709,896.8,2698.6,875.5,2708.75,846.5,2719.5,831.95,2723.95,821.3
1-73,Uninfected,No_comment,Polygon,18,2772,723.4,2774.85,742.1,2782.5,767.8,2797.15,787.1,2814.1,793.55,2831.65,794.15,2854.45,787.1,2866.75,779.5,2878.95,760.2,2884.3,741.5,2883.1,718.1,2874.3,698.8,2860.3,683.05,2842.15,677.2,2823.45,675.4,2802.4,681.25,2787.8,690.65,2776.05,707.6
1-74,Uninfected,No_comment,Polygon,21,2669,677.2,2653.3,697.05,2644.5,712.25,2644.5,735.05,2650.9,757.9,2657.35,774.25,2670.2,788.3,2681.95,794.15,2705.3,789.45,2719.35,789.45,2735.15,789.45,2745.7,777.75,2759.7,760.2,2762.05,739.15,2761.4,718.7,2756.75,699.4,2747.45,687.7,2724,677.75,2708.8,674.25,2696.55,674.25,2682.45,674.25
1-75,Uninfected,No_comment,Polygon,18,2462.05,696.5,2462.65,711.7,2477.25,733.3,2495.9,749.1,2511.75,756.15,2531.6,759.05,2547.45,756.7,2556.8,751.45,2565.55,742.1,2569.65,719.3,2565.55,701.75,2558.5,688.3,2544.5,670.15,2525.2,660.8,2505.3,659.65,2486,663.15,2471.4,675.4,2464.95,682.45
1-76,Uninfected,No_comment,Polygon,20,2414.1,611.1,2417.6,628.05,2428.7,646.2,2446.25,661.95,2470.25,668.4,2486,657.9,2494.2,654.95,2505.9,645.6,2508.25,629.2,2514.1,616.95,2521.1,610.5,2524,595.3,2519.95,575.4,2499.45,553.2,2481.35,542.1,2458.5,543.25,2440.4,551.45,2427.55,566.65,2420.5,579.5,2416.95,596.45
1-77,Uninfected,No_comment,Polygon,19,2497.1,438,2491.25,452.6,2497.1,467.8,2504.7,481.85,2517.55,497.65,2549.15,513.45,2570.2,515.2,2597.1,506.4,2615.2,491.8,2625.15,471.3,2623.4,449.1,2614.05,432.15,2601.75,419.3,2586,406.4,2560.85,401.75,2542.1,402.3,2526.9,409.35,2512.9,418.1,2501.75,429.2
1-78,Uninfected,No_comment,Polygon,21,2611.7,511.7,2608.2,529.2,2607.05,544.4,2607.05,559.65,2611.15,574.85,2619.3,589.45,2629.85,600,2641.55,604.65,2656.15,604.1,2667.85,598.25,2682.05,586.2,2697.7,576,2711.15,570.75,2721.05,556.1,2718.15,532.75,2708.8,513.45,2688.9,497.05,2674.3,484.75,2652.05,483.6,2628.65,494.7,2618.15,500.55
1-79,Uninfected,No_comment,Polygon,17,2367.25,214.6,2364.95,225.7,2365.5,242.1,2370.2,259.05,2380.15,276.6,2397.7,290.05,2414.05,290.05,2431,287.1,2446.2,269.55,2450.3,253.8,2453.25,234.5,2453.25,218.1,2438.6,197.05,2418.75,188.85,2400.6,188.85,2385.4,194.7,2373.1,202.3
1-80,Uninfected,No_comment,Polygon,16,2458.5,300,2456.75,319.3,2458.5,338,2469.05,355.55,2490.65,365.5,2505.3,370.15,2524.6,367.8,2540.95,359.05,2556.75,342.1,2563.2,316.35,2557.35,300,2542.15,281.85,2532.2,275.4,2505.3,273.1,2480.15,274.25,2466.7,284.8
1-81,Uninfected,No_comment,Polygon,17,2570.2,245.6,2563.2,261.95,2563.75,279.5,2578.4,307.6,2597.7,316.35,2621.1,321.05,2641.55,323.4,2664.35,320.45,2671.35,308.15,2663.75,290.65,2656.15,273.1,2650.3,254.35,2652.65,238.6,2640.95,229.8,2622.85,223.95,2593.6,224.55,2578.4,234.5
1-82,Uninfected,No_comment,Polygon,19,2660.25,224.55,2656.15,237.4,2655,249.7,2658.5,271.9,2668.45,287.7,2686,297.05,2693.6,291.8,2700.6,278.35,2708.8,269,2723.4,264.3,2742.7,266.05,2749.75,266.65,2756.15,243.25,2751.5,229.8,2735.1,207.6,2715.8,198.25,2694.2,197.65,2670.2,211.1,2664.95,218.7
1-83,Uninfected,No_comment,Polygon,21,2710.55,368.4,2716.4,377.75,2724.6,389.45,2728.7,404.65,2736.85,419.85,2747.4,432.75,2763.75,436.25,2780.15,434.5,2790.1,429.25,2801.8,421.05,2809.95,411.7,2817,401.75,2818.15,384.8,2815.25,368.4,2810.55,355.55,2798.3,344.45,2790.65,347.95,2775.45,360.2,2764.35,371.35,2742.7,374.85,2715.8,369
1-84,Uninfected,No_comment,Polygon,14,2725.2,1.8,2728.15,13.45,2732.2,35.1,2733.4,57.9,2748.6,79.6,2764.35,92.4,2798.9,102.9,2826.35,96.5,2841.55,82.5,2850.9,67.85,2852.7,49.1,2850.35,32.2,2841.55,17.55,2818.15,0
1-85,Uninfected,No_comment,Polygon,15,3413.25,129.95,3411.15,147.2,3413.75,165.5,3425.4,181.75,3450.8,197.95,3472.6,201,3493.95,195.45,3508.65,183.25,3516.8,158.4,3514.7,136.55,3508.15,117.75,3489.9,97.45,3465,93.4,3442.15,102.55,3424.4,115.75
1-86,Uninfected,No_comment,Polygon,18,3321.3,72.6,3313.75,86.8,3313.75,105.6,3316.8,121.3,3325.4,139.1,3343.7,149.25,3362.9,155.35,3385.8,151.8,3401.5,144.65,3413.25,137.05,3422.35,113.2,3426.35,90.85,3421.85,75.15,3408.65,61.95,3389.35,46.7,3359.85,44.65,3339.6,52.8,3329.45,60.9
1-87,Uninfected,No_comment,Polygon,15,3821.4,142.55,3816.3,165.9,3813.85,183.75,3817.35,208.1,3830.1,228.4,3848.85,232.4,3874.7,233,3898.6,223.35,3929,176.65,3920.45,165.9,3906.75,157.8,3899.05,141.6,3873.75,131.95,3847.3,131.95,3833.05,135.95
1-88,Uninfected,No_comment,Polygon,16,4073.25,306.6,4063.1,322.85,4062,348.65,4075.25,370.05,4095.05,382.75,4119.35,391.85,4158.95,393.4,4179.25,385.7,4195.05,362.35,4199.05,345.6,4197.05,321.3,4185.85,306.6,4170.65,295.85,4149.9,290.8,4119.35,294.35,4093.55,298.9
1-89,Uninfected,No_comment,Polygon,18,3920.45,351.25,3917.35,362.95,3916.3,379.7,3926.55,401.5,3945.75,422.85,3970.2,431.9,3985.4,431.9,4002.1,432.4,4033.65,431.9,4052.35,415.65,4058.95,392.3,4052.35,365.95,4038.65,346.7,4009.8,330.4,3984.35,324.85,3964.05,324.85,3943.8,331.95,3932.55,340.1
1-90,Uninfected,No_comment,Polygon,17,4306.2,575.35,4293.55,597.05,4291.15,617.5,4302,639.2,4311.65,652.45,4335.15,663.9,4353.2,665.1,4374.9,660.85,4390.55,651.85,4405,634.35,4412.25,620.5,4414.65,596.45,4408.05,579.55,4391.75,564.55,4368.25,556.65,4345.4,554.85,4324.3,560.25
1-91,Uninfected,No_comment,Polygon,19,4053.8,807.85,4048.35,828.35,4054.4,850.65,4058,871.75,4070.05,890.4,4095.95,897.7,4121.25,897.7,4156.2,890.4,4176.1,878.35,4188.15,862.7,4194.15,842.2,4195.35,818.75,4186.35,801.25,4170.65,788.6,4153.8,777.75,4137.55,772.95,4115.25,772.95,4089.95,777.15,4064.05,791.6
1-92,Uninfected,No_comment,Polygon,17,4296.6,780.75,4290.55,798.25,4281.5,816.3,4280.9,847.65,4289.35,868.15,4310.45,885.65,4340.55,892.85,4362.25,888,4385.15,875.95,4400.8,855.45,4407.45,828.95,4404.4,800.65,4392.35,777.15,4373.1,768.1,4344.75,767.5,4324.3,771.1,4302.6,777.75
1-93,Uninfected,No_comment,Polygon,17,3678.55,1300,3676.15,1317.4,3675.55,1340.15,3686.95,1359.9,3702.5,1379.05,3724.65,1391.65,3743.25,1392.85,3767.2,1385.65,3786.35,1372.5,3797.75,1348.5,3800.15,1328.15,3792.35,1301.8,3777.95,1280.25,3754.6,1266.5,3730.05,1266.5,3706.7,1273.65,3694.75,1286.85
1-94,Uninfected,No_comment,Polygon,17,3915.7,1231.75,3899.55,1247.9,3893.55,1267.1,3889.35,1289.25,3895.95,1312,3909.7,1331.15,3930.65,1340.15,3963,1345.55,3988.75,1335.35,4010.3,1318.6,4027.1,1288.65,4031.85,1266.5,4018.7,1232.35,3993.55,1215,3969.6,1208.4,3951.05,1208.4,3926.5,1219.8
1-95,Uninfected,No_comment,Polygon,18,3823.5,1153.3,3816.3,1170.05,3814.5,1186.25,3818.1,1204.8,3831.85,1234.75,3854.6,1243.75,3876.75,1243.75,3897.75,1228.75,3917.5,1216.8,3934.25,1198.2,3940.85,1183.85,3929.45,1164.7,3925.3,1146.7,3918.7,1130.55,3902.5,1122.15,3876.2,1121.55,3855.2,1129.35,3838.45,1139.55
1-96,Uninfected,No_comment,Polygon,19,3619.25,2403.2,3614.65,2415.6,3612,2429.5,3614.65,2454.75,3622.85,2472.3,3637.8,2483.6,3651.7,2493.4,3672.9,2498.05,3705.35,2494.45,3723.35,2480.55,3737.3,2451.65,3737.3,2427.45,3726.45,2407.35,3712.55,2396,3699.15,2383.1,3669.25,2381.05,3654.3,2382.6,3635.75,2390.85,3629.55,2396
1-97,Uninfected,No_comment,Polygon,19,3538.8,2300.6,3533.2,2315.55,3534.7,2342.4,3548.15,2370.2,3570.25,2390.3,3589.35,2396,3612,2393.4,3636.75,2383.1,3656.35,2372.3,3669.75,2353.2,3676.45,2324.35,3667.15,2296,3656.35,2278.45,3630.05,2262.5,3604.3,2258.35,3583.65,2261.95,3565.1,2270.7,3551.7,2281.55,3546.05,2289.8
1-98,Uninfected,No_comment,Polygon,19,3839.4,2356.8,3826,2373.3,3824.45,2381.05,3820.25,2397,3819.75,2416.6,3830.05,2435.7,3851.2,2453.7,3873.4,2457.35,3895.55,2457.35,3920.85,2450.1,3934.7,2437.75,3940.9,2420.2,3942.5,2399.1,3936.8,2380,3924.9,2361.95,3904.3,2349.6,3882.15,2343.9,3862.6,2345.45,3848.65,2352.15
1-99,Uninfected,No_comment,Polygon,22,4033.65,2417.1,4020.8,2425.9,4000.7,2428.45,3978,2420.75,3966.15,2410.95,3958.4,2397.5,3956.35,2369.15,3958.4,2350.05,3973.35,2338.75,3992.95,2331.05,4019.75,2332.05,4034.7,2340.3,4043.45,2352.15,4051.2,2366.1,4065.65,2367.65,4076.95,2373.8,4088.85,2388.25,4089.85,2407.85,4081.1,2424.85,4069.75,2431.55,4051.2,2431.55,4042.45,2425.9
1-100,Uninfected,No_comment,Polygon,20,4039.85,2237.2,4029.55,2244.4,4024.4,2265.05,4026.45,2292.35,4042.95,2323.3,4070.8,2342.9,4098.1,2350.05,4133.65,2336.2,4150.15,2318.15,4158.4,2297,4163.55,2275.85,4159.95,2268.15,4152.25,2257.85,4140.35,2247.5,4133.65,2229.45,4125.45,2219.7,4103.25,2214,4078.5,2213,4058.95,2220.7,4048.6,2230
1-101,Uninfected,No_comment,Polygon,20,4144.5,2157.85,4134.2,2168.65,4128.5,2185.15,4129.05,2204.2,4141.4,2225.85,4150.15,2244.4,4171.8,2265.05,4200.15,2271.25,4227,2267.1,4248.1,2257.3,4256.85,2237.2,4262.55,2214.55,4254.3,2191.85,4242.45,2176.9,4226.45,2170.7,4212.55,2159.35,4201.2,2150.6,4182.65,2149.55,4165.1,2148.55,4155.3,2150.6
1-102,Uninfected,No_comment,Polygon,17,3954.3,2087.7,3944.5,2106.25,3935.75,2134.6,3945.5,2162.45,3962.55,2190.8,3983.15,2204.75,4009.95,2213,4028.5,2209.4,4045,2199.05,4056.85,2178.45,4062,2156.8,4060.45,2130,4048.1,2104.2,4027.5,2086.7,4001.2,2073.8,3985.2,2076.9,3965.6,2081.55
1-103,Uninfected,No_comment,Polygon,17,3716.15,2080,3708.9,2091.3,3703.75,2106.8,3706.35,2135.65,3716.65,2159.9,3739.85,2177.95,3766.15,2185.15,3789.35,2181,3803.75,2172.8,3822.3,2158.35,3831.6,2127.9,3829.55,2103.2,3814.6,2077.4,3791.9,2058.8,3771.3,2055.25,3748.6,2058.8,3731.6,2067.1
1-104,Uninfected,No_comment,Polygon,17,4316.15,2135.15,4311,2151.15,4308.95,2167.6,4317.2,2186.15,4326.5,2201.1,4349.65,2213.5,4367.7,2215.05,4388.35,2210.9,4405.85,2195.45,4416.15,2178.45,4422.35,2151.15,4412.05,2126.9,4400.2,2114.55,4379.05,2106.25,4355.35,2104.75,4332.15,2117.6,4322.35,2125.85
1-105,Uninfected,No_comment,Polygon,18,4180.1,2123.3,4178.55,2103.2,4188.85,2083.6,4206.9,2072.75,4233.7,2062.45,4255.85,2060.9,4270.8,2065.5,4290.4,2074.3,4297.1,2088.75,4308.95,2111.45,4307.9,2130,4296.6,2150.1,4280.1,2165.05,4259.45,2171.2,4232.15,2169.15,4217.2,2156.25,4200.2,2142.85,4188.35,2135.65
1-106,Uninfected,No_comment,Polygon,17,4086.25,1978.95,4077.5,1994.95,4072.35,2021.2,4071.3,2049.05,4084.2,2083.6,4102.25,2102.1,4126.45,2104.2,4145.55,2101.1,4160.5,2089.25,4170.3,2075.85,4176.45,2055.75,4181.1,2024.85,4179.05,1996.45,4165.15,1970.2,4145.55,1959.35,4120.3,1955.7,4098.65,1965.55
1-107,Uninfected,No_comment,Polygon,16,4385.75,2035.15,4384.2,2060.4,4386.25,2079.45,4406.9,2104.2,4445.05,2122.25,4467.7,2123.3,4495.55,2119.15,4511.55,2104.2,4518.25,2089.25,4519.25,2068.65,4517.7,2050.55,4495.55,2026.9,4478.05,2015.55,4449.15,2010.4,4421.35,2013.95,4399.7,2022.75
1-108,Uninfected,No_comment,Polygon,18,4272.35,1951.65,4259.45,1965.55,4257.4,1987.2,4267.7,2012.45,4292.45,2034.1,4328.55,2043.85,4349.15,2038.75,4369.25,2033.6,4388.85,2020.2,4397.6,2003.7,4398.15,1984.1,4387.3,1963.95,4374.95,1941.85,4360,1928.95,4341.45,1919.65,4315.15,1918.1,4292.95,1920.2,4281.65,1933.6
1-109,Uninfected,No_comment,Polygon,16,4694,2038.7,4671.85,2048.5,4650.7,2049.05,4630.6,2043.9,4608.95,2035.1,4590.9,2024.3,4575.95,2004.7,4568.75,1982,4572.35,1960.35,4586.3,1939.75,4613.1,1926.35,4636.3,1924.8,4657.95,1927.9,4682.65,1938.2,4704.3,1956.75,4713.1,1979.45
1-110,Uninfected,No_comment,Polygon,19,4474.95,1720.65,4472.35,1733.05,4465.65,1753.15,4471.3,1770.65,4480.1,1790.75,4514.6,1809.85,4546.6,1812.45,4564.65,1810.9,4580.1,1802.1,4595.55,1788.7,4605.35,1768.6,4608.95,1747.45,4603.8,1718.1,4579.05,1700.05,4560,1688.7,4534.2,1687.15,4515.15,1689.75,4498.65,1698,4486.8,1707.25
1-111,Uninfected,No_comment,Polygon,18,4019.45,1853.3,4007.65,1861.1,3997.3,1874.95,3990.9,1894.15,3986.95,1917.35,3993.85,1944.85,4011.1,1958.7,4036.2,1969.5,4061.35,1970.55,4086.95,1958.15,4109.6,1941,4118,1915.35,4118,1888.25,4107.65,1865.6,4085.05,1840.5,4066.25,1834.55,4040.65,1840.5,4026.85,1846.4
1-112,Uninfected,No_comment,Polygon,19,3929.35,1759.7,3920.45,1775.4,3921.9,1796.65,3925.35,1814.35,3935.7,1833.1,3948,1845.85,3967.25,1854.75,3987.45,1855.7,4004.75,1851.8,4015,1842.95,4028.8,1831.6,4035.2,1811.9,4033.75,1789.25,4028.3,1773,4018.45,1755.2,4004.75,1742.45,3985.45,1738.45,3960.85,1739.5,3945.55,1745.35
1-113,Uninfected,No_comment,Polygon,18,3278.1,2322.9,3285.4,2314.05,3300.5,2300.5,3318.2,2293.2,3341.65,2291.65,3359.35,2298.95,3372.9,2307.8,3384.9,2325.5,3388,2352.05,3381.75,2372.35,3369.25,2390.1,3353.65,2400.5,3338,2403.1,3316.15,2398.95,3298.4,2390.6,3288,2380.7,3279.15,2365.1,3276.05,2338
1-114,Uninfected,No_comment,Polygon,17,3304.65,2180.2,3304.15,2201.55,3304.15,2220.3,3321.85,2248.95,3343.2,2260.9,3365.1,2264.55,3388,2261.45,3405.2,2247.35,3422.9,2220.3,3419.25,2196.85,3411.95,2175.5,3396.85,2156.75,3377.6,2145.3,3357.8,2144.25,3334.9,2150.5,3319.8,2160.9,3309.35,2172.35
1-115,Uninfected,No_comment,Polygon,17,3495.85,2419.75,3490.15,2443.2,3499,2470.8,3512.5,2493.2,3532.85,2506.25,3557.85,2513,3574.5,2513,3587.5,2504.15,3597.35,2487.5,3604.7,2463,3601.6,2438.5,3588,2415.6,3576,2402.05,3554.7,2396.85,3532.25,2395.3,3515.15,2400.5,3501,2410.4
1-116,Uninfected,No_comment,Polygon,20,3334.85,2507.8,3347.9,2531.75,3377.65,2555.7,3403.6,2575,3424,2588.5,3450,2594.25,3470.35,2591.65,3492.75,2586.45,3512,2581.25,3518.25,2572.4,3520.85,2546.85,3519.25,2527.6,3507.85,2503.65,3479.7,2485.9,3455.25,2473.4,3418.25,2470.8,3393.25,2472.4,3370.85,2484.9,3358.35,2496.85,3348.45,2502.05
1-117,Uninfected,No_comment,Polygon,19,3444.8,2599.95,3438.55,2606.75,3430.2,2631.2,3429.7,2657.8,3440.6,2683.3,3460.95,2697.9,3487.5,2702.05,3506.75,2696.85,3530.2,2687.45,3537.5,2676.55,3548.95,2658.3,3555.75,2641.65,3548.95,2618.2,3539.6,2603.1,3529.7,2594.75,3519.25,2590.6,3501.05,2590.1,3478.65,2593.2,3458.85,2597.35
1-118,Uninfected,No_comment,Polygon,20,3580.2,2623.4,3572.4,2643.7,3563,2660.9,3551.05,2670.3,3553.1,2692.15,3560.95,2711.95,3583.85,2727.05,3609.35,2735.9,3627.1,2732.25,3641.15,2721.35,3659.35,2708.85,3679.7,2693.2,3681.25,2670.3,3673.45,2652.05,3667.2,2640.6,3657.3,2628.1,3641.15,2620.8,3618.75,2618.2,3597.9,2617.15,3582.3,2622.9
1-119,Uninfected,No_comment,Polygon,17,3643.25,2741.1,3641.65,2759.35,3643.25,2782.8,3653.65,2802.05,3674.5,2814.05,3698.45,2818.2,3720.85,2816.65,3741.65,2809.35,3750.5,2796.35,3756.25,2772.9,3757.3,2756.2,3749.5,2739.05,3732.3,2728.1,3716.15,2723.4,3689.05,2721.35,3670.3,2726,3653.65,2735.9
1-120,Uninfected,No_comment,Polygon,20,3707.8,2659.85,3706.75,2672.35,3709.35,2690.1,3715.1,2708.3,3729.15,2723.4,3746.85,2729.65,3760.95,2732.8,3778.1,2731.2,3794.25,2722.35,3807.3,2709.35,3822.9,2696.35,3827.6,2673.4,3823.95,2658.85,3815.1,2641.65,3806.25,2628.6,3787.5,2622.35,3767.7,2622.35,3743.75,2627.6,3724.5,2638.5,3713,2648.4
1-121,Uninfected,No_comment,Polygon,15,3480.2,2831.25,3467.2,2844.75,3462,2865.1,3466.65,2885.4,3480.2,2908.85,3506.25,2920.3,3537,2919.25,3552.1,2908.85,3563.55,2895.3,3568.25,2877.6,3566.15,2857.25,3558.85,2842.7,3548.95,2828.6,3526.55,2821.35,3504.15,2819.75
1-122,Uninfected,No_comment,Polygon,16,3644.25,2895.3,3643.25,2913,3647.9,2935.4,3664.05,2955.7,3686.45,2969.75,3710.4,2973.4,3724.5,2964.55,3746.85,2955.2,3758.35,2934.85,3755.2,2908.3,3743.75,2886.95,3731.25,2868.75,3709.35,2858.3,3674.5,2858.3,3660.4,2866.1,3652.6,2879.15
1-123,Uninfected,No_comment,Polygon,16,3923.9,2679.15,3912.45,2692.65,3906.2,2707.25,3908.3,2729.65,3915.05,2758.8,3942.15,2774.95,3969.25,2779.15,3999.95,2770.8,4013,2752.05,4017.65,2725.5,4015.6,2704.65,4002.05,2688.5,3988.5,2678.6,3969.75,2674.45,3947.35,2672.9,3934.35,2675.5
1-124,Uninfected,No_comment,Polygon,18,4025.5,2647.35,4018.7,2664.05,4020.8,2693.2,4025.5,2714.55,4045.8,2736.95,4075.5,2747.35,4101,2743.7,4115.6,2734.35,4133.3,2720.3,4145.8,2703.1,4146.85,2681.2,4143.2,2663,4138,2644.25,4120.3,2628.1,4098.4,2618.2,4064.55,2619.75,4041.65,2632.25,4034.35,2642.15
1-125,Uninfected,No_comment,Polygon,17,2773.8,1817.35,2768.05,1836.35,2770.9,1854.15,2777.8,1877.15,2792.75,1893.25,2819.2,1903,2843.35,1903.6,2864.05,1897.85,2876.65,1883.45,2883.55,1863.95,2872.65,1843.25,2866.9,1830,2858.85,1813.95,2842.2,1803,2822.05,1796.1,2807.15,1795.55,2784.15,1803
1-126,Uninfected,No_comment,Polygon,16,2869.75,1796.7,2877.8,1780.6,2885.85,1767.95,2898.5,1758.75,2922.1,1758.15,2943.9,1767.35,2962.9,1785.75,2969.8,1801.3,2968.05,1823.75,2961.15,1844.95,2942.75,1858.2,2923.25,1862.8,2901.4,1863.35,2882.4,1850.7,2874.95,1834.05,2868.05,1812.8
1-127,Uninfected,No_comment,Polygon,16,2839.3,1636.9,2828.4,1647.8,2822.65,1664.5,2824.35,1684.05,2828.4,1703.05,2843.9,1716.8,2864.05,1724.25,2885.3,1726,2903.7,1719.65,2924.4,1701.9,2930.1,1675.4,2927.25,1655.3,2913.45,1639.2,2896.8,1627.7,2872.65,1622.55,2857.7,1626.55
1-128,Uninfected,No_comment,Polygon,16,2541,1694.95,2530.1,1704.2,2522.6,1728.85,2527.2,1750.1,2540.45,1768.5,2560,1781.15,2587.55,1781.75,2607.7,1776,2627.8,1762.25,2630.1,1737.5,2624.95,1718.5,2614.6,1698.95,2597.35,1686.3,2576.65,1681.15,2558.25,1681.75,2549.05,1685.75
1-129,Uninfected,No_comment,Polygon,18,2670.9,1912.75,2665.15,1921.35,2661.7,1936.9,2660.55,1954.7,2665.15,1971.95,2674.35,1987.45,2697.85,1993.8,2716.85,1994.95,2735.85,1990.3,2752.45,1979.45,2759.95,1966.8,2765.1,1944.35,2763.95,1927.65,2757.7,1912.75,2741,1894.35,2722.6,1889.2,2699,1890.9,2683.55,1900.7
1-130,Uninfected,No_comment,Polygon,16,2776.65,1927.1,2770.85,1946.65,2769.7,1964.5,2772,1988.6,2792.15,2013.35,2812.3,2020.8,2836.4,2020.8,2851.35,2015.65,2865.75,1989.75,2869.7,1973.1,2868.05,1955.85,2857.1,1928.25,2840.45,1913.9,2821.45,1910.45,2801.35,1910.45,2787,1916.2
1-131,Uninfected,No_comment,Polygon,15,2500.2,1930.55,2491.55,1946.1,2488.7,1966.2,2488.7,1981.15,2498.45,2004.15,2513.35,2016.8,2541.55,2023.1,2568,2015.65,2579.45,2002.4,2589.25,1977.15,2588.05,1952.4,2581.2,1930.55,2558.8,1915.05,2535.8,1914.5,2514.5,1921.35
1-132,Uninfected,No_comment,Polygon,18,2334.05,2071.4,2330.6,2085.75,2332.35,2101.25,2339.8,2119.1,2352.5,2128.85,2369.7,2143.8,2386.95,2152.45,2414.55,2150.7,2440.4,2138.05,2454.75,2119.65,2459.35,2098.4,2455.9,2070.25,2444.4,2050.1,2418.6,2034.6,2395.55,2032.9,2364.6,2037.5,2347.3,2050.7,2340.4,2059.3
1-133,Uninfected,No_comment,Polygon,17,2258.8,2138.05,2252.45,2151.3,2250.15,2163.9,2253.1,2188.05,2260.5,2205.9,2278.3,2219.7,2312.3,2223.65,2335.2,2214.5,2350.75,2196.7,2357.65,2178.3,2358.85,2157.6,2351.9,2138.65,2337.5,2124.25,2321.4,2116.8,2308.2,2114.5,2285.8,2115.05,2268.55,2126
1-134,Uninfected,No_comment,Polygon,19,2259.35,2243.25,2267.4,2234.05,2279.45,2226.55,2291.55,2223.65,2304.25,2227.1,2319.15,2226.55,2328.9,2222.55,2342.7,2227.1,2354.8,2236.9,2367.4,2252.45,2373.15,2275.45,2371.5,2289.8,2360,2299,2339.25,2301.85,2310.5,2299.55,2291.55,2290.35,2276,2278.9,2265.1,2264.5,2260.5,2252.45
1-135,Uninfected,No_comment,Polygon,17,2496.75,2253.6,2488.1,2266.8,2485.3,2283.45,2480.7,2298.4,2481.25,2312.2,2489.9,2330.6,2514.55,2342.65,2537,2342.1,2554.8,2336.35,2570.3,2328.9,2582.35,2312.2,2585.8,2287.45,2582.95,2267.95,2569.7,2251.3,2551.9,2239.8,2532.4,2238.05,2512.25,2243.8
1-136,Uninfected,No_comment,Polygon,18,2165.1,2182.3,2166.25,2193.25,2163.95,2201.3,2154.15,2209.35,2153,2221.4,2158.75,2239.2,2167.4,2254.75,2188.15,2268.55,2210.5,2273.7,2237.55,2272.55,2255.9,2253.6,2267.4,2224.8,2265.65,2208.15,2252.55,2188,2241.6,2174.25,2216.8,2166.2,2196.15,2165.05,2169.1,2174.25
1-137,Uninfected,No_comment,Polygon,21,2381.75,2232.3,2378.35,2244.95,2378.9,2269.7,2385.2,2289.2,2392.1,2312.8,2399,2331.75,2414.55,2339.8,2435.8,2340.95,2453.05,2335.8,2466.85,2326.6,2472.05,2311.65,2474.9,2297.25,2476.65,2272.55,2480.1,2251.85,2476.65,2236.35,2462.8,2220.8,2450.15,2210.5,2435.25,2203.6,2412.25,2203,2397.3,2208.75,2390.95,2219.7
1-138,Uninfected,No_comment,Polygon,21,2385.25,1923.15,2380.05,1936.95,2378.9,1959.9,2378.9,1982.9,2387.55,1998.45,2406.45,2009.4,2420.3,2016.8,2439.85,2019.7,2462.8,2015.65,2473.7,2009.9,2478.9,1993.85,2480.65,1977.75,2482.35,1957.6,2490.4,1943.3,2485.8,1928.9,2474.85,1913.95,2462.8,1904.75,2443.3,1899,2427.75,1895.55,2409.35,1896.1,2394.95,1905.3
1-139,Uninfected,No_comment,Polygon,18,2296.1,1838.65,2288.6,1846.1,2283.45,1857.6,2284,1874.85,2286.9,1893.8,2289.2,1909.9,2311.1,1929.45,2334.6,1933.5,2366.85,1922.55,2381.2,1908.75,2387.55,1886.4,2383.5,1862.2,2376.6,1849,2369.15,1840.35,2351.3,1829.5,2339.2,1824.9,2320.85,1825.4,2307.65,1831.15
1-140,Uninfected,No_comment,Polygon,16,2210.45,1828.85,2201.3,1833.45,2200.75,1850.15,2200.75,1869.1,2207.65,1893.8,2217.95,1915.1,2231.15,1923.15,2252.45,1923.15,2271.95,1916.8,2286.3,1907.6,2281.75,1867.95,2275.4,1847.25,2262.8,1829.5,2246.15,1819.7,2237.5,1819.1,2224.25,1822.6
1-141,Uninfected,No_comment,Polygon,19,2159.9,1715.65,2152.4,1728.85,2145.55,1746.7,2148.45,1778.3,2159.3,1803,2172.55,1817.95,2190.95,1821.95,2209.95,1820.85,2235.2,1812.8,2252.45,1801.85,2265.7,1780,2268.5,1757.6,2262.8,1735.2,2252.45,1719.1,2236.9,1707,2218.5,1701.9,2199.6,1700.75,2178.9,1705.35,2167.9,1708.8
1-142,Uninfected,No_comment,Polygon,20,1836.35,1686.85,1834.65,1695.5,1840.95,1713.95,1855.3,1732.9,1874.85,1738.05,1895.55,1742.65,1915.65,1738.65,1931.75,1728.9,1943.85,1705.85,1945.55,1691.45,1943.25,1677.7,1936.95,1666.25,1926,1661.65,1908.75,1656.45,1901.3,1648.95,1884.65,1646.65,1871.4,1647.8,1853.6,1654.75,1844.4,1667.95,1839.8,1677.7
1-143,Uninfected,No_comment,Polygon,18,1896.7,1580.55,1891.55,1595.55,1890.95,1614.5,1897.85,1635.2,1912.2,1644.35,1925.45,1656.45,1946.15,1659.9,1965.65,1655.3,1981.75,1646.1,1989.8,1631.1,1995.55,1608.75,1996.7,1588.05,1988.65,1571.4,1971.4,1558.75,1950.75,1554.75,1928.3,1554.75,1910.5,1563.35,1903,1568.45
1-144,Uninfected,No_comment,Polygon,19,1774.85,1575.95,1772.55,1589.8,1771.4,1605.3,1777.15,1620.25,1784.05,1636.85,1794.95,1648.95,1815.1,1655.9,1833.5,1655.9,1856.45,1648.95,1874.3,1632.9,1885.2,1603.6,1882.35,1580.55,1873.7,1559.9,1860.5,1546.7,1847.85,1537.5,1824.85,1535.75,1809.35,1539.2,1793.25,1550.7,1781.75,1561.6
1-145,Uninfected,No_comment,Polygon,19,2088.1,1585.15,2082.9,1600.7,2081.75,1617.35,2085.2,1636.3,2096.7,1652.45,2113.95,1660.5,2128.9,1665.65,2145,1665.65,2162.25,1657.6,2173.15,1648.4,2181.2,1635.2,2183.7,1617.05,2184.1,1600.15,2177.75,1577.65,2162.8,1562.75,2141.55,1557,2128.35,1558.75,2111.65,1566.2,2095.55,1575.35
1-146,Uninfected,No_comment,Polygon,17,2578.9,1525.35,2563.4,1541.45,2565.7,1562.15,2572,1584,2585.2,1597.2,2605.9,1608.15,2626.05,1609.85,2639.25,1601.8,2654.75,1588.6,2662.25,1571.9,2665.1,1555.25,2657.05,1536.3,2647.3,1524.8,2629.5,1510.95,2614.55,1509.8,2600.15,1515,2589.8,1518.45
1-147,Uninfected,No_comment,Polygon,15,2443.25,1626.5,2406.45,1641.45,2400.15,1655.85,2392.1,1674.25,2392.1,1694.35,2400.15,1713.3,2412.8,1726.55,2436.95,1731.7,2466.25,1725.4,2474.85,1713.9,2484.65,1699.5,2488.65,1679.4,2486.95,1651.8,2471.4,1632.85,2455.35,1626.5
1-148,Uninfected,No_comment,Polygon,16,2570.3,1381.1,2555.9,1389.15,2552.45,1411.55,2554.75,1433.4,2560.5,1450.1,2572.6,1466.75,2593.3,1475.95,2614.55,1477.65,2632.35,1468.45,2645,1453.55,2651.9,1438,2652.5,1418.45,2636.95,1387.45,2623.15,1378.25,2604.2,1374.2,2584.1,1374.8
1-149,Uninfected,No_comment,Polygon,18,2190.95,1245.45,2179.45,1261.55,2174.25,1279.95,2174.85,1300.65,2183.5,1316.15,2200.75,1330.55,2219.1,1334,2232.3,1334,2250.75,1327.1,2265.7,1316.15,2271.45,1292.05,2270.3,1273.65,2265.05,1262.15,2253.6,1251.8,2244.4,1246.05,2228.85,1239.15,2214.5,1237.4,2201.9,1241.45
1-150,Uninfected,No_comment,Polygon,19,2111.6,1325.35,2090.9,1322.5,2066.25,1332.85,2046.05,1349.5,2038.6,1369.05,2035.15,1386.85,2035.15,1404.1,2038.05,1424.8,2054.15,1437.45,2073.7,1447.2,2086.95,1448.95,2109.3,1444.9,2123.7,1438.6,2133.5,1427.1,2140.95,1411,2141.55,1388.6,2137.5,1365,2128.3,1338,2120.85,1328.8
1-151,Uninfected,No_comment,Polygon,20,1793.75,1392.05,1792.1,1411,1801.25,1426.5,1810.4,1442.6,1811.6,1452.95,1825.4,1471.95,1842.65,1480.55,1864.45,1481.7,1878.85,1477.1,1889.8,1467.35,1898.4,1447.8,1901.85,1424.2,1901.55,1401.4,1893.5,1381.9,1878.85,1370.75,1859.85,1356.95,1838.05,1354.1,1819.05,1363.3,1802.95,1375.95,1799.5,1384.55
1-152,Uninfected,No_comment,Polygon,15,1582.85,1324.25,1581.7,1343.25,1588,1370.8,1613.3,1399.5,1648.35,1408.7,1670.8,1398.4,1684.6,1384.6,1694.35,1355.85,1694.35,1332.85,1678.85,1309.85,1666.2,1297.2,1647.8,1289.75,1628.85,1289.15,1605.25,1295.5,1588,1308.7
1-153,Uninfected,No_comment,Polygon,16,1636.3,1434.6,1630,1455.85,1632.3,1482.3,1650.1,1501.85,1672.5,1508.7,1694.35,1509.85,1715.05,1507.55,1736.3,1490.35,1747.25,1467.9,1745.5,1446.1,1739.75,1428.25,1721.95,1414.45,1692.05,1406.4,1673.65,1405.9,1656.4,1413.3,1642.05,1423.1
1-154,Uninfected,No_comment,Polygon,15,1694.95,1607.55,1691.5,1620.8,1693.8,1641.5,1698.35,1662.15,1711,1676.55,1735.15,1690.35,1753,1690.35,1773.1,1682.3,1780.55,1669.65,1782.85,1643.75,1773.1,1620.8,1761.6,1598.95,1747.25,1586.85,1730,1584,1709.3,1591.45
1-155,Uninfected,No_comment,Polygon,15,1742.65,1869.7,1735.2,1886.4,1735.2,1905.95,1748.4,1929.45,1763.35,1944.45,1789.8,1951.35,1809.9,1949.05,1822.55,1937.5,1834.05,1922,1835.8,1895.6,1832.35,1876,1819.1,1859.35,1795.55,1851.3,1772.55,1851.3,1755.9,1858.2
1-156,Uninfected,No_comment,Polygon,16,1865.65,1835.8,1842.7,1844.95,1832.35,1863.95,1833.45,1874.3,1834.6,1889.8,1835.15,1904.8,1849.55,1915.65,1873.15,1922,1891.55,1923.15,1909.35,1915.65,1921.4,1899.05,1925.45,1880.05,1919.1,1857.65,1909.35,1846.1,1888.65,1836.95,1872.55,1834.65
1-157,Uninfected,No_comment,Polygon,15,1808.75,1955.95,1816.7,1941.55,1828.85,1931.2,1850.15,1927.15,1864.5,1927.15,1882.9,1928.3,1899.6,1940.4,1909.35,1961.05,1906.5,1987.5,1892.7,2007.1,1865.05,2015.75,1840.35,2014.6,1820.15,2003.7,1807,1991.05,1807,1966.25
1-158,Uninfected,No_comment,Polygon,17,2037.5,2178.3,2031.2,2188.1,2030.05,2203.6,2028.9,2224.85,2036.35,2243.85,2056.5,2263.4,2084.65,2266.2,2109.95,2261.65,2124.3,2249.6,2128.9,2227.15,2128.9,2204.2,2124.3,2183.5,2114.4,2170.45,2091.55,2162.2,2077.15,2161.6,2063.95,2163.9,2046.7,2168.5
1-159,Uninfected,No_comment,Polygon,16,2078.3,2611.7,2077.15,2586.4,2079.45,2566.85,2098.95,2547.3,2112.2,2539.85,2126,2535.8,2146.15,2537.55,2157.6,2545.6,2170.8,2557.1,2176.55,2573.15,2174.85,2596.15,2164.45,2615.15,2153.55,2625.5,2134.05,2630.65,2115.05,2632.95,2094.35,2627.8
1-160,Uninfected,No_comment,Polygon,16,2227.1,2425.45,2221.4,2447.3,2224.8,2472,2236.35,2495,2250.15,2512.25,2275.4,2515.1,2299.6,2504.2,2318,2493.85,2322.6,2475.45,2322.6,2448.45,2316.85,2429.5,2304.2,2416.25,2290.35,2408.2,2268.5,2406.5,2249.6,2413.4,2235.2,2418.55
1-161,Uninfected,No_comment,Polygon,18,2328.35,2309.35,2320.85,2322.6,2318,2339.8,2321.45,2350.15,2329.5,2358.8,2337.5,2378.9,2341.5,2396.15,2353,2408.8,2379.5,2411.65,2400.15,2407.05,2418.55,2381.2,2418.55,2366.85,2413.35,2349,2401.3,2335.2,2393.75,2316.8,2380.65,2305.35,2358.75,2300.1,2337.5,2305.9
1-162,Uninfected,No_comment,Polygon,18,2144.4,2632.35,2139.8,2645,2138.05,2669.75,2138.65,2688.7,2151.3,2704.8,2164.5,2712.25,2184.6,2712.85,2199.55,2707.1,2214.5,2699.6,2234.6,2674.35,2241.5,2649.05,2241.5,2628.9,2228.85,2612.25,2212.2,2604.2,2190.35,2602.5,2174.85,2609.95,2163.35,2620.9,2153,2626.05
1-163,Uninfected,No_comment,Polygon,15,2266.25,2696.15,2262.8,2715.7,2260.5,2739.3,2266.8,2764.55,2278.9,2785.85,2300.15,2793.3,2324.85,2791.6,2345,2777.2,2358.2,2758.8,2361.05,2725.5,2357.6,2700.2,2342.1,2682.35,2316.8,2674.9,2292.1,2680.65,2277.15,2688.7
1-164,Uninfected,No_comment,Polygon,17,2310.5,2794.4,2305.9,2807.65,2302.45,2824.35,2311.65,2851.95,2323.15,2867.45,2347.85,2874.35,2375.45,2870.9,2393.85,2863.4,2407.6,2852.5,2412.8,2828.35,2412.2,2807.1,2403.05,2789.3,2387.5,2774.9,2361.65,2763.4,2345.55,2772,2334.05,2789.3,2318.55,2793.25
1-165,Uninfected,No_comment,Polygon,19,2663.45,2608.9,2657.7,2622.6,2654.8,2649.65,2661.15,2669.8,2670.35,2683.6,2687,2697.9,2715.75,2703.65,2737.55,2697.9,2753.65,2684.75,2764.6,2665.2,2772.05,2641.6,2772.65,2621.5,2765.75,2603.1,2755.95,2590.45,2738.7,2581.25,2723.2,2576.05,2703.65,2578.95,2687.55,2588.15,2672.65,2599.65
1-166,Uninfected,No_comment,Polygon,17,2680.1,2785.9,2674.95,2796.8,2672.05,2818.05,2673.2,2834.15,2684.1,2858.9,2701.95,2877.25,2726.65,2881.85,2750.8,2876.1,2765.75,2865.8,2777.25,2848.55,2777.25,2817.45,2770.35,2790.5,2758.85,2776.1,2743.3,2766.3,2727.25,2762.85,2700.2,2765.15,2688.7,2774.35
1-167,Uninfected,No_comment,Polygon,16,2735.85,2908.9,2745.05,2892.2,2765.75,2878.4,2785.85,2873.2,2803.65,2875.5,2819.2,2887,2833.55,2907.2,2839.3,2926.65,2840.45,2946.2,2835.3,2964.65,2823.8,2974.4,2806.55,2978.45,2777.8,2973.85,2756.55,2958.3,2746.2,2937.6,2741,2918.65
1-168,Uninfected,No_comment,Polygon,18,2792.2,2712.3,2782.4,2735.3,2777.8,2751.95,2780.1,2775.5,2795.65,2803.15,2808.85,2811.7,2829.55,2813.45,2845.65,2813.45,2860,2805.45,2875.5,2790.5,2888.15,2773.2,2894.5,2745.6,2891.6,2722.1,2886.45,2711.15,2866.9,2700.2,2837,2693.9,2818.05,2698.5,2798.5,2705.95
1-169,Uninfected,No_comment,Polygon,17,2925.5,2686.4,2917.45,2703.1,2912.9,2723.8,2915.2,2739.9,2921.5,2758.85,2935.3,2779,2953.7,2788.8,2976.7,2791.05,2996.8,2783.6,3016.35,2770.9,3022.65,2746.25,3020.95,2722.1,3012.3,2701.95,3000.25,2686.4,2980.7,2677.25,2960,2675.55,2938.15,2676.7
1-170,Uninfected,No_comment,Polygon,17,2984.15,2847.4,2980.1,2859.45,2977.25,2878.4,2980.1,2895.65,2987.6,2912.9,3001.95,2925.5,3019.2,2933,3043.35,2930.1,3064.05,2920.9,3075.55,2898.55,3077.25,2879.55,3075.55,2856,3060.6,2836.45,3051.95,2825.5,3023.8,2820.9,3010,2824.95,2993.35,2835.85
1-171,Uninfected,No_comment,Polygon,16,3084.15,2846.85,3083,2860.6,3084.75,2885.3,3093.95,2907.75,3108.85,2920.9,3136.45,2931.25,3153.7,2933.55,3169.2,2925.5,3180.7,2910.6,3184.75,2884.15,3184.75,2867.45,3168.05,2847.4,3147.95,2834.7,3126.7,2828.95,3107.15,2831.85,3091.65,2840.5
1-172,Uninfected,No_comment,Polygon,18,3066.9,2664.6,3057.15,2684.1,3061.15,2701.95,3063.45,2719.2,3067.5,2735.3,3081.85,2749.7,3106,2760.55,3131.3,2758.85,3143.35,2750.8,3155.45,2741.05,3165.75,2719.2,3170.95,2700.8,3172.1,2680.7,3158.85,2660,3141.05,2647.35,3119.2,2641,3096.25,2641.6,3077.85,2649.65
1-173,Uninfected,No_comment,Polygon,17,2797.9,2426.05,2795.6,2446.15,2802.5,2464.55,2817.45,2482.35,2838.1,2496.75,2857.65,2499.6,2878.35,2494.45,2890.4,2485.25,2901.9,2455.35,2912.25,2444.4,2909.4,2426.6,2900.75,2403.05,2884.1,2390.4,2858.8,2385.2,2838.1,2385.2,2820.3,2393.25,2804.2,2405.35
1-174,Uninfected,No_comment,Polygon,18,2909.4,2469.7,2900.75,2486.95,2896.15,2509.35,2903.05,2532.35,2924.9,2563.95,2939.85,2576.05,2966.3,2582.95,2989.85,2584.65,3014,2563.4,3022.05,2545.6,3029.5,2528.9,3025.5,2503.6,3008.8,2472.6,3000.8,2461.1,2984.7,2443.85,2960.55,2443.3,2941.55,2444.4,2922.05,2455.9
1-175,Uninfected,No_comment,Polygon,18,1909.05,834.65,1901.5,846.7,1898,864.3,1897.5,880.4,1903.5,902.5,1915.1,919.05,1943.7,933.65,1964.35,935.15,1986.95,926.6,2003,896.95,2005.55,865.8,2000.5,847.2,1990.45,836.15,1980.9,826.1,1963.85,814.05,1949.25,812.05,1930.65,815.55,1922.1,821.1
1-176,Uninfected,No_comment,Polygon,19,1831.15,718.05,1822.1,732.15,1821.6,743.2,1822.1,763.8,1831.65,783.4,1848.25,804,1871.85,812.55,1893.45,813.05,1913.55,798.95,1929.65,777.35,1932.65,762.3,1939.2,737.65,1938.7,716.55,1927.15,696.45,1903,679.85,1885.45,678.35,1867.85,685.9,1850.25,694.45,1838.7,703
1-177,Uninfected,No_comment,Polygon,17,1974.4,726.6,1962.3,744.2,1955.8,766.3,1962.8,787.4,1975.9,808.5,1994,823.6,2013.6,833.65,2035.7,833.65,2058.8,825.1,2067.35,815.05,2080.4,794.45,2078.9,763.3,2073.9,739.65,2055.8,718.05,2028.65,710.55,2004.55,710.55,1986.95,718.05
1-178,Uninfected,No_comment,Polygon,21,2083.95,764.8,2090.45,747.7,2107.55,734.65,2126.65,729.1,2149.25,725.6,2166.85,730.15,2183.95,738.65,2194.5,755.25,2201,775.85,2202,795.45,2192.45,815.05,2182.4,830.15,2159.8,834.65,2144.75,834.65,2132.65,839.15,2120.6,837.15,2107.05,829.1,2094,817.05,2084.95,802.5,2080.9,790.4,2080.4,777.8
1-179,Uninfected,No_comment,Polygon,18,2125.65,842.2,2117.1,855.75,2116.6,865.3,2116.6,885.9,2121.1,901,2134.7,914.05,2146.75,925.6,2160.3,929.65,2184.95,924.6,2198,913.55,2205.05,896.45,2207.55,877.35,2206.05,863.3,2200,851.25,2186.95,839.15,2166.35,834.15,2150.75,833.15,2136.7,838.65
1-180,Uninfected,No_comment,Polygon,21,1780.4,917.05,1786.95,901,1799.5,879.9,1804.55,869.3,1814.05,863.3,1822.6,861.8,1838.7,861.8,1859.3,865.8,1872.35,873.85,1881.4,885.9,1885.95,901.5,1886.45,931.15,1883.95,943.2,1873.35,955.75,1862.3,963.3,1846.25,969.3,1825.15,970.85,1809.05,966.3,1798,956.25,1790.95,943.7,1781.4,929.1
1-181,Uninfected,No_comment,Polygon,17,1705.55,956.25,1697.5,966.8,1696,985.9,1702,1004.5,1713.55,1020.1,1729.15,1031.65,1750.25,1038.65,1769.85,1037.15,1790.95,1025.1,1803,1007,1804.55,986.4,1795.5,966.3,1784.45,950.75,1771.35,941.7,1751.25,935.65,1729.65,938.65,1716.1,947.7
1-182,Uninfected,No_comment,Polygon,20,1817.1,1016.55,1815.05,1030.55,1817.1,1053.75,1819.1,1069.75,1831.15,1086.4,1849.25,1096.95,1868.85,1108,1888.95,1111.55,1901.5,1108.5,1911.05,1098.45,1915.55,1078.35,1916.55,1056.75,1918.1,1038.65,1919.6,1013.05,1914.05,994.45,1893.95,977.35,1880.4,972.85,1862.3,979.85,1838.7,988.4,1826.6,997.45
1-183,Uninfected,No_comment,Polygon,16,1914.55,1087.35,1926.6,1104.5,1946.2,1116.55,1971.85,1117.05,1992.95,1109,2017.6,1090.85,2025.1,1066.8,2022.1,1039.15,2012.05,1016,1992.45,1001.5,1961.8,997.45,1932.15,1004.5,1919.6,1015,1914.05,1035.55,1914.55,1059.65,1914.05,1078.3
1-184,Uninfected,No_comment,Polygon,16,2197,1059.25,2191.95,1075.3,2190.45,1093.45,2196.5,1112.05,2206.55,1126.1,2234.65,1140.1,2255.25,1136.15,2281.9,1126.1,2293.45,1110.45,2293.45,1087.9,2288.95,1065.75,2280.9,1050.65,2262.3,1039.65,2244.7,1036.65,2222.6,1041.1,2208.05,1049.2
1-185,Uninfected,No_comment,Polygon,16,2275.95,949.2,2271.45,966.3,2273.9,983.4,2284.45,1005,2302.05,1017.05,2318.6,1021.6,2340.8,1020.1,2364.35,1006.5,2373.4,983.9,2368.85,956.75,2362.85,941.7,2352.8,929.65,2337.2,921.1,2318.1,921.1,2298,926.6,2283.95,935.65
1-186,Uninfected,No_comment,Polygon,19,2207.05,690.45,2203.05,703,2201.1,717.05,2205.6,735.65,2215.1,757.25,2232.2,768.3,2248.25,770.85,2268.35,769.3,2288.45,758.25,2298,743.7,2304.55,727.1,2307.05,710.55,2303.55,692.45,2294.5,673.35,2280,664.3,2259.3,660.8,2241.3,664.3,2226.2,671.85,2218.1,678.35
1-187,Uninfected,No_comment,Polygon,16,2247.95,519.85,2238,511.7,2219.1,507.2,2200.15,509.9,2181.2,521.65,2177.6,537.85,2174.05,563.95,2183.05,585.6,2201.05,599.1,2219.1,607.2,2238,607.2,2252.4,594.6,2260.55,580.25,2264.15,560.35,2256.9,533.3,2249.75,519
1-188,Uninfected,No_comment,Polygon,15,2063.2,512.6,2055.1,523.5,2054.2,553.15,2062.3,580.25,2089.35,600,2117.25,603.6,2144.3,597.3,2159.6,582.05,2163.2,555.85,2162.3,528,2147.9,507.2,2129.85,495.5,2104.25,494.95,2082.15,500,2074.95,506.3
1-189,Uninfected,No_comment,Polygon,16,1685.3,1147.85,1684.75,1160.5,1691.35,1186.85,1704.55,1203.35,1722.7,1216.55,1745.75,1218.2,1770.45,1211.6,1787.55,1200.05,1795.2,1180.25,1793,1163.25,1782.6,1137.95,1767.15,1123.1,1744.1,1114.35,1722.15,1114.9,1699.05,1125.85,1690.25,1131.9
1-190,Parasitized,No_comment,Polygon,22,2480.8,800.65,2479.65,811.25,2477.3,822.4,2478.45,835.95,2481.4,851.25,2486.1,868.3,2508.45,887.1,2525.55,897.1,2547.9,896.55,2565.55,890.05,2576.1,882.4,2588.5,867.7,2597.9,852.4,2599.05,827.1,2589.05,799.45,2576.7,782.4,2560.25,771.8,2542.6,770.65,2527.3,769.45,2516.7,770.05,2502,778.85,2490.25,788.3
1-191,Parasitized,No_comment,Polygon,19,2707.35,271.6,2699.1,285.9,2689.1,304.7,2686.7,321.7,2686.7,337.05,2696.7,354.1,2706.15,358.25,2719.65,367,2744.95,370.6,2756.75,370,2777.6,357.25,2789.1,344.1,2794.95,320.6,2794.95,301.7,2778.5,282.35,2766.15,271.15,2749.1,266.9,2721.45,265.75,2709.65,269.85
1-192,Uninfected,No_comment,Polygon,18,2567.15,1676.95,2583.55,1662.4,2602,1651.45,2621.25,1651.05,2637.75,1653.4,2654.2,1659.3,2670.3,1677.3,2678.9,1693.4,2682,1713,2677.3,1730.25,2671.1,1743.6,2646.35,1759.7,2628,1759.65,2606.8,1755.3,2585.7,1741.2,2571.15,1721.2,2567.25,1705.9,2567.65,1691.45
1-193,Uninfected,No_comment,Polygon,17,2438.85,1621.65,2448.7,1612.2,2464.4,1604,2478.5,1598.5,2497.35,1602.4,2515.8,1610.65,2527.9,1621.25,2536.55,1643.2,2537.7,1671.45,2526.7,1691.05,2510.7,1709.1,2490.7,1716.15,2466.7,1715.1,2445.15,1701.4,2436.6,1682.15,2431.05,1659.45,2436.15,1641.4
1-194,Uninfected,No_comment,Polygon,14,2164.35,1561.25,2181.95,1555.4,2202.65,1560.8,2218.4,1572.05,2227.9,1603.15,2230.15,1627.05,2225.65,1647.3,2213,1664.85,2186.45,1671.15,2167.05,1662.6,2154.3,1644.15,2147.55,1614.85,2145.75,1594.15,2150.7,1576.2
1-195,Uninfected,No_comment,Polygon,16,1957.6,1548.65,1968.4,1535.6,1988.25,1527.95,2012.1,1528.4,2029.25,1538.75,2043.65,1549.1,2050.85,1567.1,2055.35,1594.6,2043.65,1618.9,2030.6,1630.65,2004,1635.6,1976.85,1632.35,1958.8,1618.8,1948.9,1598.55,1949.35,1581.9,1951.6,1562.55
1-196,Uninfected,No_comment,Polygon,15,2110.25,1324.95,2128.8,1318.4,2152.65,1322.95,2175.65,1337.35,2189.15,1354.45,2193.65,1380.6,2187.35,1408.05,2175.65,1424.75,2154.9,1435.1,2126.1,1440.05,2096.75,1432.55,2081.9,1414.05,2071.1,1391.1,2075.6,1360.45,2089.1,1339.75
1-197,Uninfected,No_comment,Polygon,14,1871.15,1360.75,1887.35,1358.5,1909.85,1367.95,1923.9,1384.3,1929.75,1406.35,1925.65,1424.3,1913.95,1436.45,1892.8,1443.85,1868.05,1440.25,1854.5,1429.45,1850.45,1414.1,1848.2,1394.3,1851.8,1376.8,1858.1,1370
1-198,Uninfected,No_comment,Polygon,14,1915.75,1367.5,1927,1349.95,1945.45,1337.8,1970.25,1335.55,1988.7,1339.15,2011.65,1352.2,2019.8,1375.2,2016.65,1399.95,2004.45,1420.7,1982.4,1428.35,1952.65,1426.1,1928.8,1414.75,1918,1402.6,1914.4,1386.4
1-199,Uninfected,No_comment,Polygon,14,1726.35,1413.65,1751.75,1407.05,1774.1,1412.65,1788.8,1438.05,1796.95,1468,1793.9,1490.8,1774.6,1504,1746.15,1512.15,1722.55,1501.6,1705.3,1489.9,1692.6,1470.6,1692.1,1446.75,1705.8,1428.55,1716.45,1415.85
1-200,Uninfected,No_comment,Polygon,16,2248.7,512.15,2260.35,495.9,2280.7,486.75,2303,484.75,2323.8,492.35,2337.55,508.1,2345.65,528.9,2344.65,547.7,2353.25,553.8,2342.6,570.55,2327.4,573.05,2311.15,580.7,2285.25,579.65,2253.5,572.1,2237.35,550.8,2236.3,534.55
1-201,Uninfected,No_comment,Polygon,13,2050.75,521.8,2050.2,510.1,2051.75,488.8,2060.9,471.05,2082.7,459.35,2111.65,457.85,2132.95,467.5,2144.65,480.15,2145.9,504,2138.8,528.8,2115.45,542,2087,543.45,2065.7,535.4
1-202,Uninfected,No_comment,Polygon,17,2584.25,317.25,2586.3,335.5,2581.2,352.75,2586.3,372.05,2596.95,392.35,2626.9,407.6,2653.8,411.65,2669,403,2675.1,389.8,2687.8,376.6,2698.45,359.35,2687.8,343.1,2678.65,323.85,2673.1,302.5,2636.2,291.75,2616.4,297.35,2601.65,305.95
1-203,Uninfected,No_comment,Polygon,14,2461.9,229.4,2478.15,219.75,2502.5,215.2,2526.4,224.85,2549.2,251.75,2548.7,272.55,2559.9,297.45,2536.65,315.2,2515.9,324.35,2481.8,323.85,2458.5,306.55,2451.25,286.25,2450.75,268,2453.3,249.7
1-204,Uninfected,No_comment,Polygon,18,2628.9,604.55,2637.55,623.35,2652.75,639.55,2672.55,651.25,2680.8,652.85,2691.45,658.95,2700.55,661.95,2713.7,651.75,2724.35,639.05,2735.5,623.35,2741.6,598.45,2741.1,570.05,2725.85,550.25,2707.1,536.5,2680.2,538.55,2657.35,553.8,2644.15,565.95,2634.5,584.25
1-205,Uninfected,No_comment,Polygon,14,2513.2,653.8,2517.25,626.35,2525.85,607.6,2542.1,595.9,2563.45,591.35,2583.25,596.95,2601,608.6,2608.6,631.95,2609.1,653.25,2590.35,681.2,2567.5,689.8,2541.7,699.5,2526.5,694,2514.8,673.15
1-206,Uninfected,No_comment,Polygon,16,3621.85,1157.45,3641.7,1147.05,3666.4,1145.55,3695.1,1163.4,3714.45,1182.2,3715.9,1203.5,3711.95,1230.2,3698.1,1254.45,3673.35,1266.85,3650.55,1266.35,3628,1260.35,3603.25,1246.5,3587.4,1219.2,3586.9,1195.5,3595.85,1179.15,3607.2,1169.25
1-207,Uninfected,No_comment,Polygon,17,3415.9,1349.5,3410.45,1372.3,3418.9,1391.6,3438.2,1415.85,3453.55,1422.3,3475.8,1424.3,3498.6,1421.3,3518.4,1410.4,3527.8,1394.55,3531.75,1375.25,3524.55,1348.45,3510.75,1329.6,3499.8,1318.25,3477.05,1316.25,3448.85,1323.7,3434.7,1329.7,3429.25,1338.15
1-208,Uninfected,No_comment,Polygon,14,3829.9,1581.5,3853,1576.25,3870.85,1571.3,3895.1,1579.2,3907.95,1595.55,3921.25,1628.2,3916.3,1654.95,3900.55,1675.75,3873.3,1682.2,3852,1679.2,3827.4,1666.55,3812.05,1646.8,3804.65,1625.95,3815.6,1597.3
1-209,Uninfected,No_comment,Polygon,15,3466.4,1908,3459.95,1892.1,3458.45,1869.3,3466.9,1852,3477.55,1840.2,3505.8,1833.75,3525.3,1833.65,3541.15,1840.6,3557.45,1857.95,3563.4,1873.75,3553,1906.95,3542.95,1922.35,3524.65,1932.75,3495,1928.7,3474.7,1920.8
1-210,Uninfected,No_comment,Polygon,16,3494.1,1999.5,3501.55,2020.8,3521.35,2033.65,3541.15,2043.1,3560.45,2050.5,3582.25,2042.6,3595.1,2033.65,3606.5,2021.8,3615.4,2002.5,3611.95,1979.2,3601.05,1958.9,3579.25,1938.15,3546.95,1929.75,3524.8,1925.8,3498.4,1948.1,3490.05,1970.8
1-211,Uninfected,No_comment,Polygon,14,3532.2,2509.5,3527.75,2535.2,3535.2,2566.9,3557.45,2597.6,3581.2,2604,3616.3,2600.1,3643.1,2581.2,3652.5,2560.9,3653.5,2533.2,3644.1,2512.45,3621.8,2486.15,3597.8,2478.7,3572.55,2481.1,3549.25,2493
1-212,Uninfected,No_comment,Polygon,13,2792.6,2707.5,2788.15,2688.15,2797.55,2666.35,2816.35,2645.55,2839.15,2636.15,2876.75,2639.15,2896.1,2652.55,2907.45,2674.85,2907.95,2702,2895.6,2726.25,2873.35,2747.95,2829.3,2750.45,2810,2737.55
1-213,Uninfected,No_comment,Polygon,14,2221.3,2430.65,2217.85,2418.3,2213.85,2392.6,2226.25,2371.25,2246,2352.95,2268.25,2345.1,2293.05,2348,2307.95,2360.35,2323.75,2388.6,2325.25,2409.45,2312.75,2431.85,2293.9,2448.15,2266.2,2457.6,2236.5,2450.6
1-214,Uninfected,No_comment,Polygon,15,1891.2,2486.15,1886.25,2465.85,1895.65,2427.25,1913.9,2399.5,1931.7,2390.6,1961.45,2385.15,1986.65,2392.6,2001.55,2407.45,2011.5,2427.25,2011,2461.9,2001.1,2486.15,1976.35,2504.45,1941.6,2512.4,1922.3,2511.4,1899.55,2499.5
1-215,Uninfected,No_comment,Polygon,14,2071.8,2158.95,2082.7,2141.65,2095.05,2132.2,2118.35,2126.75,2142.1,2136.7,2155,2150.55,2159.45,2174.8,2148.55,2206,2132.2,2220.85,2108.8,2226.3,2087,2218.35,2071.65,2208.45,2062.75,2186.65,2067.7,2170.4
1-216,Uninfected,No_comment,Polygon,13,1801.05,1960.4,1778.75,1972.8,1773.8,1988.6,1773.8,2012.4,1781.7,2030.75,1802.5,2044.05,1829.25,2049.5,1844.6,2050,1858.95,2039.1,1868.4,2021.8,1867.7,1995.05,1845.95,1965.85,1817.15,1955
1-217,Uninfected,No_comment,Polygon,16,1864.4,1830.25,1868.85,1803.95,1878.75,1780.25,1895.1,1764.35,1914.9,1756.95,1931.25,1754.45,1955.55,1758.9,1974.8,1770.8,1984.7,1792.1,1984.7,1824.25,1973.8,1848.1,1946.55,1863.85,1922.1,1871.45,1893.85,1870,1874.6,1858.55,1864.75,1847.25
1-218,Uninfected,No_comment,Polygon,14,1930.25,1759,1942.6,1735.2,1956.45,1716.85,1979.75,1707.5,2008.95,1714.35,2022.3,1725.75,2034.7,1745.1,2040.15,1774.75,2027.75,1803.45,2011,1822.3,1978.25,1825.35,1950.55,1820.4,1933.7,1805.05,1926.75,1782.8
1-219,Uninfected,No_comment,Polygon,13,2564,1377.9,2576.9,1361.55,2594.3,1351.45,2611.1,1345.65,2634.15,1346.75,2652.95,1364.9,2662,1385.55,2664.45,1410.6,2653.85,1430.3,2624.15,1445.05,2596.25,1446.5,2582.3,1432.05,2569.85,1402.25
1-220,Uninfected,No_comment,Polygon,13,2547.15,1236.55,2566.35,1224.5,2588.5,1222.1,2609.65,1232.2,2629.4,1257.2,2630.75,1284.6,2623.6,1312,2610.65,1325.95,2582.55,1331.15,2555.2,1313.35,2538.35,1290.75,2535.45,1273.5,2537.4,1260
1-221,Uninfected,No_comment,Polygon,13,2590.9,1036.55,2606.8,1016.35,2623.6,1008.15,2648.6,1011.1,2664.5,1020.65,2684.2,1048.1,2683.7,1077.45,2670.75,1101.9,2653.1,1111.1,2623.3,1106.3,2598.75,1092.4,2590.1,1069.8,2588.2,1053.95
1-222,Uninfected,No_comment,Polygon,15,4271.15,1941.3,4270.1,1921.75,4279.9,1892.95,4292.95,1879.35,4304.35,1871.75,4326.9,1866,4352.7,1872.85,4375,1886.4,4391.3,1901.65,4395.65,1930.45,4385.4,1958.7,4368,1979.35,4330.5,1990.75,4310.95,1988.05,4283.2,1971.2
1-223,Uninfected,No_comment,Polygon,15,3059.25,1633.85,3076.85,1612,3095.45,1604.3,3118.75,1598.65,3143,1605.25,3164,1621.05,3176.4,1645.3,3175.45,1667.7,3166.4,1689.6,3145.9,1703.35,3123.45,1712.4,3100.65,1708.65,3078.75,1696.75,3060.65,1679.15,3057.8,1655.3
1-224,Uninfected,No_comment,Polygon,13,3535.25,2921.85,3520.1,2897.9,3509.2,2879.7,3509.2,2854.25,3514.05,2832.45,3529.25,2820,3553.5,2806.6,3594.65,2812.75,3620.2,2830.85,3629.9,2855.1,3629.9,2891.55,3605.65,2917,3565.55,2924.2
1-225,Uninfected,No_comment,Polygon,13,3769.3,2935.2,3741.1,2935.25,3714.55,2928,3696.35,2911,3684.2,2888,3684.2,2863.75,3696.5,2843.05,3717.1,2830.85,3751.05,2830.85,3765.6,2839.4,3787.5,2863.65,3789.85,2885.5,3789.85,2915.8
1-226,Uninfected,No_comment,Polygon,15,2954.85,2057.1,2951.75,2035.35,2951.1,2009.5,2929.2,1993.95,2915.4,1989.65,2892.55,1984.45,2868.65,2004.2,2856.15,2024.9,2850.95,2050.95,2856.15,2072.7,2873.85,2093.55,2903.95,2103.85,2928.9,2098.75,2951.75,2077.95,2954.85,2067.5