293,5312,2988
5-1,Uninfected,No_comment,Polygon,16,1696.55,1130.25,1677.25,1118.2,1650.75,1110.95,1627.8,1109.75,1615.75,1112.15,1603.7,1125.4,1597.75,1139.85,1595.3,1168.8,1608.6,1198.9,1627.8,1220.6,1643.5,1233.85,1670.05,1241.1,1695.35,1225.4,1715.8,1206.15,1719.45,1168.8,1706.2,1143.5
5-2,Uninfected,No_comment,Polygon,16,1878.5,1061.55,1862.8,1065.15,1850.75,1078.4,1836.3,1101.3,1825.45,1132.65,1841.15,1171.2,1872.45,1191.7,1914.65,1201.25,1936.3,1185.65,1947.15,1170,1948.35,1141.05,1943.55,1120.6,1935.1,1107.35,1927.9,1094.1,1919.45,1079.55,1905,1065.15
5-3,Uninfected,No_comment,Polygon,14,1842.35,1190.45,1807.4,1183.25,1779.7,1198.9,1764,1230.25,1766.45,1268.8,1788.1,1290.5,1801.35,1300.1,1832.7,1304.95,1852,1294.1,1862.8,1279.65,1868.85,1261.55,1871.2,1244.7,1872.45,1231.45,1867.65,1212.15
5-4,Uninfected,No_comment,Polygon,18,1708.6,1261.55,1694.15,1260.35,1680.9,1260.35,1667.6,1266.4,1647.15,1288.05,1644.75,1301.35,1651.9,1321.8,1656.8,1343.5,1665.2,1357.95,1685.7,1372.4,1704.95,1377.25,1732.7,1371.2,1751.95,1355.55,1751.95,1345.9,1755.6,1317,1751.95,1296.5,1749.5,1289.3,1741.1,1283.25
5-5,Uninfected,No_comment,Polygon,13,1878.5,1348.3,1855.6,1354.35,1843.55,1366.4,1848.35,1385.65,1856.8,1408.5,1880.9,1433.85,1915.85,1447.15,1949.6,1436.3,1964.05,1412.2,1964.05,1385.65,1948.35,1366.4,1938.75,1356.75,1926.7,1350.75
5-6,Uninfected,No_comment,Polygon,21,1585.7,1184.45,1571.25,1168.8,1554.35,1166.35,1536.3,1173.6,1521.8,1178.4,1501.35,1178.4,1484.45,1179.65,1470,1192.9,1461.6,1207.35,1456.75,1230.25,1455.55,1242.3,1462.8,1257.95,1472.4,1267.6,1484.45,1278.45,1511,1289.3,1544.7,1290.5,1578.45,1276,1594.1,1271.2,1612.2,1250.7,1607.35,1215.8,1595.3,1201.25
5-7,Uninfected,No_comment,Polygon,14,1302.5,1298.85,1290.45,1291.7,1270,1288.05,1244.7,1297.7,1227.8,1312.15,1214.55,1335.05,1214.55,1368.8,1224.2,1390.5,1248.3,1408.5,1271.2,1414.6,1304.95,1411,1329.05,1380.85,1332.65,1357.95,1326.6,1330.25
5-8,Uninfected,No_comment,Polygon,16,1216.95,1210.95,1179.6,1208.55,1160.35,1217,1144.7,1235.05,1131.4,1247.1,1120.6,1261.55,1118.15,1282.05,1114.55,1298.85,1131.4,1318.2,1162.75,1339.9,1192.85,1332.65,1210.95,1306.15,1243.5,1292.9,1249.5,1267.6,1242.3,1242.3,1233.85,1225.4
5-9,Uninfected,No_comment,Polygon,14,1253.1,1107.35,1239.85,1110.95,1233.85,1136.25,1235.05,1167.6,1245.9,1200.1,1266.35,1241.1,1282.05,1250.7,1317,1249.5,1330.25,1230.25,1341.1,1198.9,1338.65,1166.35,1324.2,1132.65,1308.55,1115.75,1288.05,1104.9
5-10,Uninfected,No_comment,Polygon,13,1567.6,983.2,1538.7,984.45,1515.8,1002.5,1504.95,1036.25,1504.95,1066.35,1519.4,1091.6,1549.55,1106.15,1577.25,1110.95,1604.95,1096.5,1619.4,1077.2,1623.05,1039.85,1607.35,1020.6,1596.55,1009.75
5-11,Uninfected,No_comment,Polygon,12,1914.65,1208.55,1896.55,1217,1888.15,1238.65,1882.1,1268.8,1885.7,1297.7,1897.75,1310.9,1944.7,1319.4,1983.3,1304.95,2001.4,1282.05,2000.2,1247.1,1985.75,1223,1964.05,1209.75
5-12,Uninfected,No_comment,Polygon,14,2035.15,1303.75,2002.6,1307.35,1982.1,1319.4,1980.85,1338.7,1980.85,1356.75,1999,1378.45,2015.85,1395.3,2055.6,1403.75,2084.55,1396.45,2100.2,1379.65,2106.2,1350.75,2092.95,1322.95,2082.1,1313.4,2068.85,1306.15
5-13,Uninfected,No_comment,Polygon,16,2058,1462.8,2042.3,1465.2,2031.5,1483.25,2023.1,1502.55,2020.65,1527.85,2032.7,1554.35,2054.35,1577.25,2083.35,1589.3,2100.2,1601.35,2131.55,1586.9,2148.4,1568.85,2149.6,1543.5,2135.15,1513.4,2120.7,1494.1,2105,1482.05,2090.5,1474.85
5-14,Uninfected,No_comment,Polygon,13,2255.65,1480.85,2229.15,1488.1,2213.45,1509.8,2207.45,1532.7,2207.45,1551.95,2214.65,1576.05,2249.55,1601.35,2277.3,1612.2,2308.65,1596.55,2318.3,1568.85,2314.7,1532.7,2299,1508.6,2282.15,1492.9
5-15,Uninfected,No_comment,Polygon,14,2050.8,1597.75,2035.15,1592.95,2032.7,1612.2,2025.5,1627.8,2011.05,1638.7,1996.55,1650.75,2000.2,1661.6,2015.85,1680.9,2026.7,1688.1,2071.3,1698.95,2090.5,1677.25,2094.15,1654.4,2089.35,1627.8,2077.3,1611
5-16,Uninfected,No_comment,Polygon,12,2011.05,1551.95,1986.95,1548.35,1961.65,1554.35,1931.5,1583.3,1920.6,1617,1935.1,1650.75,1960.4,1665.2,1983.3,1662.8,2003.8,1643.45,2023.1,1629.05,2031.5,1612.15,2027.9,1573.65
5-17,Uninfected,No_comment,Polygon,14,1741.1,1454.35,1706.2,1470,1697.75,1488.1,1691.7,1513.4,1694.15,1538.7,1730.3,1564,1756.8,1565.2,1786.9,1549.55,1808.6,1524.25,1814.6,1492.9,1806.2,1471.25,1795.35,1464,1789.3,1459.2,1773.65,1453.15
5-18,Uninfected,No_comment,Polygon,14,1836.3,1521.85,1810.95,1537.5,1796.55,1556.8,1784.5,1574.85,1782.1,1598.95,1805,1626.65,1831.5,1649.55,1858,1650.75,1885.7,1639.85,1907.4,1615.75,1913.45,1591.7,1909.8,1566.4,1891.75,1539.9,1872.45,1523.05
5-19,Uninfected,No_comment,Polygon,14,1949.6,1670.05,1908.6,1670.05,1883.3,1677.25,1874.85,1680.9,1878.5,1706.2,1886.9,1735.1,1909.8,1761.55,1936.3,1782.1,1968.8,1784.5,1992.95,1776.1,2007.4,1748.35,2011.05,1718.25,1996.55,1690.55,1974.9,1678.5
5-20,Uninfected,No_comment,Polygon,15,1682.1,1562.8,1668.85,1565.2,1664,1572.45,1658,1591.7,1643.5,1606.2,1630.25,1626.65,1632.7,1656.8,1644.75,1674.85,1667.6,1685.7,1708.6,1683.3,1733.9,1673.65,1758,1641.1,1756.8,1615.75,1748.35,1590.5,1727.85,1573.65
5-21,Uninfected,No_comment,Polygon,12,1624.25,1527.85,1588.1,1520.65,1568.8,1529.05,1548.35,1541.1,1538.7,1564,1535.1,1590.5,1554.35,1614.6,1585.7,1623.05,1612.2,1621.85,1631.45,1597.75,1643.5,1573.65,1639.85,1547.15
5-22,Uninfected,No_comment,Polygon,15,1582.05,1398.95,1561.6,1408.5,1547.15,1425.45,1535.1,1450.75,1541.1,1479.65,1553.15,1503.75,1577.25,1509.8,1601.35,1509.8,1619.4,1511,1644.75,1509.8,1664,1490.5,1671.25,1454.35,1658,1427.85,1637.5,1409.75,1617,1402.55
5-23,Uninfected,No_comment,Polygon,14,1489.3,1478.45,1465.2,1478.45,1433.85,1488.1,1419.4,1501.35,1404.95,1525.45,1413.4,1559.2,1424.2,1588.1,1462.8,1608.6,1494.05,1603.75,1512.2,1591.7,1524.25,1568.85,1531.45,1541.1,1531.45,1519.4,1506.1,1491.7
5-24,Uninfected,No_comment,Polygon,12,1383.25,1545.95,1366.4,1538.7,1339.9,1538.7,1320.6,1549.55,1304.95,1564,1300.1,1592.95,1309.75,1623.05,1338.65,1641.1,1374.8,1642.35,1403.75,1630.3,1413.4,1603.75,1404.95,1570.05
5-25,Uninfected,No_comment,Polygon,14,1276,1437.5,1235.05,1444.7,1209.75,1459.2,1197.7,1490.5,1206.15,1520.65,1210.95,1547.15,1239.85,1561.6,1267.6,1559.2,1292.9,1548.35,1300.1,1535.1,1312.15,1514.6,1320.6,1488.1,1314.55,1466.4,1302.5,1442.3
5-26,Uninfected,No_comment,Polygon,12,1553.15,1636.3,1517,1645.95,1492.9,1662.8,1489.3,1698.95,1495.3,1730.3,1514.6,1749.5,1550.75,1761.55,1586.9,1737.45,1597.75,1719.45,1603.7,1694.15,1598.95,1664,1578.45,1643.55
5-27,Uninfected,No_comment,Polygon,12,1677.25,1696.55,1648.35,1706.2,1639.85,1727.9,1648.35,1744.75,1665.2,1755.6,1680.9,1758,1703.75,1742.35,1723.05,1731.5,1738.7,1714.6,1739.9,1696.55,1713.35,1700.15,1690.5,1700.15
5-28,Uninfected,No_comment,Polygon,14,1197.7,1574.85,1178.4,1577.25,1150.7,1583.3,1130.2,1588.1,1127.8,1601.35,1121.8,1620.65,1125.4,1643.55,1137.45,1667.65,1163.95,1684.5,1200.1,1677.25,1230.25,1662.8,1231.45,1623.05,1225.4,1596.55,1209.75,1585.7
5-29,Uninfected,No_comment,Polygon,13,1417,1671.25,1389.3,1680.9,1368.8,1700.15,1356.75,1718.25,1356.75,1741.15,1362.75,1768.85,1386.85,1791.75,1419.4,1801.4,1455.55,1784.5,1476.05,1759.2,1480.85,1725.4,1465.2,1691.75,1445.9,1673.65
5-30,Uninfected,No_comment,Polygon,13,1263.95,1748.35,1229,1756.8,1212.15,1762.8,1194.1,1789.35,1186.85,1807.4,1202.5,1835.05,1213.35,1856.8,1237.45,1868.85,1272.4,1866.45,1296.5,1848.35,1312.15,1811,1306.15,1782.1,1290.45,1766.45
5-31,Uninfected,No_comment,Polygon,12,2054.35,1748.35,2043.55,1771.25,2036.35,1798.95,2050.8,1821.85,2061.65,1850.8,2080.9,1871.2,2112.25,1867.65,2133.95,1854.4,2137.55,1815.85,2123.1,1774.85,2092.95,1749.5,2071.3,1744.75
5-32,Uninfected,No_comment,Polygon,13,2111.05,1185.65,2078.45,1191.7,2062.85,1203.75,2056.8,1230.25,2066.4,1259.15,2084.55,1292.9,2115.85,1310.9,2151.95,1314.6,2177.3,1291.7,2186.95,1254.35,2170.1,1224.2,2150.8,1196.5,2130.3,1189.2
5-33,Uninfected,No_comment,Polygon,14,2209.85,1110.95,2191.75,1114.55,2173.7,1129,2162.85,1145.9,2161.65,1176.05,2166.45,1200.1,2182.15,1218.2,2201.4,1236.25,2239.95,1241.1,2266.5,1224.2,2279.75,1196.5,2283.35,1168.8,2272.5,1142.3,2254.45,1119.4
5-34,Uninfected,No_comment,Polygon,12,2219.5,1288.05,2203.8,1286.8,2184.55,1295.3,2170.1,1309.75,2170.1,1336.25,2183.35,1370,2212.25,1392.9,2243.6,1400.15,2276.1,1395.3,2296.6,1365.2,2291.8,1327.85,2256.85,1298.85
5-35,Uninfected,No_comment,Polygon,15,2393,1224.2,2377.35,1213.35,2350.85,1212.15,2326.75,1220.6,2303.85,1239.9,2294.2,1270,2293,1301.35,2315.9,1343.5,2353.25,1357.95,2389.4,1351.95,2408.65,1333.85,2406.25,1304.95,2406.25,1274.8,2411.05,1256.75,2406.25,1243.5
5-36,Uninfected,No_comment,Polygon,15,2346,1783.3,2327.95,1760.4,2300.2,1742.35,2280.95,1749.55,2262.85,1764.05,2255.65,1779.7,2255.65,1797.75,2270.1,1821.85,2272.5,1845.95,2290.6,1876.1,2320.7,1885.75,2350.85,1873.7,2371.3,1850.8,2368.9,1820.65,2364.1,1807.4
5-37,Uninfected,No_comment,Polygon,16,2219.5,1779.7,2202.6,1778.5,2186.95,1778.5,2171.3,1783.3,2158.05,1794.15,2152,1813.45,2149.6,1836.35,2167.7,1858,2188.15,1866.45,2195.4,1882.1,2219.5,1896.55,2250.8,1886.95,2261.65,1864.05,2262.85,1841.15,2250.8,1814.65,2233.95,1794.15
5-38,Uninfected,No_comment,Polygon,14,2176.1,1879.7,2152,1865.25,2131.55,1870.05,2119.5,1878.5,2106.25,1896.55,2102.6,1909.85,2102.6,1927.9,2111.05,1949.6,2126.7,1968.85,2154.4,1974.9,2178.5,1965.25,2195.4,1947.2,2202.6,1923.1,2199,1907.4
5-39,Uninfected,No_comment,Polygon,15,2424.35,1844.75,2411.1,1842.35,2390.6,1853.2,2374.95,1874.9,2368.9,1901.4,2376.15,1929.1,2393,1960.45,2414.7,1974.9,2437.6,1979.7,2465.3,1980.9,2480.95,1961.65,2484.6,1941.15,2477.35,1915.85,2462.9,1888.15,2446,1859.2
5-40,Uninfected,No_comment,Polygon,13,2242.4,1946,2225.5,1943.55,2211.05,1944.75,2196.6,1965.25,2178.5,1978.5,2172.5,1997.8,2173.7,2014.65,2188.15,2039.95,2225.5,2059.25,2267.7,2043.6,2274.9,2013.45,2278.55,1980.9,2268.9,1966.45
5-41,Uninfected,No_comment,Polygon,15,2359.25,1973.7,2330.35,1985.75,2315.9,2003.8,2303.85,2025.5,2300.2,2052,2307.45,2079.75,2336.35,2101.4,2364.1,2106.25,2397.8,2109.85,2425.55,2096.6,2438.8,2072.5,2446,2038.75,2435.2,1999,2411.1,1985.75,2385.75,1973.7
5-42,Uninfected,No_comment,Polygon,15,2055.6,1860.45,2037.55,1821.85,2018.25,1800.2,1990.55,1795.35,1976.1,1800.2,1959.2,1812.25,1947.15,1835.1,1945.95,1865.25,1949.6,1888.15,1962.85,1906.2,1980.9,1926.7,2008.6,1931.5,2032.7,1920.65,2050.8,1899,2055.6,1884.5
5-43,Uninfected,No_comment,Polygon,17,1939.95,1901.4,1919.45,1888.15,1898.95,1883.3,1868.85,1876.1,1853.2,1889.35,1844.75,1911.05,1836.3,1939.95,1824.25,1994.15,1843.55,2013.45,1860.4,2027.9,1891.75,2029.1,1902.6,2011.05,1913.45,1976.1,1931.5,1953.2,1945.95,1946,1949.6,1925.5,1942.35,1912.25
5-44,Uninfected,No_comment,Polygon,18,1831.5,1889.35,1824.25,1867.65,1811,1859.2,1794.15,1860.45,1770.05,1864.05,1754.4,1870.05,1738.7,1889.35,1733.9,1899,1732.7,1920.65,1737.5,1938.75,1736.3,1955.6,1735.1,1978.5,1762.8,2003.8,1784.5,2003.8,1800.15,1996.6,1817.05,1971.3,1819.45,1943.55,1826.7,1920.65
5-45,Uninfected,No_comment,Polygon,12,2105,1966.45,2083.35,1950.8,2047.2,1960.45,2024.3,1972.5,2019.45,1992.95,2029.1,2017.05,2050.8,2039.95,2085.75,2047.2,2113.45,2042.35,2130.3,2019.5,2136.35,2003.8,2136.35,1985.75
5-46,Uninfected,No_comment,Polygon,19,2096.6,2058.05,2073.7,2060.45,2059.25,2055.65,2041.15,2048.4,2025.5,2048.4,2008.6,2052,1995.35,2066.45,1986.95,2079.75,1985.75,2099,1994.15,2120.7,2012.25,2139.95,2033.95,2141.2,2053.2,2132.75,2062.85,2115.85,2090.55,2107.45,2102.6,2101.4,2112.25,2094.2,2113.45,2078.5,2109.85,2070.1
5-47,Uninfected,No_comment,Polygon,19,2112.25,2108.65,2090.55,2112.25,2068.85,2115.85,2060.45,2120.7,2052,2135.15,2046,2141.2,2036.35,2150.8,2046,2178.55,2056.8,2195.4,2077.3,2206.25,2102.6,2211.05,2124.3,2213.5,2150.8,2202.65,2164.05,2188.15,2170.1,2167.7,2171.3,2147.2,2166.45,2132.75,2153.2,2119.5,2147.2,2115.85
5-48,Uninfected,No_comment,Polygon,15,1723.05,1931.5,1697.75,1895.35,1674.85,1885.75,1649.55,1892.95,1630.25,1900.2,1606.15,1923.1,1582.05,1955.6,1572.45,1985.75,1574.85,2006.2,1590.5,2035.15,1638.7,2055.65,1665.2,2046,1707.4,2018.25,1720.65,1995.4,1724.25,1964.05
5-49,Uninfected,No_comment,Polygon,16,1595.35,1860.45,1586.9,1842.35,1573.65,1823.05,1555.55,1809.8,1530.25,1812.25,1504.95,1825.5,1485.7,1844.75,1477.25,1867.65,1473.65,1892.95,1488.1,1923.1,1517,1939.95,1543.5,1948.4,1566.4,1952,1584.5,1932.7,1596.55,1914.65,1600.15,1895.35
5-50,Uninfected,No_comment,Polygon,14,1349.5,1879.7,1335.05,1862.85,1310.95,1856.8,1266.4,1868.85,1249.5,1884.5,1237.45,1905,1232.65,1927.9,1227.8,1946,1248.3,1971.3,1284.45,1972.5,1315.8,1971.3,1343.5,1955.6,1364,1929.1,1361.55,1896.55
5-51,Uninfected,No_comment,Polygon,13,1360.35,1973.7,1326.65,1982.15,1309.75,1995.4,1300.1,2006.2,1285.65,2027.9,1280.85,2054.4,1301.3,2086.95,1321.8,2095.4,1359.15,2095.4,1380.85,2077.3,1397.7,2037.55,1395.3,2011.05,1380.85,1991.75
5-52,Uninfected,No_comment,Polygon,15,1478.45,1943.55,1454.35,1949.6,1433.85,1961.65,1424.25,2001.4,1441.1,2027.9,1459.15,2044.8,1491.7,2053.2,1526.65,2047.2,1551.95,2038.75,1562.8,2029.1,1564,2006.2,1560.4,1984.55,1547.15,1962.85,1521.85,1955.6,1498.95,1947.2
5-53,Uninfected,No_comment,Polygon,15,1529.05,2061.65,1509.8,2064.05,1496.5,2065.25,1486.9,2089.35,1478.45,2107.45,1474.85,2136.35,1491.7,2158.05,1515.8,2166.5,1550.75,2166.5,1571.25,2154.45,1584.5,2132.75,1595.35,2111.05,1597.75,2089.35,1585.7,2062.85,1568.8,2058.05
5-54,Uninfected,No_comment,Polygon,16,1645.95,2096.6,1620.65,2103.8,1606.15,2124.3,1595.35,2147.2,1583.3,2172.5,1586.9,2199,1595.35,2221.9,1608.6,2242.4,1639.9,2246,1664,2217.1,1680.9,2189.4,1700.15,2173.7,1708.6,2141.2,1701.35,2123.1,1690.5,2108.65,1677.25,2102.6
5-55,Uninfected,No_comment,Polygon,18,1858,2048.4,1843.55,2047.2,1819.45,2056.85,1802.6,2071.3,1784.5,2086.95,1777.3,2118.3,1780.9,2142.4,1798.95,2168.9,1811,2185.75,1831.5,2195.4,1844.75,2186.95,1855.6,2173.7,1865.25,2152,1874.9,2136.35,1882.1,2125.5,1886.95,2107.45,1888.15,2091.8,1879.7,2076.1
5-56,Uninfected,No_comment,Polygon,13,1912.25,2126.7,1892.95,2141.2,1874.9,2159.25,1868.85,2184.55,1867.65,2209.85,1876.1,2225.5,1894.15,2240,1921.85,2246,1955.6,2233.95,1972.5,2215.9,1982.1,2173.7,1956.8,2136.35,1935.1,2124.3
5-57,Uninfected,No_comment,Polygon,14,2278.55,2191.8,2239.95,2206.25,2227.9,2217.1,2219.5,2232.75,2219.5,2264.1,2219.5,2291.8,2232.75,2319.5,2255.65,2333.95,2277.35,2333.95,2305.05,2312.3,2320.7,2273.7,2324.3,2246,2313.5,2218.3,2301.45,2202.65
5-58,Uninfected,No_comment,Polygon,14,2379.75,2232.75,2349.6,2246,2340,2259.25,2332.75,2284.55,2323.1,2307.45,2319.5,2338.8,2340,2366.5,2374.95,2368.9,2407.45,2365.3,2427.95,2341.2,2446,2311.1,2442.4,2270.1,2426.75,2243.6,2405.05,2233.95
5-59,Uninfected,No_comment,Polygon,14,2184.55,2233.95,2162.85,2232.75,2127.9,2237.55,2109.85,2256.85,2094.2,2267.7,2101.4,2311.1,2102.6,2340,2113.45,2356.85,2149.6,2358.05,2184.55,2342.4,2209.85,2314.7,2211.05,2295.4,2206.25,2277.35,2202.6,2260.45
5-60,Uninfected,No_comment,Polygon,17,1803.8,2205.05,1798.95,2186.95,1772.45,2170.1,1738.7,2164.05,1715.8,2177.35,1700.15,2195.4,1684.5,2215.9,1671.25,2231.55,1656.8,2247.2,1651.95,2261.65,1658,2283.35,1676.05,2295.4,1703.75,2295.4,1731.5,2274.95,1750.75,2256.85,1778.5,2238.8,1795.35,2229.15
5-61,Uninfected,No_comment,Polygon,22,1797.75,2241.2,1782.1,2243.6,1762.8,2253.25,1744.8,2264.1,1731.5,2285.75,1719.45,2306.25,1713.4,2327.95,1724.25,2359.25,1743.55,2384.6,1765.25,2393,1784.5,2389.4,1801.35,2380.95,1811,2359.25,1814.65,2346,1819.45,2335.15,1820.65,2314.7,1823.05,2301.45,1830.3,2291.8,1835.1,2276.15,1835.1,2264.1,1826.7,2248.4,1826.7,2248.4
5-62,Uninfected,No_comment,Polygon,16,1876.1,2276.15,1868.85,2271.3,1859.2,2276.15,1847.15,2291.8,1839.95,2305.05,1833.9,2307.45,1835.1,2332.75,1835.1,2336.4,1820.65,2355.65,1814.65,2377.35,1833.9,2403.85,1865.25,2417.1,1905,2412.3,1919.45,2387,1924.3,2361.7,1905,2309.85
5-63,Uninfected,No_comment,Polygon,15,1474.85,2172.5,1467.6,2149.6,1451.95,2138.75,1418.2,2135.15,1392.9,2139.95,1366.4,2159.25,1359.15,2179.75,1357.95,2202.65,1362.75,2225.5,1386.85,2247.2,1412.2,2254.45,1442.3,2259.25,1459.15,2237.55,1467.6,2218.3,1472.4,2205.05
5-64,Uninfected,No_comment,Polygon,16,1524.25,2180.95,1511,2188.15,1498.95,2196.6,1485.7,2207.45,1477.25,2227.95,1472.4,2261.65,1480.85,2288.2,1503.75,2297.8,1532.65,2306.25,1564,2301.45,1585.7,2278.55,1590.5,2254.45,1590.5,2232.75,1574.85,2212.25,1564,2190.6,1545.95,2184.55
5-65,Uninfected,No_comment,Polygon,12,1541.1,2347.2,1509.8,2361.7,1494.1,2377.35,1485.7,2406.25,1503.75,2440,1524.25,2452.05,1555.55,2452.05,1582.05,2437.6,1606.15,2423.15,1612.2,2394.2,1594.1,2371.3,1578.45,2350.85
5-66,Uninfected,No_comment,Polygon,14,1720.65,2395.4,1694.1,2370.1,1666.4,2358.05,1650.8,2358.05,1648.35,2384.6,1654.35,2432.75,1657.95,2462.9,1673.65,2496.65,1680.85,2517.1,1718.2,2523.15,1743.5,2507.5,1760.45,2488.2,1761.55,2454.45,1748.4,2419.45
5-67,Uninfected,No_comment,Polygon,17,1618.2,2440,1594.1,2446.05,1579.6,2454.45,1561.6,2460.5,1543.5,2478.55,1536.25,2494.25,1536.25,2517.1,1543.5,2540,1560.35,2561.7,1591.65,2576.15,1619.4,2567.75,1641.1,2549.65,1655.55,2527.95,1659.2,2511.1,1651.9,2487,1638.75,2467.7,1631.45,2452.05
5-68,Uninfected,No_comment,Polygon,14,1785.75,2579.8,1767.6,2587,1753.15,2597.85,1745.95,2618.35,1739.9,2638.75,1739.9,2672.55,1754.35,2691.85,1785.75,2702.7,1803.75,2697.85,1826.65,2694.25,1838.7,2673.75,1846,2647.25,1839.9,2605.1,1810.95,2581
5-69,Uninfected,No_comment,Polygon,20,1888.1,2581,1873.65,2593.05,1861.6,2605.1,1860.4,2636.4,1861.6,2660.5,1849.55,2677.4,1839.9,2691.85,1838.7,2714.75,1870.1,2719.55,1885.7,2702.7,1903.8,2679.8,1909.8,2662.9,1929.1,2655.7,1942.35,2647.25,1952,2634,1953.2,2617.15,1949.55,2600.25,1942.35,2588.2,1932.65,2581,1919.5,2576.15
5-70,Uninfected,No_comment,Polygon,14,1929.1,2666.55,1913.4,2678.6,1897.75,2705.1,1889.3,2740.05,1902.6,2767.75,1919.5,2789.45,1949.55,2796.65,1980.85,2787.05,1995.35,2770.15,1998.95,2750.9,1996.55,2725.6,1991.8,2697.85,1978.5,2678.6,1954.4,2666.55
5-71,Uninfected,No_comment,Polygon,17,2023.05,2655.7,2007.4,2659.3,2003.85,2684.6,2005.05,2713.55,2008.6,2740.05,2007.4,2762.95,2014.65,2772.55,2039.95,2782.2,2071.25,2775,2101.45,2765.35,2121.9,2753.3,2132.7,2738.85,2129.1,2714.75,2129.1,2688.2,2129.1,2671.35,2117.05,2650.85,2092.95,2643.65
5-72,Uninfected,No_comment,Polygon,13,1961.6,2411.1,1927.9,2424.35,1913.4,2442.4,1906.25,2461.7,1908.55,2490.6,1930.3,2514.7,1973.65,2530.35,2006.2,2529.1,2035.1,2511.1,2052,2479.75,2053.25,2455.65,2037.55,2431.55,2014.65,2425.55
5-73,Uninfected,No_comment,Polygon,20,2191.75,2419.45,2174.95,2414.7,2156.8,2426.75,2133.9,2450.85,2105,2461.7,2076.1,2467.7,2058,2494.25,2059.2,2518.3,2083.3,2538.8,2095.35,2549.65,2112.25,2573.75,2136.35,2576.15,2166.45,2573.75,2189.35,2574.95,2203.8,2546.05,2214.65,2515.9,2225.5,2484.6,2235.2,2471.35,2238.75,2455.65,2231.55,2440
5-74,Uninfected,No_comment,Polygon,33,2306.25,2513.5,2288.15,2499.05,2273.65,2505.05,2259.25,2523.15,2248.45,2544.85,2239.95,2570.15,2238.75,2588.2,2227.9,2599.05,2243.55,2603.9,2255.6,2618.35,2258.05,2634,2274.9,2644.85,2278.5,2662.9,2282.15,2677.4,2302.6,2678.6,2314.65,2673.75,2318.3,2658.1,2336.35,2653.3,2347.2,2642.45,2342.4,2631.6,2350.8,2619.55,2365.25,2620.75,2373.7,2611.1,2389.35,2607.5,2403.85,2594.25,2390.6,2571.35,2367.7,2558.1,2365.25,2541.2,2362.85,2523.15,2355.65,2518.3,2342.4,2512.3,2327.9,2520.75,2319.5,2523.15
5-75,Uninfected,No_comment,Polygon,20,2495.4,2306.25,2483.35,2315.9,2468.85,2318.3,2449.6,2330.35,2442.45,2350.85,2431.6,2365.3,2444.8,2380.95,2458.05,2408.65,2477.35,2421.95,2514.7,2418.3,2536.4,2413.5,2559.25,2407.45,2570.1,2400.25,2574.95,2383.35,2568.9,2359.25,2561.7,2346,2549.65,2326.75,2543.6,2308.65,2526.75,2303.85,2511.05,2301.45
5-76,Uninfected,No_comment,Polygon,13,2432,2430.65,2417.1,2426.75,2401.4,2426.75,2380.95,2446.05,2368.9,2466.5,2372.5,2499.05,2394.25,2519.55,2419.45,2524.35,2449.6,2514.7,2470.1,2502.65,2480.9,2477.35,2468.85,2454.45,2458.05,2444.8
5-77,Uninfected,No_comment,Polygon,12,2552.1,2423.15,2528,2434,2506.25,2449.65,2495.4,2483.4,2515.95,2515.9,2546,2523.15,2568.9,2530.35,2608.65,2519.55,2625.6,2497.85,2630.35,2474.95,2629.15,2441.2,2602.6,2424.35
5-78,Uninfected,No_comment,Polygon,14,2755.7,2271.3,2729.15,2259.25,2706.25,2254.45,2680.95,2267.7,2664.1,2285.75,2654.45,2311.05,2650.9,2362.9,2672.55,2388.2,2703.85,2400.25,2736.35,2395.4,2758.1,2374.95,2771.4,2356.85,2773.75,2333.95,2772.6,2303.85
5-79,Uninfected,No_comment,Polygon,13,2530.35,2534,2505,2534,2480.9,2542.4,2470.1,2556.9,2459.25,2574.95,2460.45,2612.3,2480.9,2640,2521.9,2641.25,2552.1,2626.75,2573.75,2591.85,2573.75,2564.1,2565.35,2553.25,2559.25,2546.05
5-80,Uninfected,No_comment,Polygon,18,2652.05,2558.1,2624.35,2566.5,2612.3,2576.15,2600.25,2591.85,2593,2608.7,2588.2,2635.2,2591.8,2647.25,2607.45,2654.5,2614.65,2668.95,2627.95,2683.4,2636.4,2687,2660.5,2691.85,2678.55,2689.45,2701.45,2672.55,2709.9,2643.65,2699.1,2615.95,2699.1,2588.2,2684.6,2572.55
5-81,Uninfected,No_comment,Polygon,16,2556.85,2646.05,2531.55,2653.3,2511.05,2654.5,2499,2659.3,2488.2,2678.6,2486.95,2690.65,2488.2,2714.75,2501.45,2734,2519.5,2746.05,2546,2762.95,2560.5,2746.05,2589.45,2736.4,2613.55,2725.6,2621.95,2707.5,2601.5,2678.6,2584.55,2659.3
5-82,Uninfected,No_comment,Polygon,13,2066.45,2826.75,2055.65,2820.8,2026.75,2823.15,2005.05,2830.35,1989.4,2846,1982.1,2861.7,1976.15,2901.45,1989.4,2918.4,2013.5,2938.8,2070.1,2921.95,2093,2891.85,2091.75,2861.7,2087,2850.85
5-83,Uninfected,No_comment,Polygon,15,2155.65,2748.4,2141.2,2767.7,2126.75,2774.95,2112.3,2782.2,2101.45,2809.85,2108.7,2830.35,2126.75,2856.95,2153.25,2866.5,2191.8,2871.35,2219.55,2848.45,2225.5,2827.95,2231.6,2791.8,2225.5,2766.5,2199.05,2743.6,2188.15,2742.4
5-84,Uninfected,No_comment,Polygon,13,2290.65,2766.5,2258.1,2778.55,2246.05,2797.8,2232.8,2824.35,2241.2,2853.25,2254.5,2870.1,2283.4,2882.25,2323.1,2888.2,2354.5,2864.1,2366.55,2833.95,2355.7,2801.45,2332.8,2777.35,2315.95,2768.9
5-85,Uninfected,No_comment,Polygon,11,2448.45,2758.1,2437.65,2777.35,2430.4,2817.1,2448.45,2838.8,2475,2856.95,2509.95,2840,2520.75,2820.8,2528,2793,2512.35,2765.3,2499.1,2755.65,2475,2752.05
5-86,Uninfected,No_comment,Polygon,15,2605.1,2750.85,2582.2,2760.45,2561.75,2765.3,2553.3,2773.7,2544.85,2784.65,2543.65,2808.75,2541.25,2832.85,2549.7,2856.95,2587.05,2878.55,2600.3,2881.05,2630.4,2873.75,2656.95,2858.05,2671.4,2829.15,2653.3,2785.75,2640,2766.5
5-87,Uninfected,No_comment,Polygon,14,2764.15,2535.15,2737.6,2546,2725.6,2570.1,2718.4,2588.2,2717.2,2605.05,2726.8,2640,2756.95,2649.7,2788.25,2641.2,2814.8,2623.1,2824.4,2595.4,2826.85,2567.7,2813.55,2546,2808.75,2543.6,2778.65,2532.75
5-88,Uninfected,No_comment,Polygon,12,3037.7,2664.05,3016,2650.9,2984.65,2661.75,2966.6,2688.15,2965.4,2720.7,2981,2749.65,3007.55,2770.15,3032.85,2774.95,3060.6,2768.9,3076.25,2743.6,3075.05,2713.5,3058.2,2688.15
5-89,Uninfected,No_comment,Polygon,14,3093.1,2567.7,3067.8,2570.1,3044.9,2585.75,3036.5,2615.9,3035.3,2636.4,3053.3,2660.5,3075.05,2678.55,3090.65,2693,3120.85,2689.4,3141.3,2676.1,3166.6,2650.9,3175,2613.55,3164.2,2579.75,3134.1,2568.9
5-90,Uninfected,No_comment,Polygon,13,3018.4,2470.1,2983.45,2471.3,2958.15,2479.8,2942.5,2500.2,2936.5,2523.1,2942.5,2552.05,2956.9,2574.9,2994.3,2588.2,3023.25,2570.1,3049.75,2555.65,3059.4,2517.05,3044.9,2490.6,3034.1,2482.15
5-91,Uninfected,No_comment,Polygon,12,2837.65,2366.45,2814.8,2372.5,2799.1,2372.5,2778.65,2391.75,2773.75,2415.85,2787.05,2455.7,2807.55,2474.9,2838.9,2483.35,2883.4,2476.1,2893.1,2441.2,2885.85,2395.35,2872.6,2380.95
5-92,Uninfected,No_comment,Polygon,11,2938.9,2235.15,2911.15,2244.75,2897.9,2265.25,2884.65,2291.75,2885.85,2318.25,2901.55,2343.6,2948.55,2359.2,2982.25,2336.35,2996.7,2303.8,2995.5,2268.85,2978.65,2247.2
5-93,Uninfected,No_comment,Polygon,13,3078.6,2266.45,3047.35,2270.05,3028.05,2284.6,3007.55,2313.45,3001.55,2339.95,3007.55,2362.85,3042.5,2385.75,3083.5,2383.3,3111.2,2368.9,3129.25,2347.15,3136.5,2318.25,3122.05,2285.7,3108.8,2276.1
5-94,Uninfected,No_comment,Polygon,14,3207.6,2295.4,3189.5,2300.2,3165.4,2318.25,3152.15,2338.75,3158.2,2366.45,3171.45,2395.35,3195.55,2405.05,3225.65,2409.85,3252.15,2390.55,3269.05,2370.15,3272.6,2338.75,3259.4,2320.75,3237.7,2302.6,3231.7,2299
5-95,Uninfected,No_comment,Polygon,14,3185.9,2432.75,3164.2,2412.25,3114.75,2419.45,3096.75,2430.4,3082.25,2473.7,3082.25,2501.4,3097.95,2530.35,3110,2542.4,3142.5,2558.05,3164.2,2553.3,3167.85,2533.95,3176.25,2486.95,3189.5,2465.25,3189.5,2452
5-96,Uninfected,No_comment,Polygon,10,3252.15,2450.8,3226.85,2458.05,3197.95,2467.75,3181.1,2500.2,3185.9,2553.3,3219.65,2576.15,3250.95,2564.1,3272.6,2547.2,3279.9,2508.65,3279.9,2480.9
5-97,Uninfected,No_comment,Polygon,13,2967.75,2772.6,2923.2,2780.95,2916,2806.25,2907.5,2836.4,2905.15,2871.35,2918.4,2896.65,2940.1,2908.7,2988.3,2903.85,3028.05,2881.05,3041.25,2856.95,3036.5,2826.75,3020.8,2800.25,3007.55,2788.2
5-98,Uninfected,No_comment,Polygon,13,2841.25,2752.1,2812.3,2752.1,2779.8,2766.55,2765.35,2800.25,2764.1,2838.85,2789.45,2879.8,2812.3,2897.9,2843.65,2900.3,2878.6,2884.6,2895.45,2856.9,2895.45,2826.8,2896.65,2787,2884.6,2768.95
5-99,Uninfected,No_comment,Polygon,13,2730.4,2848.45,2695.45,2862.95,2679.8,2882.2,2668.95,2909.95,2681,2941.25,2702.65,2971.4,2735.2,2985.85,2770.15,2980.95,2794.25,2959.35,2801.5,2935.25,2801.5,2906.3,2781,2881,2767.75,2861.75
5-100,Uninfected,No_comment,Polygon,13,3334,2442.45,3306.35,2454.5,3300.3,2470.1,3291.9,2508.65,3289.45,2543.6,3295.55,2572.55,3329.25,2588.25,3366.6,2577.4,3390.7,2554.45,3401.55,2523.1,3390.7,2484.55,3367.8,2453.3,3357,2447.2
5-101,Uninfected,No_comment,Polygon,13,3535.3,2429.2,3503.9,2438.8,3481.05,2461.65,3465.4,2490.65,3465.4,2519.5,3483.45,2552.1,3520.8,2566.5,3570.2,2558.05,3590.7,2536.4,3602.75,2506.25,3603.95,2470.1,3584.7,2444.8,3573.85,2436.35
5-102,Uninfected,No_comment,Polygon,11,3679.85,2488.2,3654.55,2479.8,3626.85,2488.2,3606.35,2511.05,3606.35,2544.8,3616,2573.8,3641.3,2588.25,3691.9,2583.35,3710.05,2559.25,3711.15,2528,3693.1,2500.25
5-103,Uninfected,No_comment,Polygon,13,3817.25,2546,3797.95,2547.2,3771.5,2564.15,3761.8,2596.65,3771.5,2626.75,3785.9,2648.5,3802.75,2667.7,3834.1,2678.55,3864.25,2670.15,3879.95,2644.8,3881.15,2608.65,3867.9,2582.15,3850.95,2560.5
5-104,Uninfected,No_comment,Polygon,14,3754.6,2632.75,3730.5,2625.6,3710.05,2627.95,3687.05,2653.25,3687.05,2678.55,3689.5,2706.3,3698,2718.3,3714.8,2737.6,3742.55,2754.45,3765.4,2744.9,3779.9,2726.75,3795.6,2706.3,3795.6,2680.95,3783.55,2660.55
5-105,Uninfected,No_comment,Polygon,14,3618.4,2783.45,3591.9,2782.25,3573.85,2787,3551,2807.55,3544.9,2830.45,3544.9,2862.9,3563,2894.3,3587.1,2913.55,3611.2,2918.4,3643.7,2905.15,3661.85,2874.95,3663,2842.5,3658.2,2814.7,3643.7,2800.25
5-106,Uninfected,No_comment,Polygon,14,3336.45,2714.7,3332.9,2697.9,3314.75,2680.95,3287.05,2672.6,3261.75,2678.55,3242.45,2703.85,3235.3,2731.6,3240.05,2784.65,3254.5,2811.1,3275,2832.85,3297.9,2829.2,3306.35,2802.65,3323.2,2766.5,3335.25,2744.9
5-107,Uninfected,No_comment,Polygon,16,3378.65,2729.15,3349.7,2734.05,3332.8,2750.8,3319.55,2774.9,3311.15,2800.25,3303.95,2824.35,3306.35,2844.9,3319.65,2864.1,3335.25,2867.8,3364.15,2866.6,3409.95,2853.3,3437.7,2835.2,3460.55,2808.75,3450.95,2765.3,3438.9,2746.1,3426.85,2735.25
5-108,Uninfected,No_comment,Polygon,15,3219.6,2791.85,3196.7,2787,3167.75,2772.6,3119.55,2800.25,3106.3,2825.55,3100.35,2853.3,3111.15,2876.15,3134.05,2900.25,3156.9,2908.7,3193.05,2903.95,3214.75,2883.4,3237.65,2871.35,3254.5,2855.75,3254.5,2832.85,3237.65,2812.3
5-109,Uninfected,No_comment,Polygon,16,3508.75,2829.2,3483.45,2842.5,3455.7,2858.1,3441.35,2888.2,3444.9,2916,3443.7,2943.65,3461.75,2968.95,3490.75,2970.15,3525.65,2956.9,3549.75,2964.2,3575.05,2948.45,3578.65,2924.35,3579.85,2909.9,3554.55,2883.4,3532.85,2859.3,3528,2844.9
5-110,Uninfected,No_comment,Polygon,14,3369,1997.75,3349.7,2003.85,3328,2017.1,3315.95,2042.35,3314.75,2072.45,3326.8,2095.35,3355.75,2106.2,3381.05,2109.8,3409.95,2101.45,3429.25,2078.5,3429.25,2050.8,3422,2024.25,3400.3,2005.05,3382.2,1998.95
5-111,Uninfected,No_comment,Polygon,14,3377.4,2119.45,3343.7,2127.9,3324.4,2149.65,3317.2,2171.25,3317.2,2196.6,3332.9,2220.7,3360.55,2232.75,3387.05,2229.1,3417.2,2225.5,3430.5,2211.1,3440.1,2192.95,3436.45,2153.2,3420.8,2131.5,3403.95,2121.85
5-112,Uninfected,No_comment,Polygon,12,3313.55,2232.75,3271.4,2229.1,3247.35,2241.15,3234.05,2266.45,3235.3,2288.15,3257.05,2315.85,3290.65,2326.7,3309.9,2319.55,3328,2301.4,3329.25,2284.6,3330.45,2264.05,3329.25,2247.25
5-113,Uninfected,No_comment,Polygon,11,3219.6,2152,3183.45,2144.75,3159.35,2161.7,3149.7,2183.3,3152.05,2209.9,3170.15,2236.4,3197.9,2247.25,3237.65,2236.4,3250.9,2211.1,3248.45,2190.55,3246.1,2173.75
5-114,Uninfected,No_comment,Polygon,12,3153.3,2067.65,3137.7,2050.8,3106.3,2041.2,3081,2043.55,3054.45,2058,3044.85,2094.15,3050.9,2119.45,3071.35,2143.55,3106.3,2165.25,3141.25,2156.8,3166.55,2129.1,3159.35,2086.95
5-115,Uninfected,No_comment,Polygon,10,3296.65,1882.15,3271.4,1884.5,3242.45,1896.55,3228,1919.5,3215.95,1943.6,3232.85,1982.1,3264.15,2013.45,3319.6,1995.35,3341.3,1958,3321.95,1902.55
5-116,Uninfected,No_comment,Polygon,13,3396.7,2241.15,3365.35,2244.8,3355.75,2255.6,3344.95,2286.95,3341.3,2303.8,3329.25,2331.6,3350.9,2356.9,3388.25,2360.45,3424.4,2349.6,3441.3,2329.1,3448.5,2305,3447.3,2272.55,3431.6,2250.8
5-117,Uninfected,No_comment,Polygon,14,3652.15,2023.05,3625.6,2029.15,3608.75,2041.2,3593.1,2056.8,3585.9,2085.7,3591.9,2118.25,3605.15,2139.95,3631.65,2148.4,3655.75,2148.4,3675,2148.4,3694.3,2137.6,3699.1,2089.4,3697.95,2056.8,3683.5,2036.3
5-118,Uninfected,No_comment,Polygon,16,3755.8,2033.9,3735.25,2041.2,3722.05,2058,3718.4,2074.9,3717.2,2099,3712.35,2121.85,3711.15,2144.75,3734.1,2170.05,3771.5,2179.7,3808.75,2164.05,3830.5,2141.15,3842.55,2113.5,3835.3,2083.3,3814.8,2058,3796.7,2043.55,3778.65,2030.3
5-119,Uninfected,No_comment,Polygon,11,3873.85,1974.85,3848.55,1971.25,3826.85,1974.85,3802.75,1998.95,3797.95,2015.9,3814.8,2043.55,3837.7,2064.1,3881.15,2074.9,3899.15,2061.6,3901.6,2048.35,3901.6,2015.9
5-120,Uninfected,No_comment,Polygon,14,3944.95,1942.4,3925.65,1951.95,3911.2,1968.85,3906.35,1990.6,3917.3,2018.25,3924.45,2040,3943.7,2055.6,3971.45,2065.3,3997.95,2056.8,4024.5,2037.55,4032.9,2013.45,4026.9,1986.9,4012.45,1966.5,3988.35,1950.75
5-121,Uninfected,No_comment,Polygon,11,3682.3,2177.3,3672.65,2167.65,3634.1,2161.7,3607.55,2176.1,3594.3,2205,3595.5,2225.5,3618.4,2249.6,3646.15,2264.05,3685.95,2254.4,3706.35,2218.25,3700.3,2195.35
5-122,Uninfected,No_comment,Polygon,14,3582.25,2271.35,3548.55,2284.6,3534.05,2294.2,3518.4,2319.55,3513.6,2350.8,3526.85,2373.7,3548.55,2390.55,3576.3,2396.6,3599.15,2396.6,3618.4,2382.2,3629.25,2359.25,3634.1,2334,3631.65,2306.25,3614.75,2285.75
5-123,Uninfected,No_comment,Polygon,15,3691.9,2319.55,3673.9,2323.1,3656.95,2327.9,3644.9,2347.2,3634.1,2372.5,3635.3,2402.6,3646.15,2430.4,3669,2443.65,3703.95,2452.05,3735.25,2438.75,3754.55,2420.7,3765.4,2397.8,3763,2374.9,3738.9,2337.55,3723.2,2324.3
5-124,Uninfected,No_comment,Polygon,13,3885.9,2227.9,3859.4,2232.75,3840.1,2247.25,3834.05,2266.45,3830.5,2301.4,3853.4,2342.4,3896.75,2359.25,3914.85,2347.2,3934.1,2330.35,3940.15,2300.2,3937.7,2270.1,3922.05,2247.25,3908.8,2237.55
5-125,Uninfected,No_comment,Polygon,13,4072.7,2120.65,4043.75,2119.45,4019.65,2136.35,4003.95,2155.6,4002.85,2179.7,4003.95,2208.65,4028.05,2235.2,4054.6,2250.8,4090.75,2243.55,4119.65,2223.15,4125.65,2197.85,4124.55,2164.05,4100.45,2132.7
5-126,Uninfected,No_comment,Polygon,15,4026.9,2265.25,3977.5,2259.3,3963.05,2268.85,3953.4,2285.75,3952.2,2308.7,3937.7,2336.35,3940.15,2356.9,3957,2382.2,3978.75,2401.4,4026.9,2400.2,4057,2385.75,4073.9,2356.9,4077.45,2330.35,4070.25,2300.2,4051,2278.5
5-127,Uninfected,No_comment,Polygon,12,4235.3,2033.9,4217.25,2025.5,4167.85,2029.15,4138.9,2070.05,4140.15,2103.8,4166.65,2131.5,4195.6,2141.15,4236.55,2133.9,4284.7,2111.05,4285.95,2083.3,4272.65,2058,4263.05,2044.75
5-128,Uninfected,No_comment,Polygon,14,4102.8,1811,4072.7,1800.15,4046.15,1806.2,4020.85,1826.65,4007.6,1854.35,4012.45,1883.35,4026.9,1906.25,4066.65,1931.55,4098,1931.55,4128.1,1912.2,4147.4,1890.5,4155.8,1868.9,4149.75,1838.7,4138.9,1827.85
5-129,Uninfected,No_comment,Polygon,13,4150.95,1695.3,4138.9,1688.15,4117.25,1688.15,4095.55,1696.55,4076.25,1724.3,4070.25,1749.55,4078.7,1776.05,4095.55,1798.95,4128.1,1806.2,4161.8,1803.75,4173.85,1785.75,4178.7,1762.8,4175.05,1741.1
5-130,Uninfected,No_comment,Polygon,15,4240.15,1811,4210.1,1823.05,4193.15,1842.3,4183.55,1871.25,4183.55,1898.95,4199.15,1917.05,4234.2,1932.7,4260.6,1937.5,4289.55,1926.65,4311.25,1911,4322.1,1890.5,4322.1,1865.2,4319.75,1847.15,4295.55,1824.25,4275.1,1811
5-131,Uninfected,No_comment,Polygon,14,3953.4,1776.05,3929.3,1762.8,3902.8,1756.75,3878.7,1761.6,3859.4,1778.45,3846.1,1809.85,3864.2,1848.35,3885.9,1871.25,3905.25,1884.5,3932.9,1879.7,3957,1864,3972.65,1847.15,3975.1,1820.7,3970.25,1800.15
5-132,Uninfected,No_comment,Polygon,13,3799.15,1779.65,3764.2,1756.75,3736.45,1762.8,3711.15,1779.65,3694.3,1795.4,3684.7,1814.6,3696.75,1838.7,3713.6,1856.85,3734.1,1865.2,3779.9,1854.35,3799.15,1846,3807.6,1826.65,3811.2,1807.4
5-133,Uninfected,No_comment,Polygon,13,3802.75,1876.05,3766.6,1873.65,3740.1,1880.95,3724.4,1895.4,3723.2,1927.9,3729.25,1958,3758.2,1974.85,3788.3,1978.55,3811.2,1968.85,3834.05,1951.95,3843.75,1938.7,3843.75,1911,3828.05,1890.5
5-134,Uninfected,No_comment,Polygon,24,3636.5,1689.3,3623.25,1690.5,3608.75,1696.55,3572.65,1709.8,3547.3,1713.4,3528,1731.45,3534.05,1762.8,3554.55,1790.5,3581.05,1806.2,3599.15,1806.2,3603.95,1817,3618.4,1829.05,3638.85,1831.5,3647.35,1819.45,3671.45,1795.4,3679.85,1789.3,3693.1,1780.85,3707.6,1770.05,3712.35,1761.6,3722.05,1737.5,3707.6,1724.3,3688.3,1712.25,3670.25,1701.35,3655.75,1695.3
5-135,Uninfected,No_comment,Polygon,13,3732.9,1629.05,3711.15,1627.85,3688.3,1638.75,3673.9,1661.65,3683.5,1689.3,3697.95,1712.25,3730.45,1730.25,3759.45,1730.25,3779.9,1717,3795.6,1697.75,3799.15,1668.8,3787.1,1651.95,3766.6,1635.05
5-136,Uninfected,No_comment,Polygon,14,3546.1,1789.3,3509.95,1766.4,3489.5,1777.25,3471.4,1800.15,3466.65,1826.65,3467.75,1853.15,3488.3,1874.85,3508.75,1889.3,3540.15,1895.4,3561.8,1882.15,3576.3,1866.4,3581.05,1839.9,3576.3,1819.45,3565.35,1807.4
5-137,Uninfected,No_comment,Polygon,14,3240.05,1790.5,3215.95,1774.85,3189.45,1779.65,3164.1,1794.15,3152.05,1813.4,3152.05,1842.3,3172.6,1866.4,3187,1877.25,3212.3,1888.1,3240.05,1885.7,3258.15,1872.45,3266.55,1853.15,3264.15,1830.25,3253.3,1806.2
5-138,Uninfected,No_comment,Polygon,14,3088.25,1879.7,3065.3,1882.15,3043.65,1895.4,3031.6,1919.5,3021.95,1943.6,3036.4,1973.65,3056.9,1996.55,3090.6,2007.4,3119.55,1996.55,3143.65,1978.55,3154.5,1954.45,3148.5,1924.25,3135.25,1907.45,3113.6,1886.9
5-139,Uninfected,No_comment,Polygon,16,4317.3,1530.2,4299.2,1537.45,4283.5,1553.2,4267.9,1574.8,4263.05,1612.2,4269.1,1642.3,4300.45,1662.85,4335.35,1676.1,4363.1,1674.9,4386,1659.15,4404.05,1631.45,4411.3,1602.6,4390.8,1570,4375.15,1551.95,4363.1,1539.9,4360.65,1538.65
5-140,Uninfected,No_comment,Polygon,13,4170.3,1510.95,4152.2,1524.2,4137.7,1533.85,4126.9,1566.45,4128.1,1592.9,4151,1615.75,4177.5,1632.65,4220.9,1637.5,4246.2,1604.95,4249.8,1571.2,4249.8,1544.7,4229.35,1524.2,4205.25,1508.55
5-141,Uninfected,No_comment,Polygon,16,4238.95,1388.05,4216.1,1392.9,4190.8,1404.9,4173.85,1426.6,4170.3,1451.9,4177.5,1483.25,4200.4,1503.75,4220.9,1501.3,4237.75,1517.05,4261.85,1526.6,4285.95,1514.55,4298,1490.5,4299.2,1455.6,4288.4,1421.8,4275.1,1403.7,4265.5,1395.35
5-142,Uninfected,No_comment,Polygon,13,3838.95,1435.05,3820.8,1431.5,3793.15,1435.05,3766.65,1454.35,3757,1480.9,3767.85,1505,3789.55,1530.2,3814.85,1548.3,3840.15,1549.5,3870.25,1535.05,3885.9,1505,3885.9,1465.15,3865.45,1448.3
5-143,Uninfected,No_comment,Polygon,18,3750.95,1512.15,3724.45,1501.3,3706.4,1503.75,3690.7,1535.05,3671.45,1555.55,3659.4,1573.6,3671.45,1598.9,3685.9,1615.75,3719.65,1620.6,3737.7,1618.2,3749.75,1620.6,3778.7,1623,3796.7,1621.8,3813.65,1598.9,3814.85,1574.8,3808.75,1562.75,3790.75,1547.1,3773.85,1536.25
5-144,Uninfected,No_comment,Polygon,12,3637.65,1453.1,3613.55,1456.8,3582.3,1467.65,3569,1495.3,3570.25,1520.6,3578.65,1547.1,3605.15,1559.15,3623.25,1562.75,3649.75,1550.7,3670.25,1523,3675,1496.5,3664.2,1472.4
5-145,Uninfected,No_comment,Polygon,12,3758.2,1302.5,3737.7,1300.1,3717.25,1301.3,3694.35,1314.55,3690.7,1342.25,3693.15,1370.05,3717.25,1395.35,3744.95,1416.95,3779.9,1421.8,3797.95,1395.35,3804,1365.15,3789.55,1330.2
5-146,Uninfected,No_comment,Polygon,13,3610,1288.05,3584.7,1288.05,3558.2,1307.3,3548.55,1335.1,3542.5,1365.15,3569,1395.35,3607.6,1408.5,3637.65,1398.9,3661.8,1383.3,3669.05,1363.95,3671.45,1333.9,3654.6,1298.85,3634.1,1286.8
5-147,Uninfected,No_comment,Polygon,13,3540.1,1207.3,3518.4,1198.9,3495.5,1202.5,3478.65,1212.2,3466.6,1236.3,3465.4,1266.35,3475.05,1294.05,3495.5,1312.15,3522.05,1316.95,3563,1288.05,3576.25,1266.35,3576.25,1245.85,3571.45,1224.25
5-148,Uninfected,No_comment,Polygon,16,3487.1,1479.7,3463,1495.3,3454.55,1507.35,3453.35,1537.45,3458.15,1564,3475.05,1589.35,3503.9,1602.6,3549.75,1596.5,3561.8,1578.5,3567.8,1565.25,3565.35,1545.9,3553.3,1525.4,3552.15,1506.1,3543.7,1489.25,3520.85,1482.05,3499.15,1480.9
5-149,Uninfected,No_comment,Polygon,14,3381.05,1521.8,3363,1526.6,3341.3,1545.9,3325.65,1561.55,3322,1592.9,3340.1,1618.2,3367.8,1632.65,3395.5,1637.5,3423.25,1626.7,3442.5,1603.7,3443.65,1577.3,3438.9,1553.2,3430.45,1542.25,3417.2,1527.85
5-150,Uninfected,No_comment,Polygon,13,3311.15,1453.1,3296.65,1451.9,3277.45,1459.15,3269,1471.2,3258.15,1495.3,3256.95,1524.2,3271.4,1543.5,3297.9,1553.2,3323.2,1550.7,3343.7,1529.1,3355.75,1500.1,3354.55,1478.45,3341.3,1463.95
5-151,Uninfected,No_comment,Polygon,14,3225.6,1467.65,3195.5,1465.15,3165.35,1465.15,3146.1,1470,3132.85,1495.3,3126.75,1521.8,3140.05,1551.95,3161.75,1576.05,3191.9,1582.05,3224.35,1573.6,3243.7,1554.4,3246.1,1531.45,3247.3,1505,3242.5,1484.45
5-152,Uninfected,No_comment,Polygon,12,3062.95,1510.95,3040.05,1513.35,3017.1,1531.45,3006.3,1576.05,3011.15,1601.4,3035.25,1608.55,3065.3,1617,3097.9,1624.2,3119.6,1602.6,3129.2,1573.6,3118.35,1536.25,3097.9,1518.15
5-153,Uninfected,No_comment,Polygon,11,3165.35,1606.15,3141.25,1612.2,3123.2,1635.05,3111.15,1670,3129.2,1709.8,3152.1,1724.3,3188.25,1715.8,3209.95,1694.1,3224.35,1667.6,3208.75,1623,3197.9,1610.95
5-154,Uninfected,No_comment,Polygon,14,3907.6,1149.5,3889.55,1092.85,3878.7,1085.6,3865.45,1084.4,3851,1084.4,3834.1,1102.55,3819.65,1142.25,3811.2,1172.35,3810,1192.85,3835.3,1223,3864.25,1230.2,3889.55,1214.55,3905.2,1200.15,3913.65,1173.6
5-155,Uninfected,No_comment,Polygon,11,3936.55,1122.95,3924.5,1142.25,3925.7,1171.15,3942.5,1195.25,3954.55,1214.55,3990.75,1229,4022.1,1227.8,4049.8,1204.9,4046.2,1167.55,4018.45,1135,3993.15,1113.35
5-156,Uninfected,No_comment,Polygon,13,4232.95,1053.1,4202.85,1060.3,4179.95,1075.95,4165.45,1096.45,4169.1,1129,4188.35,1153.1,4223.25,1160.3,4253.45,1160.3,4287.15,1143.45,4302.85,1116.95,4299.2,1089.25,4287.15,1068.75,4267.9,1056.7
5-157,Uninfected,No_comment,Polygon,12,4288.85,1200.05,4271.8,1179.6,4242.2,1178.45,4205.9,1183,4192.2,1194.35,4181.95,1217.1,4178.55,1247.7,4200.15,1278.45,4221.8,1294.35,4271.8,1278.45,4293.4,1260.2,4302.5,1227.3
5-158,Uninfected,No_comment,Polygon,13,3809.25,1135.25,3817.25,1118.15,3822.85,1092.05,3816.1,1070.5,3779.75,1047.75,3749.05,1060.25,3727.4,1083,3710.35,1109.05,3708.15,1139.8,3722.85,1170.5,3751.25,1179.6,3780.8,1183,3797.85,1160.25
5-159,Uninfected,No_comment,Polygon,26,3693.3,1160.25,3695.65,1154.6,3687.7,1128.45,3672.85,1117.1,3660.35,1110.25,3633.15,1105.65,3617.15,1109.05,3611.55,1133,3610.35,1156.85,3602.4,1181.85,3602.4,1192.1,3618.3,1196.6,3620.65,1213.6,3632,1231.85,3643.3,1245.5,3671.7,1251.1,3686.55,1245.5,3712.7,1255.65,3733.15,1252.3,3736.55,1233,3751.25,1213.6,3756.95,1204.6,3756.95,1194.35,3738.75,1188.6,3718.3,1181.85,3705.8,1173.9
5-160,Uninfected,No_comment,Polygon,15,3605.8,1123.9,3596.7,1090.95,3580.8,1073.9,3561.55,1067.05,3532,1073.9,3511.55,1089.8,3494.5,1109.05,3493.3,1139.8,3496.7,1163.6,3507,1179.6,3527.45,1190.95,3563.75,1195.5,3583.15,1193.15,3591.1,1170.5,3599.05,1152.3
5-161,Uninfected,No_comment,Polygon,15,3497.85,1096.55,3497.85,1064.8,3482,1046.55,3457,1036.4,3425.1,1036.4,3387.6,1052.3,3369.5,1078.45,3375.1,1102.3,3404.65,1131.85,3407,1156.85,3417.15,1185.2,3453.6,1195.5,3478.6,1184.1,3487.6,1163.6,3479.65,1121.55
5-162,Uninfected,No_comment,Polygon,15,3392.15,1134.05,3379.65,1112.55,3367.15,1098.9,3335.4,1097.75,3304.65,1113.6,3269.5,1129.6,3266,1152.3,3271.7,1178.45,3294.5,1203.45,3312.6,1223.9,3341,1227.3,3371.7,1206.85,3393.3,1192.1,3400.1,1170.5,3395.55,1148.9
5-163,Uninfected,No_comment,Polygon,12,3420.55,1208,3384.2,1211.4,3350.1,1229.6,3333.05,1244.35,3324.05,1271.65,3328.5,1310.2,3362.6,1330.65,3394.5,1333,3419.5,1323.9,3441.1,1308,3450.1,1273.9,3446.7,1230.65
5-164,Uninfected,No_comment,Polygon,12,3295.55,1221.65,3269.5,1195.5,3255.85,1187.55,3223.95,1187.55,3200.1,1205.65,3189.95,1236.4,3193.35,1265.95,3213.8,1285.2,3243.35,1296.65,3272.9,1290.95,3301.25,1278.45,3307,1253.45
5-165,Uninfected,No_comment,Polygon,12,3179.65,1280.65,3147.9,1273.9,3120.55,1278.45,3104.65,1295.5,3096.75,1326.2,3109.25,1367.1,3134.25,1379.6,3169.45,1381.8,3187.6,1370.5,3205.85,1347.7,3209.2,1326.2,3201.3,1300.05
5-166,Uninfected,No_comment,Polygon,15,4059.25,955.7,4042.2,948.9,4011.45,945.5,3979.7,955.7,3961.45,977.3,3946.75,1000.05,3956.9,1034.15,3970.6,1051.1,3998.95,1059.15,4026.3,1060.25,4046.75,1047.75,4061.45,1033,4076.3,1015.95,4079.7,995.5,4075.15,968.2
5-167,Uninfected,No_comment,Polygon,17,4225.1,876.15,4200.1,881.85,4173.95,894.35,4157,910.25,4136.45,921.55,4131.95,937.55,4144.5,969.35,4161.45,987.55,4200.1,1012.55,4229.65,1010.25,4258.05,1003.45,4280.85,983,4289.95,962.55,4289.95,939.8,4287.6,911.4,4272.9,896.55,4244.5,883
5-168,Uninfected,No_comment,Polygon,21,4214.95,819.35,4209.25,793.2,4217.15,777.3,4210.4,754.5,4191,747.75,4177.45,753.45,4160.4,769.35,4153.5,784.1,4133.05,793.2,4110.4,808,4101.3,820.5,4095.55,845.5,4108.05,864.8,4121.75,871.55,4150.1,879.55,4169.5,875.05,4184.25,869.35,4211.5,871.55,4227.45,867,4238.8,852.3,4226.3,835.25
5-169,Uninfected,No_comment,Polygon,14,4151.3,727.3,4144.5,703.45,4128.5,688.65,4101.3,681.85,4076.3,688.65,4058.05,701.15,4041,724.95,4037.65,752.3,4051.3,769.35,4069.4,784.1,4106.95,787.5,4123.95,779.5,4133.05,767,4145.55,746.6
5-170,Uninfected,No_comment,Polygon,13,4095.55,632.9,4097.9,603.4,4078.5,576.15,4054.7,553.35,4017.2,550,3991,565.9,3970.6,596.6,3968.35,618.2,3969.4,648.9,3979.7,677.3,4018.35,693.2,4052.45,681.85,4072.9,664.8
5-171,Uninfected,No_comment,Polygon,12,3964.85,703.45,3937.65,698.9,3910.35,715.95,3884.25,737.45,3883.1,773.9,3898.95,818.2,3926.3,847.75,3955.85,842,3985.4,820.5,4003.5,801.15,4005.85,746.6,3978.5,705.7
5-172,Uninfected,No_comment,Polygon,11,3875.15,615.95,3844.4,625.05,3827.35,643.2,3820.6,669.35,3829.7,694.35,3854.7,713.65,3880.85,712.45,3901.3,702.3,3921.75,677.3,3922.85,659.1,3913.8,637.55
5-173,Uninfected,No_comment,Polygon,14,3822.8,519.35,3802.35,501.15,3769.4,501.15,3750.15,513.65,3729.7,535.25,3710.3,557.9,3701.25,580.7,3703.55,615.95,3721.75,640.95,3756.9,659.1,3787.65,648.9,3821.75,626.15,3839.85,590.9,3838.8,560.25
5-174,Uninfected,No_comment,Polygon,14,3692.2,754.5,3672.8,764.8,3651.2,784.1,3637.65,806.85,3630.75,828.45,3635.3,853.45,3650.15,875.05,3671.75,887.55,3714.85,888.65,3742.2,860.25,3753.55,842,3754.7,814.8,3747.8,788.65,3731.9,768.2
5-175,Uninfected,No_comment,Polygon,14,3645.6,713.65,3629.7,695.45,3601.2,689.8,3578.55,698.9,3550.15,719.35,3533.1,738.65,3527.4,783,3550.15,817,3579.7,835.25,3606.95,826.15,3628.55,804.5,3636.5,781.85,3659.25,759.1,3661.5,736.4
5-176,Uninfected,No_comment,Polygon,13,3580.75,580.7,3569.45,572.75,3539.9,568.2,3519.45,576.15,3499,598.9,3483.1,626.15,3497.8,660.25,3521.65,677.3,3559.15,679.55,3601.2,672.75,3625.15,655.7,3622.8,627.3,3606.95,604.55
5-177,Uninfected,No_comment,Polygon,12,3660.3,492.05,3644.45,498.85,3618.25,517.05,3588.7,534.1,3588.7,568.2,3611.5,594.35,3631.95,606.85,3674,610.25,3695.6,565.9,3702.35,538.65,3695.6,520.5,3679.7,503.35
5-178,Uninfected,No_comment,Polygon,11,3734.25,385.25,3701.25,390.9,3681.9,407.95,3667.2,437.5,3675.15,461.35,3689.85,480.7,3725.15,495.45,3761.5,480.7,3781.9,459.1,3777.35,422.75,3760.3,402.3
5-179,Uninfected,No_comment,Polygon,13,3791.05,329.55,3768.25,338.65,3747.8,359.1,3745.6,377.3,3761.5,392.05,3785.3,414.8,3801.3,436.3,3827.35,448.8,3850.15,427.3,3867.2,407.95,3868.35,384.1,3861.45,361.3,3844.4,346.6
5-180,Uninfected,No_comment,Polygon,14,3583.1,381.8,3549,394.3,3529.7,415.95,3522.8,443.2,3527.4,465.85,3533.1,490.85,3545.6,513.65,3580.75,515.85,3602.35,501.15,3629.7,487.5,3653.55,468.2,3652.35,419.35,3641.05,398.8,3618.25,385.25
5-181,Uninfected,No_comment,Polygon,14,3460.3,425,3434.15,422.75,3413.7,436.3,3388.7,459.1,3371.65,489.8,3376.2,518.2,3400.1,543.2,3430.75,552.3,3456.95,550,3478.55,534.1,3480.75,511.4,3474,487.5,3479.65,470.45,3481.95,445.45
5-182,Uninfected,No_comment,Polygon,13,3426.2,568.2,3408.1,567.05,3375.1,568.2,3355.75,601.15,3353.55,628.45,3366.05,659.1,3391.05,671.6,3434.15,672.75,3459.15,653.45,3472.8,630.7,3476.2,603.4,3467.1,582.9,3459.15,573.9
5-183,Uninfected,No_comment,Polygon,14,3424,317.05,3391.05,315.9,3351.3,336.3,3334.15,354.55,3324,379.55,3322.85,409.1,3334.15,429.55,3366.05,440.95,3393.25,432.95,3417.1,415.95,3434.15,401.15,3451.2,377.3,3452.4,356.8,3444.45,338.65
5-184,Uninfected,No_comment,Polygon,13,3220.5,713.65,3185.35,713.65,3156.95,730.7,3131.95,771.6,3131.95,789.8,3137.55,818.2,3161.5,838.65,3200.05,839.8,3224,823.9,3243.3,804.5,3251.2,787.5,3243.3,739.8,3229.6,723.9
5-185,Uninfected,No_comment,Polygon,22,3251.2,826.15,3233,831.85,3219.45,843.2,3195.5,851.15,3176.25,860.25,3168.3,885.25,3169.45,909.05,3181.95,936.4,3188.75,961.4,3216.05,973.9,3249,978.45,3286.5,975.05,3306.95,952.3,3313.7,931.85,3322.85,923.9,3324,915.95,3316.05,897.75,3308.1,887.55,3302.4,868.2,3301.2,855.7,3293.3,842,3281.95,831.85
5-186,Uninfected,No_comment,Polygon,20,3393.25,776.15,3368.25,775,3351.2,798.9,3344.45,831.85,3338.7,860.25,3351.2,894.35,3387.6,917.05,3386.5,934.05,3404.6,931.85,3419.45,933,3436.5,935.25,3451.2,914.8,3460.3,898.9,3474,894.35,3486.5,886.4,3479.65,863.65,3463.7,828.45,3461.5,806.85,3449,793.2,3433.1,784.1
5-187,Uninfected,No_comment,Polygon,11,3302.4,990.95,3267.1,986.4,3239.9,1001.1,3217.1,1023.9,3214.9,1075.05,3238.75,1103.45,3263.7,1114.8,3311.5,1101.15,3339.9,1075.05,3349,1044.35,3334.15,1018.2
5-188,Uninfected,No_comment,Polygon,12,3164.9,923.9,3149,885.25,3130.8,861.4,3093.3,856.85,3063.75,873.9,3048.95,909.05,3058,953.45,3083,985.25,3104.6,1003.45,3144.45,1002.3,3166,987.55,3170.5,963.6
5-189,Uninfected,No_comment,Polygon,12,3022.85,976.1,3014.9,965.95,2997.85,964.8,2968.3,998.9,2964.9,1036.4,2984.2,1060.25,3020.5,1073.9,3062.55,1085.25,3094.45,1070.5,3100.05,1038.6,3097.85,1013.6,3062.55,987.55
5-190,Uninfected,No_comment,Polygon,11,3134.2,462.5,3115.95,445.45,3077.4,445.45,3037.55,464.8,3025.05,494.35,3035.35,534.1,3064.9,560.25,3103.45,568.2,3131.95,553.35,3153.5,533,3153.5,500
5-191,Uninfected,No_comment,Polygon,11,3416.05,89.8,3395.6,102.3,3387.65,131.85,3384.2,165.9,3411.5,189.8,3449,193.2,3472.8,173.9,3485.3,152.3,3486.5,119.35,3469.45,90.9,3451.2,87.5
5-192,Uninfected,No_comment,Polygon,11,3336.5,198.9,3300.15,219.35,3292.15,243.2,3292.15,262.5,3302.4,293.2,3321.65,313.65,3377.4,317.05,3410.35,281.85,3418.25,255.7,3408.1,226.15,3389.9,198.9
5-193,Uninfected,No_comment,Polygon,12,3137.55,145.45,3105.8,155.7,3091.05,181.85,3083.05,205.7,3086.5,243.2,3105.8,275,3139.9,292.05,3177.4,287.5,3204.6,256.85,3214.9,223.9,3216.05,192.05,3187.6,155.7
5-194,Uninfected,No_comment,Polygon,13,3050.05,448.9,3054.6,430.7,3042.1,404.55,3011.5,390.95,2964.9,414.8,2951.25,440.95,2949,471.6,2955.8,501.15,2981.95,535.25,3024,539.8,3031.95,524.95,3026.25,489.8,3033,465.95
5-195,Uninfected,No_comment,Polygon,12,2862.6,408,2851.25,401.15,2828.45,400.05,2800.1,419.35,2792.15,440.95,2793.3,471.6,2806.9,497.75,2848.9,508,2872.85,493.2,2887.6,472.75,2887.6,445.5,2877.4,428.45
5-196,Uninfected,No_comment,Polygon,13,2864.9,312.5,2828.45,280.7,2787.6,287.5,2765.95,301.15,2743.3,323.9,2733.05,375,2739.9,393.2,2759.2,409.1,2800.1,393.2,2822.85,386.4,2852.4,383,2872.85,354.55,2868.3,328.45
5-197,Uninfected,No_comment,Polygon,19,3025.05,215.95,3002.4,215.95,2983,214.8,2964.9,230.7,2944.45,250,2931.95,269.35,2931.95,296.6,2939.9,317.05,2968.3,333,2981.95,345.5,2994.45,351.15,3042.1,338.65,3058,323.9,3074,297.75,3084.2,285.25,3084.2,275,3074,252.3,3063.75,237.5,3053.55,227.3
5-198,Uninfected,No_comment,Polygon,15,2961.5,175,2940.95,148.9,2930.8,145.45,2911.45,148.9,2890.95,168.2,2867.15,186.4,2846.7,201.15,2836.4,213.65,2860.35,253.45,2885.35,263.65,2925.1,264.8,2946.7,229.55,2963.75,213.65,2977.4,195.45,2968.3,180.7
5-199,Uninfected,No_comment,Polygon,13,2867.15,70.45,2826.25,59.1,2797.85,70.45,2781.9,90.9,2772.85,121.6,2772.85,150,2788.75,175,2813.75,188.65,2847.85,178.4,2873.95,154.55,2887.6,134.1,2886.45,110.25,2877.4,86.4
5-200,Uninfected,No_comment,Polygon,11,2670.55,42.05,2637.6,45.45,2575.1,65.9,2592.15,105.7,2627.3,128.4,2668.3,151.15,2711.4,156.85,2736.4,139.8,2744.35,109.1,2736.4,82.95,2713.75,59.1
5-201,Uninfected,No_comment,Polygon,13,2654.65,157.95,2602.3,140.9,2568.3,140.9,2553.5,157.95,2554.65,187.5,2568.3,211.4,2579.65,228.45,2595.55,239.8,2626.25,248.9,2656.85,250,2681.85,246.6,2700.1,218.2,2687.6,186.4
5-202,Uninfected,No_comment,Polygon,14,2520.55,162.5,2489.8,155.7,2473.95,167.05,2455.75,182.95,2452.3,204.55,2455.75,228.45,2475.1,251.15,2498.95,263.65,2530.8,273.9,2567.15,270.45,2573.95,245.45,2567.15,223.9,2548.95,195.45,2536.45,176.15
5-203,Uninfected,No_comment,Polygon,12,2413.75,125,2387.6,114.8,2354.65,114.8,2325.1,139.8,2318.2,161.4,2318.2,190.95,2335.25,213.65,2368.2,228.45,2400.1,218.2,2426.25,198.9,2433.05,172.75,2430.7,148.9
5-204,Uninfected,No_comment,Polygon,12,2548.95,295.5,2512.6,286.4,2491,281.85,2481.9,308,2476.25,335.25,2485.25,363.65,2500.1,388.65,2519.35,402.3,2559.2,406.85,2572.8,381.85,2579.65,365.95,2572.8,334.1
5-205,Uninfected,No_comment,Polygon,13,2616,261.4,2603.5,267.05,2589.8,290.95,2587.6,313.65,2589.8,337.5,2601.25,365.95,2626.25,383,2654.65,381.85,2671.7,367.05,2691,346.6,2703.5,317.05,2684.2,285.25,2661.4,267.05
5-206,Uninfected,No_comment,Polygon,11,2660.35,411.4,2626.25,410.25,2605.8,423.9,2593.3,455.7,2594.35,481.85,2596.7,517.1,2633.05,534.1,2667.15,547.75,2693.3,521.6,2695.55,477.3,2687.6,442.05
5-207,Uninfected,No_comment,Polygon,11,2792.15,526.15,2769.4,514.8,2728.45,520.5,2701.25,545.5,2692.15,578.45,2704.65,601.15,2729.65,631.85,2771.7,634.15,2804.65,609.15,2823.9,584.1,2813.75,546.6
5-208,Uninfected,No_comment,Polygon,14,2963.75,537.55,2930.8,538.65,2910.35,554.6,2897.85,578.45,2892.15,609.15,2910.35,636.4,2919.45,645.5,2938.75,650.05,2965.95,645.5,2985.35,644.35,3004.65,634.15,3016,605.7,3016,581.85,2994.45,559.1
5-209,Uninfected,No_comment,Polygon,13,2663.75,562.55,2635.35,546.6,2605.8,547.75,2577.3,562.55,2556.85,588.65,2551.25,627.3,2555.8,653.45,2568.3,677.3,2596.7,688.65,2626.25,678.45,2650.1,655.7,2668.3,628.45,2677.35,606.85
5-210,Uninfected,No_comment,Polygon,12,2512.6,593.2,2483.05,581.85,2467.15,593.2,2448.95,611.4,2442.15,636.4,2443.2,668.2,2463.75,689.8,2498.95,695.5,2521.7,678.45,2538.75,662.55,2537.6,635.25,2530.8,609.15
5-211,Uninfected,No_comment,Polygon,17,2487.6,508,2466,497.75,2445.55,496.6,2428.5,510.25,2414.8,530.7,2397.75,553.45,2375.1,567.1,2364.85,579.6,2368.2,610.25,2386.45,627.3,2416,634.15,2429.65,627.3,2435.25,604.6,2454.65,580.7,2484.2,578.45,2506.9,565.95,2511.45,538.65
5-212,Uninfected,No_comment,Polygon,13,2464.8,371.6,2441,352.3,2414.8,356.85,2396.7,371.6,2377.35,390.95,2371.7,422.75,2393.2,450.05,2409.2,470.5,2444.4,487.55,2473.95,477.3,2492.15,458,2497.75,426.15,2486.45,402.3
5-213,Uninfected,No_comment,Polygon,14,2387.6,454.55,2352.35,431.85,2328.5,429.55,2318.2,444.35,2310.25,468.2,2309.2,496.6,2313.65,530.7,2330.7,554.6,2344.4,560.25,2370.55,558,2395.55,537.55,2411.45,522.75,2414.8,506.85,2403.5,485.25
5-214,Uninfected,No_comment,Polygon,13,2779.65,644.35,2747.85,645.5,2735.35,662.55,2737.6,690.95,2742.15,719.35,2746.7,747.75,2771.7,761.4,2808.05,758,2835.35,744.35,2856.95,728.45,2867.15,702.3,2852.4,676.15,2828.45,664.8
5-215,Uninfected,No_comment,Polygon,12,2713.75,651.15,2687.6,642.1,2655.8,653.45,2641,677.3,2635.35,703.45,2639.8,729.6,2663.75,755.7,2681.85,775.05,2722.85,789.8,2733.05,763.7,2730.8,731.85,2729.65,705.7
5-216,Uninfected,No_comment,Polygon,13,2924,680.7,2911.45,690.95,2900.1,710.25,2906.95,736.4,2928.45,762.55,2960.35,780.7,2988.75,783,3019.45,775.05,3044.45,750.05,3051.25,721.65,3037.55,692.1,3012.55,673.9,2970.5,658
5-217,Uninfected,No_comment,Polygon,12,2617.15,730.7,2596.7,726.2,2579.65,736.4,2562.6,770.5,2556.85,800.05,2584.2,833,2613.75,845.5,2642.15,844.35,2663.75,828.45,2663.75,800.05,2654.65,772.75,2644.35,763.7
5-218,Uninfected,No_comment,Polygon,12,2504.65,721.65,2450.1,708,2406.9,710.25,2378.5,726.2,2384.2,760.25,2400.1,794.35,2426.25,818.25,2460.25,831.85,2487.6,826.2,2513.75,801.2,2521.7,770.5,2518.3,745.5
5-219,Uninfected,No_comment,Polygon,11,2327.35,619.35,2296.65,621.65,2268.2,633,2244.4,651.15,2253.5,681.85,2271.65,706.85,2300.1,729.6,2341,744.35,2370.55,717.1,2366,681.85,2355.7,650.05
5-220,Uninfected,No_comment,Polygon,14,2238.65,508,2214.85,518.2,2202.35,535.25,2192.1,559.1,2202.35,593.2,2216,611.4,2242.15,617.1,2273.95,619.35,2300.1,604.6,2318.2,592.1,2318.2,571.6,2298.95,536.4,2277.35,518.2,2258.05,512.55
5-221,Uninfected,No_comment,Polygon,17,2223.95,706.85,2193.25,723.9,2181.9,736.4,2164.85,761.4,2162.6,787.55,2191,823.9,2204.65,831.85,2233.05,838.7,2247.8,836.4,2269.4,826.2,2286.45,811.4,2296.65,800.05,2308.05,780.7,2309.2,768.2,2303.5,752.3,2270.55,727.3,2270.55,727.3
5-222,Uninfected,No_comment,Polygon,13,2353.5,15.9,2341,3.4,2292.15,2.25,2280.7,11.35,2269.4,34,2271.7,71.5,2304.65,105.6,2336.45,117.05,2370.6,114.75,2397.75,100,2404.65,86.35,2411.45,62.5,2384.2,32.95
5-223,Uninfected,No_comment,Polygon,11,2255.7,82.95,2221.7,81.8,2198.95,101.05,2189.85,118.1,2193.25,152.2,2203.5,180.6,2225.1,196.6,2259.2,200,2300.1,170.45,2301.25,138.55,2286.45,107.95
5-224,Uninfected,No_comment,Polygon,12,2105.75,120.45,2089.85,117.05,2062.6,121.5,2036.45,140.9,2019.4,164.7,2023.95,215.9,2045.55,231.8,2087.6,227.2,2119.4,212.5,2129.65,186.35,2139.85,154.55,2127.35,135.15
5-225,Uninfected,No_comment,Polygon,15,2179.65,181.8,2161.45,188.55,2145.55,200,2129.65,223.85,2131.9,250,2145.55,267.05,2180.75,276.1,2214.85,286.35,2238.7,286.35,2256.9,278.4,2266,257.95,2260.3,237.5,2245.55,217.05,2219.4,207.95,2198.95,202.2
5-226,Uninfected,No_comment,Polygon,12,2166,288.6,2128.5,290.9,2117.15,337.5,2114.85,364.7,2127.35,389.7,2143.25,411.3,2187.6,422.65,2220.55,415.9,2246.7,380.65,2248.95,351.15,2238.7,325,2206.9,302.2
5-227,Uninfected,No_comment,Polygon,13,1931.9,260.15,1884.15,288.6,1851.2,314.7,1836.45,337.5,1855.75,376.15,1891,411.3,1913.7,430.7,1942.05,429.55,1961.45,405.7,1983.05,384.1,1983.05,363.65,1966,327.2,1946.65,279.55
5-228,Uninfected,No_comment,Polygon,13,1841,370.45,1813.7,365.9,1788.7,402.2,1803.5,440.9,1826.2,488.65,1858.05,512.5,1911.45,504.55,1923.95,481.75,1928.5,452.2,1917.1,430.55,1904.6,414.6,1888.75,394.15,1867.1,379.45
5-229,Uninfected,No_comment,Polygon,16,1778.5,426.15,1771.65,406.75,1752.35,393.15,1731.9,406.75,1711.45,421.6,1707.95,445.45,1704.6,465.85,1730.75,488.65,1754.6,515.85,1766,531.75,1785.3,540.85,1806.9,543.2,1822.8,526.15,1828.5,506.75,1814.85,482.95,1797.8,461.3
5-230,Uninfected,No_comment,Polygon,11,1643.25,430.7,1610.3,421.6,1585.3,428.4,1567.1,451.15,1564.85,487.5,1584.15,514.7,1618.25,525,1639.85,507.95,1655.75,487.5,1656.9,468.2,1650.05,448.8
5-231,Uninfected,No_comment,Polygon,12,1685.3,482.95,1670.5,494.25,1655.75,518.2,1651.2,546.6,1658,572.75,1677.35,597.75,1705.75,614.8,1738.7,617.05,1761.45,588.65,1760.3,551.15,1741,521.6,1722.8,507.95
5-232,Uninfected,No_comment,Polygon,13,1780.75,600,1769.4,607.9,1751.2,626.15,1739.85,653.35,1737.55,684.1,1761.45,721.6,1796.65,742.05,1830.75,742.05,1864.85,728.35,1870.55,690.85,1860.3,660.25,1851.2,634.1,1828.5,596.6
5-233,Uninfected,No_comment,Polygon,14,1919.4,594.25,1878.5,595.4,1860.3,612.5,1876.2,651.15,1884.15,681.8,1887.55,709.1,1916,724.95,1945.55,729.55,1971.65,711.3,1985.3,693.2,1988.7,672.75,1979.55,645.4,1966,625,1951.2,610.25
5-234,Uninfected,No_comment,Polygon,15,1984.15,495.45,1947.8,511.3,1931.9,536.3,1933.05,568.2,1951.2,596.6,1969.4,614.8,1989.85,634.1,2002.35,644.25,2020.55,646.6,2048.95,637.5,2066,617.05,2051.2,578.35,2042.15,538.65,2022.8,507.95,2010.3,503.35
5-235,Uninfected,No_comment,Polygon,13,2087.6,494.25,2073.95,504.55,2060.3,523.8,2060.3,547.75,2060.3,589.75,2072.8,620.4,2100.1,621.6,2134.15,607.9,2159.2,587.5,2164.85,569.25,2163.65,538.65,2145.55,515.85,2131.9,506.75
5-236,Uninfected,No_comment,Polygon,13,2139.85,623.8,2106.9,630.7,2085.3,653.35,2079.65,686.3,2088.7,720.4,2126.15,739.8,2148.95,738.65,2176.15,719.35,2195.55,703.35,2206.9,686.3,2204.65,663.65,2188.65,628.35,2170.55,618.2
5-237,Uninfected,No_comment,Polygon,18,1729.6,642.05,1692.1,625,1673.95,614.8,1652.35,611.3,1625.05,612.5,1610.3,620.4,1596.65,637.5,1606.9,669.3,1613.7,690.85,1621.65,702.3,1645.5,710.25,1671.65,699.95,1689.85,719.35,1720.45,735.25,1745.45,726.15,1744.4,705.7,1734.15,682.9,1732.95,667.05
5-238,Uninfected,No_comment,Polygon,19,1463.7,576.15,1444.3,573.8,1422.8,573.8,1408,582.9,1392.1,593.2,1380.75,609.1,1379.6,634.1,1383,659.1,1392.1,676.15,1403.45,693.2,1423.9,701.15,1444.3,701.15,1463.7,686.3,1477.35,671.6,1486.35,653.35,1490.95,631.75,1490.95,619.25,1489.85,603.35,1485.3,592.05
5-239,Uninfected,No_comment,Polygon,24,1529.6,639.8,1515.95,639.8,1498.85,657.9,1483,674.95,1471.65,692.05,1469.35,707.9,1476.2,722.75,1510.3,734.1,1517.1,757.9,1525.05,774.95,1528.45,780.7,1537.55,787.45,1550.05,788.65,1559.15,772.75,1560.3,753.35,1571.65,734.1,1584.15,714.8,1594.4,702.3,1594.4,692.05,1587.55,679.55,1577.35,667.05,1569.4,659.1,1563.7,653.35,1555.75,648.8
5-240,Uninfected,No_comment,Polygon,21,1610.3,704.55,1598.9,713.65,1589.85,730.7,1578.45,748.8,1569.4,768.2,1569.4,786.35,1572.8,801.15,1580.75,817,1585.3,821.6,1595.5,830.7,1617.1,840.85,1640.9,845.4,1654.6,842,1683,832.9,1695.45,818.2,1709.15,778.35,1711.45,762.45,1704.6,745.4,1681.9,722.75,1660.3,711.3,1646.65,709.1
5-241,Uninfected,No_comment,Polygon,11,1475.05,732.9,1458,732.9,1435.3,746.6,1415.95,770.4,1423.9,803.35,1436.4,828.35,1473.9,844.35,1504.6,828.35,1513.7,804.5,1505.75,773.85,1494.35,754.5
5-242,Uninfected,No_comment,Polygon,12,2329.65,1036.4,2344.4,1010.3,2330.8,968.25,2308.05,945.5,2278.5,936.4,2253.5,942.1,2231.9,964.8,2227.35,993.25,2227.35,1025.05,2239.85,1046.65,2279.65,1067.1,2325.1,1052.35
5-243,Uninfected,No_comment,Polygon,12,2214.85,953.45,2188.7,926.2,2160.3,922.8,2130.75,927.3,2109.2,927.3,2093.25,940.95,2085.3,964.8,2103.5,997.8,2121.7,1017.1,2167.15,1035.3,2206.9,1009.15,2214.85,988.7
5-244,Uninfected,No_comment,Polygon,14,2329.65,786.4,2314.85,796.65,2300.1,812.55,2288.75,833,2283.05,858,2295.55,883,2313.75,903.45,2351.25,909.15,2380.8,901.2,2403.5,879.6,2413.75,840.95,2393.3,812.55,2372.8,792.1,2350.1,779.6
5-245,Uninfected,No_comment,Polygon,14,2158.05,803.45,2128.5,795.5,2110.3,803.45,2091,813.7,2084.15,833,2075.1,859.15,2084.15,884.15,2108.05,908,2133.05,911.4,2162.6,912.55,2189.85,903.45,2192.15,892.1,2188.7,865.95,2178.5,839.8
5-246,Uninfected,No_comment,Polygon,12,2000.1,794.35,1969.4,772.75,1936.45,770.5,1911.45,785.25,1896.65,800.05,1886.45,831.85,1898.95,859.15,1922.8,886.4,1959.15,898.9,2003.5,879.6,2019.4,854.6,2019.4,822.75
5-247,Uninfected,No_comment,Polygon,15,1843.25,780.7,1822.8,771.65,1802.35,771.65,1779.6,776.2,1755.75,793.2,1743.25,811.4,1748.95,831.85,1763.7,860.25,1776.2,871.65,1812.5,894.35,1847.8,898.9,1875.05,870.5,1883.05,845.5,1883.05,825.05,1871.65,805.75
5-248,Uninfected,No_comment,Polygon,13,1876.2,922.8,1835.3,913.7,1806.9,921.65,1795.55,943.25,1786.45,992.1,1800,1017.1,1814.85,1040.95,1837.5,1045.5,1878.5,1039.85,1906.9,1025.05,1912.6,984.15,1909.15,963.7,1895.55,942.1
5-249,Uninfected,No_comment,Polygon,12,1789.85,901.2,1772.8,888.7,1741,881.85,1721.65,898.9,1710.3,921.65,1714.85,945.5,1725.05,975.05,1756.9,986.4,1773.95,980.75,1787.55,965.95,1793.25,944.35,1794.4,917.1
5-250,Uninfected,No_comment,Polygon,13,1675.05,895.5,1651.2,883,1612.55,880.75,1590.9,904.6,1580.75,931.85,1597.8,969.35,1614.85,995.5,1621.65,1017.1,1639.85,1036.4,1676.2,1035.3,1707.95,1004.6,1707.95,970.5,1695.45,931.85
5-251,Uninfected,No_comment,Polygon,11,1381.8,769.35,1354.6,756.85,1303.45,752.3,1279.6,772.75,1283,801.2,1311.4,828.45,1329.6,846.65,1383,869.35,1421.65,846.65,1415.95,822.75,1402.35,798.9
5-252,Uninfected,No_comment,Polygon,12,1381.8,878.45,1301.2,867.1,1289.75,868.25,1276.2,881.85,1272.75,904.6,1288.7,935.3,1310.3,964.8,1363.7,975.05,1401.2,964.8,1419.3,934.15,1412.55,905.75,1404.6,893.25
5-253,Uninfected,No_comment,Polygon,11,1386.4,986.4,1337.55,989.8,1315.95,1011.4,1306.85,1045.5,1296.65,1073.9,1327.3,1105.75,1368.25,1103.45,1408,1100.05,1433,1077.35,1440.95,1019.35,1417.1,995.5
5-254,Uninfected,No_comment,Polygon,12,1254.6,973.9,1237.55,975.05,1212.55,975.05,1194.35,995.5,1184.15,1028.45,1193.25,1067.1,1208,1092.1,1253.45,1097.8,1279.6,1075.05,1290.95,1050.05,1281.85,994.35,1269.35,979.6
5-255,Uninfected,No_comment,Polygon,14,3031.9,830.7,3014.85,813.65,2989.85,798.9,2941,805.7,2918.25,817,2903.5,853.45,2910.3,877.3,2918.25,895.5,2939.85,911.4,2985.3,923.9,3016,913.65,3031.9,892,3037.6,873.9,3037.6,857.95
5-256,Uninfected,No_comment,Polygon,15,2829.7,793.2,2805.75,784.1,2777.35,781.85,2755.75,789.8,2737.65,806.85,2723.95,827.3,2729.6,861.4,2745.6,871.55,2771.65,880.7,2783.1,888.65,2802.35,892,2825.15,890.95,2838.7,876.15,2847.8,856.85,2845.55,837.45
5-257,Uninfected,No_comment,Polygon,14,2753.5,886.4,2721.65,878.45,2706.9,881.85,2692.1,893.2,2680.75,914.8,2677.35,938.65,2689.85,964.8,2709.15,981.85,2754.6,992,2775.15,983,2789.85,963.6,2789.85,937.45,2783.1,913.65,2772.8,906.85
5-258,Uninfected,No_comment,Polygon,12,2593.25,881.85,2555.75,886.4,2524,913.65,2522.8,967,2533,988.6,2558.05,1002.3,2593.25,997.75,2616.05,977.3,2633.1,954.5,2638.7,929.5,2626.2,904.5,2618.25,895.5
5-259,Uninfected,No_comment,Polygon,15,2495.5,1044.35,2472.8,1045.5,2454.6,1053.45,2438.7,1069.35,2426.2,1094.35,2429.6,1121.55,2447.8,1147.75,2463.7,1163.6,2492.1,1169.35,2517.1,1165.95,2542.1,1155.65,2562.55,1126.1,2556.9,1095.5,2549,1069.35,2533,1052.3
5-260,Uninfected,No_comment,Polygon,17,2586.5,1197.7,2558.05,1195.5,2537.55,1210.2,2525.05,1229.6,2524,1253.45,2528.55,1284.15,2541.05,1304.6,2550.05,1311.4,2576.2,1320.5,2593.25,1309.15,2603.55,1290.95,2611.5,1277.25,2620.6,1271.65,2630.75,1260.2,2635.3,1239.8,2633.1,1218.15,2613.7,1203.45
5-261,Uninfected,No_comment,Polygon,12,2892.2,888.65,2864.85,893.2,2844.4,910.25,2831.9,938.65,2825.15,967,2845.55,1005.7,2896.7,1025.05,2926.2,1015.95,2947.8,997.75,2961.45,970.5,2954.7,944.35,2935.3,918.2
5-262,Uninfected,No_comment,Polygon,11,3079.65,1168.15,3053.5,1159.1,3031.9,1173.9,3018.25,1186.4,3004.7,1213.6,3014.85,1244.35,3042.15,1261.4,3077.35,1255.65,3097.8,1243.15,3110.3,1226.1,3110.3,1205.65
5-263,Uninfected,No_comment,Polygon,16,3060.3,1114.8,3051.3,1095.5,3031.9,1087.55,3012.6,1078.45,2979.7,1070.5,2954.7,1070.5,2922.8,1081.85,2911.45,1095.5,2920.55,1122.75,2931.9,1136.4,2959.25,1151.1,2985.3,1162.55,3009.25,1172.7,3028.5,1156.85,3045.55,1152.3,3056.9,1138.6
5-264,Uninfected,No_comment,Polygon,23,2986.45,1219.35,2968.25,1219.35,2947.8,1229.6,2926.2,1244.35,2921.75,1270.5,2923.95,1289.75,2935.3,1298.9,2935.3,1321.65,2933.05,1336.4,2937.6,1340.95,2961.45,1347.7,2969.4,1345.5,2980.75,1334.15,2984.25,1317.1,2985.3,1308,2992.2,1298.9,3003.5,1293.15,3022.8,1289.75,3029.7,1280.65,3030.75,1273.9,3020.55,1259.15,3013.75,1251.1,3009.25,1242.1
5-265,Uninfected,No_comment,Polygon,13,2829.7,1221.65,2806.9,1218.15,2784.15,1231.85,2768.25,1259.15,2751.2,1286.4,2752.35,1313.7,2786.45,1330.65,2843.25,1339.75,2862.65,1317.1,2864.85,1286.4,2870.55,1269.35,2867.2,1247.7,2859.15,1234.15
5-266,Uninfected,No_comment,Polygon,20,2752.35,1163.6,2721.65,1164.8,2704.6,1168.15,2691.05,1180.65,2676.2,1202.3,2664.85,1220.5,2663.7,1239.8,2672.8,1255.65,2692.1,1263.65,2704.6,1276.15,2713.7,1285.2,2733.1,1286.4,2741,1281.85,2752.35,1258,2761.45,1237.55,2767.15,1227.3,2771.65,1212.55,2771.65,1203.45,2767.15,1196.6,2763.7,1190.95
5-267,Uninfected,No_comment,Polygon,15,2666.05,1268.15,2656.9,1267.1,2639.85,1272.7,2620.6,1285.2,2597.8,1310.2,2608.1,1342.1,2616.05,1353.45,2629.6,1369.35,2661.45,1380.7,2688.7,1379.6,2709.15,1365.95,2722.8,1346.65,2719.4,1314.75,2716.05,1294.35,2693.25,1279.6
5-268,Uninfected,No_comment,Polygon,15,3069.4,1295.5,3039.85,1286.4,3011.4,1290.9,3000,1293.15,2985.3,1307.95,2980.75,1339.75,2984.25,1362.55,2998.95,1387.55,3012.6,1412.55,3041,1427.25,3064.85,1419.3,3091,1400.05,3100.1,1378.45,3088.8,1345.5,3077.35,1323.9
5-269,Uninfected,No_comment,Polygon,14,2792.15,1340.95,2767.15,1340.95,2744.4,1351.2,2728.5,1379.6,2730.75,1396.65,2746.65,1428.45,2770.6,1444.3,2797.8,1448.9,2828.5,1434.15,2851.2,1405.7,2854.7,1380.7,2836.45,1361.4,2828.5,1358,2811.45,1353.45
5-270,Uninfected,No_comment,Polygon,13,2480.75,1244.35,2440.95,1247.7,2425.05,1261.4,2419.45,1288.65,2420.5,1312.55,2426.2,1333,2453.5,1348.9,2492.1,1355.65,2512.55,1339.75,2522.8,1325.05,2526.2,1306.85,2513.7,1286.4,2502.35,1267.1
5-271,Uninfected,No_comment,Polygon,12,2444.45,1354.6,2428.45,1350.05,2395.5,1367.1,2385.3,1384.15,2392.1,1414.75,2408,1434.15,2431.95,1448.9,2458,1448.9,2484.15,1425.05,2495.5,1406.8,2489.85,1387.55,2480.75,1373.9
5-272,Uninfected,No_comment,Polygon,13,2995.5,1408,2974,1380.7,2942.15,1366,2918.3,1362.5,2906.95,1375,2899,1412.5,2911.5,1445.55,2928.45,1468.2,2947.85,1477.3,2985.35,1473.95,3000.05,1458.05,3005.8,1439.8,3004.65,1420.5
5-273,Uninfected,No_comment,Polygon,19,2865.95,1434.1,2830.8,1438.65,2801.25,1460.25,2787.6,1478.5,2775.1,1518.2,2779.65,1543.2,2795.55,1568.2,2812.6,1572.75,2825.1,1577.3,2848.95,1588.65,2863.75,1585.25,2879.65,1548.9,2899,1547.75,2914.9,1530.7,2925.1,1503.5,2928.45,1480.7,2917.15,1464.8,2902.4,1447.75,2894.45,1438.65
5-274,Uninfected,No_comment,Polygon,15,2678.5,1444.35,2639.85,1475,2636.4,1509.1,2658.05,1543.2,2672.85,1556.85,2720.55,1566,2744.4,1558.05,2767.15,1537.6,2768.3,1523.9,2770.55,1508.05,2772.85,1487.55,2772.85,1468.2,2756.9,1451.15,2728.45,1442.05,2702.4,1447.75
5-275,Uninfected,No_comment,Polygon,13,2520.55,1403.5,2496.7,1420.5,2495.55,1446.6,2495.55,1466,2508.05,1481.85,2523.95,1497.75,2547.8,1502.3,2576.25,1505.7,2595.55,1497.75,2606.85,1475,2605.8,1442.05,2581.85,1409.1,2551.25,1391
5-276,Uninfected,No_comment,Polygon,14,2423.95,1536.4,2411.45,1541,2396.7,1560.25,2394.4,1589.8,2397.75,1614.8,2411.45,1636.4,2436.45,1656.85,2466,1662.6,2488.75,1650.1,2508.05,1626.15,2497.75,1592.1,2491,1568.2,2472.75,1544.35,2444.4,1535.25
5-277,Uninfected,No_comment,Polygon,14,2539.8,1520.55,2522.8,1534.1,2513.75,1555.7,2514.8,1594.35,2528.5,1613.65,2550.1,1621.6,2571.7,1622.75,2594.35,1602.3,2604.65,1588.65,2605.8,1572.75,2605.8,1554.55,2594.35,1534.1,2593.3,1531.85,2588.75,1528.5
5-278,Uninfected,No_comment,Polygon,11,2646.7,1600.1,2611.45,1595.55,2587.6,1623.9,2586.45,1653.45,2594.35,1690.95,2620.55,1713.65,2651.25,1719.35,2675.1,1711.4,2692.15,1692.15,2691,1660.25,2677.4,1621.6
5-279,Uninfected,No_comment,Polygon,14,2781.95,1590.95,2745.55,1621.6,2736.4,1645.55,2739.9,1678.45,2758.05,1690.95,2786.4,1721.65,2813.75,1730.7,2842.15,1722.75,2865.95,1701.15,2876.25,1681.85,2878.45,1648.9,2877.4,1621.6,2843.3,1596.6,2815.95,1590.95
5-280,Uninfected,No_comment,Polygon,12,2943.3,1688.65,2892.15,1688.65,2875.1,1708,2870.5,1729.65,2889.9,1756.85,2912.6,1770.5,2937.55,1779.65,2962.55,1776.15,2987.55,1758,2993.3,1733,2978.5,1708,2976.25,1704.65
5-281,Uninfected,No_comment,Polygon,13,3027.4,1619.35,3013.75,1628.45,3004.65,1644.35,2995.5,1663.65,2989.9,1680.7,3012.55,1717.15,3042.1,1726.15,3072.85,1711.4,3094.45,1688.65,3097.85,1659.1,3088.75,1639.8,3077.4,1631.85,3062.55,1627.3
5-282,Uninfected,No_comment,Polygon,15,2751.25,1701.15,2721.7,1695.5,2695.55,1711.4,2670.55,1729.65,2673.9,1758,2670.55,1783,2691,1812.55,2734.2,1818.2,2750.1,1812.55,2760.35,1790.95,2775.1,1772.75,2790.95,1756.85,2788.75,1739.8,2775.1,1725.1,2765.95,1718.2
5-283,Uninfected,No_comment,Polygon,14,2812.6,1761.4,2790.95,1763.65,2775.1,1785.25,2769.4,1810.25,2768.3,1830.7,2787.6,1851.25,2804.65,1859.2,2826.25,1863.75,2846.7,1860.25,2870.5,1845.5,2873.95,1821.7,2871.7,1794.35,2850.1,1770.5,2838.75,1763.65
5-284,Uninfected,No_comment,Polygon,16,2980.8,1809.2,2950.05,1812.55,2934.2,1828.45,2925.1,1854.65,2925.1,1875.05,2934.2,1894.35,2941,1910.25,2963.75,1919.35,2991.05,1923.9,3010.35,1919.35,3033,1896.7,3042.1,1871.7,3042.1,1853.45,3033,1836.4,3019.45,1821.7,3002.4,1812.55
5-285,Uninfected,No_comment,Polygon,22,2748.9,1830.7,2733.05,1827.3,2717.15,1828.45,2708.05,1833,2698.9,1847.75,2687.6,1881.85,2680.8,1901.25,2687.6,1913.75,2684.2,1921.7,2689.9,1938.75,2703.5,1954.6,2708.05,1975.05,2709.2,1990.95,2717.15,2001.25,2738.75,1995.5,2760.35,1989.8,2777.4,1975.05,2789.9,1951.25,2783.05,1925.05,2769.4,1870.5,2758.05,1852.3,2754.65,1837.55
5-286,Uninfected,No_comment,Polygon,11,2670.55,1942.1,2639.85,1935.25,2619.35,1944.35,2612.6,1964.8,2612.6,2001.25,2628.5,2025.05,2651.25,2030.8,2677.4,2022.8,2698.9,2018.3,2698.9,1990.95,2689.9,1964.8
5-287,Uninfected,No_comment,Polygon,14,2551.25,1948.9,2527.3,1952.3,2505.8,1969.35,2496.7,1994.35,2493.3,2030.8,2513.75,2054.6,2531.85,2076.25,2558.05,2077.3,2585.35,2072.85,2602.3,2059.15,2608.05,2038.75,2602.3,2000.05,2594.35,1979.6,2580.8,1956.85
5-288,Uninfected,No_comment,Polygon,17,2967.15,1939.8,2925.1,1944.35,2894.45,1951.25,2885.35,1981.85,2889.9,2011.4,2899,2035.3,2914.9,2056.85,2936.5,2075.05,2956.95,2078.45,3006.95,2075.05,3022.85,2060.35,3038.75,2039.8,3033,2008,3017.15,1988.75,2995.5,1972.75,2988.75,1963.75,2984.2,1955.8
5-289,Uninfected,No_comment,Polygon,14,2871.75,2022.85,2852.35,2013.75,2829.7,2010.35,2801.2,2021.65,2788.7,2034.15,2796.7,2088.75,2814.85,2114.9,2829.7,2137.55,2848.95,2147.85,2872.8,2136.4,2895.55,2115.95,2904.7,2097.85,2906.9,2069.35,2897.8,2045.5
5-290,Uninfected,No_comment,Polygon,14,2726.2,2039.8,2703.55,2038.75,2663.7,2044.35,2645.6,2050.05,2634.15,2075.05,2635.3,2094.35,2656.9,2119.35,2669.4,2130.8,2694.4,2146.65,2730.75,2151.2,2753.5,2133,2755.75,2105.8,2758.1,2078.45,2746.65,2058
5-291,Uninfected,No_comment,Polygon,16,2652.35,2136.4,2629.6,2115.95,2602.35,2121.65,2592.1,2139.9,2584.15,2158,2576.2,2181.9,2581.9,2211.4,2597.8,2239.9,2623.95,2252.4,2654.6,2254.6,2680.75,2244.45,2702.35,2225.05,2710.3,2197.85,2706.9,2176.2,2695.6,2163.7,2677.35,2153.45
5-292,Uninfected,No_comment,Polygon,13,2842.2,2183,2806.9,2187.55,2777.35,2204.6,2771.65,2238.7,2780.75,2262.55,2794.4,2280.75,2818.25,2288.7,2841,2292.1,2859.25,2287.55,2877.35,2271.65,2888.7,2245.5,2887.65,2213.7,2873.95,2196.65
5-293,Uninfected,No_comment,Polygon,27,1992.15,2375,1998.75,2390.4,2011.1,2399.65,2024.3,2408.05,2038,2411.1,2049,2411.55,2063.95,2408.9,2075.85,2401.4,2086.45,2393.5,2093.05,2380.25,2096.15,2370.15,2093.05,2349.45,2086.9,2320.35,2077.65,2298.75,2070.1,2280.25,2061.75,2275.85,2049.45,2273.65,2042.8,2276.75,2035.8,2285.1,2030.5,2293.5,2022.5,2303.2,2005.4,2310.65,1993.05,2317.25,1985.1,2327.4,1982.45,2338.4,1982.45,2349.85,1985.1,2363.1