258,5312,2988
3-1,Uninfected,No_comment,Polygon,19,1512.05,878.65,1501.3,869.15,1488.2,857.25,1472.75,854.85,1457.25,854.85,1439.4,859.6,1431,873.9,1414.4,890.6,1411.95,912,1415.6,931.05,1431,956.05,1456,975.1,1472.75,982.2,1490.6,981.05,1516.8,964.4,1529.9,947.7,1534.65,933.45,1532.2,903.65,1515.6,888.2
3-2,Uninfected,No_comment,Polygon,37,1652.5,917.95,1676.35,919.1,1695.4,917.95,1720.4,921.55,1738.25,935.8,1740.55,948.9,1741.8,962,1741.8,969.15,1738.25,979.85,1729.9,989.4,1726.35,994.15,1726.35,1003.7,1727.5,1014.4,1726.35,1026.25,1723.95,1034.65,1720.4,1040.6,1712.05,1045.3,1697.75,1039.4,1689.4,1035.85,1683.45,1039.4,1678.7,1046.55,1669.2,1051.3,1662.05,1052.5,1659.65,1051.3,1638.25,1044.15,1634.65,1034.65,1627.5,1025.1,1616.8,1021.55,1610.85,1019.15,1606.1,998.9,1614.35,987,1619.2,976.3,1622.75,964.4,1622.75,952.5,1623.95,934.65,1623.95,921.55,1635.85,920.35
3-3,Uninfected,No_comment,Polygon,26,1754.9,707.25,1735.85,707.25,1719.2,710.8,1697.75,721.5,1690.6,729.85,1679.9,745.3,1673.95,762,1671.55,778.65,1675.15,802.45,1690.6,821.5,1697.75,828.65,1703.7,863.2,1703.7,873.9,1723.95,892.95,1752.5,900.05,1782.3,895.35,1801.35,884.6,1814.45,872.7,1813.25,857.25,1802.55,841.75,1791.8,825.1,1791.8,797.7,1804.9,767.95,1810.85,742.95,1800.15,717.95,1777.55,712
3-4,Uninfected,No_comment,Polygon,15,1645.35,792.95,1625.15,789.4,1602.5,800.1,1588.2,822.7,1582.25,841.75,1579.9,863.2,1587.05,884.6,1602.5,897.7,1631.1,904.85,1653.7,903.65,1673.95,902.5,1691.8,888.2,1693,872.7,1676.35,820.35,1658.4,801.3
3-5,Uninfected,No_comment,Polygon,13,1520.35,741.75,1498.95,752.45,1485.85,763.2,1473.95,784.6,1475.05,815.55,1488.2,840.55,1516.8,860.8,1545.35,870.35,1565.6,861.95,1572.75,835.8,1581.1,808.4,1569.15,766.75,1550.1,747.7
3-6,Uninfected,No_comment,Polygon,11,1573.95,557.2,1541.8,564.35,1518,583.4,1514.4,644.1,1544.15,678.6,1576.25,683.4,1609.65,669.15,1634.65,637,1640.6,606.05,1625.15,573.9,1603.7,564.35
3-7,Uninfected,No_comment,Polygon,13,1714.4,515.55,1685.85,527.45,1670.35,554.85,1660.85,583.4,1669.2,617.95,1704.9,642.95,1732.3,644.1,1756.1,631.05,1771.55,610.8,1779.9,587,1782.3,559.6,1771.55,532.2,1747.75,519.1
3-8,Uninfected,No_comment,Polygon,12,1888.25,588.15,1859.7,589.35,1835.85,612,1825.15,641.75,1832.3,671.5,1854.9,689.35,1888.25,700.1,1914.45,694.15,1934.7,679.85,1947.8,654.85,1946.6,632.2,1925.15,613.15
3-9,Uninfected,No_comment,Polygon,11,2047.8,553.65,2014.45,559.6,1993,581,1987,622.7,2006.05,663.15,2040.65,687,2081.1,689.35,2112.1,670.3,2119.2,644.1,2106.15,607.2,2084.7,567.95
3-10,Uninfected,No_comment,Polygon,13,1518,1009.65,1493,1013.2,1481.05,1027.5,1466.8,1041.8,1462,1067.95,1466.8,1092.95,1495.35,1116.8,1516.8,1121.55,1556.1,1125.1,1584.65,1096.55,1587.05,1053.7,1571.55,1032.25,1547.75,1014.4
3-11,Uninfected,No_comment,Polygon,13,1853.7,1127.45,1832.3,1139.4,1813.25,1153.7,1809.65,1187.05,1809.65,1210.85,1839.45,1232.25,1875.15,1237.05,1896.6,1222.75,1913.25,1204.9,1916.8,1185.85,1910.85,1157.25,1895.4,1139.4,1889.45,1137.05
3-12,Uninfected,No_comment,Polygon,29,2002.55,883.45,1996.6,892.95,1985.9,906.05,1973.95,908.45,1970.4,915.6,1967.95,928.65,1959.7,939.4,1950.15,933.45,1937.05,921.55,1929.9,913.2,1923.9,907.25,1897.75,904.85,1883.5,894.15,1875.15,879.85,1859.7,872.7,1856.1,846.5,1866.75,822.7,1878.7,802.45,1887.05,794.15,1891.8,784.6,1903.75,788.2,1919.2,788.2,1928.75,794.15,1932.3,803.65,1954.9,809.6,1981.1,815.55,1998.95,828.65,2002.55,844.15,2003.75,873.9
3-13,Uninfected,No_comment,Polygon,14,2025.1,881,2007.3,884.6,1990.65,897.7,1976.35,917.95,1962,952.5,1973.95,982.2,1997.8,1006.05,2035.9,1010.8,2066.85,998.9,2084.7,971.55,2088.2,941.75,2072.8,913.2,2056.1,891.75,2046.6,884.6
3-14,Uninfected,No_comment,Polygon,15,1929.9,978.7,1906.1,984.65,1891.8,991.75,1881.1,1009.65,1876.35,1037,1875.15,1064.35,1889.45,1087,1910.85,1100.1,1939.45,1096.55,1958.5,1082.25,1967.95,1066.8,1975.15,1050.1,1977.55,1031.05,1963.25,997.75,1946.6,983.45
3-15,Uninfected,No_comment,Polygon,14,2103.75,797.7,2089.45,800.1,2078.75,820.35,2069.15,850.1,2065.65,877.5,2087.1,923.9,2115.65,959.65,2143.05,957.25,2159.7,941.75,2169.25,917.95,2168.05,897.7,2151.3,861.95,2140.65,832.25,2132.3,813.2
3-16,Uninfected,No_comment,Polygon,15,2208.45,769.15,2176.35,765.55,2157.3,775.1,2146.6,795.35,2154.95,827.45,2165.65,850.1,2179.95,884.6,2195.4,904.85,2225.2,913.2,2245.4,913.2,2264.45,889.4,2272.8,860.8,2270.45,831.05,2262.1,804.85,2238.3,784.6
3-17,Uninfected,No_comment,Polygon,12,2370.45,820.35,2347.8,829.85,2327.55,840.55,2310.9,870.35,2301.4,903.65,2313.3,933.45,2339.5,958.45,2379.95,951.3,2402.6,937,2410.85,898.9,2412.1,854.85,2401.4,829.85
3-18,Uninfected,No_comment,Polygon,14,2221.6,659.55,2194.25,665.55,2172.8,676.25,2168.05,685.8,2169.25,703.65,2175.2,717.95,2183.5,745.3,2220.4,763.2,2251.4,777.45,2270.45,764.35,2278.75,738.2,2278.75,709.6,2266.85,685.8,2250.2,672.7
3-19,Uninfected,No_comment,Polygon,15,2168.05,546.5,2152.55,546.5,2133.5,551.25,2121.6,566.75,2113.25,594.1,2120.4,625.1,2138.25,651.25,2162.1,664.35,2195.4,658.4,2214.45,644.1,2220.4,634.55,2225.2,610.8,2224,591.75,2210.9,569.1,2201.35,560.8
3-20,Uninfected,No_comment,Polygon,16,2287.1,521.5,2266.85,526.25,2252.5,540.55,2239.45,560.8,2238.3,591.75,2241.85,619.1,2254.95,639.35,2281.15,651.25,2309.65,653.6,2335.9,641.75,2346.6,629.85,2351.4,604.85,2351.4,582.2,2345.45,557.2,2334.65,539.35,2314.5,526.25
3-21,Uninfected,No_comment,Polygon,14,2395.45,671.5,2374,664.35,2354.95,671.5,2332.35,694.15,2316.85,717.95,2318.05,746.5,2331.15,776.3,2357.35,800.1,2406.15,803.65,2432.35,790.55,2444.25,769.15,2445.45,745.3,2441.85,713.2,2420.45,689.35
3-22,Uninfected,No_comment,Polygon,15,2175.2,1102.5,2154.95,1115.6,2141.85,1127.45,2126.3,1144.15,2119.2,1163.2,2124,1185.85,2135.9,1198.95,2164.45,1210.85,2191.85,1204.9,2216.85,1204.9,2243.05,1181.1,2246.6,1157.25,2237.1,1132.25,2219.25,1118,2201.35,1108.4
3-23,Uninfected,No_comment,Polygon,17,2104.95,1181.1,2095.4,1169.15,2078.75,1164.4,2066.85,1165.55,2059.7,1185.85,2052.55,1209.6,2057.3,1235.85,2054.95,1266.75,2056.1,1296.55,2058.5,1318,2082.3,1338.25,2102.55,1327.5,2126.3,1309.65,2138.25,1289.4,2140.65,1260.85,2134.7,1228.65,2128.75,1214.4
3-24,Uninfected,No_comment,Polygon,15,2037.05,1225.15,2029.95,1212.05,2019.2,1201.3,2002.55,1194.15,1979.9,1191.8,1963.25,1206.1,1947.8,1228.65,1951.35,1257.25,1952.55,1279.9,1973.95,1306.1,1997.8,1325.15,2022.8,1329.85,2044.15,1321.55,2047.8,1306.1,2044.15,1281.1
3-25,Uninfected,No_comment,Polygon,31,2246.6,1208.45,2218.05,1221.55,2204.95,1223.95,2197.8,1216.8,2187.1,1213.2,2165.65,1210.8,2152.55,1214.4,2145.35,1222.75,2143.05,1231.1,2153.75,1248.95,2149,1264.4,2145.35,1272.7,2145.35,1291.75,2146.6,1296.55,2149,1312.05,2153.75,1316.8,2168.05,1310.8,2174,1318,2194.25,1326.35,2226.4,1339.4,2227.5,1341.8,2244.25,1347.75,2266.85,1339.4,2279.95,1334.65,2290.6,1319.2,2288.3,1297.75,2279.95,1277.5,2268.05,1266.75,2254.95,1259.65,2256.15,1238.25,2258.5,1216.8
3-26,Uninfected,No_comment,Polygon,16,1672.75,1203.7,1650.15,1190.55,1631.1,1193,1614.35,1197.75,1601.25,1206.1,1587.05,1225.15,1583.45,1241.8,1583.45,1265.6,1590.6,1289.4,1618,1304.9,1652.5,1301.35,1673.95,1293,1688.25,1276.3,1696.5,1256.1,1697.75,1237.05,1690.6,1216.8
3-27,Uninfected,No_comment,Polygon,14,1509.65,1182.25,1472.75,1207.25,1454.9,1223.95,1450.05,1253.7,1452.5,1278.7,1471.55,1302.5,1491.8,1312.05,1521.55,1308.45,1545.35,1306.1,1564.4,1285.85,1571.55,1272.7,1564.4,1232.25,1548.95,1210.85,1531.05,1195.35
3-28,Uninfected,No_comment,Polygon,13,1395.35,1183.45,1371.55,1172.75,1350.1,1176.3,1335.75,1185.85,1320.35,1208.45,1332.25,1240.6,1345.35,1265.6,1383.45,1291.75,1408.45,1296.55,1434.65,1289.4,1441.8,1259.65,1436.95,1228.65,1417.95,1202.5
3-29,Uninfected,No_comment,Polygon,16,1319.15,1238.25,1302.5,1257.25,1284.6,1278.7,1275.1,1312.05,1276.3,1338.25,1288.2,1364.45,1312,1381.1,1334.65,1387.05,1365.6,1382.3,1379.85,1365.6,1388.2,1343,1389.4,1319.2,1383.45,1307.3,1365.6,1290.6,1347.7,1275.15,1329.8,1257.25
3-30,Uninfected,No_comment,Polygon,15,1270.3,1462,1253.65,1463.25,1240.55,1472.75,1223.9,1482.3,1207.2,1496.6,1198.9,1514.45,1203.7,1554.9,1241.8,1577.55,1276.25,1571.6,1303.65,1556.1,1321.5,1537.05,1327.45,1500.1,1310.8,1475.1,1297.7,1464.45,1288.15,1463.25
3-31,Uninfected,No_comment,Polygon,15,1302.45,1578.75,1279.9,1584.7,1265.55,1587.05,1245.3,1601.3,1226.25,1631.1,1220.3,1662.05,1233.4,1688.25,1260.85,1709.7,1293,1712.05,1321.5,1699,1338.2,1682.3,1341.75,1668,1341.75,1635.9,1329.85,1606.1,1316.75,1585.85
3-32,Uninfected,No_comment,Polygon,15,1439.4,1583.5,1413.25,1569.2,1387.05,1568,1364.35,1582.25,1350.15,1602.55,1352.45,1629.9,1357.25,1658.45,1371.5,1675.15,1389.35,1685.9,1406.1,1685.9,1429.85,1681.1,1447.7,1658.45,1454.85,1635.9,1456.05,1613.25,1452.45,1593
3-33,Uninfected,No_comment,Polygon,15,1506.05,1587.05,1489.4,1593,1473.9,1608.5,1466.75,1629.9,1458.4,1652.55,1453.65,1670.4,1456.05,1691.85,1489.4,1716.85,1514.45,1724,1540.6,1719.2,1562,1702.5,1575.1,1678.75,1576.3,1653.75,1551.35,1631.1,1526.35,1594.2
3-34,Uninfected,No_comment,Polygon,16,1610.8,1513.2,1579.85,1519.15,1554.85,1534.7,1538.2,1559.7,1545.4,1589.45,1556.05,1616.85,1589.45,1641.85,1609.65,1641.85,1637,1629.9,1652.55,1613.25,1664.4,1595.35,1667.95,1577.55,1660.8,1557.25,1651.3,1538.2,1639.4,1523.95,1633.5,1521.6
3-35,Uninfected,No_comment,Polygon,14,1697.8,1347.75,1677.5,1345.35,1652.55,1346.55,1632.25,1362.05,1621.6,1382.3,1621.6,1404.9,1626.3,1426.35,1648.9,1448.95,1679.85,1460.85,1722.8,1456.05,1742.95,1426.35,1747.8,1416.8,1737,1385.85,1728.75,1362.05
3-36,Uninfected,No_comment,Polygon,16,1813.2,1318,1785.9,1327.5,1768,1334.65,1759.65,1353.7,1753.75,1378.7,1753.75,1401.35,1759.65,1425.15,1772.8,1442.95,1802.5,1439.45,1829.95,1432.3,1850.15,1426.35,1868.05,1404.9,1870.35,1378.7,1869.2,1351.35,1853.7,1333.45,1838.2,1326.3
3-37,Uninfected,No_comment,Polygon,16,1835.9,1446.55,1809.65,1451.35,1791.85,1460.85,1776.3,1476.35,1776.3,1504.9,1791.85,1527.55,1816.85,1537.05,1838.2,1538.2,1850.15,1538.2,1868.05,1539.45,1884.65,1532.25,1897.75,1514.45,1899,1476.35,1890.6,1456.05,1881.15,1446.55,1862.1,1438.25
3-38,Uninfected,No_comment,Polygon,18,1984.65,1434.65,1966.8,1431.05,1938.25,1439.45,1923.95,1450.1,1918.05,1473.95,1908.45,1497.75,1903.7,1520.4,1894.2,1538.2,1914.4,1565.65,1948.95,1585.85,1972.75,1576.3,1995.4,1568,2006.1,1544.15,2002.5,1528.7,1987.05,1509.65,1988.3,1489.45,1988.3,1462,1988.3,1451.35
3-39,Uninfected,No_comment,Polygon,16,2026.4,1437,2013.3,1446.55,2002.5,1462,1994.25,1479.9,1990.6,1506.05,2007.35,1528.7,2025.15,1543,2052.55,1544.15,2076.4,1534.7,2091.8,1518,2096.6,1500.1,2096.6,1479.9,2084.65,1460.85,2077.55,1454.9,2064.5,1445.4,2050.15,1441.8
3-40,Uninfected,No_comment,Polygon,15,2288.25,1488.25,2271.6,1479.9,2256.1,1483.5,2229.9,1501.35,2210.85,1523.95,2204.9,1538.2,2204.9,1562.05,2225.15,1589.45,2247.85,1602.55,2273.95,1612.05,2303.8,1610.85,2324,1594.2,2340.65,1565.65,2343.05,1534.7,2330,1507.3
3-41,Uninfected,No_comment,Polygon,15,2231.1,1604.9,2198.95,1598.95,2193,1598.95,2185.85,1598.95,2182.3,1616.85,2175.15,1638.25,2172.75,1657.3,2169.2,1687.05,2185.85,1706.1,2207.3,1718.05,2233.5,1714.45,2262.05,1697.8,2275.15,1676.35,2281.1,1644.2,2258.5,1616.85
3-42,Uninfected,No_comment,Polygon,18,2204.9,1774,2206.1,1749,2204.9,1729.95,2188.25,1720.4,2170.4,1719.2,2153.75,1721.55,2133.55,1735.9,2126.35,1744.2,2122.75,1763.25,2122.75,1785.9,2118,1804.95,2109.65,1827.55,2132.3,1860.85,2165.7,1875.2,2187.05,1868.05,2213.25,1837.1,2222.8,1814.45,2212.05,1790.6
3-43,Uninfected,No_comment,Polygon,14,2075.15,1733.5,2068,1704.95,2047.75,1688.25,2032.35,1677.5,2019.25,1677.5,2006.1,1681.1,1993,1701.35,1984.65,1715.6,1983.45,1741.85,1993,1765.6,2013.3,1785.9,2047.75,1794.2,2065.6,1775.15,2072.75,1750.15
3-44,Uninfected,No_comment,Polygon,17,1952.5,1677.5,1939.4,1658.45,1927.5,1651.35,1909.65,1653.75,1895.35,1656.1,1874,1663.25,1853.7,1677.5,1841.8,1695.4,1840.6,1714.45,1839.4,1732.3,1862.1,1766.85,1899,1779.95,1918.05,1778.7,1939.4,1759.65,1956.15,1740.6,1957.3,1722.8,1957.3,1700.15
3-45,Uninfected,No_comment,Polygon,16,1812.05,1609.7,1799,1598.95,1777.5,1593,1750.1,1588.25,1729.9,1606.1,1722.8,1626.3,1714.4,1659.7,1721.55,1677.5,1744.15,1701.35,1771.55,1710.9,1796.55,1713.25,1816.85,1699,1829.95,1684.7,1835.9,1660.9,1837.05,1646.6,1832.25,1628.75
3-46,Uninfected,No_comment,Polygon,18,1753.75,1714.45,1726.3,1703.75,1703.75,1702.5,1685.85,1703.75,1676.3,1718.05,1670.35,1732.3,1666.8,1751.35,1672.75,1776.35,1688.2,1797.75,1707.25,1818.05,1740.6,1821.6,1758.45,1813.25,1771.55,1802.55,1778.7,1788.25,1785.9,1771.55,1785.9,1758.5,1777.5,1740.6,1766.85,1727.5
3-47,Uninfected,No_comment,Polygon,15,1988.3,1783.5,1959.65,1772.8,1943,1781.15,1928.7,1785.9,1914.4,1800.2,1902.5,1828.7,1899,1854.95,1909.65,1884.7,1933.45,1901.4,1959.65,1906.15,1985.85,1901.4,2007.35,1883.5,2021.55,1860.85,2029.9,1831.15,2018,1802.55
3-48,Uninfected,No_comment,Polygon,13,1663.2,1793.05,1637,1794.2,1620.35,1801.35,1603.7,1824,1598.9,1850.2,1606.05,1877.55,1634.7,1902.55,1672.75,1916.85,1704.9,1899,1720.35,1878.75,1725.1,1851.35,1710.85,1826.35,1685.85,1808.5
3-49,Uninfected,No_comment,Polygon,12,1596.6,1789.45,1581.05,1763.25,1565.6,1740.6,1540.6,1732.3,1506.05,1746.55,1487,1769.2,1485.8,1806.15,1502.5,1835.9,1522.7,1854.95,1556.05,1859.7,1582.25,1837.1,1594.15,1820.4
3-50,Uninfected,No_comment,Polygon,14,1439.4,1777.55,1419.2,1776.35,1396.5,1790.6,1377.45,1806.15,1372.7,1826.35,1372.7,1851.35,1391.75,1876.35,1408.4,1889.45,1439.4,1895.4,1466.75,1883.5,1473.9,1852.55,1483.45,1831.15,1470.35,1799,1458.4,1789.45
3-51,Uninfected,No_comment,Polygon,14,1289.35,1790.6,1260.85,1806.15,1244.1,1828.7,1241.8,1857.3,1256.05,1890.65,1290.55,1916.85,1327.45,1916.85,1360.8,1894.25,1375.15,1878.75,1369.2,1853.75,1360.8,1829.95,1341.75,1804.95,1327.45,1796.6,1312.05,1790.6
3-52,Uninfected,No_comment,Polygon,14,1678.7,1932.35,1660.85,1921.6,1615.6,1927.55,1590.6,1938.3,1572.75,1958.5,1568,1983.5,1581.1,2006.1,1601.35,2028.75,1622.75,2034.7,1648.95,2032.35,1668,2016.85,1684.65,2002.55,1691.8,1977.55,1690.6,1952.55
3-53,Uninfected,No_comment,Polygon,12,1732.3,1916.8,1708.5,1934.7,1703.7,1953.75,1697.75,1982.35,1709.65,2018,1739.45,2032.35,1789.45,2033.55,1816.8,2007.35,1831.1,1970.45,1816.8,1933.5,1793,1914.45,1769.2,1910.85
3-54,Uninfected,No_comment,Polygon,15,1771.6,2044.2,1750.15,2041.85,1726.35,2053.75,1720.4,2071.65,1720.4,2099,1737.05,2127.6,1754.9,2143.05,1782.3,2152.6,1804.9,2147.8,1826.35,2133.55,1840.65,2110.9,1843,2071.65,1827.55,2044.2,1808.5,2037.05,1795.4,2038.3
3-55,Uninfected,No_comment,Polygon,15,1631.1,2077.6,1619.2,2074,1594.2,2079.95,1571.55,2095.45,1560.85,2113.25,1558.45,2137.1,1562.05,2159.75,1577.5,2175.2,1595.35,2188.3,1623.95,2195.4,1651.35,2189.45,1672.75,2168.05,1678.7,2139.5,1671.55,2112.1,1662.05,2097.8
3-56,Uninfected,No_comment,Polygon,18,1573.95,2191.9,1553.7,2174,1538.2,2158.55,1529.9,2156.15,1508.45,2159.75,1481.1,2174,1464.4,2196.65,1450.1,2218.05,1458.45,2238.3,1469.15,2256.15,1495.35,2270.45,1527.5,2280,1547.75,2280,1570.35,2272.85,1583.45,2260.95,1593,2231.15,1594.2,2212.1,1588.25,2202.6
3-57,Uninfected,No_comment,Polygon,14,1663.25,2201.35,1633.45,2208.5,1616.8,2214.45,1607.3,2238.3,1606.1,2268.05,1608.45,2294.25,1625.15,2309.7,1647.75,2326.4,1676.35,2332.35,1690.6,2327.55,1707.3,2318.1,1716.8,2288.3,1713.25,2245.4,1695.4,2218.05
3-58,Uninfected,No_comment,Polygon,16,1609.65,2355,1598.95,2337.15,1579.9,2334.7,1553.7,2335.95,1532.25,2350.2,1509.65,2374.05,1501.3,2391.85,1496.55,2418.1,1500.15,2441.85,1515.6,2462.15,1541.8,2475.25,1562.05,2475.25,1576.3,2462.15,1598.95,2439.5,1612.05,2419.3,1619.2,2385.95
3-59,Uninfected,No_comment,Polygon,15,1779.9,2212.1,1759.65,2225.2,1745.4,2252.55,1740.6,2281.15,1738.25,2312.1,1763.25,2337.15,1782.3,2340.65,1812.05,2332.35,1838.25,2312.1,1850.15,2285.95,1847.8,2246.65,1827.55,2212.1,1819.2,2206.15,1810.85,2202.6,1796.6,2209.75
3-60,Uninfected,No_comment,Polygon,17,2002.55,2179.95,1979.95,2178.8,1960.9,2177.6,1939.45,2202.6,1931.1,2224,1932.3,2251.4,1938.25,2274.05,1960.9,2294.25,1983.5,2295.45,2000.15,2295.45,2010.9,2287.1,2019.2,2268.05,2028.75,2251.4,2034.7,2231.15,2034.7,2212.1,2025.15,2193.05,2021.6,2189.45
3-61,Uninfected,No_comment,Polygon,18,2020.4,2044.2,1976.35,2037.05,1968.05,2046.6,1953.75,2059.7,1946.6,2071.65,1944.2,2099,1949,2125.2,1959.7,2141.85,1972.8,2151.35,1983.5,2159.75,2003.75,2163.25,2028.75,2156.15,2045.4,2141.85,2059.7,2124,2063.25,2106.15,2063.25,2083.55,2046.6,2058.55,2040.65,2054.95
3-62,Uninfected,No_comment,Polygon,20,2085.9,2221.65,2066.85,2229.95,2051.35,2239.45,2040.65,2253.8,2029.95,2276.4,2022.8,2293.1,2021.6,2318.1,2029.95,2331.15,2050.2,2340.65,2063.25,2344.25,2089.45,2345.45,2107.3,2332.35,2125.2,2315.65,2131.15,2302.55,2135.9,2287.1,2137.1,2271.6,2126.35,2250.2,2118.05,2237.1,2112.1,2231.15,2110.9,2229.95
3-63,Uninfected,No_comment,Polygon,23,2015.65,2368.1,2001.35,2371.65,1990.65,2376.4,1978.75,2382.35,1974,2399.05,1966.85,2416.85,1958.5,2427.6,1952.55,2437.15,1968.05,2464.5,1979.95,2476.4,2000.15,2476.4,2015.65,2465.7,2025.15,2458.55,2037.1,2452.6,2056.15,2446.65,2071.6,2440.7,2084.7,2422.8,2090.65,2402.6,2090.65,2388.3,2084.7,2381.2,2074,2375.25,2052.55,2363.3,2039.45,2363.3
3-64,Uninfected,No_comment,Polygon,17,1959.7,2334.7,1944.2,2319.25,1934.7,2314.5,1919.2,2314.5,1900.15,2314.5,1881.1,2321.6,1864.45,2335.95,1850.15,2355,1846.6,2374.05,1846.6,2395.45,1868,2419.3,1897.8,2439.5,1918,2435.9,1943,2430,1953.75,2408.55,1959.7,2388.3,1966.85,2363.3
3-65,Uninfected,No_comment,Polygon,16,2218.05,2000.2,2212.1,1970.45,2199,1954.9,2184.7,1946.6,2176.4,1945.4,2162.1,1945.4,2138.3,1958.5,2121.6,1971.6,2107.3,1998.95,2121.6,2029.95,2138.3,2045.45,2153.75,2052.6,2174,2052.6,2188.3,2049,2200.2,2039.5,2208.5,2026.4
3-66,Uninfected,No_comment,Polygon,14,2071.6,1972.8,2071.6,1954.9,2052.55,1913.3,2026.35,1912.1,1997.8,1920.4,1975.15,1944.25,1960.9,1970.45,1954.95,1994.25,1966.85,2020.45,1985.9,2025.15,2009.7,2034.7,2033.5,2031.1,2049,2020.45,2059.7,2002.55
3-67,Uninfected,No_comment,Polygon,13,2263.3,1849,2220.45,1850.2,2204.95,1860.85,2189.45,1878.75,2188.3,1897.75,2191.85,1925.2,2210.9,1938.3,2231.15,1946.6,2254.95,1943,2275.2,1914.45,2284.7,1893.05,2284.7,1876.35,2278.75,1865.65
3-68,Uninfected,No_comment,Polygon,15,2308.55,1883.5,2295.45,1896.6,2285.9,1915.65,2274,1932.35,2269.25,1948.95,2270.45,1969.25,2285.9,1984.7,2318.05,1997.8,2346.65,2000.2,2376.4,1976.4,2384.75,1958.5,2382.35,1927.55,2369.25,1901.35,2349,1884.7,2332.35,1883.5
3-69,Uninfected,No_comment,Polygon,14,2265.65,2097.8,2202.55,2110.9,2193.05,2124,2187.1,2137.1,2177.55,2158.55,2189.45,2181.15,2213.3,2194.25,2243.05,2194.25,2276.4,2188.3,2304.95,2174,2313.3,2145.4,2304.95,2118.05,2294.25,2107.3,2293.05,2106.15
3-70,Uninfected,No_comment,Polygon,12,2454.95,1878.75,2432.35,1877.55,2408.55,1885.85,2395.45,1903.75,2389.5,1933.5,2394.25,1964.45,2422.85,1983.5,2453.8,1978.75,2474,1966.85,2489.5,1943,2489.5,1914.45,2476.4,1893.05
3-71,Uninfected,No_comment,Polygon,16,1774,2503.8,1766.85,2476.45,1749,2453.8,1726.3,2427.6,1719.15,2426.45,1713.2,2430,1708.45,2443.1,1697.8,2465.7,1696.55,2493.05,1696.55,2515.7,1698.95,2544.3,1704.9,2565.75,1720.35,2584.8,1741.85,2589.55,1757.25,2572.85,1769.15,2545.5
3-72,Uninfected,No_comment,Polygon,15,1732.25,2615.75,1707.25,2615.75,1690.65,2621.7,1670.35,2632.4,1658.45,2650.25,1648.9,2682.4,1654.9,2700.25,1673.95,2722.9,1709.7,2734.8,1738.2,2737.15,1759.65,2715.75,1771.55,2687.15,1771.55,2656.2,1765.6,2631.2,1751.3,2616.9
3-73,Uninfected,No_comment,Polygon,21,2037.05,2600.25,2023.95,2595.5,2008.5,2588.35,1998.95,2583.6,1984.65,2584.8,1969.25,2590.75,1957.35,2599.05,1946.55,2613.35,1939.45,2639.55,1939.45,2651.45,1941.8,2671.7,1953.7,2687.15,1968,2695.5,1989.45,2702.65,2007.35,2697.9,2033.55,2689.55,2040.65,2684.8,2051.4,2669.3,2060.85,2650.25,2064.5,2632.4,2058.55,2615.75
3-74,Uninfected,No_comment,Polygon,15,2034.65,2466.9,2008.5,2482.4,1993,2506.2,1988.3,2538.35,1998.95,2560.95,2022.75,2582.4,2052.55,2587.15,2068,2580,2085.85,2564.55,2097.75,2540.75,2100.15,2514.55,2087.05,2489.55,2075.15,2476.45,2063.25,2470.5,2046.6,2468.1
3-75,Uninfected,No_comment,Polygon,17,2153.75,2505,2127.6,2510.95,2110.85,2522.85,2101.4,2562.15,2094.2,2581.2,2096.65,2608.6,2121.65,2632.4,2143,2639.55,2166.85,2639.55,2179.9,2625.25,2191.85,2609.8,2197.85,2591.9,2200.15,2574.05,2200.15,2558.6,2191.85,2535.95,2185.9,2526.45,2177.6,2513.35
3-76,Uninfected,No_comment,Polygon,16,2057.35,2736,2044.2,2721.7,2028.7,2709.8,2006.1,2709.8,1982.35,2715.75,1959.65,2732.4,1944.25,2755.05,1944.25,2784.8,1950.2,2809.8,1962.05,2831.25,1990.6,2843.15,2012.05,2832.4,2035.85,2819.3,2056.1,2803.85,2065.65,2783.6,2069.2,2757.4
3-77,Uninfected,No_comment,Polygon,20,2112.05,2830.05,2098.95,2819.3,2084.7,2811,2070.45,2808.6,2050.15,2814.55,2028.7,2832.4,2012.05,2846.7,1997.75,2862.2,1996.55,2883.6,2002.55,2900.3,2012.05,2921.7,2027.55,2931.25,2054.9,2940.75,2069.2,2940.75,2096.65,2927.65,2110.85,2913.4,2123.95,2897.9,2129.9,2881.25,2128.75,2863.35,2126.35,2851.45
3-78,Uninfected,No_comment,Polygon,16,2295.4,2506.2,2282.3,2502.65,2259.75,2509.75,2240.7,2515.7,2233.5,2524.05,2228.8,2558.6,2221.65,2580,2227.55,2601.45,2281.1,2632.4,2318.05,2634.8,2358.5,2633.6,2380,2610.95,2385.95,2583.6,2369.25,2540.75,2333.5,2524.05,2301.35,2509.75
3-79,Uninfected,No_comment,Polygon,16,2391.85,2383.55,2375.2,2382.4,2359.7,2394.3,2346.6,2412.15,2341.9,2435.95,2351.35,2453.8,2366.9,2466.9,2381.2,2475.25,2402.55,2476.45,2415.65,2466.9,2428.75,2456.2,2437.15,2443.1,2435.9,2424.05,2426.35,2408.55,2421.6,2396.65,2415.65,2393.1
3-80,Uninfected,No_comment,Polygon,17,2447.8,2489.55,2435.9,2481.2,2420.4,2477.6,2403.75,2477.6,2381.2,2477.6,2362.15,2487.15,2358.5,2507.4,2366.9,2525.25,2388.3,2537.15,2390.65,2556.2,2390.65,2580,2413.3,2602.65,2453.75,2606.2,2474,2587.15,2479.95,2562.15,2478.75,2538.35,2469.3,2514.55
3-81,Uninfected,No_comment,Polygon,21,2469.3,2399.05,2453.75,2401.45,2446.6,2410.9,2445.4,2438.35,2441.85,2456.2,2433.5,2466.9,2446.6,2495.5,2464.4,2513.35,2478.7,2538.35,2500.25,2555,2527.55,2559.75,2546.6,2550.25,2562.1,2537.15,2571.6,2522.85,2575.2,2506.2,2572.8,2481.2,2558.55,2471.65,2539.5,2453.8,2518.05,2427.6,2508.5,2407.4,2490.65,2396.65
3-82,Uninfected,No_comment,Polygon,13,2520.45,2275.25,2503.75,2269.25,2470.45,2276.4,2445.4,2294.25,2434.7,2331.2,2444.3,2353.8,2466.85,2375.25,2496.6,2385.95,2519.3,2377.6,2539.5,2359.75,2556.15,2344.3,2557.4,2315.7,2545.5,2294.25
3-83,Uninfected,No_comment,Polygon,13,2569.3,2347.85,2541.85,2366.9,2529.95,2394.3,2526.45,2421.65,2543.05,2440.7,2566.85,2462.15,2600.2,2472.85,2627.65,2460.95,2644.25,2439.55,2647.8,2406.2,2632.4,2372.85,2614.55,2359.75,2591.85,2346.65
3-84,Uninfected,No_comment,Polygon,17,2751.4,2322.85,2752.65,2302.55,2743.05,2282.35,2727.65,2264.45,2703.8,2266.9,2679.95,2271.6,2664.55,2294.25,2652.65,2314.5,2649,2343.1,2657.35,2369.25,2670.5,2390.65,2690.7,2402.6,2708.6,2403.75,2729.95,2400.2,2741.85,2389.5,2746.7,2369.25,2747.85,2345.45
3-85,Uninfected,No_comment,Polygon,17,2841.95,2294.25,2813.3,2288.3,2776.4,2297.85,2765.75,2310.95,2760.9,2344.25,2762.1,2368.1,2768.05,2390.65,2789.5,2410.9,2818.05,2413.3,2840.7,2399.05,2856.15,2397.8,2874.05,2387.15,2884.75,2366.9,2888.3,2344.25,2884.75,2327.55,2872.9,2313.3,2857.35,2305
3-86,Uninfected,No_comment,Polygon,15,2864.5,2401.4,2835.95,2413.3,2819.25,2421.65,2812.1,2451.4,2816.95,2474,2830,2494.3,2847.9,2501.4,2870.45,2496.65,2888.3,2495.45,2902.6,2495.45,2921.65,2485.9,2925.2,2460.9,2920.45,2431.2,2905.05,2414.5,2890.7,2405
3-87,Uninfected,No_comment,Polygon,13,2922.85,2504.95,2882.35,2509.75,2850.2,2528.8,2839.5,2547.85,2840.7,2569.3,2859.75,2588.35,2906.2,2610.95,2934.75,2608.6,2955.05,2595.5,2969.3,2572.85,2965.7,2540.7,2952.6,2519.3,2940.7,2507.4
3-88,Uninfected,No_comment,Polygon,18,2914.5,2621.65,2884.75,2612.1,2859.75,2609.75,2839.5,2608.6,2825.2,2631.15,2813.3,2645.5,2807.35,2668.1,2803.85,2684.75,2835.95,2700.2,2868.1,2700.2,2890.7,2699.05,2907.35,2685.95,2933.55,2676.4,2961,2670.5,2970.45,2651.45,2964.5,2631.15,2952.6,2618.05,2943.15,2621.65
3-89,Uninfected,No_comment,Polygon,17,2935.85,2676.45,2913.3,2683.6,2891.85,2690.75,2884.75,2703.8,2880.05,2722.85,2886,2749.05,2891.95,2772.9,2906.2,2790.75,2936,2802.6,2958.55,2802.6,2983.55,2789.5,2999.1,2762.15,2999.1,2739.5,2994.3,2719.25,2982.35,2700.2,2971.65,2689.55,2958.55,2680
3-90,Uninfected,No_comment,Polygon,23,2808.55,2696.7,2794.25,2706.2,2781.15,2718.1,2774,2731.2,2770.45,2750.25,2768.05,2774.05,2777.65,2793.1,2794.25,2812.15,2818.05,2821.65,2841.95,2826.45,2866.95,2824.05,2880.05,2812.15,2888.3,2801.4,2886,2789.5,2876.4,2769.3,2871.65,2750.25,2868.1,2734.8,2865.7,2720.45,2861,2713.3,2851.4,2705,2847.9,2703.8,2839.5,2700.25,2830,2699.05
3-91,Uninfected,No_comment,Polygon,13,3151.5,2568.05,3137.15,2557.4,3119.35,2549,3093.1,2546.65,3063.4,2565.7,3050.3,2587.1,3047.85,2624.05,3070.5,2651.45,3094.35,2668.1,3133.6,2664.55,3152.65,2649.05,3165.7,2627.65,3166.9,2606.15
3-92,Uninfected,No_comment,Polygon,17,3290.8,2643.1,3274.05,2632.4,3256.2,2624.05,3234.8,2620.5,3215.75,2620.5,3196.7,2634.75,3185.95,2656.15,3181.2,2678.8,3191.9,2699.05,3206.2,2722.85,3232.4,2735.95,3266.9,2733.6,3283.65,2716.9,3299.05,2707.35,3309.85,2695.5,3310.95,2678.8,3308.65,2663.3
3-93,Uninfected,No_comment,Polygon,14,3345.5,2713.3,3332.4,2708.6,3309.85,2716.9,3288.35,2730,3277.7,2749.05,3271.75,2768.1,3288.35,2803.85,3315.8,2814.5,3339.55,2816.95,3355.05,2811,3374.05,2795.45,3381.2,2771.7,3380.05,2745.45,3366.95,2726.4
3-94,Uninfected,No_comment,Polygon,16,3210.95,2752.65,3202.65,2734.8,3184.75,2722.85,3160.95,2709.8,3134.75,2713.3,3118.1,2726.4,3103.8,2740.75,3094.35,2780,3103.8,2800.25,3119.35,2821.65,3137.15,2837.15,3166.9,2845.5,3190.7,2838.35,3200.25,2819.3,3209.75,2800.25,3216.9,2784.8
3-95,Uninfected,No_comment,Polygon,20,3251.45,2789.5,3228.8,2789.5,3219.3,2800.25,3213.35,2816.95,3201.5,2834.8,3191.9,2855.05,3191.9,2880.05,3207.4,2897.9,3227.7,2915.7,3249.05,2916.95,3269.3,2915.7,3285.95,2895.5,3299.05,2876.45,3312.15,2859.75,3314.55,2843.1,3308.65,2831.2,3296.75,2820.45,3291.9,2815.75,3280,2803.85,3271.75,2794.3
3-96,Uninfected,No_comment,Polygon,15,3368.1,2845.5,3347.95,2844.3,3328.9,2847.9,3318.1,2864.5,3306.2,2886,3302.7,2913.35,3306.2,2936,3330,2955.05,3371.7,2965.7,3395.5,2951.45,3407.4,2937.2,3414.55,2913.35,3409.85,2889.55,3401.45,2874.1,3384.85,2852.6
3-97,Uninfected,No_comment,Polygon,14,3375.25,2518.05,3351.45,2516.85,3327.7,2529.95,3315.8,2551.45,3310.95,2576.45,3315.8,2602.6,3334.85,2627.65,3358.6,2650.2,3394.3,2640.7,3418.15,2627.65,3427.65,2600.2,3426.45,2571.65,3409.85,2543.05,3394.3,2526.45
3-98,Uninfected,No_comment,Polygon,16,3060.95,2407.35,3038.35,2412.15,3031.25,2414.5,3018.15,2427.6,3012.2,2451.4,3015.7,2475.25,3035.95,2503.8,3062.2,2524,3110.95,2519.3,3132.45,2502.6,3145.55,2475.25,3146.65,2447.8,3141.9,2428.75,3133.6,2421.65,3113.4,2413.3,3102.6,2413.3
3-99,Uninfected,No_comment,Polygon,16,3116.9,2293.05,3093.1,2284.75,3055,2306.15,3033.55,2325.2,3027.6,2346.6,3024.05,2371.6,3046.65,2389.5,3077.6,2400.2,3109.75,2406.2,3127.6,2406.2,3141.9,2394.25,3141.9,2377.6,3134.75,2358.55,3130,2340.65,3127.6,2325.2,3125.25,2308.5
3-100,Uninfected,No_comment,Polygon,16,3165.7,2275.2,3152.65,2281.15,3139.55,2296.6,3133.6,2319.25,3137.15,2341.9,3147.85,2362.15,3160.95,2381.15,3176.5,2391.85,3196.7,2393.1,3219.3,2393.1,3235.95,2378.75,3249.05,2356.15,3249.05,2326.4,3243.1,2302.55,3225.25,2285.95,3208.65,2275.2
3-101,Uninfected,No_comment,Polygon,16,3350.25,2274,3336,2268.05,3308.65,2266.9,3277.7,2277.55,3258.65,2302.55,3260.95,2325.2,3263.35,2346.6,3263.35,2371.6,3281.2,2390.65,3305,2396.65,3330,2391.85,3352.65,2378.75,3374.05,2363.3,3387.15,2337.1,3387.15,2312.1,3377.65,2290.65
3-102,Uninfected,No_comment,Polygon,16,3409.85,2400.2,3395.5,2390.65,3375.25,2387.15,3349.05,2394.25,3324.05,2413.3,3314.55,2426.4,3313.35,2450.25,3320.5,2475.25,3338.35,2491.85,3359.85,2502.6,3376.45,2506.2,3407.4,2510.9,3430.1,2491.85,3440.75,2469.3,3436.05,2446.65,3425.25,2424.05
3-103,Uninfected,No_comment,Polygon,21,3506.25,2339.5,3493.2,2335.95,3467,2340.65,3452.65,2349.05,3438.35,2362.15,3428.9,2382.35,3432.4,2410.9,3446.7,2431.2,3465.75,2447.8,3478.85,2453.75,3494.3,2456.2,3511.05,2449.05,3524.15,2437.15,3532.4,2427.6,3536,2414.5,3532.4,2400.2,3531.3,2390.65,3530.1,2376.4,3530.1,2364.5,3528.85,2358.55,3524.15,2353.75
3-104,Uninfected,No_comment,Polygon,14,3662.2,2365.65,3656.25,2345.45,3640.75,2330,3615.75,2321.6,3590.75,2319.25,3564.55,2327.55,3549.15,2340.65,3545.5,2363.3,3544.35,2393.1,3556.3,2418.1,3577.65,2435.9,3616.95,2434.7,3638.45,2416.85,3662.2,2400.2
3-105,Uninfected,No_comment,Polygon,13,3562.25,2514.5,3537.25,2501.4,3521.7,2500.25,3490.75,2512.15,3465.75,2544.3,3465.75,2574,3471.7,2600.2,3501.45,2625.2,3541.95,2624.05,3568.2,2616.9,3582.45,2596.65,3590.75,2571.65,3589.55,2544.3
3-106,Uninfected,No_comment,Polygon,12,3225.25,2132.3,3201.5,2118.05,3166.9,2125.15,3147.85,2139.5,3140.7,2183.55,3146.65,2212.1,3160.95,2233.5,3185.95,2247.85,3215.75,2246.65,3237.15,2234.75,3253.85,2215.7,3252.7,2163.25
3-107,Uninfected,No_comment,Polygon,14,3684.85,2426.4,3653.9,2428.75,3620.55,2446.65,3607.45,2468.1,3607.45,2493.05,3619.35,2524,3669.35,2541.9,3699.15,2540.7,3720.55,2522.85,3734.85,2504.95,3737.25,2487.15,3731.3,2465.7,3722.95,2452.6,3708.65,2441.85
3-108,Uninfected,No_comment,Polygon,18,3680.1,2572.85,3661.05,2571.65,3645.55,2580,3630.1,2594.25,3620.55,2606.15,3619.35,2625.2,3619.35,2644.25,3624.1,2664.55,3636.05,2682.35,3656.2,2699.05,3694.35,2702.65,3707.45,2699.05,3724.15,2683.6,3738.35,2665.7,3738.35,2646.65,3737.25,2621.65,3719.35,2600.2,3700.3,2584.75
3-109,Uninfected,No_comment,Polygon,17,3847.95,2440.7,3807.45,2437.15,3790.8,2446.65,3775.35,2464.5,3769.35,2482.35,3783.65,2515.7,3807.45,2532.4,3822.95,2540.7,3846.75,2544.3,3865.8,2539.5,3878.9,2528.8,3889.6,2519.3,3896.75,2504.95,3899.15,2488.35,3890.8,2477.6,3877.7,2463.35,3871.75,2457.35
3-110,Uninfected,No_comment,Polygon,16,3902.7,2582.4,3852.7,2581.15,3834.85,2584.75,3821.75,2601.45,3815.8,2620.5,3815.8,2641.9,3824.15,2662.1,3832.5,2671.7,3859.85,2687.15,3882.5,2694.25,3909.85,2687.15,3925.35,2669.25,3940.8,2646.65,3937.25,2622.85,3928.9,2601.45,3920.6,2594.25
3-111,Uninfected,No_comment,Polygon,17,3775.35,2221.65,3752.7,2227.55,3738.35,2239.45,3728.9,2256.15,3722.95,2291.9,3732.45,2318.05,3746.75,2340.65,3768.2,2347.85,3788.4,2345.45,3809.85,2339.5,3830.1,2325.2,3839.6,2306.15,3845.55,2287.1,3844.4,2269.25,3834.85,2251.35,3821.75,2235.9,3812.25,2231.15
3-112,Uninfected,No_comment,Polygon,25,3969.4,2349.05,3957.5,2344.25,3943.2,2340.65,3928.9,2338.3,3918.2,2339.5,3906.3,2345.45,3894.4,2358.55,3887.25,2371.6,3886.05,2396.65,3888.45,2413.3,3900.35,2427.6,3915.8,2452.6,3933.65,2466.85,3975.35,2463.35,3984.85,2458.55,3996.8,2450.25,4003.85,2441.85,4007.5,2432.35,4009.85,2422.8,4009.85,2410.9,4008.7,2399.05,4006.3,2388.3,4005.1,2384.7,4001.55,2380,3995.6,2372.8
3-113,Uninfected,No_comment,Polygon,17,4074.15,2310.95,4062.25,2320.45,4049.15,2335.95,4034.85,2355,4031.3,2365.65,4033.7,2388.3,4038.45,2400.2,4053.9,2421.65,4065.85,2428.75,4092,2430,4105.1,2428.75,4120.6,2410.9,4130.1,2385.95,4132.5,2349.05,4118.2,2330,4108.7,2318.05,4100.35,2310.95
3-114,Uninfected,No_comment,Polygon,20,4108.7,2295.45,4117,2291.9,4119.4,2274,4124.15,2253.8,4099.15,2245.4,4080.1,2244.25,4061.05,2235.9,4042,2227.55,4015.8,2227.55,3997.95,2237.1,3992,2247.85,3986.05,2260.95,3982.5,2281.15,3986.05,2303.8,3995.6,2319.25,4037.25,2328.75,4050.35,2324.05,4062.25,2313.3,4070.6,2303.8,4086.05,2302.55
3-115,Uninfected,No_comment,Polygon,17,4093.2,2147.8,4077.75,2141.85,4058.7,2137.1,4039.65,2137.1,4031.3,2152.6,4031.3,2163.25,4039.65,2182.3,4045.6,2197.85,4057.5,2220.4,4072.95,2227.55,4098,2233.5,4114.65,2233.5,4124.15,2224,4127.75,2207.3,4130.1,2187.1,4121.8,2170.4,4114.65,2162.1
3-116,Uninfected,No_comment,Polygon,27,4198,2037.05,4193.2,2037.05,4178.95,2046.6,4169.4,2064.5,4165.85,2083.55,4163.45,2099,4156.3,2118.05,4153.95,2133.55,4155.1,2144.2,4165.85,2151.35,4173,2158.55,4181.3,2164.5,4192.05,2164.5,4207.5,2159.75,4218.2,2150.15,4227.75,2144.2,4238.45,2137.1,4248,2129.95,4262.3,2122.8,4273,2120.45,4277.75,2103.75,4274.2,2082.35,4267.05,2063.25,4256.3,2047.8,4246.8,2040.65,4238.45,2037.05,4227.75,2033.5
3-117,Uninfected,No_comment,Polygon,17,4136.05,2032.35,4115.85,2019.25,4080.1,2019.25,4052.75,2028.75,4033.7,2045.45,4030.1,2066.85,4042,2099,4058.7,2113.25,4071.8,2120.45,4101.55,2135.9,4123,2137.1,4138.45,2126.35,4146.8,2112.1,4153.95,2088.25,4155.1,2071.6,4151.55,2053.75,4145.6,2044.2
3-118,Uninfected,No_comment,Polygon,16,4067,1927.55,4044.4,1922.75,4013.45,1923.95,3986.05,1946.6,3972.95,1975.2,3971.75,2002.55,3984.85,2032.35,3999.15,2038.3,4038.45,2031.1,4053.9,2016.85,4080.1,2003.75,4096.8,1997.8,4105.1,1978.75,4103.95,1963.3,4090.85,1950.2,4082.5,1943
3-119,Uninfected,No_comment,Polygon,16,3664.6,2087.05,3650.3,2072.8,3625.3,2064.5,3587.2,2065.65,3570.55,2081.1,3565.8,2100.15,3569.35,2119.2,3576.5,2135.9,3589.6,2150.15,3609.85,2164.5,3645.55,2166.85,3663.4,2162.1,3674.15,2147.8,3690.8,2131.15,3692,2116.85,3682.45,2107.3
3-120,Uninfected,No_comment,Polygon,15,3787.25,2013.3,3770.55,2021.6,3753.9,2033.5,3732.45,2046.6,3719.35,2064.5,3722.95,2103.75,3744.35,2129.95,3781.3,2141.85,3809.85,2137.1,3839.6,2113.25,3846.75,2093.05,3840.8,2062.05,3826.5,2038.3,3820.55,2025.15,3809.85,2015.65
3-121,Uninfected,No_comment,Polygon,17,4196.8,1856.15,4167.05,1863.25,4146.8,1866.8,4128.95,1870.4,4117,1883.5,4109.9,1901.35,4109.9,1922.75,4119.4,1946.6,4131.3,1966.8,4161.1,1972.8,4193.2,1972.8,4220.6,1958.5,4239.65,1941.8,4242.05,1918.05,4243.25,1894.25,4234.9,1872.75,4225.35,1865.65
3-122,Uninfected,No_comment,Polygon,18,3942,1996.6,3927.7,1989.45,3906.3,1982.35,3884.85,1978.75,3864.6,1982.35,3844.4,1995.45,3839.6,2003.75,3838.45,2027.55,3842,2045.45,3844.4,2060.9,3852.7,2078.75,3868.2,2093.05,3892,2101.4,3922.95,2093.05,3949.15,2078.75,3958.7,2053.75,3956.3,2029.95,3949.15,2014.5
3-123,Uninfected,No_comment,Polygon,18,3927.7,1852.55,3915.8,1854.95,3899.15,1868.05,3881.3,1887.1,3857.5,1909.7,3844.4,1927.55,3833.65,1945.4,3832.5,1951.35,3867,1960.85,3902.7,1951.35,3919.4,1957.35,3943.2,1953.75,3967,1946.6,3980.1,1925.2,3993.2,1901.35,3990.8,1876.35,3972.95,1860.85,3961.05,1857.3
3-124,Uninfected,No_comment,Polygon,12,3722.95,1915.65,3699.15,1912.1,3671.75,1925.2,3661.05,1939.45,3651.5,1962.05,3661.05,2000.2,3702.7,2021.6,3728.9,2014.5,3752.7,1997.8,3769.35,1979.9,3770.55,1947.8,3755.1,1926.35
3-125,Uninfected,No_comment,Polygon,16,3487.2,1926.35,3478.85,1919.25,3476.5,1907.3,3462.2,1916.8,3451.5,1939.45,3433.65,1981.15,3438.4,2001.4,3452.7,2028.75,3477.7,2040.65,3507.45,2043,3530.05,2031.1,3544.35,2014.5,3551.5,1978.75,3549.1,1960.85,3543.15,1954.9,3524.1,1943
3-126,Uninfected,No_comment,Polygon,14,3384.8,1945.4,3371.7,1934.7,3362.2,1932.35,3332.45,1931.15,3318.15,1938.3,3302.65,1952.55,3299.1,1973.95,3297.9,1997.8,3316.95,2022.8,3340.75,2026.4,3370.55,2025.15,3396.7,2018,3407.45,2004.9,3401.5,1981.15
3-127,Uninfected,No_comment,Polygon,18,3371.7,2069.2,3359.8,2059.7,3338.4,2053.75,3330.05,2052.55,3313.4,2043,3293.15,2054.95,3283.6,2063.25,3268.15,2085.9,3255.05,2115.65,3261,2149,3276.45,2169.2,3302.65,2181.15,3331.25,2175.2,3344.35,2163.25,3365.75,2140.7,3381.25,2120.45,3386,2103.75,3376.5,2081.1
3-128,Uninfected,No_comment,Polygon,14,3264.55,1951.35,3224.1,1953.75,3200.3,1956.15,3184.8,1964.45,3171.7,1982.35,3162.2,2007.35,3166.95,2035.9,3189.55,2057.35,3219.3,2063.25,3247.9,2058.55,3269.35,2041.85,3284.8,2021.6,3286,1996.6,3277.65,1970.4
3-129,Uninfected,No_comment,Polygon,14,3125.2,1928.75,3096.7,1926.35,3071.7,1935.85,3059.8,1951.35,3046.7,1978.75,3058.6,2003.75,3084.8,2020.45,3105.05,2021.6,3116.95,2029.95,3136,2029.95,3149.1,2013.3,3156.2,1988.3,3153.85,1965.65,3145.5,1944.25
3-130,Uninfected,No_comment,Polygon,14,3541.95,1819.2,3525.3,1812.1,3491.95,1810.9,3465.8,1829.95,3453.85,1869.2,3470.55,1896.6,3488.4,1910.85,3516.95,1921.6,3547.95,1928.75,3565.8,1920.4,3576.5,1901.35,3563.4,1876.35,3556.25,1856.15,3552.7,1837.1
3-131,Uninfected,No_comment,Polygon,14,3852.75,1788.2,3821.8,1793,3801.5,1797.7,3788.4,1812.05,3784.9,1834.6,3794.35,1856.1,3818.15,1876.35,3850.3,1884.65,3877.75,1871.55,3895.55,1856.1,3903.95,1832.3,3899.2,1813.25,3892.05,1806.1,3873,1796.55
3-132,Uninfected,No_comment,Polygon,15,3681.25,1804.9,3643.15,1781.1,3622.9,1782.25,3600.35,1787.05,3582.5,1796.55,3574.15,1806.1,3565.75,1825.15,3565.75,1846.55,3580.05,1873.95,3593.2,1889.4,3613.45,1904.85,3641.95,1904.85,3672.9,1889.4,3688.45,1856.1,3687.2,1829.9
3-133,Uninfected,No_comment,Polygon,13,3262.15,1834.6,3230,1835.85,3197.9,1843,3170.55,1882.3,3169.3,1904.85,3177.7,1929.85,3206.2,1942.95,3237.15,1941.8,3267,1933.5,3282.4,1914.45,3289.55,1887.05,3288.35,1859.65,3275.25,1846.55
3-134,Uninfected,No_comment,Polygon,14,3319.3,1672.75,3288.35,1681.05,3272.95,1697.75,3268.1,1718,3272.95,1751.3,3284.85,1772.75,3301.45,1789.4,3336.05,1795.35,3361.05,1782.25,3378.9,1766.8,3387.2,1733.45,3375.25,1706.05,3362.2,1687,3346.75,1681.05
3-135,Uninfected,No_comment,Polygon,12,3501.5,1578.7,3486.05,1570.35,3464.55,1571.55,3442,1581.05,3424.15,1601.25,3414.55,1628.7,3432.4,1666.8,3463.4,1679.9,3499.15,1670.3,3519.4,1647.75,3527.65,1616.8,3522.9,1596.55
3-136,Uninfected,No_comment,Polygon,19,3894.35,1709.65,3894.35,1693,3882.45,1672.75,3852.75,1672.75,3806.25,1679.9,3782.45,1689.35,3770.6,1708.4,3768.15,1728.7,3777.75,1751.3,3794.35,1771.5,3809.9,1777.5,3827.75,1778.65,3843.15,1779.9,3858.7,1781.1,3871.8,1777.5,3881.25,1764.4,3887.25,1751.3,3889.6,1741.8,3893.2,1728.7
3-137,Uninfected,No_comment,Polygon,23,3917.05,1693,3907.45,1697.75,3905.15,1720.35,3901.5,1740.55,3895.55,1756.1,3888.4,1771.5,3892.05,1785.85,3912.25,1803.65,3940.85,1813.25,3962.3,1814.4,3977.7,1807.25,3994.4,1798.95,4009.85,1790.55,4018.25,1776.3,4024.2,1753.7,4024.2,1740.55,4015.8,1726.3,4003.9,1715.55,3993.25,1707.25,3976.5,1698.95,3964.6,1695.35,3951.5,1693,3943.25,1693
3-138,Uninfected,No_comment,Polygon,13,4070.6,1601.25,4051.55,1597.75,4025.4,1604.85,4005.15,1627.5,4000.35,1656.05,4020.55,1695.35,4044.45,1708.4,4063.5,1710.85,4090.8,1698.95,4102.7,1679.9,4106.35,1659.65,4106.35,1637,4094.45,1615.6
3-139,Uninfected,No_comment,Polygon,16,4264.7,1621.55,4233.75,1616.8,4202.75,1638.2,4188.5,1662,4188.5,1690.6,4203.9,1713.2,4222.95,1728.7,4255.1,1723.95,4268.2,1716.8,4275.35,1702.45,4283.75,1685.85,4292,1678.7,4298,1668,4293.2,1651.3,4283.75,1639.35,4276.6,1631.05
3-140,Uninfected,No_comment,Polygon,21,4268.2,1738.2,4247.95,1752.45,4224.15,1762.05,4217,1781.1,4214.7,1802.5,4212.25,1822.7,4219.45,1838.25,4237.25,1853.65,4252.8,1863.25,4286.05,1859.65,4295.65,1856.1,4309.95,1858.45,4323,1848.95,4326.6,1834.6,4329,1820.35,4327.8,1789.4,4321.85,1771.5,4312.25,1756.1,4308.75,1751.3,4300.35,1744.15,4292,1739.4
3-141,Uninfected,No_comment,Polygon,18,4117,1718,4071.75,1728.7,4053.9,1746.5,4046.75,1768,4056.35,1789.4,4064.6,1818,4077.7,1835.85,4106.35,1848.95,4127.7,1852.5,4149.15,1845.35,4163.5,1834.6,4180.1,1819.2,4189.7,1802.5,4193.2,1782.25,4181.35,1765.55,4169.45,1753.7,4158.7,1744.15,4143.25,1733.45
3-142,Uninfected,No_comment,Polygon,16,4007.45,1485.8,3981.35,1490.6,3963.4,1516.75,3952.7,1532.2,3957.45,1556.05,3976.5,1571.55,3996.75,1585.85,4019.4,1585.85,4053.9,1581.05,4065.8,1571.55,4075.4,1553.7,4082.5,1537,4076.55,1509.65,4062.3,1488.2,4045.55,1478.65,4024.2,1481
3-143,Uninfected,No_comment,Polygon,12,3888.4,1475.05,3849.15,1473.9,3823,1492.95,3809.9,1506,3808.7,1531.05,3833.7,1564.4,3857.45,1579.85,3893.2,1572.75,3914.6,1554.85,3927.7,1534.65,3919.35,1508.45,3908.65,1491.75
3-144,Uninfected,No_comment,Polygon,15,3763.4,1401.3,3744.35,1409.6,3724.1,1417.9,3709.85,1433.45,3705.05,1458.45,3706.25,1484.65,3722.9,1504.85,3744.35,1516.75,3783.7,1514.4,3800.3,1491.75,3812.2,1473.9,3815.85,1452.5,3813.4,1429.85,3800.3,1414.4,3789.65,1406.05
3-145,Uninfected,No_comment,Polygon,18,3778.95,1532.2,3753.9,1532.2,3743.15,1539.4,3730.05,1554.85,3730.05,1584.65,3744.35,1614.35,3770.6,1642.95,3806.25,1654.9,3838.4,1657.25,3869.35,1654.9,3884.9,1631.05,3883.65,1613.2,3870.55,1595.3,3856.25,1583.45,3843.15,1573.9,3827.75,1562,3811.05,1550.1,3800.3,1544.1
3-146,Uninfected,No_comment,Polygon,13,3652.7,1513.15,3634.8,1500.05,3614.65,1496.55,3571.7,1516.75,3564.6,1538.15,3557.5,1582.2,3571.7,1607.2,3595.6,1616.8,3618.15,1608.45,3634.8,1601.25,3653.85,1585.85,3666.95,1567.95,3672.9,1551.35
3-147,Uninfected,No_comment,Polygon,15,3577.65,1383.45,3543.2,1390.55,3521.7,1406.05,3513.45,1425.1,3514.55,1450.05,3526.5,1471.55,3541.95,1491.75,3589.6,1496.55,3619.4,1483.45,3639.65,1471.55,3653.85,1444.15,3650.35,1422.7,3634.8,1408.45,3612.25,1395.35,3594.4,1385.8
3-148,Uninfected,No_comment,Polygon,28,3957.45,1357.25,3942.05,1363.2,3932.45,1381.05,3928.95,1395.35,3909.9,1398.85,3903.95,1403.65,3896.8,1417.9,3895.55,1432.25,3908.65,1453.65,3918.2,1457.25,3944.35,1456,3962.3,1458.45,3974.2,1459.6,3992.05,1466.75,4003.9,1470.35,4018.25,1470.35,4024.2,1465.6,4034.85,1453.65,4051.55,1440.55,4068.25,1434.6,4076.55,1428.65,4081.35,1416.75,4080.15,1404.8,4070.6,1392.9,4067,1389.4,4058.65,1382.25,4055.15,1378.65,3990.8,1372.7
3-149,Uninfected,No_comment,Polygon,16,4311.05,1479.85,4302.8,1472.7,4283.75,1471.55,4261.05,1465.6,4245.65,1463.2,4221.8,1467.95,4202.75,1479.85,4201.6,1494.1,4203.9,1515.6,4214.7,1540.6,4238.5,1564.4,4274.15,1577.5,4301.6,1563.15,4312.25,1544.1,4318.2,1525.05,4319.4,1513.15
3-150,Uninfected,No_comment,Polygon,13,4306.3,1340.55,4278.95,1345.35,4251.6,1360.75,4233.75,1385.8,4230.1,1408.45,4247.95,1434.6,4271.85,1452.5,4313.45,1448.9,4339.7,1439.4,4352.8,1417.9,4355.1,1389.4,4355.1,1369.15,4338.45,1352.45
3-151,Uninfected,No_comment,Polygon,13,3500.35,1452.5,3497.9,1435.8,3475.35,1435.8,3445.5,1441.75,3417,1461.95,3407.4,1484.65,3418.2,1513.15,3433.6,1533.45,3477.65,1546.55,3513.45,1532.2,3525.35,1513.15,3525.35,1492.95,3512.25,1472.7
3-152,Uninfected,No_comment,Polygon,15,3414.55,1341.7,3402.65,1328.65,3382.4,1322.65,3362.2,1337,3355.1,1362,3358.6,1396.5,3380.1,1423.85,3419.35,1434.6,3452.65,1422.7,3477.65,1416.75,3490.75,1401.3,3499.15,1382.25,3482.45,1364.4,3462.25,1359.6,3446.7,1356.05
3-153,Uninfected,No_comment,Polygon,15,4253.9,1335.75,4275.35,1327.45,4286.05,1304.9,4280.1,1277.45,4255.1,1259.6,4233.7,1248.9,4203.9,1246.5,4178.9,1264.35,4159.85,1276.3,4144.45,1292.95,4152.7,1326.3,4167,1350.1,4190.8,1358.45,4214.65,1359.6,4227.75,1356.05
3-154,Uninfected,No_comment,Polygon,13,4199.15,1226.25,4194.45,1195.3,4180.1,1167.95,4164.65,1156.05,4138.5,1144.1,4105.15,1144.1,4081.35,1172.7,4078.9,1196.45,4084.85,1237,4112.3,1265.55,4136.05,1272.65,4165.8,1263.2,4182.55,1242.95
3-155,Uninfected,No_comment,Polygon,15,4225.4,1089.3,4207.55,1091.75,4188.5,1108.35,4180.1,1142.95,4199.15,1167.95,4215.8,1196.45,4239.7,1212,4284.85,1207.2,4306.3,1192.95,4317,1170.3,4317,1142.95,4311.05,1121.55,4299.15,1109.6,4283.75,1100.05,4268.2,1089.3
3-156,Uninfected,No_comment,Polygon,19,4099.2,961.95,4082.5,947.7,4070.55,940.55,4051.5,944.05,4037.3,952.45,4025.35,967.9,4014.6,985.75,4012.25,1004.8,4015.8,1023.85,4019.35,1040.55,4032.45,1056,4049.2,1065.55,4069.4,1064.3,4086.05,1053.65,4101.5,1041.75,4109.85,1031,4118.25,1017.9,4119.45,997.7,4111.05,973.85
3-157,Uninfected,No_comment,Polygon,18,4037.3,1201.25,4015.8,1196.45,3993.25,1203.7,3977.7,1215.5,3963.4,1241.8,3961.1,1260.85,3961.1,1282.25,3976.5,1303.65,3993.25,1317.95,4017.05,1326.3,4038.4,1327.45,4057.45,1321.5,4070.55,1307.25,4078.9,1289.35,4081.35,1273.9,4082.5,1248.9,4072.95,1232.2,4065.8,1221.5
3-158,Uninfected,No_comment,Polygon,22,3953.95,1109.6,3939.6,1100.05,3912.2,1103.65,3889.6,1112,3864.6,1134.6,3855.05,1154.85,3858.7,1177.45,3861.05,1197.7,3871.8,1217.95,3878.95,1233.4,3892.05,1246.5,3915.85,1252.45,3933.65,1242.95,3949.15,1229.85,3962.25,1215.5,3969.35,1197.7,3974.2,1188.15,3976.5,1177.45,3977.7,1157.2,3977.7,1144.1,3975.3,1133.35,3970.55,1122.7
3-159,Uninfected,No_comment,Polygon,21,3915.85,973.85,3899.15,982.15,3888.4,995.35,3883.65,1015.55,3883.65,1036.95,3893.15,1054.85,3905.1,1076.25,3921.8,1086.95,3956.25,1085.8,3977.7,1078.65,3989.6,1069.1,4000.35,1045.25,4001.5,1026.2,4002.7,1011.95,3996.75,992.9,3988.4,981,3983.65,977.45,3977.7,972.7,3965.8,967.9,3946.75,964.35,3937.2,964.35
3-160,Uninfected,No_comment,Polygon,23,3869.35,1004.8,3877.75,994.1,3883.65,981,3874.1,964.35,3864.6,956,3839.65,952.45,3825.3,956,3809.9,967.9,3793.15,988.1,3786,1007.15,3784.85,1032.15,3802.75,1051.2,3818.15,1058.45,3836,1081,3844.35,1096.55,3853.95,1101.25,3876.5,1101.25,3887.2,1091.75,3889.6,1078.65,3889.6,1065.55,3880.1,1047.7,3871.8,1031,3869.35,1020.35
3-161,Uninfected,No_comment,Polygon,21,3817,1077.5,3796.8,1063.15,3789.65,1060.8,3765.8,1058.45,3747.9,1059.6,3731.25,1071.5,3720.6,1082.2,3708.7,1107.2,3705.05,1132.2,3713.45,1156.05,3722.9,1169.1,3736,1172.7,3756.25,1170.3,3770.6,1170.3,3787.2,1172.7,3806.25,1171.45,3819.35,1158.4,3833.7,1141.75,3836,1129.85,3837.2,1100.05,3831.25,1094.1
3-162,Uninfected,No_comment,Polygon,21,3718.15,1072.7,3720.6,1057.2,3706.25,1027.45,3689.65,1016.75,3651.55,1015.55,3627.65,1026.2,3605.05,1046.5,3596.7,1064.3,3602.65,1083.35,3616.95,1106,3630.05,1135.8,3624.1,1153.65,3620.55,1175.1,3626.55,1189.35,3651.55,1196.45,3677.7,1194.15,3703.85,1171.45,3707.5,1151.25,3705.1,1128.65,3700.3,1109.6,3707.5,1092.95
3-163,Uninfected,No_comment,Polygon,15,3712.2,1187,3669.4,1196.45,3649.1,1225.1,3647.9,1250.1,3649.1,1282.25,3669.4,1306.05,3693.15,1315.55,3720.6,1315.55,3746.75,1306.05,3758.7,1294.15,3765.8,1267.95,3763.4,1241.8,3751.55,1219.15,3743.15,1202.45,3733.7,1194.15
3-164,Uninfected,No_comment,Polygon,18,3620.55,1137,3616.95,1116.75,3611,1103.65,3600.35,1090.55,3590.75,1086.95,3576.5,1085.8,3549.15,1084.6,3531.3,1084.6,3512.25,1097.7,3497.9,1117.95,3495.5,1140.6,3505.1,1166.75,3519.35,1184.55,3546.7,1202.45,3571.7,1197.7,3593.2,1185.8,3608.6,1170.3,3618.15,1157.2
3-165,Uninfected,No_comment,Polygon,17,3453.85,1135.8,3449.15,1133.35,3425.25,1120.3,3377.65,1131,3359.85,1148.9,3351.45,1166.75,3349.1,1190.5,3365.8,1222.75,3386.05,1239.35,3414.55,1244.15,3433.6,1227.45,3457.4,1219.15,3472.9,1215.5,3486.05,1200.1,3487.25,1183.4,3478.85,1164.35,3472.9,1153.65
3-166,Uninfected,No_comment,Polygon,17,3465.75,1231.05,3431.25,1247.65,3418.15,1262,3414.55,1283.4,3408.6,1295.35,3412.2,1321.5,3442,1345.35,3465.75,1352.45,3486.05,1345.35,3497.9,1337,3514.55,1317.95,3519.35,1300.1,3521.7,1277.45,3514.55,1258.4,3507.4,1246.5,3495.5,1240.55,3481.25,1237
3-167,Uninfected,No_comment,Polygon,17,3320.5,1303.65,3297.95,1298.9,3271.75,1298.9,3245.55,1308.4,3235.95,1329.8,3227.7,1351.3,3230,1369.15,3235.95,1392.9,3258.65,1413.2,3275.25,1416.75,3294.3,1413.2,3328.9,1392.9,3332.4,1369.15,3333.6,1350.1,3344.3,1334.6,3340.8,1327.45,3333.6,1320.35
3-168,Uninfected,No_comment,Polygon,15,3139.6,1219.15,3101.5,1212,3083.6,1220.3,3075.3,1238.2,3058.55,1272.65,3058.55,1304.9,3068.1,1327.45,3089.55,1334.6,3114.6,1333.4,3138.4,1325.1,3158.65,1309.6,3168.1,1285.85,3166.9,1258.4,3157.45,1237,3151.5,1227.45
3-169,Uninfected,No_comment,Polygon,16,3244.3,1033.4,3221.75,1038.15,3201.5,1052.45,3193.1,1072.7,3184.8,1106,3190.75,1145.3,3218.1,1158.4,3246.75,1159.65,3268.1,1152.4,3283.65,1135.8,3291.95,1117.95,3291.95,1102.5,3289.55,1085.8,3284.85,1067.9,3271.75,1048.85,3264.6,1042.9
3-170,Uninfected,No_comment,Polygon,18,3558.6,900,3543.2,904.8,3521.7,910.75,3502.65,910.75,3487.25,923.85,3470.5,944.05,3468.2,963.1,3486.05,994.1,3505.1,1014.35,3528.85,1020.35,3556.3,1017.9,3591.95,998.85,3606.3,981,3619.4,956,3613.45,922.65,3603.85,916.7,3594.4,909.6,3581.3,905.95
3-171,Uninfected,No_comment,Polygon,23,3583.6,870.3,3602.65,860.75,3606.3,847.65,3594.4,826.25,3582.45,812,3575.35,798.8,3566.95,790.5,3561,786.95,3544.4,782.2,3518.2,785.7,3499.15,786.95,3478.85,794.1,3461.05,804.75,3452.65,816.7,3451.45,837,3447.95,872.65,3452.65,896.5,3477.65,919.05,3494.35,916.65,3512.25,904.8,3528.85,897.65,3547.9,891.7,3563.45,885.75
3-172,Uninfected,No_comment,Polygon,15,3422.95,864.35,3401.45,863.15,3377.65,871.5,3363.35,882.2,3355.05,902.45,3347.95,928.65,3350.25,948.85,3363.35,975.05,3400.25,983.4,3430.1,977.45,3450.3,960.75,3461.05,941.7,3459.8,921.5,3455.1,902.45,3446.7,885.75
3-173,Uninfected,No_comment,Polygon,18,3332.4,873.85,3319.3,858.4,3308.65,846.5,3281.2,841.7,3258.65,852.45,3232.4,866.7,3219.3,890.55,3226.5,909.6,3239.6,921.5,3246.75,934.6,3247.9,953.65,3264.6,967.9,3295.5,960.75,3314.55,948.85,3322.95,935.75,3328.9,921.5,3334.85,905.95,3336,895.3
3-174,Uninfected,No_comment,Polygon,15,4001.5,839.35,3971.75,853.6,3946.75,877.45,3931.25,901.25,3924.15,923.85,3933.65,941.7,3975.3,954.8,4003.9,958.4,4027.7,945.3,4045.55,930.95,4053.9,905.95,4050.35,885.75,4044.4,867.85,4032.45,856.05,4030.15,853.6
3-175,Uninfected,No_comment,Polygon,27,4151.55,794.1,4138.5,796.45,4120.55,804.75,4119.45,823.8,4113.45,838.15,4099.2,841.7,4097.95,846.5,4101.5,870.3,4113.45,884.55,4121.75,897.65,4140.8,911.95,4156.35,916.7,4168.2,921.5,4176.6,930.95,4188.5,940.55,4203.9,944.05,4218.2,930.95,4225.4,919.05,4232.55,904.8,4237.25,891.7,4237.25,864.35,4237.25,853.6,4228.9,840.5,4220.65,827.45,4206.35,809.55,4192,801.25,4172.95,798.8
3-176,Uninfected,No_comment,Polygon,17,3956.25,758.35,3934.9,740.5,3921.8,732.2,3893.15,732.2,3869.35,747.6,3856.25,766.65,3844.35,785.7,3855.05,809.55,3869.35,822.65,3899.15,837,3913.4,841.7,3944.35,844.1,3968.2,827.45,3975.3,815.5,3980.15,802.4,3976.7,787.65,3971.75,772.65
3-177,Uninfected,No_comment,Polygon,14,3209.8,908.4,3189.6,900,3165.75,909.6,3146.7,922.65,3137.15,944.05,3137.15,965.55,3150.25,986.95,3170.55,1000.05,3194.3,1006,3215.75,995.35,3230,982.15,3234.8,963.1,3233.65,940.55,3226.5,923.85
3-178,Uninfected,No_comment,Polygon,19,3157.45,1003.65,3152.65,1001.2,3137.15,988.1,3128.8,963.1,3119.35,947.7,3096.65,938.2,3078.8,951.25,3060.95,967.9,3051.45,990.55,3053.8,1014.35,3060.95,1032.15,3072.85,1045.25,3099.05,1056,3122.85,1050.05,3137.15,1044.1,3164.6,1040.55,3174.05,1035.8,3177.7,1028.65,3170.55,1016.75
3-179,Uninfected,No_comment,Polygon,23,3176.5,1061.95,3147.85,1054.85,3116.9,1067.9,3095.55,1078.65,3087.15,1092.95,3087.15,1119.1,3090.7,1139.35,3099.05,1158.4,3107.45,1177.45,3116.9,1188.15,3133.6,1187,3146.7,1185.8,3153.8,1181.05,3165.75,1172.7,3174.05,1160.8,3175.25,1148.9,3175.25,1137,3181.2,1119.1,3182.45,1114.3,3184.75,1102.5,3183.65,1091.75,3182.45,1081,3181.2,1075.05
3-180,Uninfected,No_comment,Polygon,17,3051.45,1221.5,3027.6,1204.85,3002.6,1200.1,2976.4,1201.25,2958.55,1219.15,2952.6,1239.35,2955.05,1263.2,2974.1,1292.95,2983.55,1315.55,3000.3,1328.65,3012.2,1329.8,3032.45,1329.8,3049.05,1312,3051.45,1291.7,3059.85,1267.95,3064.55,1246.5,3065.7,1228.6
3-181,Uninfected,No_comment,Polygon,17,3216.9,832.2,3206.2,809.55,3175.25,795.3,3145.55,798.8,3127.65,812,3115.7,829.8,3103.8,852.45,3113.4,894.15,3119.35,914.35,3139.6,914.35,3153.8,904.8,3165.75,900,3181.2,894.15,3197.85,885.75,3215.75,877.45,3220.55,859.55,3220.55,845.3
3-182,Uninfected,No_comment,Polygon,15,4150.35,751.25,4142.05,720.3,4128.95,701.25,4105.1,683.35,4071.8,683.35,4049.15,692.9,4032.5,714.3,4011.05,764.35,4012.25,791.7,4040.85,816.7,4072.95,822.65,4099.15,815.5,4119.4,797.65,4124.15,783.4,4144.4,765.5
3-183,Uninfected,No_comment,Polygon,20,4033.7,694.1,4028.9,681,4027.75,670.25,4027.75,657.2,4020.6,644.1,4017,644.1,3988.45,648.85,3972.95,651.2,3955.1,664.3,3940.8,682.2,3937.25,702.4,3943.2,721.45,3956.3,742.95,3969.4,759.55,3983.7,767.95,3997.95,769.1,4013.45,753.6,4020.6,732.2,4025.35,715.5,4031.3,701.25
3-184,Uninfected,No_comment,Polygon,14,3827.7,689.3,3827.7,664.3,3809.85,652.4,3784.85,641.75,3749.15,646.45,3726.5,664.3,3720.55,688.15,3718.2,708.35,3726.5,736.95,3755.1,752.4,3776.5,758.4,3806.3,750.05,3821.75,734.55,3827.7,715.5
3-185,Uninfected,No_comment,Polygon,12,3912.25,491.7,3894.4,482.15,3868.2,486.9,3842,498.85,3826.5,521.5,3819.4,542.9,3839.6,582.15,3874.15,598.85,3922.95,592.9,3933.7,576.2,3938.45,551.2,3930.1,516.7
3-186,Uninfected,No_comment,Polygon,13,3806.3,552.35,3772.95,529.8,3745.55,536.95,3725.3,544.05,3709.85,569.05,3706.3,591.7,3718.2,608.35,3731.3,628.65,3772.95,636.95,3807.45,621.45,3820.55,610.75,3822.95,589.3,3819.4,575.05
3-187,Uninfected,No_comment,Polygon,15,3747.95,438.1,3733.65,425,3717,414.35,3693.2,413.1,3668.2,422.65,3649.15,441.7,3637.2,469.05,3638.4,500,3647.95,521.5,3670.55,535.75,3703.9,534.55,3727.7,520.25,3743.2,500,3747.95,472.65,3751.5,451.15
3-188,Uninfected,No_comment,Polygon,18,3617,445.3,3606.25,434.55,3589.6,425,3568.15,419.05,3549.1,420.3,3526.5,438.1,3513.4,448.8,3501.5,470.2,3494.35,492.9,3502.7,514.25,3526.5,525,3547.95,533.3,3557.45,538.1,3576.5,542.9,3611.05,529.8,3621.75,511.95,3622.95,488.1,3621.75,465.5
3-189,Uninfected,No_comment,Polygon,16,3555.05,558.35,3536,544.05,3508.65,529.8,3488.4,529.8,3466.95,544.05,3455.05,565.55,3443.15,592.9,3441.95,620.25,3459.8,652.4,3475.3,659.55,3509.85,660.8,3536,657.2,3550.3,642.9,3563.4,626.2,3569.35,606,3570.55,588.1
3-190,Uninfected,No_comment,Polygon,13,3425.3,610.75,3425.3,582.15,3413.4,564.3,3395.55,557.15,3372.9,552.35,3339.6,571.5,3315.75,594.1,3319.35,625.05,3333.6,646.45,3358.65,658.35,3390.75,657.2,3408.65,653.55,3422.9,646.45
3-191,Uninfected,No_comment,Polygon,21,3414.6,665.5,3391.95,667.9,3359.8,667.9,3336,661.95,3322.9,664.3,3308.6,676.25,3309.8,698.85,3312.2,734.55,3325.3,763.15,3340.75,777.45,3371.7,785.75,3391.95,781,3406.25,770.3,3425.3,750.05,3431.25,738.15,3432.45,729.85,3434.8,719.1,3436,709.55,3436,702.4,3432.45,692.9,3428.85,683.35
3-192,Uninfected,No_comment,Polygon,13,3275.3,513.1,3256.25,510.75,3232.4,510.75,3209.8,533.3,3201.45,558.35,3213.35,594.1,3231.25,619.1,3265.75,625.05,3288.4,623.85,3305.05,606,3312.2,579.8,3312.2,554.8,3301.5,535.75
3-193,Uninfected,No_comment,Polygon,14,3124.1,606,3101.45,617.9,3082.4,635.75,3074.1,660.8,3071.7,689.3,3096.7,720.3,3137.2,742.95,3169.3,729.85,3189.55,704.85,3200.3,677.4,3197.9,645.25,3174.1,623.85,3157.4,615.45,3149.1,609.6
3-194,Uninfected,No_comment,Polygon,14,3099.1,739.35,3086,733.35,3066.95,716.65,3049.05,720.3,3032.4,733.35,3018.1,763.15,3014.55,789.35,3020.5,812,3036,831.05,3062.15,837,3090.75,825.1,3105.05,807.2,3113.35,789.35,3112.15,762
3-195,Uninfected,No_comment,Polygon,13,3001.45,871.5,2963.35,858.4,2931.2,872.65,2916.9,896.5,2905,926.3,2914.55,965.55,2932.4,989.4,2955,994.1,2981.2,990.55,3007.4,972.7,3028.85,951.3,3033.6,925.05,3022.9,895.3
3-196,Uninfected,No_comment,Polygon,16,3120.5,384.55,3119.3,361.9,3107.4,336.9,3090.75,322.6,3076.45,315.5,3052.65,317.85,3027.65,328.6,3009.8,345.25,3003.85,367.85,3003.85,400,3021.7,426.25,3044.3,442.85,3069.3,439.35,3088.35,430.95,3107.4,414.35,3116.95,397.65
3-197,Uninfected,No_comment,Polygon,25,3383.65,304.75,3372.9,296.45,3359.8,289.3,3355.05,285.7,3333.6,283.35,3319.35,285.7,3319.35,307.15,3334.8,325.05,3334.8,344.1,3316.95,358.35,3314.55,371.45,3320.55,396.45,3324.1,416.7,3324.1,444.05,3324.1,461.9,3339.6,463.1,3363.4,467.85,3377.65,439.35,3389.6,413.1,3412.2,380.95,3421.75,358.35,3422.9,329.75,3418.15,309.55,3408.65,304.75,3401.5,304.75
3-198,Uninfected,No_comment,Polygon,17,3091.95,527.45,3078.85,503.6,3053.85,500,3033.6,505.95,3012.15,517.9,2988.35,532.15,2977.65,556,2969.3,581,2985.95,608.35,3005,623.85,3037.15,627.4,3058.6,622.7,3089.55,611.95,3108.6,597.65,3118.15,581,3111,561.95,3101.45,547.65
3-199,Uninfected,No_comment,Polygon,15,2876.45,490.5,2855,490.5,2843.1,497.65,2825.25,505.95,2814.55,520.25,2808.6,542.9,2807.4,569.05,2820.5,596.4,2846.65,607.15,2875.25,613.15,2902.65,598.85,2916.9,559.6,2914.55,542.9,2905,519.05,2895.5,503.6
3-200,Uninfected,No_comment,Polygon,15,3580.05,344.05,3608.6,327.35,3631.3,317.8,3639.55,298.75,3645.55,267.8,3641.95,238.05,3622.9,214.25,3608.6,205.9,3578.85,202.3,3558.6,204.7,3539.55,221.35,3518.2,265.4,3525.3,301.15,3539.55,327.35,3553.85,345.2
3-201,Uninfected,No_comment,Polygon,15,3386,266.6,3403.9,253.5,3420.5,236.9,3432.4,215.4,3427.65,185.65,3414.55,155.9,3387.15,144,3363.35,142.8,3341.95,151.1,3324.05,167.8,3313.35,192.85,3306.2,215.4,3315.8,241.6,3331.2,260.65,3353.9,271.35
3-202,Uninfected,No_comment,Polygon,14,3299.05,222.55,3299.05,204.7,3270.5,179.75,3238.35,178.5,3213.35,191.6,3194.3,211.9,3178.8,246.35,3187.15,296.4,3215.7,325,3257.4,321.4,3282.4,305.9,3299.05,290.4,3313.35,273.75,3306.2,240.4
3-203,Uninfected,No_comment,Polygon,19,2897.9,340.45,2886,323.75,2860.95,311.85,2839.5,313.1,2813.3,315.4,2794.25,326.15,2787.1,344.05,2789.5,366.6,2790.75,385.65,2808.55,403.55,2828.85,411.85,2841.95,419,2849.05,429.7,2868.05,438.05,2888.3,433.3,2908.55,415.45,2914.5,405.9,2918.1,371.4,2908.55,353.5
3-204,Uninfected,No_comment,Polygon,19,2850.2,71.35,2831.15,58.25,2818.05,51.1,2794.25,40.4,2760.9,58.25,2753.8,77.3,2752.65,97.6,2756.15,119,2771.7,138.05,2791.9,153.5,2813.3,161.85,2835.95,163.05,2844.25,157.1,2849.05,151.1,2858.55,141.65,2862.1,132.1,2865.7,119,2866.95,108.25,2865.7,96.35
3-205,Uninfected,No_comment,Polygon,15,2839.5,613.05,2818.05,613.05,2788.3,617.85,2769.25,634.5,2759.8,648.8,2754.95,665.45,2756.15,686.9,2772.85,707.15,2806.15,720.2,2851.4,714.25,2870.45,698.8,2883.55,679.8,2890.7,658.3,2882.35,639.25,2868.05,623.8
3-206,Uninfected,No_comment,Polygon,24,2777.65,455.9,2766.85,449.95,2751.4,442.8,2738.3,446.4,2719.25,454.7,2708.6,460.7,2696.65,472.6,2688.3,484.5,2683.6,496.45,2683.6,505.9,2683.6,522.6,2688.3,536.85,2708.6,557.1,2720.45,563.05,2752.65,566.65,2760.9,564.25,2772.85,554.75,2782.35,546.45,2790.75,535.7,2799,524.95,2803.85,513.05,2804.95,497.6,2797.85,479.75,2794.25,474.95
3-207,Uninfected,No_comment,Polygon,26,2706.15,404.7,2690.7,390.45,2679.95,379.7,2662.1,373.75,2640.65,367.8,2624,367.8,2607.4,366.6,2595.45,366.6,2593.05,365.45,2585.9,379.7,2579.95,391.6,2576.45,407.15,2576.45,421.4,2577.55,439.3,2582.4,457.1,2590.65,473.75,2606.15,488.05,2651.45,492.8,2668.05,483.35,2681.15,474.95,2689.55,466.65,2697.8,460.7,2704.95,452.35,2709.75,445.25,2712.1,429.7,2710.9,419
3-208,Uninfected,No_comment,Polygon,26,2701.4,261.9,2677.65,260.65,2653.75,273.75,2650.2,280.95,2650.2,301.15,2652.6,319.05,2659.7,335.65,2670.5,351.15,2681.15,363.1,2693.05,376.2,2704.95,389.25,2709.75,391.6,2721.7,392.8,2741.85,392.8,2750.2,388.05,2757.35,382.15,2764.5,374.95,2770.45,361.85,2779.95,339.25,2778.8,316.6,2769.25,305.9,2766.85,297.55,2754.95,285.65,2747.85,280.95,2737.1,271.35,2733.6,267.8
3-209,Uninfected,No_comment,Polygon,20,2793.05,165.4,2770.45,161.85,2759.8,165.4,2746.7,176.15,2739.5,184.45,2734.75,209.45,2733.6,232.1,2746.7,253.5,2762.1,270.2,2778.8,288.05,2797.85,296.4,2809.8,295.2,2832.35,286.85,2845.45,277.35,2855,261.9,2860.95,238.05,2860.95,219,2858.55,202.3,2844.25,182.1,2832.35,172.55
3-210,Uninfected,No_comment,Polygon,15,2652.6,88,2637.1,73.75,2624,65.4,2601.45,66.65,2582.4,74.95,2564.5,101.1,2557.4,127.3,2572.8,158.25,2590.65,185.65,2609.7,198.8,2637.1,196.35,2654.95,185.65,2668.05,164.2,2671.65,140.4,2668.05,119
3-211,Uninfected,No_comment,Polygon,15,2512.15,194,2502.55,189.2,2479.95,184.45,2466.85,179.75,2440.65,195.2,2428.75,210.65,2422.8,239.25,2437.15,282.1,2463.3,301.15,2494.3,313.1,2521.6,301.15,2537.1,283.3,2549,263.05,2546.6,235.65,2539.45,219
3-212,Uninfected,No_comment,Polygon,14,2459.7,373.75,2427.55,370.2,2408.5,378.55,2396.6,395.25,2389.45,421.4,2391.85,453.55,2402.55,477.4,2426.35,484.5,2452.55,485.7,2485.9,471.4,2496.6,454.7,2504.95,434.5,2491.85,398.75,2476.35,380.9
3-213,Uninfected,No_comment,Polygon,14,2340.65,195.2,2333.5,170.15,2308.5,141.65,2275.15,133.25,2240.7,139.2,2222.85,155.9,2219.2,169,2220.4,190.4,2234.75,210.65,2245.4,228.5,2266.9,244,2299.05,249.95,2320.4,242.85,2334.7,229.7
3-214,Uninfected,No_comment,Polygon,18,2425.25,78.55,2403.75,92.8,2388.3,99.95,2374.05,117.8,2360.95,136.85,2366.9,159.45,2381.2,177.3,2399.05,186.85,2421.6,185.65,2437.15,180.9,2458.5,170.15,2471.6,158.25,2481.2,146.35,2485.9,132.05,2487.15,116.65,2484.7,98.75,2476.45,91.65,2463.35,85.65
3-215,Uninfected,No_comment,Polygon,20,2285.95,29.7,2270.4,20.15,2255,14.2,2238.25,14.2,2219.2,18.95,2199,27.3,2188.25,38,2182.3,57.05,2183.55,73.75,2193,94,2197.85,103.5,2204.95,120.15,2215.7,130.9,2253.8,134.45,2280,119,2297.85,114.2,2307.3,101.1,2309.7,80.9,2309.7,65.4,2302.55,51.1
3-216,Uninfected,No_comment,Polygon,18,2118,68.95,2098.95,67.8,2082.35,83.25,2071.65,99.95,2064.5,122.55,2063.25,141.65,2072.8,159.45,2095.45,176.15,2125.15,188.05,2146.65,189.2,2171.65,182.1,2185.9,170.15,2195.4,157.1,2201.35,140.4,2193,122.55,2172.85,95.15,2160.9,82.05,2150.15,74.95
3-217,Uninfected,No_comment,Polygon,18,2023.95,148.75,1990.6,135.7,1968,133.25,1950.2,133.25,1937.1,135.7,1926.4,149.95,1925.2,170.15,1923.95,189.2,1925.2,205.9,1938.3,221.35,1952.55,235.65,1977.55,244,2000.2,239.25,2032.35,233.25,2043,220.2,2046.65,204.7,2044.2,185.65,2040.65,171.35
3-218,Uninfected,No_comment,Polygon,15,2116.85,396.4,2096.65,388.05,2078.75,386.85,2062.05,395.25,2054.9,413.05,2048.95,432.1,2047.75,453.55,2058.55,477.4,2082.35,503.55,2102.6,515.45,2135.9,517.8,2157.3,499.95,2165.7,482.1,2165.7,459.5,2152.6,423.75
3-219,Uninfected,No_comment,Polygon,17,2032.35,429.7,2010.85,411.85,1993,396.4,1971.6,395.25,1950.2,408.3,1938.3,423.75,1931.15,442.8,1929.9,465.45,1937.1,483.35,1952.55,504.75,1964.5,520.2,2000.2,533.3,2021.6,529.75,2038.3,515.45,2048.95,498.75,2043,484.5,2034.7,463.05
3-220,Uninfected,No_comment,Polygon,16,1885.85,441.65,1863.3,429.7,1845.35,436.85,1829.95,449.95,1824,466.65,1821.55,484.5,1822.75,507.1,1835.9,526.15,1852.5,538.05,1885.85,546.45,1904.9,536.85,1916.8,521.45,1920.4,501.15,1920.4,489.3,1916.8,478.55,1906.15,465.45
3-221,Uninfected,No_comment,Polygon,14,2679.95,742.9,2669.25,710.75,2647.8,690.45,2607.4,678.55,2581.15,690.45,2556.15,713.1,2551.4,741.65,2563.35,766.65,2576.45,786.95,2604.95,804.75,2625.2,801.2,2649,794.1,2663.3,782.2,2674,767.9
3-222,Uninfected,No_comment,Polygon,16,2728.8,784.5,2707.35,784.5,2682.35,791.65,2666.85,809.55,2656.15,828.6,2664.55,867.85,2675.2,880.95,2688.3,891.7,2703.75,896.45,2732.35,900,2751.4,885.7,2763.3,872.65,2770.45,858.35,2770.45,834.55,2759.8,814.3,2749,802.4
3-223,Uninfected,No_comment,Polygon,17,2768.05,902.4,2738.3,901.25,2725.2,910.75,2709.75,925,2702.65,936.9,2704.95,978.6,2713.3,997.65,2724,1009.6,2752.65,1021.5,2771.7,1019.05,2791.9,1008.4,2801.4,997.65,2809.8,984.55,2810.95,966.7,2802.6,946.5,2796.7,935.75,2787.1,917.85
3-224,Uninfected,No_comment,Polygon,16,2670.5,897.65,2658.6,865.5,2645.5,844.1,2622.8,826.25,2601.45,826.25,2578.75,833.35,2560.9,848.8,2554.95,867.85,2553.75,886.9,2568.05,916.7,2576.45,929.8,2597.8,944.05,2618.05,951.25,2650.2,954.8,2664.55,938.15,2670.5,920.3
3-225,Uninfected,No_comment,Polygon,17,2634.7,963.1,2604.95,954.8,2578.75,953.6,2557.4,959.55,2543.05,973.85,2525.25,994.05,2519.3,1021.5,2520.4,1042.9,2532.35,1061.95,2545.45,1077.45,2558.5,1085.75,2587.1,1095.25,2624,1078.65,2635.9,1063.1,2649,1030.95,2656.15,1003.6,2654.95,985.75
3-226,Uninfected,No_comment,Polygon,15,2494.3,989.35,2460.9,975,2434.7,976.25,2397.8,1000,2390.65,1019.05,2391.85,1041.7,2407.3,1064.3,2425.2,1077.45,2447.8,1083.35,2471.6,1088.1,2493.05,1075.05,2504.95,1058.4,2509.7,1039.35,2507.35,1020.3,2499,1003.6
3-227,Uninfected,No_comment,Polygon,19,2701.4,1051.2,2676.4,1050,2660.9,1046.5,2649,1057.15,2639.55,1072.7,2633.55,1092.9,2631.15,1109.6,2644.25,1126.2,2660.9,1136.95,2681.15,1152.4,2695.5,1163.15,2712.1,1170.25,2726.4,1167.9,2738.3,1158.35,2747.85,1144.1,2747.85,1115.55,2745.45,1091.75,2740.75,1075.05,2724,1054.8
3-228,Uninfected,No_comment,Polygon,16,2886,1023.85,2856.15,1030.95,2833.55,1046.5,2824,1063.1,2819.25,1085.75,2821.65,1106,2831.15,1125.05,2847.9,1138.15,2871.65,1145.25,2903.8,1145.25,2922.85,1132.15,2941.9,1097.7,2945.45,1082.15,2936,1057.15,2924.1,1040.55,2901.4,1027.45
3-229,Uninfected,No_comment,Polygon,21,3034.75,1197.75,3059.75,1204.85,3081.25,1206.05,3093.1,1188.2,3093.1,1171.5,3085.95,1152.45,3084.8,1140.6,3078.8,1125.1,3069.35,1104.85,3063.4,1100.1,3049.05,1092.95,3044.35,1092.95,3021.65,1095.3,3003.8,1098.9,2990.7,1107.2,2977.6,1117.95,2970.5,1138.15,2969.35,1162,2980.05,1182.25,2993.15,1189.35,3012.2,1190.55
3-230,Uninfected,No_comment,Polygon,20,2869.3,1172.75,2856.25,1157.2,2841.95,1140.6,2830.05,1132.2,2819.3,1127.45,2799.1,1120.3,2778.85,1114.35,2766.95,1110.8,2757.35,1113.15,2751.4,1144.15,2749.05,1169.15,2756.15,1192.95,2774.1,1213.2,2793.15,1225.1,2820.45,1231.05,2836,1225.1,2850.25,1217.95,2861,1210.85,2865.7,1204.85,2870.45,1190.55
3-231,Uninfected,No_comment,Polygon,23,2914.5,1244.15,2890.7,1250.1,2875.3,1260.85,2866.95,1266.7,2859.75,1279.9,2852.6,1297.7,2850.25,1315.55,2859.75,1329.85,2875.3,1339.4,2893.15,1338.2,2911,1343,2920.45,1347.7,2934.75,1350.15,2951.45,1362.05,2945.5,1345.35,2941.9,1329.85,2943.15,1319.15,2959.75,1322.7,2965.7,1315.55,2956.25,1301.3,2949.1,1284.6,2937.2,1266.7,2926.45,1258.4
3-232,Uninfected,No_comment,Polygon,16,2899.05,1340.55,2877.6,1348.9,2865.7,1356.1,2858.55,1372.7,2852.6,1392.95,2853.85,1412,2870.45,1435.8,2894.35,1458.45,2916.95,1464.4,2952.6,1448.9,2965.7,1433.45,2972.85,1419.2,2964.55,1394.2,2958.55,1379.85,2943.15,1360.8,2931.15,1350.15
3-233,Uninfected,No_comment,Polygon,19,2614.55,1284.6,2619.25,1260.85,2614.55,1238.2,2602.65,1222.75,2588.35,1204.85,2575.2,1197.75,2558.6,1197.75,2540.7,1200.1,2525.25,1212,2513.35,1225.1,2507.4,1241.8,2504.95,1259.6,2503.75,1278.65,2516.85,1296.5,2531.2,1313.2,2546.7,1323.95,2575.2,1326.3,2591.85,1314.4,2606.15,1304.9
3-234,Uninfected,No_comment,Polygon,19,2609.8,1351.3,2599,1344.15,2578.8,1344.15,2571.7,1345.35,2564.55,1358.45,2558.6,1370.35,2556.15,1390.6,2554.95,1409.65,2556.15,1431.05,2562.1,1448.9,2577.65,1464.4,2589.55,1472.75,2610.9,1477.5,2637.1,1467.95,2647.9,1448.9,2650.2,1432.3,2645.5,1398.9,2638.3,1376.3,2628.85,1365.6
3-235,Uninfected,No_comment,Polygon,22,2355,1285.85,2339.45,1282.25,2314.45,1290.55,2303.8,1302.45,2294.25,1322.7,2284.75,1335.8,2277.55,1345.35,2271.6,1362.05,2277.55,1375.15,2285.95,1389.4,2302.55,1404.85,2325.25,1408.45,2341.9,1398.9,2355,1390.6,2368.1,1383.45,2378.75,1375.15,2385.95,1366.75,2393.1,1354.85,2394.3,1335.8,2389.45,1312.05,2378.75,1301.3,2375.25,1297.7
3-236,Uninfected,No_comment,Polygon,16,2385.95,1394.2,2356.2,1400.15,2334.7,1415.6,2324.05,1432.3,2322.85,1456.05,2326.35,1476.35,2338.3,1502.5,2363.35,1512,2393.1,1516.8,2409.7,1514.45,2428.75,1501.35,2438.35,1487,2439.5,1466.8,2434.7,1442.95,2425.25,1425.15,2410.9,1408.45
3-237,Uninfected,No_comment,Polygon,17,2458.55,1382.25,2445.5,1394.2,2440.65,1425.15,2447.8,1447.75,2462.15,1471.55,2476.45,1485.8,2501.45,1492.95,2524,1494.15,2539.55,1492.95,2554.95,1476.35,2558.6,1460.8,2549,1444.2,2539.55,1422.7,2534.75,1407.25,2518.05,1388.2,2501.45,1378.65,2483.55,1378.65
3-238,Uninfected,No_comment,Polygon,18,2663.3,1487,2643.05,1478.7,2616.9,1491.8,2603.8,1506.05,2597.85,1526.35,2595.5,1552.5,2597.85,1571.55,2612.1,1587,2627.65,1596.6,2647.9,1603.7,2664.55,1600.1,2678.85,1589.45,2691.95,1577.55,2706.15,1563.2,2711,1550.1,2709.8,1535.85,2693.05,1513.2,2683.6,1502.5
3-239,Uninfected,No_comment,Polygon,16,2410.9,1563.2,2389.45,1553.7,2377.55,1552.5,2358.5,1562,2344.3,1573.95,2332.35,1595.35,2330,1615.65,2334.7,1635.85,2350.25,1658.45,2368.1,1669.15,2391.85,1669.15,2413.35,1659.7,2424.05,1648.95,2430,1633.5,2433.55,1616.8,2426.45,1583.5
3-240,Uninfected,No_comment,Polygon,15,2452.6,1682.25,2433.55,1675.15,2415.65,1671.6,2394.3,1685.85,2382.4,1708.45,2375.25,1732.3,2384.7,1753.75,2394.3,1769.2,2422.8,1776.35,2439.5,1776.35,2468.1,1762.05,2476.45,1750.15,2483.55,1731.1,2484.7,1710.85,2465.65,1688.2
3-241,Uninfected,No_comment,Polygon,16,2539.55,1694.2,2516.85,1697.8,2501.45,1706.1,2489.55,1725.15,2482.4,1748.95,2483.55,1768,2488.35,1785.9,2504.95,1802.5,2521.65,1812.05,2544.3,1818,2564.55,1813.25,2581.15,1793,2584.75,1773.95,2590.75,1738.25,2579.95,1713.25,2559.75,1695.35
3-242,Uninfected,No_comment,Polygon,19,2713.3,1693,2689.55,1690.65,2666.9,1690.65,2647.9,1704.9,2631.15,1723.95,2627.65,1752.5,2635.95,1771.55,2657.35,1788.25,2670.5,1791.85,2685.95,1793,2702.65,1789.4,2718.1,1781.1,2719.25,1778.7,2728.85,1766.85,2734.8,1751.3,2737.1,1739.4,2736,1729.9,2728.85,1714.4,2726.4,1707.25
3-243,Uninfected,No_comment,Polygon,19,3381.25,1600.1,3386.05,1591.8,3380.1,1570.4,3370.5,1537,3350.3,1526.35,3303.9,1512,3284.85,1519.15,3271.75,1535.85,3271.75,1556.05,3272.95,1577.55,3265.8,1598.95,3262.15,1620.35,3267,1638.2,3286.05,1647.75,3313.35,1650.1,3334.85,1648.95,3345.5,1641.8,3361.05,1631.1,3372.95,1618
3-244,Uninfected,No_comment,Polygon,16,3268.1,1547.7,3266.9,1519.1,3249.05,1500.05,3234.8,1496.5,3205,1506,3185.95,1528.65,3177.65,1559.65,3175.25,1584.65,3190.7,1600.05,3218.1,1617.95,3230,1631.05,3243.1,1646.55,3257.4,1633.45,3259.8,1623.9,3265.85,1607.15,3270.55,1588.15
3-245,Uninfected,No_comment,Polygon,21,3263.3,1807.35,3274.05,1791.85,3274.05,1774,3264.6,1760.9,3260.95,1741.85,3255,1722.8,3245.55,1713.25,3230,1702.55,3215.7,1700.2,3206.2,1699,3191.9,1700.2,3185.95,1707.3,3175.2,1722.8,3166.9,1735.9,3160.95,1753.75,3162.15,1772.8,3176.45,1794.25,3184.75,1807.35,3202.6,1818.05,3226.5,1822.8,3246.65,1822.8
3-246,Uninfected,No_comment,Polygon,13,3169.35,1706.15,3171.7,1682.3,3155.05,1663.25,3145.5,1653.75,3126.45,1650.15,3095.5,1660.9,3077.65,1675.15,3072.9,1693.05,3070.5,1714.45,3089.55,1743.05,3125.25,1757.35,3141.95,1741.85,3157.4,1722.8
3-247,Uninfected,No_comment,Polygon,16,3162.2,1607.3,3164.55,1577.55,3153.85,1557.3,3136,1537.05,3124.1,1528.75,3100.25,1529.9,3081.2,1538.25,3059.8,1551.35,3051.45,1584.7,3051.45,1615.65,3065.75,1643.05,3090.75,1653.75,3112.2,1652.55,3132.4,1649.05,3149.1,1639.45,3161,1621.6
3-248,Uninfected,No_comment,Polygon,17,3062.15,1691.85,3053.85,1675.15,3043.1,1665.65,3018.1,1663.25,2995.5,1670.4,2975.25,1681.15,2966.95,1696.6,2965.75,1719.25,2968.1,1747.8,3001.45,1785.9,3028.85,1782.35,3049.1,1769.25,3068.15,1768.05,3075.25,1752.55,3076.45,1734.7,3068.15,1718.05,3064.55,1704.95
3-249,Uninfected,No_comment,Polygon,20,3051.45,1782.35,3032.4,1789.45,3013.35,1791.85,3001.45,1801.4,3001.45,1831.15,3008.6,1851.4,3014.55,1868.05,3031.2,1885.9,3052.65,1894.25,3070.5,1895.45,3088.35,1889.5,3115.75,1869.25,3125.25,1851.4,3132.4,1831.15,3130.05,1813.3,3121.7,1799,3114.55,1787.1,3112.2,1785.9,3105.05,1783.5,3087.2,1779.95
3-250,Uninfected,No_comment,Polygon,18,2959.8,1850.2,2924.05,1834.7,2900.25,1839.5,2885.95,1847.8,2876.45,1857.35,2866.9,1869.25,2846.7,1899,2853.8,1938.3,2859.75,1952.6,2884.8,1959.7,2903.85,1964.5,2934.8,1950.2,2953.85,1935.9,2963.35,1927.6,2977.65,1916.85,2980,1896.6,2976.45,1875.2,2969.3,1868.05
3-251,Uninfected,No_comment,Polygon,20,2859.75,1799,2827.65,1783.5,2780,1774,2752.6,1795.4,2735.95,1812.1,2735.95,1840.65,2739.55,1858.5,2744.3,1870.45,2755,1882.35,2796.65,1894.25,2809.75,1894.25,2824.05,1893.05,2838.35,1883.55,2852.65,1872.8,2863.35,1860.9,2875.25,1849,2880,1840.65,2881.2,1826.4,2872.85,1814.45,2868.1,1810.9
3-252,Uninfected,No_comment,Polygon,15,2795.5,1596.6,2780,1577.55,2752.6,1571.6,2727.6,1570.4,2702.6,1587.05,2685.95,1601.35,2688.35,1633.5,2697.85,1658.5,2712.15,1671.6,2741.9,1682.3,2766.9,1685.9,2780,1676.35,2794.3,1663.25,2801.45,1651.35,2805,1626.35
3-253,Uninfected,No_comment,Polygon,20,2971.7,1946.65,2951.45,1947.8,2934.8,1957.35,2920.5,1968.05,2907.4,1982.35,2901.45,2004.95,2902.65,2027.6,2914.55,2047.85,2938.35,2063.3,2966.95,2058.55,2982.4,2053.8,2994.3,2052.6,3008.6,2041.85,3019.3,2029.95,3022.9,2022.85,3025.25,2008.55,3025.25,1990.7,3022.9,1976.4,3009.8,1963.3,3000.25,1954.95
3-254,Uninfected,No_comment,Polygon,18,2758.55,1916.85,2739.55,1916.85,2716.9,1922.8,2696.65,1938.3,2685.95,1954.95,2687.15,1971.65,2695.45,1993.05,2709.75,2009.75,2730,2018.05,2753.8,2021.65,2775.25,2015.7,2789.55,2002.6,2794.3,1990.7,2795.5,1976.4,2793.1,1962.1,2787.15,1946.65,2783.6,1940.65,2778.8,1932.35
3-255,Uninfected,No_comment,Polygon,14,2652.6,1884.7,2628.8,1875.2,2612.15,1874,2597.85,1881.15,2582.35,1904.95,2578.8,1931.15,2583.55,1952.6,2602.6,1972.8,2626.4,1983.55,2653.8,1981.15,2676.4,1954.95,2678.8,1940.65,2683.55,1925.2,2674.05,1907.35
3-256,Uninfected,No_comment,Polygon,16,2844.3,2006.15,2819.3,2008.55,2800.25,2022.85,2794.3,2047.85,2795.5,2071.65,2803.8,2094.25,2813.35,2108.55,2835.95,2122.85,2868.1,2124,2890.75,2114.5,2907.4,2097.85,2913.35,2078.8,2913.35,2060.9,2901.45,2043.05,2887.15,2019.25,2868.1,2007.35
3-257,Uninfected,No_comment,Polygon,18,3020.5,2064.5,2993.1,2065.7,2968.1,2069.25,2950.25,2074,2933.6,2081.15,2918.1,2094.25,2907.4,2108.55,2901.45,2127.6,2905,2143.05,2926.45,2158.55,2944.3,2156.15,2971.7,2153.8,2994.3,2144.25,3011,2133.55,3025.25,2120.45,3038.35,2106.15,3041.95,2091.9,3038.35,2076.4
3-258,Uninfected,No_comment,Polygon,17,2796.65,2103.8,2774.05,2091.9,2750.25,2091.9,2730,2100.2,2716.9,2115.7,2707.4,2135.95,2703.8,2151.4,2706.2,2176.4,2726.45,2200.2,2743.1,2209.75,2774.05,2215.7,2793.1,2209.75,2808.6,2189.5,2819.3,2172.85,2821.7,2152.6,2815.7,2134.75,2808.6,2122.85