266,5312,2988
4-1,White_Blood_Cell,No_comment,Polygon,20,3475.25,277.15,3505.45,236.2,3533.1,225.35,3565.7,218.1,3600.65,221.7,3622.3,225.35,3662.1,241,3668.05,257.85,3674.15,277.15,3680.1,316.9,3677.7,351.85,3659.7,383.2,3639.2,403.7,3619.85,413.3,3582.5,414.45,3540.4,401.25,3516.3,375.95,3496.95,353.05,3488.5,345.85,3475.25,314.5
4-2,Uninfected,No_comment,Polygon,20,1849.7,2310.1,1849.7,2298.2,1843.75,2280.4,1832.85,2270.45,1816,2251.65,1792.25,2245.7,1765.5,2257.6,1747.7,2267.5,1736.8,2288.3,1729.85,2306.1,1732.8,2328.9,1738.8,2347.7,1750.65,2366.5,1773.45,2378.4,1803.15,2378.4,1813.05,2369.5,1821.95,2363.55,1832.85,2351.65,1837.8,2339.8,1841.75,2328.9
4-3,Uninfected,No_comment,Polygon,20,1899.2,2320.95,1875.45,2335.85,1865.55,2348.7,1852.65,2364.55,1851.65,2383.35,1856.6,2400.2,1864.55,2412.05,1879.4,2428.9,1897.2,2439.8,1922.95,2444.75,1942.75,2438.8,1958.6,2429.9,1969.5,2416.05,1977.4,2401.2,1977.4,2379.4,1979.4,2358.6,1972.45,2336.8,1961.6,2324.95,1945.75,2314.05,1928.9,2312.05
4-4,Uninfected,No_comment,Polygon,22,1694.25,2313.05,1682.3,2305.15,1647.7,2306.1,1629.85,2311.05,1616,2320,1603.15,2326.9,1593.25,2338.8,1586.3,2350.7,1584.3,2366.5,1581.35,2386.35,1585.3,2401.2,1595.2,2416.05,1610.05,2429.9,1627.9,2438.8,1655.6,2443.75,1689.3,2441.8,1718,2420,1724.9,2408.1,1729.85,2388.3,1730.85,2378.4,1723.95,2357.6,1716,2341.75
4-5,Uninfected,No_comment,Polygon,20,1504.1,2352.65,1484.3,2354.65,1462.5,2360.6,1452.6,2370.5,1447.65,2385.35,1446.7,2399.2,1450.65,2417,1455.6,2431.85,1471.45,2449.7,1484.3,2459.6,1510.05,2469.5,1534.8,2466.55,1553.6,2458.6,1564.5,2445.75,1569.45,2437.8,1570.45,2421.95,1569.45,2410.1,1563.5,2390.3,1551.65,2374.45,1540.75,2366.5
4-6,Uninfected,No_comment,Polygon,12,1633.85,2178.4,1628.85,2161.55,1616,2149.65,1595.2,2142.75,1562.55,2145.7,1538.75,2157.6,1521.95,2182.35,1517.95,2201.15,1526.9,2220,1547.7,2235.8,1599.15,2242.75,1627.9,2219
4-7,Uninfected,No_comment,Polygon,13,1766.5,2095.2,1751.65,2103.15,1735.8,2116,1720.95,2139.75,1721.95,2163.55,1737.8,2186.3,1756.6,2196.2,1787.3,2199.2,1805.15,2185.3,1817,2166.5,1820.95,2134.8,1816,2109.05,1798.2,2094.2
4-8,Uninfected,No_comment,Polygon,13,1906.15,2080.35,1877.4,2082.35,1860.6,2093.25,1841.75,2108.1,1832.85,2149.65,1833.8,2178.4,1852.65,2205.1,1876.4,2204.15,1916.05,2192.25,1938.8,2173.45,1948.7,2151.65,1940.8,2125.9,1935.85,2101.15
4-9,Uninfected,No_comment,Polygon,12,2136.85,1988.25,2103.15,1976.4,2068.5,1987.3,2044.75,2011.05,2039.8,2033.8,2042.75,2059.55,2059.6,2082.35,2080.4,2091.3,2120,2077.4,2143.75,2061.55,2154.65,2029.85,2149.7,2007.1
4-10,Uninfected,No_comment,Polygon,16,2157.65,2095.2,2129.9,2089.25,2107.15,2100.15,2086.35,2119,2077.45,2144.7,2078.4,2165.5,2094.25,2186.3,2116.05,2205.1,2137.85,2210.05,2161.6,2215,2179.4,2201.15,2187.35,2190.25,2181.4,2168.5,2179.4,2148.7,2180.4,2124.9,2175.45,2106.1
4-11,Uninfected,No_comment,Polygon,12,2253.7,2091.3,2222,2095.2,2201.2,2110.05,2190.3,2135.8,2195.25,2161.55,2202.15,2176.4,2225.95,2191.25,2251.7,2184.35,2273.5,2169.5,2283.4,2146.7,2279.45,2125.9,2269.55,2102.15
4-12,Uninfected,No_comment,Polygon,16,2399.25,2113.05,2390.35,2088.3,2377.45,2073.45,2358.6,2061.55,2334.9,2063.55,2315.05,2072.45,2301.2,2096.2,2294.3,2125.9,2294.3,2149.65,2297.25,2172.45,2316.05,2192.25,2341.8,2199.2,2364.6,2196.2,2385.4,2182.35,2398.25,2163.55,2404.2,2138.8
4-13,Uninfected,No_comment,Polygon,17,2268.55,1920.95,2243.8,1927.85,2230.9,1939.75,2219.05,1955.6,2208.15,1970.45,2205.15,1995.2,2216.05,2021.95,2239.8,2041.75,2273.5,2042.75,2293.3,2027.9,2305.15,2015,2309.15,2002.15,2310.1,1982.35,2311.1,1962.55,2313.05,1949.65,2295.25,1930.85,2284.4,1923.9
4-14,Uninfected,No_comment,Polygon,15,1908.1,1930.85,1880.4,1931.85,1858.6,1931.85,1839.8,1942.7,1826.9,1959.55,1824.95,1974.4,1830.85,1998.15,1838.75,2019.95,1860.6,2037.8,1886.3,2036.8,1909.1,2025.9,1923.95,2010.05,1932.85,1990.25,1932.85,1971.45,1923.95,1948.65
4-15,Uninfected,No_comment,Polygon,19,1801.15,1966.5,1791.25,1956.6,1781.35,1949.65,1762.55,1949.65,1747.7,1953.6,1735.8,1963.5,1726.9,1977.4,1720.95,1987.3,1719,2003.1,1730.85,2021.95,1740.75,2034.8,1744.75,2048.65,1763.55,2070.45,1782.35,2079.35,1808.1,2061.55,1820,2047.7,1820.95,2034.8,1817,2018.95,1809.1,1991.25
4-16,Uninfected,No_comment,Polygon,18,1688.3,2014,1663.55,2016,1643.75,2027.9,1632.85,2038.75,1626.85,2071.45,1624.9,2101.15,1632.85,2125.9,1648.7,2147.7,1671.45,2153.65,1696.2,2148.7,1708.1,2137.8,1719.95,2118,1731.85,2103.15,1742.75,2092.25,1752.65,2076.4,1738.8,2051.65,1720.95,2036.8,1708.1,2024.9
4-17,Uninfected,No_comment,Polygon,15,1601.15,2032.85,1575.4,2016,1553.6,2009.05,1532.85,2011.05,1502.15,2032.85,1483.3,2048.65,1475.4,2069.45,1474.4,2089.25,1489.25,2109.05,1507.1,2125.9,1538.75,2122.95,1568.45,2122.95,1589.25,2105.1,1605.1,2087.3,1611.05,2052.65
4-18,Uninfected,No_comment,Polygon,15,1432.8,2093.25,1416,2092.25,1392.2,2105.1,1369.45,2122.95,1364.45,2139.75,1360.55,2166.5,1362.5,2182.35,1377.35,2193.25,1398.15,2201.15,1442.7,2192.25,1466.5,2178.4,1477.4,2160.55,1480.35,2138.8,1471.45,2118,1461.55,2103.15
4-19,Uninfected,No_comment,Polygon,19,2190.3,2250.65,2166.55,2240.75,2134.85,2244.75,2113.1,2255.6,2104.15,2265.5,2098.2,2283.35,2098.2,2315.05,2105.15,2328.9,2121,2345.75,2131.9,2357.6,2141.8,2364.55,2151.65,2367.5,2170.5,2368.5,2186.35,2353.65,2198.25,2337.8,2210.1,2320.95,2215.05,2301.15,2211.1,2279.4,2203.2,2262.55
4-20,Uninfected,No_comment,Polygon,15,2026.95,2342.75,2010.1,2357.6,1992.25,2386.35,1982.35,2411.1,1997.2,2437.8,2019,2448.7,2047.7,2450.7,2077.45,2445.75,2103.15,2424.95,2124.95,2410.1,2134.85,2388.3,2117.05,2362.55,2102.2,2349.7,2080.4,2344.75,2059.6,2344.75
4-21,Uninfected,No_comment,Polygon,14,2235.85,2321.95,2217.05,2328.9,2203.2,2342.75,2193.3,2365.55,2193.3,2383.35,2204.15,2403.15,2223,2420,2243.8,2422.95,2282.4,2406.15,2292.3,2386.35,2292.3,2365.55,2284.4,2344.75,2272.5,2331.85,2263.6,2325.9
4-22,Uninfected,No_comment,Polygon,19,2311.1,2212.05,2286.35,2214.05,2267.55,2222.95,2246.75,2243.75,2235.85,2268.5,2234.85,2292.25,2240.8,2313.05,2270.5,2319,2284.4,2325.9,2294.3,2334.85,2306.15,2338.8,2316.05,2339.8,2330.9,2338.8,2343.8,2323.95,2360.6,2302.15,2362.6,2277.4,2362.6,2254.65,2351.7,2233.85,2345.75,2229.9
4-23,Uninfected,No_comment,Polygon,16,2437.85,2291.25,2405.2,2287.3,2388.35,2296.2,2373.5,2310.1,2359.65,2327.9,2350.7,2346.7,2357.65,2380.4,2381.4,2402.15,2416.05,2415.05,2433.9,2415.05,2447.75,2410.1,2459.65,2399.2,2470.55,2383.35,2474.45,2346.7,2463.6,2320,2452.7,2305.15
4-24,Uninfected,No_comment,Polygon,17,2196.25,2447.7,2183.4,2433.85,2171.5,2425.95,2156.6,2422.95,2135.85,2429.9,2109.1,2440.8,2097.25,2454.65,2073.45,2481.4,2080.4,2512.1,2085.35,2529.9,2114.05,2546.75,2142.8,2552.7,2159.6,2546.75,2179.4,2536.85,2192.3,2521,2202.15,2496.25,2202.15,2474.45
4-25,Uninfected,No_comment,Polygon,16,1871.45,2474.45,1873.45,2459.6,1867.5,2443.75,1850.7,2426.9,1828.85,2418,1795.25,2419,1773.45,2432.85,1755.6,2452.65,1749.7,2474.45,1749.7,2503.15,1764.55,2528.9,1799.2,2546.75,1829.9,2545.75,1845.75,2532.85,1855.65,2521,1867.5,2505.15
4-26,Uninfected,No_comment,Polygon,20,1740.75,2527.9,1734.85,2512.1,1727.85,2496.25,1710.05,2492.3,1687.3,2490.3,1670.45,2496.25,1651.65,2512.1,1641.75,2524.95,1635.8,2540.8,1633.85,2563.55,1647.7,2579.4,1672.4,2593.3,1684.35,2596.25,1707.1,2591.3,1725.9,2590.3,1750.65,2593.3,1769.5,2583.35,1772.45,2568.5,1768.5,2553.65,1753.65,2543.75
4-27,Uninfected,No_comment,Polygon,17,1594.2,2487.35,1587.3,2481.4,1567.5,2473.45,1549.65,2474.45,1526.9,2484.35,1512.05,2496.25,1503.1,2510.1,1496.2,2524.95,1493.2,2542.8,1501.15,2561.6,1513,2575.45,1531.85,2583.35,1565.5,2569.5,1582.35,2557.65,1598.2,2546.75,1608.1,2527.9,1607.1,2506.15
4-28,Uninfected,No_comment,Polygon,14,1955.65,2548.7,1932.85,2559.6,1924.95,2580.4,1921.95,2604.15,1924.95,2631.9,1937.8,2648.75,1955.65,2658.65,1974.45,2659.6,1994.25,2661.6,2012.1,2652.7,2021,2629.9,2020,2608.15,2013.05,2573.45,1986.35,2547.75
4-29,Uninfected,No_comment,Polygon,18,2342.8,2483.35,2330.9,2464.55,2300.2,2447.7,2265.55,2453.65,2246.75,2478.4,2239.8,2503.15,2242.8,2535.85,2250.7,2558.6,2263.6,2569.5,2277.45,2567.55,2295.25,2576.45,2319.05,2583.35,2345.75,2580.4,2355.65,2569.5,2358.6,2544.75,2348.75,2527.9,2347.75,2511.1,2346.75,2497.25
4-30,Uninfected,No_comment,Polygon,19,2415.1,2464.55,2395.3,2466.55,2375.5,2480.4,2359.65,2503.15,2349.7,2522.9,2352.7,2539.75,2368.5,2547.75,2381.4,2558.6,2390.35,2564.55,2408.15,2569.5,2432.9,2578.4,2447.75,2587.35,2469.5,2591.3,2482.4,2585.35,2490.35,2570.5,2492.3,2546.75,2485.4,2518,2464.55,2489.3,2443.8,2470.5
4-31,Uninfected,No_comment,Polygon,15,1734.8,2601.25,1699.15,2608.15,1678.4,2617.05,1662.55,2633.9,1661.5,2654.7,1670.45,2677.5,1687.25,2691.3,1714,2714.1,1738.8,2714.1,1767.45,2697.3,1781.35,2678.45,1783.3,2641.85,1782.3,2619.05,1765.5,2604.2,1755.6,2604.2
4-32,Uninfected,No_comment,Polygon,16,1868.45,2599.25,1843.7,2596.3,1819.95,2608.15,1809.1,2624,1805.1,2644.8,1797.2,2674.5,1819,2706.15,1832.8,2713.1,1854.65,2729.95,1873.4,2725,1887.3,2722.05,1901.15,2703.2,1912.05,2677.5,1912.05,2655.65,1905.15,2634.85,1897.2,2620
4-33,Uninfected,No_comment,Polygon,14,1992.25,2678.45,1975.45,2672.55,1953.65,2673.5,1931.85,2687.4,1918,2707.2,1915.05,2733.9,1918.95,2747.8,1940.75,2769.55,1967.5,2780.45,1997.2,2764.6,2018,2747.8,2022.95,2724,2021.95,2704.2,2015,2691.3
4-34,Uninfected,No_comment,Polygon,16,2048.7,2589.35,2041.75,2598.25,2035.85,2611.15,2032.85,2632.9,2028.9,2656.7,2028.9,2675.45,2052.65,2693.3,2082.35,2694.3,2110.1,2686.35,2128.9,2669.55,2140.75,2644.8,2136.85,2623,2128.9,2599.25,2116,2590.3,2101.15,2585.35,2063.55,2579.4
4-35,Uninfected,No_comment,Polygon,18,2282.35,2575.45,2257.6,2575.45,2237.85,2585.35,2220,2601.25,2212.05,2618.05,2209.1,2637.85,2212.05,2662.6,2223.95,2680.4,2246.7,2700.25,2274.45,2704.2,2294.25,2706.15,2315.05,2696.25,2330.9,2688.35,2338.85,2667.55,2329.9,2630.9,2322.95,2602.2,2307.1,2586.4,2300.2,2582.4
4-36,Uninfected,No_comment,Polygon,16,2370.5,2577.45,2358.6,2588.35,2342.75,2604.2,2336.85,2622.05,2335.85,2642.8,2343.8,2666.6,2362.55,2685.35,2406.15,2697.3,2434.9,2696.25,2450.7,2672.55,2457.65,2639.8,2453.65,2624.95,2436.85,2599.25,2420.05,2586.4,2406.15,2578.45,2400.2,2576.5
4-37,Uninfected,No_comment,Polygon,16,1814.05,2722.05,1799.2,2717.1,1785.3,2720.05,1765.5,2729.95,1751.65,2742.85,1744.7,2771.5,1745.7,2792.3,1757.55,2826,1787.3,2842.8,1810.05,2839.85,1829.85,2829.95,1842.75,2818.1,1849.7,2798.3,1856.6,2766.55,1851.65,2747.8,1844.75,2739.85
4-38,Uninfected,No_comment,Polygon,18,2395.25,2709.15,2368.5,2704.2,2339.8,2701.2,2320,2710.15,2307.1,2721,2300.2,2738.85,2292.25,2758.65,2290.3,2778.5,2297.2,2794.3,2322.95,2805.2,2351.7,2815.1,2376.45,2814.1,2402.2,2803.25,2410.1,2787.35,2417.05,2771.5,2420.05,2753.7,2415.05,2737.9,2411.1,2725.95
4-39,Uninfected,No_comment,Polygon,46,2132.8,2844.75,2136.8,2833.9,2136.8,2819,2128.85,2801.15,2119.9,2793.3,2103.1,2793.3,2095.15,2796.2,2082.3,2798.25,2077.35,2798.25,2068.45,2797.2,2063.5,2796.2,2063.5,2796.2,2055.55,2801.15,2049.6,2802.15,2037.75,2802.15,2028.8,2801.15,2025.9,2803.2,2017.95,2816.05,2013,2832.9,2011.05,2843.8,2012,2856.6,2009,2861.6,1998.1,2869.5,1994.15,2875.45,1992.2,2885.35,1989.2,2891.3,1975.4,2907.1,1979.3,2922.95,1985.3,2931.9,2001.1,2949.75,2016,2956.65,2031.8,2957.6,2042.7,2952.65,2043.65,2952.6,2058.55,2954.7,2074.35,2950.7,2084.25,2940.8,2088.25,2931.9,2095.15,2924,2096.15,2912.1,2096.15,2902.15,2103.1,2894.3,2114.95,2883.4,2120.9,2875.45,2136.8,2861.6,2140.7,2857.6
4-40,Uninfected,No_comment,Polygon,23,2319.95,2823,2309.05,2815.05,2301.1,2810.1,2283.35,2810.1,2267.45,2818.05,2255.55,2838.85,2250.6,2857.6,2255.55,2878.45,2264.5,2891.3,2274.4,2908.1,2303.15,2912.1,2320.9,2912.1,2333.85,2914.1,2351.6,2915.05,2362.5,2908.1,2374.4,2897.2,2381.35,2887.3,2385.3,2874.45,2383.3,2855.65,2377.35,2844.75,2370.45,2837.8,2364.5,2832.9,2350.65,2830.9
4-41,Uninfected,No_comment,Polygon,17,2598.2,2624,2596.25,2584.35,2586.35,2561.6,2574.4,2551.7,2564.5,2548.75,2542.75,2546.75,2523.9,2549.7,2507.1,2564.55,2494.2,2580.4,2490.3,2600.2,2487.3,2625.95,2492.25,2642.8,2505.15,2656.7,2525.9,2666.6,2555.65,2664.6,2573.4,2653.7,2583.35,2640.8
4-42,Uninfected,No_comment,Polygon,18,2681.35,2486.35,2665.5,2492.3,2649.65,2495.3,2640.75,2506.15,2633.85,2520,2630.85,2545.8,2633.85,2563.6,2648.7,2585.35,2677.4,2600.2,2718,2593.3,2730.85,2578.45,2742.75,2562.6,2743.75,2547.75,2745.7,2529.9,2741.75,2513.1,2735.8,2501.2,2722,2489.3,2719,2487.35
4-43,Uninfected,No_comment,Polygon,20,2816,2523,2795.25,2523,2767.55,2530.95,2756.6,2542.8,2749.7,2564.55,2742.75,2583.4,2743.75,2598.25,2753.65,2616.1,2772.5,2627.95,2793.25,2631.95,2821.95,2633.9,2838.8,2627.95,2851.65,2617.05,2859.6,2606.2,2863.6,2593.3,2868.55,2580.4,2865.55,2556.65,2853.7,2539.8,2844.75,2529.9,2833.85,2528.9
4-44,Uninfected,No_comment,Polygon,23,2913.05,2537.85,2902.15,2541.8,2898.2,2542.8,2890.3,2565.6,2883.4,2580.4,2879.4,2594.3,2878.45,2608.15,2875.45,2624.95,2876.4,2637.85,2884.35,2651.75,2900.2,2658.65,2919.05,2656.7,2934.85,2656.7,2950.7,2649.75,2965.55,2633.9,2974.5,2624.95,2981.4,2613.1,2981.4,2603.2,2975.45,2587.35,2968.5,2567.55,2959.65,2555.7,2947.7,2541.8,2942.75,2538.8
4-45,Uninfected,No_comment,Polygon,18,2588.3,2359.65,2567.5,2351.7,2549.65,2338.85,2518.95,2329.9,2494.2,2335.85,2483.3,2352.65,2480.35,2366.55,2477.4,2381.4,2475.4,2405.15,2479.35,2425,2504.1,2438.8,2526.9,2448.7,2544.7,2444.8,2568.45,2439.85,2579.35,2422.95,2591.3,2404.2,2592.25,2385.35,2591.3,2371.5
4-46,Uninfected,No_comment,Polygon,17,2621.95,2245.75,2601.2,2241.75,2577.4,2253.7,2560.6,2266.5,2551.65,2280.4,2548.65,2301.2,2549.65,2321,2559.55,2343.85,2576.4,2350.7,2596.25,2353.7,2618,2350.7,2639.75,2335.85,2652.65,2324.95,2660.55,2297.2,2661.6,2279.4,2652.65,2258.65,2647.7,2255.65
4-47,Uninfected,No_comment,Polygon,21,2667.5,2339.8,2637.8,2346.75,2618,2360.6,2610.05,2371.5,2604.1,2392.3,2602.15,2407.15,2597.2,2422.95,2591.3,2444.8,2597.2,2468.5,2604.1,2482.4,2617,2493.3,2639.75,2489.3,2657.6,2480.45,2669.45,2472.5,2691.25,2467.55,2706.1,2456.65,2698.2,2426.95,2692.3,2402.2,2689.3,2379.45,2684.3,2363.55,2676.4,2350.7
4-48,Uninfected,No_comment,Polygon,43,2716,2365.55,2705.1,2365.55,2700.15,2365.55,2695.2,2375.45,2693.25,2380.4,2691.25,2392.3,2691.25,2408.15,2694.2,2426.95,2702.15,2440.8,2710.05,2447.75,2719.95,2459.65,2720.95,2465.6,2726.95,2478.4,2736.8,2482.4,2744.75,2489.3,2760.55,2497.25,2768.5,2497.25,2786.3,2495.3,2794.25,2485.4,2796.15,2485.4,2805.15,2475.5,2814.05,2466.55,2817,2457.65,2818.05,2451.7,2820,2443.75,2824.95,2434.9,2823.95,2423.95,2815.05,2412.1,2806.1,2403.15,2800.2,2397.25,2794.25,2392.3,2792.25,2390.3,2783.35,2383.35,2777.45,2374.5,2775.4,2367.5,2767.55,2358.6,2765.5,2356.65,2752.7,2356.65,2750.65,2357.6,2746.7,2359.65,2736.8,2359.65,2728.9,2359.65,2717.9,2364.65
4-49,Uninfected,No_comment,Polygon,14,2949.7,2380.4,2921,2381.4,2912.05,2390.3,2905.15,2401.2,2901.2,2415.1,2905.15,2432.85,2910.1,2446.75,2930.9,2457.65,2953.65,2459.65,2967.5,2449.75,2976.45,2439.85,2983.35,2413.05,2977.4,2401.2,2964.6,2387.35
4-50,Uninfected,No_comment,Polygon,14,3022,2450.7,2990.3,2461.6,2974.5,2472.5,2962.55,2485.4,2956.65,2509.1,2957.6,2532.9,2977.4,2556.65,3019,2575.45,3046.75,2571.55,3071.5,2553.7,3079.4,2531.9,3076.45,2492.3,3060.6,2471.5,3045.75,2458.6
4-51,Uninfected,No_comment,Polygon,17,2944.75,2211.05,2930.9,2202.15,2921.95,2198.2,2901.2,2201.15,2886.3,2210.1,2874.45,2220.95,2864.55,2241.75,2865.55,2257.6,2871.45,2278.45,2889.3,2302.15,2910.1,2316.05,2936.8,2311.1,2953.65,2299.2,2970.5,2281.4,2975.45,2260.6,2976.45,2240.8,2966.55,2224.95
4-52,Uninfected,No_comment,Polygon,20,3016.05,2264.55,3006.15,2269.5,2992.25,2271.45,2979.45,2283.4,2974.5,2298.25,2956.65,2307.1,2940.8,2321.95,2932.85,2339.8,2937.8,2356.65,2953.65,2368.5,2971.5,2383.35,2993.25,2394.3,3022,2394.3,3047.7,2382.35,3061.6,2368.5,3067.55,2332.85,3067.55,2312.05,3065.6,2292.25,3051.7,2274.45,3035.85,2264.55
4-53,Uninfected,No_comment,Polygon,18,3123.95,2279.4,3095.3,2288.35,3083.35,2296.25,3073.45,2315.05,3071.5,2341.8,3071.5,2359.65,3078.4,2380.4,3094.25,2398.2,3113.1,2413.05,3139.8,2415.1,3163.55,2406.15,3190.3,2397.25,3202.2,2384.4,3203.2,2356.65,3193.3,2340.8,3174.45,2324,3159.6,2307.1,3146.75,2290.3
4-54,Uninfected,No_comment,Polygon,18,3188.35,2409.15,3166.55,2415.1,3144.75,2421,3123,2431.9,3115.05,2445.75,3108.1,2473.45,3106.15,2498.25,3121.05,2517.05,3144.75,2516.05,3161.6,2513.1,3180.4,2516.05,3204.15,2520,3223,2507.15,3233.9,2490.35,3235.85,2473.45,3227.95,2451.7,3220,2427.9,3213.1,2423.95
4-55,Uninfected,No_comment,Polygon,16,3177.45,2526.95,3151.7,2524.95,3117.05,2527.95,3103.15,2539.8,3091.3,2560.65,3094.25,2593.3,3101.2,2617.05,3123.95,2636.9,3154.65,2642.8,3183.4,2637.85,3206.2,2627.95,3223,2605.15,3224.95,2581.45,3215.05,2557.65,3204.15,2539.8,3199.2,2536.85
4-56,Uninfected,No_comment,Polygon,21,3017.05,2615.05,3005.15,2617.05,2986.35,2627,2970.5,2643.8,2958.6,2658.65,2953.65,2664.6,2954.65,2681.4,2956.65,2710.15,2963.55,2728.95,2969.55,2738.85,2991.3,2753.7,3015.1,2754.7,3047.7,2741.8,3060.6,2732.95,3069.5,2721,3071.5,2701.2,3074.45,2675.45,3073.45,2659.65,3060.6,2637.85,3046.75,2624,3039.85,2621.05
4-57,Uninfected,No_comment,Polygon,15,3113.1,2811.15,3084.35,2805.2,3055.65,2812.1,3041.8,2826.95,3034.9,2844.8,3032.85,2859.65,3033.85,2877.45,3037.8,2892.3,3061.6,2914.15,3085.4,2917.1,3107.15,2917.1,3124.95,2904.25,3141.8,2877.45,3134.85,2846.75,3127.95,2830.95
4-58,Uninfected,No_comment,Polygon,32,3227.95,2688.35,3200.2,2694.3,3188.35,2697.3,3180.4,2692.35,3164.55,2694.3,3153.65,2707.2,3147.75,2719.05,3143.75,2729.95,3133.85,2747.8,3131.9,2752.75,3139.8,2772.55,3151.7,2783.45,3162.6,2790.35,3176.5,2794.3,3187.35,2796.25,3195.25,2805.2,3203.2,2812.1,3215.05,2813.15,3234.85,2813.15,3252.7,2811.15,3279.45,2803.25,3295.25,2791.3,3311.1,2774.5,3320,2756.65,3320,2742.85,3318.05,2725.95,3305.15,2711.1,3301.2,2710.15,3281.4,2710.15,3272.5,2709.15,3259.6,2702.25,3243.8,2695.25
4-59,Uninfected,No_comment,Polygon,20,3357.7,2771.5,3346.75,2770.55,3324,2770.55,3308.1,2778.45,3287.35,2798.3,3270.5,2819.05,3264.55,2838.9,3261.6,2862.6,3273.5,2881.45,3290.3,2900.25,3313.1,2910.15,3338.85,2912.1,3368.55,2899.3,3382.4,2886.4,3394.3,2871.55,3398.3,2853.75,3398.3,2833.9,3395.3,2814.1,3382.4,2791.3,3374.5,2781.4
4-60,Uninfected,No_comment,Polygon,17,3302.25,2388.3,3285.35,2385.35,3261.6,2389.35,3246.8,2402.2,3238.85,2421,3238.85,2442.8,3244.75,2471.5,3254.65,2492.3,3274.5,2513.1,3314.1,2523,3338.85,2516.05,3362.65,2503.2,3364.6,2483.35,3343.8,2468.5,3337.9,2434.9,3338.85,2415.1,3323,2397.25
4-61,Uninfected,No_comment,Polygon,14,3270.5,2244.75,3249.7,2214.05,3217.05,2205.15,3193.3,2205.15,3164.55,2220,3151.7,2245.75,3155.65,2270.5,3166.55,2297.2,3187.35,2322.95,3210.1,2341.8,3254.65,2339.8,3279.45,2316.05,3280.4,2294.25,3272.5,2262.55
4-62,Uninfected,No_comment,Polygon,18,3037.85,2116,3022.05,2095.2,2996.3,2095.2,2966.6,2105.1,2954.7,2112.05,2944.8,2120.95,2931.9,2139.75,2931.9,2162.55,2936.85,2179.4,2949.75,2203.15,2974.5,2217,2995.3,2220.95,3022.05,2212.05,3040.85,2195.2,3047.75,2183.35,3050.75,2168.5,3050.75,2150.65,3044.8,2133.85
4-63,Uninfected,No_comment,Polygon,42,3322,2162.55,3312.15,2162.55,3301.25,2151.65,3290.35,2152.65,3279.45,2160.55,3275.5,2167.5,3272.55,2180.35,3270.55,2191.25,3266.55,2196.2,3267.6,2212.05,3274.5,2228.9,3278.5,2242.8,3280.45,2255.6,3287.4,2272.45,3297.3,2286.3,3313.15,2299.2,3326,2307.1,3337.9,2308.1,3351.75,2308.1,3365.6,2296.2,3369.6,2292.25,3381.45,2294.25,3389.4,2289.3,3402.25,2276.4,3409.2,2264.55,3406.2,2256.6,3402.25,2249.7,3408.2,2239.8,3417.1,2230.85,3417.1,2223.95,3413.15,2209.1,3406.2,2193.25,3406.2,2188.3,3403.25,2185.3,3396.3,2181.35,3392.35,2181.35,3390.35,2181.35,3380.45,2176.4,3368.6,2163.55,3359.7,2157.6,3352.75,2157.6,3340.85,2161.55
4-64,Uninfected,No_comment,Polygon,15,3501.3,2152.65,3470.6,2155.6,3457.7,2168.5,3444.85,2187.35,3442.85,2207.1,3442.85,2229.9,3456.7,2257.6,3475.55,2276.4,3506.25,2281.35,3530,2274.45,3546.8,2256.6,3561.7,2231.85,3563.65,2205.1,3555.75,2182.4,3530,2160.55
4-65,Uninfected,No_comment,Polygon,17,3505.25,2381.4,3469.6,2378.4,3457.7,2392.25,3440.85,2408.1,3430.95,2423.95,3430,2444.75,3438.9,2468.5,3452.75,2484.35,3476.5,2491.3,3499.3,2486.35,3516.15,2479.4,3540.9,2464.55,3553.75,2451.7,3562.65,2423.95,3550.8,2404.2,3534.95,2390.3,3519.1,2382.35
4-66,Uninfected,No_comment,Polygon,14,3545.85,2484.35,3527,2484.35,3504.25,2497.25,3490.4,2518,3488.35,2541.8,3492.35,2568.5,3509.2,2595.25,3547.8,2611.15,3582.45,2605.15,3609.2,2588.35,3609.2,2564.55,3605.25,2533.85,3603.25,2514.05,3580.5,2487.35
4-67,Uninfected,No_comment,Polygon,14,3777.55,2424.95,3757.75,2419,3739.9,2411.1,3715.15,2416.05,3690.35,2428.9,3675.55,2451.7,3682.5,2485.35,3703.25,2509.1,3743.85,2525.95,3772.6,2524.95,3801.25,2507.15,3807.25,2475.45,3799.3,2451.7,3789.4,2432.85
4-68,Uninfected,No_comment,Polygon,17,3703.25,2513.05,3674.55,2500.25,3655.75,2501.2,3632.95,2508.1,3623.05,2527.95,3621.1,2551.7,3621.1,2569.5,3628,2588.35,3643.85,2606.2,3666.65,2612.1,3698.3,2614.05,3724.05,2613.1,3748.8,2604.15,3767.65,2584.35,3762.7,2566.55,3739.9,2541.8,3728.05,2531.9
4-69,Uninfected,No_comment,Polygon,23,3474.55,2636.85,3447.8,2632.9,3425.05,2630.9,3407.2,2635.85,3389.4,2644.75,3376.5,2661.65,3373.55,2677.45,3374.55,2697.25,3388.4,2729.9,3409.2,2748.75,3427,2754.7,3451.75,2760.6,3470.6,2754.7,3490.4,2747.75,3511.2,2738.85,3525.05,2727.95,3533.9,2714.1,3534.95,2697.25,3531,2679.4,3524.05,2664.55,3516.15,2651.7,3512.15,2647.75,3504.25,2644.75
4-70,Uninfected,No_comment,Polygon,22,3572.55,2622,3554.75,2621.05,3532.95,2627.95,3526.05,2642.8,3528,2655.65,3539.9,2669.5,3540.9,2687.35,3545.85,2710.1,3552.75,2725.95,3570.6,2741.8,3589.35,2744.8,3605.25,2743.8,3621.1,2733.9,3630,2725.95,3638.9,2705.15,3635.95,2690.3,3629,2677.45,3628,2659.6,3624.05,2641.8,3614.15,2630.9,3610.2,2626.95,3598.3,2620
4-71,Uninfected,No_comment,Polygon,18,3735.95,2624.95,3705.25,2617.05,3681.5,2618.05,3662.7,2620,3645.85,2629.9,3636.95,2643.8,3634.9,2668.55,3641.9,2693.3,3652.75,2713.1,3670.6,2725.95,3695.3,2730.9,3718.15,2732.9,3746.85,2720,3758.7,2716.05,3759.7,2708.15,3746.85,2682.4,3745.8,2659.6,3744.85,2642.8
4-72,Uninfected,No_comment,Polygon,17,3785.45,2592.3,3766.65,2600.2,3756.75,2615.05,3745.8,2632.9,3742.85,2654.6,3744.85,2676.4,3755.7,2699.2,3768.65,2721,3788.45,2731.9,3827.05,2732.9,3851.75,2718.05,3869.65,2699.25,3875.55,2659.6,3868.65,2641.8,3855.75,2622,3838.95,2605.15,3822.1,2601.2
4-73,Uninfected,No_comment,Polygon,18,3935.95,2319,3906.25,2309.1,3883.5,2309.1,3864.65,2313.05,3848.85,2324.95,3834,2340.8,3827.05,2368.5,3828.05,2390.3,3832,2404.2,3844.85,2423.95,3866.65,2436.85,3897.3,2438.8,3922.1,2429.9,3941.9,2411.1,3949.85,2390.3,3953.8,2369.5,3953.8,2350.7,3947.85,2338.8
4-74,Uninfected,No_comment,Polygon,20,3723.1,2110.1,3726.1,2095.25,3716.2,2077.45,3706.25,2068.5,3688.45,2054.65,3664.65,2043.75,3644.85,2047.7,3628.05,2053.65,3614.15,2059.6,3604.25,2072.5,3602.3,2089.3,3601.3,2108.1,3608.2,2131.9,3624.05,2153.65,3643.85,2169.5,3663.65,2176.4,3680.55,2170.5,3687.45,2155.65,3697.35,2136.85,3708.25,2124.95
4-75,Uninfected,No_comment,Polygon,16,3788.45,2122,3770.6,2116,3744.85,2113.05,3723.1,2120,3710.2,2134.85,3705.25,2154.65,3702.3,2171.45,3706.25,2195.25,3723.1,2216.05,3739.9,2224.95,3770.6,2226.9,3788.45,2215.05,3805.25,2198.25,3811.2,2174.45,3805.25,2145.75,3795.35,2130.85
4-76,Uninfected,No_comment,Polygon,17,3792.4,1950.7,3772.6,1946.7,3745.85,1946.7,3708.25,1966.55,3690.4,1989.3,3692.4,2026.95,3696.35,2051.7,3721.15,2071.5,3746.85,2073.45,3753.8,2048.7,3767.65,2038.8,3793.4,2039.8,3822.15,2035.85,3833,2026.95,3839.95,2013.05,3832.05,1985.35,3819.15,1968.5
4-77,Uninfected,No_comment,Polygon,14,3992.4,2027.9,3961.7,2024.9,3938.95,2031.9,3924.1,2044.75,3916.15,2063.55,3923.1,2087.35,3933.05,2112.1,3950.85,2130.85,3985.5,2139.8,4018.15,2128.9,4037.95,2112.1,4041.95,2093.25,4039,2066.55,4024.1,2048.7
4-78,Uninfected,No_comment,Polygon,19,3953.8,2152.7,3934,2140.8,3905.3,2135.8,3880.55,2146.7,3861.7,2160.6,3846.85,2172.5,3848.85,2196.25,3858.75,2223,3878.55,2239.8,3908.25,2254.65,3936,2253.7,3959.75,2247.75,3970.65,2233.9,3972.6,2213.1,3969.65,2192.3,3978.55,2178.45,3984.5,2170.5,3975.6,2158.6,3970.65,2156.6
4-79,Uninfected,No_comment,Polygon,19,4075.6,2116,4039.95,2123,4008.25,2139.8,3995.4,2149.7,3989.45,2173.5,3987.45,2195.25,3997.35,2217,4015.2,2236.8,4033,2249.7,4070.65,2253.7,4093.4,2240.8,4104.35,2228.95,4110.25,2210.1,4127.1,2191.3,4134,2182.4,4134,2167.55,4129.05,2150.7,4115.2,2133.85,4098.35,2123.95
4-80,Uninfected,No_comment,Polygon,15,4208.3,2006.15,4170.65,2008.1,4142.95,2019.95,4127.1,2041.8,4131.05,2075.4,4138.95,2097.25,4154.85,2112.1,4177.6,2119,4206.3,2115.05,4230.05,2099.2,4251.85,2083.35,4258.8,2065.5,4252.85,2037.8,4239.95,2018,4226.1,2011.1
4-81,Uninfected,No_comment,Polygon,19,4214.2,1928.9,4218.2,1912.05,4209.25,1894.2,4193.45,1882.35,4172.65,1876.4,4151.85,1876.4,4129.05,1882.35,4107.3,1892.25,4089.5,1904.1,4080.55,1932.85,4084.5,1956.65,4099.4,1976.45,4109.25,1988.3,4117.2,1994.25,4136,2006.15,4184.5,1994.25,4200.4,1983.35,4210.3,1963.55,4211.25,1944.7
4-82,Uninfected,No_comment,Polygon,28,4187.5,1853.6,4179.55,1829.9,4169.65,1815.05,4160.75,1804.15,4152.85,1802.15,4132.05,1802.15,4114.2,1797.2,4097.4,1792.25,4083.5,1788.25,4070.65,1787.3,4060.75,1790.25,4045.9,1793.2,4029.05,1793.2,4013.2,1804.15,4007.25,1822.95,4013.2,1841.75,4027.05,1859.6,4030.05,1866.5,4041.95,1880.4,4062.7,1879.4,4074.6,1884.3,4094.45,1892.25,4109.25,1890.3,4128.05,1880.4,4140.9,1877.45,4155.75,1876.45,4173.6,1875.45,4184.5,1865.55
4-83,Uninfected,No_comment,Polygon,14,3871.6,1795.2,3844.9,1783.3,3822.15,1784.35,3795.35,1804.15,3784.5,1825.9,3782.5,1848.65,3787.45,1873.4,3806.25,1895.25,3837,1916.05,3874.6,1920,3897.35,1900.2,3912.2,1878.4,3917.15,1848.65,3904.3,1822.95
4-84,Uninfected,No_comment,Polygon,19,3910.25,1687.25,3884.5,1694.25,3862.7,1713.05,3848.85,1733.85,3848.85,1751.65,3855.75,1770.45,3874.6,1787.3,3903.3,1801.15,3914.2,1817,3927.05,1821.95,3951.8,1816,3979.55,1798.15,3998.4,1774.45,4001.35,1755.6,3993.45,1735.8,3985.5,1728.9,3965.7,1709.1,3949.85,1693.25,3931.05,1688.3
4-85,Uninfected,No_comment,Polygon,13,3607.25,1766.5,3585.45,1749.7,3562.7,1734.8,3541.9,1734.8,3517.15,1750.65,3510.2,1760.55,3506.25,1782.35,3507.25,1814.05,3524.1,1834.85,3555.75,1848.65,3597.35,1841.75,3620.15,1822.95,3624.05,1795.2
4-86,Uninfected,No_comment,Polygon,16,4103.25,1664.5,4091.4,1634.75,4061.7,1612,4011.2,1606.05,3971.6,1624.85,3960.7,1641.7,3953.8,1657.55,3966.65,1691.2,3979.55,1715.95,4005.25,1735.75,4035,1745.65,4061.7,1744.7,4076.55,1729.85,4086.45,1712,4094.4,1694.2,4094.4,1678.35
4-87,Uninfected,No_comment,Polygon,17,3840.85,1696.15,3830,1680.3,3822.1,1666.45,3803.3,1654.6,3775.5,1651.6,3751.8,1661.5,3729,1671.4,3721.1,1681.3,3709.2,1702.1,3723.05,1732.8,3735.95,1746.65,3751.8,1757.55,3774.55,1769.45,3802.3,1767.45,3821.05,1754.6,3835.9,1735.75,3840.85,1722.85
4-88,Uninfected,No_comment,Polygon,20,3701.3,1687.25,3687.4,1673.4,3675.55,1661.5,3655.75,1656.55,3632.95,1655.55,3614.1,1655.55,3596.35,1658.55,3581.45,1671.4,3574.55,1690.2,3571.55,1708.05,3575.55,1723.9,3591.4,1739.75,3607.2,1753.6,3631,1763.5,3647.8,1771.4,3670.6,1763.5,3683.45,1753.6,3693.35,1738.75,3698.3,1720.9,3700.25,1712
4-89,Uninfected,No_comment,Polygon,18,3688.4,1583.3,3687.4,1570.4,3681.5,1559.5,3676.55,1553.6,3657.7,1547.65,3634.9,1546.65,3609.15,1549.6,3593.35,1556.55,3577.5,1572.4,3574.55,1597.15,3582.45,1620.9,3587.4,1634.75,3618.1,1652.6,3644.9,1653.55,3664.6,1648.65,3682.45,1642.7,3685.4,1629.8,3686.45,1614
4-90,Uninfected,No_comment,Polygon,22,3716.15,1543.65,3706.25,1552.6,3701.3,1559.5,3701.3,1576.35,3699.3,1598.15,3701.3,1618.95,3702.3,1636.75,3699.3,1654.6,3719.1,1668.45,3746.75,1666.45,3772.5,1661.5,3788.4,1643.7,3795.35,1627.85,3799.3,1611,3804.25,1593.2,3807.25,1578.35,3807.25,1568.45,3805.25,1561.5,3802.3,1554.55,3792.4,1545.65,3772.6,1532.8,3744.85,1529.8
4-91,Uninfected,No_comment,Polygon,17,3862.7,1539.7,3836.95,1554.55,3824.05,1559.5,3813.2,1571.4,3802.3,1586.2,3802.3,1607,3805.25,1628.85,3817.15,1645.65,3837.95,1654.6,3856.7,1656.55,3885.45,1652.6,3906.25,1645.65,3919.15,1627.85,3921.1,1609.05,3921.1,1588.25,3909.25,1563.5,3897.3,1548.65
4-92,Uninfected,No_comment,Polygon,18,4106.25,1500.1,4088.4,1490.2,4064.7,1487.25,4036.95,1489.2,4018.1,1504.05,4005.25,1520.9,4000.3,1547.65,4001.3,1575.35,4008.2,1593.2,4020.1,1607.1,4041.85,1608.1,4065.7,1606.05,4079.55,1593.2,4090.45,1576.35,4103.25,1560.5,4111.2,1545.65,4113.2,1530.8,4112.2,1514.95
4-93,Uninfected,No_comment,Polygon,15,4140.95,1547.65,4120.15,1551.6,4102.3,1556.45,4088.4,1575.3,4083.45,1598.15,4085.5,1619.9,4102.3,1643.7,4130.05,1657.55,4164.65,1661.5,4199.3,1639.7,4217.15,1615.95,4215.15,1595.15,4199.3,1571.4,4183.5,1555.55,4163.7,1556.55
4-94,Uninfected,No_comment,Polygon,14,3517.1,1552.6,3501.25,1555.55,3482.45,1558.55,3467.55,1570.4,3456.7,1585.25,3445.8,1619.9,3459.7,1651.6,3497.3,1669.45,3528,1667.45,3551.75,1655.55,3567.6,1635.75,3567.6,1603.1,3554.75,1573.4,3539.9,1557.55
4-95,Uninfected,No_comment,Polygon,12,3347.8,1661.5,3315.1,1658.55,3288.4,1676.35,3269.55,1698.15,3259.65,1721.9,3266.55,1741.7,3286.35,1764.5,3329.95,1767.45,3355.7,1752.6,3375.5,1729.85,3379.5,1704.1,3367.55,1685.25
4-96,Uninfected,No_comment,Polygon,14,3513.1,1428.8,3475.5,1427.8,3440.85,1435.75,3421.05,1465.45,3412.1,1486.25,3420.05,1512,3436.9,1531.8,3465.6,1539.7,3500.3,1536.75,3522.05,1521.9,3543.8,1503.1,3544.85,1471.4,3534.95,1451.6,3524.05,1438.7
4-97,Uninfected,No_comment,Polygon,13,3847.85,1304,3827.05,1322.85,3808.25,1351.6,3800.3,1380.3,3815.15,1409,3824.05,1426.85,3854.75,1437.75,3881.45,1431.8,3911.2,1412,3926.05,1388.2,3927,1360.5,3911.2,1323.85,3880.5,1304
4-98,Uninfected,No_comment,Polygon,14,4032,1265.45,3998.35,1265.45,3958.75,1274.35,3935.95,1292.15,3931,1313.95,3931,1335.75,3937.95,1354.5,3949.8,1372.35,3988.45,1381.3,4021.1,1367.4,4041.9,1349.6,4055.75,1329.8,4059.75,1309,4049.85,1286.25
4-99,Uninfected,No_comment,Polygon,12,4150.85,1248.55,4118.15,1252.55,4095.4,1267.4,4072.6,1283.25,4069.65,1325.85,4068.6,1346.65,4084.5,1359.5,4123.1,1370.4,4159.75,1360.5,4179.5,1338.7,4186.5,1312.95,4168.65,1288.2
4-100,Uninfected,No_comment,Polygon,15,4238.95,1178.3,4208.25,1175.35,4177.55,1177.3,4164.65,1187.2,4151.8,1207,4150.85,1225.8,4160.75,1244.65,4174.55,1265.45,4180.55,1288.2,4199.3,1310,4236,1320.9,4256.8,1300.1,4267.65,1266.4,4258.75,1221.85,4249.8,1195.15
4-101,Uninfected,No_comment,Polygon,13,4014.2,1195.15,3994.4,1170.35,3970.6,1165.4,3935.95,1171.35,3913.2,1192.15,3900.3,1212.95,3899.3,1234.75,3911.2,1259.5,3935.95,1270.4,3968.65,1258.5,3998.35,1244.65,4018.1,1227.8,4023.05,1208
4-102,Uninfected,No_comment,Polygon,14,3575.55,1182.25,3536.9,1184.25,3518.05,1191.15,3495.35,1205.05,3477.5,1231.75,3475.5,1259.5,3501.25,1293.15,3530,1302.05,3557.7,1303.05,3579.45,1289.2,3594.3,1263.45,3600.3,1230.8,3604.2,1206,3590.4,1190.2
4-103,Uninfected,No_comment,Polygon,14,4140,1137.7,4130.1,1107.95,4109.25,1092.1,4084.55,1088.15,4064.75,1099.05,4041.95,1113.9,4024.15,1131.7,4011.25,1152.5,4020.15,1185.2,4038,1205,4064.75,1213.9,4102.35,1209.95,4121.15,1193.1,4140,1174.3
4-104,Uninfected,No_comment,Polygon,15,4073.6,1065.35,4073.6,1050.5,4069.7,1032.7,4053.85,1010.9,4034.05,1001,4006.3,1005.95,3972.6,1022.8,3958.8,1045.55,3947.9,1075.25,3952.8,1103,3968.7,1126.75,4001.35,1134.7,4027.1,1121.8,4042.95,1101,4059.8,1086.15
4-105,Uninfected,No_comment,Polygon,14,3939.95,1077.3,3933.05,1058.45,3907.25,1048.55,3878.6,1050.5,3853.8,1069.35,3833.05,1092.1,3822.15,1114.9,3824.1,1138.65,3832.05,1161.4,3870.65,1180.25,3898.4,1184.2,3929.1,1162.4,3947.9,1147.55,3945.9,1116.85
4-106,Uninfected,No_comment,Polygon,12,3671.65,1094.1,3657.75,1090.1,3615.2,1098.05,3598.35,1112.9,3591.4,1145.55,3592.4,1172.3,3619.15,1196.05,3649.8,1203,3676.6,1191.1,3700.3,1162.4,3702.3,1130.7,3689.45,1106.95
4-107,Uninfected,No_comment,Polygon,16,3465.65,1050.5,3438.95,1056.45,3410.2,1074.3,3396.35,1091.1,3393.4,1108.95,3396.35,1138.65,3401.3,1156.45,3424.1,1174.3,3452.8,1179.25,3478.5,1164.4,3505.3,1142.6,3519.15,1120.8,3522.1,1097.05,3521.1,1074.3,3504.3,1060.4,3484.5,1053.5
4-108,Uninfected,No_comment,Polygon,15,3681.55,945.55,3658.75,936.65,3637.95,932.7,3610.25,934.65,3589.4,946.55,3571.6,959.4,3563.7,988.15,3568.65,1015.85,3587.45,1033.7,3621.15,1047.55,3663.7,1041.6,3691.45,1019.8,3712.2,995.05,3709.25,968.35,3699.35,957.45
4-109,Uninfected,No_comment,Polygon,14,3673.6,827.7,3649.8,832.65,3625.1,842.6,3602.3,865.4,3596.35,896.05,3610.25,923.75,3634.1,937.6,3666.75,942.55,3702.3,944.55,3732.05,938.6,3748.85,918.8,3744.9,881.2,3723.1,851.5,3703.3,832.65
4-110,Uninfected,No_comment,Polygon,13,3849.85,821.8,3821.1,818.8,3787.5,832.65,3770.65,853.45,3766.7,887.15,3779.55,912.9,3807.3,926.75,3840.95,925.8,3860.75,915.9,3878.6,903,3888.5,883.15,3880.55,854.45,3867.7,833.65
4-111,Uninfected,No_comment,Polygon,13,3933.05,870.35,3901.35,880.2,3885.5,920.85,3882.55,944.55,3898.4,970.3,3932.05,987.15,3959.75,991.1,3996.4,980.2,4012.25,961.4,4013.2,932.7,4000.35,904.95,3981.55,880.2,3954.8,863.35
4-112,Uninfected,No_comment,Polygon,14,4125.15,888.1,4123.15,863.35,4117.2,844.55,4103.35,834.65,4081.55,827.7,4051.85,827.7,4024.15,847.55,4008.25,870.35,4013.2,907.95,4029.1,929.7,4048.9,945.55,4076.6,943.6,4097.4,931.7,4115.25,918.8
4-113,Uninfected,No_comment,Polygon,19,3858.75,721.75,3863.7,704.95,3869.65,682.15,3860.75,657.4,3844.9,642.55,3828.1,636.6,3791.4,641.55,3773.6,640.6,3753.8,636.6,3737,654.45,3726.1,675.25,3725.1,711.85,3733,764.4,3753.8,775.25,3774.6,767.3,3805.3,771.3,3832.05,767.3,3850.85,747.5,3855.8,732.65
4-114,Uninfected,No_comment,Polygon,13,3561.7,704,3555.8,680.2,3533,666.3,3511.2,664.35,3482.5,669.3,3460.7,688.1,3451.8,731.7,3456.75,756.45,3474.6,786.15,3518.15,795.05,3537.95,780.2,3556.75,761.4,3561.7,735.65
4-115,Uninfected,No_comment,Polygon,13,3489.45,813.85,3465.65,811.9,3441.9,815.85,3421.1,832.65,3411.2,852.5,3407.25,902,3419.15,923.75,3456.75,939.6,3497.35,929.7,3517.15,901,3527.05,874.25,3527.05,846.55,3514.2,827.7
4-116,Uninfected,No_comment,Polygon,16,3392.35,756.45,3370.6,754.45,3343.9,774.25,3325.05,799,3321.1,832.65,3334.95,852.5,3335.95,876.25,3334.95,900,3353.8,914.85,3383.5,912.9,3395.35,891.1,3395.35,862.4,3411.2,841.6,3428,811.9,3428,792.1,3416.15,774.25
4-117,Uninfected,No_comment,Polygon,13,3297.35,822.75,3274.55,818.8,3242.9,828.7,3223.05,851.5,3216.1,878.2,3221.05,906.95,3242.9,923.75,3274.55,929.7,3291.35,921.8,3314.15,904.95,3319.1,879.2,3318.15,850.5,3309.2,831.7
4-118,Uninfected,No_comment,Polygon,11,3272.6,722.75,3234.95,701,3198.3,708.95,3178.5,732.65,3170.55,764.4,3174.55,795.05,3202.3,818.8,3227.05,818.8,3273.55,802.95,3288.45,781.2,3290.4,750.5
4-119,Uninfected,No_comment,Polygon,17,3321.1,929.7,3306.25,915.9,3289.45,922.75,3262.7,933.65,3233.95,945.55,3203.25,962.4,3193.35,1005.95,3202.3,1025.75,3222.1,1050.5,3240.9,1060.4,3263.65,1067.35,3290.4,1051.5,3315.15,1041.6,3338.9,1019.8,3349.8,997.05,3352.8,971.35,3346.85,951.5
4-120,Uninfected,No_comment,Polygon,13,3193.35,1095.05,3171.6,1098.05,3141.9,1115.85,3128,1158.45,3144.85,1191.1,3167.6,1203,3199.3,1204,3225.05,1196.05,3243.85,1176.25,3250.8,1151.5,3247.85,1129.75,3230.95,1110.9,3214.15,1102
4-121,Uninfected,No_comment,Polygon,13,3390.4,1204,3373.6,1202,3337.95,1208.95,3314.15,1225.8,3305.25,1258.45,3315.15,1289.2,3352.8,1305,3395.35,1309.95,3418.15,1301.05,3445.85,1281.25,3450.8,1256.45,3447.8,1231.7,3427.05,1211.9
4-122,Uninfected,No_comment,Polygon,14,3955.75,678.2,3984.5,666.35,4008.2,650.5,4021.1,628.75,4026.05,604,4019.15,574.25,4000.3,552.5,3967.6,547.55,3942.9,561.35,3913.2,592.05,3905.25,619.8,3908.25,643.6,3920.1,665.35,3942.9,675.25
4-123,Uninfected,No_comment,Polygon,15,3881.45,591.1,3880.5,566.3,3859.7,546.5,3837.95,528.7,3812.2,525.75,3788.4,529.7,3762.7,539.6,3738.9,558.45,3728,580.2,3732,601,3756.75,622.75,3785.4,627.7,3812.2,622.75,3827.05,621.75,3872.6,618.85
4-124,Uninfected,No_comment,Polygon,16,3780.45,482.2,3772.6,458.4,3757.7,435.6,3742.85,398,3728,383.15,3719.1,386.15,3696.35,403.95,3680.5,420.75,3676.55,448.5,3682.45,476.2,3694.3,489.1,3706.25,508.9,3710.15,527.75,3733.95,533.65,3754.7,519.8,3772.6,500.95
4-125,Uninfected,No_comment,Polygon,14,3797.35,359.35,3789.4,371.3,3780.45,388.1,3773.55,413.85,3778.5,445.5,3800.25,464.35,3843.85,470.3,3865.65,454.45,3882.5,438.6,3890.4,417.8,3891.35,397.05,3884.45,377.2,3872.6,364.35,3848.8,362.35
4-126,Uninfected,No_comment,Polygon,14,3678.5,475.25,3650.8,470.3,3628,474.25,3599.25,491.05,3578.45,519.8,3576.5,545.55,3579.45,569.3,3598.3,592.05,3631,609.9,3659.65,605.95,3691.4,589.1,3708.2,568.35,3711.15,525.8,3701.25,501
4-127,Uninfected,No_comment,Polygon,18,3584.4,461.35,3588.35,436.65,3580.2,413.75,3566.6,411.9,3538.6,399.85,3519.1,384.15,3509.2,377.2,3490.35,376.25,3480.45,392.1,3480.45,410.85,3497.3,434.65,3497.3,454.45,3493.3,481.15,3494.35,500,3518.05,523.75,3543.8,523.75,3563.6,513.85,3576.5,493.05
4-128,Uninfected,No_comment,Polygon,14,3472.5,391.1,3454.75,373.25,3431.9,367.3,3401.25,377.2,3377.45,395,3365.6,415.8,3356.65,448.5,3382.4,476.2,3412.1,499,3448.8,511.85,3477.45,498.05,3493.3,463.35,3497.3,434.65,3481.45,410.85
4-129,Uninfected,No_comment,Polygon,14,3359.65,473.25,3344.8,474.25,3328,482.2,3309.15,502,3301.2,531.65,3301.2,557.4,3318.1,589.1,3353.75,604.95,3386.4,598.05,3416.1,577.2,3426,554.45,3429.95,522.8,3407.15,504.95,3384.4,486.1
4-130,Uninfected,No_comment,Polygon,13,3330.9,391.1,3311.1,376.25,3286.35,378.2,3256.7,384.15,3227.95,406.95,3220,431.7,3217.1,458.4,3234.9,481.15,3269.55,497.05,3303.25,485.15,3325,465.3,3338.9,445.5,3344.8,417.8
4-131,Uninfected,No_comment,Polygon,17,3304.2,322.75,3301.2,298,3302.25,271.25,3292.35,246.5,3275.45,239.55,3245.75,243.5,3228.95,246.5,3202.25,264.3,3184.4,309.85,3182.45,335.65,3183.4,367.3,3191.35,382.15,3222.05,381.2,3257.7,377.2,3286.35,374.25,3309.15,360.35,3318.1,337.6
4-132,Uninfected,No_comment,Polygon,15,3537.85,173.2,3521.05,155.4,3492.35,158.35,3464.65,176.2,3442.8,194,3418.1,220.75,3411.15,245.55,3402.2,268.3,3409.2,286.15,3439.85,293.05,3460.65,275.25,3479.5,250.5,3496.3,229.7,3516.1,211.85,3532.9,198.95
4-133,Uninfected,No_comment,Polygon,14,3182.45,391.1,3152.7,375.2,3126,372.25,3093.3,385.1,3075.5,407.9,3068.55,432.65,3080.45,464.35,3099.2,486.1,3124,500,3158.65,502,3181.45,484.15,3192.35,458.4,3202.25,428.7,3191.35,405.9
4-134,Uninfected,No_comment,Polygon,14,3074.45,487.15,3052.7,462.4,3019,459.4,2994.3,475.25,2983.35,502,2986.35,545.55,3003.15,577.2,3028.9,594.05,3061.6,592.05,3088.35,579.2,3106.2,558.45,3114.05,533.65,3108.15,507.95,3093.3,498.05
4-135,Uninfected,No_comment,Polygon,14,2972.5,692.1,2944.8,698,2924,709.95,2904.2,737.65,2900.2,761.4,2902.15,788.15,2911.1,808.9,2932.85,827.75,2961.6,831.7,2986.35,813.85,3008.1,793.1,3020.05,766.35,3021.05,737.65,3011.1,706.95
4-136,Uninfected,No_comment,Polygon,15,3426.05,193.05,3446.8,169.3,3467.6,151.45,3471.6,122.7,3465.65,103.95,3437.9,88.05,3414.15,88.05,3390.4,102.9,3367.6,125.7,3353.75,147.5,3350.8,177.2,3354.75,205.9,3379.5,232.65,3401.3,236.6,3411.2,222.75
4-137,Uninfected,No_comment,Polygon,14,3094.3,193.05,3078.45,167.3,3060.65,154.45,3034.95,157.4,3010.15,168.25,2991.35,182.15,2980.45,208.85,2986.4,241.55,2996.3,271.3,3027.95,287.1,3057.7,276.25,3078.45,265.35,3095.35,246.5,3097.3,213.8
4-138,Uninfected,No_comment,Polygon,18,3374.55,49.45,3356.7,51.45,3330.95,49.45,3315.15,37.55,3305.25,16.75,3293.35,15.8,3275.5,21.7,3259.7,34.6,3244.85,55.4,3239.85,76.2,3252.75,96,3272.55,111.85,3310.2,123.75,3333.95,116.8,3356.7,101.95,3372.55,86.1,3381.45,71.25,3385.45,57.35
4-139,Uninfected,No_comment,Polygon,14,2940.85,90.05,2926,76.2,2902.2,74.25,2882.4,79.2,2863.6,93,2854.7,107.85,2847.75,130.65,2851.7,159.4,2869.55,179.2,2889.35,184.15,2920.05,181.15,2949.75,153.4,2954.7,129.7,2955.7,107.85
4-140,Uninfected,No_comment,Polygon,14,2771.5,100.95,2752.7,89.1,2733.9,90.05,2715.1,107.85,2708.15,124.75,2710.1,145.5,2720.05,178.15,2738.85,198.95,2774.5,201.95,2793.3,192.05,2800.25,168.25,2808.15,148.45,2812.1,137.6,2799.25,119.8
4-141,Uninfected,No_comment,Polygon,19,2881.45,226.7,2861.6,226.7,2839.85,238.6,2825,253.45,2823.05,280.2,2823.05,298,2820.05,317.8,2813.1,322.75,2805.2,341.6,2813.1,361.4,2833.9,382.2,2855.7,388.1,2883.45,381.2,2894.3,361.4,2896.3,337.6,2912.1,316.8,2920.05,295,2918.05,263.35,2909.15,243.55
4-142,Uninfected,No_comment,Polygon,13,2866.55,423.75,2837.85,428.7,2812.1,429.7,2794.3,451.45,2790.35,477.25,2793.3,506.9,2819.05,531.65,2846.75,535.65,2873.55,530.7,2895.3,513.85,2904.2,487.15,2895.3,458.4,2885.4,440.55
4-143,Uninfected,No_comment,Polygon,15,2647.75,461.35,2639.8,444.55,2621.05,425.7,2601.2,424.75,2585.35,414.85,2557.65,428.7,2547.75,453.45,2544.75,481.15,2545.75,505.95,2565.6,530.7,2598.25,539.6,2616.1,535.65,2631.9,511.85,2641.8,494.05,2653.7,479.2
4-144,Uninfected,No_comment,Polygon,15,2568.6,532.6,2548.45,526.7,2531.7,525.75,2504.15,537.65,2486.35,554.45,2479.4,572.25,2482.4,596.05,2497.25,619.8,2528.9,631.7,2564.55,629.7,2589.3,622.75,2612.1,608.95,2619.05,586.15,2611.15,554.45,2583.45,535.6
4-145,Uninfected,No_comment,Polygon,14,2677.45,485.15,2660.6,490.1,2642.8,511.85,2628.95,539.6,2627.95,568.35,2635.85,590.1,2659.6,608.95,2686.35,608.95,2713.1,598.05,2730.9,582.15,2743.8,561.4,2744.8,535.65,2733.9,509.9,2718.05,493.1
4-146,Uninfected,No_comment,Polygon,14,2923,633.7,2910.15,624.75,2890.35,620.8,2857.65,625.75,2828,664.4,2820.05,699.05,2821.05,731.7,2828.95,747.55,2867.55,744.6,2894.3,728.7,2911.15,705.95,2927.95,693.05,2937.85,658.45,2930.95,643.6
4-147,Uninfected,No_comment,Polygon,16,2812.1,604.95,2798.25,593.1,2781.4,587.1,2756.65,583.2,2737.85,595.05,2713.1,607.95,2698.25,633.7,2696.25,659.45,2703.2,679.25,2714.1,697.05,2752.7,712.85,2781.4,709.95,2804.2,698,2816.05,679.25,2824,647.5,2819.05,622.75
4-148,Uninfected,No_comment,Polygon,14,3152.75,85.15,3155.7,54.45,3139.85,27.7,3119.05,5.9,3070.55,3.95,3047.75,14.85,3037.85,32.65,3023,57.4,3018.05,79.2,3029.95,111.85,3053.7,133.65,3093.3,132.65,3125,114.85,3140.85,100.95
4-149,Uninfected,No_comment,Polygon,17,2464.5,406.95,2436.8,397.05,2409.1,396.05,2386.3,403.95,2387.25,427.7,2412,453.45,2405.1,481.15,2411.05,509.9,2432.8,518.8,2462.5,535.65,2490.3,536.6,2513,517.85,2528.85,500,2536.8,480.2,2525.9,461.35,2501.15,440.55,2485.35,425.7
4-150,Uninfected,No_comment,Polygon,15,2356.55,404.9,2332.8,404.9,2311.05,412.85,2298.2,430.65,2288.3,453.45,2282.3,477.25,2300.15,499,2326.85,507.95,2343.75,519.8,2380.35,527.75,2400.15,509.9,2403.1,485.15,2395.2,457.45,2383.3,429.7,2371.45,415.8
4-151,Uninfected,No_comment,Polygon,14,2270.45,381.2,2248.65,370.25,2192.25,377.2,2182.35,384.15,2168.45,409.9,2164.5,434.65,2168.45,455.4,2186.25,478.2,2223.9,499,2255.55,494.05,2266.45,474.25,2272.4,452.5,2289.25,426.75,2290.25,404.9
4-152,Uninfected,No_comment,Polygon,24,2301.1,249.45,2291.2,233.6,2285.3,226.7,2257.55,234.65,2225.85,247.5,2194.2,275.25,2183.3,295,2174.4,315.85,2165.45,341.6,2174.4,357.4,2194.2,372.25,2225.85,357.4,2245.65,357.4,2274.4,359.4,2296.15,359.4,2316,363.35,2313,338.6,2303.15,302.95,2324.9,289.05,2342.7,298,2343.75,278.2,2323.95,277.2,2312,276.25,2304.1,259.35
4-153,Uninfected,No_comment,Polygon,16,2361.55,113.85,2343.75,111.85,2320.95,119.8,2307.05,132.6,2300.15,156.4,2295.2,180.2,2298.2,201.95,2317.95,222.75,2342.7,237.6,2374.45,234.65,2403.1,217.8,2421.95,198,2426.9,174.25,2422.9,147.5,2406.1,128.7,2389.3,115.8
4-154,Uninfected,No_comment,Polygon,17,2178.35,116.8,2166.45,107.85,2150.6,106.9,2125.85,105.9,2103.1,108.9,2087.25,119.8,2074.35,140.55,2058.55,159.4,2056.6,180.2,2067.45,203.9,2089.2,225.75,2122.9,235.65,2158.55,213.8,2182.35,192.05,2192.25,174.25,2197.2,143.5,2193.2,130.65
4-155,Uninfected,No_comment,Polygon,12,1955.6,206.9,1942.7,165.3,1916.95,145.5,1884.25,145.5,1863.45,159.4,1850.6,178.15,1846.65,202.95,1862.45,227.7,1881.3,243.5,1903.05,248.5,1928.8,239.55,1945.7,228.65
4-156,Uninfected,No_comment,Polygon,16,1946.65,271.25,1926.85,262.35,1907.05,270.3,1883.25,269.25,1869.45,276.25,1854.6,296.05,1851.6,320.8,1855.55,343.55,1878.3,366.35,1907.05,378.2,1934.75,380.15,1954.55,363.35,1965.5,347.5,1968.4,326.7,1966.45,304.9,1956.55,284.1
4-157,Uninfected,No_comment,Polygon,18,1958.5,431.7,1953.55,413.85,1937.75,399,1915.95,397.05,1898.1,407.9,1881.3,424.75,1879.35,446.55,1873.35,470.3,1877.3,494.05,1890.25,518.8,1915,532.7,1926.85,541.55,1946.65,553.5,1974.35,547.55,1981.3,526.7,1969.4,504.95,1964.45,480.2,1959.5,463.35
4-158,Uninfected,No_comment,Polygon,16,1973.35,415.8,1971.4,435.6,1971.4,459.4,1975.4,481.15,1978.3,503.95,1983.25,515.85,2002.1,515.85,2025.9,511.85,2038.7,500.95,2053.6,486.1,2057.55,465.35,2059.5,442.6,2045.65,420.75,2032.8,405.9,2011.05,399.95,1996.15,399.95
4-159,Uninfected,No_comment,Polygon,16,2294.2,509.9,2272.4,511.85,2260.55,520.8,2253.6,541.55,2249.65,560.4,2249.65,577.2,2253.6,593.1,2272.4,615.85,2286.25,624.75,2328.9,623.8,2348.7,607.95,2361.55,596.05,2360.55,576.25,2357.55,553.5,2344.7,531.65,2331.8,524.75
4-160,Uninfected,No_comment,Polygon,16,1934.75,563.4,1908,550.5,1878.3,543.6,1858.5,545.55,1840.7,559.4,1827.8,578.25,1821.85,594.1,1819.9,615.85,1830.8,644.55,1847.6,664.4,1879.35,667.3,1898.1,653.5,1917.9,631.7,1934.75,618.85,1950.65,597,1947.65,575.25
4-161,Uninfected,No_comment,Polygon,15,1984.25,619.8,1954.55,617.8,1936.75,634.65,1917.9,655.45,1909,679.25,1908,712.85,1921.9,731.7,1964.45,751.5,1985.3,759.45,2011.05,749.55,2029.8,735.65,2038.7,717.8,2034.75,689.15,2027.85,664.4,2016,640.6
4-162,Uninfected,No_comment,Polygon,14,2298.2,639.6,2273.45,633.7,2245.7,647.5,2224.9,668.3,2210.05,692.05,2197.25,727.7,2220.95,769.3,2249.7,783.15,2281.35,782.2,2323.95,747.5,2336.8,720.8,2337.8,694.1,2327.9,665.35,2317,647.5
4-163,Uninfected,No_comment,Polygon,19,1934.8,755.45,1920.95,741.6,1910.05,724.75,1901.15,716.85,1880.35,710.9,1859.55,716.85,1838.75,739.65,1837.75,758.4,1849.65,776.25,1862.5,807.9,1874.45,824.75,1900.15,824.75,1936.8,815.85,1963.5,815.85,1992.25,809.95,2010.05,790.1,2005.1,772.3,1978.35,767.35,1968.45,767.35
4-164,Uninfected,No_comment,Polygon,15,1680.3,648.55,1660.5,652.45,1641.7,669.3,1632.8,681.2,1624.85,696.05,1641.7,725.75,1656.55,748.5,1671.4,765.35,1689.25,775.25,1712,759.45,1731.8,742.55,1736.75,698,1727.85,672.25,1709.05,659.4,1695.15,657.4
4-165,Uninfected,No_comment,Polygon,14,1688.25,512.85,1664.5,482.2,1628.85,473.25,1587.25,476.2,1564.45,488.1,1553.6,521.75,1572.4,550.45,1586.25,570.3,1617.95,577.2,1637.75,587.1,1666.45,581.15,1687.25,564.35,1695.15,548.5,1694.2,529.7
4-166,Uninfected,No_comment,Polygon,15,1767.45,353.45,1749.65,359.35,1736.75,362.35,1724.9,377.2,1720.9,398,1719.95,417.8,1733.8,438.6,1752.6,455.4,1777.35,461.35,1813,450.45,1825.9,427.7,1823.95,408.9,1817.95,388.1,1800.15,370.25,1788.25,361.35
4-167,Uninfected,No_comment,Polygon,15,1635.75,598.05,1607.05,589.1,1590.2,588.15,1570.4,594.05,1551.6,607.95,1537.75,626.7,1530.8,648.55,1537.75,677.2,1548.6,694.1,1567.45,699.05,1614,688.1,1626.85,661.4,1643.7,644.55,1652.6,631.65,1654.55,611.85
4-168,Uninfected,No_comment,Polygon,20,1635.75,787.15,1605.05,767.35,1578.35,767.35,1555.55,767.35,1538.7,764.4,1520.9,780.2,1513.95,803.95,1514.95,827.75,1523.85,852.5,1535.75,868.3,1547.65,885.15,1548.6,903,1556.6,920.85,1578.35,927.75,1608.05,917.85,1627.85,903,1642.7,887.15,1649.6,862.4,1661.5,835.65,1656.55,814.9
4-169,Uninfected,No_comment,Polygon,15,1783.3,761.4,1759.55,765.35,1743.7,778.2,1729.85,794.05,1725.85,816.85,1729.85,848.5,1733.8,870.35,1740.7,883.2,1769.45,892.1,1799.15,889.1,1831.8,869.3,1845.7,849.5,1851.6,825.75,1841.7,799,1822.9,769.3
4-170,Uninfected,No_comment,Polygon,14,1988.25,830.7,1952.6,827.75,1923.9,833.65,1896.2,848.5,1887.25,867.35,1895.2,886.15,1899.15,903.95,1919.95,925.8,1947.65,938.65,1971.45,940.6,1996.2,929.7,2014,909.9,2021.95,886.15,2008.05,848.5
4-171,Uninfected,No_comment,Polygon,15,2126.95,873.3,2103.15,886.2,2055.6,893.1,2050.65,905,2061.55,938.65,2081.4,959.45,2103.15,974.3,2136.85,972.35,2155.6,972.35,2171.45,964.4,2189.3,943.6,2201.15,924.8,2195.25,898.05,2174.45,881.25,2143.75,870.35
4-172,Uninfected,No_comment,Polygon,16,2059.55,955.5,2040.75,950.55,2030.9,950.55,2018,967.4,2013.05,990.15,2021,1010.95,2037.8,1036.65,2062.55,1057.5,2097.2,1062.45,2129.9,1054.5,2152.65,1027.8,2153.65,992.15,2141.8,980.25,2117.05,974.25,2093.25,973.35,2080.35,960.45
4-173,Uninfected,No_comment,Polygon,14,1941.75,947.6,1914,931.75,1873.4,931.75,1851.65,935.65,1858.55,956.5,1856.6,975.3,1859.6,999.05,1872.45,1021.85,1891.25,1035.7,1931.85,1042.65,1958.55,1019.85,1968.5,997.1,1965.55,974.3,1961.55,967.4
4-174,Uninfected,No_comment,Polygon,15,1823.95,993.15,1790.25,977.3,1764.5,977.3,1739.75,979.25,1723.9,999.05,1711.05,1023.85,1706.1,1048.6,1706.1,1076.3,1727.85,1101.05,1764.5,1101.05,1798.15,1089.2,1826.9,1091.15,1853.6,1085.2,1867.5,1063.45,1852.6,1023.85
4-175,Uninfected,No_comment,Polygon,17,1686.25,927.8,1657.6,925.8,1637.75,937.7,1619.95,960.45,1611,986.15,1609.05,1012.95,1619.95,1036.65,1635.75,1059.45,1648.65,1082.25,1674.4,1088.2,1692.2,1067.4,1691.2,1041.6,1696.15,1013.9,1708.1,999.05,1718.95,971.35,1718.95,950.55,1703.15,933.7
4-176,Uninfected,No_comment,Polygon,15,1526.85,944.6,1493.2,954.5,1479.3,971.35,1473.4,994.1,1483.3,1016.9,1493.2,1030.75,1520.9,1038.7,1547.65,1026.8,1564.5,1023.85,1583.3,1023.85,1600.15,1010.95,1607.1,991.1,1604.1,971.35,1587.3,952.55,1558.55,941.65
4-177,Uninfected,No_comment,Polygon,15,1592.25,1026.8,1563.45,1023.8,1540.7,1030.7,1522.9,1046.55,1514.95,1070.35,1514.95,1092.1,1529.8,1117.9,1548.65,1136.7,1580.3,1140.65,1605.1,1132.75,1631.8,1123.85,1639.75,1101.05,1641.7,1072.35,1628.85,1053.55,1616.95,1043.65
4-178,Uninfected,No_comment,Polygon,17,1455.6,1014.9,1428.8,1006,1404.05,996.1,1378.3,999.05,1354.55,1011.95,1336.75,1031.75,1329.85,1053.55,1322.85,1076.3,1333.75,1100.05,1341.7,1107,1365.45,1109,1394.15,1117.9,1417.95,1116.9,1440.75,1105,1463.5,1083.25,1467.45,1059.45,1471.4,1028.8
4-179,Uninfected,No_comment,Polygon,16,1283.25,986.15,1262.45,984.2,1231.8,988.2,1204.05,1003.05,1196.15,1016.9,1196.15,1043.65,1200.1,1064.4,1204.05,1081.25,1226.85,1098.1,1254.55,1096.1,1276.35,1087.15,1295.15,1074.3,1310,1053.55,1316.95,1030.75,1311,1009.95,1303.05,996.1
4-180,Uninfected,No_comment,Polygon,13,1366.45,1113.95,1311,1109,1296.15,1125.8,1293.15,1146.6,1296.15,1174.35,1312.95,1194.15,1333.75,1211.95,1362.5,1218.9,1389.2,1215.9,1412,1197.1,1425.85,1178.3,1414.95,1145.6,1399.1,1126.8
4-181,Uninfected,No_comment,Polygon,13,1649.65,1153.55,1610.05,1147.55,1584.3,1170.35,1569.45,1199.1,1567.45,1234.75,1578.35,1261.45,1614,1275.35,1639.75,1276.3,1664.5,1261.45,1685.3,1237.7,1686.25,1210.95,1676.35,1181.25,1664.5,1163.45
4-182,Uninfected,No_comment,Polygon,14,1831.85,1105,1795.2,1108,1750.65,1109.95,1735.8,1147.55,1741.7,1172.35,1754.6,1197.1,1777.35,1215.9,1810.05,1211.95,1835.8,1207,1847.65,1192.15,1854.65,1167.4,1858.55,1150.55,1860.55,1130.75,1851.65,1111.95
4-183,Uninfected,No_comment,Polygon,15,1979.35,1135.7,1957.6,1144.65,1935.8,1162.45,1933.8,1191.15,1912.05,1214.95,1913.05,1242.65,1932.85,1260.5,1967.5,1261.45,1996.2,1252.55,2021,1235.75,2036.8,1222.85,2042.75,1205.05,2034.8,1175.3,2021.95,1158.5,2005.1,1143.65
4-184,Uninfected,No_comment,Polygon,14,2068.5,1093.15,2055.6,1094.15,2039.75,1108,2027.9,1128.8,2034.8,1158.5,2044.7,1184.25,2061.55,1200.1,2089.3,1212.95,2120,1199.1,2133.85,1181.25,2138.8,1157.5,2129.9,1127.8,2117,1103.05,2101.15,1095.1
4-185,Uninfected,No_comment,Polygon,12,2186.3,1084.25,2166.5,1093.15,2156.6,1109,2154.65,1136.7,2151.65,1165.4,2161.55,1185.25,2189.3,1202.05,2223.95,1203,2255.65,1163.45,2258.6,1135.7,2243.75,1105,2221.95,1090.15
4-186,Uninfected,No_comment,Polygon,14,1437.7,1252.6,1415.95,1235.8,1382.25,1228.85,1356.55,1245.7,1343.65,1270.45,1354.55,1308.05,1372.35,1334.8,1408,1355.6,1445.65,1362.5,1472.4,1351.65,1488.2,1336.8,1498.1,1302.1,1480.3,1277.35,1461.5,1262.5
4-187,Uninfected,No_comment,Polygon,16,1599.1,1296.2,1558.55,1300.15,1535.75,1316,1514.95,1337.75,1509,1362.5,1509,1392.25,1507.05,1416,1523.85,1432.8,1563.5,1428.85,1592.2,1418.95,1617.95,1407.1,1632.8,1387.3,1639.7,1354.6,1639.7,1332.8,1636.75,1314,1625.85,1303.1
4-188,Uninfected,No_comment,Polygon,14,1706.05,1309.05,1680.3,1310.05,1661.5,1323.9,1648.65,1346.7,1647.65,1387.3,1656.55,1408.05,1669.45,1420.95,1698.15,1416,1709.05,1405.05,1734.8,1391.25,1755.55,1381.35,1764.5,1361.55,1758.55,1339.75,1738.75,1319.95
4-189,Uninfected,No_comment,Polygon,14,1774.4,1401.15,1748.65,1402.15,1731.8,1413,1714,1428.85,1711,1447.7,1713,1469.45,1727.85,1486.3,1750.6,1497.2,1782.3,1495.2,1801.1,1483.3,1809.05,1466.5,1810.05,1440.75,1807.05,1418.95,1788.25,1402.15
4-190,Uninfected,No_comment,Polygon,18,1871.4,1405.05,1856.55,1405.05,1836.75,1408.05,1826.85,1427.85,1825.9,1449.65,1827.85,1471.45,1829.85,1493.25,1849.65,1508.1,1868.45,1510.05,1900.15,1505.1,1916.95,1501.15,1937.75,1508.1,1953.6,1500.15,1962.5,1480.35,1942.7,1450.65,1922.9,1442.75,1905.1,1434.8,1879.3,1417.95
4-191,Uninfected,No_comment,Polygon,12,1911.05,1347.65,1897.15,1350.65,1887.25,1373.4,1888.25,1395.2,1902.1,1423.9,1933.8,1437.8,1963.5,1438.75,1983.3,1427.85,1994.2,1408.05,1978.35,1359.55,1950.65,1347.65,1930.85,1345.7
4-192,Uninfected,No_comment,Polygon,13,2062.55,1447.7,2020.95,1453.6,2007.1,1470.45,1998.15,1492.25,1996.2,1515,2002.15,1536.8,2020.95,1553.65,2047.7,1564.5,2070.45,1561.55,2092.25,1543.75,2108.1,1521.95,2096.2,1475.4,2076.4,1458.55
4-193,Uninfected,No_comment,Polygon,13,1937.75,1514,1911.05,1516,1880.35,1518,1860.55,1536.8,1856.55,1556.6,1854.6,1584.3,1880.35,1614.05,1906.1,1616.95,1941.75,1613.05,1960.55,1594.25,1973.4,1574.4,1962.5,1544.7,1953.6,1522.95
4-194,Uninfected,No_comment,Polygon,13,1804.1,1546.7,1772.4,1541.75,1757.55,1547.7,1736.75,1558.6,1728.85,1578.4,1725.85,1603.15,1732.8,1620.95,1749.65,1645.7,1798.15,1657.6,1824.9,1648.7,1842.7,1625.9,1849.65,1598.2,1836.75,1571.45
4-195,Uninfected,No_comment,Polygon,13,1668.45,1477.4,1640.7,1462.55,1612,1467.5,1589.2,1478.35,1570.4,1500.15,1570.4,1512.05,1577.35,1532.85,1590.2,1551.65,1616.95,1564.5,1647.65,1557.6,1667.4,1540.75,1683.3,1520.95,1681.3,1502.15
4-196,Uninfected,No_comment,Polygon,14,1546.65,1487.3,1529.8,1482.35,1512,1480.35,1489.2,1483.3,1469.4,1496.2,1455.6,1514,1453.55,1534.8,1459.5,1553.65,1474.35,1574.4,1499.1,1587.3,1532.8,1585.3,1558.55,1574.4,1563.5,1553.65,1559.5,1528.85
4-197,Uninfected,No_comment,Polygon,13,1558.55,1584.3,1517.95,1594.25,1486.25,1616.95,1485.25,1640.75,1495.15,1672.45,1508.05,1690.25,1537.75,1697.2,1568.45,1693.25,1590.2,1677.4,1607.05,1656.6,1609,1629.85,1603.1,1604.15,1590.2,1594.25
4-198,Uninfected,No_comment,Polygon,13,1451.6,1636.8,1435.75,1635.8,1412.95,1631.85,1392.15,1643.75,1376.35,1657.6,1374.35,1678.4,1380.3,1704.15,1399.1,1724.95,1428.8,1741.75,1458.5,1729.9,1477.35,1714.05,1489.2,1691.25,1482.3,1669.5
4-199,Uninfected,No_comment,Polygon,17,2103.15,1276.4,2115,1251.6,2121.95,1232.8,2103.15,1215,2076.4,1213,2058.55,1215.95,2039.75,1231.8,2020.95,1251.6,2005.1,1287.25,2003.1,1315,2008.05,1334.8,2021.95,1357.55,2022.95,1358.55,2042.75,1367.45,2077.4,1356.6,2100.15,1334.8,2102.15,1300.15
4-200,Uninfected,No_comment,Polygon,14,2138.75,1236.75,2128.85,1250.65,2118.95,1279.35,2114,1308.05,2124.9,1333.8,2147.7,1342.7,2179.35,1339.75,2206.1,1324.9,2225.9,1306.1,2231.85,1284.3,2222.95,1259.55,2206.1,1242.7,2190.25,1231.8,2172.45,1229.85
4-201,Uninfected,No_comment,Polygon,11,2166.5,1375.4,2130.85,1386.3,2116,1409.05,2112.05,1437.8,2125.9,1460.55,2155.6,1480.35,2190.25,1475.4,2211.05,1461.55,2225.9,1439.75,2215,1408.05,2193.25,1387.3
4-202,Uninfected,No_comment,Polygon,15,2267.5,1314,2246.7,1315,2222.95,1326.85,2203.15,1342.7,2186.3,1364.5,2207.1,1387.3,2223.95,1404.1,2232.85,1421.95,2250.65,1436.8,2281.35,1430.85,2313.05,1413,2320.95,1390.25,2320.95,1366.5,2305.15,1339.75,2285.3,1319.95
4-203,Uninfected,No_comment,Polygon,11,2213.05,1535.8,2193.25,1522.95,2168.5,1518,2138.75,1528.85,2121.95,1553.65,2126.9,1586.3,2150.65,1615,2188.3,1621.95,2217,1611.05,2234.8,1589.25,2230.85,1555.6
4-204,Uninfected,No_comment,Polygon,14,2310.1,1777.35,2317,1750.65,2305.15,1726.85,2272.45,1712,2249.7,1705.1,2214.05,1707.05,2199.2,1727.85,2202.15,1762.5,2212.05,1781.3,2221.95,1798.15,2223.95,1820.95,2257.6,1831.8,2280.4,1819,2297.2,1801.15
4-205,Uninfected,No_comment,Polygon,13,2193.25,1863.5,2179.4,1859.55,2151.65,1869.45,2129.85,1890.25,2119.95,1912.05,2126.9,1941.75,2141.8,1961.55,2159.6,1968.45,2194.25,1965.5,2212.05,1947.65,2226.9,1922.9,2228.9,1901.15,2221.95,1875.4
4-206,Uninfected,No_comment,Polygon,27,2107.1,1845.7,2107.1,1829.85,2100.15,1819.95,2081.35,1821.9,2067.5,1815,2056.6,1803.1,2046.7,1793.2,2033.85,1797.15,2025.9,1811.05,2018,1819,2001.15,1824.9,1994.2,1829.85,1994.2,1850.65,1989.25,1867.45,1980.4,1878.35,1992.25,1897.2,2002.15,1910.05,2009.05,1921.95,2021.95,1940.75,2041.75,1942.7,2074.4,1933.8,2093.25,1933.8,2105.1,1924.95,2104.15,1909.05,2108.1,1894.2,2118,1883.3,2117,1862.5
4-207,Uninfected,No_comment,Polygon,12,2027.9,1752.6,2009.05,1716.95,1976.4,1706.05,1935.8,1707.05,1913,1721.9,1905.1,1751.6,1920.95,1775.4,1943.7,1800.15,1970.45,1814,2000.15,1816,2021.95,1793.2,2029.85,1772.4
4-208,Uninfected,No_comment,Polygon,17,1939.85,1797.1,1922.9,1784.3,1899.15,1784.3,1874.45,1794.2,1855.6,1810.05,1844.7,1830.85,1837.75,1851.65,1828.85,1868.45,1828.85,1887.25,1846.7,1901.15,1871.45,1915,1902.15,1916,1932.85,1901.15,1943.7,1886.3,1951.65,1855.6,1952.65,1830.85,1945.7,1812
4-209,Uninfected,No_comment,Polygon,13,1824.9,1785.3,1810.05,1772.4,1785.3,1768.5,1753.6,1768.5,1728.85,1790.25,1720.95,1807.05,1736.75,1832.8,1751.6,1850.65,1767.45,1864.5,1787.25,1872.4,1819,1863.5,1832.8,1840.75,1840.75,1809.05
4-210,Uninfected,No_comment,Polygon,15,1747.65,1726.85,1740.75,1710.05,1729.85,1695.2,1704.1,1690.25,1680.35,1695.2,1657.55,1711,1643.7,1728.85,1638.75,1750.65,1643.7,1775.4,1665.5,1795.2,1687.25,1799.15,1706.05,1793.2,1725.9,1772.4,1738.75,1762.5,1746.65,1747.65
4-211,Uninfected,No_comment,Polygon,15,1563.5,1746.65,1543.7,1720.9,1517.95,1714,1482.3,1725.85,1467.45,1733.8,1442.7,1743.7,1425.85,1756.55,1416.95,1774.4,1417.95,1800.15,1430.8,1815,1468.45,1828.85,1506.1,1831.8,1531.8,1811.05,1553.6,1790.25,1558.55,1771.4
4-212,Uninfected,No_comment,Polygon,14,1589.25,1820.95,1565.45,1819,1530.8,1830.85,1511,1842.7,1497.15,1864.5,1503.1,1887.25,1514.95,1912.05,1535.75,1926.9,1576.35,1926.9,1602.1,1913,1618.95,1895.2,1628.85,1866.5,1619.95,1840.75,1604.1,1826.85
4-213,Uninfected,No_comment,Polygon,16,1362.5,1705.1,1349.65,1678.35,1313.95,1668.45,1296.15,1682.3,1288.2,1688.25,1281.3,1704.1,1281.3,1732.8,1297.15,1751.6,1306.05,1775.4,1322.85,1798.15,1329.8,1805.1,1367.45,1808.05,1390.2,1795.2,1400.15,1775.4,1399.1,1756.55,1383.25,1734.8
4-214,Uninfected,No_comment,Polygon,12,1276.35,1745.7,1256.55,1733.8,1226.8,1736.75,1217.9,1745.7,1200.1,1767.45,1188.25,1796.2,1194.15,1819,1214.95,1836.75,1262.45,1845.7,1302.1,1831.8,1297.15,1792.2,1272.35,1755.6
4-215,Uninfected,No_comment,Polygon,15,3236.05,1901.25,3239.15,1881.8,3230.95,1848.15,3217.75,1837.95,3199.35,1829.75,3167.75,1830.8,3144.2,1826.75,3121.75,1830.8,3106.45,1850.2,3100.35,1874.65,3116.65,1913.5,3144.2,1940,3190.2,1946.15,3213.6,1931.8,3225.85,1916.5
4-216,Uninfected,No_comment,Polygon,14,3261.6,1774.7,3259.55,1755.25,3248.3,1732.8,3228.95,1720.55,3192.2,1716.5,3164.65,1719.6,3144.2,1737.9,3128.9,1758.35,3129.95,1785.9,3139.1,1805.3,3166.65,1820.6,3210.6,1824.65,3239.15,1814.5,3249.35,1796.15
4-217,Uninfected,No_comment,Polygon,20,3284.05,1665.5,3289.15,1644.05,3288.1,1625.7,3274.9,1610.4,3263.6,1604.25,3244.25,1595.1,3222.85,1593.05,3201.35,1597.1,3187.1,1607.35,3172.85,1624.7,3168.7,1642,3165.7,1665.5,3165.7,1682.85,3179.95,1699.2,3207.55,1707.35,3226.9,1711.4,3246.3,1712.45,3251.4,1711.4,3260.55,1703.2,3271.8,1690
4-218,Uninfected,No_comment,Polygon,16,3093.25,1723.65,3090.15,1694.05,3071.75,1679.8,3048.3,1675.65,3030.95,1676.7,3015.65,1690,3005.45,1706.3,3003.4,1720.55,3001.4,1747.15,3002.35,1764.5,3015.65,1778.8,3033,1784.85,3053.4,1785.9,3070.75,1776.75,3084,1765.5,3092.15,1755.25
4-219,Uninfected,No_comment,Polygon,17,2993.2,1690,2991.15,1666.5,2975.85,1646.05,2962.55,1632.85,2935,1625.7,2914.65,1638.95,2905.4,1658.3,2903.35,1675.65,2901.35,1693,2908.5,1720.55,2921.8,1733.85,2932.95,1742.05,2948.3,1748.15,2967.65,1747.15,2975.85,1742.05,2984.05,1731.85,2988.1,1722.65
4-220,Uninfected,No_comment,Polygon,19,2925.85,1760.35,2906.45,1746.1,2888.05,1735.9,2872.8,1726.75,2851.35,1726.75,2838.05,1739,2828.85,1753.25,2828.85,1772.6,2826.85,1789.95,2840.15,1811.45,2861.55,1832.85,2869.75,1848.15,2889.1,1856.35,2908.5,1845.1,2925.85,1833.9,2939.1,1822.65,2941.15,1806.35,2943.15,1789,2934,1771.65
4-221,Uninfected,No_comment,Polygon,12,3046.9,1806,3031.9,1797,2995.9,1800,2976.9,1815,2962.9,1840,2970.9,1868,2988.9,1887,3013.9,1892,3039.9,1882,3061.9,1865,3069.9,1842,3059.9,1816
4-222,Uninfected,No_comment,Polygon,14,3091.9,1931,3079.9,1930,3063.9,1939,3048.9,1959,3040.9,1987,3057.9,2025,3070.9,2045,3095.9,2053,3123.9,2046,3143.9,2028,3152.9,2001,3150.9,1978,3136.9,1959,3123.9,1944
4-223,Uninfected,No_comment,Polygon,14,2992.9,1940,2977.9,1935,2959.9,1939,2943.9,1953,2928.9,1969,2917.9,1993,2925.9,2013,2943.9,2033,2970.9,2045,3005.9,2042,3028.9,2027,3036.9,2009,3025.9,1972,3006.9,1948
4-224,Uninfected,No_comment,Polygon,14,2923.9,1922,2911.9,1903,2899.9,1890,2887.9,1885,2864.9,1885,2847.9,1894,2824.9,1915,2814.9,1950,2821.9,1970,2847.9,1988,2893.9,1996,2914.9,1981,2922.9,1957,2926.9,1943
4-225,Uninfected,No_comment,Polygon,16,2781.9,1711,2759.9,1703,2741.9,1692,2720.9,1695,2697.9,1719,2685.9,1742,2687.9,1787,2705.9,1808,2725.9,1813,2748.9,1806,2762.9,1800,2781.9,1794,2794.9,1783,2800.9,1771,2801.9,1755,2795.9,1741
4-226,Uninfected,No_comment,Polygon,12,2845.9,1833,2828.9,1814,2801.9,1800,2765.9,1807,2741.9,1830,2739.9,1861,2750.9,1889,2772.9,1907,2809.9,1915,2833.9,1899,2854.9,1877,2858.9,1856
4-227,Uninfected,No_comment,Polygon,13,2803.9,1931,2788.9,1914,2760.9,1906,2734.9,1907,2714.9,1920,2704.9,1942,2703.9,1967,2708.9,1985,2734.9,2006,2764.9,2017,2788.9,2001,2810.9,1981,2813.9,1958
4-228,Uninfected,No_comment,Polygon,13,2836.9,2004,2820.9,2006,2801.9,2022,2796.9,2046,2801.9,2081,2817.9,2105,2840.9,2115,2869.9,2109,2889.9,2098,2902.9,2077,2908.9,2054,2902.9,2024,2885.9,2007
4-229,Uninfected,No_comment,Polygon,14,2663.9,2008,2653.9,1989,2636.9,1975,2618.9,1967,2590.9,1971,2567.9,1985,2562.9,1996,2556.9,2022,2563.9,2051,2602.9,2083,2628.9,2090,2653.9,2083,2666.9,2063,2666.9,2037
4-230,Uninfected,No_comment,Polygon,13,2636.9,1757,2634.9,1736,2621.9,1704,2588.9,1698,2559.9,1701,2540.9,1712,2526.9,1729,2524.9,1747,2538.9,1774,2557.9,1794,2582.9,1803,2605.9,1799,2631.9,1780
4-231,Uninfected,No_comment,Polygon,15,2688.9,1595.95,2679.9,1567.95,2663.9,1553.95,2644.9,1542.95,2623.9,1539.95,2599.9,1546.95,2582.9,1557.95,2576.9,1573.95,2570.9,1622.95,2572.9,1653.95,2572.9,1669,2596.9,1687,2653.9,1685,2684.9,1656.95,2689.9,1625.95
4-232,Uninfected,No_comment,Polygon,17,2559.9,1627.95,2554.9,1608.95,2544.9,1593.95,2526.9,1587.95,2506.9,1590.95,2489.9,1598.95,2469.9,1612.95,2454.9,1624.95,2447.9,1631.95,2462.9,1651.95,2466.9,1665,2482.9,1688,2498.9,1704,2519.9,1707,2539.9,1689,2555.9,1669,2558.9,1648.95
4-233,Uninfected,No_comment,Polygon,16,2471.9,1740,2449.9,1746,2433.9,1761,2426.9,1775,2421.9,1794,2432.9,1816,2441.9,1836,2455.9,1853,2474.9,1861,2500.9,1857,2519.9,1845,2535.9,1821,2533.9,1799,2519.9,1771,2505.9,1752,2492.9,1741
4-234,Uninfected,No_comment,Polygon,16,2405.9,1912,2357.9,1919,2342.9,1934,2328.9,1956,2325.9,1980,2331.9,2000,2353.9,2021,2373.9,2033,2392.9,2023,2407.9,2001,2418.9,1995,2434.9,1986,2448.9,1974,2449.9,1950,2441.9,1930,2431.9,1918
4-235,Uninfected,No_comment,Polygon,15,2840.9,2226,2835.9,2201,2813.9,2181,2794.9,2170,2769.9,2170,2754.9,2192,2749.9,2209,2742.9,2229,2738.9,2251,2751.9,2267,2766.9,2286,2805.9,2293,2818.9,2289,2833.9,2273,2838.9,2254
4-236,Uninfected,No_comment,Polygon,17,2797.9,2133,2797.9,2120,2797.9,2098,2785.9,2079,2777.9,2063,2758.9,2046,2717.9,2038,2697.9,2055,2686.9,2070,2680.9,2094,2682.9,2123,2697.9,2147,2707.9,2167,2726.9,2177,2751.9,2173,2768.9,2161,2784.9,2150
4-237,Uninfected,No_comment,Polygon,16,2697.9,2171,2686.9,2145,2670.9,2134,2648.9,2129,2627.9,2133,2606.9,2144,2596.9,2158,2586.9,2176,2576.9,2199,2588.9,2221,2606.9,2233,2632.9,2237,2660.9,2245,2676.9,2231,2689.9,2210,2694.9,2193
4-238,Uninfected,No_comment,Polygon,37,2618.9,2112,2609.9,2095,2597.9,2081,2584.9,2070,2568.9,2057,2553.9,2047,2545.9,2046,2537.9,2049,2525.9,2052,2513.9,2049,2505.9,2046,2498.9,2044,2489.9,2044,2479.9,2052,2468.9,2062,2460.9,2065,2450.9,2073,2444.9,2083,2435.9,2088,2427.9,2090,2427.9,2091.05,2424.9,2108,2426.9,2125,2432.9,2143,2445.9,2162,2465.9,2175,2492.9,2165,2497.9,2160,2509.9,2165,2528.9,2170,2544.9,2168,2557.9,2159,2561.9,2153,2579.9,2149,2592.9,2143,2605.9,2133,2613.9,2126
4-239,Uninfected,No_comment,Polygon,15,2369,1773.15,2336.05,1776.25,2314.4,1795.85,2309.2,1821.6,2314.4,1849.45,2327.8,1876.25,2350.45,1897.9,2379.3,1904.05,2411.3,1901.95,2441.2,1882.4,2441.2,1860.75,2428.8,1843.25,2415.4,1825.7,2403.05,1806.15,2394.8,1790.65
4-240,Uninfected,No_comment,Polygon,16,2429.85,1653.5,2431.9,1627.8,2413.35,1607.15,2400.95,1599.9,2380.35,1596.8,2362.85,1599.9,2348.4,1609.25,2333.95,1619.55,2325.7,1626.7,2326.75,1653.5,2333.95,1679.35,2351.5,1702,2376.25,1714.4,2396.85,1703.05,2415.4,1686.55,2427.8,1673.15
4-241,Uninfected,No_comment,Polygon,19,2374.15,1558.7,2373.15,1540.1,2360.75,1517.5,2346.35,1506.15,2316.45,1502,2297.9,1484.5,2285.5,1480.35,2268,1493.75,2258.7,1504.1,2252.5,1524.7,2244.3,1538.1,2243.25,1559.75,2246.35,1589.65,2259.75,1610.2,2282.4,1618.45,2308.2,1616.45,2339.1,1603.05,2355.6,1590.65,2370.05,1578.25
4-242,Uninfected,No_comment,Polygon,14,2360.75,1199.9,2350.45,1176.25,2329.85,1162.85,2292.75,1153.55,2276.25,1164.85,2256.65,1181.4,2247.35,1207.2,2247.35,1227.8,2261.8,1251.45,2285.5,1263.9,2330.85,1269.05,2348.4,1256.6,2360.75,1238.1,2363.85,1223.65
4-243,Uninfected,No_comment,Polygon,16,2556.65,1205.1,2547.35,1218.5,2535,1211.3,2503.05,1215.4,2482.4,1232.95,2473.15,1252.55,2471.1,1275.2,2487.55,1303.05,2529.85,1311.3,2554.6,1321.55,2580.35,1310.25,2600.95,1285.5,2610.25,1270,2608.2,1248.35,2591.7,1222.65,2580.35,1204.1
4-244,Uninfected,No_comment,Polygon,14,2428.8,1291.65,2399.95,1277.3,2363.85,1275.2,2336.05,1277.3,2315.4,1290.7,2309.2,1306.15,2316.45,1328.8,2324.7,1348.35,2327.8,1369.05,2372.1,1386.5,2394.8,1371.1,2416.45,1348.35,2429.85,1331.9,2433.95,1316.45
4-245,Uninfected,No_comment,Polygon,13,2456.65,1356.6,2433.95,1363.85,2415.4,1378.25,2395.8,1403.05,2395.8,1425.75,2408.2,1447.4,2427.8,1458.7,2460.75,1458.7,2481.4,1452.55,2495.8,1431.9,2505.1,1401,2495.8,1372.1,2483.45,1362.85
4-246,Uninfected,No_comment,Polygon,16,2576.25,1383.4,2555.6,1388.6,2525.7,1397.9,2514.35,1415.4,2506.15,1436.05,2506.15,1455.65,2512.3,1471.1,2528.8,1484.5,2548.4,1492.75,2571.05,1492.75,2592.7,1484.5,2608.2,1471.1,2618.5,1451.5,2616.45,1432.95,2609.2,1412.35,2598.9,1395.85
4-247,Uninfected,No_comment,Polygon,16,2654.6,1382.45,2640.15,1391.65,2632.95,1407.15,2626.75,1427.8,2626.75,1450.45,2628.8,1473.15,2638.1,1491.65,2676.25,1499.9,2705.1,1496.8,2719.55,1480.35,2728.85,1465.95,2730.85,1450.45,2730.85,1431.9,2721.6,1411.3,2708.2,1396.85,2687.55,1385.5
4-248,Uninfected,No_comment,Polygon,18,2790.65,1365.95,2773.15,1370,2757.65,1377.3,2744.25,1397.9,2743.25,1422.65,2743.25,1454.6,2757.65,1477.25,2775.2,1492.75,2805.1,1499.9,2839.1,1502,2854.6,1487.6,2857.65,1459.75,2863.9,1441.2,2861.8,1419.55,2856.65,1403.05,2845.3,1388.6,2826.75,1375.2,2810.25,1373.15
4-249,Uninfected,No_comment,Polygon,19,2958.7,1422.65,2945.3,1421.55,2927.75,1431.9,2917.45,1444.3,2904.05,1454.6,2895.8,1466.95,2896.85,1483.4,2911.3,1503.05,2918.5,1536.05,2956.65,1544.3,2981.4,1542.2,3003.05,1533.95,3012.3,1521.55,3020.55,1508.2,3021.6,1491.65,3021.6,1477.25,3015.4,1465.95,2999.95,1450.45,2988.6,1442.2
4-250,Uninfected,No_comment,Polygon,16,3083.45,1391.65,3075.2,1366.95,3064.9,1348.35,3046.35,1340.15,3024.7,1334,3003.05,1345.3,2981.4,1362.85,2977.3,1379.35,2975.2,1404.1,2989.6,1421.55,3007.15,1445.3,3026.75,1454.6,3049.4,1453.55,3066.95,1442.2,3078.3,1426.7,3082.4,1413.3
4-251,Uninfected,No_comment,Polygon,15,2948.4,1253.55,2938.1,1237.05,2910.25,1218.5,2891.7,1213.3,2874.15,1217.5,2860.75,1226.75,2844.25,1241.2,2832.95,1257.7,2830.85,1286.5,2840.15,1308.15,2865.9,1330.9,2914.35,1324.7,2941.15,1311.3,2950.45,1295.85,2951.5,1274.2
4-252,Uninfected,No_comment,Polygon,12,2865.9,1190.7,2864.9,1173.1,2851.5,1151.45,2824.7,1129.8,2797.85,1128.85,2762.8,1137.05,2743.25,1165.95,2739.1,1188.6,2749.4,1234.95,2796.85,1257.7,2833.95,1242.25,2854.6,1216.4
4-253,Uninfected,No_comment,Polygon,18,2726.75,1192.75,2726.75,1172.1,2718.5,1157.7,2704.05,1143.2,2691.7,1138.05,2670.05,1134.95,2652.5,1136.05,2638.1,1144.3,2619.55,1160.8,2610.25,1179.35,2606.15,1201,2613.35,1221.55,2627.75,1241.2,2644.25,1253.55,2675.2,1261.8,2692.7,1252.55,2705.1,1226.75,2713.35,1208.15
4-254,Uninfected,No_comment,Polygon,14,3358.65,1357.7,3358.65,1348.4,3343.2,1321.6,3328.8,1309.25,3305.05,1294.8,3271,1291.7,3238.05,1318.5,3227.7,1340.15,3230.8,1372.15,3243.2,1394.8,3269,1415.45,3304.05,1414.4,3332.85,1398.95,3350.4,1382.45
4-255,Uninfected,No_comment,Polygon,15,3194.75,1342.25,3185.5,1328.85,3163.85,1322.65,3135.95,1303.05,3110.2,1307.2,3089.55,1317.5,3086.5,1349.45,3092.65,1390.7,3106.05,1410.25,3124.65,1421.6,3153.5,1421.6,3175.15,1408.2,3187.5,1394.8,3197.8,1378.3,3198.9,1364.9
4-256,Uninfected,No_comment,Polygon,16,3186.5,1214.4,3162.75,1210.3,3146.25,1211.3,3133.95,1213.35,3118.45,1232.95,3116.4,1251.5,3115.4,1272.15,3132.85,1293.8,3173.1,1310.3,3210.2,1319.55,3233.95,1290.7,3242.2,1269.05,3242.2,1247.4,3234.95,1226.75,3229.8,1222.65,3220.55,1217.5
4-257,Uninfected,No_comment,Polygon,14,2961.75,1079.35,2965.85,1055.65,2954.5,1035,2939.05,1024.7,2903,1015.45,2875.15,1024.7,2857.6,1041.2,2851.45,1062.85,2848.35,1086.55,2861.75,1111.3,2886.5,1125.75,2912.25,1131.95,2935.95,1121.6,2954.5,1105.1
4-258,Uninfected,No_comment,Polygon,16,3141.1,938.1,3122.55,945.35,3103,955.65,3086.5,965.95,3070,977.3,3058.7,991.7,3058.7,1017.5,3068.95,1040.2,3089.55,1051.5,3125.65,1056.65,3151.45,1044.3,3167.9,1026.8,3176.15,1011.3,3177.25,980.4,3165.85,956.65,3159.7,947.4
4-259,Uninfected,No_comment,Polygon,16,3112.35,924.65,3120.6,909.25,3115.4,872.15,3098.95,859.7,3080.35,846.3,3066.95,840.15,3034,848.4,3005.1,851.5,2985.55,871.1,2983.45,899.95,2985.55,925.75,2987.55,947.4,3009.2,964.9,3051.5,966.95,3075.2,957.7,3092.7,946.3
4-260,Uninfected,No_comment,Polygon,16,2946.35,908.2,2955.65,881.35,2949.4,858.75,2937.1,844.3,2917.45,832.9,2895.8,824.65,2874.15,818.5,2857.65,825.75,2845.3,840.15,2837.1,860.8,2841.2,879.35,2850.5,912.35,2862.85,932.95,2881.4,948.4,2908.2,950.5,2927.8,941.2
4-261,Uninfected,No_comment,Polygon,15,2837.1,910.25,2825.7,872.15,2805.1,861.8,2789.65,859.7,2768,878.3,2754.6,892.75,2750.5,911.25,2758.75,942.25,2762.85,964.9,2774.15,985.55,2811.3,989.6,2833.95,983.45,2847.35,967.95,2849.45,946.3,2845.3,930.9
4-262,Uninfected,No_comment,Polygon,14,2744.25,928.85,2716.45,909.25,2695.8,898.95,2673.15,908.2,2655.6,919.55,2648.4,938.05,2652.5,962.85,2658.75,986.5,2670.05,1005.1,2699.95,1015.45,2723.7,1008.15,2742.2,993.8,2748.4,979.35,2749.45,957.7
4-263,Uninfected,No_comment,Polygon,19,2705.1,831.95,2699.95,821.6,2698.9,805.1,2691.7,787.6,2676.25,774.2,2645.35,770.05,2630.85,788.65,2615.45,806.15,2604.05,823.7,2598.9,846.3,2597.9,862.85,2609.2,885.55,2632.95,909.25,2667,898.95,2680.4,890.7,2699.95,889.6,2713.35,878.3,2720.55,857.7,2715.45,844.3
4-264,Uninfected,No_comment,Polygon,14,2625.7,930.9,2606.15,919.55,2590.65,925.75,2572.1,935,2560.75,950.5,2557.7,979.35,2556.65,1005.1,2576.25,1029.8,2599.95,1046.3,2625.7,1052.55,2649.45,1032.95,2657.7,1008.15,2645.35,983.45,2637.1,956.65
4-265,Uninfected,No_comment,Polygon,12,2362.85,1024.65,2319.55,1025.75,2290.65,1029.8,2270.05,1057.7,2274.2,1093.8,2289.65,1118.5,2305.15,1128.85,2337.05,1129.8,2370.05,1116.4,2386.55,1095.85,2379.35,1062.85,2378.3,1047.4
4-266,Uninfected,No_comment,Polygon,31,2591.7,246.85,2602.65,235.95,2609.45,227.05,2618.3,225.5,2638.6,224.45,2652.15,225,2659.45,218.75,2666.7,213.55,2685.45,211.45,2694.85,213.55,2699,225.5,2700.6,239.55,2703.7,248.95,2715.7,265.6,2724,280.7,2725.6,300.5,2729.2,320.85,2718.8,333.85,2700.6,340.6,2680.8,342.2,2664.1,343.2,2652.15,333.85,2620.35,336.95,2598.5,330.7,2577.65,310.4,2569.85,296.35,2562.05,282.3,2558.9,265.6,2561,254.7,2569.85,248.45,2582.35,248.45