257,5312,2988
2-1,Uninfected,No_comment,Polygon,21,1765,1024.55,1751.25,1026.7,1734.2,1033.1,1726.7,1055.45,1727.75,1072.45,1732.1,1102.25,1739.55,1119.3,1751.25,1139.5,1769.25,1148,1807.55,1153.35,1825.7,1144.8,1842.75,1132.05,1851.25,1121.4,1853.3,1108.6,1855.5,1086.3,1845.85,1068.2,1840.6,1061.85,1828.9,1050.15,1815,1038.4,1804.45,1032.05,1792.65,1024.55
2-2,Uninfected,No_comment,Polygon,17,1859.75,1148,1829.9,1160.8,1820.4,1174.6,1810.75,1196.95,1822.45,1229.95,1836.35,1252.3,1857.55,1265,1898.05,1260.8,1903.3,1253.35,1920.4,1254.4,1938.5,1238.4,1944.8,1218.25,1941.65,1202.25,1934.25,1185.25,1925.65,1174.6,1912.95,1161.85,1900.2,1156.5
2-3,Uninfected,No_comment,Polygon,17,1886.35,1317.2,1869.35,1299.1,1840.6,1290.6,1816.15,1291.65,1797,1292.7,1777.85,1304.4,1766.05,1326.75,1771.45,1350.15,1782.1,1369.3,1793.8,1390.6,1812.95,1408.7,1838.4,1411.85,1868.2,1398.05,1879.9,1379.95,1887.35,1368.2,1893.8,1348.05,1888.5,1329.9
2-4,Uninfected,No_comment,Polygon,14,2027.85,1327.8,2015.1,1324.6,1987.35,1325.7,1968.2,1344.85,1961.9,1360.8,1959.7,1378.9,1970.4,1400.15,1992.75,1419.3,2017.15,1427.85,2045.95,1419.3,2057.65,1407.6,2059.7,1386.35,2061.9,1359.75,2049.15,1339.5
2-5,Uninfected,No_comment,Polygon,22,1938.5,1373.55,1923.6,1370.35,1912.95,1369.3,1901.25,1379.95,1887.35,1389.55,1873.6,1402.3,1856.5,1415.05,1850.2,1429.95,1850.2,1444.85,1859.75,1475.7,1876.7,1483.15,1905.5,1499.1,1923.6,1492.75,1942.75,1478.85,1960.85,1473.6,1973.6,1470.4,1983.1,1459.7,1985.3,1442.7,1980,1425.7,1970.4,1413.95,1961.9,1405.5,1949.05,1392.7
2-6,Uninfected,No_comment,Polygon,29,1802.3,1409.75,1794.85,1394.8,1783.15,1375.65,1774.65,1365.05,1756.55,1361.85,1738.4,1364,1715.05,1372.5,1705.5,1377.8,1692.65,1391.65,1687.4,1401.25,1674.65,1413.95,1662.85,1417.2,1655.4,1422.5,1649.1,1437.4,1648.05,1450.15,1653.35,1465.05,1665.05,1473.6,1674.65,1486.3,1693.8,1497,1705.5,1497,1725.7,1498.05,1735.2,1493.8,1754.35,1483.15,1769.25,1473.6,1784.15,1466.15,1804.45,1452.3,1809.75,1444.85,1812.95,1435.25,1810.75,1425.7
2-7,Uninfected,No_comment,Polygon,20,2045.95,1056.5,2025.75,1043.7,2009.7,1038.4,1991.7,1037.35,1975.65,1049.05,1966.15,1060.75,1957.65,1077.8,1953.4,1096.95,1957.65,1112.9,1961.9,1132.05,1989.55,1152.25,2001.25,1161.85,2012.9,1163.95,2026.8,1163.95,2043.75,1153.35,2058.65,1139.5,2067.15,1126.75,2069.35,1107.6,2067.15,1087.35,2062.9,1073.55
2-8,Uninfected,No_comment,Polygon,22,2136.4,1063.95,2121.5,1072.45,2109.8,1085.25,2105.45,1099.05,2099.15,1118.2,2094.9,1134.2,2092.75,1153.35,2096.95,1176.75,2103.4,1187.4,2116.1,1192.65,2123.55,1192.65,2141.7,1193.75,2153.4,1186.3,2166.1,1173.5,2178.95,1160.8,2181,1149.05,2183.2,1136.3,2184.25,1119.3,2180,1099.05,2174.7,1089.45,2169.3,1084.15,2162.95,1077.8
2-9,Uninfected,No_comment,Polygon,23,2112.9,928.85,2102.35,926.7,2087.45,926.7,2074.6,936.3,2061.9,949.05,2058.65,962.9,2055.45,972.45,2054.45,985.25,2055.45,999.05,2061.9,1008.65,2076.8,1028.85,2096.95,1040.55,2112.9,1041.6,2133.2,1034.15,2148.1,1024.55,2158.65,1015,2162.95,1007.55,2162.95,992.65,2161.85,980.95,2155.55,966.1,2143.75,955.45,2136.4,949.05,2128.95,940.55
2-10,Uninfected,No_comment,Polygon,25,1971.4,946.95,1951.25,938.4,1931.05,938.4,1921.4,939.5,1909.7,941.6,1895.95,945.85,1890.6,953.3,1881.05,968.2,1876.7,980.95,1873.6,996.95,1874.65,1011.85,1881.05,1024.55,1894.8,1041.6,1905.5,1049.05,1920.4,1055.45,1934.25,1057.6,1949.05,1057.6,1961.9,1055.45,1991.7,1033.1,2000.2,1017.1,2003.4,1002.25,2003.4,989.5,2001.25,980.95,1995.95,968.2,1986.3,954.35
2-11,Uninfected,No_comment,Polygon,29,1558.65,901.2,1550.15,898,1536.25,896.9,1529.95,898,1518.25,900.1,1509.65,905.45,1502.2,924.6,1501.2,937.35,1501.2,958.65,1503.35,969.25,1507.6,982.05,1512.9,995.85,1532,1016.1,1544.75,1021.4,1566.1,1024.55,1581,1025.65,1600.15,1025.65,1609.7,1023.55,1620.3,1015,1625.7,1000.1,1626.75,982.05,1622.5,974.6,1612.85,961.8,1605.4,949.05,1602.3,936.3,1600.15,928.85,1593.7,918.2,1586.25,911.8,1578.8,909.7
2-12,Uninfected,No_comment,Polygon,24,1469.3,1010.75,1451.2,1008.65,1434.1,1011.85,1421.35,1023.55,1411.85,1033.1,1405.45,1045.85,1398,1072.45,1395.8,1082,1396.95,1096.95,1407.6,1112.9,1417.15,1126.75,1433.05,1137.35,1446.95,1139.5,1461.85,1142.7,1493.75,1132.05,1497.95,1122.5,1507.6,1109.7,1516.1,1098,1521.35,1087.35,1525.6,1074.6,1526.75,1061.85,1523.55,1049.05,1507.6,1027.8,1493.75,1020.35
2-13,Uninfected,No_comment,Polygon,23,1319.2,1175.65,1307.5,1174.6,1300.05,1175.65,1293.75,1181,1280.9,1187.4,1273.45,1192.65,1259.7,1207.6,1251.2,1224.6,1250.05,1236.3,1252.25,1254.4,1263.95,1271.45,1276.65,1293.75,1306.5,1301.2,1327.8,1300.15,1342.65,1290.6,1352.25,1284.15,1359.7,1274.6,1363.95,1258.65,1366.1,1248,1366.1,1228.85,1363.95,1213.95,1349,1194.8,1342.65,1189.5
2-14,Uninfected,No_comment,Polygon,21,1406.45,1287.4,1379.85,1287.4,1371.4,1291.65,1354.4,1310.75,1352.25,1323.55,1352.25,1335.25,1353.25,1350.15,1367.15,1373.55,1371.4,1384.2,1375.6,1392.7,1387.3,1400.15,1401.2,1402.3,1422.4,1406.55,1435.25,1401.25,1453.35,1386.35,1460.7,1374.65,1459.65,1356.5,1457.6,1344.85,1453.35,1329.9,1443.75,1308.65,1432.05,1292.7
2-15,Uninfected,No_comment,Polygon,22,1311.75,1321.45,1282.05,1321.45,1267.15,1329.9,1259.7,1336.35,1251.2,1343.8,1246.85,1359.75,1246.85,1375.65,1255.45,1396.95,1276.65,1424.65,1292.6,1445.9,1309.7,1458.7,1340.55,1465.05,1364.95,1448.05,1367.15,1428.9,1366.1,1411.85,1362.9,1404.4,1360.7,1391.65,1354.4,1379.95,1345.8,1366.1,1339.5,1354.4,1332.05,1342.7,1324.6,1327.8
2-16,Uninfected,No_comment,Polygon,16,1213.95,1357.6,1193.65,1357.6,1189.4,1359.75,1179.9,1369.3,1171.4,1375.65,1161.8,1388.45,1158.55,1404.4,1156.5,1423.55,1165,1442.7,1181.95,1454.45,1202.25,1469.3,1245.8,1455.5,1252.25,1429.95,1244.8,1406.55,1241.6,1384.2,1228.85,1370.35
2-17,Uninfected,No_comment,Polygon,22,1683.15,1503.35,1664,1502.3,1646.9,1502.3,1634.2,1511.9,1621.45,1523.6,1615.05,1535.3,1615.05,1553.35,1616.05,1561.9,1633.15,1592.75,1654.35,1606.55,1678.9,1610.85,1695.9,1608.7,1715.05,1604.45,1729.95,1601.25,1744.85,1591.65,1758.7,1575.7,1764,1562.95,1758.7,1545.9,1751.25,1529.95,1740.6,1516.15,1732.1,1506.55,1718.25,1500.2
2-18,Uninfected,No_comment,Polygon,20,1561.85,1539.55,1549.1,1538.5,1539.5,1538.5,1529.95,1539.55,1517.1,1541.65,1505.4,1542.75,1492.7,1551.2,1485.25,1561.9,1482.05,1585.3,1482.05,1601.25,1494.75,1618.25,1507.6,1626.8,1525.6,1630,1561.85,1625.7,1581,1611.9,1592.7,1599.1,1594.85,1581.05,1591.65,1568.25,1583.15,1556.55,1578.8,1551.2
2-19,Uninfected,No_comment,Polygon,22,1967.15,1490.6,1951.25,1491.65,1932.1,1498.05,1912.95,1505.45,1904.45,1525.7,1904.45,1542.75,1907.65,1557.65,1913.95,1571.45,1924.65,1584.25,1942.75,1591.65,1958.7,1598.05,1975.65,1603.4,1995.95,1605.5,2012.9,1601.25,2018.3,1593.8,2025.75,1581.05,2030,1567.2,2030,1553.35,2025.75,1531.05,2017.15,1519.35,2009.7,1505.45,1995.95,1494.85
2-20,Uninfected,No_comment,Polygon,21,2158.65,1606.55,2131,1607.65,2118.3,1611.9,2100.2,1620.4,2089.5,1638.5,2087.45,1659.75,2092.75,1676.8,2104.4,1689.55,2120.35,1699.15,2145.95,1707.6,2175.75,1697,2186.4,1689.55,2193.85,1678.9,2190.65,1660.85,2188.45,1653.4,2189.5,1641.7,2190.65,1632.1,2189.5,1625.7,2185.25,1621.45,2178.95,1617.2,2175.75,1616.1
2-21,Uninfected,No_comment,Polygon,17,2250.15,1590.6,2221.5,1594.85,2206.6,1607.65,2196.95,1631.05,2196.95,1656.55,2217.25,1677.85,2235.25,1686.35,2257.6,1687.45,2276.75,1681,2290.65,1670.4,2297.05,1662.95,2301.3,1650.2,2301.3,1641.7,2298.1,1634.25,2295.9,1631.05,2289.6,1615.1,2274.7,1601.25
2-22,Uninfected,No_comment,Polygon,17,2002.3,1634.2,1990.6,1620.3,1975.7,1615.05,1954.45,1613.95,1932.15,1607.6,1918.25,1616.05,1911.85,1625.7,1913,1645.9,1914,1672.5,1921.45,1694.85,1938.45,1711.8,1976.75,1718.25,1993.8,1712.9,2009.75,1703.35,2012.95,1688.4,2014,1668.25,2008.75,1649.1
2-23,Uninfected,No_comment,Polygon,16,1953.35,1738.4,1936.4,1732.05,1913,1736.35,1889.5,1749.1,1881,1766.1,1878.95,1785.25,1878.95,1804.4,1890.65,1822.45,1907.6,1832.1,1929.95,1837.35,1955.55,1833.15,1974.65,1827.8,1985.35,1808.65,1988.45,1783.15,1989.6,1766.1,1975.7,1746.95
2-24,Uninfected,No_comment,Polygon,23,1798.1,1727.8,1775.75,1735.25,1767.15,1755.5,1760.85,1776.7,1760.85,1792.7,1767.15,1810.75,1778.85,1826.75,1794.9,1839.55,1821.5,1850.15,1848.1,1854.4,1865.05,1840.6,1873.55,1827.8,1872.5,1814,1867.25,1799.05,1865.05,1788.45,1867.25,1774.65,1869.3,1766.1,1871.5,1757.55,1865.05,1745.85,1856.55,1736.35,1845.9,1729.95,1836.4,1726.7,1823.55,1725.7
2-25,Uninfected,No_comment,Polygon,17,2159.75,1723.55,2150.2,1728.9,2137.4,1740.6,2127.85,1750.15,2119.4,1764,2116.15,1779.95,2118.25,1794.85,2134.3,1820.4,2164,1834.2,2184.3,1832.1,2203.45,1822.45,2219.35,1806.55,2232.1,1785.25,2234.25,1766.1,2226.8,1745.85,2216.15,1732.05,2192.75,1728.9
2-26,Uninfected,No_comment,Polygon,14,2024.65,1879.95,1986.35,1869.3,1964,1872.5,1948.05,1886.35,1938.45,1900.15,1934.2,1925.7,1935.25,1954.45,1949.1,1973.6,1989.6,1994.85,2022.5,1993.75,2048.05,1972.5,2064,1952.25,2062.95,1918.25,2051.25,1892.75
2-27,Uninfected,No_comment,Polygon,13,1784.2,1848.05,1767.15,1847,1751.2,1850.15,1728.85,1857.6,1716.1,1874.65,1716.1,1905.5,1732.05,1932.1,1759.7,1956.55,1809.8,1950.2,1829.95,1932.1,1833.2,1901.25,1827.8,1872.5,1811.85,1860.8
2-28,Uninfected,No_comment,Polygon,15,1699.15,1844.85,1675.65,1831,1661.85,1818.2,1645.95,1815.05,1627.8,1815.05,1610.75,1827.8,1604.45,1842.7,1603.3,1863.95,1604.45,1886.35,1611.9,1908.7,1645.95,1924.65,1672.55,1934.2,1706.6,1933.1,1709.7,1900.15,1706.6,1868.2
2-29,Uninfected,No_comment,Polygon,14,1394.8,1656.55,1373.5,1644.85,1343.7,1640.55,1311.8,1652.25,1293.7,1662.9,1285.2,1686.3,1288.4,1714,1306.55,1736.35,1329.9,1753.3,1359.75,1755.5,1384.15,1743.75,1409.75,1727.8,1417.2,1701.2,1413.95,1674.6
2-30,Uninfected,No_comment,Polygon,13,1365,1796.95,1351.15,1789.5,1329.9,1784.15,1303.3,1787.4,1282,1791.6,1271.35,1814,1266.05,1838.45,1269.25,1865.05,1295.85,1885.3,1328.9,1892.75,1354.35,1883.1,1382,1861.85,1386.35,1821.45
2-31,Uninfected,No_comment,Polygon,14,1379.9,1943.8,1343.7,1949.1,1329.9,1959.7,1322.45,1977.85,1321.45,1999.1,1329.9,2022.55,1346.9,2038.5,1362.85,2051.2,1386.35,2058.65,1432.1,2045.95,1444.8,2020.35,1443.8,1997,1437.35,1975.7,1417.2,1951.25
2-32,Uninfected,No_comment,Polygon,18,1533.1,1935.3,1512.95,1939.55,1498,1954.45,1484.15,1967.15,1473.5,1991.65,1483.1,2025.7,1497,2039.5,1509.7,2045.95,1531.05,2054.45,1560.75,2055.5,1573.6,2049.1,1589.5,2035.3,1598,2027.85,1603.3,2009.75,1604.45,1988.5,1594.8,1960.8,1578.85,1942.75,1558.7,1932.1
2-33,Uninfected,No_comment,Polygon,14,1364,2074.65,1351.15,2069.35,1324.55,2066.15,1304.35,2071.45,1289.45,2089.5,1282,2116.1,1286.25,2138.5,1302.3,2160.85,1325.7,2186.35,1372.45,2187.45,1390.6,2175.75,1400.1,2155.5,1403.3,2125.75,1386.35,2091.7
2-34,Uninfected,No_comment,Polygon,14,1557.55,2136.35,1537.35,2139.55,1520.4,2155.5,1508.7,2178.95,1506.5,2205.5,1517.15,2230,1539.55,2242.75,1563.95,2240.65,1587.35,2234.2,1606.5,2214.05,1617.15,2184.25,1606.5,2158.7,1592.75,2144.9,1578.85,2140.6
2-35,Uninfected,No_comment,Polygon,15,1725.75,1984.2,1705.45,1988.5,1682.05,2003.4,1658.65,2028.9,1653.4,2052.3,1671.4,2074.65,1690.55,2089.5,1713.95,2106.6,1739.5,2109.75,1765.05,2094.85,1778.85,2082.1,1793.75,2064,1789.5,2027.85,1776.75,2005.45,1761.85,1991.65
2-36,Uninfected,No_comment,Polygon,14,1909.75,2104.4,1877.8,2095.95,1855.55,2094.85,1837.4,2089.5,1831,2102.3,1823.55,2130,1823.55,2169.3,1844.9,2199.15,1870.35,2220.4,1909.75,2218.3,1938.45,2205.5,1947.05,2181,1940.6,2153.4,1928.9,2121.45
2-37,Uninfected,No_comment,Polygon,15,2218.25,2007.65,2205.5,1978.9,2189.55,1956.55,2175.7,1941.7,2162.95,1941.7,2136.35,1953.4,2112.95,1960.85,2097,1984.25,2093.8,2009.75,2100.25,2033.15,2119.4,2056.6,2146,2065.1,2173.6,2066.2,2200.2,2060.85,2212.95,2034.25
2-38,Uninfected,No_comment,Polygon,14,2109.75,2064.05,2098.05,2060.85,2070.4,2057.65,2040.6,2067.2,2023.55,2087.45,2022.5,2106.6,2029.95,2127.85,2043.8,2153.4,2082.1,2168.3,2116.15,2156.6,2135.3,2139.55,2147,2122.55,2147,2101.25,2133.15,2078.9
2-39,Uninfected,No_comment,Polygon,13,2158.7,2180,2146,2173.6,2133.15,2183.2,2125.7,2201.3,2121.45,2223.6,2123.6,2260.85,2125.7,2282.15,2125.7,2286.4,2147,2278.95,2170.4,2269.35,2188.5,2249.2,2194.85,2217.25,2182.1,2193.85
2-40,Uninfected,No_comment,Polygon,16,2118.25,2219.35,2107.6,2206.6,2095.9,2194.9,2071.45,2191.7,2039.55,2203.45,2020.4,2224.7,2011.85,2255.55,2017.2,2278.95,2034.2,2290.65,2045.9,2315.1,2064,2331.1,2090.6,2326.8,2115.05,2314.1,2124.65,2293.85,2126.85,2271.5,2123.65,2234.3
2-41,Uninfected,No_comment,Polygon,13,1973.55,2284.25,1946.95,2290.65,1927.8,2299.15,1914,2320.45,1918.25,2350.25,1934.2,2373.65,1953.35,2393.85,2005.5,2399.15,2035.35,2375.75,2045.9,2354.5,2044.85,2327.9,2025.7,2299.15,2001.3,2284.25
2-42,Uninfected,No_comment,Polygon,18,1879.95,2334.25,1870.35,2341.7,1856.55,2353.4,1835.25,2376.85,1829.95,2393.85,1852.35,2406.6,1870.35,2427.9,1877.8,2450.25,1888.45,2465.15,1911.85,2470.5,1937.4,2467.25,1951.25,2455.55,1963,2442.8,1968.25,2419.4,1960.8,2402.35,1934.2,2392.8,1912.9,2367.25,1893.75,2344.9
2-43,Uninfected,No_comment,Polygon,13,1738.45,2294.95,1710.75,2290.65,1681,2297.05,1655.45,2316.2,1642.7,2359.85,1648,2387.45,1665,2409.8,1698,2421.5,1728.85,2414.05,1754.4,2401.3,1765.05,2374.7,1768.3,2343.85,1758.65,2317.25
2-44,Uninfected,No_comment,Polygon,13,1558.7,2405.6,1524.6,2407.7,1504.35,2418.3,1484.15,2442.8,1482.1,2470.5,1499.05,2502.35,1520.4,2509.8,1559.7,2515.15,1584.15,2505.55,1601.2,2477.9,1606.5,2452.35,1591.6,2426.85,1572.45,2410.85
2-45,Uninfected,No_comment,Polygon,12,1708.65,2431.1,1675.65,2441.75,1650.2,2453.45,1641.6,2478.95,1640.55,2508.8,1669.35,2536.4,1705.45,2537.5,1726.75,2526.85,1742.7,2511.95,1746.95,2487.5,1736.3,2458.75,1726.75,2442.8
2-46,Uninfected,No_comment,Polygon,12,1829.95,2405.6,1791.65,2403.45,1776.75,2415.15,1759.7,2428.95,1752.25,2458.75,1761.85,2489.65,1787.45,2502.35,1825.75,2498.1,1855.45,2485.35,1872.5,2471.5,1869.3,2443.9,1852.35,2425.75
2-47,Uninfected,No_comment,Polygon,14,1833.2,2511.95,1803.35,2517.25,1785.25,2528.95,1775.65,2550.25,1773.55,2580.05,1786.3,2598.15,1805.45,2607.75,1838.45,2613,1859.8,2602.4,1875.7,2589.6,1884.2,2568.35,1887.4,2539.6,1867.15,2509.8,1843.75,2509.8
2-48,Uninfected,No_comment,Polygon,13,2388.5,1853.35,2370.4,1862.95,2359.85,1876.8,2347,1899.1,2361.9,1926.8,2381.05,1950.2,2406.6,1966.15,2434.25,1964,2463,1951.25,2474.7,1925.7,2474.7,1892.75,2460.85,1861.9,2415.1,1850.2
2-49,Uninfected,No_comment,Polygon,15,2316.15,1933.15,2304.45,1936.4,2292.75,1952.3,2278.9,1975.7,2273.6,1997,2282.1,2016.15,2298.05,2036.35,2321.55,2047.05,2348.15,2047.05,2375.75,2040.6,2392.75,2011.9,2395.95,1986.35,2389.55,1968.25,2371.5,1948.05,2348.15,1934.25
2-50,Uninfected,No_comment,Polygon,14,2297,2056.6,2271.45,2066.2,2251.25,2077.85,2238.5,2098.1,2234.25,2126.8,2251.25,2147,2291.7,2170.4,2336.35,2172.55,2354.45,2158.7,2372.55,2137.45,2374.65,2108.7,2364.05,2084.25,2340.7,2069.35,2317.2,2064.05
2-51,Uninfected,No_comment,Polygon,13,2497.1,2022.55,2473.6,2023.6,2453.4,2038.5,2440.65,2066.2,2441.7,2098.1,2455.55,2120.4,2471.5,2134.25,2492.75,2139.55,2519.35,2126.8,2538.5,2098.1,2540.65,2076.8,2528.95,2049.15,2515.1,2033.15
2-52,Uninfected,No_comment,Polygon,16,1982.15,2540.7,1947.05,2546.05,1925.7,2557.75,1909.75,2573.7,1895.9,2600.3,1900.15,2627.95,1911.85,2663.05,1928.9,2677.95,1958.75,2695,1993.8,2684.35,2025.7,2664.15,2040.6,2647.1,2049.1,2627.95,2048.05,2604.55,2032.1,2575.85,2011.95,2552.4
2-53,Uninfected,No_comment,Polygon,19,1836.4,2622.65,1810.8,2629,1782.05,2635.4,1761.85,2637.55,1754.4,2636.45,1760.85,2653.5,1759.7,2667.3,1764.05,2696.05,1770.35,2716.25,1784.2,2730.1,1804.4,2742.85,1823.55,2746.05,1849.1,2739.65,1866.1,2719.45,1875.7,2701.35,1878.95,2676.9,1869.3,2647.1,1864,2632.2,1854.4,2626.9
2-54,Uninfected,No_comment,Polygon,15,2044.85,2710.95,2020.4,2715.2,2001.3,2719.45,1985.35,2733.3,1978.9,2753.5,1975.7,2772.65,1971.45,2798.2,1995.9,2832.25,2014,2843.95,2041.65,2847.15,2053.35,2829.05,2064,2801.4,2075.7,2777.95,2078.9,2756.7,2061.95,2730.1
2-55,Uninfected,No_comment,Polygon,15,2116.15,2673.7,2101.25,2681.15,2091.65,2702.45,2084.3,2731.15,2091.65,2756.7,2118.25,2764.15,2151.25,2757.75,2169.35,2773.7,2192.75,2781.15,2210.9,2766.25,2219.35,2749.25,2220.4,2722.65,2206.65,2696.05,2180.05,2684.35,2148.05,2685.4
2-56,Uninfected,No_comment,Polygon,14,2147,2557.75,2128.9,2562,2109.75,2576.9,2097,2597.1,2094.85,2623.7,2110.9,2647.1,2132.1,2663.05,2165.15,2671.6,2193.8,2672.65,2210.9,2659.9,2211.9,2626.9,2198.05,2577.95,2183.15,2564.1,2174.65,2558.8
2-57,Uninfected,No_comment,Polygon,13,2107.7,2765.2,2090.6,2772.65,2079.95,2792.85,2075.7,2818.4,2073.65,2849.25,2097,2870.55,2121.45,2875.85,2144.85,2870.55,2164,2851.4,2173.6,2834.35,2175.8,2810.95,2164,2783.3,2146,2768.4
2-58,Uninfected,No_comment,Polygon,13,1922.5,2801.4,1913,2804.55,1902.3,2821.6,1894.85,2846.05,1901.3,2881.2,1917.25,2905.65,1938.45,2920.55,1966.2,2922.65,1988.45,2909.9,2007.6,2883.3,1994.85,2856.7,1969.3,2830.1,1952.3,2813.1
2-59,Uninfected,No_comment,Polygon,15,2311.9,2737.55,2286.45,2752.45,2270.4,2771.6,2268.35,2792.85,2268.35,2814.15,2275.8,2833.3,2294.95,2848.2,2317.3,2857.75,2363.05,2849.25,2381.05,2831.15,2392.75,2809.9,2390.65,2779.05,2377.9,2756.7,2360.85,2742.85,2339.55,2733.3
2-60,Uninfected,No_comment,Polygon,12,2265.1,2521.55,2247,2523.7,2225.8,2546.05,2219.35,2569.45,2234.25,2622.65,2265.1,2642.85,2307.65,2635.4,2323.6,2614.15,2326.8,2591.8,2325.75,2562,2307.65,2534.35,2287.5,2520.5
2-61,Uninfected,No_comment,Polygon,20,2381.05,2476.9,2355.6,2476.9,2337.45,2491.75,2324.75,2510.9,2327.85,2533.25,2339.55,2557.75,2343.9,2579,2348.15,2601.35,2352.35,2613.05,2369.35,2618.4,2403.4,2604.55,2421.5,2599.25,2438.5,2592.85,2451.35,2576.9,2453.4,2555.6,2438.5,2539.65,2426.8,2530.1,2413.05,2516.25,2400.2,2502.4,2395.95,2492.85
2-62,Uninfected,No_comment,Polygon,13,2447.1,2417.3,2431.05,2424.75,2418.3,2439.65,2404.45,2456.65,2410.85,2493.9,2430,2515.2,2443.9,2521.55,2484.25,2516.25,2497.1,2490.7,2503.4,2472.6,2502.35,2452.4,2494.9,2435.4,2482.15,2424.75
2-63,Uninfected,No_comment,Polygon,18,2539.6,2304.5,2521.5,2311.95,2501.3,2325.8,2483.2,2342.8,2470.5,2358.8,2471.5,2372.6,2477.95,2389.65,2490.65,2408.8,2503.4,2421.55,2526.9,2429,2559.8,2421.55,2573.65,2412,2581.15,2400.25,2585.35,2384.3,2585.35,2358.8,2578.95,2331.1,2569.45,2315.15,2555.55,2308.8
2-64,Uninfected,No_comment,Polygon,20,2556.6,2454.55,2539.6,2459.85,2523.7,2473.7,2508.8,2494.95,2498.1,2505.6,2489.65,2522.65,2489.65,2540.7,2494.9,2559.85,2506.6,2572.65,2526.9,2580.1,2550.3,2581.15,2567.25,2569.45,2578.95,2558.8,2589.6,2549.25,2593.85,2539.65,2600.3,2524.75,2605.55,2508.8,2605.55,2490.7,2591.8,2469.45,2584.35,2463.05
2-65,Uninfected,No_comment,Polygon,13,2424.75,2607.75,2395.95,2612,2377.9,2631.15,2363.05,2650.3,2361.9,2679.05,2377.9,2705.65,2400.2,2722.65,2436.4,2719.45,2462,2708.8,2478.95,2686.5,2482.15,2655.6,2475.75,2630.1,2462,2618.4
2-66,Uninfected,No_comment,Polygon,15,2454.55,2810.95,2432.2,2805.65,2413.05,2823.7,2395.95,2843.95,2390.65,2873.75,2397.1,2902.45,2424.75,2925.85,2451.35,2938.65,2481.15,2942.9,2504.55,2929.05,2520.45,2902.45,2507.75,2879.05,2497.1,2862.05,2486.4,2830.1,2472.55,2814.15
2-67,Uninfected,No_comment,Polygon,13,2559.8,2774.8,2534.25,2773.7,2519.45,2783.3,2503.4,2802.45,2495.95,2829.05,2509.8,2856.7,2523.7,2881.2,2542.85,2892.9,2577.9,2888.6,2600.3,2871.6,2608.75,2854.6,2610.95,2824.8,2591.8,2788.6
2-68,Uninfected,No_comment,Polygon,14,2650.25,2522.65,2621.5,2530.1,2603.5,2542.85,2584.35,2568.4,2572.65,2595,2581.15,2623.7,2597.05,2643.9,2624.7,2656.7,2654.5,2655.6,2682.15,2633.3,2701.3,2610.95,2708.75,2591.8,2700.25,2556.65,2686.4,2534.35
2-69,Uninfected,No_comment,Polygon,12,2716.2,2837.55,2695,2826.9,2660.95,2830.1,2638.55,2860.95,2632.15,2895,2650.25,2929.05,2675.85,2949.25,2704.5,2958.85,2736.4,2950.35,2757.7,2930.1,2767.35,2892.9,2755.55,2857.75
2-70,Uninfected,No_comment,Polygon,23,2839.6,2482.15,2814.1,2486.4,2783.3,2484.3,2759.9,2490.7,2740.65,2500.3,2726.85,2515.15,2718.4,2540.7,2715.15,2555.6,2727.9,2573.65,2740.65,2573.65,2747.05,2581.15,2750.25,2590.7,2779.05,2583.25,2805.6,2577.9,2829.05,2579,2856.65,2580.05,2877.9,2570.45,2893.95,2555.6,2904.5,2542.85,2910.9,2524.7,2911.95,2499.2,2898.15,2489.65,2875.8,2486.4
2-71,Uninfected,No_comment,Polygon,14,2973.75,2424.75,2950.25,2432.2,2938.55,2439.65,2929,2459.8,2926.85,2481.1,2932.25,2504.55,2950.25,2519.45,2967.3,2530.05,2997.15,2531.15,3019.5,2520.45,3033.25,2502.4,3036.45,2480.05,3017.3,2441.75,3003.45,2435.4
2-72,Uninfected,No_comment,Polygon,16,2754.5,2288.55,2737.55,2269.4,2721.5,2267.25,2702.35,2280,2685.35,2303.4,2674.7,2318.3,2667.25,2344.9,2676.85,2377.9,2701.3,2394.9,2723.65,2396,2735.35,2396,2767.25,2396,2792.8,2375.75,2796,2346,2781.1,2326.85,2771.6,2307.7
2-73,Uninfected,No_comment,Polygon,14,2636.4,2172.6,2610.85,2167.25,2574.7,2165.15,2549.15,2176.85,2533.2,2190.65,2527.9,2217.25,2527.9,2242.8,2539.6,2267.25,2563,2290.7,2610.85,2293.85,2630,2273.65,2646.05,2254.5,2652.35,2238.5,2652.35,2197.05
2-74,Uninfected,No_comment,Polygon,11,2884.3,2160.9,2847.05,2156.6,2824.8,2167.25,2806.65,2198.1,2815.15,2236.4,2846,2254.5,2876.85,2260.85,2905.6,2245.95,2920.55,2220.45,2919.4,2192.75,2910.9,2171.5
2-75,Uninfected,No_comment,Polygon,14,3053.45,2164.05,3035.4,2171.5,3020.5,2177.9,3008.8,2201.3,3006.65,2231.1,3010.9,2259.8,3022.6,2281.1,3047.1,2293.85,3083.25,2286.4,3104.55,2277.9,3123.7,2244.95,3125.8,2209.8,3112,2182.15,3087.5,2164.05
2-76,Uninfected,No_comment,Polygon,13,2964.1,2301.3,2948.15,2296,2924.75,2302.4,2905.6,2317.3,2890.7,2339.6,2887.5,2366.2,2887.5,2401.35,2910.9,2424.75,2943.9,2421.5,2970.5,2409.8,2993.9,2389.65,3000.35,2351.3,2992.9,2322.6
2-77,Uninfected,No_comment,Polygon,14,3093.9,2403.45,3070.5,2402.35,3051.35,2418.35,3043.9,2458.8,3049.2,2481.1,3066.25,2510.9,3093.9,2524.7,3120.5,2524.7,3149.3,2510.9,3167.3,2499.2,3170.5,2463,3158.8,2440.65,3146.05,2431.1,3120.5,2418.35
2-78,Uninfected,No_comment,Polygon,12,3133.25,2304.5,3109.85,2313,3097.1,2333.25,3096.1,2369.4,3117.3,2400.25,3146.05,2417.25,3176.9,2420.5,3201.35,2407.7,3210.95,2375.75,3209.85,2334.3,3188.6,2317.3,3169.45,2304.5
2-79,Uninfected,No_comment,Polygon,18,3293.9,2381.1,3275.85,2380.05,3247.1,2389.65,3226.9,2394.9,3212,2409.8,3200.3,2435.4,3199.3,2454.55,3206.75,2480.05,3220.5,2499.2,3237.55,2513,3263.05,2520.45,3288.6,2509.85,3306.7,2494.95,3313.15,2482.15,3313.15,2458.8,3313.15,2436.4,3313.15,2420.5,3308.8,2403.45
2-80,Uninfected,No_comment,Polygon,17,3221.65,2518.35,3193.9,2505.55,3174.75,2508.8,3155.6,2524.7,3144.95,2537.5,3143.9,2557.75,3148.15,2577.9,3154.55,2593.9,3169.45,2611.95,3197.1,2625.8,3220.5,2624.75,3232.2,2618.35,3241.8,2603.5,3247.1,2589.6,3249.25,2574.75,3248.2,2563.05,3242.85,2546.05
2-81,Uninfected,No_comment,Polygon,21,3129,2580.05,3120.5,2567.3,3109.85,2559.85,3094.95,2559.85,3081.15,2560.9,3070.5,2568.35,3062,2577.9,3054.55,2587.5,3050.35,2605.6,3046.1,2633.25,3051.35,2647.1,3057.8,2658.8,3068.35,2672.65,3084.4,2685.4,3103.55,2695,3138.6,2682.2,3164.1,2667.3,3177.95,2651.35,3166.25,2625.8,3155.6,2613.05,3136.45,2602.4
2-82,Uninfected,No_comment,Polygon,24,2950.25,2615.2,2922.6,2606.65,2902.4,2606.65,2883.25,2617.3,2870.55,2625.8,2857.7,2636.45,2852.4,2650.25,2848.2,2666.25,2847.05,2670.5,2856.65,2685.4,2869.4,2696,2882.25,2702.4,2897.05,2705.6,2914.1,2713.05,2925.8,2714.15,2944.95,2710.95,2953.45,2706.7,2960.9,2692.85,2967.3,2682.2,2969.4,2671.55,2970.5,2665.2,2972.6,2649.25,2972.6,2642.8,2970.5,2632.2
2-83,Uninfected,No_comment,Polygon,18,2909.85,2719.45,2886.5,2714.15,2865.15,2714.15,2848.2,2720.5,2830.05,2734.3,2818.35,2752.45,2815.15,2771.6,2818.35,2789.65,2831.1,2807.75,2842.8,2817.35,2861.95,2822.65,2883.25,2824.8,2901.4,2823.7,2911.95,2816.25,2922.6,2797.1,2926.85,2777.95,2929,2749.2,2925.8,2730.1
2-84,Uninfected,No_comment,Polygon,30,2984.3,2758.8,2968.35,2759.9,2953.45,2766.25,2941.75,2776.9,2934.3,2792.85,2929,2808.8,2926.85,2824.8,2926.85,2835.4,2929,2849.25,2936.45,2863.1,2946,2873.7,2969.4,2880.1,2980.05,2880.1,2990.7,2878,3005.6,2876.9,3013.05,2872.65,3021.55,2864.1,3027.95,2855.65,3033.25,2847.1,3037.5,2836.5,3038.65,2827.95,3038.65,2817.35,3038.65,2801.35,3038.65,2793.9,3035.4,2788.6,3030.05,2783.3,3021.55,2773.7,3019.5,2773.7,3013.05,2768.35,3003.45,2763.05
2-85,Uninfected,No_comment,Polygon,18,3103.55,2698.15,3081.15,2706.7,3066.25,2722.6,3068.35,2742.85,3081.15,2766.25,3096.1,2783.3,3117.3,2792.85,3142.85,2800.3,3173.7,2791.75,3190.7,2781.15,3205.6,2769.45,3216.25,2756.7,3216.25,2736.45,3209.85,2710.95,3193.9,2693.9,3180.15,2685.4,3158.8,2684.3,3133.25,2693.9
2-86,Uninfected,No_comment,Polygon,22,3085.4,2805.65,3064.1,2822.65,3054.55,2841.8,3037.5,2867.35,3031.2,2883.25,3033.25,2902.4,3049.2,2918.4,3063.05,2923.7,3084.4,2930.1,3105.6,2920.55,3122.7,2907.75,3135.4,2897.15,3146.05,2891.8,3155.6,2885.4,3162,2872.65,3164.1,2857.75,3163.05,2842.85,3154.55,2824.8,3146.05,2816.25,3133.25,2810.95,3123.7,2806.65,3106.65,2802.45
2-87,Uninfected,No_comment,Polygon,29,3243.9,2779.05,3229,2777.95,3214.2,2776.9,3200.3,2789.65,3177.95,2804.55,3169.45,2820.5,3160.95,2840.75,3159.85,2856.7,3160.95,2871.6,3168.45,2886.5,3185.4,2906.7,3193.9,2916.3,3207.75,2932.25,3213.05,2935.45,3230.1,2937.55,3234.35,2932.25,3234.35,2920.55,3235.4,2906.7,3237.55,2892.85,3245.05,2878,3253.5,2867.35,3264.2,2857.75,3269.45,2853.5,3272.65,2848.2,3280.1,2837.5,3282.2,2824.8,3282.2,2815.2,3277.95,2804.55,3262,2788.6
2-88,Uninfected,No_comment,Polygon,16,3324.85,2855.65,3298.25,2850.3,3277.95,2857.75,3259.95,2868.4,3249.25,2888.6,3245.05,2907.75,3247.1,2930.1,3254.55,2950.3,3273.7,2967.3,3289.65,2968.4,3313.15,2969.45,3336.55,2958.85,3349.25,2940.75,3353.5,2923.7,3348.2,2900.3,3337.55,2873.7
2-89,Uninfected,No_comment,Polygon,14,3362,2797.1,3348.2,2807.75,3338.6,2825.8,3338.6,2850.3,3349.25,2873.7,3368.4,2886.5,3396.05,2896.05,3435.5,2891.8,3463.1,2867.35,3470.55,2839.65,3455.65,2817.35,3440.75,2800.3,3422.65,2789.65,3401.45,2786.5
2-90,Uninfected,No_comment,Polygon,12,3434.35,2633.25,3415.2,2625.8,3388.6,2635.35,3371.6,2657.7,3372.65,2687.55,3383.3,2715.15,3403.5,2742.85,3443.95,2749.2,3470.55,2740.75,3485.5,2701.35,3479.05,2673.7,3464.15,2647.1
2-91,Uninfected,No_comment,Polygon,15,3434.35,2505.55,3404.55,2513,3384.35,2517.3,3369.45,2531.15,3366.25,2549.2,3366.25,2568.35,3376.9,2596.05,3401.45,2614.1,3439.75,2619.45,3466.35,2606.65,3485.5,2587.5,3487.55,2566.2,3484.35,2541.75,3466.35,2519.45,3452.45,2513
2-92,Uninfected,No_comment,Polygon,18,3389.75,2374.75,3375.85,2380.05,3359.9,2385.35,3346.05,2397.05,3337.55,2413.05,3330.1,2435.4,3326.9,2458.8,3331.15,2485.4,3349.25,2505.55,3376.9,2509.85,3408.9,2500.3,3434.35,2490.7,3452.45,2475.8,3460.95,2448.1,3457.75,2421.5,3442.95,2399.2,3428.05,2386.45,3408.9,2384.3
2-93,Uninfected,No_comment,Polygon,21,3466.35,2249.2,3456.7,2254.5,3460.95,2269.4,3453.5,2279,3448.2,2293.85,3445,2316.2,3447.2,2333.25,3458.85,2354.5,3478,2372.6,3501.4,2380.05,3519.55,2381.1,3533.3,2377.9,3547.15,2371.5,3560.95,2353.45,3569.5,2335.35,3569.5,2317.3,3562.05,2297.05,3553.6,2282.15,3538.7,2273.65,3518.4,2271.55,3495,2255.55
2-94,Uninfected,No_comment,Polygon,16,3571.65,2583.25,3552.5,2588.6,3537.6,2598.15,3521.65,2611.95,3516.25,2632.2,3518.45,2656.7,3527.95,2677.95,3533.35,2683.3,3557.8,2695,3597.1,2695,3623.7,2682.2,3634.35,2664.15,3636.55,2644.95,3623.7,2625.8,3611,2610.95,3592.85,2591.8
2-95,Uninfected,No_comment,Polygon,21,3656.75,2531.15,3641.85,2532.15,3624.85,2544.95,3617.4,2550.3,3609.95,2570.5,3612,2588.6,3624.85,2604.5,3634.35,2619.45,3638.6,2637.55,3650.3,2652.4,3669.45,2663.05,3695.05,2667.3,3713.15,2656.7,3730.1,2647.1,3740.8,2627.95,3747.2,2608.8,3741.8,2592.8,3733.35,2577.9,3718.4,2565.2,3700.3,2560.9,3680.1,2547.05
2-96,Uninfected,No_comment,Polygon,19,3714.2,2437.5,3690.8,2435.4,3671.65,2448.1,3662,2458.8,3655.7,2477.95,3654.55,2502.4,3658.9,2519.45,3671.65,2534.3,3691.8,2546.05,3718.4,2552.4,3739.75,2549.2,3753.5,2542.85,3763.15,2532.15,3770.6,2520.45,3770.6,2506.65,3768.4,2492.85,3763.15,2473.7,3750.4,2459.85,3739.75,2451.35
2-97,Uninfected,No_comment,Polygon,24,3802.45,2401.35,3786.55,2404.5,3775.85,2413.05,3764.15,2432.2,3760.95,2448.1,3766.35,2467.25,3775.85,2483.25,3784.35,2500.3,3794,2513,3800.4,2517.3,3819.55,2522.6,3846.15,2522.6,3862.1,2517.3,3881.25,2501.3,3887.6,2491.75,3892.95,2481.15,3895,2464.1,3893.95,2448.1,3886.5,2433.25,3878.05,2422.6,3865.3,2413.05,3853.6,2405.6,3839.75,2402.35,3822.65,2402.35
2-98,Uninfected,No_comment,Polygon,13,3850.4,2619.45,3804.65,2613.05,3782.3,2618.4,3762.1,2635.4,3750.4,2674.75,3759.95,2701.35,3775.85,2718.4,3803.5,2726.9,3835.5,2725.85,3859.9,2710.95,3881.25,2685.4,3884.45,2657.7,3872.75,2636.45
2-99,Uninfected,No_comment,Polygon,13,3630.15,2703.45,3599.3,2705.6,3572.7,2706.7,3550.35,2713.05,3536.45,2736.45,3532.2,2759.9,3540.8,2781.15,3559.95,2793.95,3588.6,2802.45,3622.7,2798.2,3656.75,2787.5,3664.2,2758.8,3659.95,2724.75
2-100,Uninfected,No_comment,Polygon,16,3644,2230.05,3598.25,2238.55,3584.4,2252.4,3574.85,2272.55,3573.7,2292.8,3584.4,2313,3595.05,2330.05,3614.2,2341.75,3642.85,2351.35,3669.45,2346,3690.8,2333.25,3701.45,2316.2,3695.05,2275.8,3685.5,2257.7,3674.85,2245.95,3666.3,2239.6
2-101,Uninfected,No_comment,Polygon,17,3559.65,2136.15,3539.45,2133,3517.1,2134.05,3500.1,2146.85,3483.05,2177.7,3480.95,2197.85,3489.45,2224.45,3504.35,2247.85,3518.15,2254.3,3540.5,2259.6,3557.55,2258.55,3571.35,2252.15,3589.45,2233,3601.15,2218.1,3601.15,2184.05,3588.4,2154.3,3582,2147.85
2-102,Uninfected,No_comment,Polygon,21,3630.95,2091.5,3618.15,2089.4,3601.15,2101.1,3591.6,2119.2,3588.4,2136.15,3596.9,2154.3,3603.3,2166,3606.45,2183,3608.6,2196.85,3615,2209.55,3623.5,2213.85,3634.15,2218.1,3656.45,2216,3674.55,2203.2,3673.5,2179.8,3679.9,2155.3,3688.4,2143.65,3693.7,2128.7,3680.95,2109.55,3668.15,2097.85,3659.65,2094.7
2-103,Uninfected,No_comment,Polygon,17,3765,2134.05,3742.65,2128.7,3716.05,2131.95,3702.2,2143.65,3695.85,2159.55,3692.65,2178.7,3690.5,2205.3,3696.9,2223.45,3709.65,2242.6,3739.45,2254.3,3765,2254.3,3784.15,2244.7,3797.95,2231.95,3803.3,2217,3804.35,2196.85,3796.9,2161.75,3787.35,2145.75
2-104,Uninfected,No_comment,Polygon,31,3944.8,2110.65,3932,2104.3,3921.35,2100.05,3908.6,2090.4,3894.8,2085.15,3885.2,2079.8,3875.65,2084.05,3859.65,2084.05,3839.45,2084.05,3826.7,2090.4,3817.1,2100.05,3806.5,2106.4,3802.2,2111.75,3803.3,2127.7,3806.5,2140.4,3807.55,2155.3,3807.55,2169.2,3810.75,2179.8,3811.8,2200.05,3822.45,2204.3,3835.2,2206.4,3843.7,2209.55,3855.4,2223.45,3867.1,2238.35,3897.95,2242.6,3909.65,2236.15,3910.75,2220.25,3904.35,2188.35,3911.8,2160.65,3922.45,2142.6,3933.1,2124.5
2-105,Uninfected,No_comment,Polygon,20,3785.2,1996.85,3773.5,1989.4,3757.55,1987.25,3738.4,1984.05,3720.3,1986.2,3709.65,1992.6,3700.1,2001.1,3691.6,2014.9,3682,2038.3,3685.2,2053.2,3689.45,2069.2,3697.95,2085.15,3717.1,2095.75,3745.85,2104.3,3768.2,2101.1,3783.05,2092.6,3797.95,2075.55,3804.35,2061.75,3807.55,2042.6,3802.2,2013.8
2-106,Uninfected,No_comment,Polygon,19,3876.7,1929.8,3859.65,1929.8,3843.7,1929.8,3826.7,1939.4,3816.05,1946.85,3805.4,1964.9,3803.3,1984.05,3806.5,2003.2,3815,2018.1,3827.75,2025.55,3843.7,2032.95,3867.1,2035.15,3883.05,2031.95,3900.1,2022.35,3909.65,2012.8,3913.95,2004.3,3918.2,1988.3,3915,1967.05,3903.3,1943.65
2-107,Uninfected,No_comment,Polygon,19,3954.35,1925.5,3929.9,1925.5,3922.45,1940.4,3923.5,1962.8,3925.65,1981.95,3927.75,2008.55,3939.45,2026.6,3965,2038.3,3989.45,2041.5,4025.65,2030.9,4037.35,2016,4040.55,1990.4,4041.6,1969.15,4043.7,1938.3,4036.25,1918.1,4024.55,1910.65,4018.2,1908.55,4005.4,1914.9,3986.25,1921.25
2-108,Uninfected,No_comment,Polygon,17,4072.45,1910.65,4059.65,1913.8,4045.85,1927.7,4040.55,1941.4,4041.55,1969.05,4045.85,1989.4,4053.3,2009.55,4066.05,2027.7,4078.8,2031.95,4102.25,2034.05,4123.5,2022.35,4143.7,2011.75,4160.75,1980.9,4157.55,1951.1,4142.65,1936.2,4122.45,1917.05,4103.3,1907.45
2-109,Uninfected,No_comment,Polygon,15,3994.8,1824.5,3976.7,1811.7,3955.4,1809.6,3933.1,1817.05,3919.25,1823.4,3907.55,1837.2,3899.05,1861.7,3902.2,1880.85,3913.95,1896.85,3932,1909.6,3977.75,1912.8,4003.3,1901.1,4015,1882.95,4020.3,1863.8,4012.85,1839.4
2-110,Uninfected,No_comment,Polygon,18,3684.15,1817.05,3675.6,1809.6,3668.15,1806.35,3647.95,1811.7,3633.05,1821.3,3625.6,1836.2,3617.1,1851.1,3608.6,1867.05,3602.2,1882.95,3602.2,1903.2,3619.25,1923.45,3650.1,1936.2,3689.45,1925.5,3705.4,1898.95,3711.8,1886.2,3706.45,1871.25,3700.1,1852.1,3697.95,1837.2
2-111,Uninfected,No_comment,Polygon,24,3610.75,1780.85,3600.1,1767.05,3587.3,1758.55,3571.35,1755.35,3549,1755.35,3536.25,1757.45,3519.25,1767.05,3512.85,1778.75,3505.4,1792.55,3500.1,1807.45,3497.95,1819.15,3496.9,1838.3,3509.65,1855.35,3532,1872.35,3546.9,1880.85,3569.25,1889.4,3580.95,1884.05,3591.6,1873.45,3599,1855.35,3606.45,1840.45,3610.75,1827.7,3613.9,1817.05,3618.15,1804.3,3617.1,1791.5
2-112,Uninfected,No_comment,Polygon,18,3533.05,1873.4,3521.35,1868.1,3510.7,1867.05,3490.5,1867.05,3471.35,1870.25,3460.7,1876.6,3453.3,1886.2,3449,1898.95,3443.7,1911.75,3445.85,1932.95,3451.15,1954.3,3469.25,1974.5,3509.65,1976.6,3529.85,1969.15,3546.9,1952.1,3555.4,1934.05,3552.2,1904.3,3543.7,1886.2
2-113,Uninfected,No_comment,Polygon,19,3441.55,2080.9,3425.6,2081.95,3411.8,2082.95,3395.85,2089.4,3377.75,2094.7,3358.6,2109.55,3352.2,2126.6,3349,2142.6,3347.95,2161.75,3369.25,2185.15,3393.7,2194.7,3428.8,2192.6,3454.35,2173.45,3470.3,2163.85,3478.8,2141.5,3478.8,2125.55,3477.75,2110.65,3468.15,2097.85,3460.7,2092.6
2-114,Uninfected,No_comment,Polygon,17,3400.1,1978.7,3376.7,1969.15,3342.65,1974.5,3327.75,1986.2,3317.1,2003.2,3312.85,2023.45,3312.85,2037.25,3314.95,2055.35,3326.7,2074.5,3337.3,2082.95,3347.95,2087.25,3371.35,2090.4,3412.85,2071.25,3428.8,2055.35,3435.2,2031.95,3428.8,2003.2,3416.05,1992.6
2-115,Uninfected,No_comment,Polygon,16,3430.95,1925.5,3436.25,1895.75,3423.5,1872.35,3394.75,1850,3379.85,1842.55,3363.9,1838.3,3354.35,1840.45,3340.5,1852.1,3330.95,1864.9,3325.6,1881.95,3322.4,1905.35,3329.85,1924.5,3345.85,1943.65,3367.1,1956.4,3402.2,1961.75,3420.3,1955.35
2-116,Uninfected,No_comment,Polygon,17,3500.1,1793.65,3495.85,1770.25,3486.25,1758.55,3474.55,1751.1,3457.55,1744.65,3436.25,1741.5,3411.8,1751.1,3392.65,1766,3384.1,1786.2,3383.05,1809.6,3388.4,1830.85,3396.9,1845.75,3422.4,1863.8,3454.35,1870.25,3480.95,1854.3,3491.55,1840.45,3500.15,1810.55
2-117,Uninfected,No_comment,Polygon,16,3273.5,1789.4,3256.45,1787.2,3241.55,1791.5,3229.85,1800,3221.35,1808.55,3217.1,1814.9,3210.7,1835.15,3212.85,1863.8,3229.85,1885.15,3247.95,1900,3290.5,1896.85,3307.55,1881.95,3321.35,1863.8,3329.85,1840.45,3316.05,1811.7,3297.95,1794.65
2-118,Uninfected,No_comment,Polygon,32,3193.7,1975.55,3167.1,1984.05,3149,1988.3,3129.85,1998.95,3127.75,2019.15,3133.05,2038.3,3138.35,2054.3,3145.8,2074.5,3159.65,2095.75,3173.5,2103.2,3192.65,2105.35,3201.15,2104.3,3210.7,2116,3230.95,2117,3252.2,2116,3260.7,2103.2,3261.8,2093.65,3277.75,2085.15,3286.25,2073.45,3289.45,2062.8,3288.4,2042.6,3278.8,2021.25,3272.4,2011.75,3261.8,2002.1,3254.35,1992.6,3250.1,1987.25,3241.55,1980.9,3235.2,1980.9,3223.5,1984.05,3216.05,1981.95,3210.7,1971.25,3205.4,1969.15
2-119,Uninfected,No_comment,Polygon,19,3022.4,2047.85,3008.6,2052.1,3002.2,2062.8,2991.55,2071.25,2979.85,2081.95,2969.2,2095.75,2970.3,2119.2,2971.35,2144.7,2985.2,2160.65,3007.5,2163.85,3028.8,2159.55,3051.15,2150.05,3072.4,2141.5,3086.25,2129.8,3090.5,2107.5,3086.25,2084.05,3072.4,2062.8,3057.5,2048.95,3041.55,2044.7
2-120,Uninfected,No_comment,Polygon,17,3079.85,1904.3,3064.95,1901.1,3045.8,1905.35,3032,1912.8,3021.35,1925.5,3016.05,1945.75,3016.05,1964.9,3022.4,1981.95,3038.35,2000.05,3058.6,2012.8,3095.8,2005.35,3107.5,1994.65,3117.1,1978.7,3118.15,1962.8,3118.15,1945.75,3111.8,1931.95,3104.35,1919.15
2-121,Uninfected,No_comment,Polygon,19,3137.3,1836.2,3122.4,1838.3,3111.8,1844.65,3100.05,1854.3,3090.5,1872.35,3089.45,1889.4,3102.2,1906.35,3113.9,1917.05,3125.6,1927.7,3138.35,1938.3,3152.2,1941.5,3168.15,1937.25,3194.75,1922.35,3204.35,1909.6,3206.45,1895.75,3206.45,1874.5,3195.8,1854.3,3179.85,1840.45,3157.5,1831.95
2-122,Uninfected,No_comment,Polygon,17,3661.75,1576.65,3653.25,1568.15,3634.1,1561.75,3620.25,1562.85,3604.3,1570.3,3592.6,1586.25,3587.25,1605.4,3587.25,1636.25,3599,1662.85,3623.45,1684.1,3656.4,1692.6,3680.9,1680.9,3702.15,1662.85,3710.7,1645.8,3711.75,1624.55,3702.15,1600.05,3681.95,1590.5
2-123,Uninfected,No_comment,Polygon,16,3724.5,1471.35,3700.05,1473.45,3680.9,1478.8,3667.05,1488.35,3656.4,1504.3,3654.3,1526.65,3655.35,1549,3673.45,1574.55,3700.05,1584.1,3742.6,1586.25,3762.8,1569.2,3772.4,1549,3776.65,1529.85,3774.5,1511.75,3766,1495.8,3753.25,1481.95
2-124,Uninfected,No_comment,Polygon,17,3884.1,1727.75,3864.95,1717.1,3843.7,1708.6,3821.3,1708.6,3803.25,1714.95,3789.4,1723.45,3777.7,1733.05,3768.15,1744.75,3764.95,1761.75,3779.85,1782,3794.75,1799,3820.25,1817.1,3856.45,1822.4,3881.95,1808.6,3897.9,1792.6,3907.5,1763.9,3895.8,1737.3
2-125,Uninfected,No_comment,Polygon,15,3969.2,1624.55,3950.05,1614.95,3919.2,1611.75,3893.7,1613.9,3881.95,1635.15,3871.3,1657.5,3874.55,1683.05,3888.35,1710.7,3903.25,1726.65,3923.45,1733.05,3952.2,1733.05,3975.6,1714.95,3991.55,1695.8,3995.8,1666,3990.5,1646.85
2-126,Uninfected,No_comment,Polygon,22,4051.15,1749,4033.05,1757.5,4019.2,1769.2,4012.85,1780.9,4010.7,1800.05,4016,1819.2,4025.6,1834.1,4030.9,1847.95,4035.15,1863.9,4050.05,1869.2,4075.6,1875.6,4092.6,1874.55,4111.75,1858.6,4128.8,1841.55,4137.3,1818.15,4134.1,1796.9,4126.65,1780.9,4116,1764.95,4101.15,1753.25,4086.2,1749,4077.7,1747.95,4068.15,1749
2-127,Uninfected,No_comment,Polygon,17,4209.65,1730.9,4184.1,1749,4176.65,1760.7,4170.3,1775.6,4169.2,1795.8,4180.9,1817.1,4196.9,1837.3,4213.9,1845.8,4242.6,1851.15,4260.7,1847.95,4277.75,1839.45,4294.75,1820.3,4300.05,1800.05,4297.95,1779.85,4292.6,1766.05,4278.8,1747.95,4255.4,1733.05
2-128,Uninfected,No_comment,Polygon,16,4234.1,1495.8,4207.5,1504.3,4195.8,1519.2,4187.3,1539.4,4183.05,1560.7,4193.65,1583.05,4212.8,1603.25,4238.35,1611.75,4266.05,1608.55,4285.2,1590.5,4291.55,1570.3,4292.6,1553.25,4288.35,1534.1,4283.05,1518.15,4270.25,1508.55,4257.5,1501.1
2-129,Uninfected,No_comment,Polygon,24,4126.65,1438.35,4114.95,1439.4,4097.95,1449,4078.8,1445.8,4067.05,1444.75,4055.35,1445.8,4045.8,1457.5,4042.6,1468.15,4039.45,1483.05,4035.15,1493.7,4035.15,1517.1,4049,1529.85,4076.65,1543.7,4094.75,1544.75,4112.8,1550.05,4142.6,1557.5,4163.9,1546.85,4176.65,1533.05,4180.9,1520.25,4181.95,1493.7,4175.6,1480.9,4169.2,1469.2,4157.5,1460.7,4140.5,1451.1
2-130,Uninfected,No_comment,Polygon,19,4091.55,1314.95,4060.7,1319.2,4039.45,1326.65,4020.3,1340.5,4011.75,1359.65,4007.5,1379.85,4011.75,1397.95,4026.65,1416,4040.5,1431.95,4067.05,1443.7,4096.85,1437.3,4123.45,1425.6,4144.75,1416,4158.6,1401.1,4172.4,1376.65,4167.1,1356.45,4152.2,1340.5,4136.2,1329.85,4114.95,1320.25
2-131,Uninfected,No_comment,Polygon,18,3902.2,1264.95,3888.35,1257.5,3870.25,1254.3,3851.1,1261.75,3831.95,1271.35,3821.3,1283.05,3813.9,1302.2,3812.8,1322.4,3812.8,1339.4,3826.65,1359.65,3841.55,1378.8,3867.1,1390.5,3896.85,1383.05,3913.9,1367.1,3925.6,1346.85,3930.9,1326.65,3932,1306.45,3923.45,1284.1
2-132,Uninfected,No_comment,Polygon,16,3963.9,1436.25,3938.35,1435.15,3919.2,1445.8,3894.75,1463.9,3888.35,1483.05,3891.55,1504.3,3906.45,1523.45,3922.4,1541.55,3950.05,1555.4,3975.6,1552.2,3996.85,1537.3,4011.75,1523.45,4019.2,1509.65,4023.45,1486.25,4011.75,1463.9,4001.15,1446.85
2-133,Uninfected,No_comment,Polygon,16,3808.55,1381.95,3796.85,1375.6,3776.65,1371.35,3757.5,1375.6,3740.45,1391.55,3731.95,1408.55,3730.9,1430.9,3738.35,1452.2,3758.55,1470.25,3778.8,1491.55,3809.6,1492.6,3830.9,1483.05,3840.45,1464.95,3846.85,1439.4,3842.6,1413.9,3831.95,1394.75
2-134,Uninfected,No_comment,Polygon,14,3704.3,1324.5,3690.5,1312.8,3668.15,1308.55,3655.35,1310.7,3642.6,1316,3625.55,1326.65,3613.85,1361.75,3619.2,1379.85,3638.35,1407.5,3676.65,1413.9,3697.95,1403.25,3709.65,1388.35,3716,1371.35,3717.1,1352.2
2-135,Uninfected,No_comment,Polygon,20,3623.45,1270.25,3606.4,1254.3,3596.85,1247.95,3584.1,1243.65,3571.35,1244.75,3558.55,1251.1,3548.95,1256.45,3542.6,1261.75,3528.75,1274.5,3512.8,1288.35,3504.3,1301.1,3502.2,1325.6,3513.9,1344.75,3528.75,1361.75,3563.85,1374.55,3581.95,1367.1,3597.9,1354.3,3611.75,1336.25,3621.35,1311.75,3629.85,1299
2-136,Uninfected,No_comment,Polygon,15,3443.65,1387.3,3413.9,1390.5,3403.25,1393.65,3387.3,1405.4,3372.35,1425.6,3369.2,1446.85,3367.05,1469.2,3384.1,1492.6,3409.6,1506.45,3437.25,1505.4,3463.9,1497.95,3480.9,1477.7,3494.75,1447.95,3496.85,1417.1,3475.6,1395.8
2-137,Uninfected,No_comment,Polygon,17,3333,1395.8,3318.15,1387.3,3302.15,1386.25,3286.2,1388.35,3270.25,1401.1,3259.6,1413.9,3245.75,1436.25,3247.9,1460.7,3253.2,1480.9,3270.25,1502.2,3296.85,1506.45,3323.45,1504.3,3342.6,1492.6,3354.3,1478.8,3358.55,1463.9,3360.65,1442.6,3350.05,1419.2
2-138,Uninfected,No_comment,Polygon,17,4170.35,1195.7,4145.8,1194.65,4117.1,1199.95,4103.25,1211.65,4085.2,1225.5,4078.8,1242.5,4077.75,1271.25,4087.3,1289.3,4106.45,1301.05,4128.8,1311.65,4150.05,1320.2,4170.35,1315.9,4187.3,1302.1,4197.95,1287.25,4203.25,1268.1,4202.2,1236.15,4191.55,1215.9
2-139,Uninfected,No_comment,Polygon,22,4173.5,1039.3,4154.35,1022.35,4141.55,1013.8,4130.9,1023.35,4122.4,1041.5,4117.1,1061.65,4114.95,1080.8,4113.9,1099.95,4117.1,1120.15,4124.55,1137.2,4134.1,1153.2,4143.7,1163.8,4151.1,1168.1,4166.05,1165.9,4178.8,1156.35,4186.25,1143.6,4191.55,1134.05,4193.7,1121.25,4194.75,1117,4196.9,1098.95,4199,1076.6,4182,1048.9
2-140,Uninfected,No_comment,Polygon,17,4029.85,937.2,4023.45,923.35,3999,919.15,3963.9,924.4,3942.6,938.3,3927.75,950,3918.15,965.9,3911.75,985.05,3910.7,1007.45,3918.15,1027.6,3952.2,1052.1,3980.9,1053.2,3997.95,1042.5,4012.85,1023.35,4024.5,998.9,4032,978.7,4033.05,957.45
2-141,Uninfected,No_comment,Polygon,14,3774.55,994.65,3752.2,1004.2,3739.4,1018.05,3728.8,1039.3,3725.6,1060.65,3723.45,1086.15,3755.4,1118.05,3794.75,1115.9,3821.35,1098.95,3836.25,1080.8,3841.55,1067,3840.5,1040.4,3828.75,1004.2,3801.15,988.3
2-142,Uninfected,No_comment,Polygon,16,3732,974.4,3730.9,953.2,3720.25,937.2,3674.55,921.25,3647.95,923.35,3618.15,934.05,3610.7,941.45,3601.1,965.9,3592.6,991.5,3592.6,1013.8,3597.95,1038.3,3626.65,1053.2,3651.1,1055.3,3677.7,1048.9,3708.55,1031.85,3721.3,1008.45
2-143,Uninfected,No_comment,Polygon,18,3553.25,1065.9,3538.35,1049.95,3521.35,1043.55,3502.2,1036.15,3485.15,1040.4,3474.5,1046.75,3463.9,1054.2,3453.25,1060.65,3449,1079.8,3447.9,1097.85,3447.9,1113.8,3467.05,1130.8,3485.15,1142.5,3506.4,1147.85,3533.05,1149.95,3558.55,1141.5,3569.2,1110.65,3566,1087.2
2-144,Uninfected,No_comment,Polygon,12,3438.35,1103.2,3437.25,1080.8,3423.45,1057.45,3390.5,1052.1,3369.2,1058.45,3351.1,1077.6,3344.75,1084.05,3335.15,1109.55,3344.75,1132.95,3381.95,1154.2,3412.8,1142.5,3427.7,1129.8
2-145,Uninfected,No_comment,Polygon,37,3486.2,1156.35,3466,1154.2,3450.05,1151,3434.1,1142.5,3423.45,1144.65,3414.95,1153.2,3412.8,1167,3408.55,1181.9,3405.35,1204.2,3411.75,1223.35,3419.2,1238.25,3424.5,1254.2,3425.6,1268.1,3426.65,1277.6,3440.5,1278.7,3442.6,1282.95,3444.75,1293.6,3451.1,1299.95,3466,1297.85,3475.65,1290.4,3477.7,1290.35,3502.2,1280.8,3525.55,1262.75,3541.55,1249.95,3546.85,1241.5,3545.8,1231.9,3555.35,1221.25,3562.8,1215.9,3566,1209.55,3551.1,1193.6,3545.8,1188.25,3536.25,1182.95,3529.85,1181.9,3529.85,1181.8,3522.4,1169.1,3517.1,1160.65,3505.35,1155.3
2-146,Uninfected,No_comment,Polygon,28,3395.8,1204.2,3396.85,1192.5,3389.4,1178.7,3375.6,1170.15,3361.75,1170.15,3347.9,1178.7,3333.05,1187.25,3326.65,1198.95,3318.15,1217,3316,1235.05,3319.2,1255.3,3324.5,1271.25,3327.7,1287.25,3335.15,1301.05,3344.75,1313.8,3359.6,1325.55,3377.7,1327.6,3391.55,1324.45,3403.25,1315.9,3409.65,1306.4,3413.9,1294.7,3416,1284,3416,1271.25,3416,1258.45,3412.8,1247.85,3408.55,1236.15,3403.25,1224.45,3397.9,1213.8
2-147,Uninfected,No_comment,Polygon,22,3807.5,809.5,3801.15,780.85,3793.7,770.15,3784.1,758.45,3770.25,750,3754.3,744.65,3735.15,743.55,3717.1,750,3703.25,762.7,3694.75,777.6,3689.4,791.45,3688.35,806.35,3690.55,821.25,3700.05,839.3,3710.7,853.15,3721.3,863.8,3734.1,874.4,3756.45,878.7,3779.85,871.25,3792.6,860.6,3801.15,850,3807.5,840.4
2-148,Uninfected,No_comment,Polygon,18,4135.25,874.05,4139.95,852.85,4136.4,831.7,4125.75,811.7,4104.65,789.35,4083.4,781.1,4061.1,783.45,4050.55,787,4041.1,792.85,4034.05,802.25,4025.75,819.9,4023.4,837.55,4025.75,859.9,4035.25,881.1,4054.05,895.2,4078.75,908.2,4103.4,908.2,4123.45,902.25
2-149,Uninfected,No_comment,Polygon,31,4011.7,790.55,4001.1,774.05,3985.75,765.85,3970.55,751.7,3956.4,738.75,3934.05,736.4,3922.3,743.45,3907,749.35,3897.6,752.85,3883.4,764.6,3876.4,771.7,3870.55,782.25,3867,794.05,3865.75,803.45,3865.75,810.55,3868.1,819.9,3878.75,831.7,3896.4,844.6,3910.55,854.05,3921.1,857.55,3938.75,859.9,3962.3,859.9,3978.75,859.9,3982.3,859.9,3987,857.55,3991.7,852.85,3994.05,850.55,3998.75,845.85,4003.4,837.55,4007,824.6,4008.1,816.4
2-150,Uninfected,No_comment,Polygon,18,4065.9,665.65,4057.3,662.4,4034.8,664.55,4016.45,666.7,4000.3,677.4,3983.1,692.45,3977.8,711.85,3977.8,730.15,3984.25,750.6,3999.3,764.5,4022.9,776.4,4045.55,777.45,4068.05,773.15,4084.25,762.35,4093.9,737.7,4096.05,716.15,4088.5,696.75,4081,678.55
2-151,Uninfected,No_comment,Polygon,22,3601.35,732.3,3588.45,738.75,3573.4,749.45,3562.7,760.2,3557.25,770.95,3555.1,786.05,3556.25,803.3,3563.75,820.5,3569.1,837.7,3576.65,848.45,3597.05,855.95,3616.4,859.2,3635.8,855.95,3646.55,848.45,3658.35,837.7,3665.95,825.8,3668.1,812.95,3666.95,793.6,3658.35,774.25,3645.45,749.45,3632.6,732.3,3625,725.85
2-152,Uninfected,No_comment,Polygon,20,3506.8,762.35,3489.55,758.05,3472.3,757.05,3460.55,758.05,3446.5,760.2,3439.05,762.35,3426.1,775.3,3418.55,789.3,3413.15,804.35,3412.15,818.35,3412.15,836.55,3419.65,853.8,3431.45,867.8,3460.55,876.4,3497.05,873.15,3522.85,858.1,3537.9,843,3541.2,797.9,3530.45,781.75,3522.85,770.95
2-153,Uninfected,No_comment,Polygon,24,3354.05,767.8,3345.45,775.3,3329.35,786.05,3319.6,793.6,3310,803.3,3297.1,809.75,3288.5,817.25,3284.2,833.4,3287.35,848.45,3301.4,869.95,3317.45,881.8,3337.95,889.3,3368,886.1,3386.35,874.25,3395.95,864.55,3404.55,851.65,3407.85,836.55,3407.85,810.8,3407.85,792.5,3405.7,779.6,3400.25,769.95,3391.65,763.5,3387.35,762.35,3372.3,763.5
2-154,Uninfected,No_comment,Polygon,32,3360.55,729.1,3349.75,722.6,3345.45,721.55,3342.25,718.3,3340.1,717.25,3332.5,709.7,3325.05,704.35,3318.6,698.95,3314.3,694.6,3304.55,690.3,3298.1,689.3,3291.65,687.15,3282,692.45,3271.25,702.2,3262.6,711.85,3254,721.55,3245.4,734.45,3238.95,747.3,3235.8,759.2,3234.65,777.45,3240.1,790.35,3250.85,800.05,3271.25,809.75,3279.85,809.75,3287.35,810.8,3302.45,807.6,3315.35,802.2,3328.25,793.6,3347.7,779.6,3358.4,766.7,3363.7,753.75,3364.85,746.3
2-155,Uninfected,No_comment,Polygon,27,3404.55,608.65,3391.65,591.45,3380.9,583.9,3372.3,581.75,3362.7,580.7,3351.9,589.3,3344.35,596.8,3331.5,609.65,3322.9,621.55,3320.75,633.35,3319.6,647.35,3317.45,663.5,3317.45,678.55,3325.05,692.45,3333.65,702.2,3355.1,717.25,3367,719.4,3383.05,721.55,3402.4,718.3,3414.3,709.7,3425,698.95,3429.3,687.15,3431.45,671,3430.4,657.05,3427.15,645.2,3418.55,630.15,3412.15,617.25
2-156,Uninfected,No_comment,Polygon,19,3503.5,637.65,3482.05,637.65,3456.25,647.35,3437.9,657.05,3430.35,674.25,3426.05,693.6,3423.95,718.3,3428.25,737.7,3442.2,744.15,3460.55,744.15,3491.7,747.3,3506.8,745.2,3518.55,737.7,3528.3,726.95,3532.6,712.95,3534.75,702.2,3534.75,690.3,3534.75,679.55,3528.3,664.55
2-157,Uninfected,No_comment,Polygon,24,3392.8,937.7,3374.45,935.55,3356.2,937.7,3343.3,945.2,3328.2,958.15,3316.45,975.35,3314.3,991.4,3316.45,1008.65,3328.2,1028.05,3337.95,1031.25,3346.5,1035.55,3355.1,1033.4,3360.55,1040.95,3363.7,1045.25,3378.75,1044.1,3395.95,1040.95,3415.35,1039.85,3434.75,1023.75,3439.05,1012.95,3440.05,999,3440.05,982.8,3431.45,973.2,3418.55,959.2,3405.7,947.35
2-158,Uninfected,No_comment,Polygon,15,3231.5,1088.25,3206.7,1079.65,3172.35,1087.15,3159.45,1101.15,3151.85,1121.6,3148.7,1139.8,3153,1161.35,3163.75,1185.05,3191.7,1202.25,3220.75,1197.95,3241.1,1185.05,3254,1167.8,3264.8,1148.45,3261.6,1123.75,3254,1103.3
2-159,Uninfected,No_comment,Polygon,16,3203.5,1261.4,3176.65,1263.55,3156.15,1276.45,3143.25,1296.85,3137.95,1325.9,3140.1,1349.5,3151.85,1365.7,3168.05,1377.5,3181.95,1386.1,3213.15,1385.05,3233.65,1374.3,3243.25,1359.25,3249.7,1340.9,3251.85,1319.45,3250.85,1295.8,3233.65,1270
2-160,Uninfected,No_comment,Polygon,16,3191.7,776.4,3168.05,779.6,3149.7,787.15,3134.65,800.05,3131.45,827.95,3130.35,853.8,3137.95,875.35,3153,891.45,3174.5,900,3207.8,900,3229.35,886.1,3246.55,865.65,3251.85,839.85,3247.55,819.4,3230.35,793.6,3204.55,776.4
2-161,Uninfected,No_comment,Polygon,17,3660.45,532.3,3636.85,526.9,3612.1,531.2,3592.7,547.4,3578.8,564.6,3568.05,592.55,3570.2,618.3,3575.5,639.8,3598.15,663.5,3617.5,674.25,3646.55,672.1,3672.35,658.15,3690.6,635.5,3699.2,601.1,3702.45,574.2,3691.7,550.55,3682,539.8
2-162,Uninfected,No_comment,Polygon,20,3756.2,375.3,3731.5,364.5,3716.45,363.5,3693.85,373.15,3679.8,384.95,3669.05,409.75,3662.6,435.55,3677.65,462.4,3697.05,483.95,3722.9,493.55,3745.4,488.25,3765.9,479.65,3782.05,471.05,3793.8,459.15,3794.95,444.15,3787.4,432.25,3784.2,424.8,3778.8,407.6,3775.6,396.85,3771.25,387.1
2-163,Uninfected,No_comment,Polygon,16,3854.1,340.85,3822.9,349.45,3801.4,368.85,3795.95,391.4,3795.95,415.05,3802.4,437.7,3814.3,458.1,3828.2,468.85,3855.15,474.2,3870.15,462.4,3883.05,450.6,3889.5,434.4,3892.8,414.05,3894.95,392.5,3891.65,373.15,3875.6,355.9
2-164,Uninfected,No_comment,Polygon,16,3575.5,516.2,3575.5,501.15,3565.9,480.65,3534.7,450.6,3506.75,451.65,3490.6,459.15,3473.4,471.05,3463.7,490.4,3459.35,510.75,3462.65,537.65,3479.85,554.85,3501.3,571.05,3533.55,578.5,3555.15,563.45,3566.9,551.7,3572.35,539.8
2-165,Uninfected,No_comment,Polygon,26,3502.45,582.8,3491.7,575.35,3474.45,566.75,3458.35,552.7,3451.9,534.45,3448.6,525.85,3444.3,522.65,3428.25,521.55,3407.8,526.9,3397.05,534.45,3387.35,545.25,3380.85,560.3,3380.85,574.2,3387.35,588.3,3402.4,600.05,3415.35,611.85,3421.75,632.35,3428.25,640.95,3447.6,641.95,3462.65,635.5,3475.55,629.05,3491.7,629.05,3504.6,624.75,3514.2,616.15,3516.35,604.35,3513.2,592.55
2-166,Uninfected,No_comment,Polygon,21,3176.6,293.6,3161.55,305.4,3141.05,312.9,3133.6,321.5,3122.85,342,3112.1,372.1,3112.1,402.15,3119.6,426.95,3141.05,431.25,3161.55,427.95,3177.65,423.65,3189.5,411.9,3199.2,399,3209.95,387.1,3217.4,372.1,3220.7,355.9,3222.85,338.7,3221.7,323.65,3219.55,307.55,3212.1,294.65,3202.35,288.15
2-167,Uninfected,No_comment,Polygon,25,3490.6,220.45,3475.55,228,3456.2,237.65,3441.15,251.6,3422.8,264.5,3411.05,275.25,3405.65,295.75,3411.05,317.2,3415.35,330.1,3422.8,344.15,3439,358.05,3456.2,363.5,3471.25,365.65,3486.3,362.35,3498.15,354.9,3507.75,342,3517.5,330.1,3537.9,319.35,3553,304.3,3559.45,295.75,3560.5,278.55,3554.05,264.5,3539,249.45,3530.4,239.8,3520.65,233.35
2-168,Uninfected,No_comment,Polygon,15,3303.5,293.6,3335.75,281.7,3362.65,259.15,3370.2,232.25,3369.1,204.35,3356.2,174.2,3335.75,159.1,3314.25,156.95,3287.35,164.5,3269.1,177.4,3256.2,196.75,3252.95,217.25,3252.95,246.25,3265.85,267.75,3277.7,285
2-169,Uninfected,No_comment,Polygon,18,3242.2,260.2,3234.7,234.4,3233.6,210.8,3220.7,186,3203.5,168.8,3187.35,159.1,3163.7,164.5,3143.3,175.25,3120.7,188.15,3113.15,215.1,3112.1,237.6,3120.7,268.8,3141.15,286,3158.35,289.3,3177.7,280.7,3198.1,279.55,3218.55,282.85,3234.7,279.55
2-170,Uninfected,No_comment,Polygon,15,3115.3,281.7,3103.5,255.9,3086.3,234.4,3070.15,228,3054,228,3040.05,238.7,3021.75,261.3,3017.45,286,3017.45,308.6,3019.6,331.2,3037.9,346.25,3064.75,351.6,3086.3,344.1,3108.85,327.95,3117.45,307.5
2-171,Uninfected,No_comment,Polygon,13,3143.3,40.85,3119.6,47.3,3099.2,61.25,3080.9,80.6,3070.15,125.85,3089.5,161.25,3121.75,170.95,3147.6,159.1,3171.25,145.2,3184.15,121.5,3185.2,89.2,3173.4,66.7,3156.2,52.65
2-172,Uninfected,No_comment,Polygon,19,2904.55,240.85,2875.5,236.55,2858.3,236.55,2843.25,238.7,2827.1,251.6,2819.6,268.8,2811,288.15,2807.75,308.6,2813.15,331.2,2828.2,351.6,2849.7,372.1,2873.35,374.25,2894.85,369.95,2915.3,358.05,2933.6,340.85,2945.4,322.6,2947.55,305.35,2933.6,287.15,2917.45,265.6
2-173,Uninfected,No_comment,Polygon,17,2743.25,211.8,2737.85,194.6,2718.5,177.4,2701.3,169.9,2674.4,173.1,2654,187.1,2638.95,198.9,2632.5,222.55,2632.5,244.1,2640,261.3,2658.3,282.85,2680.85,292.45,2709.9,293.6,2730.35,282.85,2743.25,269.9,2748.6,253.75,2750.75,238.7
2-174,Uninfected,No_comment,Polygon,17,2788.4,81.7,2766.9,86,2748.6,98.9,2733.55,121.5,2723.9,138.75,2731.4,165.55,2744.3,187.1,2752.9,198.9,2772.3,219.4,2798.1,213.95,2814.2,202.2,2821.75,187.1,2828.2,170.95,2834.65,153.8,2832.5,133.3,2822.8,113.95,2809.9,95.7
2-175,Uninfected,No_comment,Polygon,55,3017.45,374.25,3004.55,379.55,2998.1,382.8,2989.5,391.4,2981.95,394.65,2971.2,392.5,2961.55,392.5,2952.95,401.1,2945.4,412.9,2942.2,417.2,2933.6,419.35,2921.75,422.65,2915.3,424.8,2908.85,431.25,2905.6,439.85,2909.9,448.45,2915.3,454.85,2912.05,465.6,2909.9,469.9,2904.55,481.75,2908.85,490.35,2917.45,496.85,2928.2,501.15,2937.9,510.75,2943.25,515.05,2946.5,517.2,2950.8,527.95,2952.95,530.1,2969.05,525.8,2983.05,520.5,2992.75,516.2,3005.65,512.9,3011,510.75,3018.55,507.6,3019.6,504.3,3021.75,495.7,3021.75,486.05,3026.05,477.45,3033.6,469.9,3035.75,468.85,3042.2,463.45,3048.65,451.6,3049.7,446.3,3051.85,438.7,3052.95,430.1,3052.95,424.8,3054,420.45,3055.1,415.05,3055.05,415.1,3055.1,411.85,3051.85,403.25,3050.8,401.1,3045.4,396.8,3038.95,392.5,3030.35,386
2-176,Uninfected,No_comment,Polygon,18,2806.7,421.5,2786.25,398.95,2761.5,386,2735.7,380.65,2711,395.7,2700.25,420.45,2697,437.7,2695.95,459.15,2698.1,479.6,2708.85,505.45,2731.4,522.65,2755.05,529.05,2779.8,526.9,2794.85,519.35,2809.9,507.6,2818.5,483.9,2820.65,459.15,2813.15,431.25
2-177,Uninfected,No_comment,Polygon,17,2991.65,589.25,2983.05,575.35,2968,566.7,2941.1,560.25,2921.75,569.9,2903.45,579.65,2895.95,595.7,2887.35,614,2888.4,637.65,2894.85,661.3,2913.15,680.65,2941.1,686.05,2965.85,677.45,2984.1,666.75,2992.75,657,2997.05,635.5,2995.95,611.85
2-178,Uninfected,No_comment,Polygon,18,2851.85,616.15,2844.35,611.85,2824.95,609.7,2806.7,609.7,2790.55,609.7,2775.5,620.45,2764.75,631.2,2756.15,657,2757.2,678.5,2772.3,697.9,2788.4,714,2809.9,721.6,2838.95,721.6,2857.25,709.7,2871.2,693.6,2879.8,668.9,2870.15,648.4,2861.55,632.3
2-179,Uninfected,No_comment,Polygon,22,2750.75,695.75,2743.25,682.8,2732.5,672.05,2712.05,657,2698.1,654.85,2686.25,652.7,2679.8,653.85,2666.9,660.3,2657.2,669.9,2651.85,679.6,2650.75,692.5,2650.75,708.65,2652.9,720.45,2663.65,736.65,2676.55,751.65,2699.15,771,2718.5,779.6,2757.2,781.75,2777.65,773.15,2780.9,752.7,2777.65,733.35,2770.15,719.45
2-180,Uninfected,No_comment,Polygon,19,2648.6,722.6,2626.05,704.35,2603.45,694.65,2580.85,694.65,2563.65,704.35,2548.6,719.45,2542.15,734.5,2540,752.7,2544.3,777.45,2550.75,796.8,2562.6,810.85,2584.1,821.55,2604.5,821.55,2619.55,818.3,2632.5,797.95,2650.75,788.2,2662.6,780.7,2664.75,765.65,2664.75,749.5
2-181,Uninfected,No_comment,Polygon,18,2605.6,458.05,2600.2,434.4,2581.95,396.8,2547.55,379.55,2527.1,375.25,2506.65,375.25,2491.6,400,2491.6,411.85,2476.55,422.65,2467.95,442,2470.1,469.9,2481.95,496.85,2504.5,520.5,2534.6,529.05,2560.45,525.8,2579.8,515.05,2593.75,500,2601.3,481.75
2-182,Uninfected,No_comment,Polygon,27,2592.7,47.3,2576.55,54.8,2558.3,55.95,2532.45,56.95,2514.2,71,2498.05,88.15,2495.9,109.65,2508.8,134.45,2516.35,161.25,2524.95,181.7,2543.2,202.2,2571.2,191.4,2600.2,182.8,2618.5,174.2,2635.7,172.05,2644.3,158.05,2651.85,139.75,2657.2,119.35,2665.8,113.95,2652.9,107.5,2652.9,98.9,2657.2,86,2645.4,77.45,2641.1,76.3,2629.25,63.4,2616.35,48.35,2601.3,45.15
2-183,Uninfected,No_comment,Polygon,23,2467.95,153.8,2451.8,150.5,2435.7,151.65,2423.85,146.2,2417.4,148.35,2420.65,164.5,2421.7,176.35,2419.55,191.4,2409.9,203.2,2408.8,223.7,2419.55,240.85,2432.45,260.2,2449.65,278.55,2475.5,281.7,2493.75,278.55,2508.8,268.8,2520.65,254.85,2527.1,240.85,2527.1,229,2522.8,213.95,2512.05,193.55,2501.3,178.5,2490.55,168.8
2-184,Uninfected,No_comment,Polygon,24,2422.8,277.4,2394.8,273.1,2374.4,280.7,2362.55,291.45,2356.1,308.6,2350.75,331.2,2349.65,348.45,2352.9,368.8,2366.85,387.1,2383,401.1,2402.35,406.45,2405.6,407.55,2412.05,400,2419.55,388.15,2432.45,370.95,2442.15,364.5,2455.05,360.2,2465.8,348.45,2474.4,329.05,2472.25,316.1,2469,309.65,2461.5,301.05,2448.6,291.45,2436.75,287.15
2-185,Uninfected,No_comment,Polygon,39,2450.75,491.4,2433.55,491.4,2416.35,491.4,2406.65,486.05,2392.65,486.05,2384.05,493.55,2378.7,502.15,2373.3,508.6,2367.95,502.15,2352.9,507.6,2348.6,512.9,2342.15,524.8,2336.75,541.95,2334.6,563.45,2333.55,577.5,2347.5,594.7,2355.05,597.85,2358.25,597.85,2361.5,604.3,2375.45,609.7,2386.2,608.6,2398.05,605.4,2407.75,604.3,2415.25,605.4,2423.85,609.7,2431.4,611.85,2442.15,614,2448.6,610.75,2451.8,604.3,2453.95,595.7,2456.1,587.1,2459.35,580.65,2467.95,569.9,2479.8,553.8,2485.15,539.8,2484.1,531.2,2478.7,521.5,2471.15,514.05,2466.85,510.75
2-186,Uninfected,No_comment,Polygon,17,2318.45,708.65,2299.1,698.95,2280.85,694.65,2263.65,694.65,2250.75,700.05,2238.9,720.45,2235.65,734.5,2237.8,752.7,2246.4,767.8,2263.65,786.05,2283,797.95,2305.55,797.95,2322.75,789.3,2334.6,778.55,2338.9,760.25,2338.9,745.25,2334.6,732.35
2-187,Uninfected,No_comment,Polygon,27,2315.25,572.05,2302.35,564.55,2289.45,565.6,2261.5,572.05,2258.25,580.65,2253.95,595.7,2256.1,611.85,2260.4,628,2266.85,648.4,2274.4,665.6,2287.3,676.35,2300.2,682.8,2310.95,683.9,2320.6,690.35,2335.7,694.65,2352.9,691.45,2362.55,684.95,2367.95,674.2,2372.25,664.6,2375.45,656,2376.55,644.1,2376.55,632.3,2375.45,624.75,2366.85,616.15,2355.05,607.55,2342.15,602.15,2334.6,597.85
2-188,Uninfected,No_comment,Polygon,18,2414.15,36.6,2401.25,22.55,2381.85,7.5,2359.35,5.4,2339.95,13.95,2323.85,31.15,2319.55,53.8,2318.4,73.15,2328.15,89.25,2335.65,93.6,2350.75,100.05,2372.25,104.35,2394.75,108.65,2407.7,110.8,2422.8,100.05,2434.6,86,2436.75,67.75,2435.7,56.95
2-189,Uninfected,No_comment,Polygon,15,2364.7,112.95,2338.9,109.65,2320.55,112.95,2307.65,130.15,2302.35,145.2,2301.25,166.65,2316.25,195.75,2339.95,211.85,2358.25,220.45,2379.7,220.45,2398.05,205.35,2408.8,185,2407.7,154.85,2399.05,136.6,2387.3,121.55
2-190,Uninfected,No_comment,Polygon,17,2290.5,209.65,2264.7,206.5,2241.05,210.8,2220.6,217.25,2206.65,225.85,2196.95,236.55,2200.2,255.9,2209.85,289.3,2220.6,305.4,2250.65,323.65,2285.15,326.95,2310.95,322.65,2331.35,304.3,2344.25,278.55,2342.1,251.6,2327.05,228,2304.5,215.1
2-191,Uninfected,No_comment,Polygon,15,2161.4,237.65,2148.55,229.05,2131.35,224.75,2117.35,229.05,2104.45,239.8,2095.8,252.75,2091.5,277.4,2092.65,304.3,2106.6,331.25,2130.3,349.45,2149.65,352.75,2175.45,339.85,2182.95,322.65,2185.1,285,2177.6,259.2
2-192,Uninfected,No_comment,Polygon,21,2084.05,117.25,2064.7,119.4,2043.15,118.25,2022.75,121.55,2006.6,132.3,2001.25,144.1,2003.4,165.6,2009.85,183.85,2018.45,212.95,2031.35,231.2,2049.65,240.85,2075.45,238.7,2094.8,224.75,2116.3,219.4,2137.8,216.15,2151.8,203.2,2152.85,185,2149.65,167.8,2145.35,148.4,2132.45,130.15,2121.65,120.4
2-193,Uninfected,No_comment,Polygon,19,2260.4,412.9,2233.45,407.6,2221.7,415.05,2209.85,422.65,2201.25,435.55,2194.8,449.5,2193.7,465.6,2200.2,477.5,2212,493.55,2224.9,521.55,2233.45,534.45,2246.35,544.1,2264.7,538.8,2284.05,521.55,2295.9,508.65,2301.25,489.25,2301.25,472.05,2293.75,453.8,2286.2,434.45
2-194,Uninfected,No_comment,Polygon,20,2205.55,507.6,2196.95,494.7,2176.45,483.95,2158.25,480.65,2141.05,487.1,2127.05,500,2122.75,519.4,2122.75,544.1,2137.8,562.45,2145.35,564.6,2158.25,564.6,2167.6,566.15,2175.6,581.45,2187.25,589.3,2206.65,593.6,2223.85,579.65,2231.3,565.6,2231.3,552.7,2220.6,538.8,2208.8,528
2-195,Uninfected,No_comment,Polygon,15,2021.6,458.1,1998,446.3,1978.65,446.3,1963.6,448.45,1950.7,457,1945.25,472.05,1940.95,500,1948.55,519.4,1958.2,536.6,1986.2,549.55,2005.55,556,2030.25,547.4,2055,534.45,2055,506.45,2043.15,481.8
2-196,Uninfected,No_comment,Polygon,16,1966.8,623.75,1956,605.4,1935.65,586.1,1914.15,574.2,1890.45,568.9,1872.2,577.5,1864.6,593.6,1862.45,613,1868.9,654.85,1875.35,673.2,1893.7,692.5,1929.2,695.8,1957.15,691.5,1973.25,676.4,1977.6,658.15,1976.5,640.95
2-197,Uninfected,No_comment,Polygon,17,2060.4,640.95,2047.45,638.8,2041,641.95,2035.65,659.2,2028.05,675.3,2018.45,689.35,2012,704.4,2010.85,726.9,2018.45,750.6,2034.55,771,2065.75,777.45,2092.65,766.7,2102.25,753.8,2109.85,733.4,2110.9,714,2107.7,690.35,2091.5,667.8
2-198,Uninfected,No_comment,Polygon,31,2239.95,811.85,2246.4,798.95,2243.2,782.8,2227.1,776.35,2218.5,765.6,2208.75,751.6,2194.85,743.05,2182.95,731.2,2170.05,733.35,2160.35,736.6,2146.45,734.45,2134.55,736.6,2121.65,746.25,2115.2,753.75,2108.75,758.05,2101.25,769.9,2095.85,778.5,2093.7,793.55,2098,806.5,2100.15,818.3,2106.6,834.4,2118.5,843.05,2140,844.1,2145.3,843.05,2162.55,849.5,2174.35,857,2189.4,853.8,2200.15,847.35,2209.9,837.65,2220.65,827.95,2232.4,822.6
2-199,Uninfected,No_comment,Polygon,17,1988.3,710.75,1948.55,701.1,1921.7,703.25,1900.2,704.3,1880.8,721.55,1870.05,744.1,1874.35,763.45,1894.75,786.05,1931.3,802.2,1952.85,814,1971.1,807.55,1988.3,789.25,2001.2,774.2,2005.5,763.45,2000.2,744.1,1995.9,728,1995.9,721.55
2-200,Uninfected,No_comment,Polygon,17,1765.7,636.55,1766.85,612.9,1750.65,578.5,1734.6,566.65,1719.5,566.65,1707.7,578.5,1689.35,602.15,1685.05,614,1681.9,635.5,1682.9,661.3,1699.1,684.95,1717.35,698.95,1741.05,706.45,1763.55,700,1773.3,689.25,1773.3,667.75,1766.85,650.55
2-201,Uninfected,No_comment,Polygon,17,1738.9,405.35,1716.25,406.45,1696.95,421.5,1695.8,437.65,1689.35,453.75,1684.05,466.65,1686.2,484.95,1700.1,508.6,1718.4,524.75,1751.8,531.15,1773.3,525.8,1789.4,519.35,1798,498.95,1799.05,478.5,1793.7,456.95,1778.6,436.55,1762.55,418.25
2-202,Uninfected,No_comment,Polygon,14,1660.4,616.15,1641,601.05,1614.15,592.5,1581.85,600,1558.15,620.45,1555,648.4,1561.45,680.65,1577.55,703.25,1603.4,714,1633.5,706.45,1659.25,694.65,1675.45,678.5,1679.75,660.25,1672.15,637.65
2-203,Uninfected,No_comment,Polygon,16,1664.7,705.4,1647.45,709.7,1631.35,721.55,1612,730.15,1604.4,750.55,1604.4,773.15,1616.3,793.55,1642.05,808.65,1662.55,808.65,1689.35,809.7,1710.85,802.2,1728.1,784.95,1739.9,763.45,1733.45,733.35,1708.7,711.85,1688.35,706.45
2-204,Uninfected,No_comment,Polygon,16,1791.55,754.85,1764.7,747.3,1742.05,757,1734.65,773.15,1734.6,795.75,1737.75,820.45,1751.8,845.2,1765.7,858.1,1788.3,861.3,1822.7,865.6,1843.2,857,1852.8,843.05,1852.8,821.5,1842.05,800.05,1829.15,782.8,1815.25,766.7
2-205,Uninfected,No_comment,Polygon,19,1708.7,852.7,1694.8,836.6,1676.45,822.6,1656.05,819.4,1635.65,819.4,1623.75,829.05,1623.75,845.2,1633.5,862.4,1644.2,874.25,1653.9,900,1664.7,921.55,1675.45,930.15,1688.35,936.6,1701.25,937.65,1710.85,932.3,1723.8,921.55,1724.85,897.85,1724.85,878.55,1720.55,865.6
2-206,Uninfected,No_comment,Polygon,26,1748.5,849.5,1738.9,857,1728.1,863.45,1721.6,875.25,1720.5,890.3,1720.5,909.65,1720.55,931.2,1722.7,949.5,1732.4,968.85,1747.5,983.9,1764.7,991.45,1792.6,998.95,1810.95,995.75,1828.15,987.15,1845.35,976.35,1858.25,966.7,1866.8,959.2,1868.95,948.45,1868.95,930.15,1862.5,911.85,1858.25,895.7,1847.5,880.7,1831.3,873.15,1804.45,863.4,1788.35,861.25,1764.75,854.8
2-207,Uninfected,No_comment,Polygon,18,1458.2,905.45,1442.05,889.35,1427,875.3,1399.05,870,1371.05,865.7,1345.2,865.7,1340.9,882.9,1337.75,894.65,1339.9,917.25,1358.1,934.45,1373.2,951.65,1382.9,966.7,1395.8,979.65,1410.85,992.55,1453.9,988.25,1464.65,973.15,1466.8,954.95,1468.95,939.9
2-208,Uninfected,No_comment,Polygon,20,1350.65,953.8,1333.45,945.2,1310.85,935.6,1286.1,930.15,1270,939.9,1267.85,950.65,1266.7,964.55,1266.7,992.55,1267.85,1003.3,1280.75,1023.7,1297.95,1040.9,1311.95,1049.5,1330.2,1052.75,1347.35,1053.8,1363.55,1047.35,1376.45,1032.3,1384,1016.25,1385.05,993.6,1382.9,979.65,1368.9,963.55
2-209,Uninfected,No_comment,Polygon,17,2471.15,862.4,2480.9,835.55,2483.05,815.15,2473.3,783.9,2462.55,778.55,2447.55,772.1,2426.05,772.1,2407.7,778.55,2394.8,787.2,2389.5,820.45,2388.35,848.45,2391.65,880.75,2399.1,894.65,2416.3,898.95,2430.35,898.95,2444.3,892.5,2456.1,881.75
2-210,Uninfected,No_comment,Polygon,18,2544.35,903.25,2537.9,892.5,2529.3,879.6,2515.3,872.15,2498.1,867.85,2477.6,875.3,2468,882.9,2450.75,901.1,2442.15,919.4,2441.1,936.6,2458.25,969.95,2475.45,983.95,2506.7,979.65,2527.1,975.3,2538.9,965.7,2546.5,952.8,2550.8,942.05,2548.65,926.95
2-211,Uninfected,No_comment,Polygon,21,2384.05,925.85,2367.95,901.1,2348.55,891.5,2333.5,886.05,2320.6,886.05,2304.5,889.35,2292.7,901.1,2289.45,907.6,2285.1,924.8,2285.1,940.9,2285.1,953.8,2291.6,975.3,2298.05,990.4,2321.75,1006.5,2334.65,1007.65,2354,1009.8,2369.05,1004.35,2385.2,992.55,2392.65,979.65,2394.8,960.25,2394.8,942.05
2-212,Uninfected,No_comment,Polygon,24,2558.25,1007.65,2533.6,1003.3,2517.45,1006.5,2502.4,1020.55,2489.5,1031.3,2485.2,1039.9,2480.9,1056,2479.75,1071.05,2479.75,1084,2486.2,1096.9,2498.1,1110.8,2509.85,1119.4,2519.6,1122.65,2541.05,1126.95,2562.55,1121.55,2576.6,1114.1,2586.25,1104.35,2595.95,1092.6,2599.15,1080.7,2600.25,1067.8,2599.15,1051.65,2591.65,1036.6,2587.35,1027,2578.75,1016.25
2-213,Uninfected,No_comment,Polygon,22,2698.05,885.05,2680.85,882.9,2659.4,887.2,2646.5,896.8,2634.6,910.8,2632.45,931.25,2633.6,948.5,2643.2,963.55,2656.1,971,2662.6,976.4,2674.45,979.65,2691.6,978.55,2704.5,975.3,2716.4,966.7,2725,959.25,2731.45,951.65,2734.65,943.05,2737.9,929.1,2736.8,910.8,2727.15,900.05,2719.55,895.75,2713.1,891.5
2-214,Uninfected,No_comment,Polygon,15,2692.75,809.7,2678.7,797.95,2666.9,790.35,2649.7,789.25,2628.25,804.25,2619.65,818.25,2619.55,836.6,2629.3,865.7,2648.65,876.45,2663.7,878.6,2679.85,873.15,2693.75,865.7,2704.5,854.9,2706.65,844.15,2706.65,830.15
2-215,Uninfected,No_comment,Polygon,26,2743.25,790.35,2732.5,800.1,2725,809.7,2718.55,826.9,2716.4,851.65,2722.85,874.3,2731.45,891.5,2742.2,905.45,2756.2,910.8,2778.7,916.2,2793.75,909.75,2808.85,900.05,2818.55,893.65,2822.85,883.9,2826.1,871,2826.1,855.95,2827.1,840.9,2823.9,829.05,2817.45,819.45,2811,810.85,2801.35,803.25,2795.9,798.95,2789.45,795.8,2785.15,792.5,2777.7,791.5,2772.25,791.5
2-216,Uninfected,No_comment,Polygon,16,2928.25,737.65,2909.9,723.75,2888.45,726.9,2861.5,736.65,2845.45,757.05,2831.4,787.2,2832.55,806.55,2837.85,832.3,2848.6,850.6,2884.15,866.7,2916.35,860.25,2940,847.35,2948.6,834.45,2945.45,790.35,2945.45,763.5,2933.55,748.4
2-217,Uninfected,No_comment,Polygon,20,2805.65,980.7,2782,967.85,2769.1,966.7,2749.7,969.95,2735.75,983.95,2723.85,997.9,2718.55,1017.25,2718.55,1035.6,2723.85,1054.9,2734.65,1068.9,2750.75,1078.55,2764.8,1082.85,2783,1084,2795.9,1082.85,2814.25,1066.75,2826.1,1051.65,2830.4,1038.75,2833.55,1021.55,2831.4,1005.45,2818.55,988.25
2-218,Uninfected,No_comment,Polygon,23,2962.65,986.1,2941.15,987.15,2929.25,990.4,2917.5,1003.3,2905.6,1015.1,2902.45,1030.15,2900.3,1047.35,2901.3,1065.65,2908.9,1087.15,2918.5,1100.05,2934.7,1106.5,2949.75,1109.8,2969.1,1111.95,2985.25,1106.5,2998.15,1097.9,3006.75,1086.15,3013.2,1075.35,3019.65,1061.35,3020.65,1048.45,3014.2,1036.6,3000.3,1022.7,2986.25,1008.65,2980.95,1000.05
2-219,Uninfected,No_comment,Polygon,24,3034.7,925.85,3015.35,923.7,3000.3,935.6,2987.4,949.5,2978.8,967.85,2978.8,983.95,2990.55,1002.2,3008.9,1016.25,3021.8,1023.7,3040.05,1030.15,3073.35,1019.4,3080.95,1008.65,3087.4,999,3089.55,994.7,3091.7,988.25,3092.7,977.5,3093.85,968.85,3093.85,960.25,3091.7,951.65,3087.4,943.05,3076.65,933.45,3072.35,931.25,3058.3,931.25,3049.7,932.3
2-220,Uninfected,No_comment,Polygon,13,3048.7,829.05,3013.2,844.15,3000.3,867.85,3004.6,901.1,3021.8,914.05,3037.9,917.25,3058.3,917.25,3075.5,910.8,3089.55,900.05,3097,882.9,3097,863.55,3085.25,845.2,3071.2,832.3
2-221,Uninfected,No_comment,Polygon,14,2652.95,1100.05,2632.45,1092.6,2609.95,1092.6,2588.4,1112.95,2584.1,1134.5,2580.9,1158.2,2590.55,1182.85,2615.25,1206.55,2643.2,1211.9,2663.7,1203.3,2675.5,1189.3,2678.7,1173.25,2677.7,1133.4,2664.75,1114.1
2-222,Uninfected,No_comment,Polygon,15,2705.65,1097.9,2697.05,1110.8,2693.75,1136.65,2692.75,1159.2,2693.75,1181.85,2705.65,1201.15,2726,1221.6,2750.75,1228.05,2770.1,1211.9,2779.85,1196.85,2784.15,1176.4,2771.25,1143.1,2764.8,1122.65,2741.1,1105.5,2721.7,1099.05
2-223,Uninfected,No_comment,Polygon,17,2587.35,1199,2577.6,1167.8,2564.7,1144.15,2546.5,1128.05,2512.05,1121.6,2484.05,1122.65,2469,1133.4,2462.55,1166.8,2463.7,1190.45,2479.75,1208.7,2490.5,1221.6,2506.7,1241,2524.95,1250.6,2547.5,1251.75,2562.55,1246.3,2577.6,1232.4,2586.25,1220.5
2-224,Uninfected,No_comment,Polygon,16,2380.9,1107.65,2365.8,1092.6,2355,1084,2336.8,1080.7,2316.3,1080.7,2300.2,1090.45,2290.55,1101.2,2281.95,1121.55,2280.8,1139.85,2292.7,1164.65,2311,1185,2334.65,1190.45,2355,1185,2373.35,1175.4,2389.5,1158.2,2392.65,1137.7
2-225,Uninfected,No_comment,Polygon,19,2430.35,1200.05,2416.3,1207.6,2400.25,1222.65,2393.8,1238.85,2390.5,1258.2,2400.25,1278.6,2409.85,1290.4,2424.9,1300.1,2443.25,1309.75,2464.7,1309.75,2483.05,1301.15,2493.8,1288.25,2499.1,1275.35,2500.25,1260.35,2490.5,1244.15,2474.45,1225.9,2462.55,1213,2455.1,1208.7,2448.6,1206.55
2-226,Uninfected,No_comment,Polygon,21,2341.1,1236.7,2319.6,1219.45,2299.15,1216.2,2284.1,1215.15,2264.75,1221.6,2250.7,1232.4,2246.4,1247.45,2245.4,1261.35,2245.4,1287.2,2252.85,1305.45,2272.2,1322.65,2288.4,1332.4,2305.55,1335.55,2327.05,1324.8,2341.1,1314.05,2365.8,1302.25,2371.2,1295.8,2375.5,1281.8,2376.55,1268.9,2369.05,1260.35,2358.3,1250.6
2-227,Uninfected,No_comment,Polygon,20,2721.7,1285.05,2720.7,1272.1,2716.4,1257.05,2703.5,1245.3,2693.75,1241,2674.45,1236.7,2655.1,1238.85,2642.2,1244.15,2628.15,1254.9,2617.4,1264.65,2606.65,1296.85,2608.8,1315.2,2627.15,1335.55,2642.2,1342,2668,1349.55,2692.75,1350.65,2706.65,1346.3,2714.25,1334.55,2717.4,1321.65,2719.55,1306.6
2-228,Uninfected,No_comment,Polygon,16,2795.9,1247.45,2775.55,1251.75,2760.5,1262.5,2751.9,1272.1,2746.5,1288.25,2743.25,1303.3,2744.35,1321.65,2752.9,1338.85,2764.8,1350.65,2783,1360.3,2803.5,1363.55,2833.55,1353.85,2855.05,1328.1,2859.35,1295.8,2846.45,1266.75,2826.1,1256.05
2-229,Uninfected,No_comment,Polygon,16,2882,1345.25,2846.45,1353.85,2823.9,1364.6,2819.6,1381.8,2819.6,1407.6,2827.1,1431.3,2841.15,1446.35,2859.35,1456,2874.4,1459.3,2904.6,1450.65,2914.2,1436.65,2919.65,1424.85,2923.95,1409.75,2923.95,1390.4,2914.2,1366.75,2900.3,1352.8
2-230,Uninfected,No_comment,Polygon,24,2693.75,1362.45,2684.15,1361.4,2674.45,1359.25,2664.75,1357.1,2646.5,1351.7,2640.05,1350.65,2627.15,1350.65,2616.4,1350.65,2604.5,1354.95,2592.7,1368.9,2585.2,1385.1,2581.9,1400.15,2581.9,1415.15,2598.1,1446.35,2617.4,1459.3,2647.5,1460.3,2665.85,1453.85,2672.3,1445.25,2685.15,1430.2,2697.05,1417.3,2707.8,1405.45,2710.95,1393.7,2710.95,1380.8,2702.35,1371.05
2-231,Uninfected,No_comment,Polygon,22,2203.45,1350.65,2187.25,1350.65,2165.75,1354.95,2153.95,1359.25,2147.5,1365.7,2141.05,1377.5,2136.7,1389.4,2132.4,1405.45,2131.4,1418.35,2131.4,1437.75,2137.85,1450.65,2149.65,1462.45,2164.75,1471.05,2181.95,1473.2,2199.15,1467.9,2215.25,1456,2237.8,1435.6,2239.95,1417.3,2241.1,1399,2232.5,1378.65,2226,1365.7,2220.65,1361.4
2-232,Uninfected,No_comment,Polygon,14,2136.7,1477.5,2122.75,1463.55,2104.45,1454.95,2081.85,1453.85,2060.35,1458.15,2042.1,1474.35,2032.4,1495.8,2034.55,1518.4,2043.15,1548.55,2065.8,1568.9,2110.9,1572.15,2137.85,1552.85,2150.75,1532.35,2152.9,1505.45
2-233,Uninfected,No_comment,Polygon,16,2388.35,1648.5,2359.3,1642.05,2332.4,1650.65,2312,1663.55,2308.75,1700.1,2317.35,1718.4,2329.2,1736.65,2348.55,1748.5,2364.75,1754.95,2385.1,1757.1,2409.85,1741,2422.75,1722.7,2429.2,1707.7,2434.65,1685.05,2424.9,1662.45,2412,1653.85
2-234,Uninfected,No_comment,Polygon,17,2501.25,1553.85,2475.45,1567.85,2465.75,1583.95,2457.15,1606.55,2453.95,1631.35,2459.3,1654.95,2488.35,1680.75,2522.75,1678.6,2547.5,1676.45,2567.95,1651.7,2579.75,1627.05,2579.75,1597.95,2571.15,1575.35,2561.5,1562.45,2550.7,1555,2541.05,1550.7,2530.3,1550.7
2-235,Uninfected,No_comment,Polygon,16,2662.55,1528.05,2644.3,1521.6,2618.45,1529.15,2602.35,1545.25,2589.5,1560.3,2585.2,1583.95,2589.5,1613,2604.5,1643.1,2638.9,1652.8,2665.85,1644.2,2683,1636.65,2689.45,1628.05,2700.2,1605.5,2706.65,1576.45,2692.65,1550.7,2680.85,1542.05
2-236,Uninfected,No_comment,Polygon,16,2786.25,1605.5,2769,1603.35,2749.65,1604.4,2732.45,1608.7,2718.5,1624.9,2712.05,1646.35,2708.8,1673.25,2717.4,1695.8,2742.2,1716.25,2764.7,1720.55,2787.3,1715.15,2803.5,1701.25,2821.7,1674.3,2822.85,1654.95,2820.7,1634.5,2807.8,1624.9
2-237,Uninfected,No_comment,Polygon,18,2621.7,1709.85,2616.3,1697.95,2594.8,1691.5,2576.55,1691.5,2556.1,1691.5,2535.65,1699.1,2524.9,1713,2515.3,1733.45,2515.3,1761.4,2523.9,1785.05,2536.75,1802.25,2558.25,1813.05,2585.2,1818.4,2613.1,1807.65,2627.05,1790.45,2635.7,1774.3,2638.9,1754.95,2636.75,1734.5
2-238,Uninfected,No_comment,Polygon,18,2774.4,1433.4,2760.4,1416.2,2741.05,1410.9,2726,1409.75,2710.95,1413.05,2694.8,1433.4,2681.9,1451.7,2678.7,1479.65,2680.85,1503.3,2699.1,1524.85,2718.5,1531.3,2736.75,1534.5,2750.75,1527,2759.35,1514.05,2771.15,1497.95,2776.55,1485.1,2784.1,1471.05,2785.15,1456
2-239,Uninfected,No_comment,Polygon,22,2833.55,1474.35,2814.25,1473.2,2799.15,1480.8,2790.55,1488.25,2780.85,1502.25,2774.4,1516.25,2771.15,1532.35,2769,1546.4,2770.1,1561.45,2784.1,1579.65,2802.35,1592.6,2824.95,1592.6,2843.2,1587.2,2855.05,1576.45,2865.8,1561.45,2873.35,1548.55,2874.4,1535.6,2876.55,1521.6,2874.4,1507.6,2870.1,1495.8,2863.65,1489.35,2858.3,1486.1
2-240,Uninfected,No_comment,Polygon,14,3040,1443.1,3033.55,1431.25,3014.2,1419.45,2992.7,1413.05,2964.8,1416.2,2941.1,1430.2,2931.4,1456,2935.7,1485.1,2951.9,1506.55,2974.4,1515.15,2995.9,1516.25,3018.5,1517.3,3040,1490.4,3045.45,1471.05
2-241,Uninfected,No_comment,Polygon,16,3043.3,1533.45,3016.35,1525.9,2997,1529.15,2978.7,1534.5,2966.95,1545.25,2960.5,1570,2972.25,1591.5,2985.15,1606.55,3004.55,1621.6,3024.95,1623.75,3047.55,1623.75,3066.9,1609.8,3076.55,1604.4,3079.8,1591.5,3072.25,1570,3059.35,1548.55
2-242,Uninfected,No_comment,Polygon,17,2946.45,1571.05,2933.55,1558.15,2914.2,1552.85,2890.6,1558.15,2870.1,1576.45,2860.45,1594.75,2852.9,1610.85,2852.9,1629.2,2853.95,1652.8,2870.1,1672.15,2890.6,1686.15,2928.15,1676.45,2945.4,1660.3,2956.2,1640.95,2961.5,1625.9,2961.5,1604.4,2956.2,1586.1
2-243,Uninfected,No_comment,Polygon,17,3159.4,1497.95,3146.45,1489.35,3129.25,1479.65,3094.85,1477.5,3067.95,1500.1,3055.05,1524.85,3052.9,1543.1,3073.4,1576.5,3084.1,1597.95,3102.45,1611.95,3126.05,1613,3144.3,1614.1,3161.55,1608.7,3165.85,1591.5,3165.85,1568.9,3169.05,1549.55,3169.05,1516.25
2-244,Uninfected,No_comment,Polygon,18,3160.45,1643.1,3145.4,1628.05,3132.5,1618.4,3108.95,1609.75,3087.35,1607.65,3067.95,1615.15,3048.6,1632.35,3032.55,1652.8,3031.4,1679.7,3042.15,1701.25,3065.8,1728.05,3094.85,1752.8,3119.65,1753.9,3134.65,1744.2,3138.95,1729.15,3144.3,1697.95,3163.7,1676.45,3170.15,1663.55
2-245,Uninfected,No_comment,Polygon,18,3283.05,1534.5,3279.8,1520.6,3270.15,1512,3253,1501.2,3234.65,1495.8,3212.05,1494.75,3194.85,1501.2,3181.95,1512,3175.5,1531.35,3173.35,1558.2,3181.95,1595.8,3204.55,1614.15,3226.05,1617.3,3245.4,1612,3260.45,1602.25,3275.5,1591.5,3283.05,1575.4,3286.25,1557.15
2-246,Uninfected,No_comment,Polygon,15,3235.75,1689.35,3225,1674.3,3206.7,1666.85,3180.95,1670,3162.6,1685.05,3152.95,1707.7,3145.4,1734.6,3159.4,1764.7,3184.1,1772.15,3205.6,1772.15,3223.9,1762.55,3236.8,1749.65,3242.25,1736.75,3247.55,1722.7,3246.55,1703.4
2-247,Uninfected,No_comment,Polygon,23,3090.55,1765.7,3084.1,1751.8,3073.35,1742.05,3052.9,1729.15,3045.45,1720.55,3036.85,1710.9,3019.65,1708.75,2997,1703.4,2990.55,1699.1,2986.25,1702.3,2983,1710.9,2980.85,1717.35,2975.5,1734.6,2974.4,1748.5,2977.65,1762.55,2985.15,1778.65,3001.3,1801.2,3015.3,1819.55,3041.15,1833.45,3058.3,1833.45,3073.35,1822.7,3087.35,1807.65,3093.85,1792.6
2-248,Uninfected,No_comment,Polygon,22,3004.55,1821.7,2992.7,1806.65,2979.8,1802.35,2962.65,1802.35,2947.6,1802.35,2933.55,1809.8,2918.5,1818.4,2902.35,1833.45,2900.2,1846.4,2899.15,1872.2,2916.35,1889.45,2936.8,1896.9,2954.05,1903.35,2970.1,1908.8,2989.45,1909.8,3005.6,1907.65,3016.35,1898.05,3023.95,1886.15,3027.1,1871.1,3028.25,1853.95,3024.95,1841.05,3014.2,1832.45
2-249,Uninfected,No_comment,Polygon,21,2735.75,1743.2,2723.85,1738.9,2707.75,1738.9,2691.6,1738.9,2675.45,1742.05,2663.7,1753.95,2656.1,1764.7,2644.3,1780.8,2640,1796.9,2637.85,1816.25,2644.3,1834.6,2679.75,1862.5,2704.5,1855,2718.5,1845.35,2727.15,1830.3,2738.9,1815.25,2752.9,1801.2,2757.2,1788.3,2757.2,1774.35,2750.75,1761.4,2743.2,1749.65
2-250,Uninfected,No_comment,Polygon,21,2779.8,1821.7,2762.55,1820.55,2752.9,1821.7,2743.2,1828.15,2735.75,1838.9,2728.15,1851.8,2723.85,1861.45,2722.85,1871.1,2729.3,1889.45,2741.05,1906.65,2761.5,1924.9,2784.1,1928.15,2805.65,1926,2820.7,1919.55,2831.4,1908.8,2836.75,1892.6,2837.85,1879.7,2837.85,1865.75,2830.3,1850.7,2817.4,1837.75,2805.65,1826
2-251,Uninfected,No_comment,Polygon,14,2783.05,1942.05,2759.3,1952.85,2745.4,1968.95,2740,2000.2,2748.6,2031.35,2766.9,2046.4,2787.35,2047.45,2807.75,2039.95,2824.9,2029.2,2838.95,2015.2,2845.4,1990.45,2844.3,1967.9,2833.55,1948.55,2815.3,1939.9
2-252,Uninfected,No_comment,Polygon,14,2709.9,1958.2,2676.5,1950.7,2651.85,1958.2,2634.65,1971.1,2627.15,1994.55,2640,2018.4,2658.3,2034.55,2673.35,2048.55,2695.9,2053.9,2733.55,2038.85,2731.4,2016.25,2731.4,1998.05,2728.2,1975.4,2716.35,1963.6
2-253,Uninfected,No_comment,Polygon,16,2644.3,2037.8,2624.95,2028.1,2600.2,2016.25,2591.6,2027.05,2577.65,2045.3,2566.9,2064.65,2558.3,2081.85,2552.9,2099.1,2564.75,2122.75,2585.15,2131.4,2613.1,2134.55,2641.1,2121.65,2666.9,2115.2,2687.3,2091.55,2672.25,2059.35,2649.7,2048.55
2-254,Uninfected,No_comment,Polygon,19,2758.3,2108.75,2738.95,2110.9,2720.65,2130.25,2707.75,2152.9,2705.6,2175.45,2714.2,2206.6,2736.8,2216.35,2756.15,2220.65,2769.05,2222.8,2781.95,2219.5,2794.85,2210.9,2800.25,2202.3,2808.85,2190.5,2812.05,2173.3,2814.2,2155.05,2807.75,2142.15,2800.25,2125.95,2791.65,2117.35,2783.05,2113.05
2-255,Uninfected,No_comment,Polygon,21,2913.15,2052.9,2888.4,2050.7,2869.05,2058.2,2850.75,2073.25,2843.25,2094.75,2845.4,2114.15,2855.1,2134.55,2863.7,2143.15,2877.65,2147.45,2897,2151.75,2918.5,2157.15,2932.5,2157.15,2942.2,2148.6,2952.95,2135.7,2958.3,2124.9,2960.45,2114.15,2960.45,2100.15,2958.3,2087.25,2945.4,2072.25,2936.8,2063.65,2922.8,2055.05
2-256,Uninfected,No_comment,Polygon,19,2956.15,1959.3,2938.95,1963.6,2926.05,1965.75,2911,1980.85,2903.4,2005.5,2915.3,2031.35,2933.6,2046.4,2945.4,2055.05,2959.4,2062.5,2983.05,2064.65,3000.25,2058.2,3013.15,2042.1,3020.7,2028.1,3023.9,2008.75,3018.55,1990.45,3008.85,1974.35,3005.65,1968.95,2992.7,1964.65,2981.95,1964.65
2-257,Uninfected,No_comment,Polygon,24,2963.5,764.95,2976.9,753.9,2987,746.95,3003.15,739.15,3018.4,735,3028.5,734.55,3041.4,737.75,3057.1,748.8,3071.85,765.85,3076.9,779.25,3079.25,795.8,3069.95,817.5,3060.8,822.1,3042.3,825.75,3026.25,829.45,3013.75,841,3003.15,847.9,2986.6,849.75,2973.2,846.05,2962.2,836.85,2956.65,818.85,2951.1,802.75,2950.65,786.6,2952.5,775.1