234,5312,2988
4-1,Parasitized,No_comment,Polygon,16,1995.5,2122,1971,2140.85,1959.7,2171.1,1958.7,2192.8,1964.35,2212.55,1974.8,2227.65,2003.1,2246.5,2023.8,2251.3,2053.05,2251.3,2074.75,2239.9,2096.45,2218.2,2101.25,2184.25,2104,2148.4,2076.7,2118.2,2052.1,2105.95,2030.4,2105.95
4-2,Parasitized,No_comment,Polygon,18,2145.55,2631.5,2129.55,2649.4,2122.95,2664.5,2122,2706.05,2122,2723.95,2143.7,2758.85,2163.5,2758.85,2192.75,2760.75,2221,2759.8,2239,2750.35,2256.85,2735.3,2271,2715.45,2271.95,2673.95,2259.75,2650.35,2241.75,2639.05,2212.5,2627.7,2185.15,2625.85,2162.5,2623.95
4-3,Parasitized,No_comment,Polygon,23,2629.55,1489.3,2616.35,1492.6,2596.75,1498.35,2585.2,1506.55,2574.55,1522.1,2568,1536.85,2561.45,1559.8,2562.25,1573.75,2567.25,1588.5,2574.55,1600.8,2579.55,1612.25,2588.55,1622.1,2604.1,1632.75,2627.9,1642.6,2656.6,1640.15,2679.55,1626.2,2695.05,1613.9,2705.7,1596.7,2709.05,1574.55,2706.6,1551.6,2699.15,1531.1,2685.2,1511.45,2665.6,1496.7
4-4,Parasitized,No_comment,Polygon,39,2901.6,1542.6,2881.1,1540.15,2854.95,1540.95,2839.3,1540.95,2822.95,1540.15,2802.5,1540.95,2793.4,1547.5,2778.65,1564.75,2771.35,1579.5,2769.7,1586.85,2768,1598.35,2768.85,1608.15,2769.7,1617.2,2772.95,1626.2,2780.3,1635.2,2784.4,1640.95,2786.85,1646.7,2790.2,1653.25,2792.65,1660.65,2796.75,1669.65,2800.85,1674.55,2805.7,1681.95,2810.65,1687.7,2821.35,1695.05,2832,1701.6,2845.9,1707.35,2860.65,1709,2872.95,1709,2886.85,1697.5,2895.9,1676.2,2900,1663.9,2905.7,1653.25,2911.5,1641.8,2918,1630.3,2926.2,1616.35,2927.05,1609.8,2927.05,1585.2,2920.45,1562.25,2913.15,1546.7
4-5,Parasitized,No_comment,Polygon,35,3322.95,1713.1,3308.15,1709.8,3297.5,1712.25,3285.2,1714.75,3273.8,1715.55,3261.5,1716.35,3249.15,1714.75,3234.4,1709,3225.45,1708.15,3213.9,1708.15,3203.25,1709.8,3191.8,1713.9,3181.1,1721.3,3173.8,1731.95,3164.75,1742.6,3151.6,1759.8,3158.15,1772.9,3160.65,1781.1,3164.75,1790.95,3173.8,1804.9,3185.2,1809,3204.05,1813.1,3214.75,1814.75,3228.65,1817.2,3241.8,1818.8,3255.7,1819.65,3266.35,1817.2,3277.05,1813.9,3293.4,1804.9,3304.05,1795.85,3318,1784.4,3332,1768.8,3340.95,1754.9,3338.55,1734.4,3334.45,1722.9
4-6,Parasitized,No_comment,Polygon,31,3277.05,1836.85,3257.35,1827.85,3237.7,1824.55,3225.45,1823.75,3210.65,1822.1,3198.4,1822.1,3184.4,1824.55,3170.45,1828.65,3159.8,1834.4,3150.85,1845.85,3145.9,1854.9,3143.4,1860.65,3141.8,1869.65,3137.7,1881.95,3133.6,1892.6,3132,1902.45,3136.85,1909.8,3147.5,1918,3161.5,1922.1,3176.2,1924.55,3187.7,1925.4,3206.55,1931.95,3220.45,1934.4,3232.75,1940.15,3250.85,1947.5,3272.95,1946.7,3284.4,1939.3,3298.4,1919.65,3304.95,1896.7,3303.25,1873.75,3292.65,1849.95
4-7,Parasitized,No_comment,Polygon,29,3168.05,1920.4,3157.35,1924.55,3148.4,1929.5,3140.2,1935.2,3122.95,1954.05,3116.35,1966.35,3114.75,1976.2,3114.75,1987.7,3116.35,1999.95,3119.7,2011.45,3124.55,2022.1,3132.75,2032.75,3142.65,2041.75,3151.6,2049.95,3157.35,2055.7,3168.85,2062.25,3187.7,2063.9,3200,2067.2,3216.35,2068.8,3232,2067.2,3245.9,2055.7,3260.65,2040.15,3272.1,2011.45,3272.95,1987.7,3266.35,1971.3,3256.55,1956.55,3243.45,1942.55,3218.85,1931.9,3200,1927.8
4-8,Parasitized,No_comment,Polygon,21,3517.25,1781.1,3523.8,1766.35,3534.4,1748.35,3552.5,1732.05,3569.65,1725.45,3586.05,1722.95,3604.05,1725.45,3621.3,1731.1,3638.35,1738.65,3647.5,1752.55,3658.9,1769.8,3660.55,1798.25,3656.3,1820.55,3637.65,1842.6,3609.05,1854.85,3585.15,1861.4,3564.75,1857.35,3544.3,1847.5,3530.3,1837.65,3523.8,1819.6,3516.35,1797.5
4-9,Parasitized,No_comment,Polygon,26,3972.05,1459.8,3950.8,1468.8,3934.4,1483.55,3922.9,1498.3,3917.95,1514.7,3914.75,1529.45,3914.75,1545.85,3915.55,1556.5,3922.05,1568,3930.25,1575.35,3938.5,1582.75,3945.85,1590.95,3956.55,1594.2,3970.4,1595.05,3988.5,1599.15,4001.55,1599.15,4021.3,1596.7,4040.15,1590.1,4051.55,1577.85,4064.75,1561.4,4075.4,1537.65,4072.05,1512.25,4061.45,1483.55,4049.95,1468.8,4029.5,1459,4008.15,1458.15
4-10,Parasitized,No_comment,Polygon,22,3251,1027.8,3238.7,1037,3226.4,1049.3,3214.1,1064.7,3207.9,1081.65,3206.4,1095.45,3206.4,1107.8,3212.55,1120.1,3215.55,1130.85,3226.4,1152.4,3246.4,1164.7,3266.4,1166.25,3287.95,1169.3,3309.4,1161.65,3330.95,1140.1,3338.7,1127.8,3343.25,1098.55,3344.8,1072.4,3332.55,1055.45,3318.7,1040.1,3298.7,1024.7,3275.55,1024.7
4-11,Parasitized,No_comment,Polygon,25,2472.25,1276.35,2477.4,1260.95,2468.2,1235.1,2450.6,1227.95,2429.1,1219.55,2398.1,1221.7,2374.35,1239.3,2358.9,1255.85,2345.6,1276.3,2342.35,1295.9,2339.35,1316.6,2345.45,1331,2350.6,1341.3,2353.7,1347.5,2364,1358.85,2372.25,1365.05,2396.95,1375.3,2411.45,1377.35,2433.1,1371.15,2452.7,1360.85,2467.1,1350.6,2481.55,1335.1,2486.65,1320.65,2488.75,1303.1,2480.5,1282.55
4-12,Parasitized,No_comment,Polygon,18,2746.45,241.25,2726.9,246.4,2697,259.8,2682.55,285.6,2675.35,312.4,2677.4,336.1,2683.6,354.65,2693.9,370.15,2714.55,384.55,2741.35,393.85,2771.25,385.6,2793.9,379.4,2816.6,358.8,2826.9,326.85,2827.9,300.05,2815.55,270.15,2793.9,252.6,2771.25,243.3
4-13,Uninfected,No_comment,Polygon,26,2335.35,113.8,2323.2,119.8,2301.65,135.35,2290.45,146.55,2281.85,157.75,2275.8,170.7,2273.2,181.9,2273.2,196.55,2273.2,210.35,2275.8,223.25,2281.05,234.45,2289.6,244.8,2301.65,254.3,2317.25,261.2,2337.9,265.5,2356.85,265.5,2376.65,262.05,2392.25,251.7,2407.7,239.65,2418.05,224.1,2428.4,204.3,2429.25,179.3,2422.35,155.15,2408.55,135.35,2391.35,125,2361.15,117.25
4-14,Uninfected,No_comment,Polygon,23,2476.65,227.55,2449.15,231.9,2435.35,238.8,2423.2,250,2418.05,258.6,2412.9,268.95,2409.45,283.6,2408.55,300,2411.15,313.8,2413.8,323.25,2420.7,333.6,2431,342.25,2443.9,345.65,2454.25,347.4,2468.9,347.4,2484.45,345.65,2499.95,337.9,2512.9,325,2524.95,310.35,2537.9,286.2,2531.9,256,2517.25,235.35,2500.8,233.6
4-15,Uninfected,No_comment,Polygon,25,2574.95,300.85,2552.55,306.9,2535.35,310.35,2521.5,320.65,2506.9,335.35,2499.95,349.1,2492.25,375.85,2489.6,392.25,2493.9,406.9,2506.9,423.25,2518.05,432.75,2530.1,438.8,2545.7,441.35,2561.15,443.95,2587,440.5,2601.65,434.45,2611.15,426.7,2622.35,417.25,2634.45,406,2644.75,386.2,2649.1,369.8,2649.95,349.1,2636.15,330.15,2621.5,314.65,2596.5,300.85
4-16,Uninfected,No_comment,Polygon,24,2594.75,38.8,2577.55,41.35,2562,46.55,2546.5,56,2534.45,68.1,2524.15,82.75,2520.7,96.55,2519.75,108.6,2518.9,122.4,2523.2,133.6,2529.25,146.55,2533.55,156,2537.9,165.5,2547.35,177.55,2559.45,186.2,2574.15,192.25,2587,193.95,2614.6,193.95,2631,184.45,2651.65,161.2,2651.65,133.6,2649.95,103.45,2643.05,82.75,2630.1,64.65
4-17,Uninfected,No_comment,Polygon,32,2820.65,60.35,2793.05,66.35,2771.5,68.1,2750.8,75,2735.35,80.15,2718.05,87.9,2705.1,99.1,2695.7,108.6,2682.7,122.4,2667.25,144.8,2650.8,170.7,2649.1,180.15,2647.35,187.9,2648.2,193.1,2659.45,194.8,2673.2,191.35,2696.5,187.05,2709.45,181.9,2725,179.3,2743.9,176.7,2767.25,174.1,2781.9,176.7,2795.65,181.9,2810.35,191.35,2828.45,187.9,2838.8,180.15,2847.35,168.95,2847.35,153.45,2849.1,134.45,2847.35,107.75,2837,81.9,2827.55,68.95
4-18,Uninfected,No_comment,Polygon,24,2643.05,189.65,2631,193.1,2620.7,198.25,2608.55,207.75,2599.95,220.7,2597.35,237.9,2596.5,252.55,2601.65,266.35,2611.15,278.45,2624.1,290.5,2664.6,293.1,2693.05,285.2,2707.7,277.4,2724.1,268.8,2751.6,256.75,2778.35,244.65,2793.9,232.75,2802.55,215.5,2803.45,197.4,2793.05,184.45,2768.9,176.7,2739.7,175,2715.5,178.45,2694,184.45
4-19,Uninfected,No_comment,Polygon,18,2836.15,70.7,2848.2,52.55,2869.75,37.9,2897.35,32.75,2931.9,38.8,2950,56.9,2955.1,78.45,2956.9,104.3,2955.95,122.4,2952.55,136.2,2940.45,152.55,2928.45,164.65,2911.15,173.25,2886.15,174.1,2867.25,164.65,2850.8,154.3,2839.65,139.65,2834.4,120.7
4-20,Uninfected,No_comment,Polygon,17,2353.4,335.35,2331,327.55,2295.7,329.3,2274.15,341.35,2262.9,352.55,2253.3,377.4,2252.6,409.4,2260.35,435.35,2272.35,450.85,2288.85,460.35,2306.85,463.8,2323.2,462.05,2352.6,455.1,2378.4,442.15,2397.3,405.95,2397.3,377.5,2377.55,349.95
4-21,Uninfected,No_comment,Polygon,22,2899.4,182.65,2867.1,179.55,2839.15,190.05,2823,199.95,2810.6,211.2,2801.3,223,2791.95,239.8,2782.4,276.6,2785.6,305.8,2788,326.95,2806,347.5,2818.65,362.75,2834.2,363.95,2857.8,359.65,2873.35,349.05,2887.6,327.35,2896.95,300.05,2903.15,280.7,2904.4,252.75,2904.4,232.9,2904.4,220.45,2905,201.2
4-22,Uninfected,No_comment,Polygon,28,2918.05,268.3,2929.2,273.9,2946,277.6,2964.65,273.9,2986.35,267.1,2999.4,263.4,3012.45,256.5,3028.6,247.8,3041.05,239.8,3051.6,234.15,3068.35,224.2,3079.55,208.05,3086.4,188.15,3088.85,163.95,3091.95,148.4,3077.05,130.45,3060.3,126.75,3016.8,124.2,2995.05,125.45,2979.55,132.9,2959.05,143.45,2944.15,153.4,2934.2,162.75,2922.4,172.65,2905,188.15,2894.45,214.95,2895.05,242.25,2896.25,257.8
4-23,Uninfected,No_comment,Polygon,32,2880.8,372.65,2868.35,367.1,2854.7,362.1,2833.55,364,2819.3,367.1,2803.7,378.9,2798.8,386.95,2789.45,397.5,2787,408.05,2787,418,2787,427.35,2788.25,437.25,2792.6,445.3,2796.3,455.95,2800.05,465.2,2808.1,473.9,2814.95,480.15,2823.65,486.95,2835.45,491.95,2844.15,493.15,2855.3,493.15,2866.5,493.15,2879.55,490.05,2888.25,486.3,2900.65,480.15,2912.45,471.45,2930.45,457.1,2931.7,443.5,2929.85,429.15,2920.55,416.2,2907.5,402.5,2895.7,390.7
4-24,Uninfected,No_comment,Polygon,24,2879.55,372.65,2876.45,352.15,2877,339.8,2887,318.05,2895.7,304.4,2911.2,290.05,2928,280.1,2965.25,274.55,2998.2,277,3016.8,283.9,3027.35,293.8,3032.95,308.65,3031.1,330.45,3026.15,356.5,3024.25,369.55,3018.65,382.6,3008.75,394.4,2995.7,407.5,2983.9,417.35,2970.2,424.2,2956.55,425.45,2930.45,421.7,2918,414.9,2907.5,406.2
4-25,Uninfected,No_comment,Polygon,33,3027.35,287.55,3036.7,268.3,3044.7,256.5,3059.05,242.9,3069,232.9,3082.65,222.35,3095.05,215.5,3111.85,204.3,3137.3,195.7,3161.55,196.25,3183.25,192.5,3191.95,195.7,3193.2,214.95,3186.4,230.45,3183.25,242.25,3182.05,253.4,3177.05,265.85,3172.7,277,3167.75,290.05,3158.45,311.2,3149.75,321.7,3139.15,337.25,3116.8,350.95,3104.95,359.05,3087.6,370.8,3066.5,383.25,3049.7,386.95,3033.6,388.25,3024.9,383.9,3017.45,367.75,3020.55,349.05,3021.1,326.7,3026.75,311.2
4-26,Uninfected,No_comment,Polygon,26,3287.6,244.15,3272.1,252.15,3260.9,259.6,3247.25,267.75,3234.85,280.7,3225.45,292.5,3218.05,303.7,3211.2,316.2,3207.5,328,3206.25,344.15,3203.75,354.65,3205,369.55,3206.25,385.7,3208.1,398.75,3216.2,406.2,3232.35,411.85,3242.9,411.2,3254.1,404.4,3268.35,395.05,3282.05,381.35,3289.5,368.9,3311.85,340.35,3324.9,304.95,3329.25,273.25,3316.8,247.8,3304.4,241.6
4-27,Uninfected,No_comment,Polygon,24,3154.7,353.4,3126.15,347.25,3088.8,359.55,3073.3,372,3061.5,384.4,3057.2,393.15,3054.1,408.05,3053.45,423,3054.7,436.05,3069,457.75,3075.2,470.15,3080.15,479.55,3086.4,488.8,3095.7,495.7,3106.25,501.85,3127.35,500.05,3147.25,496.3,3162.8,490.7,3186.4,479.55,3198.8,465.8,3203.75,446.6,3205.65,432.35,3201.9,396.85,3183.9,369.55
4-28,Uninfected,No_comment,Polygon,25,3046.6,421.1,3029.85,413.65,3009.35,408.75,2992.6,412.4,2979.6,421.1,2959.1,431.65,2948.55,441.6,2942.3,450.9,2939.85,462.1,2931.1,486.9,2928.6,505.5,2933.6,525.45,2942.95,541.6,2949.8,552.85,2957.85,561.45,2972.7,570.1,2988.85,574.45,2998.2,576.45,3013.1,575.9,3029.85,572.1,3062.15,551.5,3071.4,529.75,3082.65,498.7,3075.15,466.4,3060.3,444.1
4-29,Uninfected,No_comment,Polygon,36,3366.5,390,3345.95,392.55,3332.35,393.8,3313.05,400.6,3304.4,400.6,3293.8,404.95,3281.35,409.85,3272.1,414.85,3260.85,419.25,3248.5,426.65,3224.2,436,3211.85,466.4,3208.05,483.2,3208.7,493.8,3215.55,503.05,3224.85,509.95,3234.8,517.4,3244.15,520.5,3253.4,524.85,3261.5,530.35,3270.85,532.9,3279.55,536.65,3287.6,542.25,3294.45,544.7,3303.15,544.7,3313.65,542.25,3320.55,535.35,3326.75,527.95,3335.45,514.85,3339.8,501.25,3343.5,490,3348.5,472.65,3354.05,460.25,3357.15,446.55,3362.15,431.65,3365.2,421.1
4-30,Uninfected,No_comment,Polygon,21,3225.45,514.3,3206.85,515.5,3195.05,522.95,3184.45,530.35,3174.55,538.45,3167.1,547.15,3162.15,561.5,3157.15,583.2,3155.95,596.25,3157.8,614.85,3162.75,634.1,3183.25,650.85,3200.05,658.4,3231.65,663.3,3265.2,648.45,3285.1,630.45,3296.9,600.6,3296.9,568.95,3295.05,547.8,3274.6,529.75,3254.1,519.75
4-31,Uninfected,No_comment,Polygon,25,3468.35,414.85,3449.1,427.9,3429.85,442.75,3413.7,454,3399.45,467.65,3383.95,480.7,3372.1,491.85,3359.7,503,3348.55,513,3340.35,523.5,3335.45,553.35,3342.95,569.5,3353.45,585.1,3360.85,590.6,3375.2,597.45,3391.95,597.45,3414.2,590.55,3439.2,579.45,3464.05,552.75,3478.25,534.7,3493.15,514.25,3503.75,492.5,3506.85,462.65,3500.65,434.7,3480.15,413.6
4-32,Uninfected,No_comment,Polygon,26,3628.7,324.8,3610.65,326.65,3585.15,332.9,3572.15,346.55,3558.45,365.2,3551.65,380.7,3550.4,404.3,3549.75,418,3552.3,433.5,3555.35,445.3,3564.65,457.75,3574,467.05,3585.15,472,3599.45,473.25,3611.25,474.5,3626.8,472.65,3639.2,466.45,3652.3,456.5,3661.55,442.85,3668.45,426.7,3674,409.3,3677.7,389.4,3678.95,367.65,3674.6,349.05,3657.2,334.15,3644.2,325.45
4-33,Uninfected,No_comment,Polygon,25,3518.1,503.1,3505.05,510.55,3490.75,523.55,3475.25,535.3,3465.9,552.75,3460.3,565.8,3459.1,585.05,3468.45,599.95,3491.4,601.2,3503.85,599.35,3529.9,601.85,3544.8,604.3,3567.15,600.6,3588.9,595.6,3601.3,586.95,3616.9,572.65,3628.7,555.85,3629.9,537.25,3627.4,518,3616.9,502.45,3607.55,496.25,3585.8,486.95,3567.8,487.55,3554.75,491.25,3539.85,495.6
4-34,Uninfected,No_comment,Polygon,26,3432.35,590.65,3411.9,590.6,3379.6,594.95,3362.8,599.95,3351,605.55,3337.35,613.65,3326.8,626.7,3319.35,642.2,3318.7,668.9,3332.35,685.7,3344.15,700,3373.35,701.85,3390.15,695.65,3404.4,686.95,3422.45,681.35,3439.85,674.5,3464.1,672.65,3470.25,672,3482.7,670.15,3497.6,664.55,3510,657.1,3524.35,632.25,3525.55,609.9,3514.4,598.1,3478.45,596.25,3464.1,590.05
4-35,Uninfected,No_comment,Polygon,24,3634.85,588.8,3620.6,587.55,3602.6,588.2,3585.2,593.15,3540.55,601.2,3526.2,609.25,3516.2,618.55,3509.35,628.5,3503.2,640.9,3498.85,657.7,3501.95,673.25,3512.6,708.65,3522.45,726.05,3535.55,740.35,3546.1,744.7,3568.45,743.45,3586.45,737.25,3601.35,728.55,3623.7,714.25,3633.1,703.7,3642.9,686.3,3653.5,665.8,3661.45,642.75,3653.5,611.75
4-36,Uninfected,No_comment,Polygon,22,3706.5,342.25,3694.2,357.15,3682.5,372.7,3674.15,386.5,3668.95,399.45,3662.45,415,3653.35,435.2,3651.4,457.25,3646.1,472.05,3646.1,490.95,3654.55,504.5,3666.25,516.2,3683.8,529.2,3711.7,520.1,3726,511.7,3737.05,499.35,3745.5,485.7,3750,470.75,3755.85,448.7,3761.05,422.7,3762.35,405.2,3759.1,383.75
4-37,Uninfected,No_comment,Polygon,25,3794.85,537,3781.2,531.15,3766.9,529.85,3729.25,527.9,3700.65,530.5,3685.75,535.05,3666.25,551.3,3657.8,562.35,3652.6,579.2,3651.95,600,3657.15,617.5,3663,625.3,3692.25,640.3,3703.9,641.6,3718.85,643.55,3739,645.5,3753.25,645.5,3762.35,645.5,3774.7,646.75,3795.5,646.75,3803.25,640.95,3818.85,626.6,3825.35,602.6,3826,575.95,3813.65,550
4-38,Uninfected,No_comment,Polygon,24,3499.35,672.7,3515.4,682.35,3523.2,693.35,3527.75,705,3528.4,718,3527.1,729.75,3524.05,742.9,3514.3,767.5,3500.65,784.4,3481.2,790.95,3459.75,794.85,3439,793.55,3409.75,785.05,3389,777.9,3374.7,763,3367.55,744.85,3362.35,726.6,3372.75,707.15,3385.65,688.7,3394.7,679.65,3409,671.8,3425.25,665.3,3451.8,663.35,3473.9,667.25
4-39,Uninfected,No_comment,Polygon,22,3705.85,643.55,3694.85,650.65,3685.1,662.35,3675.35,680.5,3670.15,692.25,3668.85,714.9,3672.1,730.5,3677.95,742.9,3690.3,753.9,3706.5,763,3740.95,770.1,3768.2,766.2,3801.3,759.75,3814.3,747.4,3828.6,729.2,3836.4,709.75,3829.25,681.15,3818.2,664.25,3806.5,652.6,3785.15,644.15,3763.75,640.25,3740.35,637
4-40,Uninfected,No_comment,Polygon,22,3645.5,733.1,3631.2,725.95,3597.85,721.9,3574.5,726.5,3557.6,734.9,3540.3,746.8,3524.05,759.1,3514.3,770.75,3507.8,779.2,3500.65,794.2,3507.8,828.55,3517.55,840.3,3530.55,851.95,3554.55,861.05,3567.55,864.3,3585.75,864.3,3597.4,858.45,3615.6,850.65,3629.25,837.65,3642.25,819.45,3653.9,794.2,3657.8,773.35
4-41,Uninfected,No_comment,Polygon,25,2880.85,638.05,2865.45,640.7,2842.85,654.05,2825.5,662.7,2816.15,670.7,2802.85,684.05,2792.15,697.35,2784.15,712.05,2776.15,732.75,2775.5,745.35,2772.85,767.35,2778.85,786.7,2786.15,793.35,2801.5,798.7,2816.15,800.7,2830.15,800.05,2844.85,798.7,2862.15,788.7,2875.45,781.35,2900.15,764.05,2917.45,734.05,2930.85,706.7,2935.45,683.35,2926.15,658.05,2904.15,640.7
4-42,Uninfected,No_comment,Polygon,22,2963.45,700.05,2942.85,702.05,2924.85,711.35,2909.45,723.35,2896.85,736.7,2887.45,752.7,2886.85,768.7,2887.45,788.7,2894.15,803.35,2900.85,815.35,2910.85,824.05,2922.85,830.05,2936.85,832.7,2952.85,834.05,2962.15,834.05,2974.85,830.05,2995.5,820.7,3010.2,803.35,3023.5,776.7,3018.2,746.75,3008.85,720.05,2991.5,706.7
4-43,Uninfected,No_comment,Polygon,18,3026.85,760.05,3036.85,742.75,3054.85,730.05,3077.5,723.35,3103.5,728.75,3128.2,744.05,3138.8,756.75,3149.5,771.35,3156.8,790.05,3159.5,806.7,3150.8,835.35,3136.8,856.05,3111.5,874.05,3090.8,875.4,3044.85,869.4,3031.5,848.7,3020.2,816.7,3019.4,785.35
4-44,Uninfected,No_comment,Polygon,19,3224.2,736.05,3206.2,745.35,3190.8,756.75,3183.5,775.35,3178.8,802.05,3178.2,820.05,3183.5,834.7,3194.2,850.05,3202.8,858.05,3220.8,866.7,3236.2,868.05,3252.2,870.05,3276.2,869.4,3300.2,848.7,3313.55,826.05,3318.85,802.05,3308.2,766.75,3285.55,748.05,3255.55,739.35
4-45,Uninfected,No_comment,Polygon,19,3205.5,860.7,3178.8,862.05,3154.8,874.7,3141.5,887.4,3134.2,905.4,3127.5,933.4,3132.2,950.05,3139.5,966.05,3155.5,976.7,3165.5,984.7,3184.8,989.4,3204.8,991.4,3230.2,985.4,3249.55,968.05,3267.55,949.4,3277.55,924.05,3278.85,901.4,3267.55,882.7,3250.15,866.05
4-46,Uninfected,No_comment,Polygon,21,3371.55,782.05,3353.55,784.7,3334.2,797.35,3318.85,810.05,3305.5,823.35,3293.55,859.4,3293.55,875.4,3293.55,890.05,3297.55,906.7,3309.55,916.7,3320.2,924.05,3341.55,928.05,3357.55,925.4,3384.15,916.05,3410.85,902.7,3430.85,890.05,3452.85,866.05,3456.85,832.05,3444.15,803.35,3421.55,796.05,3398.85,788.7
4-47,Uninfected,No_comment,Polygon,19,2761.5,678.05,2750.15,662.7,2730.85,650.7,2708.8,650.7,2685.5,653.35,2665.5,664.7,2647.5,680.7,2635.5,706.7,2631.5,729.35,2634.8,748.05,2646.1,766.75,2654.1,778.7,2668.8,791.35,2686.8,796.05,2713.5,798.7,2738.85,784.7,2760.15,770.05,2769.5,741.35,2773.5,710.7
4-48,Uninfected,No_comment,Polygon,25,3446.15,1018.1,3434.15,1018.1,3420.15,1019.4,3400.15,1028.05,3382.15,1038.05,3366.85,1048.7,3354.85,1061.4,3347.55,1076.7,3345.55,1090.7,3344.85,1101.4,3344.85,1112.05,3352.15,1120.05,3355.55,1126.05,3362.15,1133.4,3382.85,1140.05,3396.15,1142.75,3410.15,1145.4,3426.15,1148.05,3439.55,1148.05,3455.55,1144.75,3471.55,1136.75,3492.2,1118.05,3503.55,1092.05,3499.55,1055.4,3475.55,1031.4
4-49,Uninfected,No_comment,Polygon,25,3278.85,945.4,3272.85,958.05,3269.55,973.4,3270.2,984.7,3273.55,996.7,3281.55,1008.1,3291.55,1017.4,3300.95,1025.2,3309.65,1031.1,3318.85,1036.05,3326.2,1042.05,3336.2,1044.7,3359.55,1050.05,3374.15,1050.05,3390.85,1041.4,3404.85,1030.7,3421.55,1016.7,3435.55,996.1,3441.55,972.05,3432.85,942.7,3414.15,929.4,3386.15,920.7,3354.25,916.7,3328.25,919.4,3304.2,928.7
4-50,Uninfected,No_comment,Polygon,31,2882.85,833.35,2864.85,830.05,2848.85,825.35,2822.15,814.7,2795.5,805.35,2775.5,796.7,2750.85,792.05,2726.15,788.7,2707.5,794.05,2694.8,802.05,2686.8,813.35,2684.8,828.05,2684.1,836.05,2685.5,845.35,2689.5,852.7,2693.5,859.4,2700.8,866.7,2709.5,873.4,2722.85,881.4,2732.15,888.05,2743.5,894.05,2754.15,900.05,2764.85,904.05,2777.5,904.7,2794.85,897.4,2804.15,890.05,2812.85,884.05,2823.5,874.7,2835.45,866.7,2848.85,856.7,2860.15,847.35
4-51,Uninfected,No_comment,Polygon,30,2856.15,865.4,2838.85,874.05,2824.15,886.05,2800.15,910.05,2784.85,924.05,2788.15,940.05,2791.5,951.4,2795.5,960.7,2802.15,977.4,2802.85,986.1,2803.5,1000.1,2805.5,1013.4,2811.5,1022.7,2818.85,1029.4,2837.45,1030.7,2844.15,1028.05,2854.85,1021.4,2863.45,1012.7,2870.85,1004.1,2880.15,990.1,2889.45,979.4,2898.85,967.4,2910.15,956.7,2918.15,949.4,2928.15,938.05,2936.15,923.4,2934.15,906.7,2918.15,884.05,2904.85,875.4,2885.45,871.4
4-52,Uninfected,No_comment,Polygon,20,2661.9,911.9,2641.75,901.45,2618.6,902.95,2598.45,910.45,2585.05,919.4,2579.05,928.35,2571.6,941.75,2565.65,957.45,2565.65,967.15,2567.1,983.5,2574.6,1006.7,2591,1027.6,2601.45,1034.3,2619.35,1040.25,2639.5,1039.55,2661.15,1029.1,2680.6,1012.65,2690.3,978.35,2685.05,943.95,2673.85,925.35
4-53,Uninfected,No_comment,Polygon,27,2666.35,911.15,2667.85,897,2677.55,884.3,2694,874.6,2709.75,873.6,2725.45,881.75,2741.1,891.45,2755.3,901.95,2766.35,912.65,2775.35,924.6,2786.5,947,2789.5,961.9,2791.75,985.8,2794.75,1005.95,2794.75,1014.9,2789.5,1023.05,2775.35,1038.05,2764.15,1044.75,2750.7,1047,2737.25,1037.3,2728.3,1029.85,2716.35,1020.85,2703.7,1014.15,2688.75,999.25,2682.05,988.75,2677.55,974.55,2673.1,952.9
4-54,Uninfected,No_comment,Polygon,23,2707.4,1018.65,2691.75,1019.4,2674.6,1023.05,2657.4,1036.55,2639.5,1050,2632.05,1058.95,2623.1,1070.85,2620.15,1089.55,2620.9,1105.2,2624.6,1119.4,2629.05,1132.75,2635.05,1143.2,2643.25,1152.9,2649.95,1161.9,2660.45,1164.9,2670.15,1166.4,2695.5,1169.4,2720.15,1161.15,2741.05,1150.85,2758.2,1124.75,2762.65,1098.5,2759.65,1067.15,2743.95,1038
4-55,Uninfected,No_comment,Polygon,17,2934.3,964.9,2914.15,966.4,2891.95,972.8,2876.3,984,2862.1,1013.05,2861.15,1028.35,2861.9,1046.25,2870.15,1061.9,2876.05,1072.35,2894.75,1091,2906.65,1097.75,2924.6,1097.75,2955.9,1088.8,2978.3,1061.15,2989.55,1020.85,2976.05,990.3,2963.4,973.05
4-56,Uninfected,No_comment,Polygon,20,3001.45,1032.75,2985,1046.25,2972.35,1059.65,2959.65,1076.05,2953.7,1089.5,2951.45,1104.45,2951.45,1115.65,2956.65,1127.6,2965.6,1140.25,2976.8,1149.95,2997.7,1161.15,3011.15,1161.9,3026.05,1163.35,3043.25,1158.95,3058.15,1147.75,3083.55,1129.1,3089.55,1104.45,3085,1059.7,3067.85,1038.05,3038,1025.35
4-57,Uninfected,No_comment,Polygon,19,2313.45,464.2,2292.85,477.6,2279.2,492.8,2273.65,508.8,2273.65,525.6,2278.45,539.2,2282.45,552.75,2292.85,562.35,2304.05,570.4,2316,575.2,2335.2,579.2,2354.4,581.6,2375.2,580.75,2393.6,575.2,2412.8,553.6,2429.6,525.6,2428.8,496.8,2398.4,468,2364.8,456.05
4-58,Uninfected,No_comment,Polygon,23,2500,504.8,2478.4,496,2456,500.8,2436,513.6,2424.7,527.4,2415.1,543.4,2407.1,558.6,2400,588,2395.2,606.4,2396,624,2400.8,642.4,2408,657.6,2414.4,670.4,2428.8,680.8,2440,683.2,2462.4,684.8,2474.4,680.8,2492,666.4,2507.2,652.8,2520.8,636.8,2534.4,612.8,2545.6,578.4,2535.2,539.2
4-59,Uninfected,No_comment,Polygon,19,2636,613.6,2620,605.6,2588,603.25,2546.45,615.95,2526.45,631.2,2502.45,654.35,2489.6,680.75,2496,708.75,2510.45,725.6,2524,742.35,2536,747.95,2553.6,748.75,2568.85,750.35,2588,746.35,2604.85,735.95,2631.95,718.85,2647.15,688.45,2651.15,656.75,2647.15,631.95
4-60,Uninfected,No_comment,Polygon,18,2100,609.6,2084,604.8,2056.8,605.6,2031.2,612,2014.4,632,2006.4,648,2000,676,2010.4,696,2028,719.2,2045.6,730.4,2060.8,729.6,2078.4,728.8,2100,726.4,2116.8,719.2,2128.8,696,2135.2,668,2132.8,648.8,2120,624
4-61,Uninfected,No_comment,Polygon,20,2160.8,696,2145.6,704.8,2128.8,721.6,2122.4,737.6,2120,759.2,2124.8,772.8,2126.4,784,2130.4,790.4,2140.8,803.2,2151.2,811.2,2161.6,815.2,2174.4,817.6,2193.6,819.2,2212,813.6,2233.6,804.8,2247.2,785.6,2253.6,757.6,2246.4,724.8,2223.2,701.6,2190.4,690.4
4-62,Uninfected,No_comment,Polygon,19,2297.6,570.4,2280.8,571.2,2262.4,578.4,2246.4,596,2236.8,609.6,2240.8,644.8,2249.6,664,2262.4,676,2275.2,689.6,2300.8,688.8,2332.8,685.6,2351.2,688,2365.6,687.2,2379.2,684.8,2391.2,677.6,2406.4,661.6,2412.85,632.8,2392.8,600.8,2362.3,579.4
4-63,Uninfected,No_comment,Polygon,17,2401.6,684.8,2374.4,684,2338.4,684,2306.4,686.4,2280.05,690.4,2264.8,704.8,2252,725.6,2260,763.2,2273.6,776.8,2305.6,783.2,2329.6,785.6,2367.2,788,2392.8,785.6,2423.2,772.8,2448.8,748,2452,722.4,2432,699.2
4-64,Uninfected,No_comment,Polygon,17,2315.25,764.8,2295.25,766.4,2271.25,775.2,2254.4,788,2243.2,799.2,2233.6,815.2,2228.8,833.6,2228.8,851.2,2236.8,876.8,2248,886.45,2267.2,896.05,2289.6,898.45,2309.6,896.85,2334.4,883.25,2354.4,861.6,2369.6,804.8,2357.65,775.2
4-65,Uninfected,No_comment,Polygon,16,2099.2,768.8,2077.6,760.8,2052,765.6,2036,779.2,2023.2,792.8,2011.2,812.8,2008,842.4,2019.2,872.8,2035.2,890.45,2068,897.65,2112,891.25,2160.8,873.6,2178.4,853.6,2183.2,826.4,2157.65,805.6,2126.45,783.2
4-66,Uninfected,No_comment,Polygon,22,2096.85,887.25,2078.45,889.65,2063.25,892.85,2045.6,898.45,2030.4,910.45,2019.2,931.25,2011.2,944.85,2010.4,960.05,2010.4,975.25,2013.6,988.85,2016.8,1000.05,2023.2,1011.25,2038.4,1024.05,2065.6,1032.05,2085.6,1032.85,2108,1026.45,2128.8,1010.45,2152.8,981.65,2160,955.25,2155.2,922.45,2135.2,899.25,2114.4,890.45
4-67,Uninfected,No_comment,Polygon,22,2476,948.85,2461.6,949.65,2436.8,955.25,2422.4,971.25,2412,982.45,2405.6,994.45,2402.4,1008.85,2400.8,1024.85,2404.8,1040.05,2411.2,1055.25,2422.4,1065.65,2435.2,1072.85,2449.6,1079.25,2468,1080.85,2482.4,1076.85,2497.6,1071.25,2512,1060.05,2524.8,1045.65,2531.2,1026.45,2532.8,1008.05,2527.2,983.25,2507.2,962.45
4-68,Uninfected,No_comment,Polygon,16,2284.15,896.85,2268.8,905.65,2254.4,917.65,2245.6,938.45,2244,960.85,2246.4,984.85,2257.6,1000.05,2273.6,1016.05,2294.4,1024.05,2322.4,1026.45,2348.8,1010.45,2367.2,992.85,2376.8,963.25,2369.6,930.45,2356,912.05,2329.6,896.85
4-69,Uninfected,No_comment,Polygon,22,2464.35,784.35,2438.2,783.5,2413.85,780,2396.45,783.05,2382.6,791.3,2370,803.05,2364.75,813.5,2345.65,852.6,2340.45,870,2345.15,889.6,2352.15,904.35,2363.2,917.7,2376.5,930.45,2396.5,936.55,2413.05,940.9,2445.2,938.3,2463.45,925.25,2487.8,907.85,2497.4,883.5,2500,856.55,2490.4,820,2479.1,797.4
4-70,Uninfected,No_comment,Polygon,22,2493.05,778.3,2486.9,812.15,2490.4,833,2498.2,850.4,2508.7,863.5,2522.55,875.65,2540,885.25,2560,887,2583.45,882.65,2606.1,872.2,2621.75,863.5,2640,844.35,2648.7,813.95,2650.45,782.6,2636.5,759.15,2620,747.85,2602.55,742.6,2579.5,737.95,2559.5,737,2540.4,737,2524.75,742.25,2508.7,752.2
4-71,Uninfected,No_comment,Polygon,24,2066.95,464.35,2054.75,459.15,2032.1,455.65,2007.75,458.25,1993,464.35,1980,477.4,1967.75,490.45,1962.6,507.85,1962.6,532.2,1964.3,546.95,1973,563.5,1980.85,573.9,1996.45,585.25,2009.55,589.6,2025.2,593.9,2040,594.8,2055.65,592.2,2071.3,585.25,2086.05,574.8,2101.7,561.75,2113,552.2,2115.65,518.25,2104.35,490.45,2085.2,470.45
4-72,Uninfected,No_comment,Polygon,16,1900,540,1880,540,1861.7,543.5,1840.85,555.65,1816.5,571.3,1794.75,588.7,1788.65,624.35,1796.5,648.7,1816.5,667.85,1836.5,682.6,1878.25,678.25,1911.3,665.25,1940.85,637.4,1950.4,610.45,1934.75,577.4,1923.45,562.6
4-73,Uninfected,No_comment,Polygon,15,1856.4,339.25,1875.65,347.4,1891.95,356.25,1903.8,367.4,1925.25,394.85,1933.4,416.35,1930.45,443.7,1916.4,470.4,1898.55,485.95,1877.1,493.3,1848.25,488.85,1825.95,474.1,1805.25,447.45,1796.4,422.25,1799.35,386.7
4-74,Uninfected,No_comment,Polygon,17,1754.1,452.6,1729.65,465.95,1707.5,483.75,1684.5,508.15,1674.15,537.75,1670.45,571.9,1688.95,596.35,1711.2,611.15,1734.1,611.9,1752.65,606.7,1774.1,594.85,1791.2,580.05,1805.95,545.2,1819.35,515.6,1818.55,492.65,1803.05,459.3,1787.5,448.15
4-75,Uninfected,No_comment,Polygon,17,1748.2,671.15,1726.75,674.85,1694.1,691.15,1685.95,706.65,1677.8,745.25,1671.2,763.75,1680.05,785.25,1693.35,802.95,1713.35,811.1,1738.6,814.1,1766.75,814.85,1787.5,798.6,1805.95,781.55,1811.95,750.45,1805.25,722.25,1794.1,699.3,1777.8,683
4-76,Uninfected,No_comment,Polygon,21,1690.45,688.2,1685.95,673.35,1668.2,652.65,1637.8,642.2,1611.2,643.75,1583.75,652.65,1561.55,666.65,1543,688.95,1535.6,715.6,1538.6,741.5,1542.3,764.5,1558.6,786.7,1583.75,800.8,1600.05,804.5,1624.5,802.95,1643.75,794.8,1663.75,782.25,1678.6,764.45,1686.75,744.45,1692.7,722.95,1691.9,709.65
4-77,Uninfected,No_comment,Polygon,17,1520,820.05,1505.25,827.4,1486.7,845.25,1474.15,863.05,1468.15,891.85,1468.95,914.15,1480.75,932.65,1497.85,948.15,1523,951.15,1545.2,951.85,1574.9,946,1597.85,933.4,1617.85,906,1613.35,871.85,1598.6,847.4,1574.9,828.2,1544.45,822.95
4-78,Uninfected,No_comment,Polygon,26,1774.1,835.55,1762.25,843.7,1752.65,857.1,1740.8,878.55,1739.35,895.55,1746.75,910.45,1754.1,920.8,1764.5,931.15,1777.8,940,1789.65,940.8,1797.8,940.8,1817.85,941.55,1838.55,937.85,1858.55,931.15,1874.85,923.7,1894.15,911.15,1906.7,898.55,1917.15,885.25,1926.7,868.2,1923,852.65,1911.15,843.7,1897.85,842.25,1877.1,841.55,1849.7,834.1,1821.55,834.1,1803.05,831.9
4-79,Uninfected,No_comment,Polygon,16,1357.15,1010.25,1383.75,995.4,1411.85,987.55,1436.85,992.25,1452.45,1004,1464.95,1019.6,1468.85,1036,1474.35,1066.5,1460.25,1092.25,1445.45,1104.75,1427.45,1120.45,1400.9,1124.3,1375.1,1123.5,1356.35,1114.95,1347,1102.45,1336.8,1075.85
4-80,Uninfected,No_comment,Polygon,16,1421.2,1125.1,1411.1,1134.45,1406.35,1151.7,1407.1,1182.95,1419.6,1198.55,1444.6,1220.4,1472,1227.45,1499.35,1219.6,1517.3,1208.7,1552.45,1179.8,1561.8,1140.7,1563.4,1110.25,1536.85,1089.9,1497.8,1084.45,1468.1,1090.7,1449.35,1099.3
4-81,Uninfected,No_comment,Polygon,20,1363.4,1229.8,1343.05,1241.55,1330.55,1248.55,1322.75,1265,1314.9,1282.9,1311.05,1295.4,1308.65,1311.8,1317.3,1341.5,1338.4,1351.65,1354.75,1363.4,1367.25,1367.35,1382.9,1369.65,1400.1,1368.05,1417.35,1363.4,1430.6,1354,1444.6,1340,1450.1,1309.5,1447.75,1279,1428.25,1248.55,1401.65,1234.45
4-82,Uninfected,No_comment,Polygon,16,1391.5,1389.15,1372.75,1404.85,1359.5,1436.1,1354,1464.2,1361.85,1483.7,1378.25,1497.75,1399.35,1509.55,1424.35,1511.85,1441.5,1514.2,1472.75,1504.8,1495.45,1487.6,1519.7,1464.95,1520.45,1428.25,1496.95,1393.85,1463.35,1375.1,1424.35,1375.9
4-83,Uninfected,No_comment,Polygon,17,1729,1100.85,1713.4,1100.85,1692.3,1107.1,1673.55,1123.5,1657.9,1144.6,1652.5,1170.45,1663.4,1193.05,1678.25,1213.35,1693.1,1219.6,1709.5,1225.85,1729,1226.65,1743.9,1222.8,1765.75,1207.9,1782.95,1189.95,1786.85,1151.7,1776.7,1129.75,1757.15,1111.85
4-84,Uninfected,No_comment,Polygon,20,1805.6,949.3,1769.7,941.45,1741.5,940.75,1717.35,946.15,1686.85,969.65,1672,997,1670.4,1028.25,1673.55,1055.6,1684.5,1071.15,1695.5,1081.35,1709.5,1089.9,1724.35,1092.25,1739.2,1093.85,1760.35,1087.6,1775.95,1074.35,1787.6,1057.1,1792.35,1041.5,1800.95,1011.85,1808.75,984.5,1807.2,965.75
4-85,Uninfected,No_comment,Polygon,21,1879.85,933.65,1889.2,932.9,1902.55,936.8,1923.55,943.05,1936.9,950.9,1947.8,960.25,1957.95,986.85,1956.4,1002.4,1950.15,1016.5,1943.9,1030.6,1925.95,1045.45,1909.55,1050.1,1888.45,1054,1874.35,1054,1859.55,1045.45,1844.7,1032.9,1832.2,1016.5,1828.25,1000.05,1832.2,975.9,1838.45,951.65,1853.3,938.4
4-86,Uninfected,No_comment,Polygon,17,1839.2,1039.9,1815.75,1043.85,1787.7,1053.25,1773.6,1068.1,1766.6,1091.5,1765.75,1104.75,1770.45,1120.45,1784.5,1136,1801.7,1145.45,1823.6,1147.8,1844.7,1140.7,1864.95,1124.3,1880.6,1108.7,1895.45,1085.25,1897.05,1062.6,1884.55,1046.9,1861.95,1043.8
4-87,Uninfected,No_comment,Polygon,22,1725.9,1242.3,1704.85,1244.65,1680.6,1250.15,1670.4,1257.15,1654.8,1269.65,1647,1279.8,1642.3,1309.5,1641.55,1328.25,1649.4,1345.4,1664.15,1359.5,1676.65,1365,1697,1367.35,1714.25,1366.5,1731.4,1361.1,1752.5,1354.85,1768.1,1341.5,1779.1,1329,1785.35,1310.25,1787.6,1289.15,1776.7,1267.3,1761.1,1248.55,1743.1,1246.95
4-88,Uninfected,No_comment,Polygon,19,1883.7,1164.2,1862.7,1152.45,1831.45,1151.7,1806.35,1160.3,1777.45,1180.5,1763.35,1196.9,1757.95,1215.7,1757.15,1233.7,1765,1257.9,1782.2,1276.65,1800.95,1293.05,1821.25,1299.3,1838.45,1300.9,1856.45,1301.65,1875.15,1289.15,1892.3,1275.15,1904.8,1246.2,1915.05,1212.65,1901.7,1186.8
4-89,Uninfected,No_comment,Polygon,24,2008,1045.45,1996.25,1037.6,1972.8,1028.25,1947.8,1028.25,1930.65,1034.4,1916.55,1043.8,1899.35,1056.35,1886.05,1066.5,1866.55,1090.65,1859.55,1104.75,1854.8,1121.9,1861.85,1142.25,1875.15,1154.75,1884.55,1162.6,1899.35,1171.2,1918.9,1174.3,1939.2,1174.3,1957.95,1162.6,1976.75,1154.05,1992.4,1145.45,2007.15,1136,2018.15,1121.95,2024.4,1087.6,2020.5,1066.5
4-90,Uninfected,No_comment,Polygon,20,1801.7,1363.4,1776.7,1357.9,1757.95,1358.75,1736.1,1365,1715.75,1376.65,1705.6,1388.4,1696.25,1407.9,1691.5,1423.6,1690.75,1447,1699.35,1466.5,1704.85,1477.45,1717.35,1487.6,1736.1,1495.45,1754.1,1498.55,1768.85,1497.75,1790,1494.7,1821.25,1470.45,1827.45,1447,1829.85,1417.35,1823.6,1387.6
4-91,Uninfected,No_comment,Polygon,34,2023.6,1320.4,1998.65,1318.9,1980.65,1311.8,1959.55,1310.25,1947.8,1307.9,1932.2,1306.4,1918.15,1306.4,1905.6,1306.4,1892.3,1304.8,1879.85,1305.55,1867.35,1321.25,1857.95,1330.55,1852.45,1350.9,1852.45,1360.25,1852.45,1373.6,1854.05,1386.1,1858.7,1398.6,1864.95,1411.1,1873.6,1420.4,1883.7,1428.25,1895.45,1432.9,1906.4,1433.7,1920.45,1432.9,1934.55,1431.35,1944.7,1428.25,1959.55,1415.75,1971.25,1404.85,1981.4,1393.1,1989.25,1382.9,1993.15,1373.6,1998.65,1364.15,2006.4,1353.25,2015,1342.35,2022.05,1334.5
4-92,Uninfected,No_comment,Polygon,32,2078.25,1333.75,2065,1334.5,2046.25,1338.4,2032.25,1343.85,2011.15,1354,1993.15,1365.75,1987.7,1372.7,1980.65,1379.75,1975.2,1388.35,1970.5,1397,1961.9,1409.45,1959.55,1414.9,1957.95,1426.65,1957.2,1435.25,1959.55,1449.35,1967.4,1465.8,1971.25,1470.45,1983,1476.7,1997.05,1480.6,2011.9,1477.45,2020.5,1473.55,2031.4,1471.2,2042.35,1468.85,2050.15,1467.3,2060.35,1462.6,2072,1455.6,2083.75,1443.1,2100.15,1414.95,2101.75,1397.75,2104.1,1375.1,2105.6,1354,2094.7,1337.6
4-93,Uninfected,No_comment,Polygon,25,1918.15,1175.85,1904.8,1189.15,1893.05,1202.5,1886.05,1215.8,1883.7,1229.05,1878.25,1244.75,1879.05,1263.5,1886.8,1274.4,1897.8,1286.8,1908.8,1293.9,1918.9,1293.9,1936.05,1286.8,1965.8,1280.55,1979.9,1274.3,1992.4,1268.05,2002.5,1262.65,2015,1254,2026.75,1239.15,2032.25,1216.55,2031.4,1189.15,2025.15,1164.2,2010.3,1149.3,1991.6,1140.75,1976.75,1140.75,1953.3,1147
4-94,Uninfected,No_comment,Polygon,25,2096.25,1075.1,2069.75,1090.7,2059.5,1102.45,2051.75,1116.55,2044.75,1132.95,2042.35,1156.35,2043.9,1166.55,2048.6,1179.8,2059.5,1193.9,2068.9,1202.45,2082.25,1211.8,2099.35,1218.9,2118.1,1221.2,2133,1221.2,2142.35,1218.05,2161.1,1211.8,2181.45,1197.8,2192.35,1177.45,2202.55,1151.7,2195.45,1111,2179.1,1087.6,2164.25,1075.1,2145.5,1072.75,2125.2,1068.1,2111.85,1070.45
4-95,Uninfected,No_comment,Polygon,29,2243.15,1157.95,2232.95,1168.05,2218.2,1188.35,2215.05,1204.05,2215.05,1218.05,2219.7,1229.8,2225.2,1236.8,2235.35,1251.65,2242.35,1260.25,2250.2,1269.65,2257.2,1275.9,2268.15,1280.55,2282.2,1282.15,2293.95,1280.55,2300.95,1280.55,2315.8,1280.55,2324.4,1276.65,2337.65,1268.9,2346.3,1263.4,2356.4,1248.55,2365.8,1233.7,2364.25,1208.7,2362.65,1182.95,2358,1165.7,2345.5,1148.5,2323.65,1145.45,2304.15,1143.05,2283.8,1146.95,2268.95,1150.1
4-96,Uninfected,No_comment,Polygon,22,2076,1466.5,2060.35,1468.85,2038.5,1473.55,2020.45,1474.4,2006.4,1486.05,2001.75,1495.45,2001.75,1508.7,2006.4,1522.8,2011.9,1537.6,2013.4,1548.55,2018.9,1564.2,2022.8,1572.05,2031.4,1582.95,2051.75,1593.9,2075.15,1593.9,2101.75,1582.15,2116.6,1572.8,2131.45,1556.35,2139.25,1525.95,2129.85,1504.8,2111.1,1479,2097.85,1471.2
4-97,Uninfected,No_comment,Polygon,23,1393.05,1513.45,1375.05,1512.6,1344.6,1525.95,1332.1,1545.45,1323.5,1568.85,1317.25,1590.8,1311.75,1622,1315.7,1636.05,1328.95,1650.9,1339.1,1655.65,1352.45,1659.5,1366.45,1662.65,1381.3,1664.2,1393.8,1668.1,1407.9,1668.9,1431.3,1664.2,1453.95,1638.4,1449.3,1609.5,1457.9,1588.4,1464.9,1556.35,1462.55,1526.7,1433.65,1515.75,1412.55,1513.45
4-98,Uninfected,No_comment,Polygon,22,1489.15,1533.7,1475.05,1545.45,1464.9,1560.25,1456.3,1589.25,1452.4,1610.3,1450.85,1633.75,1453.95,1642.3,1469.65,1664.2,1482.15,1671.2,1496.15,1677.45,1510.25,1679.05,1532.9,1678.25,1552.4,1672,1567.25,1664.2,1581.35,1651.7,1593.1,1626.7,1603.2,1593.1,1602.4,1565.8,1585.25,1539.2,1562.6,1518.85,1535.25,1514.15,1513.4,1519.7
4-99,Uninfected,No_comment,Polygon,20,1399.3,1672,1375.85,1661.1,1346.95,1655.65,1325.85,1653.25,1306.35,1660.3,1290.7,1676.7,1281.35,1700.15,1278.95,1725.9,1288.35,1748.55,1303.2,1771.25,1323.5,1791.6,1339.95,1805.6,1357.1,1808.75,1379.8,1807.15,1396.95,1803.25,1422.7,1787.65,1443.8,1763.4,1446.15,1734.5,1437.55,1711.85,1427.4,1690.75
4-100,Uninfected,No_comment,Polygon,16,1477.3,1676.5,1450.05,1694.65,1433.6,1713.3,1432,1729.75,1438.25,1743.8,1453.95,1764.2,1470.4,1774.3,1487.5,1784.5,1510.2,1790.75,1553.95,1787.65,1574.2,1770.45,1583.65,1739.2,1582.9,1711,1562.55,1682.2,1536.65,1670.45,1512.5,1668.05
4-101,Uninfected,No_comment,Polygon,19,1507,1772.65,1476.55,1767.95,1447.75,1768.1,1429,1779.05,1408.65,1795.45,1391.5,1815,1388.4,1840,1396.15,1864.2,1406.35,1890,1419.6,1907.15,1441.5,1917.35,1463.35,1919.7,1489.15,1916.55,1509.45,1907.95,1539.2,1893.1,1552.45,1861.85,1562.6,1823.55,1558.7,1800.9,1542.15,1782.8
4-102,Uninfected,No_comment,Polygon,19,1729.8,1680.6,1694.65,1678.25,1664.15,1679.05,1644.65,1687.6,1623.55,1702.45,1606.35,1732.15,1619.65,1759.5,1629.8,1774.35,1645.4,1786.05,1660.3,1793.1,1680.55,1795.45,1698.55,1795.45,1713.4,1790.75,1757.15,1782.95,1773.55,1766.55,1782.15,1750.15,1775.9,1723.55,1768.1,1704.8,1751.65,1689.95
4-103,Uninfected,No_comment,Polygon,23,1635.3,1805.6,1621.2,1817.3,1610.3,1829.8,1601.7,1845.45,1610.3,1874.35,1619.65,1889.2,1629.8,1899.35,1644.65,1911.1,1654.05,1915.75,1672.8,1918.9,1682.9,1920.45,1697,1918.1,1708.7,1913.4,1722.75,1904.05,1735.25,1895.45,1756.35,1872,1757.15,1847.8,1758.75,1819.65,1750.9,1799.35,1735.3,1781.4,1714.25,1778.25,1683.75,1777.45,1661.1,1790.75
4-104,Uninfected,No_comment,Polygon,23,1865.75,1514.15,1843.1,1518.1,1823.6,1531.35,1806.35,1550.9,1802.5,1564.95,1802.5,1583.7,1804.85,1597.75,1814.2,1618.1,1826.7,1631.35,1834.5,1636.85,1853.25,1648.55,1868.85,1654.8,1882.2,1654.8,1903.25,1656.35,1919.7,1651.7,1934.55,1642.3,1943.9,1626.7,1941.55,1610.25,1933.7,1588.4,1929.05,1559.5,1918.9,1541.5,1902.45,1521.2,1880.6,1513.4
4-105,Uninfected,No_comment,Polygon,25,1769.65,1662.6,1761.05,1679.05,1760.25,1697,1765,1709.5,1768.1,1720.45,1774.35,1731.35,1779.8,1747,1788.4,1757.15,1797.75,1767.3,1809.5,1770.45,1823.6,1770.45,1839.2,1764.2,1858.7,1754.8,1872.8,1745.45,1896.2,1727.45,1912.65,1709.5,1916.55,1683.7,1907.2,1656.35,1887.6,1643.1,1874.35,1636,1860.4,1635.25,1843.95,1633.65,1826.8,1632.1,1800.1,1636.05,1786.05,1640.75
4-106,Uninfected,No_comment,Polygon,28,1914.95,1528.25,1916.55,1509.5,1929.8,1493.05,1950.95,1481.35,1973.55,1478.25,1992.3,1491.5,2000.25,1504.75,2007.25,1517.25,2017.4,1529.75,2027.6,1540.7,2033.1,1550.85,2040.85,1561,2046.35,1569.6,2047.95,1581.3,2048.7,1590.7,2046.25,1604,2041.55,1614.2,2024.4,1629.8,2001.7,1636.85,1989.2,1636.85,1967.3,1637.6,1955.6,1634.5,1944.7,1629.8,1933.7,1622.75,1922,1602.4,1917.35,1585.25,1915.75,1569.6,1914.95,1555.6
4-107,Uninfected,No_comment,Polygon,19,2007.15,1629,1979.8,1635.25,1962.65,1640.75,1949.35,1652.45,1937.65,1668.1,1930.6,1707.15,1934.55,1726.75,1952.45,1749.35,1964.95,1762.65,1978.3,1772.8,2000.15,1779.05,2021.25,1779.8,2041.55,1768.1,2065,1754.8,2075.9,1723.55,2076.75,1693.1,2061.1,1664.95,2042.3,1643.85,2031.4,1636.05
4-108,Uninfected,No_comment,Polygon,22,1936.85,1735.3,1921.2,1729.05,1901.7,1725.9,1877.45,1733.7,1850.1,1747.8,1833.75,1757.9,1818.85,1772.8,1807.95,1787.65,1800.9,1803.25,1800.1,1820.45,1803.25,1840,1818.1,1859.5,1846.2,1871.25,1864.2,1872.8,1881.35,1868.1,1902.45,1856.4,1918.9,1843.9,1935.3,1828.25,1949.35,1815,1960.3,1797.85,1962.65,1771.2,1957.2,1753.2
4-109,Uninfected,No_comment,Polygon,17,1747,1928.25,1729.8,1944.7,1720.4,1958.75,1711.85,1975.15,1706.4,1997.05,1719.65,2028.3,1743.1,2047.05,1761.85,2050.95,1789.2,2052.5,1809.5,2043.9,1835.25,2027.5,1854.85,2001.7,1854.85,1975.95,1849.35,1948.6,1825.9,1924.35,1799.35,1920.45,1772.75,1917.35
4-110,Uninfected,No_comment,Polygon,20,1919.7,1845.45,1905.6,1860.3,1891.55,1879.85,1886.85,1900.9,1889.95,1922.8,1902.45,1942.35,1920.45,1960.3,1931.4,1966.55,1947.8,1968.1,1964.95,1968.1,1981.4,1966.55,1993.9,1962.65,2007.15,1957.2,2028.3,1933.8,2037.65,1909.5,2036.9,1875.15,2023.55,1845.45,2001.7,1836.85,1972.8,1833.75,1947.05,1838.4
4-111,Uninfected,No_comment,Polygon,21,2136.1,1707.15,2118.1,1717.3,2096.25,1731.4,2075.9,1744.65,2068.9,1747.8,2061.9,1761.05,2054.85,1779.05,2053.25,1796.25,2056.4,1811.85,2065.75,1828.25,2076.75,1836.85,2094.65,1843.1,2111.85,1844.65,2126.75,1845.45,2143.9,1836.05,2167.35,1822,2184.55,1804.8,2190.8,1779.8,2189.2,1761.85,2177.5,1745.45,2153.25,1715.75
4-112,Uninfected,No_comment,Polygon,24,2135.35,1705.6,2118.1,1710.3,2104.85,1708.7,2087.7,1701.75,2074.35,1690.75,2061.85,1673.55,2057.2,1661.85,2052.55,1649.35,2050.95,1636.1,2054.1,1620.5,2057.95,1608.75,2065.8,1599.35,2073.7,1592.3,2090.85,1581.35,2101.8,1578.25,2123.6,1575.95,2140.75,1581.35,2157.2,1596.95,2169.65,1613.45,2172,1627.5,2174.35,1643.85,2172,1661.95,2168.1,1678.3,2155.6,1693.1
4-113,Uninfected,No_comment,Polygon,21,2434.15,1114.4,2429.7,1134,2427.9,1153.65,2427,1163.55,2429.7,1178.65,2434.15,1192.95,2438.6,1204.55,2446.65,1212.65,2460.95,1223.3,2477,1231.35,2503.8,1229.55,2524.35,1221.55,2541.3,1208.2,2549.35,1194.8,2555.6,1159,2549.35,1138.55,2541.3,1115.25,2527,1096.5,2493.1,1086.75,2466.3,1089.35,2448.45,1099.25
4-114,Uninfected,No_comment,Polygon,29,2497.7,1312.45,2487.65,1323.1,2476.95,1334.95,2464,1350.3,2452.15,1361.55,2442.7,1372.85,2435,1389.95,2433.8,1398.25,2434.4,1406.55,2446.8,1423.7,2452.15,1431.4,2459.25,1440.25,2474.65,1449.75,2484.1,1455.65,2496.55,1461.6,2513.1,1461.6,2535,1455.65,2553.9,1445,2564.6,1424.3,2572.25,1412.5,2582.35,1395.9,2588.25,1379.3,2591.8,1362.2,2593.55,1343.8,2587.05,1325.45,2578.2,1311.9,2557.45,1303.65,2535,1300.1,2515.45,1300.6
4-115,Uninfected,No_comment,Polygon,20,2631.45,1359.2,2614.9,1361.5,2600.15,1372.8,2585.3,1386.95,2575.8,1400.55,2566.95,1425.45,2568.2,1444.95,2568.2,1458.65,2574.7,1469.9,2585.95,1479.3,2601.9,1485.9,2618.45,1487.65,2634.25,1488.7,2652.1,1479.75,2667.55,1470.45,2679.95,1450.4,2688.25,1423.15,2688.85,1404.7,2678.2,1382.3,2656.3,1365.05
4-116,Uninfected,No_comment,Polygon,21,2636.8,1178.75,2629.7,1184.05,2613.1,1198.3,2599.5,1214.85,2597.7,1246.2,2598.3,1261,2606,1277,2623.15,1290.6,2632.05,1298.3,2654.55,1305.4,2675.85,1308.35,2697.75,1300.65,2716.65,1293.55,2728.5,1281.7,2738.55,1264.55,2742.1,1242.05,2739.25,1217.45,2728,1197.35,2713.7,1182.9,2683.55,1172.85,2662.8,1172.85
4-117,Uninfected,No_comment,Polygon,24,2859.85,1247.4,2848.05,1255.1,2837.4,1260.4,2828.5,1270.45,2813.7,1282.9,2806.6,1294.75,2802.45,1307.75,2803.65,1321.35,2804.3,1332.6,2804.3,1343.25,2810.15,1363.95,2823.75,1370.45,2844.5,1382.9,2857.5,1387.05,2878.8,1390.6,2901.9,1389.4,2917.25,1379.95,2935.6,1366.9,2953.35,1351.55,2969.35,1323.15,2965.2,1285.85,2946.25,1265.15,2909,1252.7,2882.35,1248
4-118,Uninfected,No_comment,Polygon,22,2800.2,1224.55,2799.55,1237.3,2807.2,1253.3,2825.55,1262.8,2838.55,1259.25,2865.15,1250.3,2895.95,1237.3,2909,1226.7,2924.95,1209.55,2939.75,1194.8,2949.2,1181.1,2956.3,1157.4,2948.05,1133.25,2933.3,1116.6,2916.65,1110.1,2901.3,1109.55,2879.4,1116.6,2866.95,1127.85,2854.6,1140,2844,1150.6,2834.5,1160.05,2824.45,1172.55
4-119,Uninfected,No_comment,Polygon,24,2765.75,1340.25,2743.25,1340.85,2720.8,1350.3,2704.8,1365.7,2692.95,1382.25,2690,1403.6,2688.75,1424.3,2689.4,1442.65,2695.85,1459.2,2702.45,1470.45,2713.7,1477.55,2730.2,1479.9,2744.4,1482.3,2756.3,1475.2,2765.15,1469.25,2772.25,1463.95,2784.7,1456.25,2797.7,1444.4,2823.15,1419.55,2834.4,1405.35,2838.55,1391.75,2825.5,1377.55,2808.4,1362.75,2790,1352.1
4-120,Uninfected,No_comment,Polygon,20,2821.3,1390.5,2797.6,1397,2782.25,1407.65,2771,1424.25,2767.45,1447.9,2765.75,1465.05,2759.25,1494.7,2761.6,1505.95,2762.8,1523.1,2774.65,1534.95,2807.5,1540.9,2833.8,1537.9,2859.2,1527.25,2875.2,1513.65,2887.65,1500.05,2900.65,1473.4,2900.65,1442.65,2885.8,1411.85,2865.75,1397.7,2847.4,1392.35
4-121,Uninfected,No_comment,Polygon,19,2936.75,1424.95,2927.9,1433.15,2914.3,1445.6,2904.2,1461,2899.5,1487.6,2897.1,1507.15,2904.2,1526.65,2909.55,1537.9,2920.15,1547.95,2934.35,1559.8,2955.7,1565.7,2974.65,1560.4,2991.75,1549.75,3006.6,1533.15,3010.15,1504.15,3003.05,1475.2,2993.55,1448.55,2979.35,1428.5,2959.25,1423.7
4-122,Uninfected,No_comment,Polygon,18,2974.05,1391.15,2969.9,1379.9,2969.3,1359.2,2974.65,1332.55,2994.75,1309.5,3019.6,1297.05,3045.05,1291.75,3072.85,1297.05,3088.25,1303,3104.8,1318.95,3115.45,1334.35,3116.05,1354.45,3111.35,1381.1,3093.6,1401.25,3069.3,1415.4,3037.95,1423.1,3008.35,1420.75,2987.65,1405.35
4-123,Uninfected,No_comment,Polygon,18,3044.45,1169.85,3020.8,1164.5,2989.45,1168.65,2969.3,1171.6,2955.7,1180.5,2931.55,1199.75,2914.4,1219.85,2906,1238.5,2911.3,1255.05,2931.45,1277.55,2945.05,1288.8,2973.45,1294.1,2990.6,1295.95,3014.85,1292.9,3048,1281.7,3072.25,1260.4,3082.35,1232.55,3068.15,1190.55
4-124,Uninfected,No_comment,Polygon,17,3114.3,1395.3,3095.35,1400.55,3065.15,1409.5,3023.15,1420.7,3009.55,1433.75,2997.65,1457.5,3007.75,1482.8,3021.4,1501.2,3043.85,1516,3071.1,1521.3,3123.1,1519.55,3150.85,1497.05,3171.55,1475.8,3181.65,1448.55,3186.45,1422.5,3165.7,1400.55,3134.9,1393.55
4-125,Uninfected,No_comment,Polygon,14,3282.35,1168.6,3275.9,1185.8,3271.7,1207.1,3282.4,1229,3304.25,1243.2,3350.45,1242,3382.95,1234.9,3421.45,1222.5,3443.35,1200,3441,1168.65,3431.95,1141.75,3388.15,1128.7,3345.7,1127.2,3314.25,1137.25
4-126,Uninfected,No_comment,Polygon,14,3326.75,1250.9,3299.55,1264.5,3291.2,1278.7,3280,1321.3,3293.05,1353.25,3330.9,1366.9,3354,1366.3,3398.35,1357.4,3413.75,1338.5,3427.95,1302.4,3426.75,1269.25,3415.55,1243.8,3385.9,1233.1,3347.45,1239
4-127,Uninfected,No_comment,Polygon,15,3493.65,1197.05,3480.6,1203.55,3464.65,1209.5,3451,1224.25,3437.45,1243.2,3428.55,1274.55,3435.05,1299.4,3448.1,1313.05,3473.5,1326.05,3517.3,1327.25,3536.8,1315.4,3557.55,1292.9,3562.85,1261.55,3562.3,1227.8,3539.8,1203.55
4-128,Uninfected,No_comment,Polygon,15,3450.45,1324.85,3435.65,1327.25,3408.9,1339.05,3394.2,1359.2,3393.6,1387,3400.15,1410.1,3412,1429.6,3430.35,1442.6,3456.95,1450.3,3484.15,1449.15,3501.95,1436.7,3526.8,1410.1,3536.8,1378.1,3520.25,1352.1,3499.5,1326.65
4-129,Uninfected,No_comment,Polygon,15,3535.65,1460.95,3513.15,1470.45,3492.45,1482.85,3480.6,1510.65,3478.85,1534.35,3488.25,1565.1,3500.75,1579.9,3527.35,1592.35,3570,1590.55,3588.9,1582.85,3609.6,1560.4,3620.25,1526.65,3613.15,1498.25,3594.2,1472.2,3569.35,1460.4
4-130,Uninfected,No_comment,Polygon,15,3724.4,1411.85,3704.9,1416,3685.95,1430.8,3675.9,1452.1,3670,1489.35,3679.45,1512.45,3699,1532,3720.85,1539.1,3760.45,1548.55,3785.95,1534.95,3813.2,1505.35,3822.05,1468.05,3804.9,1434.95,3781.8,1413.05,3745.15,1403.55
4-131,Uninfected,No_comment,Polygon,13,3943.95,1357.4,3923.25,1381.65,3911.4,1408.3,3919.1,1446.15,3943.3,1461.55,3968.45,1469.85,4000.95,1471.6,4039.8,1458.6,4062.9,1428.4,4077.1,1384.65,4048.1,1340.25,4010.8,1323.1,3971.2,1333.75
4-132,Uninfected,No_comment,Polygon,14,4066.45,1434.35,4051.05,1451.5,4047.5,1465.1,4051.9,1502.4,4069,1543.8,4081.85,1561.55,4103.1,1572.8,4125.6,1582.25,4162.9,1574,4184.8,1547.95,4200.2,1504.75,4184.2,1452.1,4153.45,1429.6,4109.65,1418.35
4-133,Uninfected,No_comment,Polygon,21,3817.3,1314.2,3817.3,1340.85,3831.55,1359.2,3844.55,1377.55,3859.95,1390.55,3880.05,1392.35,3910.25,1385.8,3932.1,1372.75,3949.25,1353.25,3960.55,1329,3966.45,1305.95,3966.45,1289.35,3971.2,1277.55,3972.95,1256.2,3968.8,1241.45,3941,1230.2,3919.1,1221.3,3893.65,1218.95,3871.7,1228.4,3853.4,1245,3830.9,1268.65
4-134,Uninfected,No_comment,Polygon,15,3996.45,1107.2,3977.05,1107.2,3956.9,1116.55,3934.6,1136,3919.5,1156.85,3910.8,1188.5,3925.95,1210.1,3943.9,1230.05,3968.35,1242.25,3994.3,1238.85,4019.5,1233.85,4054.75,1212.95,4064.1,1173.4,4057.6,1141,4028.15,1114.4
4-135,Uninfected,No_comment,Polygon,15,3983.5,1002.15,3959,995.7,3918.75,992.1,3877.05,1008.65,3858.35,1026.65,3844.65,1059.7,3847.55,1089.2,3861.95,1111.5,3877.75,1132.4,3899.35,1147.5,3943.95,1141.7,3984.9,1123,4013.75,1099.3,4018.05,1075.55,4004.4,1030.2
4-136,Uninfected,No_comment,Polygon,16,4012.3,1004.3,3998.65,1017.25,4000,1037.35,4010.05,1070.45,4019.5,1093.55,4033.15,1115.1,4051.1,1134.55,4081.35,1148.95,4105.1,1149.65,4138.9,1137.4,4167,1110.8,4177.75,1082.75,4160.5,1037.4,4119.5,1016.55,4079.9,1011.5,4051.85,1004.3
4-137,Uninfected,No_comment,Polygon,15,3869.35,687.1,3879.15,674.2,3893.85,658.25,3928.85,646.6,3969.35,634.95,3993.9,645.35,4011.05,658.25,4019.65,687.7,4012.3,707.95,3993.9,730.65,3971.8,741.05,3938.65,746,3894.5,741.05,3877.9,727.55,3873.65,712.25
4-138,Uninfected,No_comment,Polygon,21,3769.95,779.1,3754.9,763.15,3737.1,760.7,3712.9,766.85,3693.85,777.9,3680.4,786.45,3661.35,796.3,3644.3,811.05,3634.45,827.55,3630.7,858.25,3636.2,877.25,3655.2,889.55,3669.95,901.2,3687.1,911.6,3720.25,920.8,3749.1,917.15,3766.25,901.8,3778.55,881.55,3783.45,859.45,3787.15,811,3778.55,795.05
4-139,Uninfected,No_comment,Polygon,17,3744.8,953.95,3727.6,948.45,3703.1,953.35,3670.55,970.45,3657.7,1011.55,3660.15,1039.8,3680.4,1077.2,3697.55,1087.05,3720.25,1093.8,3741.75,1099.3,3758.85,1100.55,3780.95,1090.7,3805.55,1072.3,3812.85,1040.4,3806.7,1016.5,3787.7,995.6,3764.4,973.55
4-140,Uninfected,No_comment,Polygon,18,3909.9,880.35,3901.25,884.1,3876.8,891.4,3849.1,898.15,3822.75,901.25,3789,896.95,3765.75,907.35,3754.1,923.3,3749.8,955.2,3761.95,977.85,3793.9,997.6,3820.35,1008,3841.15,1014.1,3868.15,1012.9,3897,1000.35,3910.45,976.65,3920.3,955.2,3920.9,914.1
4-141,Uninfected,No_comment,Polygon,17,3907.45,880.9,3869.4,893.2,3824,899.95,3792.1,895.7,3777.95,885.85,3786.55,866.85,3807.4,844.15,3822.75,813.55,3840.6,776.05,3855.25,757.65,3876.8,746,3903.1,738.6,3938.15,751.55,3954.1,768.7,3946.65,799.4,3930.75,822.75,3919.1,853.35
4-142,Uninfected,No_comment,Polygon,20,4001.25,766.85,4024.65,772.35,4043.6,785.85,4056.55,807.35,4049.1,839.9,4036.85,861.95,4022.2,882.2,4002.5,908,3987.2,934.35,3973.05,951.55,3951.55,962.6,3928.3,962.6,3914.75,949,3905,932.45,3905.6,904.9,3912.35,877.35,3923.35,841,3936.3,809.1,3951.55,787.75,3972.5,769.9
4-143,Uninfected,No_comment,Polygon,17,4109.25,836.25,4082.9,839.9,4049.1,856.4,4019.6,884,3989.6,927.6,3975.5,950.3,3978,969.35,3992.1,982.8,4011.15,995.1,4029.5,1000.05,4057.1,996.3,4084.7,988.95,4103.7,981,4116,968.15,4149.75,936.25,4157.1,901.25,4125.85,836.8
4-144,Uninfected,No_comment,Polygon,22,2222.8,1581.6,2203.5,1600.9,2187.5,1623.55,2176.65,1650.45,2163.85,1677.9,2160.6,1697.5,2159,1710.95,2169,1727.8,2179.1,1743.8,2193.45,1754.65,2219.5,1751.35,2234.55,1738.75,2248,1721.1,2257.25,1701.75,2271.6,1684.9,2283.3,1665.65,2295.1,1640.4,2300.95,1623.55,2296.75,1593.3,2284.15,1577.4,2265.65,1575.65,2249.75,1571.45
4-145,Uninfected,No_comment,Polygon,23,2432.9,1411,2410.2,1408.45,2391.7,1411,2379.1,1424.45,2368.25,1438.7,2364.05,1451.35,2362.3,1463.95,2363.2,1479,2369.05,1490.85,2386.7,1512.7,2393.4,1516.9,2403.55,1519.4,2413.55,1525.3,2424.55,1529.5,2435.4,1532.85,2446.4,1535.35,2458.95,1535.35,2472.45,1529.5,2493.4,1510.1,2499.35,1494.2,2490.95,1465.6,2477.65,1451.1,2455.8,1431.7
4-146,Uninfected,No_comment,Polygon,18,2378.3,1513.5,2361.45,1516.9,2341.35,1526.1,2321.95,1542.1,2309.35,1560.6,2300.95,1581.6,2301.8,1608.5,2315.3,1626.15,2333.8,1638.75,2351.45,1640.4,2376.65,1642.1,2406,1637,2423.65,1620.25,2443.05,1598.4,2447.25,1574.85,2443.05,1550.5,2431.2,1533.7,2409.4,1520.25
4-147,Uninfected,No_comment,Polygon,19,2381.7,1648.8,2358.15,1639.55,2326.15,1637,2308.5,1639.55,2278.2,1652.2,2258.05,1672.35,2242.1,1690.85,2228.65,1707.65,2220.35,1724.45,2221.1,1738.75,2242.2,1753.85,2270.7,1755.55,2283.3,1758.85,2307.75,1760.6,2332.05,1759.7,2359.85,1759.7,2398.5,1731.2,2409.35,1702.55,2399.35,1671.45
4-148,Uninfected,No_comment,Polygon,17,2235.4,1752.2,2218.6,1759.7,2206.9,1774.05,2201.85,1800.1,2213.55,1816,2227,1825.25,2247.2,1827.8,2274.05,1828.6,2299.3,1829.45,2327,1820.2,2348,1801.75,2364.85,1771.5,2379.95,1755.55,2387.5,1742.95,2362.45,1756.35,2344.8,1757.2,2321.2,1757.2
4-149,Uninfected,No_comment,Polygon,18,2537.1,1705.1,2520.3,1696.7,2488.35,1696.7,2462.3,1704.3,2436.25,1718.55,2422.8,1739.6,2415.25,1762.25,2417,1784.1,2432.05,1802.55,2447.25,1815.2,2467.35,1822.8,2484.15,1823.6,2502.65,1820.2,2526.25,1816.9,2545.5,1798.35,2561.5,1781.55,2567.35,1747.15,2553.1,1721.1
4-150,Uninfected,No_comment,Polygon,20,2366.5,1860.6,2351.45,1848,2321.95,1838.75,2282.45,1834.55,2253.05,1835.4,2236.25,1844.65,2222.8,1856.4,2217.75,1873.15,2221.95,1910.2,2221.1,1933.65,2228.75,1956.35,2240.45,1969.85,2254.8,1974.9,2272.45,1979.1,2295.1,1983.3,2313.55,1979.95,2330.35,1969.85,2344.65,1959.7,2359.85,1946.3,2370.7,1893.35
4-151,Uninfected,No_comment,Polygon,20,3673.5,1759,3692,1742.5,3715.95,1731.6,3742.7,1732.95,3767.35,1737.75,3796.8,1746.65,3810.5,1764.45,3821.45,1799.35,3819.35,1814.05,3811.2,1835.7,3801.6,1845.25,3787.9,1866.45,3757.75,1870.65,3731.05,1871.3,3714.6,1865.8,3692,1849.4,3676.25,1835,3665.3,1817.85,3659.65,1802.3,3662.55,1785.65
4-152,Uninfected,No_comment,Polygon,22,4130.35,1630.2,4116.7,1638.35,4104.35,1648.7,4090.65,1660.3,4083.1,1674,4082.45,1687.05,4085.15,1700,4090.65,1717.2,4098.2,1728.8,4112.55,1741.1,4129.7,1751.45,4143.4,1757.6,4156.35,1761.65,4179.7,1763.7,4194.1,1750.75,4207.1,1734.25,4216.7,1724.05,4217.35,1704.85,4218.75,1673.35,4206.35,1654.2,4180.4,1634.3,4153.65,1627.45
4-153,Uninfected,No_comment,Polygon,16,4071.45,1711.7,4046.1,1715.1,4029,1725.4,4007.75,1743.9,3994.75,1769.9,3993.4,1782.95,3998.85,1806.2,4007.75,1836.4,4021.45,1852.75,4053.6,1865.8,4094.7,1854.15,4126.95,1830.9,4147.5,1807.6,4144.75,1765.85,4126.25,1736.95,4096.15,1719.9
4-154,Uninfected,No_comment,Polygon,14,4111.9,1846.65,4084.5,1860.35,4055.05,1877.5,4038.6,1892.55,4029,1919.95,4030.35,1952.75,4045.45,1980.15,4063.25,1994.6,4103,2006.25,4141.35,2000.05,4174.9,1972,4187.25,1928.85,4180.4,1881.55,4142.65,1856.25
4-155,Uninfected,No_comment,Polygon,12,3974.2,1962.4,3938.65,1957.55,3894.1,1971.95,3865.35,1993.15,3851.65,2017.9,3850.9,2045.95,3860.55,2061.05,3879.05,2076.05,3927.65,2087.05,3978.2,2082.2,4017.3,2033.65,4005,1976.75
4-156,Uninfected,No_comment,Polygon,14,3800.2,2091.2,3774.2,2087.85,3755.7,2101.5,3736.55,2118.6,3717.4,2140.55,3715.35,2156.95,3714.65,2180.2,3726.3,2198.7,3743.4,2213.15,3765.95,2226.1,3794.8,2225.45,3828.1,2204.8,3845.4,2165.2,3839.95,2126.85
4-157,Uninfected,No_comment,Polygon,17,3868.7,2085.05,3857.7,2097.35,3844.75,2120,3841.25,2142.55,3842.6,2157.6,3848.85,2180.25,3859.8,2197.4,3871.4,2209.7,3885.85,2219.35,3920.1,2222.05,3969.35,2218.6,3996.1,2189.85,4009.15,2154.2,3992.7,2114.55,3966,2088.45,3926.25,2077.45,3897.5,2076.8
4-158,Uninfected,No_comment,Polygon,13,3998.85,2074.1,4013.25,2048.75,4029,2030.95,4056.4,2018.65,4087.85,2019.95,4116,2030.3,4141.35,2052.9,4155.7,2081.6,4156.35,2121.4,4126.95,2150.85,4083.1,2163.15,4037.85,2152.85,4005.7,2109.7
4-159,Uninfected,No_comment,Polygon,16,3863.9,2218.6,3844.75,2222.7,3830.3,2239.15,3827.6,2257.65,3828.3,2272.7,3835.85,2289.15,3849.55,2322.75,3856.4,2338.5,3874.9,2380.25,3897.5,2396,3931.05,2407,3966,2369.3,3981.75,2334.35,3978.3,2297.4,3941.3,2252.85,3891.3,2234.35
4-160,Uninfected,No_comment,Polygon,16,3835.15,2280.9,3854.35,2304.9,3874.15,2336.4,3887.15,2361.05,3889.95,2393.3,3878.25,2409.05,3838.6,2428.95,3816.65,2437.8,3788.55,2445.35,3760.5,2437.8,3739.2,2410.4,3727.6,2378.95,3732.35,2359.05,3750.2,2331,3782.4,2292.6,3800.2,2278.2
4-161,Uninfected,No_comment,Polygon,15,3774.85,2250.1,3755.7,2226.2,3710.5,2206.95,3680.35,2202.15,3646.8,2217.25,3624.2,2237.1,3615.95,2270,3613.85,2299.45,3644.05,2335.75,3660.5,2352.2,3688.55,2366.55,3712.55,2362.45,3742,2347.3,3768.7,2320.6,3779,2279.55
4-162,Uninfected,No_comment,Polygon,16,3713.25,2372.75,3682.4,2370,3654.95,2398.75,3644.05,2427.55,3646.1,2452.85,3657.05,2471.35,3669.4,2478.2,3700.2,2494.65,3721.45,2507,3748.85,2520.7,3770.75,2521.35,3789.25,2505.6,3796.8,2480.95,3794.05,2448.75,3779,2423.35,3759.1,2402.1
4-163,Uninfected,No_comment,Polygon,14,3845.4,2422.65,3809.1,2445.3,3802.25,2466.55,3802.25,2503.55,3809.85,2522.05,3830.35,2540.55,3851.55,2548.05,3876.9,2550.15,3909.15,2541.9,3934.45,2515.2,3941.3,2486.4,3930.3,2439.15,3907.7,2421.35,3882.4,2416.6
4-164,Uninfected,No_comment,Polygon,14,3500,1857.85,3489.1,1865.4,3472.8,1878.25,3455.8,1897.3,3459.2,1932,3464.6,1965.4,3479.6,1985.75,3502.05,2006.15,3538.75,2005.5,3570.75,1991.9,3582.3,1958.5,3572.15,1914.35,3561.9,1882.35,3539.45,1861.9
4-165,Uninfected,No_comment,Polygon,15,3584.35,1876.25,3577.55,1895.95,3573.45,1919.75,3575.55,1949,3589.8,1978.25,3627.2,1994.65,3646.3,1997.3,3681.65,1987.1,3710.2,1963.3,3720.4,1923.9,3717,1887.1,3700.7,1863.3,3668.7,1838.15,3636.3,1837.6,3598.15,1849.1
4-166,Uninfected,No_comment,Polygon,13,3750.35,1908.9,3734,1925.2,3726.55,1947,3719.05,1970.1,3723.8,2000.7,3743.55,2017.75,3776.2,2034.7,3806.1,2035.4,3841.5,2010.95,3850.35,1968.8,3840.8,1922.45,3808.85,1900,3776.2,1900
4-167,Uninfected,No_comment,Polygon,18,3379.6,2008.9,3363.25,2035.4,3355.8,2051.7,3353.1,2078.3,3354.4,2098.7,3343.55,2112.95,3322.45,2115.65,3284.35,2100,3257.8,2082.35,3243.6,2057.1,3248.95,1992.55,3263.25,1962,3291.15,1943.6,3311.55,1931.35,3336.75,1930,3358.5,1941.5,3369.4,1953.1,3377.55,1976.9
4-168,Uninfected,No_comment,Polygon,12,3385.05,2013.7,3398.65,2004.8,3438.75,1997.3,3474.15,2004.8,3497.25,2023.85,3499.3,2074.15,3483.65,2096.6,3455.8,2117.75,3405.45,2128.6,3376.85,2107.55,3348.35,2078.3,3363.25,2040.85
4-169,Uninfected,No_comment,Polygon,16,3655.75,2485.8,3632.2,2487.95,3604.3,2504.35,3589.3,2524.35,3585.05,2546.45,3590.75,2582.2,3606.45,2604.35,3635.75,2619.35,3667.2,2632.2,3692.2,2637.2,3715.75,2628.6,3745.05,2605.05,3754.4,2580.05,3741.45,2541.45,3720.05,2510.8,3690.75,2494.35
4-170,Uninfected,No_comment,Polygon,15,3592.2,2605.05,3567.25,2610.75,3546.5,2628.6,3529.3,2648.6,3527.9,2684.35,3535.05,2712.2,3546.5,2731.45,3565.05,2745.1,3582.2,2757.95,3614.3,2763.6,3656.45,2747.95,3679.4,2719.35,3684.4,2672.2,3671.45,2642.95,3630.05,2611.45
4-171,Uninfected,No_comment,Polygon,18,3381.5,2320.8,3353.6,2317.95,3330.75,2325.8,3307.9,2338.6,3284.3,2352.95,3270.75,2380.05,3270.75,2406.45,3274.3,2429.3,3283.6,2444.3,3298.6,2458.6,3325.75,2468.6,3347.9,2471.45,3375.75,2460.8,3392.25,2440.8,3404.3,2422.95,3419.3,2392.2,3419.3,2359.3,3414.3,2340.05
4-172,Uninfected,No_comment,Polygon,22,3461.5,2436.45,3442.9,2441.45,3414.3,2445.8,3391.5,2458.6,3373.6,2466.45,3365.05,2479.35,3357.25,2491.45,3355.05,2518.6,3358.6,2531.45,3363.6,2543.6,3375.75,2556.45,3391.5,2568.6,3392.9,2569.35,3412.9,2573.6,3444.3,2573.6,3469.3,2563.6,3494.3,2550.8,3509.3,2525.8,3517.25,2502.95,3517.9,2477.2,3505.75,2444.3,3490.75,2433.6
4-173,Uninfected,No_comment,Polygon,17,3429.3,2590.05,3405.75,2580.75,3385.75,2581.45,3363.6,2592.95,3346.5,2606.45,3333.6,2632.2,3330.75,2657.2,3332.9,2671.45,3342.25,2694.35,3363.6,2707.95,3380.05,2714.35,3409.3,2722.95,3441.5,2712.2,3462.25,2676.45,3471.5,2639.35,3460.05,2615.75,3450.75,2606.45
4-174,Uninfected,No_comment,Polygon,17,3316.5,2612.2,3301.5,2599.35,3273.6,2594.35,3244.3,2598.6,3223.6,2615.75,3210.75,2637.95,3204.35,2658.6,3205.75,2684.35,3214.35,2705.75,3229.3,2727.95,3254.3,2742.95,3270.05,2747.2,3309.3,2739.35,3333.6,2721.45,3346.45,2690.1,3340.05,2659.35,3327.25,2624.35
4-175,Uninfected,No_comment,Polygon,15,3183.6,2438.6,3162.15,2450.8,3144.35,2467.95,3140.1,2495.05,3133.6,2520.8,3142.15,2548.6,3152.15,2560.75,3184.35,2576.45,3212.9,2575.75,3239.3,2567.2,3260.75,2540.05,3270.05,2508.6,3257.9,2474.35,3236.5,2445.8,3207.9,2433.6
4-176,Uninfected,No_comment,Polygon,12,2955.75,2440.8,2925.75,2442.2,2898.6,2452.95,2875,2480.05,2870.75,2504.35,2870,2535.05,2882.95,2557.95,2903.6,2576.45,2943.6,2577.95,2975.1,2561.45,2997.9,2530.05,3000.75,2481.45
4-177,Uninfected,No_comment,Polygon,14,3007.15,2456.45,3038.6,2432.2,3065.75,2422.2,3094.35,2429.3,3122.15,2440.8,3136.5,2457.2,3142.15,2482.15,3132.9,2510.8,3112.15,2560.75,3081.45,2576.45,3036.45,2576.45,3008.6,2548.6,3002.15,2512.2,3002.15,2472.2
4-178,Uninfected,No_comment,Polygon,13,3280.2,1613.7,3251.9,1611.8,3225.5,1625,3214.15,1643.9,3204.7,1668.45,3212.25,1691.1,3225.5,1702.4,3258.9,1720.7,3285.2,1715.05,3319.85,1700.5,3327.4,1676,3321.75,1638.25,3299.1,1621.25
4-179,Uninfected,No_comment,Polygon,16,2959.1,1633.5,2942.45,1639.35,2922.8,1653.1,2905.2,1672.7,2887.55,1702.1,2897.35,1729.55,2908.1,1745.3,2928.7,1748.2,2960.1,1760.95,2995.4,1755.05,3012.05,1742.3,3034.6,1717.85,3044.4,1690.35,3032.65,1654.05,3011.05,1632.5,2990.5,1627.6
4-180,Uninfected,No_comment,Polygon,16,3203.25,1616.8,3174.8,1620.75,3137.55,1637.45,3104.2,1654.05,3086.55,1675.65,3081.65,1704.1,3081.65,1723.7,3098.35,1741.35,3119.95,1756.05,3149.3,1757,3168,1745.5,3185.65,1730.75,3195.45,1716.05,3202.25,1693.3,3206.65,1671.5,3212.05,1639.35
4-181,Uninfected,No_comment,Polygon,15,3130.7,1776.65,3102.3,1775.65,3074.8,1784.5,3052.25,1805.05,3036.55,1824.7,3029.7,1849.2,3026.75,1873.7,3037.55,1897.25,3054.2,1914.9,3075.8,1920.75,3102.3,1914.9,3136.85,1891.75,3158.45,1866.25,3160.15,1816.85,3145.4,1788.4
4-182,Uninfected,No_comment,Polygon,14,2980.65,1774.65,2959.1,1759.95,2929.7,1750.15,2899.35,1750.15,2879.65,1757.9,2860.1,1777.55,2860.1,1808.95,2863,1833.45,2882.6,1857,2911.1,1872.65,2945.4,1875.65,2978.7,1865.8,2994.4,1845.2,2997.3,1802.05
4-183,Uninfected,No_comment,Polygon,20,2853.75,2050.5,2837.4,2049.15,2821.1,2056.35,2803.45,2068.75,2789.7,2088.35,2781.85,2114.5,2784.5,2130.2,2798.2,2155.05,2814.55,2166.15,2844.6,2172.05,2872.7,2175.3,2902.8,2174,2926.3,2161.55,2951.8,2142.6,2964.9,2121.05,2976.65,2095.55,2977.3,2079.85,2951.8,2072,2914.55,2061.55,2874.7,2055.05
4-184,Uninfected,No_comment,Polygon,18,2859,2011.25,2868.8,2000.1,2890.35,1983.8,2902.8,1974,2938.75,1968.1,2966.85,1969.45,2991.05,1972,3021.75,1985.1,3036.15,1996.25,3039.4,2009.3,3033.5,2033.45,3020.45,2054.4,2995.6,2072.7,2968.75,2083.8,2942.6,2084.45,2902.1,2075.3,2871.35,2060.25,2857.05,2042.6
4-185,Uninfected,No_comment,Polygon,20,3051.8,1983.15,3023.05,2002.15,3007.3,2015.15,2993.65,2037.4,2989,2056.35,2991.65,2072,2993,2089,2999.55,2101.45,3009.35,2111.25,3021.75,2117.8,3040.05,2121.7,3066.85,2119.75,3093,2112.55,3115.85,2103.4,3130.9,2089.65,3144.65,2070.7,3149.85,2053.05,3144.55,2029.55,3121.65,1990.95,3092.35,1983.15
4-186,Uninfected,No_comment,Polygon,21,3149.2,2098.8,3121.75,2101.45,3072.7,2110.6,3044.65,2119.1,3028.3,2131.5,3027,2148.5,3034.8,2165.5,3045.95,2189.7,3053.1,2204.7,3060.3,2220.4,3069.45,2232.8,3087.75,2241.95,3117.2,2241.3,3137.45,2230.25,3157.05,2215.85,3172.75,2196.2,3183.2,2177.9,3193,2159.6,3194.95,2131.5,3183.85,2111.9,3163.6,2101.45
4-187,Uninfected,No_comment,Polygon,17,3017.85,2157,2988.4,2153.75,2956.4,2162.9,2938.75,2181.2,2924.35,2211.25,2930.25,2236.1,2937.45,2260.25,2947.9,2275.3,2962.9,2287.05,2987.75,2300.8,3018.5,2305.35,3041.35,2296.9,3069.45,2282.5,3085.15,2264.85,3096.25,2237.35,3081.9,2198.8,3051.8,2175.9
4-188,Uninfected,No_comment,Polygon,15,2868.8,2176,2832.2,2167.45,2804.1,2174,2774.65,2188.35,2765.5,2198.85,2752.45,2232.8,2753.1,2264.85,2773.35,2287.05,2794.3,2302.1,2821.1,2305.35,2851.8,2293.6,2880.55,2269.4,2893.65,2241.95,2894.3,2203.4,2884.5,2185.15
4-189,Uninfected,No_comment,Polygon,13,2895.6,2257.05,2874.7,2266.15,2859.05,2278.55,2850.55,2293.6,2836.75,2325,2866.2,2364.2,2874.05,2372.7,2919.8,2379.25,2938.75,2368.1,2965.55,2347.2,2974.7,2311.9,2961.65,2276,2929.6,2257.65
4-190,Uninfected,No_comment,Polygon,12,3015.25,2303.45,2991.05,2317.8,2983.2,2334.15,2976,2368.8,2994.3,2387.75,3008.7,2406.7,3037.45,2415.85,3081.9,2404.75,3106.7,2370.1,3129.6,2334.8,3111.3,2300.8,3067.5,2293.6
4-191,Uninfected,No_comment,Polygon,19,3279.65,2083.4,3264.6,2078.15,3242.7,2085.1,3223.7,2096.2,3208.7,2112.55,3197.6,2127.6,3192.95,2153.05,3192.35,2174.65,3200.2,2189.05,3213.25,2204.05,3238.1,2217.15,3254.45,2223.65,3277.3,2221.7,3292.35,2211.95,3313.25,2196.85,3327,2175.3,3336.15,2151.75,3322.1,2110.2,3302.5,2093.85
4-192,Uninfected,No_comment,Polygon,18,3370.15,2180.55,3347.9,2181.85,3317.2,2197.5,3301.5,2210.6,3279.3,2228.25,3266.85,2241.3,3251.85,2286.4,3258.35,2307.35,3266.2,2325.65,3277.3,2334.15,3303.45,2335.45,3337.7,2326.65,3361,2309.3,3379.95,2288.4,3395.65,2262.25,3404.8,2216.5,3404.8,2187.05,3383.2,2179.9
4-193,Uninfected,No_comment,Polygon,19,3191.05,2201.45,3170.8,2202.1,3147.25,2211.2,3133.5,2220.35,3119.15,2232.1,3108.05,2246.55,3105.4,2278.55,3110,2292.3,3123.05,2313.2,3138.1,2325.65,3149.85,2334.15,3177.95,2339.35,3205.4,2342.65,3244,2318.45,3252.5,2296.2,3251.85,2260.95,3255.1,2229.55,3234.6,2212.8,3210.4,2201.1
4-194,Uninfected,No_comment,Polygon,13,2707.85,1816.35,2684.2,1827.05,2659.5,1846.4,2642.25,1884.1,2645.55,1915.3,2661.65,1936.8,2690.65,1951.8,2734.75,1952.95,2764.85,1930.35,2785.35,1887.35,2791.8,1850.7,2772.45,1819.6,2740.2,1814.2
4-195,Uninfected,No_comment,Polygon,19,2814.4,1855,2836.9,1855,2859.5,1857.15,2880,1858.3,2889.6,1862.6,2902.5,1879.8,2909,1902.4,2896.05,1933.5,2882.15,1951.8,2870.25,1964.7,2862.75,1978.75,2855.25,1989.5,2842.35,1998.1,2816.55,2001.3,2786.4,1998.1,2762.7,1969,2758.4,1936.8,2770.25,1894.85,2793.9,1866.9
4-196,Uninfected,No_comment,Polygon,15,2403.45,1840.5,2429.95,1827.25,2504.75,1843.8,2518.65,1870.3,2526.6,1902.05,2516.7,1921.95,2490.2,1953.1,2465.05,1963.7,2418,1971.65,2369.65,1978.3,2345.8,1972.25,2337.4,1955.9,2338.05,1925.5,2350,1902.25,2368.45,1873.15
4-197,Uninfected,No_comment,Polygon,18,2476.95,1949.7,2444.5,1954.4,2406.75,1962.95,2375.65,1975.6,2359.7,1990.8,2355.1,2010.05,2360.4,2023.25,2379.6,2053.75,2390.85,2069.65,2418.65,2086.9,2449.15,2095.5,2471,2096.8,2503.45,2088.85,2520.65,2071,2539.2,2042.5,2541.2,2014.05,2527.95,1974.9,2506.75,1954.45
4-198,Uninfected,No_comment,Polygon,18,2295.7,1977.75,2265.2,1975.8,2236.55,1989.55,2218.65,2006.75,2204.1,2026.6,2200.75,2050.45,2212.05,2069.65,2227.95,2085.55,2254.4,2084.25,2272.95,2095.5,2288.85,2101.4,2328.6,2104.75,2351.8,2104.05,2372.3,2092.2,2386.9,2066.3,2371.7,2033.15,2344.5,2002.1,2323.3,1986.2
4-199,Uninfected,No_comment,Polygon,14,2187.55,2089.55,2157.7,2085.55,2133.25,2092.25,2106.05,2116.65,2094.8,2145.8,2078.95,2182.95,2073.6,2225.2,2075.6,2243.15,2090.85,2264.35,2122.6,2268.3,2156.4,2254.4,2182.25,2231.2,2204.7,2171.6,2208.65,2115.3
4-200,Uninfected,No_comment,Polygon,14,2210.7,2087.55,2235.85,2096.8,2258.4,2106.7,2286.2,2121.3,2302.75,2139.15,2312.7,2176.9,2311.35,2216.05,2284.2,2237.25,2256.4,2247.8,2212.7,2237.9,2192.8,2224,2190.85,2195.45,2196.75,2131.9,2200.1,2102.8
4-201,Uninfected,No_comment,Polygon,15,1573.35,2051,1537.35,2023.7,1496.35,2025.1,1461.85,2043.05,1448.15,2064.7,1437.35,2092.05,1439.55,2121.5,1451.05,2137.3,1466.85,2153.2,1495.65,2162.55,1515.05,2164.7,1551.75,2153.2,1565.45,2136.65,1580.55,2108.55,1586.95,2086.9
4-202,Uninfected,No_comment,Polygon,15,1611.45,2098.45,1592.75,2107.15,1569.8,2120.75,1553.25,2140.2,1536.65,2171.9,1530.9,2214.35,1534.5,2251.75,1558.95,2262.55,1599.95,2252.4,1630.2,2243.8,1660.4,2222.25,1676.95,2175.5,1672.6,2131.55,1656.1,2105,1632.35,2094.2
4-203,Uninfected,No_comment,Polygon,14,1694.2,2065.35,1680.55,2082.65,1669,2111.4,1664.65,2144.45,1674,2176.1,1697.8,2199.2,1720.1,2203.55,1751.05,2199.95,1793.5,2168.95,1812.2,2128.7,1817.2,2087.65,1790.6,2066.15,1743.85,2057.45,1711.45,2060.35
4-204,Uninfected,No_comment,Polygon,14,1853.9,2115,1825.15,2135.2,1814.35,2159.6,1802.85,2174.7,1794.2,2194.85,1792.05,2207.15,1800.7,2232.3,1817.95,2256.75,1838.8,2268.95,1873.35,2283.4,1894.2,2266.8,1936.65,2220.1,1928.75,2162.55,1893.5,2122.95
4-205,Uninfected,No_comment,Polygon,14,1898.5,2074.05,1907.15,2047.4,1927.3,2029.45,1948.9,2015.75,1973.35,2018.6,1999.95,2023.7,2024.4,2040.9,2033.05,2065.35,2031.6,2094.2,2023.55,2119.9,1993.4,2140.7,1957.5,2150.25,1920.1,2143.8,1899.95,2110
4-206,Uninfected,No_comment,Polygon,14,1770.45,2197.8,1743.8,2196.25,1707.15,2206.4,1689.9,2224.35,1679.1,2248.8,1680.55,2283.4,1694.9,2307.15,1710.75,2323.7,1733.05,2337.3,1771.9,2344.55,1804.25,2335.2,1825.15,2297.8,1823.65,2256.65,1806.45,2222.9
4-207,Uninfected,No_comment,Polygon,15,1652.5,2241.65,1612.85,2232.9,1581.25,2241.6,1551.75,2255.95,1530.2,2273.3,1526.6,2302.05,1541.7,2320.75,1564,2348.15,1592.75,2368.3,1615.8,2392.75,1637.35,2399.2,1674.8,2393.45,1700.7,2353.85,1691.35,2292,1670.45,2254.6
4-208,Uninfected,No_comment,Polygon,15,1985.45,2266.75,1961.85,2250.5,1929.35,2253.75,1900.05,2268.4,1883,2283,1872.4,2301.7,1866.75,2321.25,1865.9,2339.95,1874.85,2361.05,1884.6,2380.6,1908.2,2400.9,1944.8,2396.85,1965.1,2380.6,1983.8,2343.2,1988.7,2296
4-209,Uninfected,No_comment,Polygon,17,1991.1,2272.45,2004.15,2259.45,2034.45,2247.95,2057.8,2251.3,2074.05,2270.8,2076.5,2304.95,2071.6,2336.7,2071.6,2357.8,2070,2385.45,2061.05,2410.65,2048.85,2435.05,2023.65,2450.5,1991.1,2442.35,1974.05,2425.3,1960.25,2393.6,1962.7,2373.2,1974.85,2311.4
4-210,Uninfected,No_comment,Polygon,18,2196.85,2265.15,2166.75,2261.05,2142.35,2264.3,2122.05,2274.9,2098.45,2283.85,2080.55,2295.2,2066.7,2309.05,2058.55,2328.55,2060.2,2344,2073.25,2364.3,2085.45,2378.95,2115.5,2393.6,2153.75,2383,2181.4,2375.7,2196.85,2364.3,2209,2344,2205.75,2307.4,2204.15,2283.85
4-211,Uninfected,No_comment,Polygon,13,2336.2,2320.25,2310.7,2311.7,2268.15,2321.3,2235.15,2340.4,2212.8,2375.5,2210.7,2414.8,2237.3,2448.9,2270.2,2451.05,2307.45,2437.15,2330.9,2423.4,2350,2394.65,2358.5,2360.55,2354.3,2336.1
4-212,Uninfected,No_comment,Polygon,17,2062.95,2449.1,2044.1,2449.1,2020.8,2459.8,2004.45,2473.65,1991.25,2490.65,1988.75,2515.15,1997.55,2546.6,2010.15,2552.9,2033.4,2566.75,2051.65,2599.45,2060.45,2610.15,2083.7,2621.5,2122.1,2613.9,2139.05,2588.1,2127.75,2544.7,2110.15,2488.1,2092.5,2464.2
4-213,Uninfected,No_comment,Polygon,13,1966.1,2499.45,1951,2486.25,1917.65,2488.1,1878,2498.8,1849.1,2514.55,1830.2,2561.15,1810.7,2607,1829.6,2645.4,1859.8,2657.35,1890.6,2654.8,1925.8,2632.8,1947.25,2578.05,1968.6,2544.7
4-214,Uninfected,No_comment,Polygon,14,1972.4,2552.9,1924.55,2576.15,1922.1,2607,1920.8,2648.5,1931.5,2669.3,1950.3,2685.6,1984.95,2693.8,2013.25,2685,2045.35,2671.15,2056.65,2635.3,2061.05,2613.3,2049.15,2581.15,2028.95,2560.4,1996.3,2548.5
4-215,Uninfected,No_comment,Polygon,17,2040.3,2446,2048.3,2422.75,2060.25,2402.65,2078.05,2389.35,2101.3,2386.55,2146.6,2386.9,2173.65,2391.9,2185,2404.45,2186.25,2435.3,2185,2467.35,2181.85,2499.45,2176.15,2516.4,2169.9,2557.95,2139.05,2576.15,2106.95,2579.3,2076.75,2568.55,2059.2,2525.8
4-216,Uninfected,No_comment,Polygon,12,2228.35,2459.2,2265.8,2447.9,2316.45,2449.1,2338.45,2459.2,2351.65,2483.7,2351.65,2503.85,2320.2,2531.5,2284.35,2548.5,2237.2,2557.35,2198.2,2553.55,2183.7,2523.95,2193.8,2493.15
4-217,Uninfected,No_comment,Polygon,13,2168.6,2558.55,2212.65,2547.85,2249.1,2539.05,2302.55,2537.8,2331.5,2546,2355.4,2559.8,2366.65,2581.8,2356.65,2605.1,2328.4,2630.2,2281.85,2647.2,2204.5,2659.75,2144.85,2632.65,2123.9,2589.8
4-218,Uninfected,No_comment,Polygon,14,2356.05,2633.45,2330.25,2632.2,2291.25,2635.3,2268,2652.3,2258.7,2665.4,2259.35,2698.15,2263.15,2718.9,2273,2739.75,2289.35,2752.3,2314.5,2758,2350.35,2756.1,2382.45,2731.55,2393.75,2707.05,2385.6,2655.45
4-219,Uninfected,No_comment,Polygon,14,2232.15,2756.1,2193.95,2749.7,2159.15,2761.1,2142.8,2776.85,2135.25,2815.85,2145.95,2847.3,2157.3,2874.35,2170.5,2893.85,2186.85,2908.95,2222.05,2908.3,2248.5,2898.85,2272.4,2850.45,2271.75,2802.65,2253.5,2772.45
4-220,Uninfected,No_comment,Polygon,18,2237.35,2742.15,2275.55,2746.65,2288.1,2758,2312,2768.65,2344.7,2768.65,2368.6,2781.9,2383.7,2793.2,2398.8,2820.85,2400.7,2854.2,2390,2875.6,2371.75,2888.15,2335.3,2891.3,2305.7,2888.15,2276.8,2891.3,2253.5,2898.85,2241.55,2889.45,2232.75,2856.7,2229.65,2788.15
4-221,Uninfected,No_comment,Polygon,12,2474.9,2795.1,2498.2,2785,2532.75,2776.2,2555.4,2781.9,2581.2,2796.35,2595.05,2835.95,2597.55,2872.45,2580.55,2909.55,2521.45,2920.25,2468.6,2908.3,2450.4,2861.75,2458.55,2824.65
4-222,Uninfected,No_comment,Polygon,16,2598.2,2773.7,2613.9,2751.05,2631.5,2734.7,2652.9,2727.8,2679.95,2727.8,2702.6,2729.65,2715.8,2744.15,2729,2767.4,2734.65,2786.3,2730.9,2803.25,2710.15,2852.3,2695.65,2867.4,2651,2890.05,2612,2891.3,2583.65,2850.45,2577.95,2809.55
4-223,Uninfected,No_comment,Polygon,17,2736.55,2779.35,2762.35,2777.5,2790,2778.75,2815.15,2791.95,2840.95,2818.35,2857.3,2844.15,2865.5,2866.8,2849.15,2883.15,2824,2898.25,2764.25,2920.9,2735.3,2930.95,2691.9,2928.4,2676.8,2914.6,2658.55,2884.35,2662.35,2853.55,2678.7,2819.55,2700.7,2793.8
4-224,Uninfected,No_comment,Polygon,13,2702.6,2667.4,2723.35,2635.35,2751,2623.4,2793.8,2618.35,2820.2,2632.8,2842.85,2659.25,2854.8,2703.9,2839.05,2744.75,2812.65,2766.8,2779.25,2781.85,2730.25,2771.2,2699.45,2729.05,2696.95,2700.1
4-225,Uninfected,No_comment,Polygon,13,2853.55,2712.05,2887.5,2714.6,2914.55,2725.25,2934.65,2751.05,2935.95,2785.65,2925.85,2810.2,2900.7,2833.45,2864.85,2841,2820.15,2831.5,2800.05,2806.4,2791.85,2783.1,2796.3,2756.65,2808.25,2730.3
4-226,Uninfected,No_comment,Polygon,11,2997.6,2612.7,3051.05,2607,3076.25,2622.7,3101.4,2666.1,3102,2706.35,3069.95,2746,3042.9,2757.3,2991.3,2747.3,2968.05,2714.55,2961.15,2668.05,2973.7,2639.75
4-227,Uninfected,No_comment,Polygon,16,3075.6,2780,3052.35,2766.1,3015.2,2756.7,2983.75,2769.25,2962.4,2802.05,2963,2823.4,2974.35,2856.7,2986.9,2872.4,3008.95,2886.95,3027.15,2890.1,3058.6,2886.95,3081.25,2877.45,3106.4,2849.85,3117.75,2817.7,3112.7,2796.95,3097,2782.55
4-228,Uninfected,No_comment,Polygon,16,3175,2841.6,3147.3,2866.8,3142.25,2891.3,3137.85,2917.75,3146.65,2944.75,3159.9,2964.25,3173.7,2981.9,3177.85,2987.25,3229.2,2985.95,3262.4,2977.15,3267.75,2939.3,3273.15,2910.95,3288.7,2888.65,3290.05,2858.25,3244.8,2832.55,3207.6,2829.2
4-229,Uninfected,No_comment,Polygon,16,2452.4,2247.55,2459.2,2223.4,2476.5,2199.4,2506.75,2182.7,2536.35,2175.9,2564.75,2182.7,2581.4,2193.8,2597.45,2209.85,2611.05,2230.85,2607.95,2267.3,2594.4,2295.05,2565.35,2309.85,2527.7,2324.05,2497.45,2322.2,2464.75,2295.65,2454.25,2269.7
4-230,Uninfected,No_comment,Polygon,18,2382.05,2307.35,2407.95,2297.55,2437.6,2296.9,2460.45,2304.3,2474,2317.85,2481.4,2343.8,2483.25,2372.2,2481.4,2398.1,2472.15,2419.7,2456.75,2438.25,2432.05,2454.3,2411.05,2459.8,2378.35,2447.5,2359.8,2428.95,2354.9,2403.65,2362.3,2380.2,2367.25,2354.95,2370.95,2332.05
4-231,Uninfected,No_comment,Polygon,16,2512.25,2323.5,2498.1,2338.9,2485.75,2353.65,2483.9,2376.45,2496.25,2394.45,2519.7,2406.8,2559.2,2409.2,2592.55,2406.15,2614.75,2401.8,2634.5,2394.45,2650.55,2364.15,2661.05,2328.35,2645,2300.6,2622.8,2290.1,2585.7,2292.05,2556.7,2296.95
4-232,Uninfected,No_comment,Polygon,15,2690.7,2315.45,2710.45,2309.85,2732.05,2316,2754.9,2327.1,2771.55,2345.65,2777.7,2376.55,2767.85,2412.3,2757.35,2425.25,2722.8,2443.15,2699.95,2445,2664.75,2435.75,2651.8,2421.55,2637.55,2387.65,2641.85,2367.95,2656.05,2336.4
4-233,Uninfected,No_comment,Polygon,21,2567.8,2396.9,2532.6,2398.75,2496.25,2399.4,2472.75,2409.8,2461.05,2420.25,2459.8,2440.75,2466.6,2468.5,2474.65,2479.6,2499.95,2499.35,2519.1,2508.65,2536.35,2512.35,2564.15,2509.2,2579.55,2503.1,2598.1,2493.75,2609.2,2482.05,2624,2461.05,2633.25,2445,2637,2428.4,2628.35,2413.55,2606.05,2403.1,2591.25,2400.6
4-234,Parasitized,No_comment,Polygon,23,2783.9,1091.35,2796.4,1075.6,2813.75,1070.15,2829.55,1068.55,2854.55,1066.35,2854.55,1075.6,2846.95,1096.25,2849.15,1106.55,2855.1,1118.55,2857.75,1134.3,2853.95,1162.6,2840.4,1191.4,2815.9,1220.75,2798.05,1229.4,2767.55,1232.15,2747.5,1225.6,2730.25,1203.15,2722.5,1183.2,2725.85,1158.3,2734.55,1132.75,2750.85,1112.1,2772.45,1098.4,2782.75,1095.7