205,5312,2988
1-1,Uninfected,No_comment,Polygon,27,2396.65,1333.25,2372.4,1350.05,2365,1361.45,2358.05,1374.85,2358.05,1389.7,2358.55,1404.55,2363.5,1421.85,2373.9,1437.7,2386.3,1448.6,2404.1,1458,2419.95,1458.5,2433.3,1453.05,2446.7,1449.1,2457.55,1441.65,2461.55,1434.75,2468.45,1421.85,2476.4,1409.5,2481.35,1403.05,2483.8,1389.2,2483.3,1373.85,2478.85,1362.45,2467,1347.6,2460.05,1341.65,2440.75,1331.25,2427.85,1331.75,2414.5,1332.75,2400.65,1330.25
1-2,Uninfected,No_comment,Polygon,36,2520.45,1325.3,2510.55,1322.85,2503.1,1329.3,2494.2,1335.2,2486.8,1341.15,2483.3,1347.1,2483.3,1357,2484.8,1366.9,2484.8,1375.3,2487.25,1385.7,2496.2,1390.2,2504.1,1394.15,2517.95,1395.15,2526.4,1396.6,2532.8,1398.1,2541.75,1402.05,2550.15,1405.5,2556.1,1410.45,2561.05,1414.45,2567.5,1418.4,2576.9,1422.85,2588.25,1427.3,2602.15,1424.35,2613.05,1421.85,2628.35,1408.5,2638.3,1389.7,2636.8,1368.9,2633.8,1357,2625.9,1345.1,2604.6,1329.3,2594.2,1327.3,2577.4,1328.3,2565.5,1328.8,2552.15,1329.8,2539.25,1327.8,2532.35,1326.8
1-3,Uninfected,No_comment,Polygon,23,2518.95,1321.35,2497.65,1301.55,2487.25,1280.75,2490.25,1259.95,2497.65,1239.65,2511.05,1222.85,2530.85,1216.4,2552.5,1211.15,2578.4,1216.95,2591.65,1222.8,2605.4,1232.85,2613.85,1242.35,2618.1,1254,2622.85,1264.6,2625.5,1278.35,2623.9,1290.5,2616.5,1304.8,2609.65,1317.5,2599.6,1325.45,2583.4,1327.4,2571.2,1329,2550.55,1329.55,2529.95,1326.9
1-4,Uninfected,No_comment,Polygon,23,2501.95,1393.55,2489,1397.4,2481.3,1402,2474.7,1414.35,2456.2,1444.5,2450.9,1458.8,2452.5,1472.55,2456.7,1486.3,2462,1497.4,2473.1,1505.85,2484.25,1511.7,2502.75,1514.85,2518.1,1517,2531.85,1514.35,2546.15,1507.45,2560.4,1492.65,2569.95,1482.05,2577.35,1465.65,2577.35,1446.1,2572.6,1427.55,2565.4,1417.35,2552.15,1407.3,2532.9,1400.05
1-5,Uninfected,No_comment,Polygon,23,2409.6,1485.25,2387.95,1487.9,2371,1499,2357.75,1510.65,2346.65,1524.4,2343.5,1536.55,2339.25,1553.5,2339.8,1566.7,2342.45,1584.7,2349.85,1599.55,2366.25,1615.4,2379.45,1625.45,2396.95,1629.15,2409.6,1630.75,2427.6,1622.3,2447.2,1610.1,2466.25,1593.7,2476.8,1578.35,2475.75,1545.05,2462.55,1525.45,2455.15,1511.15,2440.3,1496.9,2420.2,1487.9
1-6,Uninfected,No_comment,Polygon,24,2683.7,1542.9,2658.3,1543.45,2643.5,1545.05,2626.05,1550.85,2613.85,1556.15,2601.15,1566.2,2589.55,1578.35,2577.35,1593.2,2572.6,1606.4,2573.65,1624.4,2585.8,1641.85,2597.45,1656.65,2609.1,1664.1,2637.85,1673.25,2651.2,1673.85,2675,1670.95,2688.95,1666.3,2705.3,1655.25,2718.05,1644.2,2732.6,1627.35,2733.75,1597.7,2731.4,1580.25,2722.1,1565.1,2705.85,1552.35
1-7,Uninfected,No_comment,Polygon,26,2661.8,1433.9,2642.4,1423.6,2625.4,1419.95,2606.45,1421.6,2575.15,1428.4,2564.35,1435.9,2551.55,1447.4,2543.7,1460.75,2541.9,1477.1,2543.15,1492.85,2550.9,1509.05,2564.85,1521.2,2579.4,1531.5,2593.95,1544.2,2612.1,1549.05,2623.15,1551.95,2646.15,1557.35,2658.3,1557.35,2678.3,1554.35,2695.1,1546.05,2706.65,1537.5,2720.6,1521.8,2720.6,1490.9,2713.35,1476.35,2699.4,1462.35,2679.4,1447.8
1-8,Uninfected,No_comment,Polygon,23,2583.65,1535.65,2585.4,1556.95,2585.4,1575.1,2584.95,1591.35,2577.05,1609.5,2564.85,1624.2,2552.7,1638.75,2533.35,1647.2,2517.55,1653.3,2495.15,1646.05,2476.95,1637.5,2463.05,1616.9,2453.25,1593.05,2449.6,1570.05,2453.85,1548.8,2464.15,1533.05,2473.35,1519.35,2482.4,1514.5,2492.85,1509.2,2515.85,1505,2537.05,1505,2556.35,1506.6,2570.3,1514.45
1-9,Uninfected,No_comment,Polygon,21,2329,1584.55,2310.55,1580.85,2292.7,1583.8,2275.7,1591.2,2257.15,1603.8,2245.3,1621.65,2242.4,1638.65,2241.65,1660.1,2249.8,1675.65,2259.4,1692.7,2271.95,1700.85,2286.8,1705.3,2305.3,1707.55,2320.1,1700.1,2332.7,1691.25,2346.85,1674.95,2352,1657.15,2359.4,1636.4,2360.85,1617.15,2351.1,1598.55,2342.4,1591.2
1-10,Uninfected,No_comment,Polygon,24,2186.8,1438.6,2168.25,1439.35,2149.8,1452.75,2137.9,1457.2,2125.35,1466.75,2120.1,1479.35,2118.65,1496.4,2114.2,1511.95,2116.4,1523.8,2126.8,1540.85,2134.95,1554.15,2149,1563.05,2169.8,1569.8,2188.25,1571.2,2204.55,1565.35,2220.1,1554.9,2233.45,1543.05,2241.65,1526,2243.1,1502.35,2240.1,1477.2,2227.55,1459.35,2211.95,1442.3,2199.4,1438.6,2183.1,1436.4
1-11,Uninfected,No_comment,Polygon,25,2183.8,1434.2,2162.35,1428.25,2148.25,1413.4,2137.9,1396.45,2129.8,1390.45,2121.65,1394.15,2116.4,1384.6,2123.05,1381.6,2122.35,1368.3,2122.35,1348.3,2125.35,1330.45,2134.2,1326,2155.65,1318.6,2174.2,1314.15,2204.55,1320.15,2221.65,1326.75,2238.65,1337.85,2250.5,1351.95,2258.65,1367.5,2262.4,1382.3,2258.65,1406.05,2247.65,1419.95,2233.65,1433.1,2216.4,1440.1,2203.1,1440.05
1-12,Uninfected,No_comment,Polygon,20,2868.25,1407.45,2834.95,1404.5,2816.4,1414.9,2803.8,1423.05,2792.7,1441.5,2789.75,1454.1,2786.05,1473.4,2794.95,1498.55,2807.55,1507.5,2822.35,1516.35,2844.55,1525.25,2863.1,1526.7,2877.9,1525.95,2894.95,1514.85,2911.25,1501.5,2921.55,1477.1,2917.9,1451.2,2910.5,1429.65,2896.4,1418.6,2881.55,1409.65
1-13,Parasitized,No_comment,Polygon,23,2662.35,1430.4,2663.8,1403.75,2673.45,1379.3,2686.8,1364.5,2705.3,1353.35,2721.6,1345.95,2750.5,1346.75,2773.45,1354.1,2788.95,1365.2,2800.1,1377.05,2805.25,1395.6,2806.8,1413.35,2804.55,1435.6,2799.4,1453.35,2787.55,1464.5,2774.2,1474.9,2754.95,1477.8,2737.9,1480.05,2719.4,1478.55,2698.1,1476.1,2688.45,1473.2,2673.65,1464.25,2664.75,1450.2
1-14,Uninfected,No_comment,Polygon,21,2976.45,1305.2,2946.05,1323.75,2936.45,1337.05,2927.55,1353.35,2927.55,1371.15,2929.7,1391.15,2937.85,1408.2,2946.05,1416.35,2963.1,1424.5,2977.85,1427.45,2993.45,1429.65,3011.25,1425.95,3029.75,1421.5,3054.15,1412.65,3075.7,1396.35,3080.15,1362.3,3074.95,1341.5,3063.1,1323,3042.3,1308.2,3023.85,1302.3,3003.85,1300.75
1-15,Uninfected,No_comment,Polygon,24,3070.45,1403.05,3043.05,1408.9,3019.4,1415.55,3000.15,1422.95,2986.8,1433.35,2977.85,1447.45,2976.45,1465.95,2979.4,1484.5,2984.6,1498.55,2992,1512.65,3008.3,1525.95,3028.3,1535.65,3043.1,1540.8,3061.6,1546.7,3077.15,1544.5,3101.6,1537.1,3112,1528.95,3126.05,1512.65,3139.4,1481.5,3140.9,1457.8,3137.2,1442.25,3121.6,1428.2,3106.75,1415.6,3091.25,1406.75
1-16,Parasitized,No_comment,Polygon,17,3185.3,1478.5,3156.9,1480.75,3128.45,1495.1,3119.4,1525.1,3116,1555.75,3127.35,1578.45,3145.55,1596.7,3176.3,1608.05,3201.3,1613.7,3227.35,1600.1,3245.55,1588.7,3252.15,1575.15,3255.1,1546.15,3246.2,1525.4,3236.75,1510.05,3218.4,1492.9,3201.85,1479.9
1-17,Parasitized,No_comment,Polygon,24,3498.9,1557.4,3480,1563.95,3463.4,1576.95,3449.8,1592.95,3437.3,1607.7,3429.1,1626.05,3425.55,1642.65,3426.15,1657.45,3432.05,1669.85,3445.05,1685.25,3462.8,1693.5,3471.1,1695.3,3489.4,1696.5,3507.2,1693.5,3523.75,1688.8,3538.55,1685.25,3555.15,1679.3,3565.8,1662.75,3576.95,1646.2,3580.5,1611.25,3574.05,1584.05,3556.3,1565.7,3534.4,1556.85,3498.35,1557.4
1-18,Parasitized,No_comment,Polygon,28,3621.4,1501.2,3607.2,1511.25,3592.4,1519.55,3585.9,1527.25,3579.4,1539.65,3572.9,1552.1,3572.3,1568.65,3572.85,1585.8,3579.4,1601.8,3598.25,1621.9,3610.75,1624.9,3623.75,1624.9,3636.15,1627.85,3645.65,1628.45,3658.7,1627.85,3671.1,1626.05,3678.8,1624.3,3690.65,1615.4,3701.9,1608.9,3711.95,1599.45,3720.15,1589.95,3723.7,1564.5,3716.1,1545,3705.45,1527.85,3694.8,1513.65,3681.15,1503.55,3661.05,1500,3643.25,1497.65
1-19,Parasitized,No_comment,Polygon,25,3991.1,1200,3967.15,1200.6,3951,1209.55,3939,1219.7,3928.25,1230.55,3919.85,1244.25,3918.65,1259.85,3919.25,1274.25,3925.85,1286.8,3924.65,1300,3921.65,1310.75,3926.45,1325.75,3940.8,1341.3,3956.35,1351.5,3983.9,1359.85,4004.9,1354.5,4023.45,1347.9,4037.8,1335.3,4051,1318.5,4059.35,1289.2,4049.8,1261.65,4038.4,1237.7,4022.85,1223.95,4006.65,1207.75,3998.3,1202.4
1-20,Parasitized,No_comment,Polygon,28,3839.8,599.4,3822.35,610.25,3807.3,621.7,3798.85,633.15,3797.65,658.45,3792.8,667.45,3791.6,683.75,3795.85,700.6,3804.85,714.45,3816.9,724.1,3829.55,736.15,3839.8,744,3854.85,755.45,3873.55,756,3893.4,754.2,3907.3,746.4,3924.8,739.15,3940.4,728.3,3953.05,715.65,3965.1,693.35,3968.1,662.65,3963.3,642.15,3951.85,622.9,3942.2,609.05,3922.95,598.8,3903.65,591.55,3886.2,590.95,3865.1,590.95
1-21,Parasitized,No_comment,Polygon,24,3069.9,85.5,3051.25,106,3037.4,131.3,3036.15,157.8,3038.6,176.45,3049.45,194.55,3060.25,224.05,3074.75,233.1,3092.2,237.3,3116.3,234.9,3137.4,228.85,3156.65,219.25,3169.3,207.2,3185.55,189.1,3191.6,161.4,3178.95,141.5,3172.3,125.85,3160.85,102.35,3150.05,95.75,3131.95,83.1,3114.5,75.25,3092.8,73.45,3081.95,76.45,3070.5,87.3
1-22,Parasitized,No_comment,Polygon,32,2022.05,1030.9,2012.6,1041.35,2004.75,1049.7,1995.85,1062.8,1988.5,1074.9,1983.3,1085.9,1981.2,1097.35,1981.2,1108.9,1985.9,1121.5,1993.75,1134.55,1999.5,1143.95,2010.5,1154.4,2025.7,1161.75,2038.25,1162.8,2049.25,1164.4,2058.15,1160.25,2068.1,1154.4,2079.1,1147.15,2091.15,1139.8,2107.4,1128.3,2114.7,1123.05,2124.65,1112.6,2130.4,1096.3,2127.8,1078,2122.05,1063.9,2114.2,1052.85,2103.7,1041.35,2092.7,1033.5,2078.05,1028.8,2061.8,1026.2,2048.2,1026.2,2036.15,1026.7
1-23,Parasitized,No_comment,Polygon,22,2771.05,2827.45,2793.8,2816.5,2807.4,2800.1,2811.95,2781.05,2815.6,2759.25,2814.75,2734.7,2809.25,2722.85,2795.6,2705.55,2779.25,2690.15,2767.4,2678.35,2745.6,2670.15,2721.05,2672.85,2705.6,2680.15,2691.95,2689.25,2682.85,2700.15,2670.15,2721.95,2664.7,2743.8,2667.4,2773.8,2680.15,2798.35,2695.6,2812.9,2714.7,2824.65,2742.85,2831.95
1-24,Parasitized,No_comment,Polygon,29,2668.15,2633.2,2690.4,2626.15,2697.5,2619.7,2703.45,2609.35,2713.2,2598.5,2719.75,2588.65,2725.15,2580.5,2728.95,2564.2,2724.6,2550.1,2719.75,2538.65,2711.05,2525.65,2697.5,2503.9,2684.45,2497.35,2671.95,2493,2662.1,2488.65,2650.75,2486.5,2637.1,2490.3,2625.15,2496.8,2612.65,2502.3,2602.9,2508.8,2592.6,2526.7,2585.5,2538.65,2581.7,2558.8,2586.05,2581.65,2591.45,2596.3,2605.1,2615.9,2616.45,2623.5,2634.45,2633.8,2648,2634.35
1-25,Parasitized,No_comment,Polygon,25,3125.7,2183.85,3146.35,2178.35,3161.05,2170.2,3169.2,2163.15,3176.25,2148.45,3180.05,2134.85,3178.45,2122.95,3176.25,2109.9,3168.65,2092.45,3162.15,2079.45,3151.25,2070.8,3133.85,2070.8,3121.35,2070.25,3110.5,2071.3,3099.1,2072.9,3084.4,2072.9,3069.75,2074,3055.05,2082.15,3044.75,2091.45,3034.4,2115.3,3043.65,2140.85,3056.15,2161.5,3070.25,2172.35,3092.55,2181.1,3110.5,2181.65
1-26,Parasitized,No_comment,Polygon,33,2289.1,1857.8,2264.6,1862,2243.25,1869.3,2229.7,1881.8,2225,1892.2,2221.4,1908.35,2216.15,1922.4,2214.6,1935.4,2221.4,1957.3,2230.75,1971.9,2240.65,1977.6,2250,1984.4,2260.45,1985.4,2266.7,1988.55,2275,1996.9,2281.25,2001.05,2289.6,2004.15,2299.5,2004.7,2308.9,2002.6,2318.25,1999.5,2326.6,1995.85,2334.9,1991.15,2344.8,1985.4,2351.6,1979.15,2359.4,1968.75,2364.6,1957.8,2368.8,1947.9,2362.55,1915.1,2355.25,1892.2,2345.85,1883.85,2334.9,1873.95,2322.4,1866.65,2305.75,1860.4
1-27,Parasitized,No_comment,Polygon,37,2157.3,1618.25,2146.35,1612,2134.9,1610.4,2128.65,1613,2123.45,1620.3,2120.3,1624.5,2105.2,1628.15,2098.45,1629.15,2092.2,1630.25,2088.55,1632.3,2078.15,1638.55,2072.4,1642.75,2066.65,1649,2063.55,1655.25,2062.5,1662.5,2066.15,1673.45,2075.55,1684.4,2080.2,1695.3,2086.45,1704.7,2094.8,1711.45,2104.2,1714.6,2117.7,1720.3,2127.1,1722.9,2139.05,1726.05,2147.4,1728.65,2158.35,1730.2,2169.8,1729.7,2178.15,1723.95,2189.05,1714.6,2198.45,1706.25,2204.7,1695.3,2208.35,1683.35,2209.9,1667.2,2201.05,1642.2,2191.15,1628.65,2182.3,1621.9,2169.3,1616.65
1-28,Uninfected,No_comment,Polygon,31,2057.3,1560.95,2035.4,1556.25,2016.15,1553.15,1998.45,1557.8,1984.9,1563,1973.45,1574.5,1961.45,1588.55,1953.65,1604.7,1951.55,1615.1,1954.15,1624.5,1956.25,1635.95,1958.35,1645.3,1963.05,1655.25,1967.2,1662.5,1977.1,1670.85,1983.35,1674,1993.25,1677.6,1998.95,1680.75,2006.8,1682.8,2018.25,1685.4,2026.55,1687,2035.95,1685.95,2049.5,1679.7,2059.9,1672.9,2073.45,1662.5,2084.9,1642.75,2090.65,1629.15,2094.3,1608.85,2089.05,1593.75,2081.8,1580.25,2070.3,1567.75
1-29,Uninfected,No_comment,Polygon,30,2092.2,1711.45,2071.9,1714.05,2052.1,1720.3,2037,1730.2,2025,1741.65,2011.45,1759.9,2012,1773.95,2018.75,1787.5,2022.9,1800,2025.55,1809.4,2032.3,1824.55,2040.1,1833.35,2053.15,1839.6,2067.7,1846.4,2077.1,1851.55,2083.85,1853.15,2092.2,1852.65,2105.75,1849.55,2120.3,1845.3,2129.2,1840.65,2140.1,1832.8,2147.95,1824.55,2155.2,1808.35,2162,1795.3,2167.2,1780.8,2168.75,1764.05,2152.6,1732.3,2139.05,1724,2127.1,1716.15,2109.4,1710.4
1-30,Uninfected,No_comment,Polygon,39,2406.25,1742.7,2386.45,1746.9,2373.45,1753.65,2367.7,1758.35,2359.9,1764.6,2353.65,1770.85,2345.05,1781.25,2342.7,1799.05,2340.65,1817.2,2341.15,1830.8,2345.85,1841.15,2347.95,1846.9,2352.6,1855.8,2358.35,1863.05,2365.1,1868.75,2371.9,1873.95,2378.15,1877.1,2383.85,1879.7,2392.7,1881.8,2402.1,1883.9,2413.55,1884.9,2422.4,1883.9,2435.45,1877.65,2446.9,1874.55,2454.7,1869.8,2462,1864.05,2468.75,1856.8,2476.6,1844.8,2481.25,1829.7,2483.85,1819.3,2482.85,1795.3,2473.45,1780.8,2467.7,1770.85,2460.95,1762.5,2452.1,1755.2,2445.35,1751.05,2432.85,1746.9,2426.6,1744.8,2419.8,1743.75
1-31,Uninfected,No_comment,Polygon,39,2655.75,1788.55,2642.75,1787.5,2632.3,1790.15,2623.45,1793.3,2617.75,1795.85,2607.85,1803.65,2604.2,1808.35,2597.95,1818.3,2593.25,1829.15,2592.75,1834.4,2591.7,1841.15,2590.1,1850,2589.1,1858.35,2590.1,1866.15,2591.7,1872.9,2595.35,1881.25,2601.05,1895.3,2604.2,1898.95,2610.95,1904.7,2620.35,1909.4,2629.2,1914.05,2642.75,1919.3,2650.55,1920.3,2662.5,1920.3,2678.15,1914.05,2690.65,1909.4,2705.75,1897.4,2710.45,1888.05,2715.65,1878.15,2721.9,1863.55,2722.4,1855.2,2721.35,1840.65,2720.35,1834.9,2716.15,1824.55,2709.9,1817.7,2704.2,1810.4,2693.25,1800.55,2682.85,1793.3,2670.85,1791.65
1-32,Uninfected,No_comment,Polygon,36,1941.15,1725,1916.65,1722.4,1904.15,1725.55,1895.85,1728.15,1887,1732.8,1877.6,1737.5,1870.3,1744.3,1863.55,1750.55,1855.75,1759.9,1851.05,1767.2,1853.15,1778.65,1860.4,1788.05,1867.7,1795.85,1875.55,1804.15,1885.95,1812.05,1895.85,1818.75,1909.9,1830.2,1919.8,1835.95,1929.7,1841.15,1941.65,1843.3,1959.4,1847.4,1971.9,1848.45,1984.4,1847.9,1999.5,1849.55,2012.5,1846.9,2020.85,1837.05,2025,1821.4,2024,1807.3,2024,1795.8,2017.25,1775,2008.85,1762.5,2001.05,1754.7,1989.05,1746.35,1976.05,1738.55,1963.05,1730.2,1948.45,1727.6
1-33,Parasitized,No_comment,Polygon,32,3209.8,802.05,3193.9,804.15,3180.1,817.25,3170.45,826.9,3165.65,836.6,3159.45,854.5,3156.65,864.85,3152.55,888.35,3154.6,900.7,3160.1,909.7,3164.25,918.7,3164.95,930.4,3169.1,938.7,3176.7,942.15,3183.55,944.15,3199.45,955.85,3209.1,959.3,3219.45,960.7,3233.9,959.3,3247,951.05,3260.15,940.7,3270.45,931.05,3280.15,919.3,3289.1,906.25,3298.05,888.35,3301.5,867.6,3289.8,844.15,3276,824.15,3264.25,813.15,3253.25,806.9,3240.15,804.15,3227,801.45
1-34,Uninfected,No_comment,Polygon,27,3126.35,686.9,3100.1,698,3087.7,706.9,3076.65,722.8,3072.55,734.55,3067,746.9,3064.9,756.55,3064.9,766.9,3067.7,778,3073.2,788.35,3078.75,806.9,3087.7,820.7,3096.65,828.35,3114.6,842.05,3144.95,843.5,3154.6,839.35,3165.7,835.1,3182.95,827.55,3193.95,808.25,3199.45,795.15,3203.55,782.05,3205.65,766.25,3201.5,731.7,3194.6,711.7,3179.45,695.15,3158.05,686.25,3144.95,683.45
1-35,Uninfected,No_comment,Polygon,29,3029.45,836.9,3012.45,838.6,2996.5,842.55,2986.85,846.55,2981.2,849.4,2977.2,852.2,2968.1,862.5,2961.3,871.55,2953.9,882.35,2952.2,889.15,2954.45,907.35,2954.45,923.25,2957.3,932.9,2965.85,940.85,2973.2,948.25,2980.05,955.05,2986.85,961.3,2996.5,965.85,3007.9,966.45,3024.95,972.1,3038.55,969.25,3050.5,963,3059.6,956.75,3072.65,943.75,3084,911.3,3084.6,880.05,3076.05,858.45,3060.7,847.7,3043.7,840.85
1-36,Uninfected,No_comment,Polygon,34,3030.05,982.35,3015.85,985.75,2999.95,999.4,2991.4,1009.6,2985.7,1020.95,2981.75,1032.9,2980.05,1043.15,2980.05,1055.05,2985.15,1068.7,2989.15,1075.5,2996.5,1086.3,3001.65,1093.7,3009,1102.2,3020.95,1109.6,3027.75,1113,3040.25,1116.4,3054.45,1117,3065.85,1118.7,3077.2,1117,3084,1113,3090.25,1106.75,3095.4,1102.2,3102.75,1095.95,3109.6,1089.7,3115.25,1078.9,3121.5,1068.15,3116.95,1036.9,3108.45,1021.55,3098.2,1009.05,3084.6,997.7,3074.95,992.55,3066.4,987.45,3057.9,982.9,3044.25,981.2
1-37,Uninfected,No_comment,Polygon,31,3126.05,888.6,3113,887.5,3102.75,889.15,3091.4,894.85,3082.25,900.5,3074.3,909.6,3066.35,918.7,3060.65,926.1,3054.4,934.05,3049.3,947.7,3049.3,955.05,3049.35,965.85,3051.65,976.65,3059.6,994.25,3065.85,1002.2,3076.65,1014.15,3086.85,1021.55,3097.1,1027.8,3110.15,1037.45,3128.35,1045.95,3141.4,1046.55,3155.6,1040.3,3177.75,1034.6,3188.55,1020.95,3195.4,1010.2,3203.9,986.9,3203.9,967.55,3195.05,948.05,3181.45,924.15,3165.5,906.55,3150.5,895.4
1-38,Uninfected,No_comment,Polygon,33,3228.9,1001.65,3210.15,1005.05,3186.25,1013.6,3172.05,1022.7,3168.65,1028.35,3166.35,1036.3,3166.4,1047.7,3165.25,1060.2,3166.4,1070.4,3169.25,1078.9,3174.35,1090.3,3177.75,1095.45,3184.6,1102.8,3191.4,1109.05,3203.35,1120.45,3209,1124.95,3219.25,1129.5,3228.35,1132.95,3234.6,1134.6,3245.95,1136.9,3256.75,1137.45,3268.65,1138,3277.75,1135.15,3291.95,1123.8,3298.8,1113.6,3309.6,1102.8,3316.4,1088,3318.1,1068.7,3315.25,1051.65,3302.75,1039.15,3290.25,1026.65,3271.5,1017,3246.5,1004.5
1-39,Uninfected,No_comment,Polygon,37,3289.35,895.2,3275.1,908.8,3262.6,924.75,3253.55,934.4,3249,941.2,3245,952.55,3241.95,965.85,3250.5,981.75,3256.75,998.8,3260.15,1008.45,3266.95,1016.4,3274.85,1022.65,3282.25,1030,3291.95,1035.7,3302.75,1037.95,3319.25,1039.7,3330.05,1037.45,3339.7,1034.05,3352.2,1026.65,3361.85,1019.85,3369.25,1014.7,3376.65,1007.9,3382.3,1002.8,3388,992.55,3392.55,979.5,3394.25,968.15,3396.5,959.6,3397.1,944.85,3390.25,928.95,3380.05,902.8,3371.5,900.5,3361.85,895.95,3345.4,890.3,3331.75,886.3,3322.1,885.75,3312.4,886.9,3303.9,888.6
1-40,Uninfected,No_comment,Polygon,34,3386.85,738.6,3365.85,738,3350.5,743.15,3335.7,749.4,3324.35,755.65,3314.15,763,3306.15,770.4,3298.8,778.35,3293.1,786.3,3286.85,794.25,3280.05,803.95,3275.5,815.3,3274.9,819.25,3279.1,844.05,3284.2,850.3,3295.6,865.05,3300.7,873.05,3309,882.35,3331.35,890.7,3350.7,895.2,3374.9,898.25,3385.7,898.25,3397.1,893.75,3406.75,886.3,3415.85,877.8,3424.35,867.55,3432.3,857.35,3439.15,845.95,3445.95,820.4,3443.1,798.8,3441.95,779.5,3431.75,765.3,3416.95,756.25,3404.45,747.1
1-41,Uninfected,No_comment,Polygon,33,3294.2,526.25,3276.4,523.3,3263,525.25,3246.2,533.2,3233.3,540.6,3225.9,547.05,3220.95,553,3215,562.9,3212.05,572.8,3209.55,584.65,3210.55,598.55,3213,610.4,3216,620.3,3221.95,628.25,3227.4,635.15,3234.8,643.1,3250.65,654.45,3265,652,3274.4,652,3283.8,651,3296.2,648.05,3305.1,646.05,3317,640.6,3324.9,633.7,3332.35,624.75,3339.75,609.4,3342.25,602,3341.25,573.75,3339.25,561.9,3333.3,552,3326.4,544.05,3319.95,537.15,3309.55,529.7
1-42,Uninfected,No_comment,Polygon,36,3380.85,596.05,3363.5,594.55,3350.15,599.5,3339.2,604.45,3317.45,620.8,3308.1,636.65,3302.15,650.5,3301.15,661.4,3303.6,671.3,3308.55,683.2,3315.5,693.1,3320.45,704,3324.4,713.4,3329.85,722.3,3336.8,729.25,3344.7,736.65,3354.2,743.55,3362.65,749.5,3377.5,754.45,3396.75,751.45,3406.1,747.05,3418,744.1,3428.85,738.65,3442.75,730.7,3451.15,723.3,3459.55,712.9,3468,697.55,3468.95,678.25,3462.55,658.95,3458.1,647.55,3450.65,639.1,3430.35,630.2,3410.55,622.3,3403.15,615.85,3393.25,608.45,3385.8,601
1-43,Uninfected,No_comment,Polygon,31,3237.3,648.55,3223.4,652.5,3209.05,661.4,3201.15,669.3,3194.7,679.7,3188.25,690.1,3185.75,704.7,3184.75,720.05,3186.75,732.95,3192.2,754.7,3199.6,768.1,3209.05,791.6,3216.5,799.55,3226.1,806.95,3236.5,808.45,3257.3,810.9,3274.9,809.45,3285.45,805.4,3297.85,799.95,3312.15,792.55,3323.5,781.15,3333.45,767.3,3337.3,747.05,3336.8,721.75,3330.35,705.4,3320.45,677.7,3314.5,667.8,3305.1,660.35,3287.8,651,3271.45,646.55,3255.1,645.55
1-44,Uninfected,No_comment,Polygon,28,3487.8,505.45,3465.5,505.95,3449.15,508.4,3423.45,518.3,3404.6,531.7,3391.75,542.1,3385.8,550.5,3383.35,561.9,3382.85,573.75,3389.25,587.15,3397.2,599,3403.15,607.45,3411.55,613.85,3419.95,619.8,3432.35,627.75,3444.7,631.2,3458.6,637.15,3480.85,637.65,3494.7,633.2,3503.65,626.75,3519,616.85,3529.35,607.45,3537.3,588.15,3542.25,567.35,3533.85,541.1,3521.95,515.85,3513.55,509.9,3502.15,507.95
1-45,Uninfected,No_comment,Polygon,33,3409.45,377.5,3382.55,382.45,3368.8,388.45,3361.1,393.4,3355.05,398.35,3346.8,405.5,3340.25,412.05,3334.2,419.75,3329.8,433,3328.7,442.85,3329.8,451.1,3329.8,459.9,3331.45,466.45,3334.75,477.45,3334.75,485.75,3338.6,494.5,3342.95,501.65,3350.1,509.9,3360,519.75,3372.65,526.35,3388.05,531.3,3410.35,534,3431.8,530.15,3449.95,520.8,3467.5,512,3475.4,497.25,3483.1,482.45,3489.15,452.2,3487.5,437.4,3481.45,414.25,3471.55,402.2,3454.5,389.55,3429.8,381.35
1-46,Uninfected,No_comment,Polygon,32,3667.15,451.65,3650.15,453.3,3639.15,453.85,3628.15,458.25,3621,464.8,3612.2,470.85,3605.6,476.9,3599.6,484.1,3595.2,490.7,3592.45,499.45,3589.15,511.55,3588.05,522.5,3586.95,540.15,3595.75,559.35,3599.05,572.5,3604,578,3610.55,589.6,3619.9,598.9,3632.55,609.35,3650.15,608.25,3660.55,611,3681.45,611.55,3695.75,601.1,3706.75,592.35,3713.3,583.5,3723.2,560.45,3728.15,544.55,3730.9,517.05,3724.3,495.05,3712.75,477.45,3696.85,460.45,3680.9,452.75
1-47,Uninfected,No_comment,Polygon,35,3800.7,439.05,3783.65,438.5,3771.55,439.6,3764.95,443.95,3755.1,452.2,3742.45,461.55,3735.85,469.75,3732.55,476.9,3725.4,492.35,3722.6,504.95,3722.6,517.05,3721.5,528.55,3718.75,547.25,3719.85,559.35,3721.55,579.1,3723.75,590.7,3729.25,604.4,3738.05,614.85,3746.3,622.5,3762.25,630.75,3780.35,631.85,3796.3,624.7,3809.5,614.3,3817.15,602.2,3819.9,590.7,3816.6,569.25,3812.8,553.85,3808.4,535.75,3817.15,515.95,3828.15,500,3839.7,480.2,3832.55,459.35,3827.05,450.55,3819.35,443.4,3805.65,439.05
1-48,Uninfected,No_comment,Polygon,34,3668.25,745.05,3639.7,729.65,3626.5,722.55,3600.15,720.35,3582.55,719.8,3567.7,720.35,3559.45,725.85,3550.7,735.7,3541.9,746.75,3534.2,755.55,3529.25,765.4,3527.05,775.85,3527.05,783.5,3529.8,800.05,3530.35,805,3533.1,814.3,3538.6,820.9,3547.95,826.4,3557.8,834.05,3565.5,837.35,3578.15,844.5,3589.15,848.9,3599.05,851.15,3619.9,851.15,3636.4,845.6,3645.75,840.1,3656.2,836.25,3668.25,824.2,3675.95,816.5,3683.65,805.55,3689.15,794.5,3693,774.75,3685.85,763.2,3674.85,749.5
1-49,Uninfected,No_comment,Polygon,34,3964.45,716.5,3946.9,716.45,3937,717.55,3924.35,723.55,3914.5,730.15,3899.1,741.15,3888.65,747.25,3876.55,756,3866.65,761.55,3857.3,767.6,3854.55,772,3851.8,779.15,3849.6,787.9,3848.5,796.7,3849.05,805.55,3854.55,816.5,3860.05,824.75,3865.55,831.9,3874.85,840.65,3884.2,847.8,3894.65,852.25,3911.7,854.45,3925.95,853.9,3938.6,848.9,3954,842.3,3963.9,835.7,3985.3,825.85,3995.2,816.5,4002.9,797.25,4006.2,781.3,4006.75,759.9,3997.4,732.4,3988.6,723.65,3979.25,719.8
1-50,Uninfected,No_comment,Polygon,31,3785.3,696.2,3768.8,695.65,3757.3,697.85,3746.85,703.35,3738.6,708.25,3730.35,714.85,3721,723.1,3713.3,732.95,3707.3,741.2,3702.35,755.55,3700.7,769.8,3706.75,783.5,3714.95,797.85,3722.1,809.35,3731.45,818.7,3742.45,825.85,3755.65,832.45,3774.85,839,3795.2,840.65,3807.85,837.9,3819.35,829.15,3839.15,813.75,3849.65,803.3,3857.9,787.35,3859.55,771.45,3852.95,750.55,3844.7,735.1,3838.7,725.75,3826.05,717.55,3812.9,706,3803,699.95
1-51,Uninfected,No_comment,Polygon,24,2593.9,250,2574.65,252.3,2551.6,260,2539.3,269.2,2529.3,282.3,2520.85,297.7,2517,312.3,2513.9,328.45,2513.9,341.55,2513.9,356.15,2528.5,378.45,2543.15,393.85,2574.65,405.4,2587.75,406.15,2608.5,401.55,2621.6,398.45,2636.2,390,2649.3,383.05,2663.15,367.7,2669.3,356.9,2670.05,323.85,2657,293.85,2636.2,268.45,2611.6,255.35
1-52,Uninfected,No_comment,Polygon,27,2757,303.85,2740.05,304.6,2723.9,312.3,2711.6,316.9,2700.85,324.6,2693.15,335.35,2690.05,342.3,2687.75,352.3,2687.75,364.6,2688.55,376.9,2689.3,386.9,2697,406.15,2703.15,420,2720.05,439.2,2730.05,443.85,2743.15,446.9,2756.2,448.45,2773.9,444.6,2790.05,440,2803.9,432.3,2822.4,401.55,2822.4,380,2817.75,360.75,2809.3,344.6,2797.75,324.6,2788.55,313.85,2775.45,307.7
1-53,Uninfected,No_comment,Polygon,37,2561.35,402.35,2556.15,408.95,2553.3,417.9,2552.4,425.45,2552.4,433.5,2553.8,445.25,2553.8,457.55,2556.15,466.95,2560.9,475,2566.05,481.6,2574.1,491.05,2578.8,495.75,2588.7,501.4,2598.15,503.75,2607.05,507.05,2615.15,509.4,2625.05,513.2,2635.4,517.9,2647.2,521.2,2662.3,521.2,2672.7,518.85,2682.6,513.65,2690.6,503.75,2695.8,497.15,2702.85,488.2,2709.95,471.7,2710.9,455.2,2705.7,433,2701.3,415.6,2693.45,400,2681.65,390.1,2657.6,381.1,2628.75,376.85,2613.2,384.9,2598.1,387.25,2586.35,391.5,2577.85,396.2
1-54,Uninfected,No_comment,Polygon,47,2812.75,437.25,2796.6,433.55,2785.75,437.75,2769.2,437.3,2761.2,439.65,2753.25,442,2745.2,444.85,2737.75,446.7,2733.05,448.1,2721.25,457.55,2717,465.1,2716.55,471.7,2716.05,479.25,2712.75,482.55,2709.95,489.15,2716.55,496.2,2726,500.45,2731.15,504.25,2737.75,510.35,2745.3,516.95,2754.3,521.7,2761.35,527.8,2767.95,533,2775,538.2,2783.05,545.25,2790.15,551.9,2794.4,555.2,2802.85,562.25,2814.6,571.2,2830.7,577.35,2849.1,583.95,2862.3,582.05,2873.6,576.4,2880.7,568.85,2888.7,557.55,2893.45,545.25,2897.7,529.25,2897.7,513.2,2890.15,497.15,2882.55,490.55,2873.15,485.35,2864.2,480.65,2854.3,473.55,2844.85,464.6,2835.85,450,2828.35,442.45,2822.2,439.15
1-55,Uninfected,No_comment,Polygon,45,2771.25,539.15,2751,534.9,2729.75,534.9,2712.3,541.5,2700.5,550.45,2692.9,556.1,2685.9,568.4,2684.95,583.5,2687.75,600.95,2695.8,614.15,2697.7,621.2,2702.4,631.6,2707.6,640.1,2712.3,647.65,2716.05,655.2,2721.75,662.75,2728.35,669.8,2733.55,675.95,2739.2,681.6,2746.75,686.8,2754.75,690.1,2766.1,692.45,2771.75,694.35,2781.65,699.5,2788.25,700,2799.55,697.15,2808.05,694.8,2816.1,691.5,2825.45,685.85,2832.1,677.35,2838.25,664.6,2842.95,654.7,2844.4,647.15,2846.25,634.4,2846.25,618.4,2842.95,607.55,2839.2,592.9,2835.4,583.95,2831.1,577.3,2824.05,568.35,2815.1,561.25,2807.6,554.2,2800.05,547.6,2790.6,539.55,2776.9,537.2
1-56,Uninfected,No_comment,Polygon,31,2686.8,599.5,2672.2,595.75,2660.4,595.25,2649.1,597.15,2639.15,601.4,2628.3,608.95,2620.8,616.5,2613.25,625.45,2602.85,637.75,2596.25,645.75,2588.7,658.5,2591.55,675.95,2600.05,695.25,2609,710.35,2617.9,721.7,2631.65,731.6,2644.85,734.9,2656.65,736.3,2671.75,736.8,2683.55,734.4,2692.9,728.3,2701,724.5,2711.35,717.9,2718.9,710.85,2725.5,701.9,2731.65,692.9,2733,672.15,2733,660.35,2719.85,640.1,2709.45,623.6,2700,611.3
1-57,Uninfected,No_comment,Polygon,49,2570.8,499.05,2552.85,502.35,2545.3,508,2539.2,511.8,2532.6,516.05,2528.3,518.85,2523.6,525.45,2520.8,529.7,2517.95,533.5,2515.6,538.2,2513.7,543.4,2512.3,548.1,2511.35,553.3,2510.35,556.6,2510.35,559.9,2510.9,567.9,2512.3,574.05,2513.7,580.65,2514.65,586.3,2515.6,591.05,2517.45,596.7,2519.35,601.4,2524.1,609.9,2527.4,613.2,2534,620.25,2538.7,625.95,2545.3,632.05,2553.8,637.25,2560.9,639.15,2571.75,640.1,2584,637.25,2595.3,633.95,2607.6,630.6,2612.75,628.25,2618.45,624.45,2626.9,618.8,2633.05,615.5,2640.15,609.35,2645.3,602.75,2652.4,594.8,2659,585.35,2659,554.7,2654.3,536.8,2644.4,529.7,2634.4,518.4,2623.55,508.5,2608.95,504.7,2594.8,498.55,2578.3,498.1
1-58,Uninfected,No_comment,Polygon,41,2415.6,530.2,2406.15,533.95,2398.15,538.2,2388.7,547.65,2379.75,556.1,2373.6,564.6,2369.35,573.1,2367.95,580.65,2367,587.7,2366.55,595.75,2366.55,603.75,2368.45,610.85,2369.85,616.95,2373.15,625.95,2375.5,633.95,2379.75,649.05,2383.5,656.1,2393.9,666.95,2403.8,674.05,2411.8,677.35,2422.2,678.75,2433.5,679.25,2448.15,682.55,2456.15,681.1,2467.45,675.95,2476.45,671.7,2484.95,665.1,2496.75,658.5,2504.3,652.8,2510.9,646.7,2516.55,636.3,2520.3,626.4,2526.45,614.6,2520.8,580.65,2516.6,566.5,2504.75,554.25,2495.8,543.4,2479.75,537.7,2461.85,533,2445.3,528.75,2436.85,529.25
1-59,Uninfected,No_comment,Polygon,40,2359.9,396.7,2343.45,400.45,2328.8,408,2322.2,412.25,2314.65,418.4,2308.55,437.45,2308.05,448.65,2307.5,457.2,2309.65,465.25,2313.4,475.4,2314.45,483.45,2314.45,492,2314.45,497.85,2319.25,506.4,2323.05,513.35,2327.35,519.25,2334.25,524.6,2345.45,534.75,2349.25,538.5,2357.25,542.8,2368.45,544.4,2376.5,544.4,2384.55,544.4,2396.95,541.95,2403.3,541.4,2413,536.6,2424.05,527.8,2430.5,523.55,2436.35,518.2,2443.85,509.1,2452.4,492.5,2451.35,470.05,2443.35,452.95,2432.65,439.6,2423.05,427.3,2416.1,418.2,2406.95,408.55,2396.85,401.05,2383.95,396.25,2374.85,396.25
1-60,Uninfected,No_comment,Polygon,36,2402.7,372.2,2413.9,367.9,2422.45,366.3,2432.1,361.5,2439.6,356.15,2448.15,349.2,2455.1,345.45,2466.9,344.9,2478.1,347.05,2495.75,348.15,2505.35,353.5,2513.4,359.35,2522.8,368.7,2531.35,376.7,2544.75,392.75,2556.55,412.5,2559.75,424.25,2560.35,437.6,2556.55,456.35,2547.05,470.05,2540.1,480.2,2531.05,490.4,2521.95,494.65,2499.5,497.85,2485.55,498.95,2469,493.05,2462.05,487.7,2453.5,479.7,2446.05,472.65,2441.25,467.3,2432.65,456.05,2410.15,434.65,2403.8,422.35,2397.4,411.65,2390.9,396.8,2393.6,382.35
1-61,Uninfected,No_comment,Polygon,39,2537.45,630.5,2523.05,633.15,2514.55,636.6,2505.4,640.35,2490.95,649.95,2480.3,659.05,2468,667.6,2460,675.1,2447.1,682.05,2441.2,689.85,2438,698.95,2436.9,709.1,2441.2,720.35,2445.45,729.95,2453,738.5,2460.95,743.85,2469,750.3,2479.7,755.1,2490.9,757.75,2500.55,755.6,2515,752.4,2517.65,751.9,2528.9,751.35,2539.6,749.2,2547.05,748.65,2552.4,744.95,2559.95,736.35,2565.8,729.95,2574.35,722.45,2585.05,711.25,2593.6,703.75,2598.4,697.85,2601.85,689.3,2597.05,660.95,2586.1,650.8,2573.45,640.75,2566,634.35,2554.8,630.6,2546.8,630.05
1-62,Uninfected,No_comment,Polygon,38,2933.7,336.9,2924.6,336.9,2916.05,341.2,2906.45,344.9,2899.5,348.65,2888.3,356.15,2880.25,359.9,2869.05,366.3,2863.7,370.05,2858.35,374.85,2853.5,380.75,2848.15,388.25,2843.35,397.35,2841.2,405.35,2840.1,416.05,2840.65,425.15,2842.8,438.5,2848.15,451.35,2852.95,460.45,2856.75,470.6,2864.2,476.45,2872.75,481.3,2883.95,488.25,2905.95,496.25,2914.5,496.25,2931.05,495.2,2939.6,490.4,2953.5,483.45,2963.7,476.45,2972.2,465.25,2978.65,456.15,2984.5,441.7,2987.7,424.05,2990.4,406.4,2986.7,383.95,2978.1,369.5,2968.45,351.85,2954.55,341.7
1-63,Uninfected,No_comment,Polygon,28,2367.6,232.5,2348.1,240.65,2338.35,243.9,2328.6,253.6,2323.7,261.75,2322.05,269.9,2321.25,284.5,2320.45,292.65,2320.45,312.2,2322.05,324.4,2326.95,335.75,2335.9,343.1,2344.85,349.6,2352.95,355.3,2361.9,359.3,2373.3,363.4,2386.3,365.05,2397.7,362.55,2408.25,358.55,2418.85,352,2435.9,343.85,2456.25,327.65,2454.6,295.1,2448.9,269.05,2436.7,254.45,2425.35,246.35,2401.75,234.9,2384.7,231.65
1-64,Uninfected,No_comment,Polygon,31,2892.85,222.75,2879,225.2,2856.25,234.15,2830.25,245.5,2815.6,254.45,2802.6,263.4,2793.65,271.55,2789.6,285.35,2787.95,300.8,2787.95,310.55,2788.7,316.8,2796,330.6,2800.85,340.35,2811.45,349.3,2825.35,357.7,2836.75,364.2,2849.75,366.65,2861.95,368.3,2876.85,367.8,2888.2,358.85,2900.4,359.65,2906.9,351.45,2919.9,343.4,2928.85,337.7,2935.95,330.9,2948.95,308.95,2953.8,288.6,2952.2,268.3,2940.8,245.5,2928.6,232.5,2896.1,220.3
1-65,Uninfected,No_comment,Polygon,33,2658.7,186.15,2647.3,191.85,2640,194.25,2631.85,203.25,2627.8,209.75,2622.9,218.7,2620.45,227.65,2620.45,242.25,2622.1,250.35,2626.15,260.95,2628.85,271.95,2633.7,280.05,2639.4,289,2648.35,300.4,2656.5,310.15,2666.25,317.45,2676.55,321.9,2691.2,327.65,2711.5,329,2726.95,324.1,2740.75,316.8,2751.3,310.3,2759.4,303,2768.45,295.1,2777.4,276.4,2777.4,231.65,2768.45,215.45,2744.85,193.5,2731.85,186.15,2722.1,183.7,2704.2,180.45,2688.75,180.45,2679,181.3
1-66,Uninfected,No_comment,Polygon,37,2306.6,496.75,2285.5,487.8,2270.85,488.6,2257.85,490.2,2240.75,491.05,2227.75,489.45,2221.25,491.85,2211.5,498.35,2205.8,500.8,2200.95,507.3,2197.65,512.15,2197.65,521.95,2203.35,531.7,2206.6,538.2,2213.95,546.3,2224.5,557.75,2231.8,565,2240.75,572.35,2245.65,582.1,2248.9,592.65,2253.75,606.5,2257.85,616.25,2269.2,627.65,2278.15,633.3,2291.2,635.8,2303.35,635.8,2316.4,634.15,2326.15,630.9,2332.65,624.4,2341.6,616.25,2348.9,607.3,2354.6,598.4,2361.1,579.7,2356.2,543.9,2345.3,534.1,2331.45,515.4,2320.9,507.2
1-67,Uninfected,No_comment,Polygon,29,2255.4,646.35,2238.35,655.25,2222.9,666.7,2208.25,687.8,2203.35,707.35,2205.8,718.7,2207.45,728.45,2209.85,740.65,2215.55,751.25,2224.5,760.95,2235.9,769.1,2248.1,774.8,2260.3,777.25,2267.6,778.9,2280.6,781.3,2292.8,780.5,2303.35,776.4,2313.15,773.15,2322.9,765.85,2331.85,756.1,2337.5,745.5,2343.2,731.7,2344.85,713.85,2339.95,687,2327.75,669.1,2315.55,657.75,2303.35,652.85,2287.9,646.35,2277.35,645.55
1-68,Uninfected,No_comment,Polygon,23,2728.45,698.5,2713.85,706.75,2699.3,719.3,2689.9,730.75,2681.6,743.85,2680.55,755.3,2685.7,767.8,2694.1,782.35,2699.25,798,2705.5,809.5,2714.9,822,2741.95,833.4,2764.9,835.55,2780.5,830.3,2791.95,816.75,2808.65,801.15,2815.95,787.6,2815.95,765.75,2811.75,743.85,2798.2,724.05,2781.55,705.3,2756.75,690.2,2737.85,689.7
1-69,Uninfected,No_comment,Polygon,20,2595.05,717.8,2581.55,730.3,2568,741.75,2558.6,754.25,2552.35,769.85,2552.35,783.45,2555.5,798,2568,814.65,2582.55,834.5,2598.25,849.05,2626.3,859.45,2648.2,861.55,2674.3,854.3,2690.9,833.4,2694.1,813.65,2686.75,791.75,2681.6,764.7,2671.1,745.95,2647.25,728.65,2620.1,719.3
1-70,Uninfected,No_comment,Polygon,24,2550.25,856.35,2522.2,866.8,2514.85,874.05,2502.35,891.8,2498.2,905.35,2497.2,920.95,2497.2,936.6,2505.5,953.25,2521.1,967.85,2532.55,987.65,2544,999.05,2567,1006.4,2589.85,1005.3,2605.5,992.85,2615.9,979.25,2627.35,961.6,2639.85,940.75,2645.1,925.1,2646.1,906.35,2634.65,879.3,2625.3,868.85,2611.8,863.65,2583.6,857.4,2576.3,855.3
1-71,Uninfected,No_comment,Polygon,20,2585.75,1077.2,2574.25,1083.45,2565.9,1093.85,2561.75,1111.6,2556.5,1133.5,2554.5,1156.4,2553.4,1186.6,2559.65,1201.15,2568.9,1214.1,2586.65,1223.5,2614.85,1231.4,2628.4,1235.55,2649.3,1227.2,2661.8,1214.7,2673.2,1198.05,2676.35,1136.6,2670.1,1115.75,2656.55,1097,2638.8,1081.35,2612.8,1074.1
1-72,Uninfected,No_comment,Polygon,25,2545.05,1079.3,2528.45,1064.7,2497.2,1058.45,2463.8,1062.65,2454.45,1065.75,2440.9,1075.1,2428.4,1086.6,2425.25,1098.05,2422.15,1114.75,2422.15,1129.3,2426.3,1142.85,2435.7,1159.5,2444,1175.15,2452.4,1184.55,2467.95,1199.1,2481.5,1206.4,2504.45,1208.45,2528.45,1203.3,2539.85,1193.9,2552.5,1180.3,2556.65,1164.7,2559.8,1151.15,2565,1125.1,2563.95,1107.4,2548.25,1087.6
1-73,Uninfected,No_comment,Polygon,26,2424.5,907.5,2399.95,915.05,2383.95,923.55,2372.55,939.55,2369.8,960.3,2369.8,970.7,2373.55,982.95,2383.95,1003.7,2390.55,1014.1,2399.05,1027.3,2410.35,1038.65,2422.6,1047.1,2434.85,1051.85,2448.1,1052.8,2463.2,1053.7,2473.55,1054.65,2484.85,1048.05,2499.9,1035.8,2516.95,1015.05,2521.6,1002.8,2519.8,980.15,2511.3,961.25,2499.9,948.05,2472.6,928.25,2446.2,914.1,2430.15,909.4
1-74,Uninfected,No_comment,Polygon,25,2366.95,1014.1,2351.85,1015.05,2336.7,1023.55,2319.8,1030.15,2303.75,1043.35,2299.05,1051.85,2296.2,1065.05,2294.3,1081.05,2293.3,1094.3,2299.05,1111.25,2302.8,1116.95,2312.25,1128.25,2321.6,1137.7,2334.85,1143.35,2353.75,1148.05,2365,1149.95,2381.1,1149,2396.2,1139.55,2411.3,1125.4,2421.45,1116.05,2427.35,1075.4,2425.45,1051.85,2413.25,1032.95,2399.1,1021.65,2384.85,1016.95
1-75,Uninfected,No_comment,Polygon,22,2701.85,1124.45,2719.8,1123.55,2733.95,1123.55,2748.1,1125.4,2763.15,1136.75,2770.7,1142.4,2781.1,1153.7,2788.65,1162.2,2800.9,1203.7,2787.7,1226.35,2775.45,1248.05,2766,1255.6,2739.6,1258.45,2724.5,1256.55,2704.7,1256.55,2688.65,1250.9,2678.2,1235.8,2670.7,1224.45,2655.55,1194.15,2654.6,1179.05,2655.55,1158.3,2674.35,1137.55
1-76,Uninfected,No_comment,Polygon,24,2340.55,791.45,2316.95,791.45,2311.3,803.7,2303.75,822.6,2299.05,836.75,2294.3,854.65,2294.3,869.75,2295.25,882.95,2299.05,898.05,2303.75,908.45,2309.4,919.75,2316.95,931.05,2337.7,946.15,2348.1,947.1,2364.1,943.35,2372.65,938.6,2385.85,923.55,2407.45,898.05,2411.3,882,2413.2,859.4,2412.25,841.45,2398.1,816,2383,800.9,2363.2,790.5
1-77,Uninfected,No_comment,Polygon,23,2143.3,962.2,2121.65,964.1,2108.4,969.75,2097.15,979.2,2083.95,989.55,2078.25,999.95,2078.25,1012.2,2081.1,1021.65,2090.9,1032.7,2096.55,1043.15,2101.25,1052.6,2121.1,1068.55,2131.1,1073.55,2146.2,1075.4,2163.2,1066.95,2172.55,1062.2,2182.05,1052.8,2183,1036.75,2182.05,1016,2181.1,993.35,2177.35,982,2166.95,970.7,2158.4,965.05
1-78,Uninfected,No_comment,Polygon,25,2238.65,832,2224.5,833.9,2213.2,842.4,2202.8,848.05,2197.15,854.65,2191.5,866,2185.8,881.1,2184.9,895.25,2184.9,910.35,2185.8,922.6,2192.4,935.8,2199.05,949.95,2202.8,963.15,2213.2,978.25,2227.35,983.9,2248.1,989.55,2269.8,989.55,2280.15,982,2292.4,971.65,2302.8,962.2,2316.95,942.4,2311.35,904.6,2300.9,867.8,2277.35,847.1,2259.4,831.1
1-79,Uninfected,No_comment,Polygon,31,2111.85,780.9,2094.95,788.95,2078,805.15,2067.7,825,2061.85,845.6,2061.85,864.75,2062.6,880.15,2072.85,896.35,2081.7,904.4,2092.05,916.2,2100.05,925,2110.35,931.6,2120.65,937.5,2131.7,939.75,2144.95,940.45,2152.3,940.45,2162.6,938.25,2175.1,930.9,2183.9,925,2190.85,913.55,2195.25,901.05,2197.45,890.05,2198.95,879.75,2199.7,867.25,2201.15,852.55,2201.55,833.1,2197.15,821.3,2186.1,808.1,2174.35,794.85,2147.2,782.35,2128,780.15
1-80,Uninfected,No_comment,Polygon,36,1871.95,1035.45,1850.05,1041.2,1837.05,1046.9,1826.1,1057.3,1818.8,1066.2,1813.6,1073.95,1812.55,1082.85,1812.55,1092.7,1814.65,1100,1817.25,1108.85,1821.95,1117.2,1826.65,1124,1835.5,1133.85,1842.8,1140.6,1851.1,1148.45,1864.65,1163.6,1875.05,1168.75,1887.05,1172.4,1895.9,1176.6,1912.55,1178.65,1927.7,1180.25,1944.35,1174.45,1953.7,1167.75,1960.5,1159.35,1975.6,1151.6,1979.25,1140.6,1984.95,1130.25,1985.6,1119.9,1985.05,1103.75,1983.5,1094.9,1976.65,1082.3,1966.2,1067.7,1946.95,1054.2,1927.7,1044.8,1909.95,1038.05,1899.05,1038.05
1-81,Uninfected,No_comment,Polygon,36,1788.1,1100,1751.65,1108.85,1740.7,1120.35,1736,1126.6,1731.3,1135.45,1728.2,1142.75,1726.65,1147.95,1724.55,1154.2,1722.45,1160.45,1721.4,1173.5,1721.95,1179.2,1725.05,1186.95,1727.15,1203.65,1728.7,1215.6,1732.35,1223.5,1754.75,1234.35,1767.25,1240.6,1778.2,1247.4,1791.75,1247.9,1807.35,1244.8,1817.25,1245.9,1832.35,1242.75,1846.4,1230.25,1852.15,1223.5,1858.9,1216.15,1864.65,1208.35,1868.3,1195.85,1871.95,1181.75,1870.45,1163.05,1860,1147.45,1852.2,1136.95,1844.4,1127.6,1834.5,1118.75,1824.6,1111.95,1814.65,1107.35,1799.05,1102.6
1-82,Uninfected,No_comment,Polygon,36,2032.35,1186,2003.75,1166.7,1969.35,1162.5,1953.2,1166.2,1940.7,1169.85,1933.4,1173.5,1926.1,1178.1,1918.3,1182.85,1911,1187.5,1904.75,1193.25,1898,1204.2,1895.4,1212,1894.35,1221.85,1891.75,1238.55,1895.4,1248.5,1900.6,1257.85,1904.25,1263.55,1910.5,1271.9,1917.25,1279.15,1924.05,1285.4,1929.75,1290.15,1941.2,1296.4,1951.1,1299.5,1960.5,1302.65,1970.4,1305.25,1982.9,1306.3,1997.45,1306.3,2012.05,1302.15,2027.7,1292.75,2037.6,1285.95,2045.9,1273.5,2049.05,1251.6,2050.6,1242.25,2045.4,1212.5,2042.25,1202.1,2034.45,1190.6
1-83,Uninfected,No_comment,Polygon,37,2099.05,1138.05,2069.4,1146,2059.5,1152.25,2051.7,1159,2043.85,1167.75,2038.1,1174,2035.5,1185.45,2032.8,1202.1,2034.4,1218.25,2036.45,1242.75,2041.7,1262.55,2051.1,1271.4,2062.05,1282.3,2069.35,1287.55,2080.8,1292.2,2088.1,1294.25,2096.45,1295.35,2105.8,1294.8,2116.75,1294.25,2127.15,1293.25,2138.65,1290.15,2143.85,1285.4,2153.75,1278.65,2162.05,1270.9,2169.35,1258.9,2175.6,1242.75,2177.15,1230.25,2177.15,1220.35,2177.7,1205.25,2176.15,1191.7,2170.4,1180.25,2160,1169.25,2151.15,1158.85,2141.75,1150.55,2133.95,1144.85,2121.95,1139.6,2111,1138.6
1-84,Uninfected,No_comment,Polygon,32,1858.4,1256.3,1842.25,1262.55,1833.9,1287.55,1830.3,1314.65,1835.5,1329.15,1836.55,1338.55,1840.15,1344.8,1844.35,1351.55,1849.55,1357.3,1855.3,1364.6,1861,1369.8,1868.8,1376.55,1875.6,1383.35,1883.95,1387.55,1894.35,1394.3,1913.6,1400.05,1928.2,1400.55,1944.35,1403.2,1960.5,1397.9,1974.05,1383.35,1981.35,1375.05,1988.6,1355.8,1988.6,1337.05,1981.35,1320.3,1974,1306.3,1966.2,1298.5,1953.2,1289.65,1937.55,1279.2,1912.55,1268.25,1901.1,1264.1,1890.2,1259.9,1881.85,1259.9
1-85,Uninfected,No_comment,Polygon,30,1833.4,1351.55,1854.25,1359.95,1869.3,1369.8,1879.75,1378.7,1886.5,1388.05,1897.45,1404.2,1899.05,1413.6,1898.5,1423.95,1894.85,1443.8,1890.2,1455.75,1886.55,1463.6,1879.25,1469.85,1868.3,1472.95,1854.25,1476.1,1833.9,1481.85,1825.05,1480.75,1804.75,1473.5,1795.9,1468.8,1785.5,1461,1779.25,1452.6,1771.95,1443.25,1764.15,1429.7,1759.95,1417.7,1761,1402.1,1765.7,1387.55,1775.05,1366.65,1784.95,1355.8,1795.4,1353.7,1809.95,1353.7,1822.45,1351.05
1-86,Uninfected,No_comment,Polygon,38,1788.6,1253.1,1767.75,1250.05,1743.8,1256.3,1729.25,1261,1718.8,1264.1,1702.65,1277.65,1695.35,1285.95,1686.5,1295.35,1680.8,1303.15,1673,1312.05,1666.2,1320.9,1659.45,1333.9,1657.35,1350.55,1656.3,1362.05,1654.25,1375.05,1659.95,1384.95,1668.3,1396.95,1672.45,1401.55,1677.65,1406.8,1692.75,1415.15,1702.65,1417.7,1716.75,1418.8,1730.25,1415.15,1741.75,1410.95,1751.65,1406.3,1765.2,1395.75,1773,1387.4,1780.8,1374.95,1786.55,1358.75,1788.6,1342.75,1793.3,1330.8,1798.5,1320.9,1801.65,1312.55,1803.2,1302.65,1804.25,1289.1,1801.65,1278.15,1796.95,1267.75,1793.3,1262
1-87,Uninfected,No_comment,Polygon,30,1631.85,1195.85,1614.1,1192.75,1595.9,1203.65,1584.95,1208.9,1575.05,1217.75,1569.3,1224.5,1561.5,1232.85,1558.9,1241.15,1556.8,1255.75,1554.75,1270.9,1559.45,1285.95,1563.05,1294.25,1568.8,1302.65,1576.1,1308.9,1591.7,1318.8,1602.15,1324,1618.8,1326.05,1638.1,1326.05,1655.25,1325.05,1671.95,1318.7,1688.1,1309.8,1700.6,1295.2,1703.75,1276.5,1704.75,1263.55,1699,1249,1690.7,1233.9,1682.35,1223.5,1671.95,1213.6,1662.05,1205.25,1650.05,1200
1-88,Uninfected,No_comment,Polygon,30,1598.9,1067.8,1567.85,1071.15,1566.7,1081.9,1561.6,1103.4,1561.05,1113,1565.55,1127.1,1572.35,1145.7,1576.3,1156.5,1582.5,1166.65,1589.85,1181.3,1595.5,1188.15,1609.3,1195.85,1622.25,1199.8,1631.9,1206.6,1640.3,1213.9,1654.4,1220.15,1671.35,1225.8,1685,1228.05,1700.05,1225.4,1710.8,1220.85,1723.75,1211.3,1730.5,1197.75,1730,1181.35,1728.85,1158.75,1726.05,1144.05,1719.25,1128.25,1709.1,1115.8,1687.1,1102.2,1662.75,1084.75,1624.35,1073.45
1-89,Uninfected,No_comment,Polygon,31,1553.95,1293.8,1524.5,1292.6,1504.85,1292.6,1494.45,1295.05,1481.55,1305.45,1477.25,1314.05,1473.6,1322.65,1472.35,1331.25,1474.2,1339.85,1474.8,1349.65,1474.8,1360.1,1477.25,1373.55,1481.55,1382.8,1490.75,1392,1503.65,1399.95,1513.45,1404.25,1526.35,1407.3,1545.95,1413.45,1569.9,1417.75,1582.8,1417.75,1599.35,1418.95,1615.9,1414.7,1631.85,1409.15,1644.15,1392,1651.5,1379.1,1649.05,1360.7,1635.55,1335.55,1623.9,1323.4,1599.95,1313,1573.6,1298.9,1561.9,1293.4
1-90,Uninfected,No_comment,Polygon,24,2056.05,829.1,2038.85,818.35,2012,807.6,1996.9,812.9,1985.1,825.8,1971.1,838.7,1961.45,844.15,1957.15,849.45,1948.55,866.65,1948.55,896.85,1956.05,906.45,1956.05,918.35,1971.1,940.85,1987.25,953.85,2001.2,954.85,2029.2,954.85,2048.5,958.15,2064.65,948.45,2071.1,938.7,2080.8,916.2,2083.95,891.6,2080.75,873.3,2075.35,847.55,2057.15,828
1-91,Uninfected,No_comment,Polygon,29,1865.75,759.2,1848.5,762.35,1841,769.95,1832.35,777.4,1825.9,785,1822.7,794.6,1821.65,806.45,1821.65,810.75,1821.65,830.1,1824.85,840.85,1830.2,853.75,1839.9,863.5,1852.8,868.8,1863.6,877.45,1874.35,881.8,1888.3,883.95,1901.2,886.1,1914.1,881.8,1931.35,875.3,1944.25,865.65,1955,853.75,1957.15,840.85,1957.15,819.35,1953.9,805.4,1943.15,794.6,1925.95,786,1911.95,781.7,1893.7,775.25,1886.15,770.95
1-92,Uninfected,No_comment,Polygon,29,1803.75,790.75,1783.95,771,1775.8,768.65,1756.05,767.5,1739.75,771,1721.15,774.55,1702.55,776.8,1693.25,784.95,1681.6,795.4,1672.3,809.35,1671.15,822.15,1673.5,838.45,1679.3,858.2,1683.95,871,1696.75,883.8,1706.05,894.25,1724.65,909.45,1737.45,908.2,1753.75,908.2,1770,909.45,1786.3,904.8,1799.1,895.4,1811.85,883.8,1820,874.5,1829.3,854.7,1829.7,834.8,1828.55,813.85,1818.85,801.25,1813.05,794.25
1-93,Uninfected,No_comment,Polygon,23,1728.15,657,1699.05,654.7,1676.95,665.15,1660.7,673.3,1649.05,688.4,1642.1,705.85,1639.75,721.05,1643.25,740.75,1653.7,757.1,1663,771,1678.15,777.95,1703.8,784.95,1714.25,784.95,1736.35,780.3,1752.6,774.55,1764.3,769.9,1777,754.7,1786.3,736.1,1786.3,722.15,1787.45,702.4,1780.45,685,1772.35,676.8,1760.7,667.55
1-94,Uninfected,No_comment,Polygon,28,1620,722.15,1588.6,717.5,1579.3,722.15,1565.35,735,1559.5,745.4,1552.55,758.2,1539.75,772.15,1535.1,783.85,1533.95,798.9,1538.6,814,1544.4,823.3,1552.55,831.45,1564.15,842,1573.45,851.3,1583.95,858.2,1592.1,859.35,1604.85,862.85,1622.3,866.35,1636.25,864,1649.05,855.95,1666.5,837.35,1668.85,824.55,1672.4,811.65,1671.15,795.4,1663,777.95,1659.55,763.95,1653.7,750,1644.45,736.05
1-95,Uninfected,No_comment,Polygon,27,1990.6,708,1971.95,693.35,1951.95,676,1933.2,670.6,1903.95,668,1891.95,676,1881.25,693.35,1879.95,712,1885.25,732,1890.65,748,1901.25,765.35,1913.25,777.35,1923.1,784.55,1935.1,795.15,1945.7,805.85,1966.6,812,1989.3,813.35,2006.75,814.45,2026.6,810.6,2039.95,801.35,2046.6,786.6,2051.95,764,2050.6,745.35,2041.3,730.6,2025.3,724,2006.6,714.6,1995.95,708
1-96,Uninfected,No_comment,Polygon,22,2039.95,595.95,2014.6,602.6,2005.3,611.95,1997.3,625.35,1990.6,638.6,1982.6,654.6,1979.95,673.35,1979.95,688,1994.6,713.35,2007.95,723.95,2030.6,735.95,2061.3,741.35,2077.3,736,2093.3,726.6,2102.6,714.6,2111.95,702.6,2113.3,686.6,2113.3,664,2106.6,646.6,2095.95,622.6,2083.95,610.6,2059.95,598.6
1-97,Uninfected,No_comment,Polygon,26,2175.95,577.35,2151.95,589.35,2135.95,593.35,2122.6,606.6,2109.3,622.6,2103.95,634.55,2099.95,650.55,2094.6,669.25,2091.95,687.85,2094.6,707.85,2102.6,722.6,2113.3,742.6,2125.3,757.35,2145.3,765.35,2162.6,761.35,2187.95,753.35,2202.6,744,2214.1,731.65,2222.1,713,2234.1,691.65,2247.5,670.25,2258.1,649,2255.9,622.6,2245.3,595.95,2229.3,579.95,2199.95,574.6
1-98,Uninfected,No_comment,Polygon,24,1802.95,494.15,1785.65,489.8,1766.75,489.8,1750.8,498.6,1730.5,511.65,1721.8,518.9,1721.8,534.75,1721.8,563.75,1721.8,576.8,1733.4,594.2,1743.55,605.75,1750.8,613.1,1776.95,629.05,1802.95,627.6,1821.8,623.25,1839.2,616,1850.8,602.9,1863.85,585.5,1865.3,568.1,1863.85,546.35,1856.6,531.85,1846.45,514.55,1830.5,507.3,1826.15,505.85
1-99,Uninfected,No_comment,Polygon,21,1326.2,1304.35,1310.25,1269.6,1305.85,1249.3,1314.6,1239.15,1330.55,1230.45,1349.3,1226.1,1381.2,1230.45,1401.5,1233.35,1418.9,1242.05,1436.35,1256.55,1450.75,1271.05,1462.35,1285.55,1468.15,1302.9,1468.15,1324.75,1466.7,1343.5,1446.5,1363.8,1418.9,1375.4,1397.15,1363.8,1369.6,1349.3,1336.25,1332,1317.5,1308.8
1-100,Uninfected,No_comment,Polygon,25,1445.05,1423.3,1414.55,1418.85,1401.5,1420.3,1387,1423.3,1371.05,1433.45,1359.45,1443.6,1350.75,1455.2,1347.85,1472.5,1346.4,1491.35,1347.85,1508.75,1360.9,1524.7,1378.3,1540.7,1389.9,1553.75,1407.3,1563.9,1421.8,1566.8,1445.05,1561,1459.45,1550.85,1475.4,1537.7,1485.55,1529.05,1489.9,1514.55,1489.9,1492.8,1487,1473.95,1476.85,1455.2,1456.55,1430.55,1449.3,1426.2
1-101,Uninfected,No_comment,Polygon,30,1484.65,1389.55,1470.6,1388.85,1455.8,1402.25,1450.85,1410,1452.25,1421.25,1457,1431.7,1461.95,1442.3,1468.95,1451.45,1478.85,1462,1488.2,1470.55,1498.05,1480.45,1507.2,1488.15,1529.75,1500.85,1538.9,1508.6,1551.6,1518.45,1574.8,1522.7,1597.35,1522,1614.25,1521.3,1624.85,1514.95,1642.45,1496.65,1650.2,1479.7,1651.6,1460,1643.15,1441,1631.15,1426.9,1606,1416.35,1581.35,1414.2,1566.6,1406.45,1548.35,1404.35,1524.4,1397.3,1508.2,1390.3
1-102,Uninfected,No_comment,Polygon,26,1469.9,1560,1449.95,1549.35,1433.8,1546.5,1414.1,1546.5,1395.8,1546.5,1368.45,1545.95,1352.95,1548.1,1338.15,1560,1329.7,1571.25,1321.25,1596.65,1321.25,1612.85,1323.4,1624.8,1326.2,1639.6,1333.95,1652.3,1344.5,1664.25,1357.9,1675.5,1378.3,1685.4,1389.6,1689.6,1408.6,1688.9,1424.8,1679.8,1450.15,1667.75,1476.2,1657.9,1492.4,1640.3,1494.55,1622.7,1491,1595.9,1487.5,1576.9
1-103,Uninfected,No_comment,Polygon,29,1547.35,1629.05,1525.5,1622.05,1508.6,1622.05,1490.95,1621.95,1481.1,1629,1469.9,1638.85,1457.95,1648.7,1447.4,1658.6,1439.65,1667.7,1429.75,1679.1,1426.9,1688.9,1426.9,1700.85,1428.3,1714.95,1436.05,1726.25,1448.75,1738.9,1461.45,1748.75,1472.7,1755.1,1493.1,1758.65,1517.75,1753.05,1537.5,1743.85,1546.65,1737.5,1554.4,1730.45,1568.5,1719.95,1576.25,1707.2,1581.85,1688.2,1584,1674.8,1582.55,1662.15,1573.4,1647.35,1565.65,1637.5
1-104,Uninfected,No_comment,Polygon,29,1522.7,1510,1507.9,1510.7,1492.4,1521.3,1474.6,1529.6,1468.25,1541.6,1468.45,1550.85,1474.8,1561.4,1482.5,1576.2,1485.35,1584.65,1491.7,1596.6,1502.3,1609.3,1511.45,1618.45,1522,1628.35,1530.45,1631.2,1544.55,1634.65,1552.95,1636.1,1571.3,1635.35,1581.85,1630.5,1595.25,1624.1,1603.7,1615.65,1613.55,1605.1,1620.6,1587.45,1621.3,1574.1,1618.5,1557.9,1610.05,1532.6,1598.7,1521.2,1584.65,1512.75,1562.05,1510.7,1548.7,1508.55
1-105,Uninfected,No_comment,Polygon,28,1416.35,1700.85,1393.8,1703.75,1366.35,1705.1,1358.6,1710.75,1348.05,1724.1,1341,1734,1334.65,1748.05,1336.05,1762.85,1340.3,1774.85,1343.8,1786.15,1345.9,1796.65,1352.95,1808.6,1360,1821.3,1368.45,1829.75,1383.25,1834.75,1393.1,1836.8,1413.55,1834.75,1428.3,1831.15,1436.05,1825.55,1448.05,1817.8,1457.2,1809.35,1466.35,1798.75,1469.15,1786.8,1473.4,1767.1,1469.9,1750.2,1462.15,1738.9,1451.55,1722,1433.95,1705.8
1-106,Uninfected,No_comment,Polygon,26,1879.1,1564.25,1861.45,1565,1846.7,1562.85,1834.7,1566.35,1824.15,1574.1,1813.6,1583.95,1804.4,1591,1789.65,1611.45,1783.3,1627.65,1791.75,1653.7,1798.8,1674.1,1807.95,1683.95,1815,1690.3,1834,1698.75,1843.15,1701.6,1859.35,1704.45,1879.1,1700.15,1900.2,1693.8,1912.9,1684.7,1918.5,1670.6,1926.95,1650.85,1932.6,1629.05,1932.6,1595.9,1922.75,1588.9,1910.05,1579.05,1900.9,1572
1-107,Uninfected,No_comment,Polygon,26,1833.15,1773.05,1817.15,1780.9,1807.25,1787.1,1800.6,1795.85,1798.5,1804.75,1795.35,1812.95,1795.35,1830.1,1798.5,1843,1805.2,1853.45,1812.45,1862.75,1820.8,1871.5,1828,1877.2,1837.9,1879.3,1850.25,1884.55,1866.4,1885.55,1880.85,1881.4,1894.9,1874.7,1905.2,1863.75,1911.4,1852.9,1915.05,1838.4,1913.2,1822.9,1904.95,1802.7,1895.6,1792.35,1878,1778.85,1864,1770.6,1845.1,1766.9
1-108,Uninfected,No_comment,Polygon,26,1949.4,1844.15,1916.15,1843,1904.65,1850.7,1896.3,1859.5,1888,1875.55,1880.35,1886.1,1879.3,1896.95,1879.85,1908.35,1881.4,1921.3,1886.05,1935.75,1891.25,1943.1,1902.65,1961.2,1917.1,1971.6,1932.7,1976.75,1950.8,1978.85,1969,1974.7,1986.6,1967.45,1997.5,1958.1,2005.7,1946.7,2014.6,1928,2019.2,1914.6,2022.35,1904.2,2028.05,1885.05,2018.7,1873.15,2002.1,1857.6,1993.35,1851.35
1-109,Uninfected,No_comment,Polygon,23,2060.65,1906.3,2040.5,1914.05,2031.7,1920.3,2021.25,1928,2007.4,1936.35,1998.55,1943.6,1990.8,1951.9,1988.25,1960.7,1986.6,1974.7,1991.8,1985.55,2004.15,2002.1,2013.5,2011.45,2032.7,2019.2,2057,2020.3,2077.25,2021.25,2091.8,2015.55,2103.2,2008.9,2123.9,1994.9,2126,1978.85,2122.35,1948.8,2117.65,1934.8,2102.15,1919.75,2084.55,1913.55
1-110,Uninfected,No_comment,Polygon,22,2102.6,2021.25,2086.55,2016.65,2059.1,2017.7,2044.05,2020.3,2025.45,2028.05,2015.05,2035.85,2005.7,2048.25,1996.4,2069.5,1991.8,2082.45,1991.25,2109.4,2005.7,2126.95,2020.3,2137.4,2037.85,2144.05,2056.55,2148.8,2072.05,2146.15,2092.75,2142,2111.95,2131.7,2122.35,2118.75,2129.6,2097.5,2134.75,2076.2,2131.7,2058.1,2122.85,2033.25
1-111,Uninfected,No_comment,Polygon,26,2178.85,1939.95,2157,1947.15,2139.9,1954.5,2131.15,1961.2,2119.15,1978.3,2116.05,1991.25,2116.15,2004.75,2114,2019.75,2111.35,2027.95,2115.5,2041.45,2123.8,2056.45,2130.05,2064.75,2145.15,2076.2,2164.35,2087.6,2181.9,2091.2,2200.6,2092.3,2216.1,2085.05,2230.65,2069,2240,2051.3,2248.2,2032.7,2253.9,2010.95,2249.75,1991.8,2240.9,1966.6,2232.55,1957.25,2216.65,1947.75,2204.2,1941
1-112,Uninfected,No_comment,Polygon,25,2342.5,1994.9,2324.8,1996.65,2302.45,1998.7,2288.7,2005.25,2279.35,2014.05,2271,2023.4,2264.35,2037.4,2262.8,2051.9,2268.5,2069,2275.75,2080.9,2284.5,2093.35,2295.9,2103.2,2305.8,2108.9,2325.45,2115.55,2340,2119.25,2356,2120.3,2369,2119.7,2379.35,2114,2390.75,2104.75,2400.05,2095.95,2409.95,2075.2,2407.85,2051.9,2399.5,2032.15,2389.7,2020.3,2368.5,2002.1
1-113,Uninfected,No_comment,Polygon,26,2482.5,1946.2,2455.55,1948.8,2443.05,1959.65,2434.8,1962.75,2426.45,1970.55,2418.2,1981.35,2413,1994.35,2409.95,2005.75,2405.8,2017.1,2407.3,2030.15,2415.05,2039.45,2423.9,2050.35,2431.65,2060.65,2445.1,2068.4,2465.85,2075.75,2484.05,2080.9,2502.7,2080.4,2526,2070.05,2536.9,2059.65,2547.75,2048.25,2556.05,2029.1,2557.6,2006.3,2550.35,1988.15,2538.95,1974.15,2520.75,1966.35,2505.75,1958.55
1-114,Uninfected,No_comment,Polygon,21,2681.2,1992.2,2665.45,1991.4,2643.4,1983.55,2629.2,1983.55,2610.35,1985.1,2597.75,1990.65,2583.55,2014.25,2585.15,2028.4,2590.65,2043.4,2596.95,2058.35,2605.6,2074.1,2614.25,2085.1,2632.35,2096.15,2655.2,2103.25,2674.1,2101.65,2693.8,2093.8,2707.25,2082.75,2711.9,2071.75,2712.7,2043.4,2711.9,2027.65,2703.25,2011.1
1-115,Uninfected,No_comment,Polygon,21,2754.45,1999.3,2744.2,2006.4,2727.65,2015.05,2711.9,2027.6,2707.2,2044.1,2711.1,2061.45,2715.85,2085.9,2721.35,2102.45,2735.55,2118.2,2756,2131.6,2783.55,2137.1,2809.55,2141.05,2827.65,2137.1,2840.25,2126.85,2850.5,2106.4,2858.4,2090.65,2859.15,2072.5,2852.1,2052.05,2837.1,2028.4,2810.35,2016.6,2782.75,2007.95
1-116,Uninfected,No_comment,Polygon,27,2393,2126.85,2379.6,2133.15,2363.1,2138.65,2355.2,2146.55,2348.1,2158.35,2344.2,2171.75,2341.8,2183.55,2341.8,2194.55,2348.1,2215.85,2351.25,2225.3,2359.2,2241.05,2366.25,2246.55,2378.1,2256,2391.4,2259.95,2404,2260.7,2425.3,2261.5,2446.55,2253.65,2454.4,2246.55,2464.65,2233.95,2473.3,2219,2475.65,2204,2470.95,2181.95,2464.65,2167.8,2455.2,2148.1,2442.6,2137.1,2427.65,2130,2414.25,2126.85
1-117,Uninfected,No_comment,Polygon,30,2597.75,2078.05,2582,2071.75,2561.5,2072.5,2548.9,2078.8,2540.25,2083.55,2532.4,2094.55,2529.25,2105.6,2530.8,2115.85,2537.1,2127.65,2544.95,2138.65,2548.9,2156,2553.7,2163.1,2563.15,2174.9,2570.15,2180.4,2582,2186.7,2593,2193.8,2623.7,2204.8,2644.95,2206.4,2654.4,2204,2667.8,2193,2677.25,2184.35,2684.35,2172.55,2685.95,2158.35,2685.95,2139.45,2683.55,2126.85,2674.9,2115.85,2660,2103.15,2647.4,2094.55,2630.05,2089,2613.55,2081.95
1-118,Uninfected,No_comment,Polygon,27,2924.5,1601.65,2908,1593.75,2889.15,1586.65,2866.25,1592.2,2853.65,1600.05,2841.05,1609.5,2832.4,1618.15,2828.45,1626.85,2824.5,1639.45,2822.15,1648.9,2820.55,1659.9,2822.15,1668.55,2829.25,1682.75,2833.95,1691.4,2846.55,1702.4,2864.7,1711.85,2884.35,1716.6,2902.45,1718.15,2916.65,1712.65,2933.2,1702.4,2939.5,1696.1,2949.7,1677.25,2956,1658.35,2957.6,1642.6,2956.8,1626.85,2948.9,1618.15,2944.2,1610.3
1-119,Uninfected,No_comment,Polygon,21,2158.9,199.05,2139.25,198.15,2121.4,196.35,2100.85,199.95,2086.5,210.65,2089.25,222.3,2104.4,235.65,2114.25,247.3,2125.85,269.55,2129.4,283.85,2134.8,298.15,2146.4,311.55,2173.1,324.05,2191,324.95,2209.75,313.3,2234.75,286.55,2238.35,270.45,2235.6,238.3,2227.65,216.9,2216.85,206.2,2191,201.7
1-120,Uninfected,No_comment,Polygon,26,2101.75,332.05,2090.15,334.8,2066.05,334.8,2052.65,340.1,2028.55,348.15,2018.7,357.95,2013.35,367.8,2011.5,378.55,2012.45,391.05,2017.75,403.55,2023.15,416.05,2031.2,429.4,2042.75,440.15,2058,446.4,2068.7,451.7,2080.25,457.05,2099.95,462.45,2124.95,467.8,2148.15,462.45,2165.15,445.45,2173.1,428.55,2165.15,384.8,2163.35,371.35,2141.9,354.4,2124.95,347.3,2113.35,342.8
1-121,Uninfected,No_comment,Polygon,22,1972.3,349.05,1955.25,354.4,1921.4,361.55,1909.8,372.3,1905.25,385.65,1903.55,399.05,1902.65,411.55,1900.85,429.4,1901.75,451.7,1904.4,457.05,1918.7,474.95,1930.25,482.05,1958.9,493.7,1983,493.7,2001.75,489.2,2017.75,474.05,2029.4,454.4,2035.65,437.45,2038.4,409.75,2027.7,390.05,2012.5,372.2,1991.9,356.2
1-122,Uninfected,No_comment,Polygon,27,1952.7,486.5,1936.5,491,1918.7,495.45,1899,514.2,1891.05,526.7,1886.5,539.2,1883.9,550.8,1884.8,561.55,1889.25,575.8,1892.75,587.45,1900.85,598.15,1910.65,607.95,1923.15,619.55,1935.65,628.5,1955.25,635.65,1969.6,635.65,1989.25,630.3,2002.5,621.8,2016.75,606.6,2030.25,587.45,2042.75,573.15,2044.6,558.9,2039.25,532.95,2029.4,517.8,2017.75,507.95,2001.75,497.25,1985.65,492.75
1-123,Uninfected,No_comment,Polygon,28,2116.9,470.45,2083.9,477.65,2059.8,486.55,2050.85,493.7,2039.25,507.95,2034.8,518.7,2033.05,532.85,2034.8,550.75,2039.3,569.5,2044.6,582.95,2054.4,594.55,2066.7,604.8,2077.45,611.05,2092.75,614.2,2106.2,613.3,2123.3,607.7,2136.7,604.1,2152.75,594.3,2162.6,583.6,2170.5,571.4,2177.65,559.75,2182.1,544.55,2183.9,528.5,2180.25,516.9,2172.3,502.65,2163.35,490.15,2152.65,477.65,2139.25,469.55
1-124,Uninfected,No_comment,Polygon,41,2821.9,114.25,2803.8,108.6,2790.85,109.25,2779.65,112.4,2768.45,116.05,2762.25,122.3,2756,129.1,2751.7,136.55,2747.35,145.9,2743.6,155.25,2741.75,162.7,2739.2,170.1,2738.65,178.85,2738.8,189.2,2740.65,200.4,2743.7,205.35,2753.7,215.95,2756.2,220.3,2764.25,228.95,2773.6,235.8,2785.25,241.6,2799.45,246.5,2815.05,248.45,2833.9,246.9,2848.15,246.9,2855.65,245.1,2866.2,239.45,2875.45,231.4,2884.15,225.2,2888.9,219.2,2894.55,209.3,2895.2,190.65,2895.8,177.55,2892.05,164.5,2885.85,153.95,2882.15,144.7,2874.7,137.25,2866.6,129.1,2856.6,122.95,2844.25,119.85,2836.1,118.6
1-125,Uninfected,No_comment,Polygon,34,2985.8,93.1,2979.65,93.1,2972.2,96.25,2956.05,104.25,2949.15,108.05,2943.65,114.25,2938.65,122.95,2936.2,131.65,2933.65,139.1,2927.5,149.05,2923.15,157.05,2920.05,168.3,2919.4,179.5,2921.85,190,2928.65,207.4,2934.3,215.5,2938,222.95,2946.1,232.3,2964.15,241.6,2987.1,245.3,3013.75,241,3025.55,231.65,3036.8,218.55,3048,206.15,3056.25,191.1,3059.35,171.15,3058.75,158.15,3058.75,147.55,3053.8,130.15,3047.55,115.3,3040.55,108.6,3030.55,99.9,3020.05,98.1,3000.15,93.75
1-126,Uninfected,No_comment,Polygon,28,3570.8,865.7,3550.2,866.7,3528.6,876.55,3517.85,883.35,3508.05,892.2,3502.15,902,3498.25,912.8,3496.3,924.55,3493.35,939.25,3493.35,950.05,3498.25,962.8,3506.05,973.55,3518.85,983.4,3535.5,994.2,3550.2,999.05,3569.8,1000.05,3584.55,996.1,3604.15,990.25,3614.9,983.4,3625.7,973.55,3636.45,961.8,3646.3,945.15,3646.3,921.65,3642.35,902,3631.6,887.3,3618.8,875.55,3598.25,863.8,3586.5,864.75
1-127,Uninfected,No_comment,Polygon,33,3940.55,1378.65,3908.85,1392.7,3899.45,1416,3895.7,1430.05,3894.75,1447.85,3895.7,1458.1,3897.55,1471.15,3903.15,1483.3,3920,1500.15,3928.4,1504.8,3935.9,1511.35,3945.25,1516.95,3955.5,1521.65,3965.8,1525.4,3981.7,1530.1,3992.9,1528.2,4001.3,1526.3,4020,1516.95,4030.3,1509.5,4039.65,1500.15,4046.15,1489.85,4049,1474.95,4049,1462.8,4048.05,1455.25,4043.35,1439.4,4039.65,1430.05,4031.2,1414.2,4017.2,1400.15,4010.65,1394.5,3997.55,1383.3,3984.5,1377.75,3965.8,1376.75,3955.5,1374.95
1-128,Uninfected,No_comment,Polygon,43,3840.55,1482.4,3833.05,1469.35,3829.35,1463.7,3820,1453.4,3810.65,1444.05,3803.15,1440.3,3779.8,1438.5,3765.75,1438.5,3754.55,1441.25,3746.15,1445.05,3736.8,1451.55,3728.4,1458.1,3720.9,1462.8,3716.25,1465.55,3710.6,1471.15,3705.95,1477.7,3700.35,1485.2,3699.4,1488,3697.55,1497.35,3697.55,1509.5,3698.05,1517.05,3705.55,1532,3709.25,1539.5,3716.75,1551.65,3722.35,1560.05,3731.2,1568.35,3738.65,1573.1,3744.25,1576.8,3752.7,1578.7,3770.45,1584.25,3782.6,1585.25,3796.6,1583.35,3805.05,1577.7,3813.45,1568.35,3819.05,1561.85,3826.5,1553.4,3831.2,1547.8,3834.95,1541.25,3837.75,1533.8,3839.6,1522.55,3839.6,1516.05,3840.55,1505.8,3840.55,1493.65
1-129,Uninfected,No_comment,Polygon,33,3895.7,1483.3,3871.4,1482.4,3848.95,1489.85,3838.75,1499.2,3827.5,1511.35,3825.65,1517.95,3817.25,1539.45,3815.35,1551.6,3814.35,1569.3,3816.25,1586.15,3819.05,1593.6,3825.6,1609.55,3834,1625.4,3846.15,1635.65,3858.3,1641.3,3876.05,1646.9,3892.9,1644.1,3918.1,1636.65,3929.35,1633.85,3935.9,1630.05,3947.1,1622.6,3952.7,1616.95,3960.2,1607.65,3965.8,1596.4,3966.8,1580.5,3969.55,1566.55,3969.55,1549.7,3969.55,1538.45,3959.2,1522.55,3946.1,1507.6,3940.55,1502,3928.4,1496.45,3917.2,1491.75
1-130,Uninfected,No_comment,Polygon,31,4029.35,1517.95,4012.55,1516.95,3998.45,1523.5,3973.25,1535.65,3966.75,1541.2,3958.25,1556.15,3957.4,1570.2,3959.25,1581.4,3962.05,1592.6,3965.8,1606.75,3969.55,1615.1,3978.9,1628.2,3989.15,1637.55,3996.65,1645,4010.65,1651.55,4030.3,1656.25,4044.3,1659.05,4056.45,1659.95,4068.6,1659.05,4085.45,1650.6,4093.85,1643.2,4103.2,1632.85,4106.95,1622.6,4116.25,1601.1,4117.2,1579.6,4114.4,1559.95,4107.85,1546.85,4100.4,1537.55,4087.3,1529.1,4067.7,1520.75,4053.65,1517.95
1-131,Uninfected,No_comment,Polygon,33,3600.9,1622.7,3587.25,1622.6,3574.6,1630.3,3569,1638.7,3564.3,1654.6,3563.9,1668.4,3563.9,1678.65,3563.9,1690.8,3569.5,1702.05,3576.05,1711.4,3585.4,1726.35,3602.2,1739.4,3619.1,1746.95,3631.2,1748.75,3639.6,1747.85,3649.85,1747.85,3660.15,1747.85,3670.45,1746.95,3680.7,1738.5,3691,1730.05,3697.55,1723.55,3704.1,1717,3710.6,1702.95,3711.55,1691.8,3709.7,1678.65,3704.1,1668.4,3696.6,1659.05,3689.15,1650.6,3679.8,1638.45,3671.35,1631.95,3660.65,1628.3,3647.6,1626.4,3629.85,1626.4
1-132,Uninfected,No_comment,Polygon,33,3722.85,1587.05,3707.4,1597.45,3699.95,1608.65,3691.95,1618.9,3688.2,1629.1,3686.3,1640.4,3690.6,1655.4,3694.35,1664.75,3699,1679.75,3705.55,1691.9,3717.15,1700.15,3728.4,1705.75,3738.65,1710.5,3751.75,1712.3,3766.7,1712.3,3781.65,1712.3,3795.7,1714.2,3805.05,1712.3,3815.3,1700.15,3824.65,1689.9,3834.95,1680.55,3843.35,1671.2,3846.15,1652.55,3843.4,1632.8,3836.85,1624.4,3826.55,1610.4,3817.2,1600.2,3810.65,1595.5,3799.4,1587.05,3785.45,1580.5,3767.7,1577.7,3757.4,1577.7,3738.65,1577.7
1-133,Uninfected,No_comment,Polygon,31,3898.5,1630,3886.4,1636.55,3878,1645.9,3876.05,1656.25,3873.25,1672.1,3873.25,1684.25,3878.85,1697.35,3885.4,1706.75,3892.9,1714.2,3901.3,1719.8,3911.6,1725.45,3929.35,1731,3941.5,1736.6,3955.5,1742.2,3965.8,1746.95,3979.8,1749.75,3991.05,1749.75,4009.75,1747.85,4020.95,1740.4,4032.15,1726.35,4040.55,1709.5,4043.35,1700.15,4041.5,1680.55,4034,1666.5,4024.75,1652.55,4017.25,1641.35,4004.15,1632,3989.2,1628.25,3959.25,1623.5,3932.15,1622.55,3911.6,1622.55
1-134,Uninfected,No_comment,Polygon,43,3882.6,1717,3867.65,1723.55,3863,1727.25,3857.35,1731.95,3854.55,1738.5,3851.75,1745.95,3851.75,1749.75,3851.75,1758.1,3852.7,1764.7,3855.5,1771.25,3858.3,1778.65,3861.1,1788,3863,1794.55,3866.7,1802.95,3869.5,1809.5,3876.05,1817.05,3885.4,1828.2,3894.75,1840.35,3904.1,1846.9,3912.5,1853.5,3926.55,1861.85,3944.3,1870.25,3953.65,1873.1,3968.6,1875,3977.95,1875.9,3987.3,1873.1,4001.3,1867.45,4015.35,1860,4025.6,1853.5,4034.95,1841.35,4033.1,1815.15,4030.3,1803.9,4026.55,1796.45,4021.9,1787.1,4015.35,1776.85,4009.75,1770.25,4002.25,1758.1,3993.85,1750.65,3981.7,1740.25,3964.85,1729.05,3950.85,1723.45,3934.95,1715.95,3917.2,1712.2
1-135,Uninfected,No_comment,Polygon,28,4107.05,1742.7,4086.1,1742.7,4065.8,1755.6,4047.55,1766.35,4035.45,1779.9,4029.35,1791.35,4027.2,1804.85,4027.2,1816.35,4029.9,1827.15,4033.95,1839.35,4039.45,1849.5,4044.85,1856.25,4051.6,1865.75,4057.05,1873.85,4063.1,1882.6,4082.75,1893.45,4097.55,1898.8,4116.55,1898.8,4129.35,1898.8,4140.8,1896.15,4163.85,1884.6,4178,1871.15,4186.75,1856.9,4198.3,1829.2,4190.85,1794.05,4171.95,1769.05,4153.65,1754.85,4134.05,1749.45
1-136,Uninfected,No_comment,Polygon,31,4148.3,1638.7,4118.5,1636.6,4092.8,1637.55,4074.55,1642.95,4052.9,1655.1,4042.35,1698.25,4044.85,1717.05,4053.7,1728.5,4061.1,1737.3,4070.6,1745.4,4084.1,1752.1,4094.25,1754.8,4104.4,1758.2,4121.9,1763.6,4134.05,1767,4145.5,1768.35,4159.75,1767.65,4171.2,1767.65,4185.4,1767.05,4198.95,1763.65,4207.1,1757.6,4219.9,1742.7,4228.05,1733.95,4230,1719.05,4227.3,1702.15,4221.95,1692.05,4215.2,1680.6,4203,1666.4,4196.95,1660.25,4186.75,1650.8,4173.95,1644.75
1-137,Uninfected,No_comment,Polygon,31,4072,1028.1,4050.8,1027.4,4022.7,1032.9,4003.5,1041.8,3993.95,1050,3984.35,1060.3,3974.75,1071.25,3969.25,1082.2,3966.55,1093.85,3971.3,1108.2,3972.7,1120.55,3975.45,1132.2,3980.9,1145.9,3989.8,1156.85,3998.05,1167.15,4009.7,1173.3,4034.35,1174,4050.8,1167.8,4067.9,1164.4,4079.55,1160.3,4095.3,1154.1,4103.5,1149.3,4115.15,1141.8,4122.7,1134.25,4132.95,1113,4133.65,1100.7,4131.6,1085.6,4124.75,1071.25,4114.5,1060.3,4103.5,1047.25,4093.95,1039.75
1-138,Uninfected,No_comment,Polygon,26,4124.7,1132.9,4130.25,1139.05,4139.8,1150,4149.4,1159.6,4159.7,1169.2,4169.25,1181.5,4172.7,1200.75,4168.6,1214.45,4159.7,1226.05,4146,1245.9,4140.5,1262.35,4136.4,1278.15,4134.35,1292.5,4109,1306.85,4068.6,1313,4051.35,1305.45,4030.15,1291.05,4012.3,1273.95,4002.75,1246.55,3997.25,1210.9,3993.95,1186.3,4002.1,1165.1,4015.15,1152.8,4048.7,1139.1,4075.4,1136.3,4116.45,1133.55
1-139,Uninfected,No_comment,Polygon,27,4063.1,1316.45,4047.95,1322.55,4039.05,1332.85,4017.8,1347.9,4007.65,1360.95,4002.85,1376.7,4006.25,1386.3,4014.45,1398.55,4019.95,1415.65,4030.25,1430.75,4039.8,1448.55,4048.05,1459.45,4056.95,1467.8,4067.9,1471.95,4100.8,1482.2,4114.5,1482.95,4137.75,1478.8,4150.8,1470.55,4163.3,1454.8,4177.7,1434.25,4187.1,1415.1,4198.75,1385.65,4197.35,1369.2,4183.65,1347.25,4152.9,1320.55,4124.05,1310.3,4086.4,1313
1-140,Uninfected,No_comment,Polygon,35,2995.4,1521,2988.7,1515.25,2960.15,1527.7,2943,1540.05,2934.45,1551.5,2933.5,1564.85,2933.5,1581.05,2938.25,1596.2,2940.7,1607.35,2948.35,1621.65,2962.05,1633.35,2972.55,1634.3,2986.8,1635.25,2996.35,1634.3,3020.15,1627.7,3031.6,1624.85,3043.95,1622.95,3059.2,1619.15,3075.35,1619.15,3083,1618.15,3091.6,1616.2,3103,1615.25,3115.4,1615.25,3125.85,1615.25,3140.15,1614.3,3151.6,1602,3150.05,1588.95,3145.3,1575.6,3131,1554.65,3099.2,1544.85,3084.75,1541.1,3058.15,1533.45,3043.8,1530.6,3024.75,1526.85,3006.65,1523.05
1-141,Uninfected,No_comment,Polygon,22,2987.75,1641.05,2977.3,1672.4,2983,1687.7,2989.65,1703.9,3002.05,1719.15,3023.95,1735.3,3038.25,1741.05,3051.6,1741.05,3072.55,1740.1,3085.85,1738.2,3119.2,1726.75,3128.75,1718.2,3142.05,1705.8,3152.55,1691.45,3161.1,1679.15,3163,1662.95,3153.45,1639.15,3143,1622.95,3125.85,1616.2,3104.9,1615.2,3063.95,1624.85,3022.05,1630.55
1-142,Uninfected,No_comment,Polygon,23,3189.7,1692.4,3175.4,1698.2,3161.1,1698.2,3147.75,1701.05,3127.75,1705.8,3101.05,1728.6,3097.3,1743.9,3096.35,1757.25,3102.05,1773.4,3117.3,1798.2,3150.65,1822.95,3166.85,1821.05,3179.2,1821.05,3210.65,1823.9,3222.05,1822,3238.25,1804.85,3247.8,1790.5,3255.4,1773.4,3258.25,1759.15,3252.55,1739.15,3242.05,1717.25,3227.8,1702,3207.8,1693.35
1-143,Uninfected,No_comment,Polygon,25,3185.9,1613.35,3175.4,1625.8,3169.7,1646.75,3171.6,1660.1,3177.3,1675.3,3184.9,1687.7,3197.35,1700.95,3215.45,1717.15,3225.9,1720.95,3251.65,1724.85,3269.7,1724.85,3283,1717.25,3304.95,1698.2,3319.2,1675.3,3327.8,1662,3336.35,1638.15,3344.95,1609.6,3338.25,1593.35,3315.4,1578.15,3296.35,1569.6,3265.9,1565.8,3255.4,1569.6,3239.55,1578.45,3222.4,1591.8,3199.55,1608
1-144,Uninfected,No_comment,Polygon,19,3233.5,1416.2,3207.8,1433.4,3194.45,1449.6,3196.35,1464.85,3204.3,1480.35,3210,1490.85,3215.75,1506.1,3225.25,1528.95,3237.65,1542.3,3252.95,1558.45,3264,1564.85,3303.05,1572.35,3322.05,1561.05,3353.5,1521,3355.4,1492.45,3349.7,1454.35,3324.95,1428.65,3293.5,1416.2,3266.85,1413.4
1-145,Uninfected,No_comment,Polygon,22,3380.15,1490.55,3360.15,1502,3341.1,1529.45,3333.5,1543.75,3328.75,1562,3329.75,1574.3,3335.4,1589.6,3347.8,1607.7,3355.4,1617.2,3366.85,1624.85,3384.95,1632.4,3406.85,1633.35,3435.1,1620.2,3453.2,1605,3473.2,1584.05,3478.9,1569.7,3472.55,1545.8,3464.95,1527.7,3448.75,1510.55,3433.5,1499.05,3411.6,1487.7,3400.15,1487.7
1-146,Uninfected,No_comment,Polygon,23,3364.95,1631.45,3320.15,1642.8,3297.3,1662.8,3285.9,1677.1,3282.05,1689.45,3278.25,1706.6,3281.1,1715.2,3287.8,1730.5,3299.2,1743.9,3310.65,1754.35,3325.9,1759.15,3342.1,1762,3358.25,1765.8,3378.25,1766.75,3397.3,1763.9,3414.45,1758.2,3431.6,1747.7,3444,1726.75,3447.8,1710.5,3440.8,1671.6,3424.6,1653.5,3405.9,1638.15,3386.85,1635.25
1-147,Uninfected,No_comment,Polygon,25,3319.2,1766.75,3304,1780.1,3293.5,1787.65,3288.75,1798.2,3284.95,1812.45,3285.9,1826.7,3290.7,1837.25,3302.05,1852.45,3312.55,1862.95,3320.15,1872.45,3333.5,1880.1,3345.9,1888.6,3358.25,1893.45,3376.35,1895.35,3392.55,1885.75,3406.85,1875.35,3424,1861.05,3434.45,1847.65,3444.95,1825.8,3442.1,1807.65,3422.1,1776.3,3406.85,1759.95,3388.8,1760.9,3362.1,1762.8,3325.9,1763.9
1-148,Uninfected,No_comment,Polygon,21,3509.3,1679.3,3475.1,1687.8,3460.2,1694.3,3441.15,1708.5,3428.8,1731.35,3428.75,1754.35,3438.25,1782,3445.9,1790.5,3461.15,1802.95,3474.45,1811.45,3489.7,1812.45,3525.9,1808.6,3550.65,1797.25,3575.4,1782.95,3586.85,1765.8,3592.55,1747.7,3592.35,1733.15,3583.8,1709.35,3566.65,1691.25,3550.3,1680.25,3528.35,1681.2
1-149,Uninfected,No_comment,Polygon,26,3442.1,1418.1,3418.25,1419.05,3406.85,1425.8,3401.15,1439.05,3401.15,1452.45,3406.85,1468.65,3413.5,1481.95,3419.2,1493.4,3428.7,1504.85,3440.15,1518.15,3449.65,1525.8,3459.2,1530.55,3475.4,1538.1,3490.65,1540.05,3511.6,1539.1,3523.05,1533.35,3536.35,1520.05,3547.8,1506.75,3553.5,1492.45,3545.9,1475.25,3534.45,1460,3520.2,1449.6,3504,1445.8,3486.85,1445.8,3459.25,1431.5,3451.6,1424.85
1-150,Uninfected,No_comment,Polygon,31,3656.05,1385.8,3626.15,1385.1,3598.25,1392.6,3586.65,1397.35,3577.15,1405.45,3565.6,1413.65,3554.7,1421.85,3549.95,1427.9,3543.15,1451.1,3543.75,1466.75,3544.8,1478.65,3548.25,1490.2,3552.6,1499.4,3564.9,1515.7,3575.8,1521.85,3587.4,1525,3599.65,1527.05,3615.3,1522.95,3634.3,1515.45,3647.2,1510.05,3662.2,1503.25,3671.65,1498.7,3679.85,1496,3691.45,1485.8,3699.55,1472.8,3702.95,1462.6,3704.35,1450.35,3700.95,1432.7,3693.5,1416.4,3685.3,1404.15,3673.05,1391.9
1-151,Uninfected,No_comment,Polygon,24,3511.85,1313.65,3478.5,1315.65,3461.5,1327.95,3452.65,1334.7,3441.1,1347.7,3432.9,1359.25,3428.1,1374.2,3428.85,1390.55,3434.25,1405.45,3440.1,1417.45,3450.25,1431.7,3472.7,1441.2,3489.05,1446.65,3507.4,1448.7,3528.85,1448.35,3548.55,1443.55,3562.15,1432.7,3572.4,1420.45,3578.45,1408.25,3583.95,1391.2,3586.65,1371.5,3579.85,1347,3564.9,1331.35,3543.15,1316.4
1-152,Uninfected,No_comment,Polygon,24,3353.3,1289.85,3334.25,1296.6,3323.4,1301.4,3313.8,1310.95,3309.1,1319.8,3299.95,1337.55,3296.85,1359.25,3298.9,1368.75,3302.95,1376.95,3309.75,1391.9,3318.6,1400.75,3331.55,1408.85,3349.25,1415.05,3377.75,1410.95,3395.5,1407.55,3410.45,1391.9,3430.95,1366,3428.85,1345.65,3424.7,1325.25,3417.25,1313.65,3407.05,1302.8,3396.8,1293.95,3384.6,1287.15,3364.9,1285.1
1-153,Uninfected,No_comment,Polygon,37,4204.4,1413.65,4192.85,1419.1,4183.45,1422.5,4171.2,1433.45,4164.4,1440.9,4156.2,1452.5,4152.15,1464,4151.5,1470.8,4151.35,1480.35,4152.65,1486.45,4156.05,1493.25,4160.85,1499.4,4166.3,1507.5,4173.1,1515.7,4179.9,1523.15,4188.75,1527.95,4197.55,1533.35,4207.15,1537.5,4219.4,1539.55,4228.9,1539.55,4240.45,1536.8,4250,1533.35,4259.5,1529.35,4271.1,1524.55,4277.9,1521.85,4288.75,1515.05,4292.85,1511.65,4292.15,1488.45,4290.15,1469.4,4288.75,1453.15,4284.7,1438.15,4279.95,1425.9,4269.7,1421.1,4261.5,1419.1,4251.35,1417.7,4236.4,1417.7,4222.1,1414.35
1-154,Uninfected,No_comment,Polygon,31,4249.3,1224.55,4235,1211.6,4220.75,1204.15,4206.45,1199.35,4194.9,1197.95,4179.9,1203.45,4169.5,1207.05,4157.25,1222.7,4151.15,1231.55,4146.4,1241.75,4140.95,1255.35,4138.95,1268.25,4139.1,1293.95,4141.15,1304.15,4145.2,1310.25,4154.15,1321.2,4163.75,1329.3,4172.55,1336.85,4181.3,1342.9,4189.45,1345.65,4199.65,1347,4211.2,1347.7,4222.8,1346.3,4239.05,1336.8,4245.85,1330.65,4253.4,1322.45,4260.2,1314.35,4266.35,1305.5,4271.1,1294.6,4264.9,1245.65,4249.3,1223.9
1-155,Uninfected,No_comment,Polygon,24,3324.75,1129.35,3292.75,1128.7,3276.45,1133.6,3260.8,1145.65,3253.25,1155.2,3236.3,1178.3,3232.2,1192.65,3247.2,1221.2,3256.05,1235.45,3262.1,1244.3,3274.4,1255.25,3283.9,1264.7,3297.55,1266.1,3313.8,1263.35,3336.25,1259.3,3347.85,1255.25,3358.7,1245,3366.9,1234.8,3373.7,1222.55,3375.1,1210.35,3372.35,1178.3,3360.1,1156.6,3350.6,1143.6,3341.05,1132.1
1-156,Uninfected,No_comment,Polygon,31,3405.95,1186.2,3390.85,1190.85,3379,1201.4,3367.55,1214.85,3357,1226,3351.7,1238.5,3351.7,1247.1,3352.65,1255.95,3359.2,1270.45,3362.55,1276.35,3373.05,1288.55,3388.8,1300.35,3399.95,1307.65,3410.55,1312.85,3427,1315.85,3436.9,1317.1,3451.4,1321.05,3473.05,1318.25,3486.2,1307.95,3498.7,1295.45,3504,1288.15,3505.35,1277.65,3506.6,1263.85,3506.6,1254,3505.35,1244.75,3499.4,1235.55,3487.5,1220.45,3477.65,1209.9,3459.9,1198.05,3440.15,1190.85,3423.05,1186.9
1-157,Uninfected,No_comment,Polygon,21,3630.95,1257.95,3613.15,1260.55,3590.15,1273.05,3579.6,1286.2,3574.4,1304,3574.4,1321.7,3574.4,1335.55,3578.3,1345.2,3586.25,1352.65,3605.35,1364.5,3622.4,1373.7,3638.85,1375,3651.35,1372.4,3661.9,1365.85,3671.05,1358.55,3680.95,1349.4,3689.5,1338.15,3694.1,1327,3687.5,1290.15,3667.1,1267.75,3652.65,1261.2
1-158,Uninfected,No_comment,Polygon,28,3719.8,1225.65,3698.05,1232.25,3682.3,1241.5,3678.35,1261.9,3678.35,1275.65,3678.95,1291.45,3683.55,1302.65,3689.5,1316.45,3694.75,1327.65,3698.75,1334.2,3706.6,1344.1,3714.5,1351.35,3725.75,1357.3,3738.85,1363.15,3748.75,1365.85,3764.5,1365.15,3775,1364.5,3787.5,1362.5,3797.4,1355.95,3808.55,1346.05,3818.45,1336.2,3829.6,1320.45,3834.9,1302.65,3830.3,1281.6,3822.4,1260.55,3807.9,1244.1,3782.3,1227.65,3751.35,1221.05
1-159,Uninfected,No_comment,Polygon,20,3792.1,1100.05,3756.6,1119.1,3741.45,1142.75,3733.55,1157.25,3732.95,1168.45,3733.55,1180.95,3736.25,1188.9,3744.8,1200.65,3752,1215.15,3767.1,1225,3796.75,1236.15,3833.55,1237.5,3855.95,1221.05,3876.35,1204,3884.3,1181.6,3888.25,1158.55,3880.3,1136.9,3867.2,1117.1,3842.1,1103.3,3813.25,1094.75
1-160,Uninfected,No_comment,Polygon,23,3914.6,2031,3901.65,2041.35,3894.75,2051.7,3890.45,2067.2,3891.3,2091.35,3896.5,2106,3904.25,2118.95,3913.8,2130.15,3924.1,2139.65,3937,2151.7,3954.25,2156.85,3968.05,2158.6,3998.2,2157.75,4013.75,2153.4,4028.45,2139.65,4037.85,2131,4042.2,2089.65,4033.55,2066.35,4012,2044.8,3990.45,2035.3,3968.05,2022.4,3950,2026.7,3932.7,2026.7
1-161,Uninfected,No_comment,Polygon,17,3080.1,1959.45,3057.7,1945.65,3023.25,1946.5,3006.85,1956.85,2991.35,1972.4,2981,1992.2,2978.4,2022.4,2987,2043.05,3001.65,2063.75,3013.8,2074.95,3049.15,2085.3,3065.4,2088.2,3093.85,2077.85,3107.7,2064.65,3113.8,2049.95,3114.6,2024.1,3100.8,1980.15
1-162,Uninfected,No_comment,Polygon,28,3226.05,2049.3,3210.3,2056.15,3198,2060.25,3186.35,2071.25,3176.75,2080.8,3170.2,2104.45,3166.75,2118.8,3168.8,2133.2,3169.5,2144.15,3172.25,2151.7,3179.5,2159.6,3189.75,2171.9,3196.6,2178.1,3210.3,2182.2,3218.55,2183.55,3226.05,2184.95,3240.45,2187.65,3250.05,2189.05,3261.7,2189.05,3269.9,2184.95,3280.85,2171.9,3289.1,2155.5,3293.9,2136.35,3301.4,2121.9,3301.4,2094.5,3294.55,2076,3273.35,2057.55,3243.2,2047.95
1-163,Uninfected,No_comment,Polygon,20,3118.7,1938.6,3104.6,1945.3,3096.45,1957.15,3095,1969.75,3095.6,1980.9,3106.75,2029.05,3112.65,2046.8,3129.75,2064.55,3148.65,2077.2,3162,2080.15,3175,2079.35,3194.95,2070.75,3209,2059.65,3217.95,2050.45,3223.9,2037.9,3231.3,2024.55,3226.1,1986.75,3217.2,1969.75,3200.9,1953.45,3164.6,1940.1
1-164,Uninfected,No_comment,Polygon,17,3210.5,1957.85,3212.75,1940.1,3232.05,1931.2,3253.5,1924.55,3297.95,1926.75,3328.35,1937.15,3339.45,1956.4,3342.4,1981.6,3342.4,2007.5,3340.9,2029.75,3333.5,2054.9,3321.65,2071.95,3303.9,2080.1,3268.25,2063.35,3247.5,2049.3,3229.05,2035.65,3214.25,2003.75
1-165,Uninfected,No_comment,Polygon,20,3331.3,2103.05,3307.6,2111.95,3297.1,2124.85,3288.95,2138.9,3286.75,2155.2,3282.4,2184.55,3287.6,2196.4,3302.4,2214.2,3321.65,2228.25,3349.05,2231.95,3365.35,2231.25,3378.7,2226.8,3386.1,2223.8,3399.4,2214.2,3406.1,2205.3,3414.25,2174.2,3412.8,2148.25,3391.25,2124.55,3372.05,2109,3356.5,2104.55
1-166,Uninfected,No_comment,Polygon,17,3045.3,2234.95,3028.3,2234.95,3004.6,2244.55,2991.25,2257.15,2982.4,2274.2,2981.65,2284.55,2983.1,2326.05,2997.95,2346.8,3023.85,2363.1,3049.05,2363.1,3070.55,2363.1,3087.6,2357.9,3099.45,2347.55,3109.75,2325.3,3115,2291.25,3102.4,2267.5,3071.3,2245.3
1-167,Uninfected,No_comment,Polygon,20,3043.15,2149,3029.8,2169.75,3028.3,2206.05,3032,2220.1,3046.75,2239.35,3063.05,2254.2,3127.6,2271.95,3151.3,2269,3211.3,2277.9,3223.9,2266.05,3240.2,2245.3,3251.3,2223.8,3250.5,2202.35,3243.05,2189.3,3228.2,2173,3203.85,2159.65,3175.7,2153.75,3148.65,2152.7,3106.5,2149,3079.1,2149
1-168,Uninfected,No_comment,Polygon,20,3033.45,2359.4,3010.55,2362.35,2997.15,2368.25,2989.8,2378.65,2980.9,2389,2971.25,2403.85,2966.1,2419.4,2977.95,2445.3,2989.8,2469.75,3007.55,2483.1,3027.55,2492,3040.15,2492.7,3061.6,2490.5,3083.15,2485.3,3093.45,2474.2,3106.85,2463.1,3120.9,2425.3,3114.25,2392.7,3087.6,2364.55,3071.9,2360.85
1-169,Uninfected,No_comment,Polygon,24,3291.3,2211.2,3269.05,2209,3248.35,2219.3,3237.95,2229,3221.65,2245.3,3219.45,2266.75,3229.05,2286.8,3232.75,2314.2,3240.9,2324.55,3252.75,2337.15,3262.35,2343.1,3275,2349,3299.45,2353.45,3326.8,2348.25,3348.35,2341.6,3363.9,2326.8,3372.8,2313.45,3376.5,2291.25,3372.8,2273.45,3363.1,2255.65,3354.95,2243.8,3341.65,2231.9,3327.65,2221.55,3319.5,2217.1
1-170,Uninfected,No_comment,Polygon,30,3203.9,2270.45,3163.9,2265.3,3135.75,2266.75,3121.6,2269,3101.55,2269,3090.45,2269,3083.05,2271.95,3076.35,2282.35,3070.45,2304.55,3073.4,2328.25,3079.35,2341.6,3084.45,2354.95,3091.25,2366.05,3101.6,2379.4,3119.45,2389,3135,2390.5,3148.3,2389,3163.9,2389.75,3176.45,2392,3187.6,2394.95,3197.95,2396.4,3205.35,2394.95,3210.5,2390.5,3226.85,2381.6,3230.5,2360.85,3237.95,2329.75,3239.5,2314.9,3239.5,2301.55,3238,2288.95,3226.15,2279.35
1-171,Uninfected,No_comment,Polygon,23,3146.9,2388.2,3124.6,2400.1,3113.45,2409.75,3101.6,2438.65,3100.85,2449.75,3107.55,2463.85,3100.15,2474.2,3113.5,2491.25,3120.9,2499.4,3132.75,2509,3146.05,2514.95,3164.6,2517.9,3178.7,2517.15,3196.45,2514.95,3211.3,2506.8,3221.65,2489.75,3232.05,2474.95,3235.75,2461.6,3235,2448.3,3224.6,2428.25,3215.75,2412.7,3202.35,2399.4,3188.35,2388.9
1-172,Uninfected,No_comment,Polygon,15,3383.9,2317.9,3346.85,2328.2,3327.6,2346.75,3315.75,2366.8,3314.95,2381.6,3322.4,2401.6,3330.55,2423.1,3353.5,2438.65,3369.8,2448.3,3415.75,2456.4,3452.8,2443.1,3469.8,2419.4,3470.55,2377.9,3451.25,2348.25,3416.5,2323.1
1-173,Uninfected,No_comment,Polygon,29,3315.8,2366.75,3296.5,2348.95,3278,2340.8,3252.8,2334.15,3236.45,2337.05,3225.35,2343.05,3217.95,2357.05,3212.75,2373.35,3210.55,2389.7,3215,2403.1,3223.2,2428.15,3229.1,2445.2,3235.05,2462.2,3240.9,2477.15,3250.5,2498.65,3261.65,2514.2,3272.75,2523.85,3291.3,2526.05,3305.35,2523.1,3319.45,2518.65,3332.8,2512,3345.35,2503.85,3356.5,2491.25,3363.1,2471.25,3365.35,2452,3360.25,2433.45,3351.35,2417.9,3339.5,2399.35,3328.4,2386.75
1-174,Uninfected,No_comment,Polygon,23,3532,2180.85,3493.55,2188.25,3477.25,2201.6,3465.4,2227.5,3472.05,2255.65,3480.2,2267.5,3496.5,2285.3,3509.1,2297.9,3520.2,2306.05,3532,2313.45,3543.85,2317.15,3557.95,2320.85,3582.4,2323.8,3596.45,2322.35,3615,2311.25,3628.3,2297.15,3642.4,2279.4,3646.15,2261.6,3635,2229.75,3619.45,2211.95,3598.7,2196.4,3574.25,2186.8,3560.15,2182.35
1-175,Uninfected,No_comment,Polygon,26,3846.7,2418.3,3826.6,2386.35,3828.3,2349.7,3837.85,2333.7,3855,2320.1,3894.65,2318.9,3917.7,2328.4,3942.5,2338.45,3954.4,2343.75,3963.25,2352.65,3968.6,2363.3,3969.8,2371.55,3970.95,2378.65,3972.75,2388.15,3974.5,2397,3974.5,2405.9,3972.15,2414.2,3969.8,2423.65,3964.45,2434.9,3956.75,2443.15,3939.6,2447.9,3919.5,2446.7,3908.25,2445.55,3886.95,2441.4,3872.15,2434.35,3862.7,2427.25
1-176,Uninfected,No_comment,Polygon,24,3848.5,2427.8,3813.55,2421.85,3798.2,2425.4,3786.95,2434.35,3774.5,2446.7,3771.55,2457.35,3774.5,2477.5,3778.65,2501.75,3781.6,2514.2,3787.5,2523.05,3796.4,2530.8,3814.75,2547.9,3826.6,2549.7,3828.95,2555,3843.75,2558.55,3852.6,2561.5,3865.05,2563.3,3876.3,2564.45,3889.3,2563.3,3935.4,2515.35,3926,2469.8,3911.2,2455.6,3889.85,2441.95,3863.25,2430.8
1-177,Uninfected,No_comment,Polygon,17,3311.8,2701.15,3298.75,2712.4,3287.5,2727.8,3279.25,2753.25,3288.1,2793.45,3298.75,2814.2,3314.75,2830.15,3345.5,2842,3368,2843.75,3392.2,2833.1,3409.4,2818.9,3426.55,2801.15,3427.15,2757.95,3412.35,2731.95,3394.6,2714.75,3370.9,2699.4,3341.35,2695.85
1-178,Uninfected,No_comment,Polygon,25,3531.25,2569.8,3495.75,2598.85,3491.65,2613.05,3488.65,2628.4,3488.65,2638.45,3488.1,2649.7,3495.75,2672.75,3502.85,2682.25,3513.5,2690.5,3528.3,2695.3,3546.05,2700.55,3555.55,2701.15,3581.55,2704.7,3598.75,2700.55,3609.4,2695.85,3625.4,2685.2,3635.4,2676.3,3643.15,2666.25,3646.05,2651.45,3641.95,2626,3634.25,2611.8,3622.45,2595.3,3609.95,2585.2,3576.25,2578.7,3549.6,2572.75
1-179,Uninfected,No_comment,Polygon,16,3531.2,2570.35,3509.95,2554.4,3498.75,2531.35,3489.9,2498.85,3486.95,2472.75,3501.7,2456.8,3539.6,2446.75,3580.4,2444.95,3607.65,2460.95,3625.4,2482.25,3636.65,2498.2,3644.3,2518.3,3653.15,2549.7,3644.3,2571.6,3617.05,2585.2,3593.3,2581
1-180,Uninfected,No_comment,Polygon,24,3578.5,2444.35,3565.6,2417.75,3577.45,2394.65,3598.15,2379.25,3636.05,2370.4,3656.15,2380.45,3682.2,2390.5,3698.75,2405.95,3711.8,2418.3,3720.6,2427.8,3730.1,2450.3,3731.25,2463.3,3731.25,2473.95,3724.15,2494.65,3715.35,2509.5,3697.6,2522.45,3678.65,2525.4,3656.15,2520.7,3644.15,2517.15,3631.75,2504.7,3622.3,2494.65,3612.2,2484.65,3601,2472.15,3587.95,2457.4
1-181,Uninfected,No_comment,Polygon,19,2244.95,2686.95,2218.3,2686.95,2185.75,2692.85,2169.8,2704.7,2159.15,2718.3,2151.45,2734.85,2150.25,2748.45,2149.65,2766.8,2155,2782.8,2163.85,2798.15,2183.4,2812.95,2207.05,2822.45,2227.2,2823,2249.1,2821.85,2267.4,2809.4,2280.45,2794.6,2289.9,2765.65,2292.85,2737.2,2275.1,2708.25
1-182,Uninfected,No_comment,Polygon,16,2240.8,2686.35,2219.5,2662.65,2216.55,2629.55,2223.65,2607,2240.8,2591.05,2259.15,2581.6,2284.6,2576.85,2306.45,2576.85,2327.8,2588.1,2342.55,2598.15,2345.55,2631.85,2340.8,2654.4,2333.1,2673.3,2318.9,2691.05,2303.5,2702.9,2285.75,2704.7
1-183,Uninfected,No_comment,Polygon,20,2321.85,2798.15,2299.35,2790.5,2288.15,2791.65,2273.9,2795.2,2264.45,2801.15,2255,2813.55,2250.25,2834.85,2252.65,2856.15,2260.3,2879.25,2263.3,2907.65,2274.5,2927.75,2294.05,2956.7,2377.45,2985.1,2398.1,2967.75,2401.9,2950.9,2396.15,2934.2,2395.5,2916.1,2384.55,2885.1,2368.35,2853.55,2345.8,2825.8
1-184,Uninfected,No_comment,Polygon,24,2348.9,2827.15,2351,2794.8,2363.9,2789,2376.15,2790.25,2390.35,2794.2,2410.35,2798.7,2429.05,2806.45,2441.9,2816.15,2454.2,2826.45,2465.8,2835.45,2475.45,2845.8,2485.8,2857.35,2496.15,2877.35,2496.8,2905.1,2487.7,2938.7,2474.8,2951.55,2449.05,2958,2423.9,2959.35,2401.75,2950.35,2391.45,2939.4,2380.55,2925.2,2365.65,2901.35,2357.25,2885.85,2350.15,2860.05
1-185,Uninfected,No_comment,Polygon,24,2398.7,2687.7,2377.45,2697.35,2370.35,2710.9,2365.8,2725.8,2373.6,2752.25,2378.1,2770.25,2388.35,2785.15,2401.1,2798.1,2420.5,2812.3,2430.8,2819.4,2440.5,2826.5,2454.05,2836.2,2470.8,2844.5,2486.45,2843.8,2498.7,2841.25,2511.65,2830.9,2522.6,2808.35,2525.2,2792.25,2512.9,2751.55,2501.25,2729,2480.7,2705.8,2464.55,2694.2,2447.7,2686.45,2418.7,2681.25
1-186,Uninfected,No_comment,Polygon,22,2438.1,2674.2,2419.35,2643.2,2411,2621.9,2407.15,2605.15,2409.7,2591.6,2417.45,2575.45,2425.8,2561.9,2440.65,2550.25,2459.35,2547.1,2491,2547.7,2517.45,2543.8,2540.7,2557.35,2551.65,2572.9,2558.1,2598,2554.8,2617.35,2547.15,2638.7,2542.6,2650.25,2534.8,2662.6,2523.9,2674.8,2509.05,2685.15,2468.35,2690.25,2451,2685.8
1-187,Uninfected,No_comment,Polygon,23,2665.85,2757.8,2643.9,2747.75,2629.7,2745.8,2616.15,2750.25,2601.25,2766.45,2592.9,2777.35,2590.35,2788.35,2586.45,2804.45,2589.05,2829,2590.35,2847.75,2596.15,2865.1,2604.55,2876.8,2622.6,2900,2640.7,2919.35,2657.45,2927.75,2712.9,2925.1,2728.35,2910.9,2736.8,2892.9,2747.8,2868.35,2740,2832.9,2729.1,2814.6,2712.95,2795.25,2691,2773.95
1-188,Uninfected,No_comment,Polygon,18,2749,2669.7,2743.25,2650.25,2740.7,2618.7,2745.8,2609.7,2758.75,2597.35,2778.75,2592.25,2814.85,2590.9,2840,2599.35,2872.3,2618,2888.4,2645.15,2900.7,2672.25,2900,2694.8,2885.85,2725.8,2856.8,2732.9,2829.7,2737.35,2807.75,2726.2,2790.3,2712,2771.65,2697.8
1-189,Uninfected,No_comment,Polygon,23,2867.8,2771.55,2829.7,2753.55,2811.65,2746.8,2794.2,2765.55,2785.85,2776.5,2774.85,2803,2770.35,2828.1,2774.25,2847.75,2787.8,2868.35,2800,2880.65,2812.9,2890.9,2829,2902.55,2852.9,2914.8,2865.2,2921.3,2884.55,2919.35,2901.9,2914.8,2917.45,2902.55,2928.4,2881.3,2929,2865.8,2927.8,2843.25,2924.55,2828.35,2912.9,2815.45,2888.4,2793.55
1-190,Uninfected,No_comment,Polygon,15,2869,2768.35,2869,2746.45,2883.9,2736.75,2938.1,2742.55,2965.2,2750.25,2983.25,2761.25,2998.75,2770.9,3017.45,2790.25,3028.4,2801.25,3040,2818,3047.8,2836.8,3022.55,2878,2971.65,2861.9,2934.25,2841.25,2903.9,2809.6
1-191,Uninfected,No_comment,Polygon,17,2194.85,2273.55,2178.7,2281.9,2169.1,2291,2163.9,2308.35,2164.55,2324.55,2167.75,2350.3,2177.45,2370.3,2191.6,2390.95,2210.35,2406.45,2233.55,2413.55,2278.1,2400,2294.2,2384.55,2307.1,2360.65,2304.55,2321.9,2287.1,2297.4,2260.65,2276.1,2227.1,2269.65
1-192,Uninfected,No_comment,Polygon,20,2365.15,2265.8,2331.65,2283.2,2316.15,2294.2,2309.7,2305.8,2304.55,2319.35,2305.75,2343.2,2309.7,2369.65,2324.55,2390.95,2336.8,2401.3,2352.9,2407.1,2378.7,2412.3,2398.1,2408.35,2415.55,2398.75,2431,2387.75,2442.65,2371.65,2447.75,2351.65,2448.4,2321.25,2434.85,2287.75,2417.45,2272.25,2393.65,2261
1-193,Uninfected,No_comment,Polygon,16,2227.1,2460,2207.1,2474.2,2197.45,2490.95,2191.6,2505.8,2187.75,2525.85,2197.45,2550.3,2211.6,2572.9,2234.2,2583.2,2259.45,2588.3,2286.55,2580.65,2298.7,2571.65,2309.1,2561.3,2316.15,2540.65,2302,2486.45,2280.65,2471.65,2253.55,2460
1-194,Uninfected,No_comment,Polygon,17,2298.7,2482.55,2326.45,2449,2372.25,2441.9,2401.3,2447.1,2414.2,2459.35,2425.8,2472.9,2437.45,2494.8,2442.65,2514.85,2434.2,2538.1,2416.8,2556.75,2396.15,2572.3,2374.85,2581.9,2352.9,2574.85,2327.75,2561.9,2312.2,2546.45,2299.95,2522.55,2297.4,2502.55
1-195,Uninfected,No_comment,Polygon,21,2456.8,2383.2,2428.4,2394.8,2423.25,2405.8,2421.3,2421.9,2421.3,2430.95,2425.8,2447.1,2428.4,2458.1,2429.1,2470.95,2431,2484.45,2436.1,2500.65,2447.75,2516.1,2462.65,2530.95,2473.55,2539.35,2496.8,2548.4,2525.8,2551.65,2549.1,2550.3,2580,2509.65,2580,2470.95,2552.9,2438.1,2525.2,2417.4,2493.55,2403.85
1-196,Uninfected,No_comment,Polygon,16,2448.4,2280.65,2483.25,2269,2503.25,2273.55,2531,2283.2,2549.75,2294.2,2560,2306.45,2568.4,2319.35,2570.35,2343.2,2570.35,2357.4,2565.2,2392.3,2539.35,2410.95,2517.45,2413.5,2490.35,2400.65,2452.25,2380,2445.2,2366.45,2439.35,2311.65
1-197,Uninfected,No_comment,Polygon,23,2563.9,2181.25,2537.45,2183.2,2523.9,2196.75,2516.2,2212.25,2515.5,2229,2515.5,2243.85,2522.65,2269,2528.4,2282.55,2538.7,2292.9,2552.25,2305.8,2566.45,2315.45,2587.1,2323.2,2608.4,2322.55,2626.45,2314.8,2638.75,2307.75,2651,2293.55,2659.35,2277.4,2663.9,2263.85,2666.45,2240,2652.25,2216.1,2638.4,2200.7,2620.95,2191.65,2597.15,2185.2
1-198,Uninfected,No_comment,Polygon,26,2634.85,2330.95,2616.2,2321.9,2586.45,2320.65,2570.35,2322.55,2561.3,2332.25,2552.9,2348.35,2545.8,2361.25,2543.25,2374.8,2547.75,2390.95,2551.65,2405.8,2555.5,2418.1,2559.35,2430.95,2566.45,2461.3,2572.25,2484.45,2596.8,2493.55,2609.05,2497.4,2631.45,2501,2653.35,2494.5,2673.55,2486.45,2688.4,2473.55,2696.8,2443.2,2692.3,2421.9,2689.05,2404.55,2682.65,2391.65,2669.75,2373.55,2657.45,2352.25
1-199,Uninfected,No_comment,Polygon,22,2656.75,2383.8,2643.85,2344.45,2645.8,2311,2647.75,2294.75,2657.45,2281.9,2669.05,2275.45,2690.35,2269,2721.95,2272.25,2733.55,2276.1,2743.3,2283.2,2757.45,2291.65,2765.2,2298.1,2775.5,2306.45,2782.6,2317.4,2788.4,2330.3,2790.35,2348.35,2790.35,2364.55,2784.55,2388.35,2770.35,2410.95,2733.55,2432.3,2686.4,2414.75,2667.05,2401.2
1-200,Uninfected,No_comment,Polygon,30,2765.2,2461.3,2745.8,2449.65,2730.35,2449.65,2708.4,2449.65,2692.85,2451.55,2684.5,2468.3,2681.95,2489,2683.65,2501.6,2688.8,2513.9,2694.55,2524.85,2700.35,2532.6,2708.1,2542.3,2716.55,2551.3,2725.55,2561,2736.2,2569.65,2745.8,2576.1,2754.85,2583.2,2766.45,2590.3,2779.9,2593,2792.85,2594.3,2808.3,2593.65,2826.45,2585.2,2844.55,2571.65,2852.9,2560,2854.85,2543.85,2854.85,2520,2845.85,2506.45,2831.65,2492.9,2812.9,2480.65,2794.85,2472.9
1-201,Uninfected,No_comment,Polygon,20,2769,2412.2,2768.4,2434.2,2775.5,2448.35,2789.75,2466.45,2800,2474.8,2819.35,2481.9,2832.9,2488.35,2847.75,2493.55,2865.2,2496.1,2885.2,2495.45,2905.2,2487.1,2921.3,2463.2,2918.75,2434.8,2902.6,2409,2888.4,2389.65,2863.9,2376.1,2833.55,2374.2,2799.35,2371.65,2783.2,2377.35,2770.95,2390.2
1-202,Uninfected,No_comment,Polygon,20,2814.2,2300.65,2805.85,2272.9,2801.95,2253.55,2816.85,2229,2836.2,2220,2870.35,2224.55,2885.2,2229.65,2898.75,2237.4,2911,2246.45,2927.1,2259.35,2936.15,2268.35,2945.2,2286.45,2947.1,2305.8,2941.95,2319.35,2937.45,2329.65,2927.1,2346.45,2905.2,2358.1,2871,2361.25,2839.35,2349,2820.65,2319.35
1-203,Uninfected,No_comment,Polygon,17,1956.7,2267.75,1934.15,2274.8,1923.85,2285.2,1915.45,2300.65,1912.9,2321.3,1909,2345.2,1918.7,2369,1927.05,2379.35,1936.1,2387.1,1951.6,2393.55,1965.15,2401.9,1995.45,2398.1,2018.05,2382.55,2041.25,2345.8,2044.5,2300,2021.9,2265.2,1980,2253.55
1-204,Uninfected,No_comment,Polygon,18,1974.8,2481.3,1945.8,2487.75,1936.7,2499.35,1923.15,2514.85,1918.7,2530.95,1918.05,2544.5,1921.9,2560.65,1932.9,2577.4,1950.3,2598.75,1981.9,2615.45,2009,2615.45,2025.8,2601.3,2037.4,2579.4,2039.35,2549.65,2035.45,2529,2023.85,2509,2006.45,2489.65,1998.7,2483.85
1-205,Uninfected,No_comment,Polygon,21,2031.6,2658.05,2002.55,2663.85,1972.9,2685.85,1954.15,2726.45,1957.4,2764.5,1965.15,2773.55,1974.15,2784.5,1983.85,2792.3,1996.1,2800,2007.7,2801.95,2023.85,2803.2,2035.45,2802.55,2047.1,2797.4,2072.25,2778.05,2082.55,2767.1,2089.65,2756.75,2095.45,2734.2,2096.7,2716.1,2094.8,2700.65,2076.1,2671.65,2060,2658.75