269,5312,2988
4-1,Uninfected,No_comment,Polygon,14,2536.95,206.05,2528.15,225.4,2504.95,237.5,2482.85,239.2,2462.4,229.85,2445.8,213.25,2432,182.25,2433.65,149.7,2451.9,125.4,2477.3,114.35,2501.05,119.35,2525.35,139.2,2538.1,166.3,2542.45,184.85
4-2,Uninfected,No_comment,Polygon,17,2469,290.6,2464.05,306.05,2453.55,321.5,2436.4,332,2419.3,336.45,2390,331.45,2374,317.1,2360.75,292.25,2363.5,261.3,2378.95,235.9,2393.9,220.4,2412.65,216.55,2430.9,222.65,2447.45,236.95,2460.75,249.65,2468.45,264.6,2471.25,272.35
4-3,Uninfected,No_comment,Polygon,18,2365.7,225.9,2351.35,245.3,2347.45,260.7,2333.65,274.6,2311.55,279.55,2299.4,267.95,2290.55,245.3,2276.75,213.25,2276.2,185.1,2287.25,150.8,2297.2,127,2309.35,109.35,2322.6,104.9,2341.95,109.9,2360.2,124.3,2375.1,150.25,2380.05,170.65,2378.4,201.65
4-4,Uninfected,No_comment,Polygon,16,2272.9,351.95,2258.5,360.15,2233.1,361.3,2207.15,346.95,2182.85,322.65,2169,291.15,2173.45,261.85,2185.6,232.6,2203.85,223.2,2226.5,227,2250.8,245.3,2271.25,264.6,2288.9,287.25,2295,309.35,2292.8,330.4,2289.45,338.6
4-5,Uninfected,No_comment,Polygon,16,2158.55,256.35,2155.75,275.15,2147.5,293.3,2129.8,307.75,2103.3,311.05,2089.45,305.5,2068.45,288.95,2056.3,258,2051.35,226.45,2060.2,197.25,2080.65,178.45,2099.95,173.45,2127.6,180.1,2143.6,192.75,2155.75,214.85,2160.2,237.5
4-6,Uninfected,No_comment,Polygon,16,2697.8,203.85,2697.25,207.15,2689.5,219.25,2679.65,229.25,2658.05,236.35,2627.65,234.25,2598.9,218.75,2580.75,189.55,2576.75,155.2,2586.25,122.05,2596.75,103.35,2612.25,99.95,2640.4,113.8,2669.65,139.2,2693.4,160.85,2699.35,184.55
4-7,Uninfected,No_comment,Polygon,14,2908.25,285.05,2897.25,301.1,2883.95,311,2863,314.35,2829.85,307.7,2808.35,276.8,2803.35,240.9,2817.65,206.1,2842.6,188.4,2872.35,182.35,2903.35,193.4,2918.8,214.4,2923.15,237.6,2918.8,263.55
4-8,Uninfected,No_comment,Polygon,14,2677.3,329.25,2671.25,351.35,2650.8,367.35,2624.9,375.65,2601.6,374.55,2583.95,358.5,2569.65,327,2574.6,286.15,2594.45,264.05,2617.65,255.75,2639.75,255.75,2659.1,265.65,2674.6,287.75,2678.35,307.55
4-9,Uninfected,No_comment,Polygon,14,2604.95,448.55,2587.8,467.35,2568.55,476.2,2540.9,476.75,2516,467.35,2498.3,443.55,2496.1,410.4,2509.35,382.25,2527.6,370.1,2550.25,368.45,2571.25,371.2,2593.35,387.8,2604.95,412.1,2605.5,427.35
4-10,Uninfected,No_comment,Polygon,15,3024.8,374,3002.8,390,2986.15,394.35,2951.35,392.75,2933.1,382.25,2919.3,364.6,2910.45,342.5,2915.45,311.55,2935.95,278.95,2964.65,261.85,2994.45,261.25,3026.5,284.5,3038.1,306.05,3041.4,336.4,3035.3,357.95
4-11,Uninfected,No_comment,Polygon,14,2837.55,505.5,2825.35,516,2813.75,525.9,2796.65,529.25,2781.15,529.25,2756.85,519.3,2746.35,493.3,2745.8,461.85,2760.2,430.9,2778.4,418.2,2799.95,416.55,2828.15,428.7,2843.05,447.45,2848,470.65
4-12,Uninfected,No_comment,Polygon,15,2723.7,504.95,2714.3,530.35,2703.25,542.5,2691.1,551.9,2672.35,553.55,2650.8,546.35,2633.65,523.15,2625.95,501.05,2633.1,462.95,2659.65,436.4,2680.05,427.05,2698.85,426.45,2719.3,438.1,2727.6,458.5,2728.65,479.95
4-13,Uninfected,No_comment,Polygon,13,3020.95,515.4,3008.25,539.2,2994.45,558.5,2977.85,572.35,2960.75,571.8,2930.35,551.35,2914.85,507.15,2922.05,467.35,2945.8,442.5,2978.95,428.7,3006.6,437.5,3025.9,460.75,3031.45,488.35
4-14,Uninfected,No_comment,Polygon,15,3178.95,333.1,3166.25,346.95,3153.55,351.35,3136.95,355.75,3112.1,352.45,3090,341.4,3076.2,316,3074.55,288.9,3085.6,257.45,3103.25,243.6,3128.1,237.55,3164.6,248.05,3181.15,265.7,3192.2,292.8,3191.1,314.9
4-15,Uninfected,No_comment,Polygon,14,3322.05,295,3314.85,313.25,3304.35,319.85,3267.35,324.3,3235.85,311,3222.6,291.15,3218.7,260.75,3233.1,227.6,3254.65,209.35,3273.95,201.1,3290.55,201.65,3306.55,214.9,3319.85,235.35,3325.9,266.8
4-16,Uninfected,No_comment,Polygon,16,3303.25,426.5,3290.55,438.1,3271.75,454.1,3256.3,462.95,3236.4,462.95,3212.1,448.6,3200.5,437.55,3193.85,417.1,3203.25,386.7,3224.8,364.05,3250.2,352.45,3283.9,345.25,3304.35,346.95,3320.4,366.25,3323.15,389.45,3319.85,404.95
4-17,Uninfected,No_comment,Polygon,24,3439.7,237,3443.6,254.65,3451.85,277.3,3458.5,287.8,3462.35,303.85,3460.15,314.9,3449.65,324.85,3441.35,328.7,3427,325.95,3415.95,312.15,3406.55,298.3,3396.6,288.9,3378.4,295.55,3369.55,307.15,3359.05,311.55,3348.55,312.7,3344.15,304.4,3343.05,281.75,3360.15,237.55,3374.5,213.8,3394.4,202.75,3409.35,201.1,3425.9,207.15,3434.2,219.3
4-18,Uninfected,No_comment,Polygon,17,3407.1,507.15,3394.95,518.75,3374.55,530.9,3349.1,538.1,3317.05,533.65,3299.95,524.85,3280.6,509.9,3274,483.95,3290,459.7,3316.5,434.8,3336.95,406.6,3356.3,398.85,3380.05,400.5,3402.15,416.55,3414.3,433.1,3416.5,459.1,3417.05,483.4
4-19,Uninfected,No_comment,Polygon,14,3253.55,677.85,3239.7,692.25,3209.35,701.05,3191.65,701.05,3168.45,690.6,3157.95,674.55,3148.55,650.8,3157.4,620.95,3182.8,602.75,3217.05,591.7,3245.25,598.3,3261.25,622.6,3266.25,644.7,3264.05,661.3
4-20,Uninfected,No_comment,Polygon,14,3101.05,648.05,3081.15,656.3,3049.65,659.65,3020.4,645.85,2999.95,628.15,2991.65,599.95,3012.1,567.35,3038.6,550.8,3068.45,550.25,3093.3,559.65,3109.35,572.35,3119.3,588.35,3126.45,607.7,3121.5,627.05
4-21,Uninfected,No_comment,Polygon,15,3224.25,563.5,3207.7,576.2,3186.15,583.95,3171.2,586.15,3145.25,582.3,3129.8,564.05,3122.6,536.45,3133.65,499.4,3158.5,475.65,3181.15,468.5,3208.25,473.45,3230.9,492.8,3238.6,511,3239.15,536.45,3236.95,546.4
4-22,Uninfected,No_comment,Polygon,17,3860.8,582.25,3850.3,590,3833.7,593.9,3816.05,593.3,3796.1,585.6,3777.35,568.45,3762.95,544.15,3773.45,515.4,3798.3,499.95,3817.65,492.75,3835.3,493.3,3849.75,502.7,3862.4,516,3871.2,527.05,3881.15,540.3,3880.05,557.4,3873.45,571.8
4-23,Uninfected,No_comment,Polygon,13,3602.7,509.9,3584.5,537.5,3559.6,549.7,3526.55,553,3503.25,541.4,3485.05,511.55,3491.65,475.65,3509.35,449.7,3545.25,434.75,3568.45,436.4,3585.6,444.7,3602.7,467.35,3607.7,483.95
4-24,Uninfected,No_comment,Polygon,16,3778.45,649.7,3767.4,662.95,3751.9,673.45,3735.3,679.55,3709.95,679.55,3678.45,669.05,3661.85,650.8,3657.95,629.25,3662.95,598.35,3688.4,570.2,3713.2,559.7,3736.95,562.4,3754.7,573.45,3771.3,588.95,3781.8,603.9,3786.7,624.3
4-25,Uninfected,No_comment,Polygon,16,3808.25,793.4,3798.3,807.7,3775.65,821,3759.05,822.1,3741.4,822.65,3713.75,811.6,3702.15,790.05,3691.65,766.3,3696.1,739.2,3707.7,717.65,3728.15,702.2,3762.4,691.75,3789.5,700.55,3805.55,712.7,3815.5,737.6,3819.85,764.05
4-26,Uninfected,No_comment,Polygon,15,3396.65,719.85,3381.8,733.15,3359.7,742.55,3342.55,743.65,3318.2,737.05,3300.5,724.3,3291.1,700.55,3291.1,665.75,3312.1,633.15,3343.65,619.3,3371.3,619.9,3392.85,634.25,3404.45,649.15,3412.1,672.9,3409.95,701.1
4-27,Uninfected,No_comment,Polygon,15,4047.45,903.8,4034.7,918.2,4019.2,925.35,3988.85,929.8,3971.75,929.8,3943,914.85,3934.15,896.65,3939.7,865.15,3952.95,834.75,3978.9,816,4013.75,808.25,4045.75,821.5,4060.7,836.95,4065.1,856.85,4060.15,885.6
4-28,Uninfected,No_comment,Polygon,17,3829.7,950.25,3820.9,966.8,3806.55,976.2,3788.3,980.6,3763.45,975.1,3743.55,963.5,3726.45,941.4,3720.35,900.5,3734.15,866.25,3754.05,845.8,3775.6,841.95,3793.85,850.8,3802.7,866.8,3808.75,887.8,3819.8,898.85,3831.4,908.8,3836.85,929.1
4-29,Uninfected,No_comment,Polygon,15,3566.75,949.7,3549.65,958.5,3522,963.5,3501,959.05,3479.5,943.6,3469,925.35,3468.45,892.2,3486.1,860.75,3508.2,849.15,3531.95,845.8,3551.25,846.9,3565.65,856.3,3581.15,872.9,3588.3,891.1,3587.2,922.05
4-30,Uninfected,No_comment,Polygon,16,3923.65,852.45,3920.9,871.25,3908.75,888.35,3896.55,896.1,3878.35,899.95,3856.8,898.85,3830.3,881.75,3815.95,862.4,3810.4,841.95,3814.3,814.9,3834.15,796.65,3852.35,788.35,3880.6,786.15,3901,793.35,3918.65,808.25,3928.6,829.1
4-31,Uninfected,No_comment,Polygon,17,4119.8,1042.5,4098.8,1044.15,4068.45,1047.45,4045.25,1051.35,4037.5,1057.4,4045.8,1074.55,4059.6,1101.05,4071.2,1123.15,4081.15,1144.15,4105.45,1159.05,4135.3,1154.65,4149.1,1141.95,4155.2,1123.7,4155.75,1108.25,4165.1,1085.05,4164.55,1060.75,4152.95,1051.9
4-32,Uninfected,No_comment,Polygon,13,3861.8,1077.85,3850.75,1091.1,3835.3,1097.75,3820.35,1099.95,3788.9,1090.55,3772.3,1072.9,3767.35,1045.8,3775.05,1018.75,3806.55,998.85,3830.85,997.2,3854.65,1008.8,3870.65,1025.95,3873.95,1053
4-33,Uninfected,No_comment,Polygon,15,4050.6,1184.8,4027.2,1200,4000.6,1203.8,3979.95,1192.4,3966.9,1176.65,3950.6,1158.15,3940.25,1140.75,3934.8,1118.5,3945.15,1088.6,3965.25,1079.35,3994.6,1075.55,4028.3,1088.6,4043.5,1117.95,4058.2,1137.5,4061.45,1164.15
4-34,Uninfected,No_comment,Polygon,18,3957.65,1256.5,3948.4,1265.2,3930.5,1269,3911.45,1264.65,3890.8,1258.7,3868.55,1250,3851.7,1242.9,3839.2,1228.8,3831.05,1205.95,3835.9,1180.95,3854.4,1163.55,3877.2,1155.95,3897.85,1155.4,3921.8,1166.3,3942.45,1177.7,3961.45,1198.9,3969.6,1212.5,3970.7,1236.4
4-35,Uninfected,No_comment,Polygon,23,3748.95,1110.85,3734.3,1118.45,3726.65,1123.9,3724.5,1138.05,3718.5,1148.9,3712.55,1154.9,3698.4,1156.5,3684.3,1150.55,3675.6,1138.55,3662,1125.55,3648.95,1115.75,3633.75,1090.75,3634.85,1060.3,3656.55,1028.25,3681.55,1014.65,3700.05,1013.55,3721.25,1015.75,3745.15,1035.85,3752.2,1056.5,3753.3,1072.8,3757.1,1084.75,3763.1,1095.1,3760.35,1102.15
4-36,Uninfected,No_comment,Polygon,14,3769.05,1275.55,3760.35,1288.05,3746.25,1298.9,3725.6,1303.8,3706.55,1302.15,3683.2,1289.65,3669.05,1269.55,3666.9,1241.3,3683.75,1213.55,3710.35,1197.8,3745.15,1195.65,3765.8,1208.7,3775.6,1227.15,3777.2,1247.8
4-37,Uninfected,No_comment,Polygon,16,3672.35,1197.8,3663.1,1214.65,3653.85,1225,3639.7,1232.05,3625.6,1232.6,3606.55,1229.35,3581.55,1211.95,3566.35,1195.1,3555.5,1165.75,3570.7,1136.95,3594.05,1126.05,3611.45,1123.35,3633.2,1128.8,3650.05,1140.2,3671.25,1157.05,3678.85,1174.95
4-38,Uninfected,No_comment,Polygon,15,3534.3,1080.4,3519.05,1087.5,3501.65,1091.85,3470.7,1085.85,3459.3,1078.25,3447.85,1063.55,3441.9,1041.85,3454.4,1010.85,3476.15,989.1,3501.65,980.4,3526.65,978.8,3547.3,985.85,3562.55,1004.9,3567.45,1036.95,3560.35,1060.3
4-39,Uninfected,No_comment,Polygon,16,3906,1344.6,3896.75,1356,3877.2,1369.05,3862.55,1375.55,3831.55,1375.55,3815.8,1371.2,3792.4,1354.35,3784.25,1332.1,3785.35,1301.15,3804.4,1280.45,3829.9,1268.5,3856,1265.75,3884.25,1275,3903.3,1288.05,3913.6,1302.75,3916.35,1321.8
4-40,Uninfected,No_comment,Polygon,15,3797.3,1427.75,3783.75,1448.4,3774.5,1456.55,3758.75,1463.6,3730.45,1465.25,3713.1,1462.5,3692.4,1443,3688.6,1422.3,3688.05,1402.2,3701.65,1379.35,3719.6,1365.25,3746.25,1359.25,3766.9,1361.95,3790.8,1375,3803.3,1398.4
4-41,Uninfected,No_comment,Polygon,17,3968.5,1498.4,3955.45,1503.8,3945.7,1508.15,3923.95,1507.6,3907.1,1502.75,3889.7,1497.35,3876.1,1479.9,3869.05,1467.4,3867.45,1435.9,3879.4,1411.95,3900.6,1392.4,3926.65,1382.1,3946.8,1383.15,3973.95,1396.2,3988.1,1414.7,3995.15,1442.4,3993.5,1469.05
4-42,Uninfected,No_comment,Polygon,18,3671.75,1373.95,3670.7,1390.75,3660.35,1414.15,3645.15,1427.75,3630.45,1432.1,3608.75,1432.1,3589.7,1423.95,3578.85,1411.45,3571.75,1393,3574.5,1368,3595.15,1343.5,3606.55,1326.15,3612,1304.9,3615.25,1295.65,3623.4,1294.6,3639.15,1310.9,3652.2,1326.65,3666.9,1349.45
4-43,Uninfected,No_comment,Polygon,18,3598.95,1308.05,3585.5,1329.55,3578,1343.55,3567.25,1360.2,3557,1367.7,3544.65,1367.7,3529.05,1360.2,3517.25,1339.25,3502.7,1313.95,3494.1,1300.5,3493.05,1274.7,3503.8,1255.9,3530.15,1239.75,3554.3,1232.75,3579.6,1235.45,3600,1246.2,3609.65,1261.8,3610.25,1281.7
4-44,Uninfected,No_comment,Polygon,14,4199.95,1394.8,4179.3,1401.9,4160.6,1404.5,4138,1403.85,4114.15,1391.6,4101.9,1377.4,4090.95,1352.25,4101.9,1327.7,4137.4,1304.5,4169.65,1300.6,4198.65,1309,4214.8,1328.35,4222.55,1349,4219.95,1367.7
4-45,Uninfected,No_comment,Polygon,15,4279.3,1489.65,4267.7,1503.85,4254.15,1514.15,4237.4,1520.6,4215.45,1516.1,4194.15,1505.15,4172.85,1486.45,4169.65,1465.8,4178,1437.4,4210.95,1412.9,4239.95,1405.15,4261.25,1410.95,4278,1422.55,4290.95,1446.45,4290.3,1465.15
4-46,Uninfected,No_comment,Polygon,17,4171.55,1584.5,4162.55,1591.6,4144.45,1599.35,4123.85,1603.85,4107.05,1602.55,4081.9,1590.3,4059.3,1569,4051.55,1549,4050.3,1521.9,4061.25,1494.8,4080.6,1481.25,4103.85,1478.05,4126.4,1479.35,4156.1,1492.9,4176.75,1516.75,4186.4,1540.6,4183.85,1561.25
4-47,Uninfected,No_comment,Polygon,15,4037.4,1636.75,4030.3,1647.7,4010.3,1661.25,3993.5,1665.15,3974.8,1664.5,3950.3,1650.95,3932.85,1625.8,3928.35,1607.05,3943.85,1569.65,3965.75,1558.05,3994.15,1550.95,4010.95,1553.5,4034.15,1567.7,4047.05,1584.5,4050.3,1605.8
4-48,Uninfected,No_comment,Polygon,12,4275.45,1784.5,4252.3,1801.9,4219.4,1809,4190.95,1802.55,4170.3,1787.7,4161.9,1759.95,4164.5,1723.85,4201.9,1696.75,4230.95,1694.15,4264.5,1713.5,4287.75,1744.5,4284.5,1764.5
4-49,Uninfected,No_comment,Polygon,12,4114.15,1783.2,4103.2,1794.15,4071.6,1803.2,4033.5,1790.3,4009,1765.8,4000.6,1730.3,4012.3,1692.85,4041.3,1679.35,4078.05,1674.15,4107.05,1692.25,4129,1721.9,4131.6,1756.75
4-50,Uninfected,No_comment,Polygon,13,3930.95,1742.55,3920.6,1752.85,3884.5,1758.7,3856.75,1755.45,3829,1736.75,3818.05,1703.2,3831.6,1663.85,3853.5,1645.15,3893.5,1631.6,3919.65,1639.4,3940.6,1661.25,3950.95,1679.95,3952.9,1714.15
4-51,Uninfected,No_comment,Polygon,14,2437,487.9,2431.4,497.55,2421.75,507.25,2406.4,512.9,2387,512.9,2373.35,510.45,2350.75,493.5,2338.65,459.65,2342.7,421.75,2370.15,399.15,2392.7,393.5,2420.95,402.4,2444.3,433.1,2446.75,459.65
4-52,Uninfected,No_comment,Polygon,12,2344.3,562.05,2333.85,578.2,2312,592.7,2262,595.95,2233.85,572.55,2224.15,541.1,2230.55,506.45,2257.2,478.2,2279.8,470.95,2305.55,481.45,2336.25,504.8,2347.55,529.8
4-53,Uninfected,No_comment,Polygon,13,2240.3,470.95,2229,486.25,2210.45,498.35,2180.6,498.35,2149.9,484.65,2136.25,466.9,2135.45,425.8,2149.9,388.7,2174.15,374.15,2202.4,374.15,2229.8,383.85,2250.75,409.65,2255.55,438.7
4-54,Uninfected,No_comment,Polygon,13,2120.95,545.95,2104.8,559.65,2075.75,565.3,2049.15,561.25,2028.2,550,2008.05,527.4,1997.55,500.8,2005.6,475,2039.5,454.8,2074.15,452.4,2109.65,461.25,2125.75,485.45,2131.35,516.1
4-55,Uninfected,No_comment,Polygon,16,2116.9,404,2120.1,428.2,2109.65,446.75,2102.4,450,2077.4,448.35,2041.9,446.75,2027.4,456.45,2015.3,460.45,1998.35,459.65,1996.75,437.05,2011.25,391.1,2030.6,362.05,2057.2,341.9,2074.15,342.7,2097.55,356.45,2110.45,373.35
4-56,Uninfected,No_comment,Polygon,13,1966.9,419.35,1972.55,441.1,1970.95,463.7,1951.55,480.6,1936.25,485.45,1907.2,481.45,1883.05,468.5,1872.55,445.95,1866.1,416.1,1878.2,385.45,1897.55,369.35,1931.35,373.35,1955.6,390.3
4-57,Uninfected,No_comment,Polygon,12,2243.45,691.1,2237.85,711.25,2220.1,725,2198.35,731.45,2180.6,731.45,2149.9,718.55,2130.6,683.85,2131.35,648.35,2156.35,621.75,2183.05,611.25,2212,619.35,2236.25,645.2
4-58,Uninfected,No_comment,Polygon,14,2598.35,764.5,2595.1,773.3,2584.65,783.85,2556.45,795.2,2536.25,794.4,2511.25,776.65,2504,737.15,2505.6,712.15,2515.3,683.9,2547.55,666.9,2575.8,670.25,2589.5,688,2599.1,716.9,2600.8,742.8
4-59,Uninfected,No_comment,Polygon,13,2472.55,792.75,2460.45,802.4,2443.55,812.1,2413.7,815.3,2391.1,803.2,2369.35,775.85,2368.55,732.3,2387.05,699.2,2416.1,685.45,2440.3,687.1,2462.9,706.5,2476.6,726.65,2485.45,750.05
4-60,Uninfected,No_comment,Polygon,13,2697.55,849.2,2691.1,856.5,2670.95,865.3,2641.1,864.5,2619.35,849.2,2604.8,828.2,2600.8,797.55,2616.1,768.55,2645.15,755.65,2679,762.1,2707.25,779,2717.7,802.4,2713.7,825.05
4-61,Uninfected,No_comment,Polygon,13,2390.3,883.85,2376.6,900.85,2362.9,911.3,2341.9,914.5,2323.35,912.1,2294.35,893.6,2280.6,861.3,2295.95,808.1,2316.9,795.95,2342.7,800.05,2370.15,813.75,2388.7,830.65,2395.95,853.2
4-62,Uninfected,No_comment,Polygon,19,2764.5,770.2,2750,782.3,2729,781.5,2713.7,771.75,2704.8,760.45,2688.7,748.4,2670.95,741.1,2652.4,738.75,2641.1,726.65,2636.25,689.5,2648.35,661.3,2670.95,645.2,2696.75,650.05,2712.9,670.2,2724.15,692.75,2737.9,711.3,2753.2,724.2,2763.7,731.5,2771.75,748.5
4-63,Uninfected,No_comment,Polygon,11,2814.5,700.85,2790.3,712.95,2768.55,714.5,2745.95,693.55,2726.6,659.65,2720.15,618.55,2739.5,586.3,2770.95,584.65,2803.2,601.65,2817.7,634.65,2823.35,667.75
4-64,Uninfected,No_comment,Polygon,14,2939.45,663.7,2910.5,682.25,2883.05,683.85,2860.5,679.85,2842.75,655.65,2833.9,621.75,2837.85,595.25,2850.85,579.9,2879.85,570.25,2904.85,569.4,2931.4,577.4,2951.55,590.3,2960.45,619.4,2954.05,638
4-65,Uninfected,No_comment,Polygon,12,3004.05,824.2,2995.95,841.9,2979.05,851.65,2941.15,852.4,2916.15,837.95,2904.85,802.4,2920.95,762.1,2952.45,745.95,2974.2,745.95,2993.55,755.65,3008.05,775.05,3014.5,795.95
4-66,Uninfected,No_comment,Polygon,13,3185.5,810.45,3174.95,818.55,3160.5,822.55,3125.85,822.55,3105.65,813.75,3095.95,789.5,3100.85,751.65,3116.15,725.85,3144.4,708.85,3167.75,712.1,3190.35,729.85,3202.45,756.5,3202.45,780.65
4-67,Uninfected,No_comment,Polygon,14,3298.4,888.75,3288.7,899.2,3270.15,912.1,3254.85,915.3,3237.1,913.75,3210.5,900.85,3202.45,875.05,3207.25,837.95,3233.05,804.85,3258.05,798.4,3281.4,804,3301.6,817.75,3308.05,842.75,3308.05,862.95
4-68,Uninfected,No_comment,Polygon,14,2770.15,959.65,2750.85,961.3,2734.7,960.45,2716.95,952.4,2700,936.3,2689.5,914.5,2688.75,892.75,2714.5,855.65,2734.7,843.55,2758.9,844.4,2788.75,863.75,2804.05,887.95,2810.5,918.6,2797.6,945.95
4-69,Uninfected,No_comment,Polygon,14,3435.5,1011.25,3422.55,1031.4,3409.65,1046.75,3395.95,1051.55,3372.55,1049.95,3354.85,1044.25,3338.7,1013.65,3329.85,977.4,3348.4,945.1,3379.85,924.15,3418.55,920.9,3437.1,937.85,3450,963.65,3450,985.45
4-70,Uninfected,No_comment,Polygon,13,3311.3,1067.7,3264.5,1082.2,3245.95,1079.8,3221.75,1071.75,3207.25,1041.1,3206.45,1012.85,3223.4,980.6,3252.4,968.5,3278.2,968.5,3295.95,977.4,3313.7,995.1,3324.2,1020.95,3328.2,1042.7
4-71,Uninfected,No_comment,Polygon,12,3170.95,1043.5,3154.9,1048.3,3128.25,1053.15,3100.05,1049.05,3078.35,1036.3,3072.65,1003.2,3087.15,962.9,3114.55,947.55,3142.8,945.9,3163.7,954,3179.85,976.55,3186.3,1008
4-72,Uninfected,No_comment,Polygon,11,3133.85,1161.25,3108.05,1173.35,3072.55,1171.75,3041.95,1144.25,3037.1,1110.45,3060.45,1077.4,3091.95,1063.65,3122.55,1066.9,3146.75,1080.6,3155.65,1103.2,3155.65,1132.2
4-73,Uninfected,No_comment,Polygon,13,3355.65,1224.15,3337.15,1252.4,3321.75,1260.45,3302.4,1262.8,3276.6,1249.15,3257.25,1225.75,3250.8,1194.25,3266.95,1160.45,3291.1,1146.75,3312.9,1145.95,3333.05,1151.55,3352.4,1170.95,3358.05,1198.35
4-74,Uninfected,No_comment,Polygon,14,3045.15,1226.55,3028.2,1251.55,3011.3,1262.05,2981.45,1263.65,2963.7,1262.05,2944.35,1243.5,2932.25,1213.65,2941.9,1172.55,2961.3,1148.35,2989.5,1139.45,3018.55,1142.7,3033.85,1162.05,3045.15,1186.25,3047.5,1204.7
4-75,Uninfected,No_comment,Polygon,15,2902.4,1165.3,2887.1,1175.7,2871.75,1179.8,2847.55,1178.2,2826.6,1168.5,2812.9,1149.15,2806.45,1123.35,2807.25,1096.75,2825.05,1070.95,2850.05,1062.8,2878.2,1062.8,2904.85,1068.5,2920.15,1092.7,2925.05,1118.5,2920.95,1141.1
4-76,Uninfected,No_comment,Polygon,13,2886.3,1045.1,2858.85,1048.35,2837.9,1048.35,2820.15,1044.25,2801.6,1016.1,2800,984.65,2816.9,958.85,2850.8,943.5,2877.4,943.5,2902.4,956.4,2915.3,980.6,2916.1,1011.25,2907.25,1034.65
4-77,Uninfected,No_comment,Polygon,16,3485.55,1412.85,3467,1416.9,3443.55,1420.95,3430.7,1421.75,3406.45,1408.05,3387.15,1387.85,3384.7,1349.95,3407.25,1315.3,3446.8,1308.85,3479.1,1319.3,3499.25,1347.55,3512.9,1365.3,3521,1385.45,3521,1400.75,3513.7,1411.25,3503.25,1412.85
4-78,Uninfected,No_comment,Polygon,13,3343.55,1449.95,3329.1,1463.7,3308.9,1474.15,3286.35,1474.15,3254.9,1465.3,3239.5,1431.4,3246.8,1401.6,3264.5,1375.75,3291.15,1362.05,3319.35,1362.05,3342,1374.95,3351.6,1391.1,3356.45,1419.3
4-79,Uninfected,No_comment,Polygon,17,3284.7,1339.5,3267,1350.75,3251.6,1358.05,3237.15,1364.5,3213.7,1360.45,3192,1347.55,3181.45,1329.8,3172.6,1298.35,3180.7,1270.95,3198.45,1249.95,3221.8,1241.1,3246.8,1245.15,3263.7,1258.85,3283.9,1270.15,3296,1279.8,3303.25,1304.8,3300,1325.75
4-80,Uninfected,No_comment,Polygon,14,3141.15,1498.35,3129.9,1510.45,3117.8,1520.15,3104.1,1526.6,3088.7,1524.95,3059.7,1511.25,3037.9,1487.05,3036.35,1456.4,3057.25,1429,3087.15,1415.3,3117.8,1416.9,3137.9,1428.2,3147.6,1445.15,3153.25,1469.3
4-81,Uninfected,No_comment,Polygon,13,3512.05,1524.2,3496.8,1534.65,3479.85,1537.9,3454.85,1535.45,3428.25,1516.1,3421,1487.9,3421.8,1457.3,3454.05,1434.65,3491.15,1431.45,3513.7,1435.45,3529.05,1452.4,3536.3,1483.05,3529.85,1504
4-82,Uninfected,No_comment,Polygon,14,3423.4,1599.2,3406.4,1610.45,3387.85,1614.5,3363.7,1612.1,3336.3,1596.75,3324.2,1573.35,3316.95,1537.9,3326.6,1514.5,3351.6,1504.8,3380.65,1504,3399.95,1513.75,3420.15,1529,3432.25,1545.95,3436.3,1569.4
4-83,Uninfected,No_comment,Polygon,14,3365.35,1702.4,3359.7,1717.75,3341.95,1744.4,3314.5,1755.65,3293.5,1753.2,3258.9,1725,3256.4,1695.15,3266.15,1672.55,3304.05,1650,3339.5,1637.9,3361.3,1639.5,3379.85,1647.55,3383.05,1668.55,3380.65,1685.45
4-84,Uninfected,No_comment,Polygon,12,3160.5,1750,3144.3,1766.9,3119.3,1783.05,3103.25,1788.7,3074.95,1770.15,3057.3,1748.35,3052.45,1710.45,3066.15,1683.05,3101.6,1662.1,3137.1,1664.5,3156.4,1684.65,3169.4,1713.7
4-85,Uninfected,No_comment,Polygon,13,3487.95,1752.4,3462.95,1784.65,3444.4,1795.15,3412.05,1788.7,3384.7,1774.2,3375.8,1750.85,3379.85,1722.55,3400.8,1687.1,3418.5,1676.6,3452.45,1677.4,3472.6,1687.1,3492.75,1710.45,3494.4,1730.6
4-86,Uninfected,No_comment,Polygon,13,3570.15,1671.75,3552.45,1689.5,3533.05,1696.75,3520.15,1698.35,3490.35,1679.8,3476.6,1654,3475.8,1629,3484.7,1604.8,3504.05,1587.9,3530.65,1579,3550.8,1583.85,3575.8,1600.85,3583.9,1639.5
4-87,Uninfected,No_comment,Polygon,13,3674.95,1762.95,3666.15,1780.65,3636.3,1797.55,3614.55,1800,3583.9,1787.1,3568.5,1760.45,3563.7,1735.45,3570.15,1705.65,3583.9,1689.5,3616.95,1675.85,3652.45,1683.05,3674.95,1708.05,3680.6,1733.85
4-88,Uninfected,No_comment,Polygon,13,3805.6,1803.2,3772.6,1823.35,3753.25,1823.35,3723.4,1811.25,3707.25,1783.05,3704.05,1754,3714.55,1730.65,3733.9,1719.4,3762.05,1713.7,3784.7,1719.4,3805.6,1734.65,3816.95,1752.4,3819.35,1783.85
4-89,Uninfected,No_comment,Polygon,13,3994.35,1898.35,3970.95,1904,3941.1,1903.2,3915.3,1891.9,3897.55,1868.5,3887.9,1839.5,3895.15,1807.25,3933.05,1787.85,3970.15,1790.3,4001.6,1808.85,4020.95,1832.25,4025,1859.65,4014.5,1887.85
4-90,Uninfected,No_comment,Polygon,12,3888.7,1944.35,3872.55,1966.1,3857.25,1976.6,3833.85,1978.2,3810.45,1970.15,3789.5,1938.7,3783.85,1902.4,3800.8,1871.75,3842.7,1856.4,3872.55,1863.7,3891.1,1886.25,3895.95,1912.05
4-91,Uninfected,No_comment,Polygon,14,4024.15,2007.25,4014.5,2024.95,3996.75,2038.7,3968.55,2046.75,3949.15,2046.75,3904.8,2020.95,3892.7,2002.4,3891.85,1976.6,3907.25,1943.5,3926.6,1923.35,3964.5,1922.55,3991.85,1924.15,4020.95,1940.3,4031.45,1969.35
4-92,Uninfected,No_comment,Polygon,16,3877.4,2090.3,3863.7,2103.2,3834.65,2115.3,3799.15,2115.3,3781.45,2102.4,3764.5,2083.05,3758.05,2057.25,3747.55,2037.9,3744.35,2018.5,3762.9,1996.75,3795.15,1988.7,3827.4,1995.95,3851.6,2002.4,3876.6,2014.5,3884.65,2038.7,3885.4,2065.3
4-93,Uninfected,No_comment,Polygon,17,3735.45,2114.5,3717.7,2124.15,3698.3,2124.95,3675,2121.75,3654,2116.9,3636.25,2115.3,3615.3,2113.7,3600,2095.15,3597.55,2072.55,3609.65,2045.15,3631.45,2020.15,3654,2007.25,3684.65,2006.4,3714.5,2018.5,3735.45,2046.75,3744.35,2072.55,3745.15,2091.9
4-94,Uninfected,No_comment,Polygon,14,3612.05,2012.9,3601.6,2030.6,3589.5,2043.5,3572.55,2049.95,3554.75,2050.8,3527.4,2043.5,3514.5,2025.8,3504.75,1997.55,3507.25,1974.15,3527.4,1941.1,3556.45,1929.8,3590.3,1935.45,3614.5,1958.05,3623.3,1983.85
4-95,Uninfected,No_comment,Polygon,15,3580.6,1884.65,3558.05,1899.15,3537.05,1904.8,3514.5,1902.4,3495.15,1893.5,3479,1878.2,3468.5,1850.8,3474.15,1820.15,3491.9,1799.15,3520.95,1788.7,3546.75,1788.7,3569.35,1798.35,3589.5,1816.9,3594.35,1844.35,3592.7,1862.05
4-96,Uninfected,No_comment,Polygon,14,3485.45,1964.5,3478.2,1977.4,3448.3,1983.85,3423.3,1978.2,3390.3,1956.4,3380.6,1935.45,3380.6,1908.05,3390.3,1887.05,3411.2,1879,3446.75,1879,3472.55,1891.9,3484.65,1911.25,3495.15,1929.8,3495.15,1948.35
4-97,Uninfected,No_comment,Polygon,15,4172.55,2329.8,4157.25,2337.05,4127.4,2335.45,4104.85,2325.8,4084.65,2300.8,4077.4,2263.7,4083.05,2235.45,4112.1,2217.7,4142.75,2212.85,4174.2,2218.5,4199.2,2237.85,4211.3,2259.65,4211.3,2285.45,4204,2307.25,4195.15,2316.9
4-98,Uninfected,No_comment,Polygon,15,4047.55,2293.5,4032.25,2302.4,4016.9,2308.85,3991.9,2305.55,3969.35,2299.15,3952.4,2288.7,3935.45,2257.25,3938.7,2223.35,3953.2,2194.35,3977.4,2187,4016.9,2195.95,4037.9,2209.65,4054.85,2231.4,4060.45,2256.4,4058.05,2270.95
4-99,Uninfected,No_comment,Polygon,15,3870.15,2378.2,3854,2392.7,3835.45,2404,3816.9,2406.4,3804,2405.55,3783.85,2398.35,3762.9,2379.8,3752.4,2352.4,3752.4,2324.15,3768.55,2291.1,3800,2274.15,3832.25,2275.8,3850.8,2283.85,3871.75,2312.85,3879,2347.55
4-100,Uninfected,No_comment,Polygon,15,4013.7,2420.15,3997.55,2423.35,3966.9,2426.6,3938.7,2410.45,3920.95,2395.15,3915.3,2371.75,3916.9,2345.95,3934.65,2329,3958.85,2323.35,3988.7,2324.95,4016.1,2330.55,4029.85,2340.3,4040.3,2358.85,4045.15,2379,4035.45,2402.4
4-101,Uninfected,No_comment,Polygon,15,3795.95,2245.15,3782.25,2253.2,3761.3,2256.4,3735.45,2255.55,3709.65,2240.3,3700,2224.15,3692.75,2195.15,3699.2,2166.1,3715.3,2144.35,3747.55,2130.6,3775,2133.05,3797.55,2142.7,3810.45,2156.4,3820.15,2186.25,3816.9,2216.9
4-102,Uninfected,No_comment,Polygon,13,3642.75,2258.85,3624.2,2278.2,3601.6,2284.65,3579.8,2282.25,3554.8,2268.5,3540.3,2245.95,3533.05,2218.5,3540.3,2194.35,3573.35,2171.75,3604,2166.1,3625.8,2174.15,3651.6,2196.75,3653.2,2233.05
4-103,Uninfected,No_comment,Polygon,14,3516.1,2421.75,3499.2,2431.4,3480.65,2433.85,3450.8,2426.6,3426.6,2400.8,3415.3,2370.95,3425.8,2340.3,3447.55,2322.55,3481.45,2316.9,3504.8,2323.35,3522.55,2337.85,3536.25,2360.45,3536.25,2381.4,3529.8,2403.2
4-104,Uninfected,No_comment,Polygon,17,3994.35,2525.75,3982.25,2529,3962.9,2537,3948.45,2557.25,3939.55,2573.35,3929.1,2574.95,3907.25,2561.25,3897.65,2524.1,3896.8,2488.7,3913.7,2466.9,3951.6,2447.55,3983.9,2444.3,4004.1,2452.4,4030.65,2472.55,4033.1,2493.5,4026.6,2510.45,4014.55,2518.5
4-105,Uninfected,No_comment,Polygon,14,3884.7,2608.85,3867,2624.1,3851.6,2631.4,3829.9,2632.25,3810.55,2628.2,3785.55,2613.7,3774.25,2572.55,3779.9,2545.15,3800,2527.4,3827.45,2522.55,3855.65,2528.2,3871.8,2540.3,3885.55,2562,3889.55,2587.85
4-106,Uninfected,No_comment,Polygon,15,3733.9,2649.95,3716.15,2658.05,3696.8,2663.7,3665.35,2660.45,3650,2655.55,3626.6,2639.5,3622.6,2605.55,3633.9,2554.8,3649.25,2538.7,3684.7,2530.55,3710.55,2537.85,3733.05,2554,3754.9,2579.8,3761.35,2610.45,3756.45,2629.8
4-107,Uninfected,No_comment,Polygon,16,3599.25,2608.85,3596,2630.55,3585.55,2640.3,3565.35,2647.55,3547.6,2637.85,3536.35,2621.75,3533.05,2566.1,3533.05,2524.95,3536.35,2489.5,3544.35,2464.5,3562.9,2460.45,3583.05,2470.15,3600,2489.5,3612.1,2508.05,3614.5,2542.7,3604.9,2589.5
4-108,Uninfected,No_comment,Polygon,14,3511.35,2619.3,3502.45,2628.2,3475.8,2627.4,3450,2626.6,3420.15,2609.65,3399.25,2583.05,3387.9,2548.35,3399.25,2516.9,3420.95,2499.1,3445.15,2500.75,3466.15,2512,3483.9,2533.05,3505.7,2563.7,3512.9,2590.3
4-109,Uninfected,No_comment,Polygon,15,3557.25,2763.7,3546.8,2776.6,3518.55,2789.5,3496.8,2789.5,3474.25,2783.85,3451.6,2759.65,3442.8,2725.8,3436.35,2694.3,3446.8,2666.1,3475.8,2651.6,3497.6,2651.6,3519.35,2655.55,3552.45,2686.25,3563.7,2728.2,3563.65,2742.65
4-110,Uninfected,No_comment,Polygon,14,3407.25,2917.8,3385.45,2929.05,3358.05,2933.85,3331.4,2928.2,3309.65,2917.8,3304,2892.8,3307.25,2865.3,3332.25,2842.8,3368.5,2827.4,3401.6,2831.45,3416.9,2839.5,3429,2862.9,3430.6,2885.5,3425.8,2897.6
4-111,Uninfected,No_comment,Polygon,13,3703.2,2816.95,3690.3,2836.35,3666.1,2843.6,3644.35,2841.15,3612.05,2825.05,3591.1,2789.5,3597.55,2752.4,3620.15,2731.45,3649.15,2725.8,3674.15,2732.25,3695.95,2746.75,3710.45,2770.15,3713.7,2789.5
4-112,Uninfected,No_comment,Polygon,16,3418.5,2807.25,3403.2,2809.65,3389.5,2809.65,3367.7,2804.05,3345.15,2796.75,3328.2,2783.85,3316.1,2763.7,3310.45,2735.5,3314.5,2708.85,3334.65,2691.15,3369.35,2686.35,3389.5,2691.95,3416.1,2719.35,3424.95,2745.95,3431.45,2766.15,3433.85,2785.5
4-113,Uninfected,No_comment,Polygon,15,3287.9,2794.35,3275.8,2806.45,3262.9,2814.5,3244.35,2819.35,3230.6,2820.95,3206.4,2810.5,3188.7,2795.95,3179.75,2774.25,3179,2745.95,3191.1,2720.95,3216.9,2704.05,3243.5,2702.4,3266.1,2712.9,3281.4,2730.7,3293.5,2760.5
4-114,Uninfected,No_comment,Polygon,15,3254.75,2685.5,3237.05,2687.15,3208.05,2687.15,3191.9,2690.3,3168.5,2681.5,3157.25,2670.95,3152.4,2650.05,3154,2626.6,3179.75,2602.4,3208.85,2584.65,3236.2,2586.3,3264.5,2600.8,3277.4,2622.6,3279,2651.6,3274.15,2667.8
4-115,Uninfected,No_comment,Polygon,17,3176.6,2585.5,3166.1,2591.95,3147.55,2598.4,3124.95,2599.25,3104,2589.5,3084.65,2577.4,3074.1,2558.85,3073.35,2537.9,3079,2513.7,3109.65,2488.7,3137.05,2481.5,3155.6,2486.3,3179,2507.25,3193.5,2526.6,3201.6,2543.6,3199.95,2562.15,3192.65,2572.6
4-116,Uninfected,No_comment,Polygon,13,3149.95,2830.7,3138.7,2841.15,3120.15,2845.95,3091.9,2845.95,3054,2823.4,3037.05,2790.3,3034.65,2766.95,3047.55,2741.1,3071.75,2724.25,3099.15,2729.85,3130.6,2745.15,3152.4,2766.95,3162.05,2799.25
4-117,Uninfected,No_comment,Polygon,14,2979.8,2844.35,2970.15,2858.05,2945.95,2872.6,2924.1,2875.8,2906.4,2872.6,2878.2,2850.8,2863.7,2813.7,2869.35,2779.85,2892.65,2759.65,2923.35,2754.85,2954,2758.85,2974.1,2775.8,2987.85,2804.05,2987.85,2823.35
4-118,Uninfected,No_comment,Polygon,14,3024.95,2737.15,3014.5,2746.75,2991.9,2750.05,2950.8,2738.7,2921.75,2711.3,2911.2,2691.1,2908.05,2664.5,2919.35,2642.75,2940.3,2630.7,2971.75,2630.7,2994.35,2637.15,3016.1,2654.05,3031.4,2676.6,3032.25,2707.25
4-119,Uninfected,No_comment,Polygon,14,2709.65,2868.6,2697.55,2908.85,2686.25,2923.4,2670.95,2933.05,2654.8,2937.15,2628.2,2934.65,2608.05,2916.95,2600.8,2889.5,2602.4,2858.85,2616.1,2824.25,2638.7,2808.85,2664.5,2807.25,2687.85,2818.6,2703.2,2841.15
4-120,Uninfected,No_comment,Polygon,14,2817.65,2748.4,2808.85,2770.95,2791.1,2785.5,2766.1,2788.7,2745.95,2782.25,2725.8,2764.5,2712.05,2737.9,2706.4,2713.7,2714.5,2680.7,2734.65,2662.9,2757.25,2658.05,2773.35,2664.5,2794.3,2682.25,2814.5,2716.95
4-121,Uninfected,No_comment,Polygon,13,2726.6,2643.6,2712.05,2666.95,2690.3,2673.4,2671.75,2672.6,2642.7,2666.1,2623.35,2647.6,2615.3,2617.75,2621.75,2579.85,2645.15,2556.5,2682.25,2550.05,2714.5,2572.6,2730.55,2600.8,2729,2624.25
4-122,Uninfected,No_comment,Polygon,14,2582.25,2892.8,2571.75,2911.3,2551.6,2925.8,2529.8,2926.6,2508.05,2918.6,2487,2897.6,2479.8,2873.4,2482.25,2846.75,2499.95,2824.25,2524.1,2811.3,2545.15,2811.3,2570.95,2825.8,2582.25,2845.95,2587.05,2866.95
4-123,Uninfected,No_comment,Polygon,14,3027.4,2536.25,3016.15,2575,2999.95,2587.9,2979.85,2598.35,2958.05,2598.35,2935.5,2580.65,2918.55,2554,2914.5,2525,2920.15,2498.35,2943.55,2481.45,2970.95,2475,2993.55,2479.8,3010.5,2497.55,3022.6,2516.9
4-124,Uninfected,No_comment,Polygon,14,2852.4,2559.65,2843.55,2582.25,2821.75,2602.4,2806.4,2608.85,2775,2608.85,2751.6,2587.1,2736.3,2558.85,2735.5,2533.05,2749.2,2495.95,2774.2,2484.65,2803.25,2483.85,2829.85,2495.95,2841.95,2518.55,2848.4,2531.45
4-125,Uninfected,No_comment,Polygon,14,2984.7,2430.65,2972.6,2455.65,2957.2,2462.9,2933.85,2470.95,2916.95,2476.6,2897.6,2472.55,2875,2445.15,2872.6,2423.35,2894.3,2381.45,2920.15,2369.35,2943.55,2367.75,2971.8,2367.75,2991.95,2379.8,2986.3,2405.65
4-126,Uninfected,No_comment,Polygon,13,3112.85,2442.75,3087.1,2483.05,3066.95,2496.75,3036.3,2500,3016.95,2487.1,3001.6,2463.7,2994.3,2437.1,2999.95,2407.25,3012.1,2379,3032.2,2364.5,3058.85,2363.7,3087.1,2375,3111.3,2406.45
4-127,Uninfected,No_comment,Polygon,13,2765.3,2398.35,2751.6,2414.5,2733.05,2426.6,2716.15,2428.2,2695.1,2426.6,2677.4,2412.1,2667.75,2387.1,2667.75,2365.3,2684.7,2331.45,2714.5,2321.75,2741.15,2324.2,2765.3,2343.55,2772.6,2366.1
4-128,Uninfected,No_comment,Polygon,13,2650,2373.35,2646.75,2400,2633.85,2419.35,2618.55,2428.2,2585.5,2428.2,2553.2,2406.45,2548.4,2381.45,2550,2353.2,2565.3,2325,2586.3,2311.25,2622.6,2312.1,2645.1,2326.6,2653.2,2345.15
4-129,Uninfected,No_comment,Polygon,12,2514.45,2635.35,2487,2669.3,2455.7,2675.8,2423.45,2671.75,2409.7,2645.9,2401.6,2613.7,2404.1,2583.1,2428.2,2552.45,2466.95,2543.6,2491.95,2554.05,2509.7,2574.2,2517.6,2600.85
4-130,Uninfected,No_comment,Polygon,14,2527.4,2781.45,2504.85,2796.75,2487.85,2809.65,2470.1,2825.05,2442.75,2829.05,2417.75,2818.6,2404.85,2800.8,2401.65,2765.3,2424.2,2731.45,2456.45,2709.65,2495.95,2704.85,2517.75,2716.1,2533.05,2737.9,2535.5,2762.15
4-131,Uninfected,No_comment,Polygon,16,2344.3,2913.7,2332.2,2935.5,2300.75,2945.15,2277.4,2948.4,2251.55,2937.9,2230.65,2918.6,2219.35,2891.95,2216.95,2864.5,2229.85,2837.15,2257.2,2828.2,2290.3,2823.4,2315.3,2822.6,2343.55,2831.45,2353.2,2849.25,2359.7,2870.95,2358.05,2891.95
4-132,Uninfected,No_comment,Polygon,16,2324.2,2805.7,2298.4,2806.45,2270.1,2808.85,2255.65,2812.9,2237.1,2812.15,2227.4,2805.7,2221.75,2783.05,2226.55,2756.45,2238.65,2725.05,2254.05,2712.15,2288.65,2706.45,2302.4,2714.5,2322.6,2739.5,2341.95,2758.05,2347.6,2775.8,2344.3,2789.5
4-133,Uninfected,No_comment,Polygon,16,2402.4,2725.8,2387.1,2752.4,2375.75,2761.3,2362.9,2759.65,2350,2748.4,2333.85,2725.8,2304.85,2691.1,2294.3,2666.1,2293.55,2639.5,2314.5,2608.85,2339.5,2596.75,2360.5,2595.95,2383.85,2620.95,2388.65,2648.4,2405.65,2683.85,2409.7,2700.05
4-134,Uninfected,No_comment,Polygon,13,2241.15,2686.3,2235.5,2704.85,2220.1,2715.3,2204.05,2718.6,2178.2,2720.15,2147.6,2696.75,2137.9,2660.5,2148.4,2622.55,2175.75,2601.6,2195.95,2597.55,2226.55,2605.7,2242.75,2627.4,2250,2657.25
4-135,Uninfected,No_comment,Polygon,14,2190.3,2821.75,2183.1,2830.7,2169.35,2838.7,2154.85,2841.95,2131.45,2838.7,2115.3,2829.05,2096.75,2807.25,2094.35,2779.85,2107.2,2750.05,2127.4,2731.45,2158.1,2729.85,2178.2,2735.5,2194.35,2757.25,2203.2,2791.1
4-136,Uninfected,No_comment,Polygon,20,2110.5,2867.75,2104.05,2874.25,2090.3,2879.05,2071.75,2875.05,2045.1,2867.75,2012.9,2864.5,1992.75,2860.5,1974.2,2841.95,1968.55,2811.3,1970.1,2779.85,1992.75,2745.15,2018.55,2737.15,2038.65,2736.3,2059.65,2746.75,2075,2766.95,2079.05,2791.95,2080.65,2808.05,2090.3,2828.2,2105.65,2845.95,2111.3,2855.7
4-137,Uninfected,No_comment,Polygon,15,2108.85,2691.1,2093.55,2703.2,2070.1,2712.9,2050.75,2715.3,2025.75,2706.45,2004.85,2695.95,1995.95,2679.85,1996.75,2649.2,2008.85,2617.75,2049.2,2587.9,2079.05,2579.05,2100,2585.5,2114.5,2610.5,2123.4,2641.1,2121.75,2666.1
4-138,Uninfected,No_comment,Polygon,13,1865.3,2843.55,1849.25,2860.5,1824.25,2871.75,1800.85,2872.6,1779.05,2870.1,1759.7,2854.05,1750.85,2823.4,1761.35,2801.55,1797.6,2775.75,1831.5,2766.15,1857.25,2766.95,1874.25,2784.65,1875.05,2817.75
4-139,Uninfected,No_comment,Polygon,18,1849.25,2747.6,1823.4,2753.2,1791.95,2760.5,1773.4,2771.75,1757.3,2776.55,1741.95,2775,1729.05,2766.95,1715.3,2754.05,1710.5,2721.75,1722.6,2682.2,1740.3,2657.2,1770.95,2645.95,1803.25,2647.6,1825.05,2662.1,1840.3,2687.1,1853.25,2703.2,1863.7,2719.3,1862.95,2736.3
4-140,Uninfected,No_comment,Polygon,15,1957.25,2677.4,1944.4,2691.95,1925.05,2705.65,1899.25,2707.2,1874.25,2696.75,1854.85,2681.45,1845.15,2653.2,1854.05,2612.1,1875.85,2590.3,1908.05,2575.75,1923.4,2575.75,1952.4,2590.3,1962.95,2608,1972.6,2630.65,1970.95,2658.85
4-141,Uninfected,No_comment,Polygon,16,2050.05,2560.5,2037.95,2575.75,2016.95,2591.95,1997.6,2599.2,1977.4,2596.75,1959.7,2578.2,1942.8,2559.65,1929.05,2541.95,1917.8,2529.85,1918.6,2511.3,1956.5,2491.1,1992.8,2481.45,2019.4,2484.65,2039.5,2495.95,2060.5,2523.4,2058.05,2544.3
4-142,Uninfected,No_comment,Polygon,14,2184.7,2505.65,2166.15,2525,2148.45,2531.45,2122.6,2535.5,2101.6,2529.05,2086.35,2517.75,2079.05,2500.75,2079.05,2468.55,2092.8,2440.3,2125.05,2426.55,2154.05,2425,2176.6,2436.3,2190.3,2454.85,2192.8,2479.05
4-143,Uninfected,No_comment,Polygon,14,2358.85,2500,2346.8,2516.1,2328.25,2526.55,2310.5,2529.05,2278.25,2523.4,2257.25,2508,2245.15,2487.85,2247.6,2461.3,2273.45,2431.45,2302.4,2419.3,2329.05,2420.1,2348.45,2429.05,2362.15,2447.6,2369.35,2472.6
4-144,Uninfected,No_comment,Polygon,14,1654.85,2486.3,1643.6,2512.1,1622.6,2537.85,1604.05,2541.1,1570.95,2536.3,1554.05,2525,1539.5,2500,1538.7,2468.55,1548.4,2441.1,1578.2,2420.9,1605.7,2418.55,1627.4,2425,1646.75,2441.95,1655.7,2460.5
4-145,Uninfected,No_comment,Polygon,15,1516.15,2512.85,1510.5,2537.1,1500.05,2550.75,1475.05,2557.2,1457.3,2557.2,1433.85,2548.4,1419.4,2531.45,1416.95,2504.85,1417.75,2469.3,1430.7,2449.2,1459.65,2436.3,1483.05,2436.3,1505.7,2451.55,1516.15,2474.2,1520.15,2488.6
4-146,Uninfected,No_comment,Polygon,13,2045.95,2365.3,2039.5,2389.5,2025,2407.25,2000.8,2416.9,1967.75,2416.1,1936.25,2398.35,1920.95,2377.4,1916.9,2343.55,1937.1,2321.75,1962.1,2308.85,1995.15,2309.65,2023.35,2322.55,2039.5,2339.5
4-147,Uninfected,No_comment,Polygon,14,1879,2314.5,1865.3,2334.65,1842.75,2347.55,1826.6,2350.8,1808.85,2350.8,1786.25,2341.1,1769.35,2323.35,1760.45,2300,1767.7,2269.35,1795.15,2249.15,1838.7,2238.7,1862.9,2241.1,1885.45,2254.8,1891.1,2284.65
4-148,Uninfected,No_comment,Polygon,14,1753.2,2387.1,1737.9,2415.3,1719.35,2429.8,1698.35,2436.25,1675,2432.25,1652.4,2420.15,1639.5,2400,1636.25,2368.55,1650,2344.35,1675.8,2325.8,1716.1,2319.35,1740.3,2326.6,1754,2338.7,1760.45,2356.45
4-149,Uninfected,No_comment,Polygon,14,1579,2208.85,1568.55,2230.6,1548.35,2250.75,1534.75,2256.4,1512.1,2258,1475.85,2243.55,1460.45,2226.65,1452.5,2204.05,1467.75,2160.45,1493.55,2143.6,1533.05,2138.7,1553.25,2150.05,1574.25,2167.7,1581.45,2185.45
4-150,Uninfected,No_comment,Polygon,12,1656.45,2096.75,1650.8,2122.55,1635.45,2144.3,1612.95,2151.55,1591.95,2150.8,1560.45,2134.65,1550.8,2119.3,1547.65,2074.1,1574.25,2034.65,1616.95,2026.6,1639.5,2033.85,1660.45,2059.7
4-151,Uninfected,No_comment,Polygon,11,3379.6,2492.5,3366.5,2515.4,3358.95,2524.1,3338.3,2528.45,3304.6,2516.5,3291.55,2461.05,3286.05,2431.7,3300.25,2404.45,3332.8,2402.35,3357.8,2414.25,3376.35,2444.75
4-152,Uninfected,No_comment,Polygon,11,3276.35,2468.6,3272,2512.15,3265.4,2521.85,3239.35,2529.55,3220.9,2526.2,3191.55,2496.85,3171.95,2463.15,3176.3,2434.9,3199.15,2413.15,3231.7,2409.9,3256.7,2421.85
4-153,Uninfected,No_comment,Polygon,13,3308.95,2304.45,3294.75,2324.1,3273.05,2334.95,3253.5,2333.8,3230.7,2327.35,3207.85,2314.3,3192.65,2284.95,3191.55,2256.7,3207.85,2229.45,3237.2,2219.7,3270.9,2220.75,3297,2237.05,3310.05,2266.4
4-154,Uninfected,No_comment,Polygon,12,3515.5,2287.05,3505.7,2293.65,3465.5,2299.1,3419.8,2309.95,3411.1,2299.1,3392.65,2267.55,3397,2236.05,3426.35,2217.55,3461.15,2206.7,3486.15,2208.85,3515.5,2231.7,3524.2,2266.3
4-155,Uninfected,No_comment,Polygon,14,3513.25,2130.6,3505.7,2151.25,3489.4,2171.9,3463.3,2182.7,3426.35,2171.9,3402.45,2157.7,3394.75,2134.95,3400.2,2110.95,3414.4,2085.95,3438.3,2071.9,3462.15,2065.3,3482.8,2068.6,3503.5,2087.1,3512.2,2101.25
4-156,Uninfected,No_comment,Polygon,15,3430.7,2051.25,3416.5,2059.95,3387.15,2080.6,3379.6,2091.45,3366.5,2099,3342.65,2100.15,3316.55,2092.55,3306.7,2068.6,3306.7,2038.2,3323.05,2015.3,3356.75,2001.25,3381.75,1996.9,3404.6,1997.9,3429.55,2006.6,3440.5,2024
4-157,Uninfected,No_comment,Polygon,13,3274.1,2146.9,3263.3,2170.75,3239.35,2198,3217.65,2204.45,3194.8,2202.35,3175.25,2193.65,3156.7,2158.85,3159.95,2127.3,3175.25,2094.65,3205.65,2078.35,3228.5,2079.5,3251.35,2092.55,3270.9,2119.65
4-158,Uninfected,No_comment,Polygon,13,3127.35,2252.35,3117.6,2278.4,3105.6,2296.9,3077.4,2307.75,3048.05,2307.75,3023.05,2293.65,3006.75,2258.8,3001.25,2229.45,3027.4,2193.65,3055.6,2189.3,3080.6,2189.3,3117.6,2205.6,3129.55,2228.35
4-159,Uninfected,No_comment,Polygon,14,3005.6,2301.25,3005.6,2314.3,2993.7,2337.1,2978.5,2346.85,2952.4,2351.2,2930.65,2348,2901.3,2341.4,2881.75,2303.4,2879.5,2273,2888.2,2250.1,2926.3,2224,2956.75,2225.1,2980.6,2239.3,2996.9,2265.4
4-160,Uninfected,No_comment,Polygon,13,3142.6,2132.7,3142.7,2169.8,3119.85,2186,3075.3,2170.75,3049.2,2155.6,3034.95,2128.4,3036.1,2102.3,3052.45,2075.2,3088.3,2058.9,3121.95,2054.55,3142.6,2057.8,3153.5,2077.3,3151.3,2097.95
4-161,Uninfected,No_comment,Polygon,13,3325.3,1932.75,3313.3,1955.6,3293.7,1968.65,3274.15,1976.25,3253.55,1977.35,3227.4,1958.85,3216.6,1933.85,3213.25,1904.5,3226.3,1883.85,3263.3,1866.45,3293.7,1861.05,3316.6,1871.9,3326.3,1901.25
4-162,Uninfected,No_comment,Polygon,14,3135,2026.25,3119.85,2036.05,3076.3,2043.65,3049.15,2055.6,3035,2063.2,3021.95,2054.5,2993.75,2024.1,2989.4,2002.35,3014.4,1978.45,3060,1969.75,3092.6,1968.65,3117.6,1969.75,3137.2,1982.8,3146.95,2003.45
4-163,Uninfected,No_comment,Polygon,12,3246.95,1833.85,3235,1854.5,3212.25,1867.55,3186.1,1868.65,3166.55,1866.45,3146.95,1854.5,3128.55,1827.35,3130.65,1804.5,3173.05,1768.65,3203.55,1765.35,3236.1,1781.65,3248.05,1800.15
4-164,Uninfected,No_comment,Polygon,12,3148.05,1899.1,3153.55,1913.2,3139.35,1943.65,3114.35,1951.25,3075.2,1948,3052.45,1933.85,3038.25,1907.75,3035,1877.35,3056.8,1857.75,3086.15,1841.45,3111.15,1841.45,3131.75,1859.95
4-165,Uninfected,No_comment,Polygon,13,3061.15,1817.55,3049.15,1839.3,3023.1,1861.05,3000.2,1870.8,2977.45,1862.1,2968.75,1844.7,2967.6,1813.2,2963.25,1794.7,2973.1,1769.7,2999.1,1754.5,3018.75,1754.5,3052.45,1770.8,3065.5,1789.3
4-166,Uninfected,No_comment,Polygon,12,2971.95,2013.2,2965.45,2031.7,2950.2,2057.8,2927.4,2066.5,2897,2067.55,2875.2,2056.7,2856.7,2024.1,2854.55,1992.55,2873.05,1958.85,2911.05,1951.25,2940.4,1956.7,2961.1,1975.15
4-167,Uninfected,No_comment,Polygon,12,2843.7,2042.55,2839.35,2061.05,2811.05,2088.2,2782.8,2092.55,2764.3,2090.4,2738.3,2074.1,2720.9,2034.95,2729.6,1994.75,2764.3,1968.65,2794.75,1968.65,2818.65,1981.7,2837.15,2001.25
4-168,Uninfected,No_comment,Polygon,12,2950.2,1848,2936.1,1869.75,2912.15,1881.7,2885.05,1883.85,2860.05,1874.05,2842.65,1855.6,2840.4,1829.5,2860.05,1787.1,2887.15,1775.15,2913.25,1774.05,2937.15,1789.3,2952.45,1816.45
4-169,Uninfected,No_comment,Polygon,13,2850.2,1776.25,2831.7,1798,2822,1819.7,2805.65,1839.3,2789.3,1842.55,2770.85,1838.2,2756.7,1805.6,2752.35,1769.7,2756.7,1734.95,2781.7,1709.95,2810,1706.65,2842.65,1718.65,2853.45,1752.25
4-170,Uninfected,No_comment,Polygon,13,2676.25,2190.4,2670.9,2213.25,2651.25,2245.85,2631.7,2254.55,2603.5,2254.55,2569.8,2240.4,2558.85,2215.4,2562.2,2183.9,2578.5,2155.6,2603.5,2139.3,2633.9,2136.05,2651.25,2143.65,2670.9,2161.05
4-171,Uninfected,No_comment,Polygon,12,1907.7,577.1,1890.3,609.05,1868.1,615.3,1836.1,608.35,1816,597.25,1796.55,568.75,1795.85,529.95,1818.8,502.1,1847.9,497.25,1882.7,502.1,1904.2,519.5,1913.25,550.05
4-172,Uninfected,No_comment,Polygon,17,2023.6,677.15,2011.1,685.45,1998.6,697.95,1983.4,706.25,1969.5,707,1943.1,704.9,1926.45,698.65,1911.1,674.3,1910.45,648.7,1916,622.25,1945.9,602.1,1965.3,591.7,1990.3,591.7,2014.65,596.55,2034.75,615.3,2043.05,633.4,2041,656.25
4-173,Uninfected,No_comment,Polygon,15,2109.75,780.65,2104.2,788.2,2079.9,807.7,2047.25,811.9,2018.8,800,2002.8,779.9,1993.05,756.25,1995.9,727.8,2008.4,711.9,2036.1,698.65,2054.2,696.55,2071.6,700,2089.65,708.4,2102.15,720.9,2113.25,742.4
4-174,Uninfected,No_comment,Polygon,15,1918.1,798.65,1911.1,813.2,1893.8,829.2,1870.2,838.2,1841,836.15,1816.65,822.25,1800.05,800.7,1794.5,782.7,1795.85,749.4,1817.35,728.5,1861.1,720.9,1886.85,726.45,1908.4,742.4,1919.5,760.45,1921.55,779.2
4-175,Uninfected,No_comment,Polygon,17,1894.5,701.45,1885.45,708.4,1870.2,712.5,1842.35,712.5,1818.1,720.9,1801.45,728.5,1792.35,738.2,1782,743.15,1758.35,736.9,1754.15,727.8,1753.5,699.3,1767.4,668.75,1793.8,645.9,1833.35,641,1863.95,645.2,1882.7,658.4,1893.1,676.45
4-176,Uninfected,No_comment,Polygon,18,1811.85,500.75,1797.25,515.3,1790.3,539.6,1782.7,567.45,1767.4,580.55,1747.25,586.8,1732,586.2,1704.15,570.85,1684.7,546.55,1679.9,522.25,1693.8,490.3,1720.2,475.75,1745.2,468.8,1768.1,468.8,1782.7,470.85,1800.05,473.6,1813.95,477.8,1817.35,484.05
4-177,Uninfected,No_comment,Polygon,15,1734.75,674.3,1734.75,686.15,1725.75,708.4,1709.75,722.95,1688.95,727.15,1666.65,722.95,1643.1,713.25,1628.45,700.75,1620.15,668.75,1627.1,636.8,1656.3,607.7,1682,604.95,1702.1,612.5,1716.65,625.75,1731.3,646.55
4-178,Uninfected,No_comment,Polygon,15,1721.55,816.7,1717.4,828.5,1707,845.9,1681.3,856.95,1663.25,855.65,1633.35,841.7,1619.5,825.7,1608.35,792.4,1618.1,760.45,1644.5,743.15,1666.65,743.15,1685.4,750,1701.45,757.7,1711.15,768.75,1721.55,790.35
4-179,Uninfected,No_comment,Polygon,19,1636.85,602.1,1622.2,615.3,1611.15,632.7,1607,652.15,1607,675,1600.75,702.15,1591.7,715.3,1578.45,715.3,1569.5,715.3,1557.65,686.8,1552.8,654.95,1545.85,622.95,1547.95,590.3,1561.85,559.75,1590.95,550.05,1611.85,550.05,1631.3,557,1641.65,565.3,1647.9,577.8
4-180,Uninfected,No_comment,Polygon,15,1629.15,949.95,1618.8,969.4,1610.4,995.8,1591,1016.65,1571.55,1020.8,1544.5,1020.1,1524.35,1011.1,1513.25,992.35,1510.45,954.15,1527.1,930.55,1552.15,909.7,1575.75,890.2,1596.55,890.95,1622.9,901.35,1633.35,922.2
4-181,Uninfected,No_comment,Polygon,16,1752.8,1015.2,1746.55,1036.8,1729.2,1056.9,1710.45,1068.05,1678.5,1066.65,1660.4,1063.15,1638.25,1046.45,1627.1,1024.3,1628.5,990.2,1647.25,956.9,1668.8,945.1,1693.1,942.35,1711.15,945.1,1729.2,956.25,1743.1,971.45,1750.05,986.8
4-182,Uninfected,No_comment,Polygon,16,1552.8,863.15,1546.55,880.55,1532.7,899.95,1516.7,912.45,1498.65,918.05,1482,915.95,1465.95,907.6,1447.95,883.95,1435.45,869.4,1434.05,838.85,1454.2,810.4,1488.95,791.65,1512.55,786.8,1528.5,792.35,1547.95,806.2,1555.6,829.15
4-183,Uninfected,No_comment,Polygon,16,1400.75,972.9,1378.5,979.85,1354.9,979.85,1334.75,972.9,1311.85,958.25,1303.5,936.1,1302.1,909.7,1311.15,881.9,1336.15,872.2,1353.5,875.65,1367.4,881.9,1384.05,896.5,1394.5,915.95,1407.65,926.35,1418.1,942.35,1418.8,956.25
4-184,Uninfected,No_comment,Polygon,15,1468.8,1061.1,1460.45,1084.65,1439.6,1105.55,1421.55,1117.35,1401.4,1118.05,1386.15,1114.55,1361.15,1086.8,1352.1,1049.3,1358.35,1020.1,1379.9,997.15,1407.65,992.35,1425.05,993.75,1447.95,1004.85,1462.55,1015.9,1470.2,1031.9
4-185,Uninfected,No_comment,Polygon,16,1581.3,1127.7,1570.85,1143.75,1554.9,1155.55,1533.35,1162.5,1506.3,1165.2,1489.6,1163.85,1470.85,1153.4,1460.45,1135.35,1461.85,1114.55,1481.3,1080.55,1504.2,1054.85,1532.7,1054.15,1552.8,1057.6,1576.45,1074.3,1585.45,1097.15,1589.6,1111.1
4-186,Uninfected,No_comment,Polygon,15,2278.5,915.3,2277.15,939.6,2264.65,954.15,2251.45,960.4,2240.35,962.5,2219.5,963.2,2193.75,947.9,2178.5,922.25,2172.95,897.9,2175,866,2197.95,850.7,2226.45,849.3,2242.4,858.35,2258.4,871.55,2272.25,889.6
4-187,Uninfected,No_comment,Polygon,16,2186.1,996.55,2175.75,1019.45,2152.15,1026.4,2134.75,1035.45,2115.3,1043.75,2097.25,1037.5,2085.45,1024.3,2075.05,991,2074.3,963.2,2081.3,931.95,2105.55,918.05,2124.3,917.35,2145.9,923.6,2159.75,931.95,2175.75,949.3,2186.1,965.3
4-188,Uninfected,No_comment,Polygon,20,2057.7,992.35,2064.65,1009.75,2071.55,1022.25,2076.45,1037.5,2073.6,1051.4,2067.35,1057.65,2057,1060.45,2045.2,1060.45,2031.3,1047.95,2013.95,1031.95,1994.5,1018.75,1978.5,1007.65,1963.25,982.65,1959.75,959.05,1971.55,930.55,1996.55,922.9,2023.6,919.45,2044.5,927.1,2053.5,945.15,2057,967.35
4-189,Uninfected,No_comment,Polygon,16,2019.5,1093.75,2007.7,1104.85,1997.9,1112.5,1988.25,1128.5,1974.3,1139.6,1960.4,1144.45,1943.8,1143.75,1918.8,1129.85,1904.15,1102.1,1902.1,1070.15,1914.6,1035.45,1943.8,1024.3,1964.6,1026.4,1987.55,1034.75,2004.85,1049.3,2019.5,1064.6
4-190,Uninfected,No_comment,Polygon,16,2223.65,1111.1,2218.75,1127.8,2204.85,1140.3,2176.45,1148.6,2154.85,1148.6,2130.55,1134.75,2118.05,1116,2113.25,1088.9,2119.5,1069.45,2134.05,1054.85,2159.05,1043.05,2182,1039.6,2196.6,1040.3,2218.75,1052.1,2229.9,1073.6,2229.85,1088.85
4-191,Uninfected,No_comment,Polygon,20,2470.2,1073.6,2472.3,1088.2,2479.2,1110.45,2480.6,1125,2478.55,1136.8,2470.2,1141,2454.9,1140.3,2436.85,1135.45,2418.1,1135.45,2404.2,1135.45,2386.8,1125.7,2370.9,1109.75,2360.45,1084.05,2360.45,1059.05,2370.2,1035.45,2391.05,1025,2411.85,1019.45,2427.85,1022.25,2445.9,1034.75,2460.45,1045.85
4-192,Uninfected,No_comment,Polygon,16,2568.75,1014.6,2563.2,1021.55,2546.6,1022.25,2520.9,1022.95,2495.15,1032.65,2478.55,1039.6,2459.1,1029.2,2447.3,1016,2438.95,991.65,2445.2,959.05,2471.6,933.35,2501.4,929.15,2517.4,935.4,2538.9,952.1,2554.9,970.15,2569.45,988.9
4-193,Uninfected,No_comment,Polygon,14,2657,916.65,2656.3,936.1,2645.9,965.3,2624.35,981.95,2602.1,984.7,2587.55,981.95,2569.5,962.5,2554.9,943.05,2545.85,915.3,2550.75,888.2,2570.85,872.9,2595.2,869.45,2619.5,876.4,2636.85,888.9
4-194,Uninfected,No_comment,Polygon,14,2734.05,1048.6,2732,1063.9,2718.8,1086.8,2702.15,1097.9,2680.6,1099.3,2659.05,1098.6,2637.55,1093.05,2619.5,1073.6,2615.3,1044.45,2637.55,1003.45,2673.65,993.05,2693.1,992.35,2718.1,1004.85,2732,1023.6
4-195,Uninfected,No_comment,Polygon,14,2572.25,1079.15,2569.5,1099.3,2559.75,1116,2543.8,1124.3,2526.45,1126.4,2504.9,1122.9,2488.25,1113.9,2477.8,1094.45,2479.2,1065.3,2498.65,1042.35,2520.85,1034.05,2539.6,1031.95,2557.7,1041.65,2568.8,1056.25
4-196,Uninfected,No_comment,Polygon,16,2989.65,1401.4,2990.35,1416.6,2982.7,1438.2,2966.7,1449.3,2945.2,1456.95,2922.3,1452.75,2900.75,1443.75,2883.4,1422.85,2877.85,1395.8,2878.5,1368.75,2894.5,1350,2918.8,1341.6,2943.1,1343.75,2959.8,1350.7,2977.15,1362.5,2985.45,1375.7
4-197,Uninfected,No_comment,Polygon,15,2882,1281.25,2876.45,1294.45,2863.25,1304.8,2843.8,1311.8,2823.65,1314.55,2795.9,1305.55,2782,1295.15,2767.4,1267.35,2772.25,1234.65,2800.05,1203.4,2839.65,1195.1,2861.85,1200,2884.75,1218.05,2891.7,1236.8,2893.1,1258.3
4-198,Uninfected,No_comment,Polygon,15,2620.2,1197.15,2623.65,1211.1,2617.4,1236.1,2610.45,1257.6,2592.4,1270.8,2581.3,1277.05,2547.95,1270.15,2528.5,1252.05,2516.7,1224.3,2511.85,1195.8,2520.85,1168.05,2546.55,1147.15,2573.65,1143.75,2595.2,1154.85,2611.85,1171.5
4-199,Uninfected,No_comment,Polygon,16,2738.25,1297.15,2730.6,1308.3,2715.3,1318.75,2698.65,1322.85,2679.9,1322.85,2663.25,1321.5,2636.15,1298.55,2627.15,1266.6,2632,1242.35,2653.5,1213.2,2682.7,1202.75,2700.75,1206.25,2721.6,1215.9,2736.85,1232.6,2748.65,1257.6,2747.95,1272.15
4-200,Uninfected,No_comment,Polygon,17,2481.3,1218.05,2476.5,1237.5,2464.6,1257.6,2443.8,1266.6,2424.35,1268.75,2407,1268.75,2397.95,1264.55,2378.5,1247.15,2371.55,1222.85,2366.7,1195.1,2366,1169.45,2384.05,1154.85,2410.45,1152.05,2433.35,1153.4,2458.35,1161.1,2477.1,1173.6,2482.7,1193.05
4-201,Uninfected,No_comment,Polygon,16,2371.55,1261.8,2375.75,1279.85,2361.15,1298.55,2336.15,1304.1,2322.25,1295.15,2302.8,1277.75,2286.85,1259,2272.95,1246.5,2265.3,1225,2266,1201.35,2281.3,1181.95,2301.4,1179.1,2321.55,1178.4,2340.35,1186.8,2352.1,1203.4,2359.05,1230.55
4-202,Uninfected,No_comment,Polygon,15,2413.25,1409,2405.6,1422.2,2390.3,1436.05,2368.8,1441.6,2352.8,1441.6,2336.15,1429.8,2326.4,1421.5,2316.7,1396.5,2318.1,1370.15,2336.15,1345.15,2358.35,1336.05,2377.1,1337.5,2395.2,1343.05,2413.25,1361.8,2418.1,1379.1
4-203,Uninfected,No_comment,Polygon,15,2316.7,1331.25,2309.05,1343.75,2291,1356.95,2269.5,1358.35,2243.8,1352.8,2213.9,1331.95,2203.5,1313.2,2201.4,1293.05,2206.3,1268.05,2224.35,1252.1,2248.65,1252.1,2277.1,1266,2288.25,1282.65,2302.1,1292.35,2316.7,1310.35
4-204,Uninfected,No_comment,Polygon,15,2166.7,1325.7,2165.35,1343,2149.4,1359.7,2129.2,1365.95,2110.45,1366.7,2086.9,1359.7,2065.3,1344.45,2052.75,1316,2056.35,1291,2069.45,1266.7,2093.85,1252.8,2117.45,1252.8,2144.45,1263.95,2159.1,1275,2170.9,1295.85
4-205,Uninfected,No_comment,Polygon,16,2000.7,1219.45,2003.5,1238.9,1998.65,1261.1,1979.9,1279.15,1963.2,1288.9,1949.4,1291.65,1932.65,1288.9,1909.75,1275,1887.5,1250,1883.35,1224.3,1889.6,1197.9,1914.6,1176.4,1940.3,1166.65,1959.05,1167.35,1978.5,1173.6,1991.7,1186.1
4-206,Uninfected,No_comment,Polygon,15,1891.7,1167.35,1876.4,1177.8,1856.95,1184.05,1818.05,1184.75,1784.75,1172.25,1765.3,1148.6,1754.9,1123.6,1756.25,1107.65,1771.55,1088.2,1795.85,1083.3,1820.85,1085.4,1847.25,1093.05,1876.4,1106.95,1891,1120.15,1902.8,1145.85
4-207,Uninfected,No_comment,Polygon,15,1771.55,1263.9,1760.45,1279.85,1736.15,1297.25,1715.3,1300.7,1695.15,1297.25,1671.55,1284.75,1653.5,1274.3,1644.45,1249.3,1644.45,1220.85,1668.75,1200,1707.65,1188.2,1734.05,1191.65,1757.65,1205.55,1770.15,1219.45,1777.8,1235.4
4-208,Uninfected,No_comment,Polygon,16,1936.15,1389.6,1932.65,1402.8,1912.5,1416,1887.5,1420.15,1859.05,1412.5,1832.65,1404.85,1822.95,1404.85,1800.7,1391,1793.05,1364.6,1804.2,1338.2,1843.75,1314.6,1877.1,1313.2,1900.7,1316.65,1922.95,1331.95,1936.85,1350,1938.9,1364.6
4-209,Uninfected,No_comment,Polygon,14,1695.85,1353.5,1691.7,1373.6,1676.4,1386.1,1651.4,1394.45,1622.95,1393.75,1600,1385.45,1589.6,1368.75,1583.35,1345.85,1592.35,1311.8,1618.05,1299.3,1641,1298.55,1666,1306.25,1691,1320.15,1697.25,1330.55
4-210,Uninfected,No_comment,Polygon,14,1621.55,1245.1,1614.6,1261.8,1601.4,1280.55,1585.45,1290.25,1552.1,1288.2,1529.85,1277.75,1506.25,1261.1,1499.3,1237.5,1500,1209.65,1518.75,1191.6,1556.25,1182.6,1586.8,1180.55,1606.95,1197.15,1619.45,1215.25
4-211,Uninfected,No_comment,Polygon,15,1359.75,1165.25,1356.25,1184.65,1334.7,1206.25,1309.7,1220.1,1287.5,1222.15,1268.75,1213.2,1249.3,1189.55,1235.4,1159,1236.1,1131.25,1254.15,1102.05,1284.7,1090.2,1310.4,1094.4,1335.4,1106.25,1352.1,1122.85,1363.2,1138.05
4-212,Uninfected,No_comment,Polygon,14,1488.9,1318.75,1482.65,1335.35,1470.85,1355.55,1450,1359.7,1430.55,1361.05,1411.1,1358.3,1378.5,1333.3,1372.25,1313.2,1375,1281.25,1396.55,1256.95,1430.55,1250,1457.65,1258.3,1475,1272.15,1486.8,1291.6
4-213,Uninfected,No_comment,Polygon,14,1411.1,1409.7,1406.25,1423.55,1391.65,1441.6,1375,1452.05,1342.35,1459.7,1315.3,1447.85,1303.45,1427.05,1297.9,1400.7,1304.15,1377.05,1326.4,1359,1352.8,1353.45,1381.25,1360.35,1402.1,1372.85,1413.15,1386.75
4-214,Uninfected,No_comment,Polygon,15,1300.7,1325.7,1281.25,1356.95,1256.25,1367.3,1225.7,1369.45,1209.05,1366.6,1189.6,1345.8,1185.4,1326.4,1188.2,1291.6,1201.4,1264.55,1224.3,1251.35,1250,1247.15,1270.85,1250.7,1286.1,1263.85,1298.6,1279.85,1304.15,1301.4
4-215,Uninfected,No_comment,Polygon,14,1664.6,1494.45,1661.1,1513.2,1648.6,1538.2,1624.3,1550.7,1597.9,1547.95,1573.6,1537.5,1552.1,1509.05,1552.1,1484.7,1561.8,1454.2,1581.95,1440.3,1600,1434.7,1620.85,1435.45,1641,1447.2,1656.95,1460.45
4-216,Uninfected,No_comment,Polygon,14,1432.65,1575,1428.45,1587.5,1399.3,1608.35,1379.15,1613.9,1355.55,1613.9,1335.4,1598.65,1319.45,1577.1,1316.65,1552.1,1334,1516.7,1355.55,1502.8,1389.6,1501.4,1409,1511.1,1431.95,1526.4,1436.8,1547.25
4-217,Uninfected,No_comment,Polygon,14,1267.35,1613.2,1256.95,1631.95,1236.1,1650.7,1206.25,1657.65,1188.2,1653.5,1167.35,1638.9,1154.15,1609.75,1154.15,1585.45,1174.3,1556.95,1191.65,1547.95,1222.2,1546.55,1247.2,1556.25,1263.9,1568,1269.45,1586.8
4-218,Uninfected,No_comment,Polygon,17,1531.25,1476.4,1520.85,1486.75,1499.3,1501.4,1479.85,1506.25,1459.7,1506.95,1443.75,1502.8,1429.85,1484.05,1424.3,1458.35,1428.45,1433.35,1438.2,1406.25,1459.05,1390.3,1481.95,1388.2,1504.15,1394.45,1520.85,1402.8,1534.05,1418.75,1539.6,1436.1,1539.6,1451.4
4-219,Uninfected,No_comment,Polygon,15,1887.5,1474.25,1884.05,1490.3,1875.7,1513.2,1861.1,1524.25,1838.2,1529.85,1812.5,1524.25,1789.6,1508.35,1779.15,1489.6,1775,1459.7,1788.9,1432.65,1811.1,1425.7,1832.65,1423.6,1850,1426.4,1869.45,1434.7,1885.45,1447.2
4-220,Uninfected,No_comment,Polygon,15,1798.6,1580.55,1786.8,1603.5,1772.25,1621.55,1756.95,1628.5,1733.35,1628.5,1704.85,1611.15,1688.2,1588.2,1671.55,1556.25,1674.3,1535.45,1690.3,1513.9,1714.6,1504.2,1742.35,1506.25,1760.4,1513.2,1778.5,1526.4,1797.25,1548.6
4-221,Uninfected,No_comment,Polygon,16,1726.4,1667.4,1719.45,1692.4,1700.7,1707.65,1670.85,1711.15,1652.8,1705.55,1616,1676.4,1586.8,1643.75,1572.2,1618.75,1564.6,1596.55,1578.45,1585.45,1608.35,1587.5,1642.35,1594.45,1669.45,1605.55,1688.2,1625.7,1711.1,1643.75,1725.7,1652.8
4-222,Uninfected,No_comment,Polygon,14,2005.55,1517.35,2003.5,1529.85,1986.8,1549.25,1969.45,1559.75,1939.6,1561.75,1905.55,1544.45,1897.25,1525.7,1896.55,1494.45,1916.7,1460.45,1943.05,1446.55,1961.15,1447.95,1989.6,1456.95,2004.9,1475.7,2011.75,1493
4-223,Uninfected,No_comment,Polygon,19,1931.25,1616,1912.5,1627.8,1893.05,1648.65,1883.35,1670.85,1870.15,1686.8,1855.55,1693.05,1836.1,1688.9,1814.6,1678.5,1799.3,1663.2,1793.05,1637.5,1806.25,1606.95,1817.35,1581.95,1836.1,1559.05,1861.1,1554.2,1887.5,1554.2,1907.65,1563.9,1920.85,1575.7,1933.35,1585.45,1935.4,1593.05
4-224,Uninfected,No_comment,Polygon,17,1759.7,1824.65,1750,1835.1,1735.85,1844.05,1709.7,1850.75,1692.55,1850,1662.7,1835.1,1652.25,1815.65,1646.25,1784.35,1661.2,1753,1682.1,1736.55,1704.5,1728.3,1719.4,1730.6,1736.55,1737.3,1755.25,1752.25,1765.7,1766.4,1770.9,1788,1770.15,1803
4-225,Uninfected,No_comment,Polygon,16,1667.15,1917.15,1652.25,1934.35,1636.55,1950,1617.9,1955.25,1588.05,1954.5,1567.9,1948.45,1543.3,1930.6,1534.35,1902.25,1540.3,1880.6,1561.95,1853,1592.55,1838,1612.7,1837.3,1637.3,1840.3,1653.75,1850,1670.9,1870.15,1676.1,1898.45
4-226,Uninfected,No_comment,Polygon,15,1630.6,1787.3,1623.15,1798.45,1601.5,1808.95,1572.4,1808.95,1541.8,1795.5,1532.85,1771.65,1532.85,1747.7,1551.5,1726.1,1581.35,1710.45,1611.2,1706.7,1630.6,1711.95,1646.25,1723.9,1648.5,1741.8,1641.8,1757.45,1636.5,1765.95
4-227,Uninfected,No_comment,Polygon,15,1508.95,1837.3,1503,1849.25,1493.3,1862.7,1468.65,1872.4,1448.5,1873.9,1422.4,1867.15,1403,1847.75,1392.55,1824.65,1396.25,1800.75,1416.4,1774.65,1441.8,1764.2,1468.65,1765.65,1485.8,1773.9,1498.5,1786.55,1507.45,1806.7
4-228,Uninfected,No_comment,Polygon,16,1473.9,1972.4,1463.45,1990.3,1449.25,1999.25,1426.85,2013.45,1399.25,2015.65,1379.85,2007.45,1363.45,1985.1,1353.75,1955.95,1348.5,1923.9,1361.95,1907.45,1397,1891.8,1423.15,1888.8,1449.25,1895.5,1463.45,1906.7,1473.9,1926.85,1475.4,1951.1
4-229,Uninfected,No_comment,Polygon,18,1333.6,1953.75,1340.3,1967.9,1346.25,1987.3,1351.5,1999.25,1347,2012.7,1334.35,2019.4,1313.45,2020.15,1288.8,2016.4,1266.4,2008.95,1246.25,1986.55,1234.35,1964.2,1233.6,1940.3,1240.3,1915.65,1255.95,1898.45,1277.6,1891.05,1297.75,1895.5,1315.65,1905.95,1328.35,1923.9
4-230,Uninfected,No_comment,Polygon,14,1982.85,1868.6,1979.85,1885.8,1954.5,1908.15,1926.15,1912.7,1903,1912.7,1871.65,1883.6,1862.7,1858.15,1866.4,1824.65,1891.8,1800,1927.6,1794.05,1951.5,1800.75,1967.15,1811.2,1981.35,1831.35,1982.1,1847
4-231,Uninfected,No_comment,Polygon,14,1428.35,2331.35,1417.15,2351.5,1397,2369.35,1371.65,2376.1,1344.05,2370.9,1317.15,2356.7,1308.2,2322.4,1321.65,2288.75,1344.05,2265.65,1378.35,2256.7,1400,2263.45,1411.95,2273.9,1427.6,2293.3,1429.8,2307.8
4-232,Uninfected,No_comment,Polygon,15,1475.35,2113.45,1467.9,2133.6,1448.5,2146.25,1424.65,2156.7,1407.45,2155.95,1386.55,2153.75,1369.4,2136.55,1362.7,2106.7,1367.15,2070.9,1394.05,2048.45,1420.9,2045.5,1445.5,2050,1462.7,2062.7,1475.35,2080.6,1477.55,2090.65
4-233,Uninfected,No_comment,Polygon,15,1342.55,2108.9,1344.05,2128.3,1336.55,2147.7,1317.9,2165.65,1298.5,2172.4,1275.35,2166.4,1256.7,2149.25,1247.75,2120.15,1248.5,2094.75,1261.2,2069.4,1289.55,2049.25,1313.45,2044.05,1334.35,2046.25,1346.25,2062.7,1346.25,2084.6
4-234,Uninfected,No_comment,Polygon,14,1780.6,2109.7,1776.1,2129.85,1763.45,2148.45,1744.05,2163.45,1706.7,2165.65,1679.85,2147,1676.1,2114.9,1680.6,2080.6,1691.05,2058.9,1714.2,2043.3,1743.3,2038,1765.65,2048.45,1776.85,2062.7,1785.1,2082.85
4-235,Uninfected,No_comment,Polygon,15,1918.65,2197,1913.45,2206.7,1896.25,2217.85,1877.6,2222.4,1853,2217.85,1823.15,2200.75,1803.75,2181.35,1794.8,2159.7,1795.5,2129.85,1826.85,2107.4,1856.7,2105.2,1890.3,2119.4,1905.95,2135.8,1920.9,2155.2,1923.8,2172.7
4-236,Uninfected,No_comment,Polygon,16,1984.35,2044.75,1972.4,2053.75,1952.25,2060.45,1934.35,2067.15,1912.7,2080.6,1898.5,2079.1,1876.85,2073.15,1864.95,2050,1858.2,2011.95,1875.35,1974.6,1908.95,1956.7,1938.8,1958.95,1952.25,1966.4,1970.15,1985.05,1984.35,2004.5,1987.3,2025.35
4-237,Uninfected,No_comment,Polygon,15,2400.75,1613.4,2397,1623.8,2387.35,1639.45,2372.45,1647.7,2349,1651.15,2332.85,1650.65,2313.45,1645.45,2291.1,1617.15,2293.35,1593.25,2306.7,1567.15,2344,1549.95,2370.95,1547,2386.6,1552.2,2401.5,1565.65,2406.65,1587.3
4-238,Uninfected,No_comment,Polygon,15,2333.55,1513.4,2331.35,1526.85,2312.7,1543.25,2295.5,1553.7,2280.6,1558.15,2256.7,1555.95,2240.3,1547.75,2227.6,1522.35,2228.3,1494.75,2241.05,1470.85,2256.7,1452.2,2285.05,1442.5,2310.45,1452.95,2323.15,1466.4,2333.55,1489.5
4-239,Uninfected,No_comment,Polygon,16,2212.7,1528.3,2214.9,1544,2212.7,1564.15,2197.75,1581.3,2182.85,1588.75,2160.45,1590.25,2139.55,1581.3,2119.4,1558.9,2106.7,1541.75,2103,1523.1,2107.45,1499.95,2130.6,1476.85,2153.7,1471.6,2174.6,1474.6,2191.05,1482.05,2205.95,1499.2
4-240,Uninfected,No_comment,Polygon,15,2157.45,1717.9,2143.3,1728.3,2120.15,1735.8,2085.05,1733.55,2058.15,1722.35,2044,1688.05,2050,1658.9,2068.6,1634.3,2099.25,1620.85,2120.9,1620.85,2144,1630.55,2158.15,1642.5,2166.4,1659.65,2168.6,1680.55,2170.15,1698.45
4-241,Uninfected,No_comment,Polygon,15,2010.45,1705.2,1996.25,1728.3,1976.85,1746.25,1946.25,1747,1932.1,1743.25,1913.4,1730.55,1897,1708.15,1896.25,1688.05,1911.2,1658.15,1933.55,1642.5,1959.7,1632.05,1982.1,1633.55,1997,1645.5,2009.7,1667.15,2014.9,1692.5
4-242,Uninfected,No_comment,Polygon,14,2282.85,1800.7,2270.9,1811.15,2250,1819.35,2229.85,1821.6,2204.45,1813.4,2182.85,1790.25,2179.05,1767.9,2185.05,1744.75,2202.25,1719.35,2236.55,1708.9,2255.2,1714.9,2276.85,1729.8,2287.3,1752.95,2288.75,1782.05
4-243,Uninfected,No_comment,Polygon,12,2485.8,1478.3,2482.85,1496.25,2472.4,1517.85,2453,1527.6,2422.4,1526.85,2400.75,1514.15,2391.05,1496.25,2384.3,1469.35,2408.2,1446.25,2439.55,1431.3,2467.9,1439.5,2481.35,1453.7
4-244,Uninfected,No_comment,Polygon,14,2600,1588,2591.8,1604.45,2566.4,1626.1,2535.05,1631.3,2513.45,1630.55,2497.75,1623.85,2479.85,1598.45,2474.6,1571.6,2489.55,1544,2526.1,1521.6,2550.75,1523.1,2577.6,1526.1,2592.55,1538,2603,1558.9
4-245,Uninfected,No_comment,Polygon,13,2508.9,1744,2501.5,1764.15,2484.3,1784.3,2461.95,1791.75,2429.85,1784.3,2406.7,1761.9,2399.2,1732.8,2411.2,1695.5,2439.55,1674.6,2476.85,1673.85,2494,1685.05,2507.45,1699.2,2512.7,1715.65
4-246,Uninfected,No_comment,Polygon,14,2197.75,1846.25,2191.8,1868.65,2179.85,1888.85,2163.45,1897,2146.25,1899.3,2125.35,1894.05,2108.2,1874.65,2094.05,1843.3,2097.75,1813.45,2114.15,1784.35,2141.8,1776.85,2161.95,1784.35,2179.85,1803.75,2192.55,1820.95
4-247,Uninfected,No_comment,Polygon,15,2079.85,1958.2,2071.65,1984.35,2059.7,1997,2044.05,2005.2,2026.1,2008.2,2000,1994.8,1986.55,1977.6,1976.1,1947.75,1975.35,1921.7,1989.55,1903.75,2011.2,1893.3,2035.05,1893.3,2055.95,1901.55,2070.15,1916.4,2076.85,1933.6
4-248,Uninfected,No_comment,Polygon,14,2274.6,2032.85,2264.9,2048.5,2247,2057.45,2199.25,2058.95,2174.6,2043.3,2158.95,2017.9,2155.2,1986.55,2166.4,1963.45,2187.3,1947,2215.65,1944.8,2236.55,1949.3,2264.2,1965.65,2276.1,1983.6,2282.85,2002.3
4-249,Uninfected,No_comment,Polygon,15,2358.95,1961.25,2350.05,1977.55,2335.85,1985.75,2317.95,1987.25,2301.55,1980.65,2278.4,1958.25,2262.7,1937.3,2255.2,1920.25,2261.2,1885.85,2274.65,1873.2,2303.8,1863.5,2320.95,1871,2341.85,1885.05,2350.8,1905.25,2357.45,1925.35
4-250,Uninfected,No_comment,Polygon,14,2804.2,1542.95,2797.85,1557.75,2785.15,1576.7,2770.4,1583.1,2751.35,1583.8,2716.2,1576.05,2699.2,1564.8,2692.9,1533.1,2702.05,1495.05,2726,1474.65,2770.4,1468.95,2789.4,1481,2802.75,1497.9,2808.45,1517.6
4-251,Uninfected,No_comment,Polygon,14,2692.25,1473.95,2684.45,1498.6,2673.15,1518.95,2661.2,1528.85,2649.2,1533.1,2628.1,1533.8,2602.05,1519.7,2592.9,1490.15,2597.15,1465.5,2610.5,1438.7,2635.15,1425.35,2658.45,1426.05,2682.3,1439.45,2690.75,1452.75
4-252,Uninfected,No_comment,Polygon,16,2597.85,1436.6,2587.3,1454.2,2579.55,1478.85,2571.8,1495.75,2559.8,1502.75,2538.7,1505.65,2521.1,1497.15,2502.75,1478.15,2492.25,1450.7,2490.05,1429.55,2502.05,1395.75,2527.4,1379.55,2547.85,1378.85,2570.4,1382.4,2583.8,1395.05,2595,1413.35
4-253,Uninfected,No_comment,Polygon,14,2942.2,1609.15,2941.55,1630.25,2926.7,1656.35,2904.9,1666.2,2876,1665.5,2856.3,1657.75,2837.3,1633.1,2828.85,1607.75,2835.85,1576.05,2855.6,1557.75,2886.55,1550.7,2909.1,1556.35,2921.1,1567.6,2930.95,1583.8
4-254,Uninfected,No_comment,Polygon,15,3060.5,1581,3054.9,1594.3,3037.3,1609.85,3012.65,1619.7,2989.4,1619.7,2968.95,1613.35,2951.35,1592.25,2941.55,1572.55,2939.4,1551.4,2952.05,1516.2,2989.4,1500,3018.95,1504.2,3049.3,1523.25,3061.95,1542.25,3066.2,1564.8
4-255,Uninfected,No_comment,Polygon,15,2652.1,1716.25,2650,1731.7,2639.4,1749.35,2624.65,1760.55,2608.45,1762.65,2585.9,1758.5,2567.55,1741.6,2552.05,1717.65,2550,1695.05,2561.25,1672.55,2580.95,1659.9,2600.7,1653.5,2621.1,1657.05,2641.55,1669,2652.7,1692.65
4-256,Uninfected,No_comment,Polygon,14,2738,1791.6,2742.9,1813.4,2742.9,1840.15,2729.55,1860.55,2709.1,1872.55,2678.85,1871.1,2654.2,1857.8,2641.55,1821.85,2636.6,1790.15,2647.15,1762.65,2669.7,1743.65,2698.6,1740.15,2718.25,1747.9,2729.55,1766.25
4-257,Uninfected,No_comment,Polygon,14,2625.35,1823.25,2623.25,1843,2611.25,1861.95,2590.15,1871.85,2566.2,1880.3,2540.85,1876.1,2517.55,1859.2,2509.8,1835.2,2509.8,1807.8,2530.25,1778.85,2571.1,1769,2593.6,1776.75,2609.1,1788.05,2624.65,1804.95
4-258,Uninfected,No_comment,Polygon,15,2672.55,1945.75,2660.55,1971.1,2637.3,1988.75,2613.4,1994.35,2589.45,1989.45,2569.7,1969.7,2561.95,1943,2561.95,1920.4,2578.85,1895.75,2611.25,1881,2634.5,1878.15,2649.95,1883.15,2663.4,1893,2673.2,1911.25,2678.85,1931.7
4-259,Uninfected,No_comment,Polygon,13,2590.1,2036.6,2585.9,2053.5,2563.4,2076.1,2536.6,2080.3,2509.85,2071.1,2489.45,2041.6,2483.75,2016.25,2485.9,1994.35,2503.5,1985.2,2533.85,1984.55,2557,1992.95,2578.85,2000.75,2590.8,2019.7
4-260,Uninfected,No_comment,Polygon,16,2484.5,1933.15,2477.45,1946.5,2456.35,1969.7,2435.9,1972.55,2419.7,1969.7,2402.1,1956.35,2379.55,1942.3,2371.85,1914.8,2374.6,1888.05,2393.65,1863.4,2411.95,1850.75,2433.75,1850.75,2452.1,1859.85,2471.1,1872.55,2481,1891.6,2485.9,1919.7
4-261,Uninfected,No_comment,Polygon,16,2078.55,2148.4,2076.6,2162.55,2059.75,2181.95,2038.95,2190,2017.5,2194.1,1998.75,2190,1983.3,2184,1968.5,2170.55,1959.15,2137.05,1969.15,2102.15,1995.35,2075.3,2026.2,2063.85,2051.7,2065.2,2065.8,2079.25,2079.25,2100.1,2083.2,2124.05
4-262,Uninfected,No_comment,Polygon,18,2308.75,2175.25,2304.8,2188,2292.65,2204.1,2279.9,2216.85,2267.85,2235,2256.4,2244.4,2238.35,2245.7,2222.25,2238.35,2211.5,2222.2,2196,2180.6,2199.35,2149.1,2209.45,2114.15,2235,2092.75,2261.85,2090,2281.95,2098.75,2299.4,2114.15,2307.45,2132.35,2313.4,2152.2
4-263,Uninfected,No_comment,Polygon,14,2426.95,2148.4,2424.2,2164.5,2412.85,2183.3,2397.35,2188.65,2380.6,2188.65,2359.8,2181.95,2345.7,2164.5,2338.35,2142.35,2339.7,2115.5,2355.1,2100.1,2376.55,2090.65,2396.05,2094.05,2416.15,2108.1,2424.9,2126.25
4-264,Uninfected,No_comment,Polygon,15,2539,2173.9,2533.6,2200.05,2522.25,2221.55,2506.2,2230.9,2488,2237.05,2463.85,2237.05,2443.1,2227.55,2433.6,2209.45,2433.6,2184.65,2441.65,2153.75,2451.75,2126.25,2477.25,2111.5,2504.85,2112.85,2524.95,2130.95,2536.35,2151.1
4-265,Uninfected,No_comment,Polygon,15,2400.75,2265.2,2385.95,2282.65,2370.5,2302.75,2353.1,2316.85,2326.95,2322.25,2294.1,2308.8,2279.95,2288,2276.6,2271.9,2276.8,2246.95,2308.75,2206.9,2335,2194.7,2363.85,2197.45,2382.7,2206.15,2396.75,2218.2,2404.05,2245.7
4-266,Uninfected,No_comment,Polygon,16,2492.05,2335.65,2486.65,2357.8,2474.6,2381.95,2450.45,2394.7,2428.9,2399.4,2409.5,2395.45,2390,2381.95,2377.95,2362.5,2374.6,2341.05,2382.65,2316.85,2402.05,2293.4,2419.5,2275.95,2442.35,2269.9,2458.5,2273.9,2479.3,2289.35,2490.65,2312.15
4-267,Uninfected,No_comment,Polygon,14,2285.3,2367.9,2285.3,2382.7,2271.2,2402.8,2247.75,2412.15,2224.25,2412.15,2206.8,2408.2,2191.3,2383.3,2185.3,2353.1,2191.3,2330.95,2200.1,2309.5,2218.85,2302.75,2240.3,2312.15,2265.2,2330.35,2281.3,2351.75
4-268,Uninfected,No_comment,Polygon,17,2154.45,2319.55,2134.95,2331.6,2118.15,2341.05,2098.75,2341.05,2076.6,2340.35,2060.45,2329.6,2043.65,2310.15,2041,2286.65,2041.7,2266.55,2054.45,2245.05,2072.5,2229,2104.75,2227.6,2122.85,2234.3,2144.35,2249.75,2157.75,2265.2,2164.45,2285.3,2161.8,2302.75
4-269,Uninfected,No_comment,Polygon,19,2189.35,2206.1,2198.05,2220.2,2208.15,2239,2211.5,2255.1,2204.05,2269.2,2189.35,2273.3,2179.25,2271.9,2167.2,2255.8,2151.7,2235.65,2123.55,2218.9,2103.45,2208.8,2088.65,2186.65,2090.7,2161.85,2106.8,2133.65,2126.9,2127.65,2154.45,2130.25,2173.25,2139.7,2185.3,2161.15,2184.65,2185.3