267,5312,2988
1-1,Uninfected,No_comment,Polygon,17,3199.45,2214.85,3216.25,2216.2,3232.4,2218.85,3245.85,2226.9,3260.55,2243,3266.6,2267.2,3263.95,2298.75,3249.85,2321.5,3227,2331.6,3186.7,2329.55,3167.3,2320.9,3151.8,2304.75,3139.1,2282.6,3139.1,2257.8,3148.5,2239,3164.55,2224.25,3181.35,2217.5
1-2,Uninfected,No_comment,Polygon,16,3193.5,2345.05,3210.25,2341.7,3228.4,2343.05,3243.1,2346.4,3268,2359.15,3282.7,2379.95,3294.85,2411.5,3290.15,2438.35,3263.3,2460.5,3219.65,2467.85,3190.05,2461.85,3168.6,2445,3154.55,2421.5,3148.5,2393.35,3151.8,2373.25,3167.9,2353.75
1-3,Uninfected,No_comment,Polygon,18,3088.1,2134.95,3105.55,2135.65,3131.05,2145.65,3144.45,2157.8,3153.2,2173.2,3158.6,2189.95,3154.55,2209.45,3141.15,2226.25,3133,2245.65,3128.4,2258.45,3108.9,2263.85,3078,2256.45,3053.8,2247,3031.05,2220.15,3027.65,2197.4,3031.75,2170.55,3042.45,2150.35,3065.25,2137.6
1-4,Uninfected,No_comment,Polygon,16,3053.8,2267.2,3072.6,2269.85,3092.8,2274.55,3106.25,2279.25,3119.6,2294.05,3128.4,2316.2,3131.05,2343.65,3119.6,2365.2,3094.1,2381.9,3067.25,2387.35,3023.6,2379.25,3000.85,2360.5,2992.75,2332.95,2998.8,2297.4,3014.3,2280.55,3031.75,2270.55
1-5,Uninfected,No_comment,Polygon,19,3342.5,2261.15,3360.6,2260.45,3380,2269.85,3403.55,2283.95,3416.3,2300.05,3418.95,2315.5,3411.6,2345.05,3395.5,2375.9,3378.65,2399.35,3353.15,2407.45,3327,2404.05,3305.5,2392.7,3290.15,2369.85,3279.35,2354.45,3270.65,2334.25,3271.3,2312.8,3289.45,2282.6,3303.55,2267.8,3317.6,2262.5
1-6,Uninfected,No_comment,Polygon,16,3414.25,2462.45,3434.45,2462.45,3453.85,2471.2,3472.65,2492.65,3483.45,2517.55,3481.4,2543.05,3462.55,2577.95,3428.35,2589.3,3398.85,2586,3376.7,2575.2,3357.85,2557.75,3349.85,2532.95,3354.55,2503.45,3365.3,2483.95,3374.65,2472.55,3388.05,2464.5
1-7,Uninfected,No_comment,Polygon,18,3543.8,2206.8,3565.95,2208.8,3583.4,2213.5,3595.5,2226.25,3606.25,2241,3616.25,2271.9,3611.55,2292,3600.85,2315.5,3582.75,2329.55,3556.55,2336.3,3531.1,2330.9,3509.6,2319.55,3488.75,2296.7,3482.05,2271.2,3483.45,2248.4,3494.1,2226.25,3507.55,2214.85,3519.6,2208.1
1-8,Uninfected,No_comment,Polygon,17,3455.2,2334.25,3484.7,2331.6,3505.6,2337,3531.1,2346.4,3549.2,2355.8,3559.9,2371.9,3563.9,2390,3561.95,2413.45,3542.45,2441,3517.65,2456.4,3486.75,2458.45,3451.85,2453.75,3427.65,2435,3414.9,2412.15,3408.25,2385.3,3417.65,2360.5,3433.75,2344.35
1-9,Uninfected,No_comment,Polygon,18,3601.5,2443.05,3617.65,2443.05,3647.15,2445,3663.25,2456.4,3671.95,2475.9,3683.4,2500.1,3697.45,2517.55,3700.15,2542.35,3696.15,2563.85,3677.35,2578.6,3657.85,2583.3,3633.7,2580.6,3607.55,2564.5,3592.75,2544.4,3578.05,2524.9,3570,2502.05,3572.65,2478.55,3583.35,2455.1
1-10,Uninfected,No_comment,Polygon,17,3731.75,2408.75,3746.45,2407.45,3764.6,2409.45,3782.7,2416.8,3800.15,2432.3,3811.55,2453.05,3818.3,2479.3,3812.25,2500.7,3790.1,2524.25,3765.95,2534.3,3737.05,2532.95,3716.25,2519.5,3702.85,2502.05,3688.75,2474.6,3688.1,2455.1,3698.15,2432.3,3712.25,2414.85
1-11,Uninfected,No_comment,Polygon,18,3897.5,2386,3921,2386,3943.15,2387.95,3965.95,2395.4,3980.05,2405.4,3992.8,2437.65,3992.1,2458.45,3979.35,2486,3958.55,2500.7,3927.7,2508.75,3904.85,2506.8,3880.05,2496.75,3861.25,2477.95,3854.55,2458.45,3854.55,2437.65,3855.85,2414.85,3867.3,2401.4,3876,2394.65
1-12,Uninfected,No_comment,Polygon,17,3653.2,2237,3681.35,2219.55,3696.85,2216.15,3716.25,2216.15,3733.7,2221.55,3753.2,2235.65,3762.6,2249.75,3767.3,2271.9,3765.25,2302.1,3746.45,2325.6,3717.6,2338.95,3688.1,2341,3663.25,2334.95,3641.1,2318.85,3633.7,2301.4,3631.7,2283.3,3637.05,2256.45
1-13,Uninfected,No_comment,Polygon,17,3800.85,2188.6,3814.25,2171.15,3827,2153.7,3844.45,2147.7,3865.25,2148.4,3889.45,2159.8,3900.15,2172.5,3904.2,2196.7,3904.2,2225.55,3892.8,2257.8,3872,2275.25,3845.15,2285.25,3825.65,2286,3806.25,2274.55,3786.05,2253.75,3777.35,2230.95,3784.75,2203.4
1-14,Uninfected,No_comment,Polygon,19,3955.9,2230.95,3972.65,2231.6,3996.8,2241.7,4007.55,2256.45,4017.65,2279.25,4019.65,2304.05,4014.25,2330.25,4002.85,2351.7,3986.8,2367.2,3971.3,2371.9,3949.15,2369.85,3925.05,2356.4,3905.55,2336.3,3902.2,2310.15,3904.85,2281.3,3916.95,2248.4,3922.3,2232.3,3929.05,2228.2,3941.8,2227.6
1-15,Uninfected,No_comment,Polygon,17,4055.2,2340.35,4077.35,2341,4095.5,2346.4,4110.9,2361.8,4123.05,2382.65,4134.4,2402.1,4137.75,2425.6,4129.05,2441.7,4104.2,2453.75,4072.65,2457.15,4049.15,2449.75,4033.05,2435.6,4014.25,2408.15,4008.95,2387.95,4009.55,2367.2,4020.3,2354.45,4034.45,2346.4
1-16,Uninfected,No_comment,Polygon,17,4004.85,2538.35,4022.3,2537.7,4048.5,2547.1,4063.3,2561.85,4077.4,2592.75,4085.45,2624.95,4080.05,2642.4,4065.3,2659.85,4044.45,2672.6,4027.05,2675.3,4009.6,2673.25,3990.15,2659.15,3975.35,2638.35,3965.25,2611.5,3965.95,2583.35,3978.05,2554.45,3990.8,2543.05
1-17,Uninfected,No_comment,Polygon,23,3870.65,2667.25,3888.1,2657.15,3904.9,2655.75,3926.35,2657.15,3948.5,2663.85,3976.05,2677.95,3986.1,2688.05,3986.8,2699.45,3979.4,2713.55,3967.3,2731,3956.55,2741.05,3945.15,2755.15,3937.8,2767.25,3919,2769.9,3897.5,2769.9,3875.35,2769.9,3858.6,2768.55,3842.45,2754.5,3835.1,2739.7,3831.75,2720.9,3833.1,2703.45,3841.15,2689.35,3851.85,2678.65
1-18,Uninfected,No_comment,Polygon,16,3734.4,2618.9,3749.2,2610.85,3774,2609.5,3790.8,2618.25,3808.9,2633,3816.3,2652.45,3818.3,2671.9,3810.25,2700.8,3794.8,2718.9,3771.95,2726.95,3747.85,2723.6,3727.7,2707.5,3717.65,2690.05,3708.9,2667.9,3708.9,2646.4,3717.65,2629.65
1-19,Uninfected,No_comment,Polygon,20,3633.05,2611.5,3647.85,2610.85,3669.3,2615.55,3683.4,2627.65,3690.8,2644.4,3693.45,2669.9,3699.5,2692.05,3709.6,2710.2,3709.6,2729.65,3694.15,2750.45,3670,2758.5,3647.85,2755.8,3633.05,2742.4,3618.95,2720.9,3608.25,2711.5,3589.45,2701.45,3585.4,2687.35,3586.1,2652.45,3594.15,2631.65,3606.9,2618.25
1-20,Uninfected,No_comment,Polygon,17,3488.15,2620.95,3502.85,2620.25,3519.6,2623.6,3545.8,2635.7,3551.85,2644.4,3562.65,2672.6,3565.3,2697.45,3554.5,2718.9,3537.75,2737.7,3513.65,2747.8,3488.75,2751.15,3467.25,2739.05,3454.5,2722.3,3445.1,2704.85,3440.4,2673.95,3447.15,2645.75,3464.6,2628.3
1-21,Uninfected,No_comment,Polygon,16,3517.65,2763.2,3553.25,2763.2,3575.4,2775.3,3594.8,2800.8,3600.85,2822.95,3594.8,2850.45,3577.35,2872.6,3552.55,2884.05,3529.7,2885.4,3508.9,2878.65,3492.15,2864.55,3479.4,2848.45,3474.05,2827.65,3474.05,2804.85,3482.75,2783.35,3498.15,2769.95
1-22,Uninfected,No_comment,Polygon,18,3373.35,2698.1,3386.1,2696.75,3401.5,2697.45,3428.35,2707.5,3449.15,2732.35,3459.9,2756.5,3463.25,2780.65,3458.55,2804.15,3441.8,2818.95,3419.6,2828.35,3399.55,2822.3,3375.3,2810.2,3357.85,2789.4,3351.2,2771.95,3349.85,2750.45,3347.8,2731,3349.85,2713.55,3359.25,2702.8
1-23,Uninfected,No_comment,Polygon,19,3327,2820.95,3339.75,2820.25,3367.3,2827,3389.45,2837.05,3408.95,2844.45,3421,2855.15,3428.35,2875.3,3430.4,2895.45,3421,2926.3,3396.8,2942.45,3371.3,2947.8,3349.15,2949.8,3327.7,2941.1,3308.85,2922.95,3292.1,2898.15,3284.75,2871.3,3285.45,2849.8,3294.85,2833.7,3305.5,2825.65
1-24,Uninfected,No_comment,Polygon,15,3064.6,2864.55,3093.4,2861.2,3111.55,2864.55,3132.35,2880.65,3149.1,2908.85,3153.8,2934.35,3145.75,2964.55,3126.95,2983.35,3100.1,2986,3077.35,2986,3059.9,2982,3041.05,2958.45,3031.65,2934.35,3031.65,2908.85,3041.05,2880.65
1-25,Uninfected,No_comment,Polygon,17,2944.4,2702.1,2962.55,2700.75,2985.4,2704.15,3008.85,2718.2,3028.3,2743,3036.35,2767.9,3033.7,2794.05,3017.55,2820.9,2994.75,2831.65,2969.25,2835.7,2945.8,2831,2925.6,2814.2,2910.9,2794.05,2903.45,2770.6,2904.15,2747.1,2914.2,2724.25,2924.95,2710.2
1-26,Uninfected,No_comment,Polygon,19,3167.25,2657.8,3182,2657.15,3195.45,2657.15,3210.85,2664.55,3222.95,2676.6,3231.65,2697.4,3235.05,2716.9,3239.05,2741.7,3236.35,2765.15,3215.55,2782.6,3182.7,2792.05,3162.55,2788.7,3139.7,2775.95,3124.3,2755.15,3117.55,2730.25,3119.6,2709.5,3131.65,2686.7,3141.05,2669.25,3152.5,2662.5
1-27,Uninfected,No_comment,Polygon,17,2820.25,2604.8,2854.45,2596.75,2876,2599.45,2891.4,2606.75,2909.5,2624.95,2919.6,2649.75,2925.6,2673.95,2916.2,2701.45,2892.75,2723.6,2867.25,2733,2846.4,2734.35,2824.95,2726.3,2807.5,2714.85,2794.05,2692.75,2787.35,2665.85,2788.7,2644.4,2803.45,2619.55
1-28,Uninfected,No_comment,Polygon,19,2671.9,2771.9,2684.65,2765.15,2703.45,2764.55,2724.95,2769.25,2741.7,2782.6,2751.8,2801.45,2757.2,2828.3,2751.1,2849.75,2737.7,2871.25,2727.6,2888.05,2717.6,2906.15,2699.45,2910.85,2676.6,2908.85,2657.15,2892.75,2645.05,2871.9,2636.35,2854.45,2636.35,2831,2645.05,2802.1,2654.45,2784
1-29,Uninfected,No_comment,Polygon,16,2781.3,2852.45,2794.05,2851.8,2823.6,2860.5,2845.75,2880,2860.5,2903.5,2855.8,2924.3,2837.7,2948.45,2819.55,2957.85,2793.4,2969.9,2769.25,2965.9,2743.05,2953.75,2728.3,2939.05,2727.6,2916.2,2735.05,2895.4,2751.1,2875.3,2763.2,2860.5
1-30,Uninfected,No_comment,Polygon,17,2526.95,2649.1,2543.7,2648.4,2557.8,2648.4,2575.25,2653.15,2596.75,2676.65,2602.8,2708.2,2600.75,2734.4,2586.05,2759.9,2565.85,2776.65,2543.7,2780.65,2513.5,2775.95,2490,2761.15,2474.6,2739.7,2471.25,2714.9,2475.25,2686.05,2491.35,2661.85,2506.85,2653.15
1-31,Uninfected,No_comment,Polygon,17,2441.05,2841.05,2451.1,2838.4,2470.55,2843.1,2491.35,2863.2,2500.75,2886.7,2512.15,2905.55,2512.15,2927.7,2504.1,2951.1,2488,2965.25,2462.5,2971.3,2443.05,2967.9,2420.2,2954.45,2406.15,2939.05,2397.4,2918.3,2398.05,2893.4,2404.8,2869.25,2415.5,2853.2
1-32,Uninfected,No_comment,Polygon,17,2308.15,2825.65,2324.9,2817.6,2342.35,2816.25,2358.45,2818.2,2375.3,2832.3,2382.65,2851.8,2383.3,2876.6,2375.9,2906.2,2365.85,2927,2341.7,2942.4,2322.25,2943.75,2302.75,2937,2281.3,2920.95,2271.2,2903.5,2268.55,2878,2273.95,2855.15,2286,2837.7
1-33,Uninfected,No_comment,Polygon,21,2251.1,2720.25,2280.6,2704.85,2297.4,2698.85,2312.85,2698.85,2326.9,2702.2,2339.65,2718.2,2351.1,2737.65,2351.75,2759.9,2345.65,2785.3,2330.9,2798.8,2314.15,2805.4,2293.35,2809.55,2273.9,2825.65,2261.15,2837,2247.1,2841.05,2233.7,2834.3,2223.6,2818.9,2215.55,2794.75,2217.6,2770.55,2226.85,2751,2236.95,2732.85
1-34,Uninfected,No_comment,Polygon,17,2236.3,2562.55,2259.8,2563.85,2283.3,2571.95,2296.7,2592.05,2303.45,2614.9,2300.1,2643.05,2286.65,2673.9,2255.1,2696.05,2231.6,2697.45,2205.45,2694.8,2189.35,2682.65,2173.9,2658.5,2165.15,2632.35,2167.85,2609.5,2180.6,2586,2198.75,2567.25,2214.85,2562.55
1-35,Uninfected,No_comment,Polygon,17,2067.2,2655.85,2085.95,2646.45,2106.8,2646.45,2126.25,2651.2,2149.05,2661.85,2159.15,2682.05,2165.15,2708.15,2163.15,2730.9,2149.75,2761.85,2130.95,2775.9,2108.8,2782.05,2090.05,2779.9,2071.2,2767.25,2058.45,2751.85,2043.6,2728.3,2041,2706.85,2049.8,2673.9
1-36,Uninfected,No_comment,Polygon,17,2125.55,2841.05,2141,2820.25,2155.8,2808.2,2171.2,2804.2,2188,2810.85,2202.75,2828.3,2217.55,2856.55,2220.2,2884.65,2220.2,2905.55,2208.8,2929.65,2190.7,2947.8,2169.2,2953.2,2144.35,2948.45,2123.55,2934.35,2112.8,2912.2,2109.45,2892.1,2110.15,2868.6
1-37,Uninfected,No_comment,Polygon,20,1965.15,2741.05,1982.6,2737.7,2008.8,2737.7,2028.95,2743.75,2042.4,2757.85,2052.4,2768.55,2077.3,2785.35,2091.4,2803.45,2091.4,2834.35,2086,2851.8,2070.55,2863.2,2057.1,2862.55,2038.4,2859.15,1996.7,2855.15,1975.25,2845.75,1950.45,2824.3,1942.4,2802.8,1939,2780,1939.65,2755.15,1945.75,2749.1
1-38,Uninfected,No_comment,Polygon,18,1996.7,2874.6,2029.65,2873.3,2047.1,2874.6,2059.85,2883.95,2069.25,2904.8,2072.6,2933,2072.6,2953.8,2061.15,2976.65,2039,2986.7,2005.45,2985.35,1990.75,2986.7,1975.25,2986.7,1957.1,2977.3,1949.75,2959.85,1950.45,2935.7,1953.8,2917.55,1970.55,2890.05,1981.35,2880
1-39,Uninfected,No_comment,Polygon,19,1825.55,2844.35,1843,2837.05,1869.2,2833.7,1894.7,2835,1913.5,2845.1,1930.25,2867.25,1939,2891.4,1939,2920.95,1930.25,2935,1912.8,2947.8,1895.35,2950.45,1869.2,2946.45,1851.75,2947.8,1829.6,2952.5,1806.15,2950.45,1792.05,2937.7,1790.65,2916.2,1792.05,2898.1,1803.4,2865.2
1-40,Uninfected,No_comment,Polygon,17,1708.15,2744.4,1726.25,2734.35,1745.7,2733,1765.85,2735.7,1785.95,2759.2,1790.65,2781.35,1791.35,2807.5,1780.6,2833.7,1763.15,2852.45,1734.3,2863.2,1711.45,2863.2,1687.35,2851.15,1674.6,2832.35,1665.2,2805.5,1667.85,2786,1679.25,2768.55,1691.35,2756.5
1-41,Uninfected,No_comment,Polygon,18,1643.75,2650.45,1656.5,2630.3,1673.9,2618.9,1695.4,2616.9,1718.25,2622.25,1744.4,2647.75,1747.05,2677.3,1742.35,2699.45,1722.95,2722.25,1697.35,2731.65,1666.5,2752.45,1647.05,2759.2,1620.2,2757.85,1611.5,2744.4,1604.75,2724.25,1606.8,2704.8,1616.85,2686,1627.55,2668.55
1-42,Uninfected,No_comment,Polygon,20,1522.2,2589.3,1530.95,2580.65,1547.7,2576,1562.4,2575.25,1582.5,2582,1601.95,2589.95,1623.45,2596.7,1637.05,2604.55,1640.75,2620,1632.9,2638.95,1614.15,2663.8,1600.7,2685.3,1581.95,2696.05,1563.7,2696.05,1548.4,2687.3,1518.15,2677.2,1502.7,2663.8,1496.05,2644.35,1496.05,2624.1,1502.7,2603.35
1-43,Uninfected,No_comment,Polygon,17,1614.75,2459.8,1630.25,2458.45,1657.1,2466.55,1669.15,2473.25,1682.6,2488.65,1690.65,2508.8,1692,2532.25,1679.25,2562.45,1659.75,2579.3,1640.95,2581.3,1610.15,2577.25,1583.3,2561.85,1563.8,2541.7,1555.05,2513.45,1557.1,2494.05,1569.2,2477.95,1585.95,2465.2
1-44,Uninfected,No_comment,Polygon,15,1764.45,2471.9,1783.95,2463.15,1807.45,2461.85,1820.9,2463.15,1837.65,2473.25,1851.7,2490,1856.4,2514.2,1847.65,2536.35,1824.25,2559.8,1801.4,2567.85,1768.45,2565.85,1738.95,2548.4,1726.9,2526.95,1731.6,2504.8,1743,2487.35
1-45,Uninfected,No_comment,Polygon,18,1647,2323.55,1688,2320.15,1701.4,2320.15,1716.8,2328.95,1729.55,2341,1738.95,2363.85,1738.95,2392,1734.25,2419.55,1715.45,2437.65,1694.65,2448.35,1673.2,2449.05,1654.35,2442.35,1622.9,2430.3,1611.45,2412.85,1605.45,2393.35,1612.1,2369.15,1624.2,2346.4,1630.25,2335.65
1-46,Uninfected,No_comment,Polygon,14,1291.3,2304.8,1328.25,2296.1,1359.1,2304.8,1376.55,2316.2,1387.3,2340.4,1388.65,2367.9,1381.95,2392.75,1359.1,2413.55,1320.2,2421.6,1289.3,2412.85,1267.85,2396.1,1260.4,2371.25,1260.4,2337,1271.2,2318.25
1-47,Uninfected,No_comment,Polygon,16,1500.75,2290.7,1528.2,2281.3,1549.05,2278.65,1570.55,2282,1585.95,2291.4,1594.65,2306.8,1600.05,2330.3,1594.65,2363.25,1575.9,2394.05,1553.1,2409.5,1528.2,2412.85,1502.05,2407.5,1475.85,2389.4,1467.85,2367.25,1467.85,2339.05,1480.55,2308.15
1-48,Uninfected,No_comment,Polygon,20,1412.8,2194.05,1424.9,2182,1441.65,2175.25,1463.1,2175.25,1479.9,2181.3,1490.65,2195.4,1500.75,2220.25,1502.7,2240.35,1500.75,2255.15,1490,2270.6,1469.85,2288.05,1457.75,2306.2,1448.4,2327.65,1436.25,2329.65,1418.2,2321.6,1408.8,2305.5,1400.7,2278.65,1397.35,2250.45,1402.05,2225.6,1408.8,2206.15
1-49,Uninfected,No_comment,Polygon,17,1306.75,2129.65,1332.95,2126.95,1356.45,2128.95,1366.45,2140.35,1375.2,2161.15,1377.9,2180.65,1374.5,2206.8,1359.1,2228.95,1334.3,2249.75,1310.8,2255.8,1283.95,2246.4,1263.15,2227.6,1246.35,2206.15,1246.35,2184.65,1255.1,2162.5,1267.15,2148.4,1286.6,2137.7
1-50,Uninfected,No_comment,Polygon,16,1529.6,2021.55,1553.1,2014.2,1580.55,2010.85,1601.4,2015.55,1613.5,2026.25,1623.55,2046.4,1625.55,2067.2,1616.15,2101.45,1586.65,2125.6,1553.1,2131.65,1528.2,2124.95,1508.1,2106.8,1498,2086,1496.05,2061.85,1504.1,2041.7,1513.5,2028.95
1-51,Uninfected,No_comment,Polygon,24,1242.35,2043.7,1263.8,2029.6,1294,2021.55,1312.75,2022.25,1325.55,2032.3,1339,2039.7,1358.45,2047.05,1366.45,2049.75,1372.55,2058.5,1372.55,2072.6,1368.5,2079.3,1356.45,2086.65,1352.35,2101.45,1345.7,2112.2,1326.85,2111.5,1310.8,2111.5,1287.95,2124.25,1263.15,2133,1248.35,2134.35,1232.95,2128.3,1223.55,2120.25,1220.2,2088,1227.55,2066.55,1231.6,2054.45
1-52,Uninfected,No_comment,Polygon,16,1197.35,1845.7,1214.1,1835,1232.25,1826.25,1256.4,1827.6,1285.95,1837.65,1304.1,1857.1,1310.1,1880.6,1308.1,1906.1,1290.65,1928.25,1272.5,1945.05,1240.95,1951.75,1215.45,1947.05,1194,1932.3,1179.9,1910.15,1173.15,1887.35,1181.9,1861.8
1-53,Uninfected,No_comment,Polygon,16,1351.7,1916.2,1371.15,1912.85,1398.7,1914.15,1417.5,1922.25,1434.95,1944.4,1440.3,1974.6,1438.95,1992.7,1424.2,2015.5,1406.05,2029.6,1379.2,2034.3,1349,2025.6,1326.2,2008.8,1304.7,1970.55,1305.4,1949.1,1321.55,1930.95,1335.6,1922.25
1-54,Uninfected,No_comment,Polygon,16,1498,1904.1,1512.1,1900.75,1537.6,1896.7,1555.05,1895.4,1584.6,1906.8,1596,1921.55,1600.05,1946.4,1592.65,1971.25,1568.5,1991.35,1524.85,2004.1,1498,2011.5,1479.25,2008.8,1459.75,1988,1456.4,1961.85,1459.75,1935,1475.85,1914.15
1-55,Uninfected,No_comment,Polygon,15,1496,1816.2,1506.75,1788.65,1515.45,1767.2,1531.6,1759.15,1554.4,1761.15,1575.9,1775.9,1589.35,1800.75,1583.95,1826.25,1570.5,1854.45,1553.75,1868.55,1528.2,1879.25,1502.7,1877.95,1487.3,1865.2,1482.6,1842.35,1485.25,1828.25
1-56,Uninfected,No_comment,Polygon,17,1645.7,1808.15,1668.5,1794.05,1691.3,1790,1708.1,1792.7,1721.5,1802.75,1734.3,1814.85,1743.65,1841.7,1746.35,1865.2,1738.3,1893.35,1716.15,1912.85,1690,1918.85,1663.15,1916.2,1645,1906.8,1630.9,1889.35,1622.2,1868.55,1622.2,1843.05,1631.6,1823.55
1-57,Uninfected,No_comment,Polygon,15,1591.3,1653,1622.2,1647,1646.4,1646.35,1667.15,1656.4,1681.95,1676.5,1686,1714.15,1678.55,1736.9,1659.8,1752.4,1630.25,1761.1,1604.05,1761.8,1578.55,1753.75,1559.8,1730.9,1554.45,1700.05,1563.85,1673.85,1576.6,1660.45
1-58,Uninfected,No_comment,Polygon,15,1389.3,1616.8,1417.5,1610.05,1449.75,1612.8,1475.9,1627.5,1493.35,1651.05,1496.7,1676.5,1488.65,1700.05,1469.85,1716.1,1440.35,1726.2,1415.45,1724.85,1388.7,1716.1,1364.45,1692,1359.1,1673.2,1361.15,1648.3,1371.85,1629.55
1-59,Uninfected,No_comment,Polygon,18,1565.15,1530.85,1590.65,1531.55,1619.5,1545.65,1641,1555.75,1665.15,1563.8,1683.95,1583.9,1683.25,1605.35,1673.9,1624.85,1659.1,1630.25,1643.05,1629.55,1623.55,1630.25,1592.65,1633.6,1564.45,1627.5,1541,1609.45,1531.6,1590.65,1528.25,1567.8,1530.25,1549,1538.95,1536.25
1-60,Uninfected,No_comment,Polygon,19,1587.3,1424.2,1618.85,1420.1,1639.65,1428.2,1653.05,1440.3,1667.85,1458.4,1680.6,1479.2,1694,1499.3,1706.75,1510.75,1712.15,1527.5,1702.05,1553,1686,1557.7,1659.1,1549.7,1628.95,1534.2,1604.75,1518.8,1582.6,1503.4,1569.15,1488.6,1563.85,1466.45,1566.5,1448.3,1568.55,1436.25
1-61,Uninfected,No_comment,Polygon,16,1405.45,1404.7,1431.6,1400,1447,1398.7,1476.55,1408.05,1504.75,1429.5,1509.45,1451.05,1504.75,1478.5,1493.35,1498.7,1471.9,1510.75,1448.35,1514.1,1424.85,1511.45,1404.75,1503.4,1387.3,1483.2,1377.9,1455.75,1379.25,1435.6,1388.7,1417.45
1-62,Uninfected,No_comment,Polygon,18,1239.6,1409.4,1260.45,1402.65,1291.35,1405.4,1320.85,1420.1,1339,1441.65,1347,1459.1,1347.7,1480.55,1343,1498.7,1326.9,1517.5,1308.8,1532.25,1283.25,1537.6,1255.05,1532.9,1233.6,1520.15,1218.8,1500.65,1206.75,1475.85,1207.45,1449.7,1214.1,1426.85,1222.15,1418.8
1-63,Uninfected,No_comment,Polygon,16,1232.9,1577.9,1251.75,1575.15,1273.2,1578.5,1298,1586.55,1322.2,1604.75,1326.25,1623.5,1326.9,1655.05,1314.1,1679.25,1291.35,1700.05,1255.75,1705.35,1229.6,1700.05,1208.75,1683.95,1194.7,1656.4,1194.7,1628.9,1209.4,1596.7,1219.5,1583.2
1-64,Uninfected,No_comment,Polygon,16,1027.5,1657.85,1054.35,1652.45,1089.25,1660.5,1106.1,1663.85,1126.2,1669.2,1141.6,1678.65,1155.7,1702.75,1155.7,1727.65,1145,1743.7,1126.9,1759.2,1098,1768.6,1065.8,1769.2,1042.3,1759.2,1020.15,1736.35,1011.45,1701.45,1014.15,1673.25
1-65,Uninfected,No_comment,Polygon,17,1081.9,1525.6,1114.15,1520.2,1146.3,1521.6,1176.55,1540.4,1183.25,1565.2,1186.6,1591.4,1174.55,1616.85,1161.1,1636.4,1138.95,1646.4,1114.15,1647.05,1092.65,1643.05,1073.2,1635.7,1059.75,1626.3,1050.35,1610.2,1048.35,1582.65,1058.4,1555.8,1067.8,1539.75
1-66,Uninfected,No_comment,Polygon,17,1099.4,1310.8,1120.9,1303.4,1146.35,1302.75,1164.5,1306.1,1192.65,1318.15,1208.1,1332.95,1214.2,1353.05,1206.75,1375.2,1191.35,1403.4,1163.1,1425.55,1132.25,1430.95,1108.75,1427.55,1086.65,1418.15,1074.5,1394.7,1070.5,1374.55,1073.25,1351.05,1081.25,1326.2
1-67,Uninfected,No_comment,Polygon,19,1153.05,1170.5,1179.2,1171.2,1210.1,1177.9,1232.9,1190.65,1241.65,1204.75,1243.7,1236.95,1243.7,1253.75,1249.1,1279.25,1253.7,1293.35,1247.7,1312.15,1230.95,1321.5,1216.15,1318.15,1204.1,1307.45,1187.35,1296,1162.45,1283.95,1139.6,1263.15,1128.9,1240.3,1127.55,1206.1,1133.6,1179.9
1-68,Uninfected,No_comment,Polygon,17,1318.2,1195.35,1330.25,1195.35,1345.05,1199.35,1365.85,1212.1,1377.2,1222.85,1381.25,1244.35,1378.6,1271.2,1366.5,1290,1345.75,1307.45,1319.5,1311.45,1294.65,1306.75,1272.5,1288.65,1263.1,1269.85,1262.45,1240.3,1267.8,1220.2,1279.9,1203.4,1291.35,1196.7
1-69,Uninfected,No_comment,Polygon,16,1424.25,1261.1,1441.7,1255.1,1461.1,1252.4,1479.25,1257.1,1501.4,1268.5,1515.5,1287.3,1519.55,1310.1,1512.8,1341.65,1498.75,1361.1,1469.85,1373.9,1443,1377.9,1414.15,1368.5,1392.7,1349.7,1384.65,1328.25,1387.3,1296,1406.1,1269.85
1-70,Uninfected,No_comment,Polygon,16,1456.4,1101.4,1512.2,1104.75,1532.95,1117.5,1545,1133.6,1553.75,1160.45,1549.75,1187.95,1535.6,1209.45,1513.45,1222.2,1485.35,1226.2,1462.5,1222.2,1437.7,1209.45,1424.95,1191.3,1416.8,1173.2,1415.55,1150.35,1422.9,1129.55,1435.65,1110.75
1-71,Uninfected,No_comment,Polygon,15,1153.75,985.25,1181.9,989.3,1200.05,1003.4,1217.5,1028.25,1233.6,1055.75,1231.6,1079.9,1216.15,1104.05,1190,1116.8,1165.8,1116.8,1143.65,1102.75,1126.2,1080.6,1118.85,1053.75,1124.85,1027.55,1134.25,1010.75,1145,993.3
1-72,Uninfected,No_comment,Polygon,16,1248.35,912.1,1269.8,908.75,1294,909.45,1316.15,920.85,1325.55,938.3,1327.55,967.8,1324.2,990.65,1316.85,1014.8,1296,1031.6,1272.55,1035.6,1250.4,1031.6,1234.3,1018.15,1220.85,989.3,1214.8,963.1,1222.2,931.6,1231.6,922.85
1-73,Uninfected,No_comment,Polygon,18,1396.7,912.1,1416.15,912.1,1441.65,920.15,1456.45,937.6,1461.8,957.1,1464.5,979.9,1463.1,1006.75,1452.4,1030.9,1434.3,1050.35,1408.1,1059.75,1385.3,1056.4,1369.2,1043.65,1352.4,1024.2,1347.05,1004.05,1347.7,975.85,1351.05,953.05,1361.15,925.55,1373.2,917.5
1-74,Uninfected,No_comment,Polygon,16,1526.25,956.4,1542.35,956.4,1559.75,958.4,1580.6,973.85,1595.35,988.65,1601.4,1011.45,1600.75,1037.6,1583.95,1068.5,1557.1,1082.6,1533.6,1085.95,1512.15,1078.55,1488.65,1060.45,1479.95,1031.6,1479.95,1005.4,1488,980.55,1504.1,964.45
1-75,Uninfected,No_comment,Polygon,18,1545.05,796.65,1564.5,798,1579.95,806.75,1589.35,823.5,1592.7,843.65,1597.4,866.45,1606.1,883.25,1612.1,904.05,1600.05,926.2,1578.6,930.9,1543,932.25,1520.15,923.5,1506.75,906.75,1494,883.9,1491.35,861.75,1493.35,840.95,1503.4,814.1,1518.85,800.05
1-76,Uninfected,No_comment,Polygon,16,1279.95,751.7,1298.7,752.35,1319.55,762.45,1335.65,781.25,1345.05,808.05,1343,831.55,1329.6,863.1,1308.8,872.5,1276.55,875.2,1255.75,869.15,1237.65,845.65,1231.6,824.85,1230.95,801.35,1241,785.25,1255.1,766.45,1267.2,755.7
1-77,Uninfected,No_comment,Polygon,16,1413.5,734.9,1432.3,734.9,1455.8,745.65,1473.9,765.8,1479.25,789.95,1477.95,822.15,1466.5,849.7,1447.05,868.5,1424.9,872.5,1400.75,869.15,1378.6,854.4,1367.2,826.85,1362.5,794.65,1365.85,772.5,1377.25,753.05,1392,740.3
1-78,Uninfected,No_comment,Polygon,17,1657.8,777.2,1671.9,777.2,1697.4,786.6,1720.2,801.35,1729.6,817.45,1734.3,838.95,1732.3,859.75,1719.55,879.9,1697.4,893.3,1665.85,896.65,1644.4,891.3,1625.6,875.2,1616.85,857.05,1612.15,830.2,1615.5,805.4,1626.25,788.6,1637,780.55
1-79,Uninfected,No_comment,Polygon,15,1648.4,559.7,1669.9,556.3,1690.7,558.35,1709.5,569.05,1727.6,587.25,1738.35,611.4,1736.35,633.55,1726.95,659.7,1707.45,673.8,1682.65,678.5,1654.45,672.45,1629.6,657.05,1616.85,630.2,1617.55,600.6,1627.6,572.45
1-80,Uninfected,No_comment,Polygon,17,1761.15,641.6,1779.9,636.9,1801.4,637.55,1820.2,648.95,1831.65,667.7,1841,695.95,1845.7,718,1841.65,744.25,1830.9,760.35,1804.05,775.1,1776.55,774.45,1748.35,757.75,1736.85,734.85,1732.95,712.05,1732.95,687.2,1743.7,662.35,1749.1,652.95
1-81,Uninfected,No_comment,Polygon,16,1891.35,617.45,1911.5,608.65,1932.3,608.65,1949.1,617.45,1967.2,640.9,1971.25,655.7,1968.55,683.9,1955.8,704,1933,724.8,1919.55,739.6,1899.4,739.6,1876.6,728.2,1864.5,711.4,1857.8,683.9,1857.8,655.7,1865.85,633.55
1-82,Uninfected,No_comment,Polygon,18,1794.05,481.8,1813.5,473.15,1831.65,471.8,1851.75,475.15,1867.2,483.2,1877.95,500,1886.65,529.45,1888.7,557.05,1886.65,574.5,1871.25,590.6,1850.45,597.3,1829.6,600.6,1800.75,596.65,1784.65,582.55,1770.55,563.05,1765.85,544.95,1765.85,521.4,1775.25,497.95
1-83,Uninfected,No_comment,Polygon,16,1942.4,463.75,1973.95,459.05,1986,460.4,2003.45,472.4,2012.2,487.2,2021.6,508.05,2022.25,524.8,2020.25,548.95,2013.55,566.4,1992.7,581.85,1965.85,585.9,1940.35,578.45,1926.25,567.75,1910.85,540.25,1908.8,512.75,1920.9,477.1
1-84,Uninfected,No_comment,Polygon,16,1679.9,399.35,1708.1,390.6,1730.9,396,1745.7,406.7,1758.45,428.25,1765.15,445,1762.45,468.45,1755.1,485.3,1741,506.75,1722.2,515.5,1700.7,516.8,1680.6,506.05,1663.15,486.6,1655.75,462.45,1655.75,433.55,1665.15,410.75
1-85,Uninfected,No_comment,Polygon,15,1792,320.8,1816.15,316.1,1836.3,320.15,1857.1,329.55,1869.85,347,1877.25,366.5,1873.9,389.25,1859.8,412.1,1834.3,427.55,1808.1,429.55,1773.2,414.15,1763.15,398,1757.1,369.15,1763.15,346.3,1774.55,330.9
1-86,Uninfected,No_comment,Polygon,18,1566.5,405.4,1582.6,405.4,1598.7,406.1,1612.1,416.1,1624.25,437.6,1636.3,470.5,1642.3,491.3,1645,517.45,1636.95,530.2,1618.15,541.65,1590.65,547,1569.85,543.65,1551.05,532.95,1540.3,515.5,1541,490.6,1542.3,457.05,1543,434.9,1549.05,416.8
1-87,Uninfected,No_comment,Polygon,16,1978.65,697.3,1996.1,686.6,2017.55,684.5,2035.7,687.9,2064.55,704.05,2082.65,726.2,2080.65,758.4,2067.9,787.95,2037,810.75,2008.15,820.75,1979.95,813.4,1957.8,801.35,1947.75,774.5,1949.75,749.65,1957.8,722.15,1963.2,712.75
1-88,Uninfected,No_comment,Polygon,16,2139.05,589.95,2163.2,575.85,2185.35,569.8,2210.85,569.8,2235.7,577.85,2253.8,593.3,2263.2,622.8,2255.15,647.65,2230.3,677.15,2206.85,685.9,2179.3,687.9,2151.1,682.55,2132.35,669.8,2119.6,649,2116.9,626.15,2124.95,603.35
1-89,Uninfected,No_comment,Polygon,17,2070.6,458.4,2088.7,453,2114.2,453.7,2141.7,465.1,2157.85,485.9,2167.25,510.05,2163.2,536.25,2151.8,555.7,2129.65,575.85,2108.15,588.6,2085.35,589.25,2063.2,585.2,2050.45,571.15,2045.05,546.3,2045.05,519.45,2048.45,493.3,2057.85,469.8
1-90,Uninfected,No_comment,Polygon,16,2224.3,457.05,2255.8,451,2266.55,451,2286.7,459.05,2304.15,477.15,2323.6,495.3,2333.7,517.45,2331,546.3,2317.55,564.4,2296.1,574.5,2266.55,577.2,2245.75,565.1,2226.3,549,2212.2,522.8,2203.45,498.65,2209.5,471.8
1-91,Uninfected,No_comment,Polygon,17,2360.55,555.7,2371.25,551,2388.05,551.65,2408.85,560.4,2429,576.5,2441.05,599.35,2446.45,625.5,2446.45,645.65,2434.35,663.75,2408.85,677.15,2382.7,677.85,2350.45,668.45,2332.35,650.35,2322.95,624.85,2323.6,595.95,2335.7,571.8,2345.75,562.4
1-92,Uninfected,No_comment,Polygon,15,2286.7,685.25,2306.15,679.85,2335,681.2,2361.85,691.95,2376.65,714.1,2379.3,742.3,2376.65,767.8,2365.9,787.25,2332.35,803.35,2311.55,804.05,2282,794.65,2262.55,777.2,2255.8,756.35,2255.15,726.2,2265.2,700.65
1-93,Uninfected,No_comment,Polygon,16,2033,122.05,2046.4,121.45,2064.55,122.8,2090.05,133.5,2108.15,150.95,2116.9,176.45,2116.2,206.65,2104.8,227.5,2077.95,244.95,2052.45,252.3,2024.95,245.55,2008.8,234.85,2000.75,218.1,1994.05,199.3,1998.75,166.35,2010.15,138.9
1-94,Uninfected,No_comment,Polygon,15,2184.65,248.9,2201.45,247.6,2225.6,253,2249.1,267.75,2271.25,289.25,2282,316.75,2272.6,340.9,2251.8,361.05,2225.6,364.4,2196.1,362.4,2171.9,349.65,2155.8,326.15,2150.45,305.35,2151.8,285.85,2163.85,259.05
1-95,Uninfected,No_comment,Polygon,15,2630.95,2,2653.8,4.05,2678,13.35,2699.45,30.2,2710.85,61.1,2706.15,91.3,2687.35,117.45,2664.55,125.5,2635,124.8,2608.8,112.75,2595.4,97.95,2588,79.8,2586.05,56.4,2590.7,30.2,2602.8,9.35
1-96,Uninfected,No_comment,Polygon,16,2790.05,28.15,2803.45,27.45,2824.25,33.55,2841.05,44.9,2853.85,65.7,2862.55,88.55,2862.55,114.7,2853.15,140.3,2830.3,158.35,2801.45,163.7,2767.2,155,2750.45,141.55,2737,117.45,2736.35,92.55,2745.05,63.75,2758.5,40.2
1-97,Uninfected,No_comment,Polygon,17,2793.4,248.3,2812.2,249,2828.95,251.65,2847.75,263.7,2865.2,281.85,2871.9,307.4,2869.95,324.85,2865.25,354.4,2845.05,371.15,2821.6,377.8,2798.1,377.2,2772.6,367.8,2756.45,353,2746.45,336.25,2745.75,306.05,2752.45,281.85,2763.9,265.75
1-98,Uninfected,No_comment,Polygon,16,2394.05,198.6,2406.1,193.25,2422.25,193.25,2443.05,199.3,2461.85,210.7,2473.95,230.15,2483.35,256.35,2484.65,279.85,2475.3,312.7,2447.75,329.5,2410.8,328.8,2386.7,314,2367.2,289.2,2363.85,266.35,2362.5,242.9,2371.2,218.7
1-99,Uninfected,No_comment,Polygon,17,2338.35,341.55,2358.45,341.55,2375.9,348.3,2390.7,362.4,2400.1,377.1,2401.4,393.95,2392.7,418.75,2381.3,446.3,2377.3,468.45,2360.5,480.45,2341.7,479.15,2320.25,467.1,2304.75,447.6,2294.05,424.75,2292.7,399.25,2300.75,369.75,2316.9,348.9
1-100,Uninfected,No_comment,Polygon,17,2435,397.9,2447.1,394.55,2466.55,394.55,2486,404,2498.05,425.45,2506.8,453,2506.15,482.5,2495.4,502.6,2477.25,520.05,2454.45,527.5,2432.95,525.5,2415.5,517.4,2404.8,501.3,2397.4,479.15,2399.45,451,2408.85,428.1,2419.55,410.05
1-101,Uninfected,No_comment,Polygon,18,2482.65,542.95,2502.75,537.5,2518.9,536.2,2547.05,546.9,2560.5,556.3,2580,572.45,2591.35,592.6,2591.35,608.65,2586.65,636.2,2563.2,655,2540.4,664.4,2514.9,662.35,2492.05,657.65,2472.55,643.55,2462.45,620.8,2458.45,595.9,2463.85,565.7,2470.6,552.95
1-102,Uninfected,No_comment,Polygon,18,2562.55,444.95,2585.3,439.55,2599.4,439.55,2624.3,448.3,2642.35,463.75,2653.15,486.5,2657.85,512,2655.15,535.55,2650.45,557,2634.3,569.05,2611.55,573.75,2595.4,565.1,2574.6,545.6,2555.8,532.85,2541.7,516.1,2531,493.25,2534.3,476.5,2543.05,454.95
1-103,Uninfected,No_comment,Polygon,17,2708.8,453.65,2726.25,443.6,2742.4,443.6,2769.25,454.35,2788.7,471.8,2796.05,496.6,2796.75,524.15,2792.7,549.65,2770.55,571.8,2745.75,583.85,2724.3,585.2,2703.5,576.5,2685.35,567.1,2671.95,547.65,2671.95,523.45,2675.95,494.55,2688.05,471.8
1-104,Uninfected,No_comment,Polygon,16,3039.75,18.75,3062.55,6,3082.05,1.3,3102.15,2.65,3118.95,9.35,3137.75,31.5,3147.8,61.05,3145.1,85.9,3124.3,112.7,3096.8,126.15,3071.95,126.15,3040.4,117.4,3028.35,102.65,3019.6,84.55,3019.6,63.05,3028.35,34.2
1-105,Uninfected,No_comment,Polygon,16,2996.8,207.35,3008.15,202.65,3027.65,202,3051.15,209.35,3071.95,226.15,3082.65,254.35,3080,281.85,3068.6,309.4,3052.5,326.85,3027.65,334.2,2994.1,336.25,2978,324.8,2963.25,302.65,2957.2,275.8,2959.85,248.95,2976,219.45
1-106,Uninfected,No_comment,Polygon,16,3122.25,149.65,3138.4,127.5,3161.85,120.1,3176,118.1,3199.5,118.1,3215.6,127.5,3239.1,153.65,3241.05,183.2,3225.65,215.4,3205.5,248.95,3179.3,260.35,3145.8,255.7,3120.3,240.9,3110.2,220.8,3106.85,197.3,3111.55,167.1
1-107,Uninfected,No_comment,Polygon,15,3277.35,185.9,3289.4,185.2,3320.95,193.25,3331.7,201.3,3346.45,223.45,3350.45,250.3,3348.5,271.8,3337.05,293.95,3315.55,303.35,3288.1,306.7,3259.2,296.65,3246.45,280.5,3235.75,248.95,3239.75,220.8,3253.8,198.65
1-108,Uninfected,No_comment,Polygon,16,3139.1,275.15,3161.85,273.15,3187.4,281.2,3203.5,293.25,3216.95,320.1,3220.3,342.95,3217.6,367.1,3194.8,390.6,3160.55,406.05,3136.4,406.05,3118.25,397.95,3099.5,381.85,3091.4,360.4,3088.05,332.2,3100.1,302,3117.55,283.2
1-109,Uninfected,No_comment,Polygon,16,3336.4,341.6,3349.15,326.15,3368.65,321.45,3386.75,320.8,3408.25,328.2,3421.65,348.3,3431.05,371.15,3427,395.95,3411.6,418.8,3388.75,435.55,3366.6,441.6,3346.5,438.95,3325.65,426.85,3315.6,404.05,3314.25,378.5,3321.65,358.4
1-110,Uninfected,No_comment,Polygon,18,3462.6,273.15,3483.4,258.4,3498.15,249,3520.3,246.95,3545.15,251.65,3561.95,260.4,3574.7,281.85,3578.7,314.75,3567.95,343.6,3542.45,373.15,3523.65,383.2,3498.85,387.9,3473.35,383.9,3453.85,371.8,3442.45,351,3439.1,330.85,3442.45,305.35,3449.85,287.25
1-111,Uninfected,No_comment,Polygon,16,3186.05,479.2,3204.8,471.15,3226.95,467.8,3245.1,468.45,3268.6,482.55,3281.35,502.7,3282.05,537.6,3280,560.4,3261.85,584.55,3239.7,592.65,3212.85,595.3,3184,588.6,3167.25,570.5,3159.9,550.35,3158.55,527.5,3169.2,496.65
1-112,Uninfected,No_comment,Polygon,17,3339.1,477.85,3355.85,469.15,3370.65,468.45,3389.4,471.15,3404.85,488.6,3412.9,521.5,3411.55,547,3403.5,571.15,3384,596,3362.5,606.7,3345.75,606.7,3320.95,596,3307.55,578.55,3302.15,549,3306.15,521.5,3315.65,500.55,3323,486.15
1-113,Uninfected,No_comment,Polygon,15,3213.55,615.45,3233.05,612.75,3249.1,610.75,3267.25,616.8,3284.7,633.55,3287.35,650.35,3284.7,674.5,3275.3,692.65,3252.45,706.75,3231,712.1,3212.25,706.75,3192.05,692.65,3182.65,671.15,3186.05,645.65,3198.15,623.5
1-114,Uninfected,No_comment,Polygon,17,3070.6,554.35,3085.4,530.2,3102.15,520.15,3115.6,516.1,3129,518.8,3144.4,536.25,3150.5,559.75,3157.15,589.95,3159.9,613.45,3144.4,641.6,3122.25,653.05,3099.45,656.4,3077.95,653.05,3059.85,642.95,3051.8,626.85,3051.8,601.35,3059.15,574.5
1-115,Uninfected,No_comment,Polygon,16,2941,534.9,2975.3,528.2,2994.05,534.9,3015.5,550.35,3027,574.5,3030.3,596.65,3029.65,617.45,3020.25,634.25,2999.45,646.3,2972.6,647.65,2946.4,640.3,2922.95,628.2,2911.5,606.7,2910.85,585.25,2915.55,561.1,2925.65,544.3
1-116,Uninfected,No_comment,Polygon,16,2790.05,607.4,2809.5,592.65,2831.65,584.55,2862.5,591.95,2877.3,604.05,2892.1,625.5,2892.7,647.65,2886.05,673.15,2867.9,698.65,2849.75,715.45,2819.55,721.5,2796.05,711.45,2780.65,698.65,2771.95,678.55,2771.25,647.65,2778,622.85
1-117,Uninfected,No_comment,Polygon,17,2914.85,671.15,2931.65,662.5,2951.8,658.4,2973.25,660.4,2994.75,666.5,3008.15,689.25,3012.9,714.75,3007,745.55,2993.5,764.45,2969.25,777.2,2937.65,775.85,2914.85,766.45,2894.8,752.35,2884.7,736.25,2882.7,716.75,2889.35,696,2897.45,681.2
1-118,Uninfected,No_comment,Polygon,16,3032.35,735.65,3044.45,718.2,3062.55,706.15,3080,700.75,3096.1,699.35,3118.95,703.4,3137.05,721.55,3141.75,747.7,3136.4,778.6,3118.25,798.1,3077.95,814.15,3045.1,818.85,3028.95,813.45,3016.9,799.35,3013.55,776.6,3020.9,755.05
1-119,Uninfected,No_comment,Polygon,17,2807.6,2440.35,2821.05,2437,2837.85,2437.85,2865.6,2448.75,2882.35,2473.1,2887.45,2493.3,2887.45,2517.65,2877.35,2542.85,2853.8,2561.35,2826.05,2568.9,2806.75,2564.7,2778.15,2547.9,2763.9,2522.7,2760.5,2491.6,2767.25,2473.1,2781.55,2452.1,2792.5,2445.4
1-120,Uninfected,No_comment,Polygon,16,2663.05,2456.3,2678.2,2453.8,2692.5,2453.8,2713.5,2463.05,2728.6,2483.2,2737,2506.75,2737,2533.65,2723.55,2557.15,2697.5,2573.1,2672.3,2575.65,2646.25,2568.1,2628.6,2551.25,2617.7,2527.75,2616,2502.55,2623.55,2483.2,2638.65,2463.9
1-121,Uninfected,No_comment,Polygon,16,2595.05,2272.3,2614.3,2267.25,2633.65,2265.55,2653.8,2273.95,2669,2291.6,2676.5,2315.15,2677.35,2337.85,2667.25,2359.7,2647.15,2376.5,2625.25,2381.5,2605.1,2379.85,2588.25,2367.25,2574,2351.25,2565.6,2320.2,2571.45,2297.5,2580.7,2281.5
1-122,Uninfected,No_comment,Polygon,18,2738.75,2215.15,2756.3,2204.2,2787.45,2205.05,2804.2,2211.8,2821.05,2223.55,2835.35,2242.85,2837.85,2260.5,2838.75,2287.4,2831.15,2303.35,2810.1,2317.65,2784.9,2324.4,2763.9,2324.4,2745.4,2316.8,2731.15,2302.55,2717.7,2284.05,2712.6,2262.2,2715.15,2245.4,2722.75,2228.6
1-123,Uninfected,No_comment,Polygon,18,2772.3,2089.95,2789.95,2084.9,2809.3,2080.7,2827.75,2080.7,2843.75,2085.7,2859.7,2100.85,2863.9,2116.75,2864.8,2139.5,2855.5,2164.65,2841.2,2183.2,2824.4,2191.6,2804.2,2194.15,2787.45,2192.45,2769,2184.9,2754.65,2168.9,2746.25,2150.45,2746.25,2121,2753.8,2101.7
1-124,Uninfected,No_comment,Polygon,17,2879.85,2145.4,2890.85,2130.25,2902.55,2123.55,2920.2,2119.35,2933.65,2119.35,2944.6,2121.85,2962.25,2138.6,2973.15,2166.4,2973.15,2194.95,2958.85,2229.4,2937,2247.9,2906.75,2253.8,2885.75,2247.9,2869,2230.25,2856.3,2205.9,2861.4,2181.5,2871.45,2162.2
1-125,Uninfected,No_comment,Polygon,16,2859.7,2316,2873.15,2305.9,2892.5,2301.7,2916,2305.9,2937.85,2317.65,2958,2340.35,2963.05,2363.9,2958.85,2389.1,2940.4,2414.3,2915.15,2426.05,2890.85,2426.9,2859.7,2415.15,2845.4,2400,2838.75,2378.15,2837.85,2355.45,2845.4,2329.4
1-126,Uninfected,No_comment,Polygon,16,2546.25,2146.25,2556.3,2137.85,2579.85,2119.35,2603.4,2116,2623.55,2123.55,2639.55,2146.25,2642.05,2171.45,2638.65,2202.55,2623.55,2226.05,2598.35,2243.7,2577.35,2247.05,2551.3,2243.7,2535.35,2232.8,2526.1,2214.3,2524.4,2189.95,2531.15,2164.65
1-127,Uninfected,No_comment,Polygon,16,2389.95,2166.4,2410.95,2152.95,2426.95,2148.75,2449.6,2147.05,2472.3,2160.5,2484.9,2178.15,2490.75,2200,2491.65,2221,2483.25,2241.2,2463.9,2258.85,2441.2,2268.9,2422.75,2268.9,2395.05,2257.15,2377.4,2237.85,2369.8,2213.45,2374,2187.4
1-128,Uninfected,No_comment,Polygon,15,2476.5,2064.7,2497.5,2056.3,2526.1,2055.45,2544.6,2056.3,2559.7,2066.4,2563.05,2085.7,2560.5,2105.9,2539.55,2130.25,2516,2141.2,2497.5,2143.7,2475.65,2137,2466.4,2125.2,2460.5,2110.95,2460.5,2088.25,2465.6,2074.8
1-129,Uninfected,No_comment,Polygon,18,2261.4,2275.65,2279.85,2268.1,2301.7,2265.55,2319.35,2266.4,2341.2,2274.8,2354.65,2285.75,2363.9,2308.4,2366.4,2331.95,2363.05,2360.45,2344.55,2384.05,2315.15,2397.5,2291.65,2397.5,2272.3,2388.25,2253.8,2369.75,2240.35,2347.9,2234.5,2323.55,2241.2,2294.15,2250.45,2282.35
1-130,Uninfected,No_comment,Polygon,17,2247.95,2441.2,2264.7,2432.8,2287.45,2430.25,2306.75,2431.1,2328.6,2442.85,2337.85,2460.45,2342.05,2478.15,2346.25,2500,2338.65,2526.05,2320.2,2547.05,2292.45,2553.8,2272.3,2550.45,2244.55,2542.05,2226.1,2526.9,2217.7,2502.55,2219.35,2477.3,2228.6,2456.3
1-131,Uninfected,No_comment,Polygon,17,2395.85,2434.4,2410.1,2428.6,2431.95,2429.4,2448.8,2434.4,2465.6,2450.45,2469.8,2477.3,2467.25,2499.15,2452.15,2520.2,2441.2,2539.5,2427.75,2552.1,2399.25,2557.15,2379.85,2552.1,2364.7,2532.8,2360.5,2511.8,2363.05,2489.95,2367.25,2461.35,2378.2,2446.25
1-132,Uninfected,No_comment,Polygon,17,2490.75,2510.95,2504.25,2507.6,2526.1,2506.75,2547.15,2513.45,2564.7,2526.05,2571.45,2549.6,2576.5,2572.3,2573.2,2596.65,2561.4,2615.15,2536.15,2626.05,2507.6,2630.2,2486.55,2626.9,2462.2,2614.3,2449.6,2589.95,2449.6,2565.55,2456.35,2545.4,2472.3,2525.2
1-133,Uninfected,No_comment,Polygon,15,2135.3,1556.85,2156.2,1551.65,2180.85,1551.65,2205.45,1559.85,2224.85,1573.25,2232.35,1593.45,2233.85,1618.05,2227.85,1640.45,2203.95,1665.8,2178.55,1674.05,2153.95,1671.8,2129.3,1657.6,2112.15,1631.5,2108.4,1597.15,2119.65,1568.8
1-134,Uninfected,No_comment,Polygon,19,2005.4,1523.25,2023.35,1515.8,2049.5,1510.6,2073.35,1514.3,2087.5,1521.05,2099.5,1536.7,2103.95,1557.6,2098.7,1577,2095.75,1595.65,2092,1616.55,2077.05,1635.95,2055.4,1644.2,2032.3,1644.95,2009.15,1636.7,1994.95,1621.8,1983.75,1602.4,1980.05,1580.75,1983.75,1555.35,1991.25,1534.45
1-135,Uninfected,No_comment,Polygon,17,2059.95,1671.05,2074.85,1664.35,2095.75,1663.6,2121.15,1671.05,2139.75,1683,2149.45,1697.9,2153.95,1719.55,2150.25,1750.9,2140.55,1776.3,2117.35,1791.2,2089.05,1797.2,2065.1,1790.45,2042.75,1771.8,2032.3,1747.2,2028.6,1721.8,2032.3,1697.15,2041.25,1682.25
1-136,Uninfected,No_comment,Polygon,16,2177.1,1782.25,2195,1772.55,2214.4,1771.8,2246.5,1783.75,2257.7,1802.4,2267.4,1821.05,2268.9,1845.7,2259.2,1867.35,2235.3,1885.25,2212.2,1891.2,2186.05,1889.75,2168.1,1878.55,2151,1857.65,2146.5,1836.75,2147.95,1815.1,2156.2,1796.45
1-137,Uninfected,No_comment,Polygon,16,2308.45,1725.55,2336.8,1723.3,2364.4,1729.25,2385.3,1744.2,2394.25,1765.1,2393.5,1789.7,2380.85,1815.85,2359.2,1836.75,2336.1,1841.2,2313.65,1839,2297.25,1830,2282.3,1811.35,2277.1,1785.25,2276.35,1760.6,2280.8,1744.2,2289.8,1732.25
1-138,Uninfected,No_comment,Polygon,16,2342,1603.9,2359.2,1592.7,2378.6,1592.7,2395.75,1605.35,2413.65,1621.8,2429.35,1641.2,2436.8,1665.8,2433.1,1694.95,2420.4,1710.6,2399.5,1718.8,2379.35,1715.85,2353.95,1702.4,2333.05,1683,2324.9,1659.85,2324.9,1638.2,2330.1,1617.3
1-139,Uninfected,No_comment,Polygon,17,2466.65,1677.75,2483.1,1674.8,2501.75,1673.3,2523.4,1677.75,2541.35,1687.45,2554.75,1705.4,2559.2,1728.5,2554,1747.2,2542.8,1764.35,2518.95,1781.5,2494.3,1787.5,2469.7,1782.25,2445.75,1768.8,2436.05,1747.2,2435.3,1724.05,2445.75,1698.65,2454,1685.25
1-140,Uninfected,No_comment,Polygon,19,2401.75,1495.65,2422.65,1491.2,2447.3,1489.7,2468.95,1498.65,2484.6,1518.05,2488.35,1538.95,2491.3,1562.1,2497.25,1580.75,2497.25,1603.15,2478.65,1622.55,2460.7,1627,2445,1626.25,2431.6,1618.05,2410.7,1600.15,2395,1585.2,2382.35,1569.55,2375.65,1544.9,2378.6,1521.8,2386.85,1506.85
1-141,Uninfected,No_comment,Polygon,15,2530.15,1506.85,2540.6,1503.1,2559.2,1501.6,2577.15,1504.6,2598,1515.8,2607,1536.7,2607,1568.8,2593.55,1589.7,2575.65,1605.35,2557.7,1611.35,2530.9,1605.35,2513.7,1591.2,2503.25,1565.8,2503.25,1538.95,2510,1520.3
1-142,Uninfected,No_comment,Polygon,16,2212.2,1384.45,2238.3,1380.7,2262.95,1385.95,2282.3,1400.85,2297.25,1424,2305.5,1448.65,2300.25,1462.05,2275.6,1484.45,2251.7,1494.15,2232.35,1497.15,2215.15,1490.45,2189.75,1477.75,2170.35,1456.1,2165.15,1432.95,2174.1,1407.6,2190.5,1389.65
1-143,Uninfected,No_comment,Polygon,18,1873.3,1444.15,1903.9,1437.45,1922.55,1438.2,1946.5,1446.4,1961.4,1459.1,1969.6,1474.75,1972.6,1497.9,1968.1,1522.5,1951.7,1539.7,1933,1550.9,1912.85,1554.6,1895,1555.35,1876.3,1547.9,1862.85,1537.45,1853.2,1524,1845.7,1505.35,1844.25,1478.5,1852.4,1460.55
1-144,Uninfected,No_comment,Polygon,17,1783.75,1770.35,1803.15,1765.8,1824.8,1764.35,1857.65,1777,1869.55,1789.75,1880,1811.4,1883.05,1833.8,1877.8,1858.35,1863.6,1874.1,1848.65,1888.2,1827.8,1893.5,1807.6,1892.75,1783.75,1883.05,1765.1,1856.15,1754.65,1827.75,1750.9,1802.45,1761.35,1780.05
1-145,Uninfected,No_comment,Polygon,17,1978.55,1824.05,1996.5,1818.8,2021.1,1821.1,2039,1830.05,2058.4,1845.7,2065.1,1865.1,2060.65,1888.2,2050.2,1909.85,2034.5,1925.6,2016.65,1937.5,1995,1940.45,1976.3,1937.5,1954.7,1921.8,1946.45,1903.95,1940.5,1883.05,1941.95,1855.4,1957.65,1836.75
1-146,Uninfected,No_comment,Polygon,20,2042,1941.2,2056.95,1924.85,2066.65,1914.4,2078.6,1911.35,2094.95,1914.4,2106.95,1921.05,2121.85,1933.8,2127.85,1952.4,2125.55,1971.8,2118.9,1988.25,2118.9,2006.2,2123.35,2024.05,2123.35,2041.95,2109.2,2048,2085.25,2037.55,2065.9,2027.1,2039,2021.1,2024.85,2009.15,2018.85,1983.8,2026.35,1956.9
1-147,Uninfected,No_comment,Polygon,16,2162.15,1943.5,2181.55,1937.5,2200.25,1936.05,2220.4,1941.95,2244.25,1959.15,2253.2,1983.8,2251,2009.9,2236.05,2033.75,2212.9,2051.7,2188.25,2054.65,2163.65,2052.4,2145.7,2041.95,2135.25,2026.35,2131.55,1994.25,2133.8,1968.1,2142.75,1953.95
1-148,Uninfected,No_comment,Polygon,16,1880.75,1933.8,1909.85,1930,1927.05,1935.3,1947.95,1943.5,1962.1,1959.15,1968.1,1978.55,1969.6,2008.4,1959.9,2033,1934.55,2055.45,1906.15,2059.2,1877.05,2053.15,1864.35,2038.3,1847.95,2015.9,1843.45,1991.2,1843.45,1964.4,1856.15,1942.75
1-149,Uninfected,No_comment,Polygon,16,1751.65,2016.65,1765.85,2010.65,1777.75,2007.7,1800.2,2010.65,1824.05,2021.8,1833.75,2042.7,1830.8,2066.65,1818.8,2086.05,1795.7,2106.95,1771.8,2118.15,1749.45,2118.15,1729.3,2105.4,1717.35,2086.05,1715.8,2055.45,1725.5,2034.5,1730.75,2027.85
1-150,Uninfected,No_comment,Polygon,16,1815.9,2112.15,1832.3,2097.2,1850.2,2091.25,1871.85,2092,1891.25,2099.45,1908.45,2115.85,1912.9,2139,1909.9,2162.15,1893.5,2187.5,1869.6,2209.15,1842.75,2210.65,1818.1,2203.95,1800.95,2187.5,1793.5,2171.1,1792,2147.95,1800.2,2127.05
1-151,Uninfected,No_comment,Polygon,16,2020.4,2042,2036.8,2038.25,2073.35,2047.95,2090.55,2053.2,2106.95,2062.15,2116.65,2082.3,2112.2,2105.4,2092.8,2121.1,2068.9,2139,2048.75,2147.2,2018.15,2147.2,1999.5,2132.3,1989.8,2110.65,1986.05,2087.5,1989.05,2067.35,1996.5,2053.2
1-152,Uninfected,No_comment,Polygon,17,2112.2,2124.1,2126.35,2119.6,2142.8,2118.85,2162.2,2124.1,2180.1,2139.75,2188.3,2164.4,2189.05,2189.75,2178.6,2215.9,2163.7,2233.05,2129.35,2242.75,2099.5,2237.55,2081.6,2224.1,2074.85,2209.15,2071.15,2184.55,2077.1,2164.4,2089.05,2143.5,2098,2133.8
1-153,Uninfected,No_comment,Polygon,17,1912.15,2186.8,1927.1,2173.35,1948.75,2165.9,1966.65,2165.9,1984.55,2172.6,1999.5,2187.5,2006.2,2205.45,2007.7,2226.35,1993.5,2254.7,1977.85,2271.85,1961.4,2282.3,1936.05,2280.05,1918.15,2270.35,1904.7,2254.7,1894.25,2237.55,1895.75,2216.65,1903.2,2200.95
1-154,Uninfected,No_comment,Polygon,17,2024.1,2251.7,2055.45,2244.25,2069.65,2243.5,2090.55,2248.75,2106.2,2264.4,2111.45,2283.05,2109.95,2300.95,2094.25,2322.6,2077.85,2342,2062.9,2355.45,2030.85,2361.45,2006.95,2356.95,1990.55,2341.25,1986.05,2325.6,1984.55,2303.2,1992,2286.05,2010.7,2262.9
1-155,Uninfected,No_comment,Polygon,18,2142.05,2300.95,2168.9,2300.95,2190.55,2305.45,2208.45,2315.9,2221.9,2334.55,2229.35,2359.2,2225.65,2383.8,2215.2,2401,2197.25,2414.4,2165.9,2425.6,2135.3,2430.1,2109.2,2424.1,2093.5,2409.2,2085.3,2392.05,2085.3,2371.85,2099.5,2345,2112.95,2324.85,2122.65,2311.4
1-156,Uninfected,No_comment,Polygon,16,2301,2047.2,2322.65,2042,2342.05,2041.25,2373.4,2053.2,2385.35,2077.05,2386.85,2097.95,2380.1,2121.1,2367.45,2141.25,2345.8,2150.2,2318.2,2155.45,2293.55,2150.2,2274.9,2139.75,2264.45,2118.85,2256.25,2095.7,2263.7,2075.55,2274.15,2058.4
1-157,Uninfected,No_comment,Polygon,17,1749.45,2259.9,1765.85,2236.05,1780.05,2231.55,1798.7,2233.05,1818.85,2242.75,1832.3,2259.9,1845.75,2283.05,1850.2,2309.95,1842.75,2330.1,1832.3,2348,1816.6,2359.2,1797.2,2359.2,1776.3,2354.7,1754.7,2340.55,1744.25,2321.1,1741.25,2290.5,1742.75,2270.35
1-158,Uninfected,No_comment,Polygon,15,2330.2,1915.15,2360,1906.2,2378.65,1906.2,2395.05,1909.9,2410,1924.1,2422,1945.75,2425.65,1974.1,2416.7,1995.75,2392.8,2018.15,2365.95,2024.85,2342.05,2021.1,2318.95,2009.2,2306.25,1985.3,2303.25,1959.9,2309.3,1936.8
1-159,Uninfected,No_comment,Polygon,16,2471.2,1937.55,2507.05,1929.3,2531.65,1933.05,2551.8,1939.75,2569.7,1953.95,2579.4,1970.35,2582.4,1996.5,2572.7,2021.85,2554.85,2034.5,2527.9,2039.8,2496.6,2041.3,2469.7,2037.55,2449.55,2021.85,2441.35,2001.7,2444.3,1971.85,2454.75,1949.45
1-160,Uninfected,No_comment,Polygon,17,2577.95,1845,2595.9,1838.25,2624.2,1839,2648.8,1846.5,2669.7,1857.65,2683.15,1871.85,2684.65,1892,2669.7,1907.7,2645.85,1918.15,2625.7,1931.55,2607,1944.25,2586.2,1950.95,2577.95,1943.5,2557.8,1921.8,2550.3,1902.45,2555.6,1871.1,2563,1857.65
1-161,Uninfected,No_comment,Polygon,17,2663.75,1919.6,2680.2,1915.15,2703.3,1915.15,2717.5,1921.8,2735.4,1938.3,2738.4,1959.2,2733.9,1984.55,2724.2,2009.2,2707.8,2029.35,2681.65,2039.05,2657.85,2038.3,2631.65,2030.85,2613.75,2013.6,2604.8,1993.45,2607.75,1967.4,2621.2,1946.5,2642.1,1928.6
1-162,Uninfected,No_comment,Polygon,16,2780.25,1958.45,2801.8,1953.2,2822.7,1954.7,2843.6,1967.4,2854.85,1983.8,2855.55,2010.7,2850.35,2033.8,2834.7,2053.2,2810.05,2063.65,2780.9,2070.4,2754.05,2062.15,2742.85,2048.75,2737.65,2026.35,2744.35,2004.7,2752.6,1980.05,2763.05,1965.15
1-163,Uninfected,No_comment,Polygon,16,2698.05,1750.15,2716.7,1743.45,2737.6,1742.7,2757.75,1746.45,2774.9,1760.6,2784.6,1783.75,2783.1,1815.1,2774.9,1839,2756.3,1856.15,2733.1,1861.45,2712.2,1861.45,2689.8,1852.4,2676.4,1830.85,2664.45,1806.9,2668.2,1784.5,2684.65,1761.4
1-164,Uninfected,No_comment,Polygon,16,2822.7,1653.9,2842.85,1650.9,2861.5,1650.9,2877.95,1659.15,2893.6,1674.05,2901.8,1699.45,2901.8,1724.05,2888.4,1745.7,2857.8,1762.85,2827.2,1765.1,2804.75,1759.2,2785.4,1746.45,2774.15,1725.55,2774.9,1700.2,2784.6,1680.05,2798.05,1665.85
1-165,Uninfected,No_comment,Polygon,16,2938.35,1588.2,2957.75,1575.5,2974.95,1573.3,2991.4,1573.3,3012.3,1583,3023.45,1600.9,3029.4,1623.3,3030.9,1645.75,3021.25,1669.6,2974.95,1691.2,2944.35,1691.95,2920.45,1680.05,2907,1657.6,2904.05,1631.5,2907,1615.8,2921.95,1599.4
1-166,Uninfected,No_comment,Polygon,21,2715.95,1539.7,2739.85,1525.55,2762.2,1524.75,2781.65,1530.75,2792.05,1541.95,2805.5,1565.05,2813.7,1587.5,2823.4,1602.4,2839.1,1614.35,2845.05,1623.3,2842.85,1638.25,2828.65,1649.4,2804.75,1659.15,2786.15,1662.1,2771.9,1650.15,2758.5,1638.25,2743.55,1626.25,2724.95,1616.55,2712.2,1605.45,2701.75,1580.75,2704.8,1556.9
1-167,Uninfected,No_comment,Polygon,16,2836.9,1503.85,2851.8,1494.15,2867.5,1488.95,2892.85,1494.95,2912.25,1506.1,2927.9,1520.3,2937.6,1541.2,2935.4,1569.55,2917.45,1585.2,2898.85,1605.45,2881.65,1612.1,2860.75,1610.6,2841.35,1600.15,2824.9,1573.3,2819.7,1550.9,2819.7,1527
1-168,Uninfected,No_comment,Polygon,17,2999.55,1702.4,3013,1691.95,3033.9,1686,3064.5,1687.55,3084.65,1697.9,3100.3,1712.1,3109.3,1751.7,3101.05,1783.75,3077.2,1810.6,3053.35,1820.4,3028.65,1821.8,3003.3,1815.85,2981.7,1798.7,2973.45,1774.8,2971.95,1751.7,2975.7,1728.5,2983.15,1715.1
1-169,Uninfected,No_comment,Polygon,21,2920.45,1414.3,2938.35,1405.35,2952.55,1403.85,2969.75,1406.1,2986.85,1418.05,2999.55,1436.7,3001.1,1461.4,3001.1,1479.25,3001.1,1506.85,3001.1,1530.75,3001.1,1544.9,2991.4,1557.6,2971.25,1558.35,2960.05,1552.4,2949.6,1531.5,2936.85,1508.35,2921.95,1492.75,2910.75,1482.95,2901.05,1470.3,2898.1,1450.15,2904.05,1430.8
1-170,Uninfected,No_comment,Polygon,18,3045.85,1418.05,3060.75,1414.3,3075.7,1413.6,3091.35,1414.3,3107.05,1428.5,3113.8,1440.45,3116.75,1459.1,3114.55,1488.2,3110.75,1511.35,3101.8,1528.5,3086.9,1543.5,3067.5,1552.4,3048.1,1554.6,3030.15,1549.4,3016,1530.75,3012.3,1497.9,3016,1464.35,3027.9,1435.95
1-171,Uninfected,No_comment,Polygon,15,2951.85,1943.5,2963.8,1936.05,2995.15,1939.8,3019,1952.45,3033.2,1977.85,3039.2,2003.2,3036.9,2018.9,3023.5,2048,3004.85,2062.2,2977.95,2065.9,2955.55,2059.95,2937.65,2042.8,2926.5,2017.4,2926.5,1989.8,2933.2,1962.15
1-172,Uninfected,No_comment,Polygon,16,3092.9,2005.45,3108.55,2004.7,3123.5,2012.9,3133.95,2025.6,3142.15,2042.05,3144.4,2060.7,3138.45,2080.85,3125.75,2096.5,3107.85,2106.2,3084.7,2106.95,3065.3,2097.25,3054.1,2082.35,3046.7,2062.2,3051.85,2039.05,3063.05,2016.65,3072.75,2008.45
1-173,Uninfected,No_comment,Polygon,18,3062.3,1871.1,3081.7,1860.65,3104.1,1858.45,3114.55,1859.9,3131,1869.6,3139.15,1889.05,3146.65,1910.65,3148.95,1936.8,3147.4,1956.95,3139.9,1974.85,3124.25,1986.05,3103.35,1987.55,3072,1985.3,3051.85,1976.35,3040.65,1959.2,3033.2,1935.3,3033.2,1910.65,3044.4,1886.05
1-174,Uninfected,No_comment,Polygon,20,3193.65,1831.55,3203.35,1831.55,3222,1834.55,3244.4,1843.5,3256.35,1862.9,3260.1,1880.05,3261.65,1906.95,3263.05,1930.8,3260.85,1952.45,3244.4,1973.35,3217.55,1981.6,3192.95,1980.85,3175,1972.6,3163.05,1945,3160.8,1921.1,3159.4,1898.75,3154.85,1880.05,3151.9,1860.65,3162.3,1842,3173.5,1835.3
1-175,Uninfected,No_comment,Polygon,17,3306.35,1856.95,3330.25,1853.2,3344.4,1853.2,3366.85,1862.15,3386.95,1874.85,3401.9,1888.3,3409.35,1904.7,3410.85,1925.6,3402.65,1942.75,3384.8,1962.15,3349.65,1974.1,3324.25,1974.1,3300.4,1962.9,3277.25,1940.55,3271.3,1915.15,3277.25,1889.75,3289.95,1868.15
1-176,Uninfected,No_comment,Polygon,19,3201.85,1447.85,3222.75,1449.35,3245.9,1453.15,3262.4,1459.05,3275.05,1477.75,3273.5,1500.85,3264.6,1524.8,3250.4,1544.2,3234.75,1557.6,3197.4,1562.05,3172.8,1562.8,3154.1,1560.55,3136.95,1548.65,3128.8,1532.2,3130.2,1509.05,3136.95,1485.95,3152.65,1464.35,3170.6,1450.1,3182.5,1447.15
1-177,Uninfected,No_comment,Polygon,16,3319.05,1484.5,3342.2,1483,3371.3,1485.25,3395.9,1495.7,3411.6,1515.1,3414.6,1541.9,3405.7,1570.3,3383.25,1597.95,3355.6,1609.1,3334.7,1611.35,3310.1,1603.1,3292.2,1588.95,3281,1567.35,3279.5,1545.7,3283.95,1518.8,3294.4,1499.35
1-178,Uninfected,No_comment,Polygon,17,3178,1580.7,3195.15,1577.8,3220.55,1575.55,3234.75,1577.05,3252.6,1586.75,3263.05,1604.65,3270.55,1630,3263.8,1650.9,3244.45,1674.75,3223.55,1687.5,3198.15,1689,3174.25,1683.7,3154.85,1670.3,3142.9,1648.7,3142.2,1623.25,3150.35,1599.4,3159.4,1587.5
1-179,Uninfected,No_comment,Polygon,19,3179.5,1330.75,3198.15,1330.75,3216.05,1333.7,3238.45,1347.85,3256.35,1372.55,3266.8,1393.45,3272.85,1413.6,3269.8,1429.95,3256.35,1436.7,3242.25,1437.4,3219.8,1433,3198.9,1433,3176.5,1433.75,3157.85,1426.25,3142.9,1410.6,3134.7,1387.4,3135.45,1361.35,3145.9,1345.6,3157.85,1336.65
1-180,Uninfected,No_comment,Polygon,19,3454.15,1412.85,3473.55,1405.35,3492.2,1403.85,3507.95,1403.15,3529.5,1406.8,3542.2,1408.3,3557.9,1411.35,3567.6,1419.5,3573.55,1440.4,3572.85,1455.35,3560.1,1470.25,3540.75,1479.2,3514.6,1491.95,3491.45,1497.9,3466.9,1497.15,3445.2,1486.7,3435.5,1471.8,3432.5,1453.15,3439.25,1429.2
1-181,Uninfected,No_comment,Polygon,19,3525.8,1501.6,3542.95,1496.4,3558.7,1488.2,3575.8,1483.75,3589.25,1484.5,3603.45,1490.4,3614.6,1501.6,3616.1,1518.8,3615.35,1535.25,3604.15,1558.35,3587.75,1582.2,3563.85,1595.7,3539.3,1600.15,3519.8,1594.15,3503.4,1580,3495.2,1561.3,3493.7,1542.65,3501.9,1524.05,3510.15,1511.3
1-182,Uninfected,No_comment,Polygon,18,3634.75,1553.9,3651.25,1545.7,3666.1,1544.95,3694.5,1551.6,3704.95,1556.9,3721.35,1573.25,3727.3,1597.2,3730.3,1618.1,3732.55,1642.65,3728.8,1660.6,3695.95,1668.85,3663.1,1674.75,3634.75,1670.3,3613.15,1654.6,3601.9,1632.95,3600.5,1608.4,3604.9,1588.2,3613.9,1571.75
1-183,Uninfected,No_comment,Polygon,17,3664.65,1692.7,3687,1685.2,3706.4,1680.05,3723.65,1680.05,3737.75,1682.25,3752.7,1692.7,3764.7,1712.85,3764.7,1735.2,3752.7,1762.85,3734.1,1780.05,3707.15,1787.45,3684.8,1785.25,3663.1,1774.05,3648.2,1756.85,3643.75,1737.45,3643.75,1718.85,3648.2,1705.35
1-184,Uninfected,No_comment,Polygon,17,3529.5,1697.2,3549,1687.5,3571.3,1687.5,3587.75,1693.4,3606.4,1711.35,3623.6,1733,3629.55,1756.85,3635.5,1774.05,3634.05,1792,3617.6,1805.4,3591.45,1812.9,3563.85,1815.85,3537.75,1809.9,3513.1,1786.7,3504.9,1760.65,3504.15,1732.25,3508.6,1713.6
1-185,Uninfected,No_comment,Polygon,17,3262.4,1683.7,3280.25,1677.8,3307.85,1677.8,3329.5,1684.45,3345.9,1697.95,3355.6,1719.6,3358.6,1750.2,3349.65,1776.25,3329.5,1796.4,3304.1,1806.1,3275.05,1806.85,3251.95,1800.2,3234,1783,3227.25,1762.15,3225.75,1736.7,3232.45,1710.65,3242.25,1697.2
1-186,Uninfected,No_comment,Polygon,16,3397.45,1770.35,3418.35,1765.05,3439.25,1765.05,3461.6,1771.1,3478,1783,3491.45,1803.9,3493.7,1826.3,3491.45,1853.2,3476.55,1875.55,3448.95,1882.3,3424.3,1880,3401.15,1869.55,3378.75,1855.4,3366.05,1833.8,3366.05,1806.1,3378.75,1781.55
1-187,Uninfected,No_comment,Polygon,16,3466.05,1953.95,3485.45,1950.9,3506.35,1953.2,3530.25,1962.85,3551.15,1981.5,3557.85,2009.15,3555.65,2032.25,3540.7,2054.65,3516.05,2064.35,3489.95,2067.4,3466.8,2063.6,3438.45,2050.2,3426.5,2036.05,3423.5,2015.15,3425,1991.95,3439.95,1967.35
1-188,Uninfected,No_comment,Polygon,17,3556.35,1837.45,3573.55,1828.5,3589.2,1825.55,3607.85,1825.55,3621.3,1830.8,3633.25,1847.9,3634.75,1867.35,3631,1900.15,3620.55,1921.05,3599.65,1932.25,3582.5,1932.25,3575.05,1921.05,3561.6,1913.65,3544.45,1911.35,3533.25,1900.9,3532.5,1874.85,3536.2,1856.15
1-189,Uninfected,No_comment,Polygon,18,3678.8,1853.95,3699.65,1850.15,3720.55,1851.7,3741.45,1859.1,3762.35,1872.6,3770.6,1886,3778.8,1907.65,3776.55,1924.85,3757.9,1942.75,3745.2,1957.65,3725.05,1968.1,3699.65,1972.55,3672.8,1962.1,3657.15,1946.5,3648.9,1926.3,3645.2,1892.75,3648.15,1875.55,3658.6,1862.9
1-190,Uninfected,No_comment,Polygon,16,3781.75,1956.2,3800.45,1954.7,3828.05,1959.15,3846.7,1968.85,3860.9,1989.75,3866.1,2017.4,3858.65,2039.75,3839.25,2057.7,3816.85,2064.35,3792.95,2065.1,3765.35,2053.15,3749.7,2039.75,3735.5,2016.65,3737,1993.45,3750.45,1971.8,3760.15,1965.15
1-191,Uninfected,No_comment,Polygon,17,3910.9,1905.45,3929.55,1902.45,3956.4,1905.45,3975.1,1912.9,3993.75,1929.25,4000.45,1949.4,3997.45,1973.35,3979.55,2003.9,3960.9,2033.75,3945.95,2053.9,3908.65,2048.75,3889.25,2043.45,3880.3,2016.65,3880.3,1989,3878.05,1962.85,3882.55,1928.55,3895.95,1911.35
1-192,Uninfected,No_comment,Polygon,16,3716.85,2080.8,3737.75,2078.6,3767.6,2078.6,3789.25,2083,3807.15,2097.25,3812.35,2119.65,3807.15,2144.2,3793.7,2166.6,3781.75,2189.05,3760.85,2204.7,3736.25,2204.7,3704.9,2189.05,3685.5,2165.85,3679.5,2142,3683.25,2115.85,3694.45,2094.95
1-193,Uninfected,No_comment,Polygon,16,3548.9,2071.1,3570.55,2068.9,3596.7,2072.55,3619.8,2081.55,3640.7,2105.4,3644.45,2130.85,3640.7,2156.9,3622.05,2180.85,3597.4,2194.25,3572.05,2194.25,3551.9,2189.05,3530.25,2176.3,3516.05,2153.2,3508.6,2128.6,3513.85,2095.7,3531.75,2078.6
1-194,Uninfected,No_comment,Polygon,17,4019.85,1977.1,4041.45,1963.65,4077.3,1961.4,4097.45,1965.9,4114.65,1979.35,4127.35,1999.5,4128.8,2021.85,4125.1,2046.5,4107.9,2068.9,4070.6,2099.5,4042.2,2112.2,4016.1,2106.95,3990,2091.3,3981,2069.65,3980.25,2047.25,3995.2,2011.4,4006.4,1991.25
1-195,Uninfected,No_comment,Polygon,21,4098.2,2215.2,4117.65,2221.15,4140,2224.9,4167.65,2225.65,4179.55,2227.1,4200.45,2243.55,4207.95,2257,4207.95,2273.4,4196.75,2280.85,4178.1,2280.1,4161.65,2283.85,4140,2298.05,4123.55,2306.25,4101.2,2307.75,4075.85,2300.25,4059.4,2287.6,4049.7,2271.9,4045.25,2250.25,4051.2,2232.35,4064.65,2215.2,4077.3,2209.95
1-196,Uninfected,No_comment,Polygon,16,4169.85,2302.5,4188.55,2298.05,4213.9,2300.25,4228.1,2310.7,4243,2327.9,4246.7,2350.25,4242.25,2373.4,4230.35,2392.8,4213.15,2404,4189.3,2408.5,4167.65,2406.25,4148.95,2394.3,4135.55,2374.9,4131.05,2353.25,4137.8,2324.15,4150.45,2308.45
1-197,Uninfected,No_comment,Polygon,19,4123.55,2082.35,4139.25,2076.35,4158.7,2074.85,4173.6,2079.35,4195.95,2091.3,4204.95,2107.7,4205.65,2132.35,4199.75,2163.7,4194.5,2195.05,4183.3,2206.95,4162.4,2211.45,4134.75,2207.7,4115.4,2199.5,4098.2,2188.25,4087.05,2177.1,4080.3,2158.45,4076.6,2131.6,4083.25,2109.2,4099.7,2095.75
1-198,Uninfected,No_comment,Polygon,17,3942.25,1685.25,3961.65,1680.8,3982.55,1680.8,4002.7,1687.5,4021.35,1705.4,4031.8,1733.05,4031.8,1760.65,4014.65,1787.5,3990.75,1804.7,3960.95,1811.4,3935.55,1802.45,3908.65,1786,3895.25,1765.15,3892.25,1739,3895.25,1716.6,3904.2,1701.7,3916.9,1691.25
1-199,Uninfected,No_comment,Polygon,17,3907.9,1542.7,3927.35,1540.45,3948.3,1540.45,3971.4,1550.9,3986.3,1562.1,3996,1587.5,3996,1612.1,3990.75,1643.45,3975.85,1655.4,3953.45,1662.9,3931.05,1668.85,3908.65,1667.35,3881.05,1650.2,3870.6,1636,3867.6,1607.65,3871.35,1578.55,3880.3,1556.9
1-200,Uninfected,No_comment,Polygon,19,3777.3,1528.55,3799.7,1519.55,3817.65,1518.1,3833.3,1519.55,3846.7,1530,3851.2,1545.7,3851.2,1574.05,3848.25,1601.65,3848.95,1628.55,3843,1650.95,3829.55,1670.35,3808.65,1676.3,3775.8,1672.6,3760.15,1662.15,3748.2,1639,3744.45,1615.85,3739.25,1584.5,3746,1555.4,3755.65,1541.2
1-201,Uninfected,No_comment,Polygon,17,4057.95,1520.3,4077.35,1512.1,4096.75,1511.35,4111.7,1515.1,4129.6,1531.5,4143.75,1556.15,4140.8,1586,4131.1,1612.85,4110.95,1634.5,4086.3,1647.95,4061.65,1650.95,4035.55,1644.95,4019.15,1628.55,4014.65,1609.15,4014.65,1589.75,4018.4,1557.65,4034.8,1533
1-202,Uninfected,No_comment,Polygon,17,4248.25,1533.75,4274.4,1530.75,4290.8,1534.5,4317,1542.7,4337.8,1555.4,4348.25,1574.05,4351.25,1603.9,4343.05,1624.8,4320.65,1651.7,4295.3,1662.9,4263.95,1658.4,4240.8,1646.45,4213.95,1624.8,4203.5,1600.95,4207.25,1571.8,4220.65,1547.2,4232.6,1539
1-203,Uninfected,No_comment,Polygon,18,4206.45,1678.55,4217.65,1676.3,4244.55,1676.3,4268.45,1684.5,4282.6,1698.7,4293.8,1724.1,4293.8,1747.95,4278.1,1771.1,4255.7,1791.25,4232.6,1797.2,4208.7,1795,4196,1784.55,4179.6,1771.85,4163.9,1758.4,4157.2,1732.3,4160.2,1711.4,4172.15,1694.95,4184.8,1684.5
1-204,Uninfected,No_comment,Polygon,16,4100.5,1768.1,4117.65,1766.6,4147.5,1771.1,4168.4,1785.3,4190.05,1800.95,4197.5,1823.35,4193.05,1859.9,4167.65,1891.2,4136.3,1897.25,4108.7,1895,4079.6,1878.55,4065.4,1851.7,4059.45,1832.3,4059.45,1810.65,4066.15,1791.25,4078.1,1777.05
1-205,Uninfected,No_comment,Polygon,17,4325.1,1400.15,4349,1397.9,4372.1,1406.85,4386.3,1416.55,4393,1442.7,4393,1465.85,4385.6,1495.7,4367.65,1515.85,4347.5,1524.05,4325.1,1522.55,4293.75,1512.05,4271.4,1503.15,4254.95,1484.5,4251.25,1454.65,4266.15,1429.2,4288.5,1407.6,4303.5,1400.15
1-206,Uninfected,No_comment,Polygon,16,4214.65,1321.8,4237,1320.3,4258.65,1325.5,4268.35,1338.2,4276.6,1358.3,4275.85,1378.45,4266.9,1398.6,4251.25,1418.75,4231.85,1431.5,4204.2,1438.95,4184.05,1436,4164.65,1415.85,4157.15,1388.9,4160.9,1360.6,4172.1,1341.95,4187,1329.25
1-207,Uninfected,No_comment,Polygon,15,4248.95,1162.05,4272.15,1156.85,4293.75,1161.3,4316.15,1175.5,4327.35,1197.15,4328.85,1225.5,4322.15,1252.35,4301.2,1273.25,4274.35,1285.9,4240.8,1280,4219.9,1266.55,4204.2,1243.4,4204.2,1215.8,4216.15,1186.7,4228.05,1173.2
1-208,Uninfected,No_comment,Polygon,17,4112.4,1105.35,4145.95,1105.35,4170.6,1114.3,4190.8,1128.5,4199,1147.15,4199.75,1167.3,4195.25,1194.9,4187.75,1223.25,4180.35,1253.85,4162.4,1267.3,4134.75,1268.8,4117.65,1255.3,4108.7,1228.5,4113.85,1201.6,4111.65,1171.75,4097.5,1141.9,4099.7,1120.25
1-209,Uninfected,No_comment,Polygon,15,4019.1,1272.5,4049.7,1262.8,4084.75,1264.3,4105.65,1270.3,4126.55,1289.7,4132.55,1317.25,4132.55,1343.45,4114.6,1368.75,4090,1382.25,4066.9,1383.75,4039.25,1374.05,4019.85,1358.3,3992.2,1331.5,3988.5,1303.85,4001.9,1277.75
1-210,Uninfected,No_comment,Polygon,17,3987,1125.5,4011.6,1120.25,4028.05,1120.25,4063.85,1130.7,4076.6,1141.9,4089.25,1160.55,4095.2,1184.4,4095.2,1214.25,4081.8,1233.7,4055.7,1244.15,4025.1,1250.9,3990.75,1247.15,3971.3,1228.5,3960.15,1203.8,3951.9,1175.5,3958.65,1150.85,3966.85,1138.95
1-211,Uninfected,No_comment,Polygon,17,3842.95,1191.15,3863.15,1180.7,3884.75,1179.25,3907.15,1181.45,3924.35,1191.15,3942.2,1211.3,3958.65,1241.2,3956.4,1261.35,3944.5,1285.9,3920.55,1304.6,3884,1311.35,3851.95,1306.05,3838.45,1294.9,3825.8,1281.5,3817.55,1256.85,3814.6,1232.2,3822.8,1210.6
1-212,Uninfected,No_comment,Polygon,14,3808.6,1080.65,3855.65,1056.1,3880.25,1058.3,3897.45,1072.5,3904.9,1100.1,3901.15,1127,3887.75,1150.1,3869.05,1160.55,3842.25,1167.3,3821.35,1166.55,3801.9,1156.85,3788.45,1139.65,3787.7,1117.3,3792.2,1101.55
1-213,Uninfected,No_comment,Polygon,18,3945.95,838.2,3960.9,832.9,3977.3,831.4,3998.9,833.65,4018.35,846.35,4029.5,859.8,4038.5,887.4,4038.5,909.1,4028.8,932.2,4013.8,951.6,3990.7,961.25,3962.3,963.55,3931.7,954.55,3912.35,938.15,3901.1,915.75,3901.1,889.6,3914.6,862,3928.75,847.15
1-214,Uninfected,No_comment,Polygon,17,3722.75,779.2,3736.9,771.7,3758.6,770.95,3781.75,776.9,3795.9,788.15,3804.1,806.1,3809.3,830.7,3808.55,856.05,3797.45,875.45,3779.5,886.65,3758.6,894.1,3732.45,895.6,3708.6,888.2,3686.95,867.3,3677.25,840.4,3683.95,815,3701.85,791.85
1-215,Uninfected,No_comment,Polygon,18,3792.2,656.75,3810.1,642.65,3825.75,639.6,3845.9,641.9,3863.85,649.3,3881.75,665.75,3890,683.7,3892.95,710.5,3890,738.85,3878,762.75,3856.35,776.25,3836.2,781.4,3813.85,778.45,3792.2,765.8,3772.8,748.6,3763.05,726.95,3763.8,701.55,3771.3,676.95
1-216,Uninfected,No_comment,Polygon,17,3536.25,1094.1,3564.6,1082.25,3591.45,1078.45,3622.85,1075.45,3643.75,1084.4,3656.4,1102.35,3657.9,1123.3,3651.25,1147.85,3635.5,1168,3604.15,1181.45,3569.8,1187.45,3542.2,1187.45,3517.6,1177,3501.9,1154.55,3501.15,1132.95,3508.6,1112.85,3517.6,1103.15
1-217,Uninfected,No_comment,Polygon,18,3557.15,1205.4,3572.1,1205.4,3604.15,1212.05,3620.65,1221.75,3631.75,1241.15,3637,1268,3640,1293.4,3637,1315.8,3624.3,1327,3606.4,1330.75,3594.45,1320.25,3570.55,1299.35,3549.65,1283.7,3525.05,1269.55,3516.85,1250.1,3522.8,1227.7,3531.75,1215.85,3542.2,1207.55
1-218,Uninfected,No_comment,Polygon,16,3709.4,1224,3725.05,1215.85,3748.95,1215.85,3769.85,1221.75,3785.5,1232.95,3795.2,1256.1,3803.45,1283.7,3803.45,1306.85,3788.5,1328.55,3760.15,1347.15,3723.55,1353.85,3698.2,1349.35,3674.35,1335.95,3663.9,1315.05,3672.15,1280,3691.5,1241.15
1-219,Uninfected,No_comment,Polygon,17,3708.65,1006.05,3737,988.15,3766.9,985.15,3805,993.4,3814.65,1001.55,3819.1,1019.5,3817.65,1041.2,3807.2,1059.05,3791.5,1074.75,3775.8,1097.1,3757.15,1118,3733.35,1117.25,3707.15,1110.55,3689.25,1092.7,3686.25,1071,3692.3,1048.6,3701.2,1027.7
1-220,Uninfected,No_comment,Polygon,16,3480.3,972.5,3503.4,959.05,3525.8,956.05,3542.2,959.05,3562.35,971.7,3569.8,987.4,3579.6,1015.75,3572.8,1043.35,3557.9,1065.75,3530.25,1080.7,3498.15,1082.25,3482.5,1071.75,3464.6,1045.6,3456.45,1026.2,3456.45,1001.55,3463.1,985.15
1-221,Uninfected,No_comment,Polygon,16,3370.55,1041.85,3386.95,1033.7,3410.1,1032.9,3428.8,1039.65,3445.2,1056.05,3455.65,1071,3463.85,1087.4,3463.1,1109.05,3448.15,1130.7,3420.55,1145.6,3401.9,1149.35,3381.75,1143.4,3360.1,1128.45,3345.9,1108.3,3343.75,1076.95,3354.2,1054.6
1-222,Uninfected,No_comment,Polygon,19,3276.5,1123.95,3295.2,1112.05,3306.35,1110.55,3328.75,1120.25,3342.2,1132.95,3357.85,1149.35,3372.8,1154.55,3384,1159.8,3388.45,1174.8,3383.25,1183.7,3366.85,1191.15,3344.4,1203.1,3322.8,1217.25,3299.65,1222.5,3278,1217.25,3263.8,1197.9,3256.35,1175.45,3258.6,1146.4,3264.6,1134.4
1-223,Uninfected,No_comment,Polygon,16,3358.6,1211.3,3378.75,1204.6,3396.65,1204.6,3414.6,1209.8,3439.25,1233.7,3440.7,1250.85,3438.5,1276.25,3419.8,1300.15,3393.7,1310.6,3373.55,1310.6,3353.4,1301.6,3334.7,1285.95,3325,1268,3325,1244.15,3331.75,1227.7,3337.7,1221
1-224,Uninfected,No_comment,Polygon,16,3481,1283.7,3495.95,1281.45,3517.6,1282.95,3541.5,1294.15,3566.1,1311.3,3591.45,1335.2,3596.7,1353.85,3590.05,1377,3572.8,1390.4,3551.2,1391.15,3518.4,1388.2,3487.05,1377,3460.1,1356.85,3451.15,1337.45,3451.9,1316.55,3460.85,1296.4
1-225,Uninfected,No_comment,Polygon,16,3301.9,1324.75,3323.6,1317.3,3348.15,1321.75,3375.1,1330.75,3387.75,1338.25,3399.65,1356.85,3401.15,1379.3,3395.9,1404.6,3372.8,1427,3342.2,1441.9,3319.05,1441.25,3297.4,1428.5,3287.7,1405.35,3279.5,1377.75,3282.55,1350.85,3290.7,1332.2
1-226,Uninfected,No_comment,Polygon,17,3745.5,2815.5,3768.3,2813.85,3804.1,2824.4,3826.8,2843.95,3840.65,2879.7,3850.45,2901.65,3835,2915.5,3821.95,2924.4,3799.2,2926.8,3774,2927.65,3756.1,2922,3748,2906.55,3734.15,2889.4,3725.2,2877.3,3717.9,2859.4,3717.9,2839.9,3729.25,2823.6
1-227,Uninfected,No_comment,Polygon,16,4194.3,982.95,4219.55,984.55,4241.5,992.7,4268.35,1014.65,4274.85,1036.6,4278.1,1061.8,4274.85,1086.2,4261,1108.15,4241.5,1115.45,4216.35,1117.9,4195.95,1110.55,4180.5,1098.4,4166.7,1074.8,4158.55,1045.55,4162.65,1015.45,4175.6,993.5
1-228,Uninfected,No_comment,Polygon,16,3395.2,649.6,3413.05,640.65,3433.4,638.95,3453.7,639.85,3471.6,650.4,3482.15,670.7,3488.7,698.35,3486.2,723.55,3470.8,756.1,3443.15,769.85,3413.05,773.1,3381.35,763.35,3363.45,743.9,3355.35,725.2,3353.7,697.5,3365.1,672.35
1-229,Uninfected,No_comment,Polygon,14,3527.7,710.5,3544.75,698.35,3570,693.5,3597.6,698.35,3614.7,713,3626.9,747.9,3625.25,768.3,3602.5,798.35,3574.05,814.65,3539.05,811.4,3517.1,798.35,3509,778.8,3507.35,751.15,3513.05,731.7
1-230,Uninfected,No_comment,Polygon,15,3588.7,558.55,3604.9,537.4,3631.75,530.9,3654.5,530.9,3673.2,542.25,3688.7,565.05,3696.8,591.05,3691.1,621.95,3675.65,643.9,3647.2,657.65,3615.5,658.55,3592.75,646.35,3573.2,624.4,3568.35,603.25,3574.85,578.85
1-231,Uninfected,No_comment,Polygon,16,3746.4,508.1,3765.1,500,3786.25,499.2,3803.3,503.25,3825.25,517,3837.45,535.7,3840.7,556.1,3831.75,591.05,3811.45,609.75,3785.45,621.95,3762.65,621.95,3727.7,609.75,3712.25,594.3,3707.4,569.85,3711.45,543.9,3724.45,521.15
1-232,Uninfected,No_comment,Polygon,15,3417.95,821.15,3433.4,814.65,3453.7,813.75,3478.9,821.15,3498.4,839,3509,865.05,3504.9,890.25,3485.4,912.95,3452.9,930.9,3428.5,929.2,3408.15,917.9,3394.35,897.5,3388.65,877.25,3395.2,853.6,3401.65,835.75
1-233,Uninfected,No_comment,Polygon,17,3221.2,801.6,3239.9,793.5,3267.5,788.55,3294.35,792.7,3317.15,806.5,3327.7,828.45,3331.75,853.6,3326.05,880.5,3310.6,904,3290.3,914.65,3266.7,919.45,3245.55,917.05,3217.95,902.45,3203.3,886.15,3197.6,864.2,3200.85,831.7,3207.35,813
1-234,Uninfected,No_comment,Polygon,16,3081.3,829.25,3102.45,823.6,3122,822.7,3147.2,831.7,3162.65,848.8,3169.15,858.55,3176.45,890.25,3165.9,911.4,3140.65,924.4,3113.05,926.05,3081.3,928.45,3052.85,921.15,3035.8,901.65,3034.15,874,3047.2,848.8,3063.45,836.6
1-235,Uninfected,No_comment,Polygon,16,3094.35,943.1,3129.3,941.5,3143.95,941.5,3166.7,954.45,3178.9,968.3,3183.75,990.25,3182.15,1012.95,3166.7,1032.5,3142.25,1043.9,3117.1,1048.8,3094.35,1047.15,3072.4,1036.6,3059.35,1018.7,3052.85,992.7,3060.2,969.1,3074.8,952.85
1-236,Uninfected,No_comment,Polygon,16,3096.75,1082.95,3125.25,1081.3,3144.75,1087.8,3166.7,1095.95,3178.05,1109.7,3188.65,1132.55,3186.2,1155.3,3175.65,1178.9,3152.05,1195.95,3123.55,1202.45,3093.5,1197.6,3072.4,1184.55,3056.95,1161.8,3053.7,1132.55,3065.05,1108.95,3078.05,1092.7
1-237,Uninfected,No_comment,Polygon,14,2926.05,1000.85,2948,990.25,2971.55,991,2995.95,1000,3004.85,1013.8,3008.95,1046.35,2998.4,1075.55,2978.05,1095.95,2960.2,1100,2938.25,1098.4,2913.85,1086.2,2903.25,1068.3,2902.45,1041.5,2912.2,1014.65
1-238,Uninfected,No_comment,Polygon,14,2867.5,807.35,2898.4,795.1,2933.35,799.2,2950.45,811.4,2959.35,841.4,2960.2,866.7,2943.9,894.25,2916.3,915.45,2891.1,912.2,2862.6,906.5,2847.15,890.25,2838.25,866.7,2843.1,833.35,2852,817.05
1-239,Uninfected,No_comment,Polygon,15,2726.85,869.9,2743.9,857.75,2763.45,853.6,2782.95,854.45,2804.9,866.7,2815.45,893.5,2819.55,921.15,2811.35,946.35,2790.25,967.5,2761.8,974,2734.15,969.1,2718.7,954.45,2707.35,925.2,2708.95,899.2,2713.85,882.95
1-240,Uninfected,No_comment,Polygon,15,2818.7,1070.75,2839.05,1067.5,2866.7,1069.05,2888.65,1078.05,2907.35,1097.6,2917.1,1121.15,2913.05,1153.6,2897.6,1176.45,2867.5,1190.25,2842.3,1184.55,2812.2,1171.55,2793.5,1154.5,2787,1134.15,2792.65,1108.15,2800.85,1086.2
1-241,Uninfected,No_comment,Polygon,14,2708.15,1044.7,2724.4,1039.05,2748.8,1039.05,2767.5,1047.15,2778.9,1077.25,2778.9,1108.15,2767.5,1134.15,2745.55,1146.35,2724.4,1148.8,2704.1,1142.3,2690.25,1126,2682.15,1100,2682.95,1075.55,2689.45,1060.2
1-242,Uninfected,No_comment,Polygon,15,2610.6,860.1,2638.25,861,2662.6,861,2682.15,871.55,2693.5,894.25,2691.05,926.05,2687.8,950.4,2672.4,967.5,2648,975.55,2621.15,974.8,2591.05,965.85,2575.65,946.35,2576.45,922.8,2579.7,891.05,2594.35,869.9
1-243,Uninfected,No_comment,Polygon,15,2779.7,1189.4,2797.6,1186.15,2817.1,1188.6,2842.3,1203.25,2861,1221.1,2865.1,1252.85,2856.15,1279.65,2835,1303.25,2808.2,1311.35,2782.15,1310.55,2757.75,1298.35,2742.3,1271.55,2739.05,1243.05,2751.25,1207.3,2760.2,1195.1
1-244,Uninfected,No_comment,Polygon,15,2924.45,1203.25,2939.85,1201.6,2956.15,1203.25,2988.65,1217.85,3006.55,1243.05,3012.25,1273.95,3007.35,1300.8,2987.05,1316.25,2960.2,1321.1,2934.2,1315.45,2912.25,1300,2900.05,1278.05,2894.35,1247.95,2900.85,1223.55,2908.15,1212.2
1-245,Uninfected,No_comment,Polygon,14,2728.5,1342.25,2749.65,1334.95,2778.1,1336.55,2789.5,1347.15,2804.1,1365,2807.35,1394.3,2800.85,1419.5,2782.15,1443.05,2756.95,1449.6,2730.15,1445.5,2708.2,1425.2,2697.6,1401.6,2699.2,1377.2,2710.6,1354.45
1-246,Uninfected,No_comment,Polygon,18,2620.35,1298.35,2643.95,1286.15,2669.95,1281.3,2692.7,1279.65,2702.45,1291.85,2712.25,1317.85,2710.6,1338.2,2701.65,1352.85,2691.1,1366.65,2682.95,1391.85,2675.65,1406.5,2655.3,1415.45,2635,1414.6,2613.85,1406.5,2598.4,1390.25,2592.75,1365.85,2597.6,1339,2608.95,1311.35
1-247,Uninfected,No_comment,Polygon,15,2347.2,1337.4,2361,1333.3,2382.15,1333.3,2407.35,1343.9,2430.9,1368.3,2435.8,1400.8,2418.75,1434.95,2395.15,1453.65,2369.95,1460.15,2341.5,1454.45,2319.55,1439,2308.15,1412.2,2307.35,1383.7,2317.1,1357.7,2326.85,1345.5
1-248,Uninfected,No_comment,Polygon,14,2494.35,1275.6,2522.8,1270.7,2546.35,1276.4,2564.25,1287.8,2574.05,1313,2574.05,1340.65,2561.8,1366.65,2531.75,1390.25,2504.9,1392.65,2475.65,1388.6,2452.85,1373.15,2444.75,1345.5,2451.25,1309.75,2475.65,1281.3
1-249,Uninfected,No_comment,Polygon,15,2472.4,1026,2487.85,1019.5,2506.55,1018.7,2525.25,1024.35,2539.05,1042.25,2545.55,1064.2,2547.2,1095.9,2533.4,1121.95,2510.6,1134.15,2482.15,1140.65,2451.25,1134.15,2436.65,1113,2433.35,1080.45,2441.5,1053.65,2450.45,1037.4
1-250,Uninfected,No_comment,Polygon,15,2358.6,1182.9,2382.95,1166.65,2409.8,1163.4,2426.85,1167.45,2451.25,1188.6,2461,1219.5,2458.55,1242.25,2443.1,1273.15,2417.95,1287.8,2394.35,1291.85,2371.55,1288.6,2348,1272.35,2337.45,1251.2,2336.65,1227.6,2339.85,1205.65
1-251,Uninfected,No_comment,Polygon,14,2309.75,934.95,2333.35,939,2354.45,952,2365,979.65,2368.25,1001.6,2359.3,1021.95,2330.85,1034.95,2295.95,1036.55,2267.5,1030.85,2243.05,1008.9,2232.5,980.45,2241.45,955.25,2260.15,938.2,2278,931.7
1-252,Uninfected,No_comment,Polygon,15,2461,885.35,2491.05,881.3,2514.65,886.95,2543.05,901.6,2554.5,916.25,2565,944.7,2558.5,967.45,2542.3,983.7,2518.7,995.1,2486.95,995.1,2461.75,986.15,2441.45,969.15,2433.35,945.5,2434.95,921.1,2442.3,899.15
1-253,Uninfected,No_comment,Polygon,14,2618.7,734.1,2639.05,730.85,2657.75,734.1,2679.7,751.2,2689.45,776.4,2689.45,804.05,2676.45,826.8,2652.05,840.6,2621.15,838.2,2600,827.6,2588.65,806.5,2585.4,783.7,2591.05,754.45,2600.85,742.25
1-254,Uninfected,No_comment,Polygon,18,2485.4,752.8,2498.4,745.5,2520.35,743.05,2536.55,748.75,2551.25,761.75,2561.8,779.65,2573.2,799.95,2586.2,828.45,2582.95,847.95,2578.9,867.45,2559.35,878,2538.25,878,2508.15,867.45,2489.45,857.7,2469.1,839,2456.1,812.15,2459.35,778,2468.3,766.65
1-255,Uninfected,No_comment,Polygon,15,1762.6,916.25,1787,906.55,1808.95,905.75,1826.05,913,1840.65,927.7,1853.65,947.2,1858.55,974,1852.05,1000.05,1830.1,1022.75,1804.1,1032.5,1770.75,1027.7,1747.15,1009.75,1739.85,989.45,1735.8,960.15,1744.75,931.7
1-256,Uninfected,No_comment,Polygon,15,2015.45,897.55,2030.9,893.55,2048.8,891.85,2079.7,898.35,2094.35,915.5,2102.45,940.7,2101.65,965.9,2087,988.6,2056.1,1000.05,2030.1,1005.75,2009.75,999.25,1987.8,981.35,1979.7,955.3,1982.15,930.95,1995.95,909.8
1-257,Uninfected,No_comment,Polygon,16,1863.45,1019.5,1879.7,1019.5,1900,1022.75,1920.35,1036.6,1931.7,1056.15,1934.95,1082.1,1925.2,1117.95,1904.1,1131.7,1876.45,1139.9,1853.65,1136.65,1837.4,1122,1823.6,1104.05,1815.45,1076.4,1822.8,1055.3,1834.95,1035.75,1845.55,1025.25
1-258,Uninfected,No_comment,Polygon,15,2135.8,1101.65,2162.6,1099.25,2191.1,1104.05,2217.1,1118.75,2233.35,1139.9,2234.15,1172.35,2226.05,1203.3,2204.9,1228.45,2173.2,1237.45,2148.8,1232.5,2117.9,1212.25,2097.6,1187.8,2089.45,1162.65,2095.15,1138.2,2111.4,1119.5
1-259,Uninfected,No_comment,Polygon,15,1753.65,1213.8,1774,1212.25,1807.35,1220.35,1827.65,1241.45,1830.9,1264.25,1826.85,1292.75,1808.15,1317.1,1779.7,1324.45,1747.15,1322,1730.9,1309,1717.9,1287.05,1715.45,1267.5,1720.35,1240.7,1730.1,1222,1739.85,1215.5
1-260,Uninfected,No_comment,Polygon,17,2327.6,1054.45,2351.25,1052.05,2373.2,1052.85,2393.5,1065.05,2404.9,1081.3,2416.25,1106.5,2417.1,1126.85,2407.35,1144.7,2386.2,1151.2,2356.9,1161,2328.45,1163.4,2311.4,1156.85,2292.7,1136.6,2286.2,1111.4,2287.8,1084.55,2303.25,1066.65,2310.6,1059.35
1-261,Uninfected,No_comment,Polygon,15,2243.05,1234.15,2260.15,1233.35,2286.2,1235.8,2308.9,1247.1,2322.75,1265.8,2329.3,1288.6,2321.1,1312.2,2308.9,1331.65,2282.95,1343.85,2252.05,1345.55,2222.75,1334.15,2205.65,1317.9,2200.8,1293.5,2207.3,1263.4,2223.6,1241.45
1-262,Uninfected,No_comment,Polygon,16,2030.85,1193.5,2050.4,1192.7,2074.75,1198.4,2097.55,1216.2,2120.35,1233.35,2133.35,1242.3,2139.85,1265.8,2129.25,1281.3,2104.05,1291.85,2079.7,1303.2,2056.9,1310.55,2037.35,1302.45,2017.9,1279.7,2006.5,1254.5,2008.15,1230.1,2019.5,1207.3
1-263,Uninfected,No_comment,Polygon,14,2096.7,1302.45,2121.15,1303.2,2141.45,1306.45,2166.65,1323.6,2170.75,1345.55,2169.9,1374.8,2153.65,1396.75,2122.75,1416.25,2097.55,1415.45,2073.15,1402.45,2056.9,1375.55,2057.75,1350.35,2068.25,1327.65,2081.3,1312.2
1-264,Uninfected,No_comment,Polygon,16,1956.05,1304.9,1984.55,1300,2008.9,1304.9,2026.85,1315.45,2035.8,1335.8,2042.3,1374.8,2047.15,1397.55,2041.45,1417.1,2017.1,1432.55,1987,1430.9,1971.5,1411.4,1956.05,1385.35,1943.9,1361,1937.35,1337.4,1936.6,1313.85,1942.3,1308.15
1-265,Uninfected,No_comment,Polygon,16,1860.15,1342.3,1878,1341.45,1899.2,1347.95,1921.15,1362.55,1935.75,1385.35,1947.15,1406.45,1951.2,1424.4,1938.3,1441.75,1902.55,1447.35,1871.7,1450.6,1841.45,1448.8,1831.7,1430.9,1823.6,1406.45,1826,1375.55,1839.85,1357.75,1846.35,1348.8
1-266,Uninfected,No_comment,Polygon,16,1726,1385.35,1749.6,1382.95,1774.75,1387.75,1799.2,1408.15,1809.75,1430.1,1816.25,1453.6,1815.4,1481.25,1797.55,1504.9,1764.25,1514.65,1739.85,1513.05,1719.5,1500.8,1701.6,1478.85,1691.05,1455.3,1687.75,1428.4,1698.35,1403.2,1709.75,1390.25
1-267,Uninfected,No_comment,Polygon,14,1997.65,2410.9,2015.9,2401,2039,2396.85,2058.85,2399.3,2078.65,2410.05,2091.05,2429.1,2098.5,2453.85,2092.7,2485.3,2072.05,2510.1,2035.7,2523.3,2000.15,2517.5,1980.3,2492.7,1969.55,2460.5,1975.35,2430.75