225,5312,2988
1-1,Parasitized,No_comment,Polygon,12,3813,1838.6,3792.45,1819.45,3784.15,1786.6,3797.85,1757.8,3821.15,1735.9,3848.55,1729.05,3873.25,1734.5,3885.65,1757.8,3895.2,1794.75,3884.25,1823.6,3852.65,1840,3825.25,1842.7
1-2,Parasitized,No_comment,Polygon,10,3463.55,1431.75,3430.7,1422.15,3414.3,1396.05,3412.85,1365.95,3422.45,1335.8,3459.5,1317.95,3495.1,1319.4,3533.5,1353.65,3530.75,1397.5,3499.25,1427.6
1-3,Parasitized,No_comment,Polygon,14,2168.8,2092.15,2144.25,2057.9,2155.2,2033.2,2170.25,2016.8,2182.5,1990.8,2209.95,1975.65,2244.2,1974.35,2274.4,1993.5,2282.6,2019.5,2278.5,2051.05,2262.05,2081.15,2236.05,2089.4,2203.1,2090.75,2182.5,2097.6
1-4,Parasitized,No_comment,Polygon,12,1585.2,2131.85,1574.25,2111.3,1574.25,2085.3,1589.35,2055.15,1615.35,2038.75,1651,2034.6,1683.85,2041.45,1693.45,2070.15,1685.15,2097.6,1655.1,2129.15,1624.95,2142.85,1605.8,2142.85
1-5,Parasitized,No_comment,Polygon,11,2177.1,2679.9,2136,2677.15,2112.7,2653.9,2105.85,2622.35,2127.8,2603.2,2163.4,2584.05,2189.35,2579.95,2212.75,2590.9,2233.3,2633.35,2220.95,2659.3,2194.9,2682.7
1-6,Uninfected,No_comment,Polygon,12,2656.3,1603.8,2635.5,1583.05,2634.35,1544,2659.95,1518.4,2681.85,1513.55,2711.15,1514.7,2742.85,1530.55,2753.8,1564.7,2740.45,1595.25,2720.9,1613.55,2690.45,1619.65,2667.2,1611.1
1-7,Uninfected,No_comment,Polygon,10,2818.5,1741.6,2797.7,1718.4,2802.65,1689.1,2818.5,1668.4,2844.05,1664.75,2873.35,1685.5,2886.8,1709.9,2879.45,1733.05,2861.15,1751.3,2842.9,1753.8
1-8,Uninfected,No_comment,Polygon,11,2737.95,1908.65,2730.7,1880.6,2741.6,1851.35,2770.95,1839.15,2790.45,1842.8,2816,1852.55,2831.85,1875.7,2833.1,1902.6,2812.4,1922.1,2779.45,1928.2,2757.45,1926.95
1-9,Uninfected,No_comment,Polygon,14,2651.35,1892.8,2670.9,1890.4,2698.95,1889.15,2718.5,1873.3,2727,1841.55,2705.05,1796.45,2680.7,1768.4,2647.7,1768.4,2625.8,1781.85,2592.85,1803.8,2580.65,1823.3,2586.75,1862.35,2611.1,1885.5,2635.5,1897.65
1-10,Uninfected,No_comment,Polygon,14,2442.8,2002.6,2422.1,1996.5,2403.85,1976.95,2401.4,1947.7,2411.1,1926.95,2429.45,1914.75,2456.25,1902.6,2488,1908.65,2523.3,1923.3,2533.05,1942.8,2533.05,1963.55,2522.15,1984.3,2486.7,2007.45,2462.35,2007.45
1-11,Uninfected,No_comment,Polygon,11,2184.25,1962.35,2140.35,1947.7,2120.9,1925.7,2131.8,1876.95,2148.95,1863.5,2187.9,1858.65,2224.5,1868.45,2244,1892.8,2246.45,1928.2,2229.45,1939.15,2202.55,1959.85
1-12,Uninfected,No_comment,Polygon,12,2039.15,1931.8,2003.75,1924.55,1992.85,1901.35,1991.55,1867.2,2014.8,1845.25,2039.15,1839.15,2062.35,1837.95,2083.1,1844.05,2095.25,1858.65,2095.25,1890.4,2090.4,1912.35,2062.35,1924.55
1-13,Uninfected,No_comment,Polygon,11,1976.95,1850.15,2007.4,1835.45,2025.7,1801.3,2022.05,1774.5,1996.5,1752.55,1951.3,1746.45,1933.05,1758.65,1908.65,1796.45,1908.65,1830.6,1924.55,1846.95,1962.35,1852.55
1-14,Uninfected,No_comment,Polygon,12,1978.2,1852.55,1976.95,1887.95,1964.8,1909.9,1940.4,1920.85,1897.65,1920.85,1872.1,1894.05,1864.75,1853.8,1878.2,1825.75,1905,1812.35,1923.3,1809.9,1949,1822.1,1963.55,1835.5
1-15,Uninfected,No_comment,Polygon,12,1928.2,2025.75,1923.25,1995.25,1934.3,1947.7,1947.65,1925.7,1984.3,1920.85,2022.05,1939.15,2031.8,1979.4,2031.8,2009.85,2018.45,2031.85,1997.65,2053.8,1964.8,2056.25,1939.15,2045.25
1-16,Uninfected,No_comment,Polygon,11,1633,1931.8,1587.9,1909.9,1583.05,1863.5,1601.35,1830.6,1634.25,1817.2,1659.9,1817.2,1694.05,1842.8,1703.8,1879.4,1698.85,1908.65,1669.65,1930.65,1651.35,1931.8
1-17,Uninfected,No_comment,Polygon,11,1703.8,1831.85,1703.8,1790.35,1716,1768.4,1734.25,1752.55,1767.15,1747.7,1795.2,1761.1,1806.25,1789.15,1796.45,1829.35,1768.4,1855,1728.15,1853.8,1712.3,1842.8
1-18,Uninfected,No_comment,Polygon,12,1995.25,1592.75,1944.05,1584.25,1912.35,1561.1,1905,1526.95,1919.6,1497.65,1948.9,1486.65,1974.55,1483.05,1997.65,1483.05,2012.35,1490.35,2012.35,1514.7,2009.85,1547.7,2001.35,1583.05
1-19,Uninfected,No_comment,Polygon,12,1998.9,1590.35,2020.9,1602.55,2041.55,1607.45,2072.05,1597.7,2098.95,1572.05,2097.65,1536.65,2069.6,1496.45,2037.9,1485.5,2003.75,1485.4,1978.2,1509.85,1970.95,1536.65,1984.3,1574.5
1-20,Uninfected,No_comment,Polygon,11,2114.8,1518.4,2083.1,1492.8,2081.8,1450.1,2102.6,1412.25,2127,1402.55,2172.05,1412.25,2196.45,1445.25,2198.95,1481.8,2186.75,1500.1,2156.2,1517.2,2136.75,1519.6
1-21,Uninfected,No_comment,Polygon,10,2291.65,1462.3,2273.35,1447.65,2277,1417.2,2300.15,1396.4,2330.6,1396.4,2353.8,1411.1,2367.25,1440.35,2355.05,1458.6,2333.1,1472.05,2309.9,1472.05
1-22,Uninfected,No_comment,Polygon,11,2235.5,1376.95,2209.9,1361.1,2190.35,1331.8,2194,1284.25,2219.65,1268.4,2263.6,1263.5,2302.55,1286.7,2317.25,1326.95,2312.3,1348.9,2296.45,1379.35,2262.3,1379.35
1-23,Uninfected,No_comment,Polygon,10,2420.85,1494,2401.4,1470.85,2409.95,1431.8,2442.8,1387.9,2467.2,1386.7,2497.75,1405,2514.75,1437.9,2505,1474.45,2484.3,1505,2447.75,1511.1
1-24,Uninfected,No_comment,Polygon,11,1996.45,1248.85,1973.25,1241.5,1952.5,1220.8,1950.1,1186.65,1968.4,1145.15,1997.6,1133,2047.65,1144,2067.15,1165.95,2068.4,1214.7,2052.55,1239.1,2009.8,1252.5
1-25,Uninfected,No_comment,Polygon,11,1835.4,1289.1,1792.75,1270.8,1772,1234.25,1785.4,1206.2,1808.6,1186.65,1837.9,1172.05,1868.35,1183,1898.85,1217.15,1898.85,1239.1,1890.3,1264.7,1853.75,1287.85
1-26,Uninfected,No_comment,Polygon,10,1896.4,1342.75,1887.9,1306.15,1904.95,1273.25,1939.1,1259.8,1973.25,1268.4,2000.1,1290.35,2011.05,1323.25,2004.95,1359.8,1961.05,1369.6,1919.55,1367.15
1-27,Uninfected,No_comment,Polygon,11,1945.2,1375.7,1930.55,1412.25,1908.6,1431.8,1853.75,1434.2,1823.2,1414.75,1808.6,1380.6,1818.35,1336.7,1841.5,1319.6,1884.25,1309.8,1901.3,1319.65,1924.4,1342.75
1-28,Uninfected,No_comment,Polygon,9,1614.65,1506.15,1572,1480.55,1553.7,1431.8,1572,1396.4,1618.35,1386.7,1668.35,1407.4,1686.65,1437.9,1684.2,1476.95,1661,1490.3
1-29,Uninfected,No_comment,Polygon,10,1451.25,1508.6,1433,1461.05,1448.85,1431.8,1479.3,1414.75,1515.9,1415.9,1536.6,1436.7,1545.2,1469.6,1539.1,1507.4,1513.45,1514.7,1470.8,1514.7
1-30,Uninfected,No_comment,Polygon,11,1357.35,1575.7,1332.95,1568.35,1304.9,1537.9,1303.7,1497.65,1323.2,1461.05,1352.5,1453.75,1392.75,1462.25,1417.1,1480.55,1430.55,1523.25,1414.7,1548.8,1395.15,1575.7
1-31,Uninfected,No_comment,Polygon,11,1311,1456.15,1276.85,1433,1248.8,1401.3,1246.4,1365.9,1269.55,1347.65,1311,1330.6,1363.45,1348.85,1373.2,1383,1363.45,1419.6,1339.05,1431.8,1328.05,1451.3
1-32,Uninfected,No_comment,Polygon,11,1343.9,1430.6,1364.7,1447.65,1387.85,1446.4,1428.05,1436.7,1447.6,1409.85,1436.65,1376.9,1417.1,1351.3,1378.05,1340.35,1357.3,1346.35,1340.25,1364.65,1331.65,1409.8
1-33,Uninfected,No_comment,Polygon,11,1408.6,1323.25,1379.3,1279.35,1374.45,1242.75,1412.2,1215.9,1442.75,1211.05,1465.9,1228.15,1501.25,1251.3,1519.55,1287.85,1512.25,1322,1481.75,1336.7,1445.15,1339.1
1-34,Uninfected,No_comment,Polygon,11,1474.4,1196.4,1504.95,1222.05,1528.1,1223.25,1556.15,1217.15,1574.45,1187.85,1570.75,1161.05,1542.7,1109.85,1497.6,1094,1459.8,1104.95,1437.85,1152.5,1450.05,1175.65
1-35,Uninfected,No_comment,Polygon,12,1575.65,1114.7,1551.3,1084.2,1546.35,1048.85,1557.35,1023.2,1578.1,1008.6,1607.4,1007.35,1641.55,1017.1,1665.9,1056.15,1674.45,1085.4,1659.8,1098.85,1617.15,1109.85,1574.45,1112.35
1-36,Uninfected,No_comment,Polygon,12,1585.45,1113.45,1586.6,1139.1,1612.25,1174.45,1640.3,1181.75,1661,1181.75,1684.2,1174.45,1708.6,1164.7,1717.1,1151.25,1706.15,1114.7,1689.05,1084.2,1663.45,1083.05,1611,1089.1
1-37,Uninfected,No_comment,Polygon,11,1685.45,1174.45,1715.9,1187.85,1737.85,1184.25,1767.1,1169.55,1781.8,1136.65,1775.7,1109.85,1753.75,1087.9,1723.2,1084.2,1704.9,1084.2,1687.85,1102.45,1685.45,1129.2
1-38,Uninfected,No_comment,Polygon,10,1706.15,1078.1,1697.65,1047.65,1704.9,1036.65,1757.35,1031.8,1800.05,1004.9,1809.85,1035.4,1807.35,1070.8,1774.45,1095.15,1747.65,1103.8,1712.25,1090.4
1-39,Uninfected,No_comment,Polygon,10,1698.8,1041.45,1678.1,1020.8,1676.85,987.85,1706.15,961,1732.95,947.65,1756.15,947.65,1784.2,970.75,1796.35,1004.95,1774.4,1028.2,1704.9,1044.05
1-40,Uninfected,No_comment,Polygon,10,1328.05,1032.95,1303.7,1004.9,1298.8,973.2,1314.7,942.7,1367.1,917.1,1406.1,923.25,1419.55,948.8,1422,978.1,1401.25,1009.85,1376.9,1024.45
1-41,Uninfected,No_comment,Polygon,10,1506.15,850.05,1536.6,890.3,1562.25,898.8,1598.8,895.2,1630.55,870.75,1646.4,839.1,1632.95,785.4,1587.85,765.9,1551.3,772,1528.1,793.95
1-42,Uninfected,No_comment,Polygon,12,1504.95,848.8,1486.6,809.8,1493.95,772,1520.8,739.1,1551.3,735.4,1595.2,746.35,1626.85,772,1634.2,789.1,1604.85,783,1568.25,780.55,1532.9,796.4,1520.7,817.15
1-43,Uninfected,No_comment,Polygon,13,1409.8,742.65,1378.05,723.2,1359.8,696.35,1351.25,663.45,1358.6,643.9,1384.15,620.8,1402.5,611,1441.5,612.2,1475.65,642.75,1483,665.9,1483,697.6,1473.2,724.4,1453.7,735.4
1-44,Uninfected,No_comment,Polygon,12,1475.65,619.55,1461.05,596.4,1461.05,570.75,1467.1,551.25,1497.6,535.4,1535.4,532.95,1568.35,542.7,1590.3,575.65,1591.5,607.35,1564.65,629.3,1533,637.8,1498.85,630.55
1-45,Uninfected,No_comment,Polygon,12,1680.55,911,1665.9,895.2,1665.9,857.4,1678.1,823.25,1702.5,813.45,1737.85,815.9,1774.45,841.5,1778.1,879.35,1774.45,911,1748.85,919.6,1715.9,925.65,1679.35,913.5
1-46,Uninfected,No_comment,Polygon,11,1848.85,925.65,1814.7,911,1798.85,879.35,1803.75,842.7,1833,809.8,1867.15,806.15,1903.7,826.85,1917.15,868.35,1918.35,897.6,1895.2,923.25,1873.2,925.65
1-47,Uninfected,No_comment,Polygon,10,1891.5,1024.45,1870.8,997.65,1873.2,969.6,1895.2,941.55,1922.05,935.45,1962.3,950.05,1975.65,989.05,1972.05,1020.8,1947.6,1040.3,1925.65,1040.3
1-48,Uninfected,No_comment,Polygon,11,2180.6,1234.25,2146.45,1236.65,2124.5,1207.35,2118.4,1176.9,2122,1151.25,2141.55,1129.3,2172,1126.9,2198.9,1139.1,2202.5,1152.5,2181.8,1172.05,2178.1,1213.45
1-49,Uninfected,No_comment,Polygon,9,2180.6,1231.75,2214.75,1251.3,2236.7,1239.1,2252.5,1223.25,2261.1,1200.1,2255,1173.2,2226.95,1150.1,2195.2,1145.2,2175.75,1190.35
1-50,Uninfected,No_comment,Polygon,10,2251.3,1146.4,2237.9,1123.2,2240.3,1072.05,2253.75,1054.9,2281.8,1051.25,2318.4,1067.1,2342.75,1097.6,2335.45,1137.9,2308.6,1156.2,2264.75,1154.95
1-51,Uninfected,No_comment,Polygon,10,2295.25,990.3,2318.4,1023.2,2334.25,1031.8,2364.7,1030.55,2402.55,1012.25,2404.95,964.65,2383,929.35,2350.1,914.65,2309.85,928.1,2287.9,962.25
1-52,Uninfected,No_comment,Polygon,9,2247.65,917.1,2215.95,881.75,2214.75,848.8,2231.8,823.25,2267.2,815.9,2297.65,828.1,2319.6,872,2309.85,898.8,2285.45,915.9
1-53,Uninfected,No_comment,Polygon,10,2025.65,743.95,2002.55,712.2,1998.85,673.2,2004.95,635.4,2039.1,624.35,2069.6,630.55,2091.55,657.35,2097.65,696.35,2084.2,737.85,2058.65,752.45
1-54,Uninfected,No_comment,Polygon,10,2369.6,896.4,2344,868.35,2345.25,825.65,2358.6,801.3,2396.45,784.2,2433,795.2,2451.35,842.7,2446.45,873.25,2429.4,902.5,2398.85,904.9
1-55,Uninfected,No_comment,Polygon,13,2583.05,903.7,2540.35,901.3,2509.9,923.25,2492.8,958.6,2491.6,992.75,2514.75,1018.35,2546.45,1034.2,2581.85,1030.55,2611.1,1007.35,2620.85,992.75,2596.45,978.1,2576.95,931.75,2581.85,911
1-56,Uninfected,No_comment,Polygon,11,2589.1,898.8,2611.1,881.75,2642.8,878.1,2673.3,893.95,2684.3,932.95,2678.2,968.35,2650.15,987.85,2619.55,993.95,2592.7,974.45,2578.15,925.65,2580.6,904.95
1-57,Uninfected,No_comment,Polygon,13,2696.45,1114.7,2718.45,1109.85,2729.4,1086.65,2728.2,1056.15,2708.65,1020.8,2681.8,1008.6,2646.45,1007.35,2623.25,1031.8,2633.05,1037.9,2657.4,1050.05,2678.2,1065.95,2690.35,1096.4,2692.8,1113.45
1-58,Uninfected,No_comment,Polygon,13,2692.8,1113.45,2678.2,1134.2,2662.3,1148.85,2634.25,1152.5,2591.55,1133,2568.4,1107.35,2568.4,1079.3,2576.95,1047.65,2609.9,1031.8,2629.35,1028.2,2670.85,1053.75,2686.7,1096.4,2689.15,1107.35
1-59,Uninfected,No_comment,Polygon,12,2531.85,1262.3,2528.15,1241.5,2534.25,1214.7,2545.2,1186.65,2567.15,1170.8,2612.3,1167.15,2650.15,1201.3,2655,1250,2637.95,1270.8,2611.1,1289.1,2580.6,1290.35,2553.8,1283
1-60,Uninfected,No_comment,Polygon,11,2512.4,676.85,2546.55,671.95,2568.5,652.4,2581.9,612.15,2568.5,585.35,2545.25,548.8,2512.4,547.55,2488,556.05,2461.1,608.55,2463.6,643.85,2481.9,662.15
1-61,Uninfected,No_comment,Polygon,10,2403.85,719.5,2367.25,700,2350.15,658.55,2356.25,608.55,2383.05,584.1,2426.95,587.75,2458.7,607.3,2463.6,651.25,2453.85,692.7,2429.45,709.75
1-62,Uninfected,No_comment,Polygon,12,2425.8,547.55,2412.35,519.5,2406.3,491.45,2412.35,457.3,2440.4,426.8,2485.55,417.05,2509.95,437.75,2523.3,468.3,2528.25,501.2,2511.1,532.95,2472.15,547.55,2444.1,549.95
1-63,Uninfected,No_comment,Polygon,11,2268.4,330.45,2302.55,317,2313.6,284.15,2307.5,257.25,2283.1,220.7,2253.85,214.6,2237.95,218.25,2216,236.55,2207.5,274.35,2223.35,312.2,2246.45,326.8
1-64,Uninfected,No_comment,Polygon,11,2211.15,232.85,2209.9,207.3,2212.3,187.8,2233.1,169.5,2273.35,164.6,2318.45,186.55,2327,235.3,2324.55,269.5,2309.85,275.55,2261.1,256.05,2224.5,241.4
1-65,Uninfected,No_comment,Polygon,11,2107.5,169.5,2123.35,165.85,2145.3,157.3,2159.9,129.25,2155.05,95.1,2128.15,65.8,2091.6,60.95,2063.55,71.9,2052.6,104.8,2056.15,150,2084.25,168.25
1-66,Uninfected,No_comment,Polygon,11,2107.5,178.05,2094,184.1,2062.35,188.95,2031.8,179.25,2007.45,148.7,2006.25,110.9,2024.55,96.3,2048.95,86.5,2075.9,93.9,2097.85,124.4,2105.15,158.55
1-67,Uninfected,No_comment,Polygon,12,1970.9,282.9,1941.55,267,1911.1,228.05,1892.85,169.5,1906.25,142.6,1924.55,132.85,1952.6,132.85,1989.15,153.65,2011.15,190.2,2015.95,235.3,2014.8,260.9,1989.15,280.45
1-68,Uninfected,No_comment,Polygon,12,1758.65,257.25,1723.25,235.3,1711.05,207.3,1709.9,173.1,1720.85,154.8,1752.55,147.55,1781.85,149.95,1816,165.85,1823.25,218.25,1823.25,246.3,1797.7,260.9,1778.2,262.2
1-69,Uninfected,No_comment,Polygon,13,1774.55,298.75,1750.15,282.9,1722.1,263.35,1696.45,263.35,1678.2,295.05,1678.2,313.35,1686.7,343.9,1707.45,362.2,1734.3,368.3,1764.75,368.3,1775.75,351.15,1791.6,326.8,1780.6,304.85
1-70,Uninfected,No_comment,Polygon,11,1713.55,490.25,1697.7,450,1707.45,415.8,1735.5,393.9,1774.55,386.6,1808.7,398.75,1833.05,428.05,1825.75,478.05,1805,501.2,1763.55,512.2,1729.4,503.6
1-71,Uninfected,No_comment,Polygon,10,1626.9,534.1,1584.25,519.5,1563.55,481.65,1557.45,432.9,1583.05,404.85,1616,398.75,1666,409.7,1683,463.35,1672.1,509.7,1650.15,528
1-72,Uninfected,No_comment,Polygon,13,2531.9,436.6,2502.6,414.65,2485.55,389,2485.55,343.9,2505,313.35,2538,312.2,2575.8,315.85,2618.5,329.2,2641.6,359.75,2631.9,396.35,2605.05,419.45,2577,429.25,2542.85,442.7
1-73,Uninfected,No_comment,Polygon,14,2624.6,508.55,2620.9,486.6,2622.15,462.2,2629.4,429.25,2666.05,402.45,2697.7,389,2728.25,401.2,2759.9,436.6,2759.9,471.9,2752.65,510.95,2734.35,531.65,2701.4,542.7,2669.65,543.85,2639.2,534.1
1-74,Uninfected,No_comment,Polygon,11,2716.05,241.45,2718.5,195.05,2737.95,181.7,2759.9,170.65,2783.15,168.25,2813.6,174.35,2833.15,219.5,2824.6,254.8,2777.05,276.8,2744.1,273.1,2720.95,251.15
1-75,Uninfected,No_comment,Polygon,13,2611.15,279.2,2575.8,262.2,2540.45,243.9,2531.9,207.3,2541.65,167,2567.2,151.2,2603.85,145.05,2640.45,145.05,2675.75,158.5,2690.45,206.1,2690.45,242.65,2669.65,267,2646.55,276.8
1-76,Uninfected,No_comment,Polygon,11,2875.8,424.4,2846.55,417.05,2827.05,385.3,2816,357.25,2830.7,317,2868.5,298.75,2897.75,300,2929.5,325.55,2938,370.7,2924.6,407.25,2902.65,419.45
1-77,Uninfected,No_comment,Polygon,10,2888,234.15,2862.4,206.1,2852.65,158.5,2863.6,132.85,2899,112.15,2938,114.55,2978.25,159.75,2975.8,212.15,2935.6,245.05,2907.55,245.05
1-78,Uninfected,No_comment,Polygon,9,2988,2.35,2955.1,32.9,2947.75,69.5,2966.05,109.75,2999,128,3031.95,117,3061.2,99.95,3070.95,51.2,3051.45,9.7
1-79,Uninfected,No_comment,Polygon,10,3100.2,257.25,3070.95,215.85,3086.75,165.85,3116.1,146.3,3139.25,145.05,3191.7,171.95,3201.45,226.75,3184.35,271.95,3136.75,286.55,3111.2,273.1
1-80,Uninfected,No_comment,Polygon,12,2980.7,360.95,2953.85,346.35,2941.7,291.4,2952.65,263.35,2978.25,238.95,3001.45,230.45,3034.35,234.15,3061.2,265.85,3063.65,307.25,3057.55,335.3,3020.95,362.2,3001.45,365.85
1-81,Uninfected,No_comment,Polygon,12,3066.05,641.45,3062.4,613.4,3073.4,573.15,3098.95,554.9,3136.75,537.75,3160,539,3179.5,563.4,3184.35,599.95,3164.8,629.25,3138.05,651.25,3094.1,656.05,3078.25,649.95
1-82,Uninfected,No_comment,Polygon,12,2970.95,789.05,2950.2,779.3,2922.1,756.1,2917.3,724.35,2924.6,702.4,2942.9,686.6,2964.85,684.1,2989.25,692.7,3006.3,713.45,3009.95,750,3006.3,770.7,2989.25,785.4
1-83,Uninfected,No_comment,Polygon,14,2962.35,791.5,2924.6,811,2899,811,2863.6,802.4,2855.1,781.7,2858.75,743.9,2870.95,726.85,2895.35,708.5,2920.95,696.3,2924.6,698.8,2916.05,721.95,2925.8,765.85,2938,771.95,2951.45,778.1
1-84,Uninfected,No_comment,Polygon,15,2892.9,811,2883.15,831.75,2861.2,842.65,2840.45,847.6,2808.75,850,2792.9,828.05,2784.35,804.9,2797.75,770.7,2816,750,2847.75,742.65,2861.1,742.8,2855.1,764.6,2864.8,800,2875.8,801.25,2885.55,803.7
1-85,Uninfected,No_comment,Polygon,13,3116.1,1019.55,3119.75,995.1,3142.85,958.55,3164.8,947.6,3195.35,941.5,3219.75,958.55,3239.2,980.5,3231.95,1013.45,3217.25,1040.3,3194.15,1047.6,3177,1048.8,3148.95,1040.3,3134.35,1034.2
1-86,Uninfected,No_comment,Polygon,10,3118.45,1140.35,3084.3,1126.9,3067.3,1100.1,3073.4,1061.05,3097.8,1042.75,3129.5,1047.65,3168.5,1081.8,3168.5,1123.25,3151.45,1135.45,3136.75,1139.1
1-87,Uninfected,No_comment,Polygon,14,3120.9,1144,3129.5,1167.15,3119.75,1200.1,3088,1222.05,3061.2,1222.05,3036.75,1208.65,3012.35,1184.25,3011.2,1157.4,3016.05,1131.8,3034.3,1112.3,3057.55,1109.85,3077,1114.8,3103.85,1128.2,3116.05,1133.1
1-88,Uninfected,No_comment,Polygon,11,3100.2,1311.1,3090.4,1274.5,3102.6,1250.1,3128.25,1235.45,3167.3,1231.8,3197.8,1248.9,3212.4,1283.05,3205.05,1317.2,3167.3,1336.7,3136.75,1341.55,3120.9,1328.15
1-89,Uninfected,No_comment,Polygon,11,2955.1,1355,2914.85,1336.7,2899,1297.65,2903.8,1263.5,2923.35,1244,2953.85,1239.15,2975.8,1245.2,2994.05,1276.95,2995.35,1312.3,2990.4,1341.55,2977.05,1355
1-90,Uninfected,No_comment,Polygon,12,2985.55,1353.75,3008.7,1358.65,3045.35,1342.8,3069.75,1328.15,3074.55,1285.45,3066.05,1270.85,3042.9,1257.4,3011.2,1256.2,2992.9,1255,2989.25,1265.95,2991.75,1311.15,2982,1348.95
1-91,Uninfected,No_comment,Polygon,11,3185.6,1420.85,3168.5,1391.55,3170.9,1372.05,3192.85,1356.2,3213.65,1347.65,3234.35,1347.65,3263.65,1362.3,3272.2,1396.45,3258.7,1420.85,3234.35,1435.5,3198.95,1426.95
1-92,Uninfected,No_comment,Polygon,12,3291.7,1472.05,3283.1,1441.6,3288.05,1418.4,3312.4,1389.15,3344.15,1384.25,3374.6,1403.75,3380.7,1434.25,3381.95,1459.85,3369.75,1483.05,3350.25,1495.25,3318.5,1495.25,3300.25,1481.8
1-93,Uninfected,No_comment,Polygon,12,3319.75,1362.3,3298.95,1342.8,3291.7,1314.75,3290.45,1292.8,3306.35,1272.05,3333.1,1262.3,3360,1263.5,3384.4,1290.35,3395.3,1326.95,3383.1,1355,3361.15,1362.3,3328.3,1362.3
1-94,Uninfected,No_comment,Polygon,11,3411.15,1296.45,3401.4,1270.85,3400.25,1233.05,3436.8,1194,3474.65,1189.1,3502.7,1200.1,3514.9,1252.55,3502.7,1279.35,3480.75,1302.55,3452.7,1308.65,3423.35,1302.55
1-95,Uninfected,No_comment,Polygon,13,3486.85,1519.65,3480.75,1495.25,3506.35,1459.85,3533.15,1433.05,3556.35,1429.4,3579.5,1429.4,3599.05,1445.25,3601.45,1472.05,3595.35,1497.7,3569.7,1524.5,3539.25,1542.8,3507.5,1541.6,3495.35,1529.4
1-96,Uninfected,No_comment,Polygon,14,3094.1,1548.9,3075.8,1525.75,3064.8,1502.55,3070.95,1473.3,3097.8,1456.2,3127,1445.25,3157.55,1442.8,3189.25,1455,3207.55,1476.95,3211.15,1500.1,3198.95,1526.95,3179.5,1537.95,3152.6,1544,3109.95,1545.25
1-97,Uninfected,No_comment,Polygon,11,3179.5,620.8,3194.1,662.25,3227,686.65,3255.05,687.85,3289.2,662.25,3302.65,625.65,3295.3,587.85,3272.15,563.45,3244.1,557.35,3207.55,568.35,3190.4,587.85
1-98,Uninfected,No_comment,Polygon,11,3319.75,578.1,3289.2,559.8,3294.15,524.45,3312.4,481.75,3340.45,467.15,3384.4,468.35,3413.6,492.75,3419.7,524.45,3400.25,568.35,3379.45,587.85,3339.2,583
1-99,Uninfected,No_comment,Polygon,11,3310,418.35,3297.8,389.05,3301.4,347.6,3314.8,325.65,3352.65,312.25,3388.05,320.75,3417.25,348.8,3417.25,386.65,3396.55,412.25,3358.75,429.3,3327,424.45
1-100,Uninfected,No_comment,Polygon,11,3240.45,397.6,3207.55,391.5,3175.85,364.7,3169.75,335.4,3183.1,307.35,3202.6,290.3,3244.1,280.55,3283.1,303.7,3286.75,331.75,3279.5,376.9,3262.4,398.85
1-101,Uninfected,No_comment,Polygon,11,3270.9,285.4,3245.3,262.25,3239.2,239.05,3266.1,204.9,3292.85,189.05,3328.3,189.05,3352.65,219.55,3357.5,251.25,3338.05,273.2,3305.05,285.4,3281.95,286.65
1-102,Uninfected,No_comment,Polygon,12,3386.8,300.05,3381.95,270.75,3379.45,240.3,3396.55,202.45,3434.4,178.1,3464.85,174.4,3499,193.95,3503.85,226.85,3494.15,270.75,3474.65,302.5,3438.05,318.35,3411.15,312.25
1-103,Uninfected,No_comment,Polygon,12,3489.2,175.65,3489.2,145.15,3512.45,112.2,3533.15,106.15,3580.75,107.35,3606.3,134.2,3606.3,173.2,3584.4,202.45,3562.45,214.65,3527.05,214.65,3511.2,206.15,3489.2,182.95
1-104,Uninfected,No_comment,Polygon,12,3458.75,112.2,3413.6,91.5,3402.65,57.35,3417.25,28.05,3434.4,11,3473.35,7.35,3507.5,13.45,3531.9,37.85,3531.9,64.65,3522.2,90.25,3507.5,104.9,3489.2,109.8
1-105,Uninfected,No_comment,Polygon,10,3763.65,236.6,3734.35,217.1,3729.5,174.4,3746.55,140.25,3777.1,128.1,3821,142.7,3831.95,164.65,3829.55,209.8,3801.5,225.65,3771,239.05
1-106,Uninfected,No_comment,Polygon,12,3556.35,441.5,3547.75,413.45,3547.75,384.2,3562.45,357.35,3586.85,340.3,3631.9,332.95,3671,347.6,3681.9,385.4,3679.5,418.35,3651.45,456.15,3609.95,464.7,3572.15,454.95
1-107,Uninfected,No_comment,Polygon,12,3463.6,631.75,3455.1,592.75,3467.25,554.95,3494.15,530.55,3517.3,523.25,3530.75,541.5,3536.85,585.45,3562.45,625.65,3546.6,645.2,3525.8,656.15,3486.8,647.6,3467.25,636.65
1-108,Uninfected,No_comment,Polygon,11,3520.95,522,3542.9,507.35,3568.55,504.95,3602.7,517.15,3618.55,548.85,3621,593.95,3600.2,620.8,3561.2,631.75,3544,616,3530.65,569.65,3524.65,530.55
1-109,Uninfected,No_comment,Polygon,10,3658.8,561.05,3661.2,586.65,3692.95,611.05,3723.4,611.05,3766.05,593.95,3772.15,567.15,3766.05,531.75,3735.6,514.7,3689.25,506.15,3661.2,526.9
1-110,Uninfected,No_comment,Polygon,12,3779.5,526.9,3767.35,507.35,3767.35,468.35,3800.2,430.55,3829.55,419.55,3855.15,424.45,3879.55,447.6,3884.35,473.2,3877.1,498.85,3849.05,524.45,3812.4,533,3788,530.55
1-111,Uninfected,No_comment,Polygon,14,3603.85,745.2,3599,701.3,3614.9,672,3640.5,654.95,3669.7,651.3,3686.85,651.3,3695.35,675.7,3703.85,702.5,3706.3,739.1,3696.6,763.5,3669.7,768.35,3642.95,768.35,3619.7,752.5,3612.45,747.65
1-112,Uninfected,No_comment,Polygon,11,3684.35,647.6,3707.55,642.75,3736.85,646.4,3762.4,667.15,3768.5,718.35,3751.45,742.75,3718.5,758.6,3695.3,759.75,3703.8,731.8,3701.45,690.3,3689.2,658.6
1-113,Uninfected,No_comment,Polygon,14,3486.8,823.25,3452.65,812.25,3441.65,783,3449,736.65,3472.2,725.7,3507.5,722,3544.1,726.9,3569.7,751.3,3575.8,789.1,3558.8,806.15,3533.15,829.35,3522.2,829.35,3500.25,824.45,3479.45,817.15
1-114,Uninfected,No_comment,Polygon,13,3460,717.15,3464.85,701.3,3478.3,689.1,3497.75,680.55,3527.05,676.9,3552.7,684.2,3563.6,707.4,3563.6,729.35,3545.35,757.4,3522.2,772,3494.15,768.4,3467.3,748.85,3463.65,728.1
1-115,Uninfected,No_comment,Polygon,10,4258.8,1379.4,4218.6,1359.85,4197.8,1329.35,4199.05,1286.7,4228.35,1256.2,4279.5,1248.9,4331.95,1280.6,4343,1320.85,4324.7,1356.2,4283.2,1380.6
1-116,Uninfected,No_comment,Polygon,11,4116.15,1267.15,4077.05,1256.2,4052.7,1234.25,4055.1,1203.75,4070.95,1172.05,4124.65,1144,4151.45,1154.95,4186.85,1186.7,4184.45,1218.4,4160.05,1255,4134.45,1262.3
1-117,Uninfected,No_comment,Polygon,11,3961.2,1201.3,3940.45,1159.8,3941.75,1117.15,3964.85,1090.35,4001.5,1083,4036.8,1089.1,4064.85,1111.05,4067.3,1146.45,4049,1181.8,4017.3,1203.75,3988.1,1203.75
1-118,Uninfected,No_comment,Polygon,12,3791.7,1208.65,3755.15,1178.15,3729.5,1152.55,3733.2,1113.5,3757.55,1084.25,3794.1,1075.7,3833.2,1076.9,3862.4,1107.4,3877.1,1146.45,3874.6,1183,3850.2,1202.55,3814.85,1209.85
1-119,Uninfected,No_comment,Polygon,11,3639.25,1251.3,3592.95,1237.9,3559.95,1211.05,3541.65,1172.05,3559.95,1152.55,3592.95,1145.2,3638,1156.2,3669.75,1169.6,3692.95,1198.9,3678.25,1226.95,3656.3,1251.3
1-120,Uninfected,No_comment,Polygon,10,3588,1084.25,3572.15,1057.4,3569.7,1028.15,3584.4,1001.3,3605.1,984.25,3646.6,983,3688,1009.85,3689.3,1041.5,3659.95,1085.45,3618.55,1087.9
1-121,Uninfected,No_comment,Polygon,10,3725.85,1048.85,3697.8,1020.8,3699.05,984.25,3718.5,962.3,3744.1,945.2,3774.6,946.4,3802.65,972.05,3799.05,1013.5,3767.35,1042.75,3747.8,1048.85
1-122,Uninfected,No_comment,Polygon,12,3827.1,1051.3,3834.35,1001.3,3856.3,985.45,3878.3,980.55,3923.45,995.2,3952.65,1019.6,3958.75,1047.65,3951.5,1070.8,3923.45,1092.75,3899,1096.45,3851.5,1075.7,3829.55,1054.95
1-123,Uninfected,No_comment,Polygon,10,3933.15,874.45,3897.85,834.2,3905.15,789.1,3935.65,742.7,3975.9,742.7,4006.35,769.6,4018.55,806.15,4006.35,844,3980.7,868.35,3952.65,879.35
1-124,Uninfected,No_comment,Polygon,9,4100.3,967.15,4099,928.15,4111.2,886.65,4157.55,869.6,4205.15,892.75,4218.6,950.1,4200.3,986.65,4155.1,994,4112.45,986.65
1-125,Uninfected,No_comment,Polygon,10,4252.75,941.55,4230.75,919.6,4240.55,873.25,4268.6,835.45,4303.9,828.1,4333.2,839.1,4344.4,887.25,4328.35,919.6,4305.15,941.55,4262.5,944
1-126,Uninfected,No_comment,Polygon,11,4311.25,944,4334.45,956.2,4357.55,959.85,4390.55,953.75,4413.7,929.35,4375.85,829.35,4349.05,829.35,4339.3,840.3,4335.65,874.45,4331.95,919.6,4315,930.55
1-127,Uninfected,No_comment,Polygon,11,4212.5,1136.7,4205.15,1103.75,4224.7,1048.85,4262.5,1036.65,4291.7,1037.9,4322.25,1062.3,4335.6,1102.55,4323.45,1141.55,4294.2,1163.5,4247.8,1163.5,4222.25,1147.65
1-128,Uninfected,No_comment,Polygon,11,4072.25,1120.8,4113.7,1133,4145.35,1130.6,4168.55,1102.55,4184.45,1058.6,4160.05,1031.8,4130.75,1012.3,4108.8,1015.95,4068.55,1039.1,4061.2,1074.5,4072.25,1102.55
1-129,Uninfected,No_comment,Polygon,11,4371.05,1353.75,4360,1315.95,4361.25,1278.1,4384.45,1241.55,4433.25,1234.25,4466.1,1245.2,4480.8,1272.05,4479.55,1313.5,4460,1345.25,4419.75,1357.4,4383.2,1357.4
1-130,Uninfected,No_comment,Polygon,10,4292.95,1507.45,4280.8,1476.95,4284.45,1451.35,4307.55,1435.5,4355.15,1430.6,4380.8,1452.5,4390.55,1496.45,4368.6,1520.85,4327.1,1522.05,4302.75,1517.2
1-131,Uninfected,No_comment,Polygon,12,4386.9,1714.75,4361.25,1690.35,4356.4,1645.25,4366.1,1611.1,4395.4,1600.1,4450.25,1594,4488.05,1616,4503.95,1637.95,4494.15,1698.9,4472.2,1718.4,4425.85,1723.25,4396.65,1720.85
1-132,Uninfected,No_comment,Polygon,10,4281.95,1703.8,4252.75,1698.9,4219.75,1670.85,4212.5,1612.3,4235.6,1581.85,4272.25,1570.85,4310,1579.4,4329.5,1609.9,4333.2,1661.1,4312.5,1687.95
1-133,Uninfected,No_comment,Polygon,11,3889.3,1703.8,3852.65,1689.15,3835.65,1661.1,3835.65,1625.75,3852.65,1597.7,3890.45,1590.35,3920.95,1590.35,3956.35,1618.4,3955.1,1657.45,3942.9,1690.35,3908.75,1698.9
1-134,Uninfected,No_comment,Polygon,10,3761.25,1678.2,3725.85,1659.9,3712.4,1629.4,3716.05,1601.35,3739.3,1584.25,3764.9,1570.85,3794.1,1584.25,3811.25,1620.85,3806.3,1650.1,3780.7,1668.4
1-135,Uninfected,No_comment,Polygon,10,3636.85,1457.45,3621,1439.15,3618.55,1405,3634.35,1383.05,3650.2,1370.85,3694.1,1367.2,3713.65,1389.15,3721,1411.1,3707.55,1441.55,3677.1,1461.1
1-136,Uninfected,No_comment,Polygon,10,3488.05,1696.45,3458.75,1670.85,3450.25,1628.15,3467.25,1602.55,3491.65,1584.25,3536.85,1590.35,3559.95,1631.85,3552.7,1669.65,3531.9,1689.15,3513.6,1695.2
1-137,Uninfected,No_comment,Polygon,10,3379.45,1734.3,3344.15,1716,3320.9,1683.05,3320.9,1646.45,3348.95,1620.85,3391.65,1617.2,3428.3,1637.95,3440.5,1679.4,3425.8,1724.5,3408.75,1731.85
1-138,Uninfected,No_comment,Polygon,11,3230.65,1647.7,3195.35,1639.15,3177,1617.2,3174.55,1597.7,3184.35,1569.65,3208.7,1553.8,3251.45,1551.35,3292.85,1576.9,3296.55,1617.2,3273.35,1641.6,3239.2,1644.05
1-139,Uninfected,No_comment,Polygon,10,4006.3,1891.6,3972.15,1864.8,3963.65,1837.95,3983.1,1797.7,4016.05,1775.75,4061.15,1779.4,4101.4,1825.75,4091.7,1858.7,4058.75,1892.85,4028.25,1896.5
1-140,Uninfected,No_comment,Polygon,10,4369.75,1864.8,4333.15,1825.75,4339.25,1787.95,4375.85,1748.9,4406.3,1748.9,4452.7,1757.45,4467.3,1822.1,4451.45,1857.45,4424.65,1872.1,4389.25,1872.1
1-141,Uninfected,No_comment,Polygon,10,3799,2203.85,3778.25,2179.45,3768.45,2141.65,3790.4,2096.5,3829.45,2087.95,3868.5,2097.7,3898.95,2128.2,3895.35,2175.75,3864.8,2201.4,3830.65,2207.5
1-142,Uninfected,No_comment,Polygon,10,4083.15,2207.5,4057.6,2170.9,4062.4,2119.65,4094.15,2095.3,4134.35,2094.05,4179.45,2117.25,4194.15,2168.45,4188.05,2209.9,4155.1,2229.45,4112.4,2223.35
1-143,Uninfected,No_comment,Polygon,13,4291.7,2255.05,4263.65,2224.55,4230.7,2205.05,4222.2,2197.75,4219.7,2148.95,4235.55,2111.15,4272.2,2103.8,4301.45,2109.9,4341.7,2145.3,4350.2,2175.75,4333.15,2206.25,4327.05,2234.3,4314.85,2256.25
1-144,Uninfected,No_comment,Polygon,10,4235.55,2323.35,4199,2313.6,4184.4,2294.1,4184.4,2263.6,4206.35,2233.1,4222.2,2225.8,4251.45,2227,4273.4,2255.05,4273.4,2296.5,4255.1,2313.6
1-145,Uninfected,No_comment,Polygon,11,3470.9,1961.15,3435.5,1951.35,3406.3,1931.85,3396.5,1908.7,3397.8,1879.4,3416.05,1859.9,3450.2,1856.25,3495.3,1859.9,3518.5,1898.95,3511.15,1940.4,3496.55,1956.25
1-146,Uninfected,No_comment,Polygon,12,3542.85,1940.4,3564.8,1962.35,3586.8,1979.4,3620.9,1984.3,3650.15,1978.2,3675.8,1955.05,3669.7,1922.1,3650.15,1887.95,3625.8,1880.65,3592.85,1874.55,3548.95,1889.15,3540.45,1911.1
1-147,Uninfected,No_comment,Polygon,10,3484.35,2185.55,3452.6,2158.7,3436.75,2116,3452.6,2072.1,3491.6,2053.8,3522.15,2056.25,3558.75,2081.85,3564.8,2137.95,3555.05,2173.35,3528.25,2185.55
1-148,Uninfected,No_comment,Polygon,10,3353.85,2052.6,3323.3,2036.75,3305.05,2005.05,3317.2,1964.8,3338,1947.7,3372.15,1946.5,3405.05,1964.8,3425.75,2005.05,3411.15,2035.5,3377,2056.25
1-149,Uninfected,No_comment,Polygon,12,3225.8,2034.3,3187.95,2018.45,3156.25,1998.95,3146.5,1974.55,3156.25,1947.7,3183.05,1931.85,3237.95,1919.65,3272.1,1929.4,3288,1961.15,3283.05,1997.7,3268.45,2024.55,3242.85,2029.4
1-150,Uninfected,No_comment,Polygon,12,3124.55,1786.75,3148.9,1808.7,3179.45,1824.55,3218.45,1819.65,3248.95,1811.1,3273.3,1794.05,3284.3,1762.35,3263.6,1729.4,3242.85,1711.1,3201.4,1725.75,3162.35,1746.5,3140.4,1763.55
1-151,Uninfected,No_comment,Polygon,11,3211.1,1711.1,3216,1692.8,3241.65,1676.95,3264.8,1670.85,3311.1,1681.85,3327,1708.65,3320.9,1744.05,3294.05,1772.1,3274.5,1775.8,3236.65,1753.85,3212.3,1725.8
1-152,Uninfected,No_comment,Polygon,12,3909.95,1324.5,3874.6,1309.85,3859.95,1284.25,3857.55,1248.9,3877.1,1218.4,3901.45,1202.55,3930.7,1196.45,3967.35,1214.75,3984.35,1264.75,3977,1298.9,3941.7,1323.3,3927,1325.7
1-153,Uninfected,No_comment,Polygon,11,3357.9,885.9,3375.05,927.35,3406.45,948.8,3436.5,950.2,3469.35,927.35,3490.75,880.2,3467.85,835.9,3445,824.5,3442.2,844.5,3420.7,875.9,3385.05,887.35
1-154,Uninfected,No_comment,Polygon,11,3355.05,881.65,3337.9,865.9,3330.75,830.2,3353.55,784.45,3382.2,773.05,3407.85,773.05,3442.2,798.75,3443.6,824.5,3430.7,853.05,3386.5,885.9,3357.9,885.9
1-155,Uninfected,No_comment,Polygon,9,3593.6,928.8,3562.2,908.8,3562.2,863.05,3605.1,828.75,3647.9,828.75,3667.9,843.05,3670.8,881.65,3660.75,914.5,3620.75,933.1
1-156,Uninfected,No_comment,Polygon,11,3639.4,931.65,3672.2,933.1,3703.7,920.2,3727.95,893.05,3735.1,855.9,3717.95,827.35,3696.55,818.75,3667.9,824.5,3662.25,833.05,3667.85,878.8,3647.9,921.65
1-157,Uninfected,No_comment,Polygon,10,3919.65,263.3,3907.9,297.05,3910.8,328,3931.4,351.5,3959.3,355.95,4010.85,336.8,4021.15,310.35,4007.9,261.75,3975.55,248.55,3951.95,251.45
1-158,Uninfected,No_comment,Polygon,8,2910.55,1665.2,2862.65,1658.15,2842.95,1620.1,2854.2,1590.55,2885.2,1572.2,2921.85,1584.9,2942.95,1607.45,2947.2,1638.45
1-159,Uninfected,No_comment,Polygon,10,2983.8,1615.9,2938.75,1573.65,2910.55,1521.5,2928.9,1472.2,2958.45,1452.5,3010.6,1460.95,3024.7,1491.9,3045.8,1535.6,3052.85,1596.15,3027.5,1606.05
1-160,Uninfected,No_comment,Polygon,9,2972.55,1704.65,2976.8,1665.2,3009.2,1634.2,3042.9,1628.6,3076.8,1638.45,3097.95,1675.05,3085.25,1727.2,3058.5,1744.1,3017.65,1741.3
1-161,Uninfected,No_comment,Polygon,10,3157.1,2007.55,3100.75,2017.4,3066.95,1985,3066.95,1934.3,3086.65,1911.75,3120.45,1906.1,3159.9,1906.1,3183.85,1928.65,3184.95,1962.55,3169.45,1992.1
1-162,Uninfected,No_comment,Polygon,10,2825.05,2303.65,2815.6,2272.7,2829.9,2241.8,2858.45,2226.25,2890.6,2227.45,2919.1,2252.45,2936.95,2294.1,2928.7,2326.25,2890.6,2346.5,2846.55,2332.2
1-163,Uninfected,No_comment,Polygon,8,2753.7,2244.1,2723.85,2221.5,2726.3,2188.15,2761.95,2165.55,2782.2,2167.9,2808.45,2191.8,2817.9,2223.95,2804.8,2245.3
1-164,Uninfected,No_comment,Polygon,9,2808.45,2173.85,2801.25,2123.85,2821.55,2096.5,2858.45,2084.65,2883.45,2098.85,2909.65,2142.9,2909.65,2177.45,2872.75,2202.45,2836.95,2201.25
1-165,Uninfected,No_comment,Polygon,10,2544.15,2282.2,2517.9,2260.85,2510.75,2194.1,2534.55,2158.4,2569.15,2154.9,2606,2172.75,2621.55,2206,2621.55,2239.35,2598.85,2269.1,2576.3,2284.6
1-166,Uninfected,No_comment,Polygon,10,2307.25,2163.15,2271.45,2134.6,2276.3,2100.05,2296.45,2077.45,2325.1,2071.5,2353.6,2075.05,2379.8,2101.25,2381.05,2126.25,2367.95,2156,2332.25,2166.8
1-167,Uninfected,No_comment,Polygon,10,2316.7,2268,2314.3,2233.4,2337,2191.8,2363.2,2184.6,2396.45,2188.15,2417.95,2207.2,2421.45,2238.15,2412,2264.35,2385.75,2289.35,2340.5,2289.35
1-168,Uninfected,No_comment,Polygon,10,2434.55,2332.2,2433.45,2369.1,2437,2394.1,2472.65,2422.7,2508.45,2426.25,2532.25,2409.6,2548.85,2339.35,2545.35,2303.65,2498.85,2278.65,2476.3,2279.9
1-169,Uninfected,No_comment,Polygon,11,2584.65,2318,2611.95,2281,2635.75,2281,2670.35,2284.6,2711.95,2316.75,2731,2362.05,2719.1,2395.3,2682.25,2409.6,2657.25,2404.85,2635.75,2390.55,2591.7,2363.15
1-170,Uninfected,No_comment,Polygon,10,3329.95,2177.4,3324,2217.95,3343.05,2253.6,3377.5,2273.9,3426.3,2266.7,3444.15,2239.4,3453.7,2192.95,3423.95,2156.05,3385.85,2147.7,3362,2148.9
1-171,Uninfected,No_comment,Polygon,11,3283.45,2187,3250.1,2167.95,3217.95,2157.25,3206.05,2117.95,3219.15,2082.25,3247.75,2063.2,3284.65,2058.35,3319.15,2070.35,3338.2,2107.25,3338.2,2145.35,3320.35,2170.35
1-172,Uninfected,No_comment,Polygon,12,3308.45,2252.5,3296.55,2222.65,3276.3,2195.35,3252.5,2185.8,3223.9,2188.2,3210.9,2204.85,3194.15,2248.9,3204.85,2292.95,3225.1,2304.85,3250.1,2309.55,3287,2306.05,3306.05,2273.9
1-173,Uninfected,No_comment,Polygon,11,3463.2,2239.4,3476.3,2215.5,3518,2207.25,3545.35,2220.35,3572.75,2247.65,3582.25,2283.45,3562.05,2314.4,3526.3,2323.9,3490.6,2320.35,3457.25,2282.25,3457.25,2260.8
1-174,Uninfected,No_comment,Polygon,9,3389.4,2338.2,3370.35,2364.4,3368.05,2408.45,3395.35,2448.85,3432.25,2462,3459.65,2452.5,3471.55,2410.75,3459.65,2365.6,3429.9,2339.4
1-175,Uninfected,No_comment,Polygon,10,3250.1,2345.35,3266.8,2327.5,3281.05,2320.35,3320.35,2329.85,3344.15,2371.55,3340.6,2413.2,3317.95,2433.45,3281.05,2432.25,3250.1,2401.3,3246.55,2363.2
1-176,Uninfected,No_comment,Polygon,11,3247.75,2348.9,3216.85,2346.55,3183.45,2364.4,3172.8,2398.85,3188.2,2441.7,3222.75,2463.2,3254.95,2464.4,3282.25,2454.8,3288.15,2423.9,3270.3,2369.15,3257.2,2351.3
1-177,Uninfected,No_comment,Polygon,11,3195.35,2347.65,3203.7,2295.35,3179.85,2269.15,3148.9,2253.6,3123.9,2258.45,3090.6,2283.45,3082.25,2331.05,3096.55,2363.2,3132.25,2377.5,3160.8,2379.8,3194.15,2360.75
1-178,Uninfected,No_comment,Polygon,10,3150.1,2478.7,3159.65,2451.3,3146.55,2412,3112,2395.35,3082.25,2410.75,3066.75,2441.7,3065.55,2470.35,3073.9,2496.55,3098.9,2500.1,3135.8,2498.85
1-179,Uninfected,No_comment,Polygon,10,2929.85,2627.5,2887,2610.85,2862,2558.45,2869.15,2527.5,2892.95,2514.4,2914.4,2514.4,2942.95,2526.3,2967.95,2560.85,2970.35,2596.55,2950.1,2614.4
1-180,Uninfected,No_comment,Polygon,9,3353.7,2668,3357.25,2625.15,3382.25,2589.4,3415.6,2587.05,3447.75,2596.55,3464.4,2632.3,3466.8,2664.4,3441.8,2698.95,3395.35,2698.95
1-181,Uninfected,No_comment,Polygon,9,3187,2722.75,3147.8,2695.35,3138.2,2653.7,3158.45,2614.4,3194.15,2602.5,3237,2609.65,3254.95,2643,3257.25,2681.1,3239.4,2712.05
1-182,Uninfected,No_comment,Polygon,9,2966.75,2763.25,2927.55,2756.1,2896.6,2729.9,2888.2,2678.7,2921.6,2652.5,2970.35,2640.6,3001.3,2656.1,3021.55,2687.05,3012,2732.3
1-183,Uninfected,No_comment,Polygon,10,2919.15,2897.75,2887,2887.05,2850.1,2858.5,2840.55,2818,2859.6,2779.9,2885.8,2773.95,2917.95,2776.35,2948.9,2801.35,2957.25,2840.6,2942.95,2875.15
1-184,Uninfected,No_comment,Polygon,11,3054.85,2922.75,3081.05,2939.45,3113.2,2939.45,3141.85,2933.5,3156.05,2907.3,3159.65,2873.95,3142.95,2845.4,3107.25,2835.85,3079.85,2841.8,3053.65,2875.15,3053.75,2910.85
1-185,Uninfected,No_comment,Polygon,12,3141.75,2933.5,3157.25,2950.15,3203.7,2937.05,3227.5,2921.6,3243.05,2891.8,3238.2,2858.5,3221.55,2831.1,3177.5,2820.4,3157.25,2839.45,3145.3,2854.9,3135.8,2889.5,3135.8,2921.6
1-186,Uninfected,No_comment,Polygon,10,3446.55,2876.35,3425.2,2857.3,3429.9,2800.15,3456.15,2782.3,3481.15,2776.35,3508.45,2788.25,3525.2,2815.6,3527.5,2856.1,3503.7,2885.85,3475.2,2885.85
1-187,Uninfected,No_comment,Polygon,10,3533.45,2797.75,3518,2776.35,3516.8,2741.8,3540.6,2709.65,3566.8,2706.1,3600.15,2712.05,3627.5,2746.55,3623.95,2785.85,3604.9,2810.85,3564.4,2813.25
1-188,Uninfected,No_comment,Polygon,10,3531.15,2610.85,3551.3,2591.8,3584.65,2577.5,3621.55,2582.25,3647.75,2608.45,3652.5,2644.2,3641.8,2678.7,3601.4,2693,3566.8,2688.25,3531.15,2645.35
1-189,Uninfected,No_comment,Polygon,11,3460.85,2618,3490.6,2593,3508.45,2564.4,3494.25,2514.4,3470.35,2497.75,3400.2,2497.75,3381.15,2527.5,3382.25,2564.4,3388.2,2587.05,3407.25,2610.9,3440.6,2627.5
1-190,Uninfected,No_comment,Polygon,8,3768,2820.4,3734.65,2750.15,3760.85,2713.25,3808.55,2702.5,3843,2719.2,3870.4,2776.35,3852.6,2806.1,3804.9,2821.55
1-191,Uninfected,No_comment,Polygon,11,3583.45,2969.2,3547.75,2935.85,3543,2882.3,3575.2,2853.7,3632.35,2846.55,3672.75,2870.4,3681.1,2904.9,3666.8,2937.05,3646.55,2952.55,3619.25,2954.9,3598.95,2960.85
1-192,Uninfected,No_comment,Polygon,11,3827.6,2709.65,3862.05,2703.7,3895.4,2684.65,3901.35,2648.95,3897.75,2616.8,3870.4,2589.4,3831.1,2570.35,3800.15,2587.05,3776.35,2623.95,3783.55,2658.45,3800.15,2688.25
1-193,Uninfected,No_comment,Polygon,10,3926.35,2503.7,3895.4,2459.65,3895.4,2415.6,3925.15,2382.25,3972.75,2376.3,4009.75,2394.15,4020.4,2439.4,4015.7,2478.7,3989.45,2501.3,3957.3,2507.25
1-194,Uninfected,No_comment,Polygon,10,4068,2466.8,4048.95,2446.55,4045.4,2413.2,4060.85,2381.05,4088.25,2370.35,4131.1,2372.75,4159.7,2395.35,4163.25,2422.75,4145.4,2447.75,4110.95,2471.55
1-195,Uninfected,No_comment,Polygon,11,3746.55,2323.95,3719.2,2294.15,3715.6,2256.05,3729.9,2228.7,3762.05,2216.8,3791.8,2217.95,3825.15,2239.4,3845.4,2282.25,3833.55,2315.6,3806.1,2327.5,3781.1,2327.5
1-196,Uninfected,No_comment,Polygon,10,2320.1,2787.3,2277.3,2734.55,2285,2686.1,2327.8,2652.1,2375.1,2651,2407,2666.4,2433.35,2703.75,2424.6,2742.15,2398.2,2778.5,2358.65,2793.9
1-197,Uninfected,No_comment,Polygon,10,2276.2,2589.45,2314.65,2623.45,2342.15,2626.75,2377.25,2610.35,2387.15,2582.85,2372.9,2533.4,2338.85,2513.55,2316.8,2519.1,2313.55,2559.7,2286.1,2579.55
1-198,Uninfected,No_comment,Polygon,12,2269.55,2579.55,2237.75,2578.45,2204.7,2574,2195.9,2547.7,2206.9,2504.75,2223.45,2487.25,2261.85,2476.25,2293.8,2490.55,2315.7,2510.25,2316.8,2538.95,2305.9,2564.1,2271.75,2582.85
1-199,Uninfected,No_comment,Polygon,10,2250.9,2474.05,2264.05,2450.9,2292.7,2432.3,2328.9,2438.8,2357.55,2474.05,2360.85,2503.65,2355.35,2520.2,2321.2,2513.55,2303.6,2507,2265.15,2478.45
1-200,Uninfected,No_comment,Polygon,11,2540,2865.25,2513.55,2827.95,2529,2768.6,2548.8,2752.05,2574,2745.45,2603.75,2752.05,2630.05,2784,2642.2,2815.8,2628.95,2854.35,2599.35,2878.45,2570.7,2879.55
1-201,Uninfected,No_comment,Polygon,10,2235.55,2425.7,2200.3,2416.9,2186.1,2379.45,2189.35,2341.05,2210.2,2321.2,2233.35,2316.8,2262.95,2324.5,2282.8,2353.15,2281.7,2397.1,2269.55,2415.8
1-202,Uninfected,No_comment,Polygon,13,2204.7,2421.3,2180.6,2442.1,2153.05,2450.9,2128.9,2442.1,2110.25,2410.3,2110.25,2368.55,2121.25,2326.7,2148.65,2309.2,2172.9,2304.8,2200.3,2316.8,2205.85,2326.75,2216.9,2363.1,2210.3,2403.75
1-203,Uninfected,No_comment,Polygon,11,2045.4,2721.35,2014.55,2716.95,1988.25,2686.1,1981.65,2647.7,2000.35,2609.25,2041,2598.25,2078.3,2607.05,2094.85,2625.65,2101.45,2653.2,2100.35,2690.5,2077.2,2710.35
1-204,Uninfected,No_comment,Polygon,11,1984.95,2624.55,1984.95,2607.05,1998.15,2574,2036.6,2543.3,2066.3,2544.4,2097.05,2575.1,2101.45,2609.25,2097.05,2623.45,2079.45,2615.8,2043.25,2600.5,1998.2,2611.5
1-205,Uninfected,No_comment,Polygon,10,1898.05,2777.4,1888.2,2759.75,1894.75,2725.75,1922.3,2696,1957.4,2694.9,1992.65,2720.25,1992.65,2760.9,1962.9,2780.7,1923.4,2784,1911.3,2781.8
1-206,Uninfected,No_comment,Polygon,11,1903.55,2780.7,1901.35,2814.7,1919,2853.25,1945.35,2869.65,1976.15,2868.55,1999.25,2852.15,2017.85,2821.3,2017.85,2789.5,1999.25,2767.5,1961.7,2755.45,1926.6,2763.15
1-207,Uninfected,No_comment,Polygon,11,2093.75,2822.45,2063,2798.2,2058.6,2767.5,2075,2738.85,2098.15,2727.95,2125.65,2721.35,2154.2,2723.55,2177.3,2753.15,2183.9,2788.4,2174,2816.9,2120.15,2821.3
1-208,Uninfected,No_comment,Polygon,11,2099.2,2935.65,2128.9,2945.6,2148.65,2940.05,2169.55,2914.75,2183.85,2877.4,2169.55,2831.3,2149.85,2815.95,2120.1,2821.45,2098.15,2841.2,2078.6,2883.65,2080.55,2907.05
1-209,Uninfected,No_comment,Polygon,13,2105.8,2940.05,2092.65,2950,2057.45,2956.6,2020.1,2944.5,2006.9,2905.95,2009.1,2870.8,2031.05,2849.9,2061.85,2837.9,2099.2,2836.8,2101.35,2844.4,2081.7,2877.45,2084.95,2916.95,2095.95,2930.2
1-210,Uninfected,No_comment,Polygon,11,1577.15,2627.9,1562.85,2604.8,1557.35,2584,1579.35,2539.95,1602.4,2519.15,1644.2,2512.5,1677.15,2530.15,1691.45,2563.05,1685.95,2601.5,1650.8,2635.6,1617.8,2638.9
1-211,Uninfected,No_comment,Polygon,12,1579.35,2487.2,1554.05,2480.6,1543.05,2447.65,1549.7,2416.95,1572.75,2381.7,1610.15,2366.3,1636.5,2366.3,1668.4,2377.3,1684.85,2403.75,1679.35,2449.85,1645.3,2481.7,1617.8,2487.2
1-212,Uninfected,No_comment,Polygon,12,1655.2,2278.45,1670.65,2282.75,1694.75,2283.85,1718.95,2261.9,1738.75,2224.5,1738.75,2200.35,1712.35,2179.45,1681.55,2172.85,1643.1,2183.85,1650.8,2212.45,1653,2243.2,1647.5,2264.1
1-213,Uninfected,No_comment,Polygon,11,1645.3,2275.15,1621.1,2284.95,1584.85,2275.15,1560.65,2246.5,1557.4,2208.05,1571.65,2186.05,1595.85,2170.65,1627.7,2169.55,1649.7,2179.45,1651.95,2219.15,1651.95,2257.6
1-214,Uninfected,No_comment,Polygon,12,1339.75,2295.95,1313.4,2280.65,1303.55,2243.2,1291.4,2220.2,1318.85,2192.65,1359.55,2176.15,1388.1,2175.05,1423.3,2195.95,1438.65,2228.9,1427.75,2267.4,1404.6,2290.45,1376.05,2293.75
1-215,Uninfected,No_comment,Polygon,11,1304.65,2152,1277.1,2131.1,1267.2,2097.1,1281.5,2065.15,1305.75,2050.85,1329.85,2044.25,1365.1,2054.15,1390.3,2080.55,1393.6,2112.4,1376.05,2139.9,1350.75,2144.3
1-216,Uninfected,No_comment,Polygon,9,1479.35,2023.4,1473.85,1975.1,1509,1944.25,1547.55,1940.95,1592.55,1968.45,1598.05,1995.9,1579.35,2035.55,1551.95,2047.55,1510.1,2047.55
1-217,Uninfected,No_comment,Polygon,11,1489.3,1916.85,1463.95,1898.1,1460.65,1837.65,1479.35,1810.15,1516.7,1791.55,1540.9,1793.75,1566.15,1826.65,1569.45,1859.6,1563.95,1887.1,1548.65,1913.55,1515.6,1920.05
1-218,Uninfected,No_comment,Polygon,13,1608,1799.15,1570.55,1792.65,1547.55,1761.8,1550.85,1723.35,1569.45,1688.15,1634.3,1666.2,1666.2,1666.2,1702.45,1679.35,1715.65,1713.45,1715.65,1736.5,1687.05,1764,1662.9,1783.8,1632.1,1794.85
1-219,Uninfected,No_comment,Polygon,10,1289.2,1915.75,1255.15,1887.1,1249.65,1844.25,1271.6,1807.95,1317.75,1796.95,1347.45,1801.35,1379.3,1848.65,1378.2,1879.4,1367.3,1900.3,1340.85,1916.85
1-220,Uninfected,No_comment,Polygon,13,1258.4,1817.85,1257.3,1794.85,1263.9,1768.4,1290.3,1747.5,1318.85,1746.4,1338.65,1753,1364,1792.65,1374.95,1839.85,1371.6,1846.55,1355.15,1812.4,1332.05,1801.4,1288.15,1804.7,1260.6,1825.6
1-221,Uninfected,No_comment,Polygon,15,1407.9,1684.85,1379.3,1706.85,1379.3,1735.4,1385.9,1751.9,1395.8,1775,1409,1788.2,1427.75,1794.85,1452.95,1793.75,1473.85,1779.4,1498.05,1765.1,1507.9,1745.3,1509,1717.85,1499.1,1696.95,1476.05,1709.05,1423.3,1704.65
1-222,Uninfected,No_comment,Polygon,11,1405.7,1683.8,1400.2,1659.55,1409,1626.65,1431.05,1606.85,1462.85,1605.7,1498.1,1621.15,1514.55,1651.95,1506.9,1682.7,1495.8,1698,1467.25,1706.9,1425.45,1704.55
1-223,Uninfected,No_comment,Polygon,11,1412.3,1615.65,1412.3,1592.6,1442.05,1555.2,1495.9,1546.4,1515.65,1560.7,1531,1588.2,1532.1,1609.05,1515.65,1635.45,1503.55,1640.95,1455.15,1634.35,1419.95,1622.25
1-224,Uninfected,No_comment,Polygon,18,3091.8,2836.8,3066,2826.8,3032.6,2819.3,3011.8,2819.3,2994.3,2828.45,2981.8,2844.3,2973.5,2861.8,2973.5,2890.1,2983.5,2911.8,3007.6,2930.95,3031.8,2939.3,3061.8,2940.95,3090.1,2943.45,3106.5,2935.15,3114.8,2921.95,3116.5,2901.05,3114.8,2884.45,3107.3,2855.2
1-225,Uninfected,No_comment,Polygon,17,4185.05,2252.9,4195.2,2257.1,4207.4,2269.25,4213.5,2284.5,4214.25,2302.8,4214,2321.5,4202.55,2337.4,4181.25,2348.15,4156.85,2352.7,4127.9,2348.15,4104.3,2332.9,4089.8,2313.85,4086,2284.15,4092.1,2265.1,4111.9,2249.85,4142.4,2241.45,4157.6,2241.45