193,5312,2988
2-1,Uninfected,No_comment,Polygon,11,2465.6,1880.85,2433.65,1866.95,2419.7,1844.7,2412.75,1812.75,2433.65,1764.15,2451.75,1753.05,2496.2,1758.6,2523.95,1782.2,2529.5,1814.15,2517,1851.65,2496.2,1871.1
2-2,Uninfected,No_comment,Polygon,10,2428.1,1994.75,2398.85,1989.15,2372.55,1973.9,2357.25,1932.2,2366.9,1897.5,2393.3,1886.4,2418.3,1887.75,2457.2,1908.6,2468.4,1947.5,2457.2,1976.65
2-3,Uninfected,No_comment,Polygon,12,2277.6,1876.45,2252.6,1869.6,2225.25,1853.65,2215.1,1823,2218.5,1800.3,2237.75,1779.8,2261.7,1766.2,2282.15,1768.45,2315.1,1787.8,2328.75,1825.3,2320.8,1853.65,2304.8,1867.35
2-4,Uninfected,No_comment,Polygon,12,2320.8,1762.75,2288.95,1747.95,2271.85,1722.95,2273.05,1695.7,2287.75,1668.4,2318.5,1651.35,2350.35,1650.25,2379.9,1661.6,2396.9,1690.05,2396.9,1721.85,2373,1747.95,2350.35,1757.05
2-5,Uninfected,No_comment,Polygon,10,2467.4,1736.65,2434.45,1722.95,2423,1686.65,2435.5,1651.35,2457.1,1626.35,2481.05,1616.15,2518.55,1635.5,2531.05,1693.4,2518.55,1721.85,2491.2,1736.65
2-6,Uninfected,No_comment,Polygon,12,2253.7,1599.1,2236.65,1572.95,2231,1537.7,2253.7,1505.9,2279.8,1493.4,2308.25,1492.3,2335.55,1497.95,2355.95,1528.6,2355.95,1571.85,2330.95,1598,2298.05,1611.6,2273.05,1601.4
2-7,Uninfected,No_comment,Polygon,11,2373,1507,2380.95,1485.45,2395.8,1458.2,2417.4,1447.9,2441.25,1444.5,2469.6,1455.9,2490.05,1490,2483.3,1529.8,2448,1560.45,2408.3,1550.2,2386.7,1527.5
2-8,Uninfected,No_comment,Polygon,12,2303.75,1468.4,2261.7,1442.25,2251.45,1419.5,2253.7,1388.85,2261.7,1363.8,2290.1,1351.3,2318.5,1350.2,2341.25,1354.75,2366.25,1379.75,2373,1422.9,2354.85,1450.25,2329.8,1462.75
2-9,Uninfected,No_comment,Polygon,10,2085.45,1418.4,2043.4,1418.4,2022.95,1413.85,2000.25,1374.1,2010.5,1340,2040.05,1325.2,2077.5,1327.5,2099.15,1352.5,2107.05,1379.75,2099.15,1401.35
2-10,Uninfected,No_comment,Polygon,11,2175.3,1345.65,2127.5,1341.1,2100.3,1317.2,2085.45,1278.6,2105.95,1251.35,2138.95,1233.1,2167.35,1235.4,2194.6,1253.6,2209.4,1279.7,2203.65,1316.1,2190.05,1336.55
2-11,Uninfected,No_comment,Polygon,9,2036.65,1541.1,2011.65,1524.05,1995.75,1487.75,2016.2,1454.75,2040.05,1439.95,2074.15,1457,2091.2,1486.55,2087.8,1511.55,2068.4,1535.45
2-12,Uninfected,No_comment,Polygon,12,2027.55,1670.7,2004.75,1665.05,1976.35,1648,1961.65,1619.55,1961.65,1577.5,1990.05,1562.7,2015.05,1561.6,2052.5,1576.4,2072.95,1602.5,2074.15,1625.2,2062.8,1652.55,2047.95,1662.75
2-13,Uninfected,No_comment,Polygon,11,1960.5,1830.95,1932.1,1829.85,1912.7,1810.5,1903.6,1779.8,1919.6,1746.85,1946.8,1734.35,1978.7,1737.75,2012.8,1754.8,2025.3,1778.7,2017.3,1809.35,1994.6,1828.65
2-14,Uninfected,No_comment,Polygon,11,1932.1,1993.45,1901.4,1982.15,1883.15,1941.2,1891.1,1910.5,1913.9,1892.35,1953.7,1890.05,1983.25,1900.25,2008.25,1933.2,2007.1,1960.55,1984.3,1987.8,1960.5,1991.2
2-15,Uninfected,No_comment,Polygon,11,1750.25,2002.6,1712.75,1978.7,1700.25,1952.6,1705.85,1918.5,1721.8,1900.25,1751.35,1892.35,1789.95,1893.5,1818.45,1913.95,1826.4,1958.25,1810.45,1981,1785.4,1994.65
2-16,Uninfected,No_comment,Polygon,12,1620.65,1952.6,1587.65,1952.6,1572.95,1934.35,1561.55,1909.4,1569.55,1877.55,1586.6,1853.65,1613.85,1841.15,1640,1844.6,1667.2,1852.55,1683.2,1885.5,1674.1,1927.55,1659.25,1945.75
2-17,Uninfected,No_comment,Polygon,10,1780.9,1762.75,1754.8,1729.8,1751.35,1696.85,1766.15,1660.5,1802.45,1649.1,1836.55,1657.1,1871.85,1687.75,1871.85,1730.9,1854.8,1755.95,1819.5,1767.3
2-18,Uninfected,No_comment,Polygon,12,1735.4,1626.35,1696.75,1627.55,1669.55,1608.2,1655.85,1580.95,1655.85,1547.95,1680.85,1520.65,1709.3,1510.45,1743.35,1511.55,1767.3,1533.15,1778.65,1558.15,1776.4,1596.8,1762.75,1612.7
2-19,Uninfected,No_comment,Polygon,10,1540,1765,1513.85,1750.25,1484.3,1725.25,1486.5,1683.2,1535.45,1646.8,1568.4,1648,1603.6,1667.3,1617.2,1704.8,1607.05,1734.35,1585.45,1757.05
2-20,Uninfected,No_comment,Polygon,11,1472.9,1883.2,1430.85,1878.65,1402.4,1859.4,1389.9,1824.1,1405.8,1793.45,1427.4,1771.85,1458.15,1761.65,1493.4,1770.75,1512.7,1792.3,1521.8,1826.4,1503.55,1863.95
2-21,Uninfected,No_comment,Polygon,10,1283.1,1945.75,1249.05,1927.55,1224,1902.55,1225.1,1869.6,1245.55,1836.6,1274.05,1827.55,1310.4,1836.6,1336.55,1863.95,1343.3,1903.65,1329.65,1929.8
2-22,Uninfected,No_comment,Polygon,12,1202.45,1659.3,1170.55,1632.05,1164.9,1596.8,1178.5,1568.45,1202.45,1543.4,1219.5,1537.7,1242.15,1540,1277.45,1559.35,1285.4,1591.15,1282,1627.55,1267.15,1650.25,1241,1657.1
2-23,Uninfected,No_comment,Polygon,11,1319.5,1582.05,1285.4,1546.85,1282,1526.4,1300.1,1492.3,1326.25,1478.6,1359.2,1488.85,1401.3,1512.75,1421.8,1546.85,1420.65,1580.95,1399.05,1598,1357,1593.45
2-24,Uninfected,No_comment,Polygon,11,1264.95,1474.05,1233.05,1467.3,1201.3,1437.75,1188.8,1401.35,1196.75,1365,1206.95,1347.95,1232,1347.95,1272.9,1357.05,1299.05,1392.25,1309.2,1430.9,1303.6,1455.9
2-25,Uninfected,No_comment,Polygon,11,1308.15,1300.2,1283.1,1291.1,1267.15,1252.45,1275.1,1218.35,1287.6,1192.25,1302.45,1191.05,1339.95,1194.5,1380.8,1234.3,1383.15,1274.05,1363.75,1303.6,1333.15,1304.7
2-26,Uninfected,No_comment,Polygon,10,1709.3,1482,1682.05,1458.2,1682.05,1418.4,1692.25,1396.8,1724.1,1379.75,1757,1387.7,1786.55,1410.4,1782,1459.3,1768.4,1476.35,1747.9,1480.9
2-27,Uninfected,No_comment,Polygon,12,1908.15,1512.75,1882.05,1492.3,1865.05,1458.2,1860.5,1421.8,1878.6,1400.2,1905.95,1385.4,1930.95,1384.3,1971.8,1410.4,1983.25,1453.65,1976.35,1488.85,1957.1,1508.15,1927.55,1516.1
2-28,Uninfected,No_comment,Polygon,11,1709.3,1338.8,1693.35,1320.65,1688.8,1267.2,1721.8,1237.65,1754.8,1235.4,1791.15,1252.45,1816.1,1278.6,1830.95,1316.1,1814.95,1344.55,1782,1359.3,1739.95,1352.5
2-29,Uninfected,No_comment,Polygon,11,1615,1394.55,1580.9,1368.35,1576.35,1333.15,1593.4,1302.5,1620.65,1284.25,1641.15,1284.25,1667.2,1305.9,1678.65,1324.05,1674.1,1362.7,1661.6,1393.35,1633.15,1399.1
2-30,Uninfected,No_comment,Polygon,12,1618.4,1224.05,1592.2,1202.45,1585.45,1162.7,1587.65,1134.25,1615,1110.35,1635.45,1099.05,1683.2,1105.85,1705.85,1129.75,1713.8,1163.8,1716.15,1195.6,1690,1229.7,1660.45,1235.4
2-31,Uninfected,No_comment,Polygon,12,1493.4,1221.8,1458.15,1208.1,1430.85,1179.75,1421.8,1130.85,1438.85,1091.1,1459.3,1067.2,1488.85,1067.2,1517.25,1083.15,1540,1120.65,1540,1154.75,1536.5,1191.05,1517.25,1209.3
2-32,Uninfected,No_comment,Polygon,12,1811.55,1217.25,1772.9,1205.85,1741.15,1177.45,1741.15,1151.3,1753.65,1119.45,1783.2,1104.7,1818.45,1101.3,1852.5,1102.4,1870.65,1121.75,1879.8,1151.3,1874.05,1178.55,1844.5,1205.85
2-33,Uninfected,No_comment,Polygon,11,2757.2,1819.6,2729.9,1813.9,2704.9,1794.55,2702.7,1762.8,2716.3,1733.25,2740.15,1713.9,2771.95,1710.45,2800.4,1718.45,2819.7,1743.45,2810.6,1776.4,2790.15,1812.8
2-34,Uninfected,No_comment,Polygon,10,2870.85,1801.4,2858.35,1771.85,2867.5,1738.9,2897.05,1708.25,2917.45,1708.25,2960.7,1724.15,2974.25,1753.7,2967.45,1787.8,2926.6,1811.6,2895.85,1815.05
2-35,Uninfected,No_comment,Polygon,10,2908.35,1623,2902.65,1604.75,2907.2,1571.85,2936.75,1549.1,2968.65,1546.85,2994.75,1562.7,3008.35,1588.9,3003.8,1626.35,2967.45,1648,2941.3,1644.6
2-36,Uninfected,No_comment,Polygon,12,2700.35,1524.1,2673.15,1529.8,2633.3,1508.15,2616.25,1475.25,2621.95,1436.6,2644.65,1416.15,2671.95,1405.9,2694.75,1413.85,2719.75,1432,2736.8,1469.55,2733.3,1504.8,2711.8,1518.45
2-37,Uninfected,No_comment,Polygon,11,2836.75,1485.45,2798.1,1463.85,2784.45,1421.8,2798.1,1391.15,2816.3,1378.65,2853.8,1378.65,2883.35,1394.55,2901.6,1424.1,2902.65,1447.95,2887.9,1476.35,2862.95,1484.35
2-38,Uninfected,No_comment,Polygon,12,2939.1,1418.4,2912.9,1397.9,2899.25,1361.6,2909.55,1329.75,2933.35,1302.5,2953.8,1299.05,2985.7,1296.75,3012.9,1315,3022,1334.3,3020.85,1362.7,3004.95,1394.55,2976.55,1409.3
2-39,Uninfected,No_comment,Polygon,12,3010.7,1467.3,3010.7,1446.8,3032.3,1408.2,3056.1,1386.6,3076.55,1378.65,3106.1,1386.6,3127.7,1412.75,3129.95,1442.3,3119.75,1468.4,3078.9,1486.55,3048.15,1490,3024.3,1475.25
2-40,Uninfected,No_comment,Polygon,11,3091.4,1591.15,3081.1,1557.05,3087.9,1521.85,3118.6,1500.25,3144.75,1488.9,3165.2,1499.05,3184.55,1516.1,3195.9,1551.4,3178.85,1598,3144.75,1615.05,3117.45,1612.75
2-41,Uninfected,No_comment,Polygon,12,3070.85,1884.4,3057.3,1862.8,3058.35,1827.55,3077.7,1785.5,3106.1,1777.55,3124.3,1774.15,3157.25,1785.5,3174.3,1821.9,3169.75,1849.15,3153.85,1877.55,3128.9,1893.5,3089.05,1894.6
2-42,Uninfected,No_comment,Polygon,11,2972,1915.1,2942.45,1896.9,2933.35,1873,2936.75,1850.3,2954.95,1832.1,2976.55,1824.1,3002.75,1823,3032.3,1843.45,3041.3,1877.55,3020.85,1907.1,2987.9,1913.95
2-43,Uninfected,No_comment,Polygon,11,2741.35,2071.9,2704.9,2050.3,2685.65,2011.7,2685.65,1973.05,2693.55,1945.75,2718.55,1931,2744.75,1933.25,2768.55,1962.8,2789,2010.55,2785.6,2038.95,2762.85,2063.95
2-44,Uninfected,No_comment,Polygon,11,2537.85,2004.85,2504.95,1987.8,2494.65,1960.55,2494.65,1928.7,2517.45,1901.45,2542.45,1893.5,2578.75,1890.05,2602.6,1911.65,2618.6,1948.05,2604.9,1978.7,2583.3,1995.75
2-45,Uninfected,No_comment,Polygon,13,2519.65,2051.45,2518.5,2086.7,2527.6,2113.95,2549.2,2133.3,2584.5,2146.95,2616.25,2144.65,2641.25,2124.15,2645.8,2100.35,2642.4,2074.2,2631.1,2051.45,2592.4,2027.6,2566.25,2024.2,2542.45,2030.95
2-46,Uninfected,No_comment,Polygon,10,2801.5,2045.8,2817.45,2088.95,2840.15,2109.4,2872.05,2099.2,2897.05,2082.1,2917.45,2061.7,2918.6,2038.95,2897.05,2016.25,2886.75,2004.85,2872.05,1996.9
2-47,Uninfected,No_comment,Polygon,10,2932.2,1974.2,2941.3,2009.4,2961.75,2037.8,2983.35,2051.45,3007.25,2050.3,3032.3,2029.85,3034.5,1999.2,3023.2,1962.8,2995.85,1941.2,2972,1940.1
2-48,Uninfected,No_comment,Polygon,11,3048.15,2171.95,3051.55,2192.4,3049.35,2207.15,3033.35,2218.55,3042.45,2240.1,3073.15,2260.6,3097,2256.05,3126.55,2241.25,3133.45,2212.8,3118.6,2168.5,3092.45,2166.2
2-49,Uninfected,No_comment,Polygon,11,3094.75,2120.8,3095.9,2090.05,3128.9,2061.7,3153.85,2057.15,3188,2069.65,3211.8,2090.05,3219.75,2123.05,3211.8,2150.35,3191.35,2171.95,3147,2174.2,3104.95,2154.9
2-50,Uninfected,No_comment,Polygon,13,3473.2,1816.15,3459.55,1836.6,3458.5,1871.9,3469.8,1902.55,3490.25,1934.35,3524.35,1952.55,3545.95,1956,3568.7,1950.25,3586.85,1912.75,3585.7,1882.1,3569.8,1843.45,3548.2,1813.9,3509.6,1801.4
2-51,Uninfected,No_comment,Polygon,12,3394.85,1705.9,3362.95,1707.1,3340.3,1704.8,3314.1,1679.8,3294.75,1632.05,3316.35,1603.65,3343.65,1588.9,3368.65,1593.45,3403.9,1609.3,3417.5,1640.05,3424.4,1671.8,3411.9,1690.05
2-52,Uninfected,No_comment,Polygon,14,3550.5,1650.25,3526.65,1620.7,3520.95,1585.45,3541.4,1552.5,3568.7,1540,3597.15,1533.15,3609.6,1536.55,3619.8,1532.05,3638,1546.85,3655.05,1575.2,3649.35,1615,3626.7,1650.25,3592.55,1657.1,3575.5,1657.1
2-53,Uninfected,No_comment,Polygon,13,3774.45,1810.5,3752.8,1784.35,3743.7,1738.9,3758.5,1702.55,3785.75,1686.6,3827.8,1684.3,3860.75,1695.7,3892.65,1719.6,3901.75,1745.7,3901.75,1784.35,3875.6,1816.15,3838.1,1824.1,3808.55,1821.85
2-54,Uninfected,No_comment,Polygon,11,3788.05,2016.2,3789.15,1978.7,3805.1,1946.85,3824.4,1926.45,3856.2,1918.5,3889.2,1927.55,3909.7,1953.7,3907.35,1999.15,3886.9,2033.25,3855.15,2041.2,3809.6,2032.15
2-55,Uninfected,No_comment,Polygon,14,3886.9,2067.35,3891.45,2096.9,3913.05,2125.35,3936.9,2143.5,3964.25,2156,3998.35,2156,4022.15,2140.05,4031.25,2124.15,4024.45,2095.8,4006.25,2063.9,3982.35,2043.45,3943.8,2030.95,3903.95,2038.9,3892.65,2053.75
2-56,Uninfected,No_comment,Polygon,11,3597.15,2211.65,3572.15,2199.15,3547.15,2184.45,3523.2,2141.25,3534.65,2113.95,3563,2096.9,3588,2099.2,3634.6,2113.95,3650.5,2150.35,3645.95,2186.65,3623.3,2207.15
2-57,Uninfected,No_comment,Polygon,13,3461.85,2151.45,3439.1,2138.95,3422.05,2121.9,3403.9,2095.8,3401.6,2058.25,3418.65,2025.3,3448.2,2023,3481.15,2028.7,3511.85,2052.55,3528.9,2092.35,3523.2,2120.8,3505.1,2135.55,3477.75,2149.15
2-58,Uninfected,No_comment,Polygon,11,3882.35,1613.9,3861.9,1583.15,3869.85,1544.5,3884.7,1504.8,3913.05,1489.95,3955.1,1495.7,3976.7,1513.85,3980.1,1552.5,3972.15,1588.9,3948.35,1618.45,3916.45,1621.8
2-59,Uninfected,No_comment,Polygon,11,4027.9,1569.55,4006.25,1543.4,4008.5,1500.25,4018.75,1466.15,4056.25,1454.75,4085.8,1454.75,4118.75,1482,4130.15,1517.3,4114.2,1554.8,4093.75,1576.4,4055.1,1578.6
2-60,Uninfected,No_comment,Polygon,11,4132.4,1626.35,4138.15,1584.35,4164.2,1561.55,4199.45,1557.05,4246.05,1578.6,4269.9,1601.4,4280.15,1632.05,4268.85,1666.15,4241.5,1684.3,4206.3,1682.05,4158.6,1651.35
2-61,Uninfected,No_comment,Polygon,12,3883.5,1432,3883.5,1403.6,3906.3,1379.75,3918.8,1369.55,3933.5,1355.85,3972.15,1355.85,4006.25,1375.2,4016.5,1397.9,4000.55,1432,3977.9,1450.2,3940.35,1459.3,3898.3,1451.35
2-62,Uninfected,No_comment,Polygon,13,3605.05,1500.25,3569.8,1493.4,3547.15,1482,3536.85,1434.3,3544.8,1414.95,3570.95,1394.55,3593.75,1385.4,3616.4,1383.15,3642.55,1393.35,3663,1422.9,3670.95,1467.25,3658.45,1484.3,3627.85,1496.8
2-63,Uninfected,No_comment,Polygon,12,4172.25,1475.25,4143.75,1452.45,4133.6,1426.35,4135.8,1395.65,4157.4,1370.65,4185.8,1360.4,4213.15,1363.8,4235.85,1369.55,4261.95,1402.45,4261.95,1427.45,4236.95,1460.4,4198.3,1475.25
2-64,Uninfected,No_comment,Polygon,11,4134.65,1353.6,4105.1,1341.1,4082.45,1304.7,4082.45,1271.75,4089.2,1247.9,4124.45,1229.7,4150.65,1225.15,4185.8,1251.35,4200.65,1274.05,4186.95,1317.2,4164.2,1343.35
2-65,Uninfected,No_comment,Polygon,12,4224.45,1309.25,4226.8,1274.05,4241.5,1254.7,4267.65,1239.95,4293.85,1236.5,4339.25,1246.8,4366.55,1280.9,4370,1322.95,4351.75,1353.6,4326.75,1371.75,4290.45,1370.65,4248.35,1340
2-66,Uninfected,No_comment,Polygon,11,4405.15,1412.7,4385.85,1380.85,4383.6,1352.5,4399.55,1325.15,4437.05,1316.1,4480.25,1328.6,4501.75,1354.7,4506.3,1396.8,4502.9,1422.9,4474.5,1429.75,4434.7,1429.75
2-67,Uninfected,No_comment,Polygon,13,4373.35,1244.5,4346.05,1228.55,4327.95,1204.75,4318.85,1169.45,4332.5,1134.25,4349.5,1126.3,4387.05,1124,4420,1139.9,4451.75,1172.9,4444.95,1186.5,4446.15,1217.25,4417.65,1236.5,4395,1245.6
2-68,Uninfected,No_comment,Polygon,12,3883.5,1316.1,3901.75,1329.7,3919.85,1335.45,3942.6,1335.45,3967.6,1317.2,3985.85,1287.65,3978.95,1249.05,3958.5,1232,3924.4,1228.55,3893.75,1250.15,3880.15,1276.35,3883.5,1300.15
2-69,Uninfected,No_comment,Polygon,13,3544.8,1124,3531.2,1104.7,3532.3,1080.8,3541.4,1050.15,3558.45,1027.45,3583.45,1019.5,3609.6,1019.5,3630.05,1035.35,3638,1062.65,3636.85,1094.45,3616.4,1117.2,3589.2,1130.85,3556.2,1131.95
2-70,Uninfected,No_comment,Polygon,12,3450.55,1366.1,3414.1,1353.6,3386.9,1325.15,3387.95,1292.2,3402.75,1264.95,3427.75,1254.7,3463.05,1254.7,3486.85,1267.2,3511.85,1295.6,3510.7,1322.95,3491.4,1352.5,3471,1363.8
2-71,Uninfected,No_comment,Polygon,11,3341.35,1419.5,3305,1419.5,3270.9,1400.2,3249.3,1357.05,3257.25,1328.6,3274.3,1307,3306.2,1300.15,3331.15,1305.9,3360.7,1324.05,3366.4,1361.55,3364.1,1392.25
2-72,Uninfected,No_comment,Polygon,11,3292.5,1283.1,3265.25,1270.6,3252.7,1246.8,3251.65,1219.5,3260.75,1195.6,3282.25,1181.95,3310.75,1171.75,3358.4,1193.35,3365.3,1221.8,3352.8,1251.35,3333.4,1264.95
2-73,Uninfected,No_comment,Polygon,12,3370.9,1166.05,3350.45,1151.3,3342.5,1125.15,3347.05,1091.1,3357.35,1074.05,3384.55,1063.75,3406.15,1063.75,3434.55,1074.05,3450.55,1108.15,3448.2,1136.5,3426.6,1158.15,3392.5,1170.6
2-74,Uninfected,No_comment,Polygon,11,3815.3,1051.25,3822.15,1009.2,3847.2,994.45,3865.3,985.4,3896,985.4,3926.75,1003.55,3924.4,1027.45,3913.05,1069.5,3888.05,1081.95,3865.3,1085.35,3836.9,1072.85
2-75,Uninfected,No_comment,Polygon,12,4214.3,1028.55,4172.25,995.6,4161.95,956.95,4176.75,919.45,4211.95,897.85,4252.85,895.55,4280.15,906.95,4297.2,929.65,4311.95,969.45,4291.5,1010.4,4265.4,1026.25,4239.3,1032
2-76,Uninfected,No_comment,Polygon,10,4399.55,1095.6,4364.25,1080.8,4341.5,1046.7,4352.95,1017.15,4376.75,995.6,4401.75,992.15,4426.75,992.15,4448.35,1018.3,4454.1,1052.4,4433.65,1085.35
2-77,Uninfected,No_comment,Polygon,10,4227.85,1809.35,4200.65,1772.95,4200.65,1742.3,4223.3,1713.85,4263.1,1711.6,4305.15,1717.3,4325.6,1742.3,4326.75,1771.85,4308.55,1805.95,4279,1810.45
2-78,Uninfected,No_comment,Polygon,11,3784.6,903.5,3756.2,869.4,3748.25,820.6,3761.95,788.75,3788.1,773.95,3826.65,771.7,3849.4,791.05,3865.3,843.3,3857.35,881.95,3823.25,912.6,3805.15,912.6
2-79,Uninfected,No_comment,Polygon,11,3518.65,818.3,3490.25,808.1,3465.25,781.9,3459.55,746.7,3465.25,725.1,3483.5,695.55,3522.15,684.15,3556.2,696.65,3576.7,729.65,3575.5,763.75,3558.45,798.95
2-80,Uninfected,No_comment,Polygon,11,3110.65,936.5,3098.15,911.5,3110.65,873.95,3139.05,852.4,3155.05,850.15,3195.9,856.9,3220.9,877.4,3220.9,917.15,3199.3,946.7,3175.5,967.15,3138,955.85
2-81,Uninfected,No_comment,Polygon,11,4011.95,988.75,3972.15,1002.45,3935.85,987.6,3909.7,952.4,3915.3,916,3936.9,887.6,3957.4,879.7,3990.4,869.4,4016.5,881.95,4047.15,925.1,4044.95,960.4
2-82,Uninfected,No_comment,Polygon,11,4001.7,864.9,4011.95,851.25,4041.5,838.75,4076.7,842.2,4116.55,867.2,4126.7,904.65,4104.05,945.55,4068.75,953.55,4041.5,943.25,4007.5,918.25,4000.6,886.45
2-83,Uninfected,No_comment,Polygon,12,4101.7,760.3,4112,735.3,4134.65,721.65,4164.2,720.55,4181.25,721.65,4208.55,742.15,4225.6,769.4,4224.45,809.2,4208.55,837.65,4157.4,841,4119.9,823.95,4096.1,787.6
2-84,Uninfected,No_comment,Polygon,10,4265.4,692.1,4291.5,680.75,4318.85,691,4340.45,719.45,4354.05,759.2,4339.25,787.6,4301.8,796.7,4260.9,785.3,4241.5,746.7,4248.35,706.95
2-85,Uninfected,No_comment,Polygon,13,3206.15,725.05,3202.75,701.2,3212.95,673.95,3225.45,648.95,3252.75,631.9,3278.9,628.45,3294.8,635.3,3306.15,659.15,3309.6,681.9,3291.4,717.1,3268.65,738.7,3225.45,744.35,3215.25,736.45
2-86,Uninfected,No_comment,Polygon,11,3056.15,866,3030,842.15,3017.5,814.85,3024.3,788.7,3044.75,758.05,3062.95,748.95,3089.1,748.95,3117.5,768.25,3122.05,801.2,3114.1,837.6,3092.5,853.45
2-87,Uninfected,No_comment,Polygon,10,3527.8,529.6,3485.75,528.45,3472.1,506.85,3472.1,460.25,3482.35,429.6,3500.5,425.05,3525.5,425.05,3550.5,439.8,3565.3,478.4,3555.05,510.25
2-88,Uninfected,No_comment,Polygon,12,3633.5,507.95,3669.85,507.95,3685.75,495.45,3713.05,473.85,3714.2,447.75,3705.1,417.05,3676.7,398.9,3659.65,394.35,3625.55,398.9,3592.55,421.6,3584.6,478.4,3607.7,504.95
2-89,Uninfected,No_comment,Polygon,11,3626.65,635.3,3606.2,617.1,3606.2,580.75,3638.05,538.7,3665.3,532.95,3700.55,545.45,3722.15,568.25,3722.15,604.55,3703.95,629.6,3678.95,646.65,3640.3,646.65
2-90,Uninfected,No_comment,Polygon,13,3444.8,439.8,3403.9,437.55,3381.2,415.95,3370.95,389.75,3372.1,352.3,3392.55,305.7,3431.2,280.7,3457.35,279.55,3489.15,293.2,3506.2,334.1,3509.6,379.55,3503.9,404.55,3469.85,429.6
2-91,Uninfected,No_comment,Polygon,12,3308.45,209.1,3327.75,248.85,3344.8,264.8,3370.95,273.85,3395.95,263.65,3431.2,237.45,3435.75,209.1,3433.45,182.9,3406.2,160.2,3381.2,150,3338,150,3319.8,167.05
2-92,Uninfected,No_comment,Polygon,14,3463,134.1,3463,163.65,3474.35,189.75,3499.4,221.6,3519.85,222.75,3546,215.9,3569.85,199.95,3582.35,177.25,3585.75,140.85,3586.9,110.2,3575.55,90.9,3547.1,86.35,3503.9,89.7,3485.75,96.55
2-93,Uninfected,No_comment,Polygon,11,3835.8,354.55,3807.4,332.95,3799.4,307.95,3801.7,268.2,3833.5,240.9,3865.35,231.8,3888.05,231.8,3919.9,252.3,3927.85,309.1,3894.9,347.7,3849.45,360.2
2-94,Uninfected,No_comment,Polygon,12,4094.85,616,4118.8,652.4,4153.95,676.2,4190.4,677.4,4222.2,667.15,4234.7,638.7,4231.3,602.4,4205.15,572.85,4184.7,563.75,4141.5,554.65,4106.3,572.85,4097.2,589.9
2-95,Uninfected,No_comment,Polygon,12,4015.35,475.1,4018.7,502.35,4042.65,525.1,4077.8,534.2,4106.3,534.2,4126.75,510.3,4135.85,487.6,4133.55,451.2,4106.3,416,4084.7,410.3,4042.65,406.85,4026.65,426.2
2-96,Uninfected,No_comment,Polygon,13,4009.65,473.9,3996.05,446.65,3994.9,422.8,3997.1,403.5,4008.55,384.15,4029,375.05,4051.7,371.65,4067.65,380.75,4097.2,398.95,4108.55,417.1,4103.95,434.25,4069.85,456.95,4014.15,472.8
2-97,Uninfected,No_comment,Polygon,14,2493.9,1180.3,2464.7,1174.05,2432.4,1146.95,2423.05,1119.9,2423.05,1090.7,2438.65,1067.75,2461.6,1053.2,2481.4,1053.2,2504.3,1057.35,2528.25,1076.1,2552.2,1104.25,2552.2,1137.55,2539.7,1167.8,2516.8,1176.15
2-98,Uninfected,No_comment,Polygon,12,2621,1095.9,2598.05,1083.4,2587.65,1062.6,2591.8,1030.25,2606.4,1010.45,2631.4,1000.1,2653.25,1000.1,2681.4,1009.45,2690.75,1026.1,2688.7,1067.75,2674.1,1090.7,2637.65,1102.15
2-99,Uninfected,No_comment,Polygon,11,2551.25,1248,2538.75,1220.95,2539.7,1189.65,2568.9,1170.9,2599.1,1162.55,2622,1173,2642.85,1198,2644.95,1224.05,2627.25,1251.1,2610.55,1262.55,2579.3,1260.5
2-100,Uninfected,No_comment,Polygon,12,2332.4,1090.7,2306.35,1068.8,2297,1029.2,2309.5,997.95,2328.25,980.25,2354.3,975.05,2385.55,975.05,2412.65,996.95,2423.05,1034.45,2410.55,1068.8,2386.6,1095.9,2358.45,1096.95
2-101,Uninfected,No_comment,Polygon,10,2498.05,949,2512.65,927.15,2537.65,910.45,2563.75,906.3,2583.45,907.35,2599.1,926.1,2607.45,954.2,2596,986.5,2545.95,996.95,2513.7,987.6
2-102,Uninfected,No_comment,Polygon,12,2597,879.2,2617.85,915.65,2636.6,941.7,2666.8,949,2704.3,932.35,2718.9,908.4,2721,862.55,2700.15,833.4,2676.2,816.75,2643.9,808.35,2626.2,814.65,2606.4,837.55
2-103,Uninfected,No_comment,Polygon,10,2789.75,1148,2763.7,1123,2772.1,1070.9,2800.15,1053.2,2825.15,1046.95,2847.05,1052.15,2873.1,1074,2875.15,1120.9,2854.35,1154.25,2806.4,1156.3
2-104,Uninfected,No_comment,Polygon,15,2784.6,745.85,2774.1,769.85,2773.05,794.85,2776.2,823,2791.8,843.8,2811.6,856.3,2823.1,857.35,2846,853.15,2862.65,837.55,2872.05,810.5,2878.3,784.4,2869.95,753.15,2854.35,732.35,2821,728.15,2794.95,738.6
2-105,Uninfected,No_comment,Polygon,11,2790.85,669.8,2791.8,642.75,2793.9,617.75,2818.9,595.9,2851.2,590.65,2877.25,601.05,2894.95,629.2,2891.9,677.1,2873.1,690.7,2844.95,707.35,2815.85,699
2-106,Uninfected,No_comment,Polygon,12,2129.3,1004.2,2102.2,968.8,2102.2,928.2,2120.95,897.95,2143.85,881.3,2174.05,883.4,2204.35,897.95,2213.65,928.2,2218.85,959.45,2214.7,987.6,2198.1,1007.35,2170.95,1012.6
2-107,Uninfected,No_comment,Polygon,11,1963.65,957.35,1923,944.85,1900.1,918.8,1898,876.1,1914.7,852.15,1938.65,842.75,1958.5,847.95,1989.75,864.65,2002.2,899.05,2001.15,926.1,1978.2,952.15
2-108,Uninfected,No_comment,Polygon,12,1805.3,978.2,1783.4,968.8,1773,937.55,1776.15,919.85,1774.05,908.4,1805.3,869.85,1828.2,868.8,1862.6,885.45,1869.95,909.4,1870.9,926.1,1864.65,955.25,1851.2,971.95
2-109,Uninfected,No_comment,Polygon,12,2155.3,854.2,2131.35,849,2105.3,829.25,2092.8,793.8,2098,762.55,2117.8,733.35,2151.15,729.2,2184.5,737.55,2198.1,764.6,2208.45,794.85,2202.2,821.9,2191.85,843.8
2-110,Uninfected,No_comment,Polygon,12,2245.95,788.6,2224.05,771.9,2212.6,728.15,2217.8,692.75,2239.7,672.95,2260.55,666.7,2295.95,676.05,2314.7,703.2,2322,743.8,2316.8,765.65,2295.95,787.55,2269.9,788.6
2-111,Uninfected,No_comment,Polygon,11,2553.25,683.35,2524.1,658.35,2513.7,625.05,2518.9,595.9,2541.8,570.9,2559.5,566.7,2607.45,585.45,2631.4,613.55,2634.5,658.35,2613.7,683.35,2578.25,686.5
2-112,Uninfected,No_comment,Polygon,12,1759.45,731.3,1729.25,714.6,1723,678.2,1731.4,649,1752.15,621.9,1771.95,619.8,1806.35,625.05,1830.3,647.95,1842.8,676.05,1836.55,702.1,1821.95,726.1,1798,737.55
2-113,Uninfected,No_comment,Polygon,11,1660.5,918.8,1629.25,899.05,1606.3,866.7,1611.6,830.25,1624.1,808.35,1651.1,804.25,1680.3,806.3,1712.6,834.4,1720.9,858.4,1721.95,886.55,1701.1,909.4
2-114,Uninfected,No_comment,Polygon,12,1846.95,630.25,1806.35,587.55,1799.05,544.8,1803.2,513.55,1826.15,500,1849.05,500,1878.2,512.5,1905.3,542.75,1920.95,577.15,1914.7,615.65,1898,634.4,1875.1,635.45
2-115,Uninfected,No_comment,Polygon,10,1536.5,735.45,1503.2,714.6,1482.35,684.45,1492.75,661.5,1512.55,639.6,1546.95,630.25,1587.55,647.95,1605.35,678.2,1598,705.25,1570.9,729.2
2-116,Uninfected,No_comment,Polygon,12,1239.85,1041.9,1209.25,1010.25,1198,969.45,1206.2,939.85,1231.7,920.45,1256.2,916.4,1277.6,925.55,1302.1,943.95,1315.4,975.55,1322.5,999.05,1308.25,1020.45,1275.6,1039.8
2-117,Uninfected,No_comment,Polygon,12,1341.9,920.45,1299.05,903.1,1282.7,888.85,1277.6,856.15,1289.85,839.85,1314.35,826.6,1336.8,822.5,1363.35,822.5,1386.8,837.8,1405.2,858.2,1401.1,883.75,1379.65,913.3
2-118,Uninfected,No_comment,Polygon,13,1351.1,618.4,1365.4,645.95,1376.6,666.3,1404.15,673.5,1430.65,671.45,1461.3,643.85,1465.4,611.25,1454.15,573.5,1434.75,553.1,1412.3,544.9,1373.55,545.95,1358.25,559.15,1348.05,585.75
2-119,Uninfected,No_comment,Polygon,13,1685.8,404.1,1657.2,404.1,1624.6,382.65,1608.25,355.1,1607.25,319.4,1622.55,290.8,1650.1,270.35,1683.75,270.35,1707.25,280.6,1726.65,300,1738.9,326.55,1742.95,367.3,1729.7,397.95
2-120,Uninfected,No_comment,Polygon,12,1765.4,416.35,1757.25,387.75,1763.35,356.15,1782.75,322.45,1813.4,313.25,1838.9,325.5,1860.3,349.95,1875.65,385.75,1875.65,419.4,1858.3,453.1,1818.5,460.2,1787.85,448
2-121,Uninfected,No_comment,Polygon,12,1719.45,227.55,1722.55,200,1752.15,163.2,1773.6,150,1805.2,150,1833.8,166.3,1843.95,208.1,1830.7,257.15,1818.5,277.55,1783.8,287.7,1752.15,285.7,1726.65,251
2-122,Uninfected,No_comment,Polygon,11,2064.4,383.7,2070.55,339.8,2088.9,314.3,2115.4,303.05,2151.15,295.9,2179.75,312.25,2188.9,358.15,2174.65,381.65,2152.2,399,2118.5,402.05,2086.85,396.95
2-123,Uninfected,No_comment,Polygon,13,1999.1,203,2012.35,242.8,2041.95,270.35,2076.65,281.65,2107.3,281.65,2130.75,264.3,2140.95,242.8,2141.95,218.35,2127.7,191.85,2108.3,170.4,2077.7,151,2026.65,151,2010.35,172.45
2-124,Uninfected,No_comment,Polygon,12,2620.55,570.45,2579.75,546.95,2555.25,513.3,2559.3,472.45,2574.65,443.95,2606.25,423.5,2642,422.45,2675.7,442.85,2696.05,481.7,2697.1,517.35,2689.95,544.9,2656.25,562.25
2-125,Uninfected,No_comment,Polygon,12,2749.15,537.8,2723.6,517.35,2712.4,459.25,2720.55,429.6,2745.05,401.05,2779.75,389.8,2802.2,395.95,2823.65,417.35,2834.85,445.95,2824.65,485.75,2814.45,513.3,2783.85,531.7
2-126,Uninfected,No_comment,Polygon,13,2716.5,347.95,2697.1,332.65,2690.95,309.2,2697.1,280.6,2717.5,254.1,2743,235.7,2771.6,233.65,2805.25,242.85,2820.55,263.25,2823.65,299,2799.15,330.6,2770.55,347,2732.8,345.9
2-127,Uninfected,No_comment,Polygon,12,2643,213.25,2613.45,186.75,2608.3,138.75,2614.45,112.25,2625.65,89.8,2651.15,83.65,2675.7,86.7,2705.25,114.25,2714.45,145.9,2709.35,191.85,2696.05,211.2,2650.15,215.35
2-128,Uninfected,No_comment,Polygon,11,2555.25,136.7,2530.75,131.6,2509.3,98.95,2505.25,74.45,2513.4,53.1,2529.75,37.75,2553.2,32.65,2573.6,48,2589.95,70.45,2590.95,107.15,2574.65,127.55
2-129,Uninfected,No_comment,Polygon,12,2390.95,175.55,2344,155.15,2328.7,122.45,2331.75,67.35,2347.05,44.9,2364.4,33.65,2395,31.6,2419.5,42.85,2443,67.35,2444,106.1,2441.95,134.7,2422.55,164.3
2-130,Uninfected,No_comment,Polygon,11,2159.3,180.6,2124.6,160.25,2109.3,121.4,2113.35,86.7,2135.8,62.25,2149.1,53.1,2180.7,53.1,2207.25,68.4,2212.35,101,2211.35,139.8,2187.85,170.45
2-131,Uninfected,No_comment,Polygon,12,2917.5,352.1,2927.7,308.15,2939.95,286.75,2965.5,272.5,2984.85,268.35,3007.3,272.5,3028.75,292.85,3034.85,320.4,3033.85,363.25,3005.3,386.8,2966.5,393.9,2935.9,384.75
2-132,Uninfected,No_comment,Polygon,12,2884.9,61.2,2902.2,30.65,2926.7,9.15,2955.25,5.1,2983.85,18.4,3005.3,44.9,3010.4,80.65,2998.15,120.45,2963.45,139.8,2939.95,142.9,2904.25,123.45,2891,91.8
2-133,Uninfected,No_comment,Polygon,11,3110.4,72.45,3135.9,45.95,3164.45,30.65,3197.15,29.55,3214.5,43.85,3226.7,65.35,3221.6,100,3204.25,130.65,3157.35,144.9,3128.75,137.8,3114.45,98
2-134,Uninfected,No_comment,Polygon,11,3300.2,58.2,3299.2,85.75,3319.6,114.25,3351.2,123.45,3390,122.45,3419.6,94.9,3429.8,68.4,3422.65,17.35,3382.9,2,3353.25,1.05,3332.85,13.3
2-135,Uninfected,No_comment,Polygon,11,3564.5,75.55,3563.5,48.95,3588,11.25,3654.35,3.1,3670.65,20.4,3676.75,48.95,3668.6,86.7,3648.2,113.3,3608.4,123.45,3578.3,117.85,3560.95,100.5
2-136,Uninfected,No_comment,Polygon,11,4172.1,2088.85,4145.2,2058.55,4149.7,2015.85,4172.1,1985.55,4205.9,1975.4,4238.45,1990,4260.95,2020.35,4268.8,2065.3,4248.6,2102.35,4201.4,2100.1,4178.9,2091.1
2-137,Uninfected,No_comment,Polygon,10,4048.55,2064.15,4020.5,2042.8,4008.1,2015.85,4010.35,1983.3,4031.7,1964.2,4058.7,1964.2,4100.25,1974.25,4128.35,2006.9,4122.75,2042.8,4102.5,2063.05
2-138,Uninfected,No_comment,Polygon,12,4129.4,1964.2,4104.75,1946.15,4080.05,1918.1,4078.9,1886.6,4094.65,1861.9,4122.75,1849.55,4151.95,1850.65,4171.05,1861.9,4202.5,1894.5,4203.65,1925.95,4187.9,1954.05,4163.2,1963
2-139,Uninfected,No_comment,Polygon,12,4236.15,1940.6,4222.75,1919.25,4223.85,1884.35,4246.35,1861.9,4271.05,1851.8,4300.2,1851.8,4332.85,1873.15,4341.85,1896.75,4344.1,1920.3,4317.15,1938.35,4297.95,1951.8,4259.8,1951.8
2-140,Uninfected,No_comment,Polygon,11,4308.15,2082.15,4291.3,2065.3,4284.55,2037.2,4278.85,1996.75,4305.9,1974.25,4342.9,1968.65,4368.8,1984.35,4387.9,2022.6,4383.35,2047.35,4369.95,2073.15,4335.1,2084.4
2-141,Uninfected,No_comment,Polygon,11,4144.1,2247.3,4123.85,2223.7,4117.1,2184.4,4133.95,2147.3,4173.3,2132.75,4210.4,2133.8,4240.7,2154.1,4255.25,2191.15,4241.85,2229.35,4220.5,2255.2,4181.15,2259.65
2-142,Uninfected,No_comment,Polygon,10,4062.05,2304.6,4009.25,2297.9,3975.55,2264.15,3959.8,2224.85,3978.9,2187.75,4019.35,2179.9,4054.2,2178.75,4090.15,2205.75,4102.5,2238.3,4099.15,2275.4
2-143,Uninfected,No_comment,Polygon,9,4164.3,2503.45,4132.85,2496.7,4103.65,2477.6,4099.15,2438.3,4105.9,2407.95,4136.2,2392.2,4159.8,2388.85,4192.4,2403.5,4212.65,2450.65
2-144,Uninfected,No_comment,Polygon,13,3890.15,2585.5,3855.3,2575.35,3828.35,2556.25,3821.6,2521.45,3820.45,2485.5,3835.1,2455.15,3853.05,2445.05,3876.65,2442.8,3892.4,2443.9,3923.85,2461.9,3938.45,2498.95,3933.95,2530.45,3926.1,2560.75
2-145,Uninfected,No_comment,Polygon,11,3764.3,2555.15,3727.2,2556.25,3691.25,2539.4,3676.65,2512.45,3682.25,2484.35,3696.85,2460.75,3727.2,2446.2,3750.8,2445.05,3781.15,2457.4,3803.6,2497.85,3791.25,2525.95
2-146,Uninfected,No_comment,Polygon,15,3978.35,2613.1,3960.9,2600.3,3946.95,2551.45,3952.8,2528.2,3974.9,2507.3,4002.8,2482.85,4031.85,2459.65,4057.5,2459.65,4079.6,2478.2,4079.6,2508.5,4079.6,2539.9,4079.6,2564.25,4057.5,2588.75,4022.6,2609.6,3990.05,2612
2-147,Uninfected,No_comment,Polygon,11,3586,2329.35,3563.8,2308.1,3561.75,2273.8,3571.9,2251.55,3591.05,2235.4,3622.4,2236.45,3649.7,2250.55,3668.9,2278.85,3663.85,2300.05,3649.7,2317.2,3618.35,2332.35
2-148,Uninfected,No_comment,Polygon,13,3436.5,2259.65,3406.2,2230.35,3393.1,2195,3407.2,2162.65,3422.35,2146.5,3440.65,2130.25,3491.1,2131.25,3504.2,2155.6,3523.4,2184.9,3525.45,2215.2,3516.3,2245.5,3480,2265.7,3458.75,2264.7
2-149,Uninfected,No_comment,Polygon,13,3328.45,2341.45,3303.2,2331.35,3276.9,2308.1,3267.8,2283.9,3277.9,2243.45,3294.1,2233.35,3315.35,2228.3,3331.45,2233.35,3357.7,2242.45,3387,2262.65,3396.1,2288.95,3392.05,2318.2,3369.85,2337.4
2-150,Uninfected,No_comment,Polygon,11,3227.4,2415.2,3199.15,2417.2,3160.25,2400.45,3147.6,2367.7,3153.65,2341.45,3171.9,2327.3,3203.15,2323.25,3243.6,2329.35,3274.9,2361.65,3273.9,2394,3244.6,2408.15
2-151,Uninfected,No_comment,Polygon,10,3294.15,2573.75,3254.9,2561.1,3232.05,2526.9,3232.05,2480.15,3256.1,2444.7,3283.95,2439.55,3318.2,2444.7,3348.6,2480.15,3342.25,2514.25,3333.4,2548.45
2-152,Uninfected,No_comment,Polygon,12,3377.7,2568.7,3371.3,2550.95,3376.45,2513,3390.3,2486.4,3419.45,2473.75,3452.4,2475,3477.65,2495.25,3492.85,2520.6,3494.1,2556.05,3468.85,2581.35,3439.75,2594,3387.8,2583.9
2-153,Uninfected,No_comment,Polygon,11,3230.85,2415.5,3224.45,2444.7,3190.3,2467.4,3148.55,2473.75,3120.7,2447.15,3104.25,2410.45,3102.9,2383.85,3132.1,2358.55,3147.3,2358.55,3166.6,2370.95,3210.9,2405.05
2-154,Uninfected,No_comment,Polygon,10,3524.5,2921.9,3523.3,2890.25,3543.55,2868.75,3576.4,2854.8,3627.1,2864.95,3642.3,2887.8,3646.1,2920.65,3635.9,2940.9,3606.85,2949.85,3554.95,2944.7
2-155,Uninfected,No_comment,Polygon,11,3372.65,2808.05,3351.05,2778.85,3346.05,2725.75,3367.55,2681.45,3404.3,2658.65,3442.2,2659.85,3463.8,2694.1,3485.25,2726.95,3487.85,2775.05,3447.35,2802.9,3399.2,2804.25
2-156,Uninfected,No_comment,Polygon,11,3186.55,2657.4,3157.35,2634.6,3137.1,2601.6,3148.55,2571.3,3166.25,2549.7,3190.35,2548.45,3223.25,2553.5,3244.65,2580.15,3257.45,2616.8,3254.9,2635.8,3218.2,2658.65
2-157,Uninfected,No_comment,Polygon,12,2911.75,2747.2,2883.95,2734.55,2844.65,2711.75,2828.25,2682.65,2833.25,2644.65,2848.5,2619.35,2880.1,2618.15,2915.6,2632,2956.05,2659.85,2963.65,2691.5,2953.6,2719.35,2934.6,2734.55
2-158,Uninfected,No_comment,Polygon,11,2754.75,2781.4,2726.9,2780.2,2701.65,2752.35,2690.25,2713.1,2697.85,2676.3,2715.55,2653.6,2743.45,2648.45,2767.5,2657.4,2791.55,2694.1,2796.6,2729.55,2789,2766.2
2-159,Uninfected,No_comment,Polygon,10,3006.7,2976.35,2986.5,2952.3,2983.9,2906.8,3001.7,2884,3039.65,2870,3078.85,2882.75,3096.65,2904.2,3106.75,2928.25,3100.45,2956.1,3075.1,2980.15
2-160,Uninfected,No_comment,Polygon,11,2790.2,2961.15,2758.55,2942.25,2743.45,2910.6,2753.55,2873.8,2777.55,2845.95,2809.2,2833.3,2843.45,2840.9,2870.05,2877.6,2866.25,2911.8,2845.95,2944.7,2821.85,2956.1
2-161,Uninfected,No_comment,Polygon,10,2486.4,2854.8,2433.25,2842.15,2399,2805.45,2393.95,2772.6,2409.2,2738.35,2434.45,2729.55,2468.7,2729.55,2492.75,2751,2516.75,2789.05,2519.35,2823.15
2-162,Uninfected,No_comment,Polygon,11,2607.9,2664.9,2582.65,2651,2566.2,2618.15,2572.45,2581.35,2602.9,2552.25,2638.35,2548.45,2664.95,2557.3,2667.4,2587.7,2671.2,2623.2,2653.55,2652.25,2633.3,2666.25
2-163,Uninfected,No_comment,Polygon,11,2654.8,2505.4,2648.45,2483.95,2653.55,2463.7,2689,2447.15,2715.55,2440.9,2756.1,2459.9,2767.5,2496.6,2751,2524.4,2729.5,2540.85,2690.25,2533.25,2658.6,2509.2
2-164,Uninfected,No_comment,Polygon,13,2642.15,2504.2,2601.65,2515.6,2543.4,2509.2,2518.1,2482.6,2510.5,2448.5,2516.75,2420.65,2542.15,2401.65,2585.15,2385.2,2615.5,2385.2,2635.75,2402.85,2663.6,2435.75,2663.6,2457.3,2656.05,2490.2
2-165,Uninfected,No_comment,Polygon,13,2536.25,2273.2,2519.9,2264.5,2506.85,2240.5,2518.85,2206.8,2550.3,2186.15,2580.8,2173.1,2616.65,2177.45,2639.45,2191.6,2649.3,2216.6,2639.45,2243.85,2610.1,2268.85,2579.65,2273.2,2548.2,2276.4
2-166,Uninfected,No_comment,Polygon,11,2391.65,2506.85,2360.05,2485.1,2357.95,2443.8,2373.1,2412.35,2392.75,2384,2432.95,2367.7,2463.4,2377.5,2487.25,2428.6,2479.7,2468.8,2459.05,2500.35,2425.35,2510.2
2-167,Uninfected,No_comment,Polygon,10,2289.45,2499.25,2255.75,2485.1,2237.25,2463.45,2237.25,2430.75,2254.6,2396.05,2285.05,2374.3,2317.65,2377.5,2343.75,2406.85,2351.35,2442.8,2328.6,2477.5
2-168,Uninfected,No_comment,Polygon,11,2136.1,2481.85,2100.3,2463.45,2084,2431.85,2082.9,2401.4,2106.75,2372.05,2142.7,2358,2181.8,2365.6,2206.85,2391.7,2212.2,2433,2195.9,2465.55,2166.55,2481.85
2-169,Uninfected,No_comment,Polygon,11,2074.2,2316.6,2039.35,2301.4,2029.65,2272.05,2037.25,2235.15,2053.55,2216.6,2098.1,2200.3,2131.8,2202.45,2161.15,2220.95,2163.35,2249.2,2156.8,2281.9,2114.4,2307.9
2-170,Uninfected,No_comment,Polygon,11,2222.05,2113.4,2181.8,2141.6,2172.05,2165.5,2173.15,2190.5,2188.35,2212.25,2216.55,2231.85,2245.9,2227.55,2276.35,2201.45,2292.65,2172.1,2277.5,2132.9,2257.9,2113.4
2-171,Uninfected,No_comment,Polygon,11,2300.3,2116.65,2276.35,2075.35,2281.85,2036.15,2298.15,2015.55,2327.5,2010.05,2348.1,2008.95,2371,2026.35,2385.1,2058.95,2378.6,2093.75,2357.95,2124.2,2331.85,2126.35
2-172,Uninfected,No_comment,Polygon,11,2181.8,2092.65,2152.45,2069.85,2145.95,2026.35,2163.35,1990.55,2184,1977.5,2212.2,1975.25,2241.6,1989.4,2261.2,2011.2,2261.2,2048.1,2248.15,2075.35,2222.05,2088.35
2-173,Uninfected,No_comment,Polygon,11,2075.3,2156.8,2045.95,2136.15,2028.55,2093.75,2041.6,2054.6,2061.1,2033.95,2090.45,2039.4,2123.1,2063.3,2132.85,2098.1,2135.1,2129.7,2126.4,2152.45,2105.75,2160.1
2-174,Uninfected,No_comment,Polygon,12,1929.55,2190.5,1900.2,2160.1,1880.7,2130.7,1889.4,2086.15,1924.2,2064.4,1951.3,2064.4,1995.95,2085.05,2018.7,2121,2023.05,2160.1,2013.3,2184.05,1987.25,2192.75,1946.95,2194.85
2-175,Uninfected,No_comment,Polygon,11,1797,2422.05,1772,2404.75,1755.65,2379.65,1769.75,2348.15,1783.95,2324.3,1812.15,2312.25,1833.95,2310.1,1860.05,2328.65,1868.75,2363.35,1858.95,2396.05,1833.95,2412.35
2-176,Uninfected,No_comment,Polygon,12,1706.7,2360.1,1671.9,2358,1648.05,2339.45,1641.55,2314.45,1644.8,2278.55,1664.3,2253.55,1690.45,2247.05,1721.95,2247.05,1755.65,2277.55,1757.85,2311.25,1749.1,2337.3,1729.6,2355.75
2-177,Uninfected,No_comment,Polygon,12,1682.85,2217.75,1646.9,2206.8,1628.5,2174.2,1626.25,2146,1645.85,2121,1675.25,2110.05,1707.85,2109.05,1733.95,2121,1753.5,2144.85,1753.5,2179.65,1735,2207.9,1695.9,2222.1
2-178,Uninfected,No_comment,Polygon,13,1615.45,2084.05,1586.1,2072,1575.15,2049.25,1574.1,2019.9,1585,1995.9,1619.8,1977.5,1652.4,1974.25,1675.25,1981.85,1698,2001.35,1709.95,2032.95,1707.85,2061.15,1679.55,2076.35,1651.25,2086.15
2-179,Uninfected,No_comment,Polygon,12,1536.05,2236.15,1511.05,2228.55,1477.35,2213.35,1461,2170.95,1464.3,2139.4,1486.05,2116.65,1510,2103.55,1544.75,2110.05,1564.35,2132.9,1583.85,2162.25,1581.75,2206.8,1566.45,2229.65
2-180,Uninfected,No_comment,Polygon,11,1452.35,2351.4,1405.6,2348.15,1377.3,2324.3,1367.55,2291.6,1382.8,2259,1395.85,2240.5,1421.95,2237.25,1455.65,2247.05,1478.4,2269.85,1485,2310.1,1474.05,2339.45
2-181,Uninfected,No_comment,Polygon,12,1646.9,2565.55,1625.2,2542.8,1621.9,2516.65,1628.5,2487.3,1645.85,2457.95,1669.8,2452.5,1699.15,2451.4,1727.35,2471.05,1743.65,2511.2,1735,2546,1708.95,2559.05,1664.3,2572.1
2-182,Uninfected,No_comment,Polygon,11,1841.5,2660.15,1810.05,2649.35,1783.95,2624.3,1773.05,2585.2,1783.95,2549.25,1815.4,2525.35,1848.1,2519.9,1876.35,2529.7,1901.35,2559.05,1901.35,2597.1,1880.7,2634.05
2-183,Uninfected,No_comment,Polygon,10,1928.55,2684.05,1907.85,2666.65,1911.15,2623.25,1931.8,2597.1,1955.65,2586.3,1989.35,2587.3,2016.6,2620,2006.8,2663.4,1987.25,2685.15,1957.9,2695
2-184,Uninfected,No_comment,Polygon,13,1974.2,2565.55,1949.2,2561.2,1933.9,2550.35,1930.7,2527.5,1930.7,2503.6,1945.9,2478.6,1971.95,2465.55,1996.95,2462.3,2022,2476.5,2034,2502.5,2035,2539.55,2006.8,2565.55,1987.25,2568.9
2-185,Uninfected,No_comment,Polygon,14,2014.35,2563.4,2017.65,2590.6,2031.75,2610.15,2062.25,2618.9,2081.75,2615.65,2111.1,2593.9,2127.45,2565.55,2126.4,2540.55,2116.6,2519.9,2093.75,2503.6,2067.7,2498.15,2038.3,2503.6,2034,2517.8,2030.65,2544.9
2-186,Uninfected,No_comment,Polygon,13,2050.3,2759.15,2037.25,2743.85,2036.1,2706.9,2039.35,2674.35,2065.45,2650.35,2100.3,2648.25,2131.8,2651.45,2150.3,2674.35,2154.65,2718.85,2149.15,2749.3,2126.4,2777.55,2098.1,2784.15,2060.05,2775.45
2-187,Uninfected,No_comment,Polygon,12,2192.7,2744.95,2178.5,2721.1,2177.5,2690.65,2192.7,2662.35,2211.2,2649.35,2240.55,2647.1,2266.6,2656.95,2281.85,2686.3,2286.2,2721.1,2275.3,2746.1,2249.25,2761.25,2206.85,2761.25
2-188,Uninfected,No_comment,Polygon,13,1715.45,2737.4,1671.9,2720,1657.85,2689.5,1665.45,2652.6,1684.95,2630.8,1711.05,2625.35,1737.2,2625.35,1754.6,2636.3,1767.65,2651.45,1772,2671,1774.1,2693.85,1754.6,2716.75,1735,2726.45
2-189,Uninfected,No_comment,Polygon,12,1868.75,2850.4,1851.35,2823.2,1856.75,2780.8,1874.15,2742.75,1902.45,2724.35,1931.8,2725.35,1958.9,2739.5,1976.3,2771.1,1971.95,2804.8,1946.95,2834.15,1916.5,2859.1,1882.8,2852.55
2-190,Uninfected,No_comment,Polygon,19,3866.3,1231.8,3842.15,1235.9,3831.8,1242.15,3814.55,1257.35,3811.1,1280.05,3814.55,1297.3,3822.85,1318.7,3833.2,1328.35,3849.05,1333.15,3867,1335.9,3887,1331.8,3897.3,1325,3907.6,1314.75,3912.5,1294.75,3914.5,1274.05,3914.5,1260.3,3907.6,1243.7,3890.45,1238.7,3869.75,1233.15
2-191,Uninfected,No_comment,Polygon,22,3804.9,1218.7,3780.75,1218.7,3766.3,1228.35,3753.85,1238.7,3739.4,1253.15,3731.8,1273.85,3731.8,1293.85,3738.7,1315.25,3746.3,1325.6,3762.85,1338.7,3780.1,1339.35,3798.7,1340.05,3814.55,1333.15,3822.85,1324.9,3828.45,1318,3838.8,1304.9,3842.25,1295.25,3845.7,1277.35,3849.15,1260.8,3847.05,1245.6,3842.15,1233.15,3828.35,1229
2-192,Uninfected,No_comment,Polygon,16,2865.95,1066.3,2890.3,1065.05,2915.3,1074.5,2925.3,1093.85,2925.3,1118.85,2918.45,1138.25,2905.95,1149.5,2893.45,1159.5,2871.55,1165.1,2843.45,1162.6,2824.7,1162.6,2816.55,1150.45,2819.05,1134.9,2831,1116.15,2837.25,1097.4,2847.25,1078.65
2-193,Uninfected,No_comment,Polygon,16,1554.6,566.2,1579.25,581.6,1591.55,602.5,1592.75,624.65,1586.6,642.5,1579,654.85,1561.15,661.6,1532.8,665.35,1514.35,665.35,1502.05,661,1496.8,645.6,1493.05,630.2,1493.05,609.3,1499.2,594.5,1508.45,578.5,1522,569.9