193,5312,2988
3-1,Parasitized,No_comment,Polygon,11,3221.95,1820.55,3183.75,1805.85,3151.4,1773.5,3149.9,1732.35,3173.5,1701.45,3217.55,1694.1,3257.25,1708.8,3289.6,1736.75,3283.75,1769.1,3255.85,1801.45,3238.2,1819.1
3-2,Parasitized,No_comment,Polygon,10,4355.05,1061.9,4390.35,1050.15,4415.35,1003.1,4410.95,964.85,4377.1,948.65,4350.65,942.75,4319.75,957.4,4291.8,998.65,4306.5,1036.9,4328.6,1060.45
3-3,Uninfected,No_comment,Polygon,11,2442.9,1879.4,2409.55,1879.4,2376.25,1855.5,2366.7,1819.05,2390.5,1782.55,2419.1,1766.7,2454,1769.85,2476.25,1787.3,2487.35,1819.05,2481,1854,2461.95,1873.05
3-4,Uninfected,No_comment,Polygon,11,2490.5,1752.4,2454,1736.45,2442.9,1707.95,2447.65,1679.3,2479.4,1663.5,2509.55,1660.35,2538.15,1665.1,2568.3,1687.3,2574.65,1720.65,2561.95,1746.05,2517.5,1758.75
3-5,Uninfected,No_comment,Polygon,11,2654,1919.05,2630.2,1892.1,2627.05,1852.4,2642.9,1822.25,2669.9,1809.55,2700.05,1804.7,2731.8,1831.75,2742.9,1874.55,2738.15,1903.2,2703.25,1925.4,2669.9,1925.4
3-6,Uninfected,No_comment,Polygon,10,2669.9,2087.25,2654,2052.4,2657.2,2019.05,2690.55,1996.85,2715.9,1995.25,2742.9,2012.7,2757.2,2036.45,2755.6,2069.85,2738.15,2082.55,2703.25,2093.6
3-7,Uninfected,No_comment,Polygon,10,2857.2,2077.8,2849.25,2046.05,2874.65,2015.9,2919.1,2003.2,2947.65,2022.25,2954,2047.65,2957.2,2074.55,2939.75,2095.25,2900.05,2103.2,2866.7,2088.9
3-8,White_Blood_Cell,No_comment,Polygon,22,1898.3,2262.25,1922.6,2243.35,1951.45,2239.7,1984.8,2241.45,2015.4,2254.1,2039.75,2271.25,2054.2,2297.35,2064.95,2342.4,2052.4,2378.45,2022.6,2419,1987.5,2446,1948.75,2448.7,1923.5,2454.15,1904.6,2446,1876.65,2432.55,1866.8,2423.5,1854.15,2391.05,1854.15,2360.45,1854.15,2338.85,1861.35,2316.3,1875.75,2292.9,1889.3,2274.85
3-9,Uninfected,No_comment,Polygon,16,2999.1,1693.45,3013.3,1679.25,3030.1,1668.9,3064.15,1664.6,3085.75,1675.35,3096.5,1683.15,3108.55,1702.1,3117.2,1736.15,3109.45,1759.4,3084.85,1783.15,3053.4,1790.9,3029.7,1787,3005.1,1770.2,2993.5,1752.1,2988.75,1732.7,2991.35,1713.3
3-10,Uninfected,No_comment,Polygon,17,2851.25,1660.3,2863.3,1646.05,2874.95,1636.15,2894.8,1631.85,2921.05,1632.25,2948.25,1641.3,2963.75,1660.7,2965.45,1680.1,2964.2,1702.5,2959.45,1720.65,2941.75,1736.6,2921.95,1743.05,2900.4,1744.75,2874.5,1734.85,2857.3,1721.5,2849.95,1705.95,2843.5,1676.65
3-11,Uninfected,No_comment,Polygon,19,2699.55,1621.9,2687.05,1642.6,2686.6,1659.4,2687.45,1674.05,2694.35,1689.6,2703.85,1705.55,2717.65,1716.3,2730.55,1721.5,2750.4,1724.05,2774.5,1722.8,2793.05,1715.45,2803.4,1702.95,2812.9,1687.85,2813.75,1671.5,2811.6,1647.35,2799.5,1626.65,2780.15,1610.3,2765.45,1603.4,2736.6,1603.4
3-12,Uninfected,No_comment,Polygon,18,3026.7,1617.25,3011.6,1602.55,3009.45,1571.95,3015.9,1550.4,3033.15,1535.75,3047.35,1529.75,3064.2,1526.3,3084.45,1527.1,3102.95,1532.3,3124.95,1547.85,3134.45,1565.05,3139.6,1588.8,3132.25,1610.85,3123.65,1629.75,3103.4,1641.75,3082.7,1643.05,3055.55,1644.35,3039.2,1628
3-13,Uninfected,No_comment,Polygon,16,2893.95,1485.35,2892.2,1469.35,2904.3,1443.95,2915.9,1431,2949.55,1413.35,2981.85,1403.85,3007.7,1412.45,3025.4,1433.15,3028.85,1453.4,3022.4,1473.25,2998.25,1496.5,2977.1,1510.35,2948.25,1518.5,2928.85,1515.9,2914.6,1511.6,2903,1504.75
3-14,Uninfected,No_comment,Polygon,16,3049.5,1464.6,3053.85,1438.35,3059.85,1421.5,3072.35,1406,3088.3,1399.95,3106.85,1398.65,3124.1,1403.4,3140.9,1420.2,3152.55,1440.05,3156,1469.8,3143.05,1493.05,3121.05,1502.55,3099.95,1503,3077.55,1500.4,3066.75,1493.05,3056,1481.45
3-15,Uninfected,No_comment,Polygon,14,2980.1,1278.05,2972.8,1288.35,2966.35,1299.95,2964.15,1328.85,2968.05,1350.4,2981.4,1371.5,2996.95,1378.05,3035.3,1383.65,3059,1361.15,3076.65,1334.45,3068.05,1297.4,3052.1,1275.85,3031.4,1265.9,2993.5,1265.9
3-16,Uninfected,No_comment,Polygon,16,3161.6,1330.6,3138.75,1313.35,3131,1275.85,3136.6,1253,3149.95,1236.65,3169.35,1223.25,3193.5,1220.7,3217.2,1224.15,3240.9,1240.05,3251.7,1255.15,3252.1,1282.3,3245.65,1309.05,3234.85,1320.7,3216.75,1332.3,3206.4,1337.9,3183.15,1337.05
3-17,Uninfected,No_comment,Polygon,16,3152.55,1100.4,3135.75,1114.2,3125.8,1131.45,3127.1,1159.45,3138.3,1182.3,3160.75,1198.25,3184.85,1202.15,3202.55,1200.85,3232.7,1195.25,3244.35,1181.9,3256.85,1155.15,3255.55,1130.6,3250.8,1111.65,3231,1096.1,3209.45,1087.05,3185.75,1087.5
3-18,Uninfected,No_comment,Polygon,16,2945.2,1061.65,2954.7,1046.95,2969.8,1040.1,2995.2,1040.1,3032.7,1058.6,3053.85,1082.3,3059.85,1100.85,3059.85,1121.95,3052.55,1137.5,3036.6,1149.15,3019.35,1152.15,2993.05,1148.25,2969.35,1141.8,2951.25,1121.95,2941.35,1103.45,2939.6,1078.45
3-19,Uninfected,No_comment,Polygon,16,2965.9,1142.65,2965.05,1158.2,2960.75,1174.55,2968.05,1195.25,2990.05,1218.1,3006.85,1221.95,3027.1,1222.4,3059.45,1219.4,3081.85,1202.15,3090.45,1180.6,3093.05,1149.55,3077.55,1124.55,3056.8,1114.2,3025.35,1118.1,3006.35,1121.55,2986.55,1127.6
3-20,Uninfected,No_comment,Polygon,17,2764.2,1024.1,2774.1,1014.2,2795.65,1009.05,2819.8,1004.7,2844.35,1008.15,2860.75,1018.95,2876.25,1036.6,2887.9,1060.75,2887.45,1084.05,2874.1,1100.85,2855.15,1115.05,2834.85,1115.5,2799.95,1111.2,2773.65,1100.85,2757.7,1087.9,2752.55,1067.2,2751.7,1052.15
3-21,Uninfected,No_comment,Polygon,16,2719.65,1196.05,2724.45,1178.6,2738,1159.85,2761.15,1147.6,2783.85,1146.3,2809.2,1153.7,2831.45,1169.45,2839.3,1191.7,2834.5,1210.5,2823.6,1228.8,2811.35,1240.6,2792.6,1247.15,2769.9,1250.65,2742.8,1245,2731.45,1235.35,2723.6,1223.6
3-22,Uninfected,No_comment,Polygon,16,2607.5,1013.6,2590.65,1036.1,2587.75,1078.75,2592.25,1096.8,2601.7,1117.25,2618.5,1133.65,2642.25,1140.65,2664,1133.2,2686.95,1117.7,2695.95,1103.75,2700.9,1077.5,2698,1053.75,2691.05,1028.7,2677.95,1016.8,2651.7,1008.25,2634.9,1004.95
3-23,Uninfected,No_comment,Polygon,15,2462.75,959.85,2458.25,973.8,2451.25,998.35,2456.2,1028.7,2479.15,1055.75,2499.2,1072.6,2530.8,1082.8,2544.3,1077.05,2560.7,1063.95,2569.7,1043.05,2567.25,1016.8,2555.8,987.7,2542.65,965.65,2514.8,949.6,2488.55,948.35
3-24,Uninfected,No_comment,Polygon,19,2580.35,897.55,2575.45,915.15,2577.1,931.2,2584.9,948.35,2598.8,972.95,2619.7,984.05,2647.6,991.8,2664.8,989.4,2682,977.9,2693.1,961.1,2694.3,938.15,2686.55,920.95,2674.25,905.75,2672.2,895.15,2666.45,896.3,2656.6,891,2637.35,882,2614.8,877.1,2590.6,884.5
3-25,Uninfected,No_comment,Polygon,19,2673.85,822.95,2677.55,804.5,2692.3,785.65,2718.5,779.5,2736.95,777.85,2760.75,783.6,2780,793.4,2793.1,813.1,2805,834,2808.3,862.25,2801.7,888.5,2778.75,908.2,2761.15,914.35,2743.1,913.9,2726.3,909.8,2702.15,899.15,2689.45,884.4,2678.75,863.1,2675.5,844.25
3-26,Uninfected,No_comment,Polygon,16,2813.2,713.15,2802.55,731.95,2798.05,754.9,2793.1,777.05,2807.85,795.5,2828.75,809.8,2848.45,814.35,2873.8,810.25,2901.3,793.05,2909.1,769.3,2909.1,747.15,2895.15,720.1,2882.85,706.55,2868.9,700.8,2841.05,701.25,2826.7,706.15
3-27,Uninfected,No_comment,Polygon,18,2856.65,883.65,2853.75,904.55,2852.15,936.1,2857.05,953.7,2868.9,966.85,2888.2,978.7,2909.1,984.85,2932.45,987.75,2945.15,978.7,2957.85,960.25,2968.1,935.7,2964.45,913.15,2955.4,896.35,2944.35,880.35,2931.65,870.9,2904.2,860.6,2890.65,864.35,2877.55,870.5
3-28,Uninfected,No_comment,Polygon,17,3023.05,881.15,3018.5,869.3,3018.5,845.9,3025.9,822.95,3040.65,796.75,3059.9,787.3,3081.25,781.95,3103.75,784.45,3121.8,798.4,3127.15,818.45,3132.5,845.5,3125.9,881.6,3109.9,896.35,3095.2,910.7,3079.65,916.4,3053.35,914.35,3032.85,900
3-29,Uninfected,No_comment,Polygon,18,3024.7,643.4,3043.95,636,3067.3,637.7,3086.1,647.15,3095.6,667.6,3103.8,690.55,3099.25,718.05,3090.2,740.55,3059.05,757.4,3038.2,765.1,3015.25,759.85,2990.65,744.2,2985.35,732.8,2978.35,712.7,2977.55,692.15,2984.9,678.7,2997.65,661.45,3002.55,655.35
3-30,Uninfected,No_comment,Polygon,16,2932.45,518.8,2923.85,535.65,2917.3,560.65,2917.7,581.55,2930.8,610.2,2939.45,620.1,2958.3,626.65,2981.2,627.8,3003.35,619.65,3023.05,599.95,3034.5,578.25,3034.05,549.6,3026.75,524.95,3013.6,505.3,2988.2,498.7,2965.65,499.95
3-31,Uninfected,No_comment,Polygon,18,2765.6,303.65,2755.8,327,2751.3,343.4,2753.35,368.8,2763.55,389.3,2772.6,407.75,2786.5,418.4,2811.5,424.15,2829.6,419.25,2849.65,412.65,2870.15,390.55,2876.3,370.45,2875.9,340.55,2867.65,318,2857.45,301.2,2833.7,288.9,2814,282.75,2790.6,286.45
3-32,Uninfected,No_comment,Polygon,19,3007.05,368.45,2997.2,384.45,2988.2,402.9,2989.4,427.45,3001.3,458.6,3016.05,463.95,3043.9,466.8,3062.35,457.4,3072.6,454.95,3084.1,447.55,3097.2,436.1,3106.2,416,3105,393.45,3101.3,372.55,3084.9,354.95,3068.5,349.6,3048,347.55,3031.6,354.1,3026.7,357
3-33,Uninfected,No_comment,Polygon,17,3139.15,254,3131.45,267.4,3125.7,287.3,3130.3,313,3140.65,343.65,3160.2,360.1,3181.65,362.05,3208.5,358.95,3218.45,349.4,3235.7,332.55,3246.8,302.65,3241.45,273.9,3230.7,255.5,3216.15,243.25,3191.25,232.55,3174,231.75,3150.6,239.05
3-34,Uninfected,No_comment,Polygon,20,3076.55,23.45,3071.35,35.6,3066.1,60.85,3065.25,88.2,3067.45,112.55,3070.45,132.15,3080.45,146.9,3101.35,163,3113.1,166.05,3124.8,166.5,3133.95,154.7,3143.5,141.7,3152.65,133.85,3160.45,122.15,3162.2,102.55,3165.25,76.85,3159.6,47.8,3139.6,20.35,3122.65,10.85,3095.7,12.5
3-35,Uninfected,No_comment,Polygon,16,2833.1,72.15,2825.7,87.8,2818.35,108.65,2820.5,135.55,2849.2,170.85,2861.35,170.85,2893.55,170.85,2909.65,160.35,2924.85,144.3,2936.15,107.8,2935.3,91.2,2925.3,78.65,2912.7,58.15,2880.05,50.35,2861.35,51.65,2844,59.95
3-36,Uninfected,No_comment,Polygon,17,2716.15,3.05,2703.55,16.95,2694.4,26.95,2686.15,46.5,2684.85,75.65,2690.05,93.9,2696.55,116.1,2709.2,131.3,2725.7,141.3,2757.9,139.55,2781.35,116.1,2795.7,91.3,2798.3,53.05,2790.05,36.1,2769.2,6.95,2758.75,2.15,2742.25,1.3
3-37,Uninfected,No_comment,Polygon,16,2500.15,188,2491.35,205.95,2490.95,225.05,2501.3,250.95,2526.05,260.9,2544.75,266.95,2564.65,266.1,2582.6,260.15,2601.35,248.15,2608.5,227.45,2610.1,208.75,2600.55,192.8,2583,175.65,2555.5,166.9,2530,166.1,2517.25,172.45
3-38,Uninfected,No_comment,Polygon,20,2349.9,28.65,2343.9,55.35,2341.95,85.25,2349.1,112.35,2362.65,128.65,2381,141.8,2402.1,151,2435.2,148.6,2451.9,139.85,2462.65,120.3,2472.25,97.6,2469.45,70.5,2457.9,42.6,2441.55,24.7,2432.4,15.9,2421.25,27.45,2408.5,34.65,2393.35,37.45,2378.6,35.05,2358.7,28.25
3-39,Uninfected,No_comment,Polygon,19,2216.55,166.65,2212.95,185.1,2210.15,198.75,2215.35,220.45,2218.15,230.9,2230.2,242.55,2244.7,255.4,2263.55,260.6,2286.05,260.2,2304.5,251.4,2320.2,236.9,2327.4,221.65,2333.05,202.4,2324.2,181.9,2312.95,163.45,2294.1,146.55,2284.85,139.75,2257.55,133.3,2240.25,142.55
3-40,Uninfected,No_comment,Polygon,16,2080.2,136.1,2096.6,118.45,2116.35,103.75,2135.3,98.7,2172.25,103.35,2189.9,121.4,2200.8,150.4,2198.3,176.05,2185.7,203.75,2166.35,221.4,2138.6,233.6,2109.65,227.7,2094.1,215.55,2081.05,198.7,2073.9,181.9,2074.35,163.4
3-41,Uninfected,No_comment,Polygon,17,1881.4,214,1875.8,239.25,1876.75,264,1883.25,285.05,1893.1,301.85,1912.25,314.95,1936.55,319.6,1956.15,313.55,1972.55,302.3,1985.15,285.95,1988.9,261.65,1986.55,237.35,1979.05,213.55,1966,191.55,1942.15,183.15,1923.95,182.7,1900.1,190.15
3-42,Uninfected,No_comment,Polygon,16,1708.95,201.4,1704.7,216.35,1703.35,238.75,1709.85,274.75,1730.45,294.4,1751.95,307,1774.85,303.7,1793.5,298.1,1803.8,278.95,1811.3,255.6,1815,230.8,1802.85,206.05,1789.3,181.75,1765,171.45,1745.4,171,1723.4,178
3-43,Uninfected,No_comment,Polygon,17,1593.7,315.2,1594.2,330.85,1600.1,353.4,1618.7,374,1639.8,393.15,1676.55,405.9,1694.7,406.35,1718.25,399,1733.9,381.85,1740.3,362.75,1735.4,339.7,1722.65,314.7,1682.45,294.1,1657.95,284.3,1633.4,283.8,1616.75,290.2,1606.45,298.05
3-44,Uninfected,No_comment,Polygon,16,2284.75,542.35,2272.15,552.3,2264.95,581.15,2271.25,618.5,2296,642.4,2317.65,653.15,2336.55,655.4,2354.1,650.95,2371.25,643.75,2382.95,626.2,2391.95,606.3,2385.2,579.8,2371.7,552.3,2349.6,533.4,2329.35,527.1,2313.15,528
3-45,Uninfected,No_comment,Polygon,15,2424.85,482.95,2417.2,501.4,2423.05,525.75,2438.8,568.05,2458.65,579.8,2484.75,588.75,2506.4,584.25,2524.85,566.65,2532.5,530.7,2528,500.05,2519.45,480.7,2502.75,462.6,2480.7,454.55,2453.2,455.45,2440.15,464.85
3-46,Uninfected,No_comment,Polygon,18,2576.2,395.05,2559.1,400,2548.7,415.75,2538.8,440.55,2536.1,467.55,2545.1,483.4,2564.5,510.35,2584.75,517.1,2607.3,517.1,2628,512.6,2641.5,497.3,2650.55,484.3,2658.2,463.05,2655.05,441.45,2648.75,422.5,2635.65,405,2622.6,393.25,2600.55,389.7
3-47,Uninfected,No_comment,Polygon,17,2657.35,506.8,2645.15,518,2632.1,534.75,2626.7,552.3,2633.9,574.35,2648.3,596.85,2673.55,600.5,2701.5,593.25,2721.3,585.15,2737.95,569.35,2746.5,550.95,2746.05,532.05,2737.95,513.5,2726.25,502.25,2713.65,495.95,2692.45,500,2678.5,500
3-48,Uninfected,No_comment,Polygon,19,2160.45,651.9,2152.4,670.7,2148.55,694.9,2152.4,720.85,2167.3,745.6,2188.15,759.15,2203.45,760.05,2222.15,763.05,2250.25,754.45,2264.75,740.45,2274.5,722.15,2277.9,701.3,2277.05,680,2266.85,657.45,2249,641.3,2231.95,633.6,2213.25,632.75,2193.25,637.45,2173.65,643
3-49,Uninfected,No_comment,Polygon,17,1890.85,718.4,1881.7,736.75,1878.8,759.45,1885.1,777.3,1895.7,793.75,1911.65,800.5,1931.95,799.05,1943.05,792.8,1960.45,783.6,1972.5,768.15,1979.75,750.75,1977.35,729.5,1966.25,706.25,1956.1,693.25,1938.2,690.85,1914.05,695.2,1898.1,706.25
3-50,Uninfected,No_comment,Polygon,17,1704.2,784.25,1716.25,764.8,1735.2,752.8,1765.3,746.3,1794,752.3,1813.45,763.9,1824.55,786.6,1831.05,801.85,1836.15,822.25,1827.35,845.4,1814.85,854.65,1793.1,864.35,1769,870.4,1744.95,863.9,1721.3,850,1710.2,834.25,1703.25,818.05
3-51,Uninfected,No_comment,Polygon,17,1602.55,833.05,1588.8,843.4,1576.45,858.15,1565.7,882.3,1585.35,933.05,1607,955.2,1620.85,954.75,1647.9,956.2,1670.55,950.8,1682.95,934.55,1694.2,922.7,1700.1,897.6,1706.5,874.9,1694.2,848.3,1679.5,830.1,1652.35,823.7,1634.6,819.25
3-52,Uninfected,No_comment,Polygon,16,1316.1,834.35,1306.75,842.7,1303.1,863,1300.5,887.5,1312.45,905.7,1325.5,919.8,1342.7,931.75,1369.25,933.85,1390.1,930.2,1408.85,919.8,1416.1,901.05,1414.05,873.95,1403.6,845.8,1389.55,832.3,1367.7,824.45,1343.7,827.05
3-53,Uninfected,No_comment,Polygon,15,1525,1039.05,1542.2,1021.85,1560.4,1013,1578.65,1008.85,1602.15,1016.15,1622.9,1036.45,1625,1061.45,1620.9,1082.8,1595.9,1110.4,1575.5,1115.1,1553.1,1109.9,1542.75,1105.7,1533.4,1095.3,1524,1084.9,1521.4,1057.8
3-54,Uninfected,No_comment,Polygon,15,1519.5,1226.3,1528.95,1211.05,1554.75,1196.8,1574.75,1197.85,1589.5,1203.15,1605.3,1215.75,1620,1237.85,1621.05,1261.05,1611.6,1280,1597.9,1293.7,1580.55,1301.6,1562.1,1302.1,1530.55,1298.9,1516.35,1280.55,1512.1,1262.1
3-55,Uninfected,No_comment,Polygon,19,1636.35,1212.65,1638.45,1191.6,1640.55,1173.7,1656.85,1156.8,1674.75,1147.35,1697.4,1143.7,1717.9,1151.6,1737.4,1163.7,1752.1,1176.8,1758.95,1193.15,1755.8,1208.9,1752.1,1228.9,1742.65,1245.75,1732.65,1255.75,1714.25,1261.6,1695.8,1263.15,1674.75,1259.5,1653.15,1242.1,1644.75,1232.65
3-56,Uninfected,No_comment,Polygon,19,1327.85,1169.95,1332.75,1153,1345.85,1133.3,1354.05,1123.5,1379.75,1115.3,1407.6,1120.75,1430,1133.85,1443.75,1156.8,1454.65,1187.4,1447.55,1220.75,1440.95,1247,1425.65,1262.3,1402.15,1273.75,1378.15,1271,1362.85,1265.55,1352.95,1248.6,1342.6,1223.5,1331.7,1201.6,1330,1190.15
3-57,Uninfected,No_comment,Polygon,23,1260.6,1300.55,1245.3,1293.4,1225.1,1283.05,1221.85,1269.95,1199.4,1258.4,1191.25,1247.5,1175.95,1214.2,1178.15,1182.5,1184.1,1160.1,1193.95,1145.9,1220.2,1132.75,1239.9,1124.55,1270.5,1127.8,1293.45,1137.7,1306,1150.75,1314.2,1165,1325.1,1196.15,1331.7,1224.05,1329.5,1245.35,1323.45,1265.55,1313.65,1277.05,1303.25,1290.15,1291.75,1297.2
3-58,Uninfected,No_comment,Polygon,16,1097.75,1318.15,1104,1298.35,1114.7,1279.65,1125.45,1270.65,1141.25,1264.45,1163.3,1262.2,1185.9,1267.85,1204,1280.85,1222.65,1305.7,1225.45,1337.9,1210.75,1359.4,1189.25,1371.8,1158.2,1372.95,1134.5,1369,1115.3,1352.05,1105.1,1333.95
3-59,Uninfected,No_comment,Polygon,18,1627.05,1409.45,1633.6,1390.75,1646.8,1373.15,1669.35,1363.3,1686.9,1357.8,1717.15,1350.65,1744.05,1359.45,1761.65,1375.35,1771.55,1394.05,1775.95,1419.35,1767.15,1440.75,1750.65,1466.6,1722.1,1477.05,1695.7,1481.95,1668.8,1477.6,1645.7,1464.4,1633.6,1445.7,1630.35,1434.15
3-60,Uninfected,No_comment,Polygon,15,1715.45,1672.65,1711.6,1655.6,1716,1632.55,1726.45,1607.8,1746.8,1599.55,1775.35,1597.9,1803.4,1606.7,1820.95,1625.95,1837.45,1652.85,1835.25,1681.45,1823.15,1710,1797.35,1719.35,1773.7,1721,1748.45,1713.85,1738.55,1705.6
3-61,Uninfected,No_comment,Polygon,15,1861.65,1516.05,1846.25,1530.3,1834.15,1557.8,1831.4,1589.1,1845.7,1612.2,1865.5,1627.05,1880.3,1633.1,1923.7,1627.05,1945.7,1613.3,1955.6,1594.6,1959.45,1572.1,1950.65,1543.5,1940.2,1524.3,1916.6,1510.55,1896.25,1507.8
3-62,Uninfected,No_comment,Polygon,15,1425.35,1708.9,1424.25,1690.25,1427,1670.4,1438.55,1646.8,1463.8,1619.85,1499.55,1614.35,1525.35,1626.5,1531.95,1645.7,1539.65,1660,1540.2,1693.55,1532.5,1711.7,1517.65,1731.4,1486.9,1744.1,1470.4,1746.3,1456.65,1740.25
3-63,Uninfected,No_comment,Polygon,15,1190.85,1796.6,1179.45,1817.75,1173.7,1843.4,1183.45,1877.75,1203.45,1900,1236,1909.15,1262.85,1909.75,1292.6,1895.4,1313.7,1878.3,1319.45,1854.9,1317.7,1829.15,1309.7,1806.9,1286.85,1787.4,1256,1776.6,1233.7,1778.25
3-64,Uninfected,No_comment,Polygon,16,1581.15,1773.2,1602.25,1765.2,1624.05,1762.9,1651.45,1771.45,1670.25,1782.9,1685.75,1807.45,1692,1832.6,1685.75,1853.2,1667.45,1868.05,1633.2,1873.2,1604.05,1868.6,1579.45,1857.75,1565.75,1844.6,1555.45,1822.9,1557.75,1794.9,1565.15,1785.75
3-65,Uninfected,No_comment,Polygon,18,1555.5,1949.75,1562.3,1930.3,1577.15,1908.55,1607.5,1896,1631.5,1893.15,1658.3,1901.75,1674.3,1911.4,1684.1,1923.4,1692.65,1944.55,1697.2,1973.75,1686.3,1998.9,1661.75,2017.75,1634.3,2027.45,1617.75,2028.05,1587.5,2016.05,1572.05,2007.45,1561.15,1991.45,1558.3,1975.45
3-66,Uninfected,No_comment,Polygon,16,1462.35,2094.9,1460,2076.05,1470.85,2053.8,1492.6,2037.2,1523.5,2023.5,1545.75,2017.8,1566.9,2030.35,1584.6,2044.65,1592.6,2062.4,1589.15,2082.35,1576,2113.2,1558.9,2122.35,1521.15,2138.95,1500,2144.65,1480.6,2134.9,1465.15,2123.5
3-67,Uninfected,No_comment,Polygon,18,1330.35,1905.8,1348.05,1902.4,1371.45,1909.8,1390.9,1923.5,1402.35,1948.05,1402.35,1980.05,1393.2,2005.2,1381.2,2017.2,1366.9,2028.05,1335.45,2035,1310.9,2027.55,1293.75,2020.65,1285.75,2011,1273.75,1984.05,1274.9,1965.2,1280.05,1941.8,1288.6,1928.05,1300.05,1918.4
3-68,Uninfected,No_comment,Polygon,16,1320.6,2061.2,1305.75,2080.65,1301.2,2104.15,1304.05,2124.15,1316.05,2153.2,1334.35,2164.65,1349.75,2170.95,1373.75,2166.95,1389.75,2158.35,1405.2,2143.55,1414.35,2117.8,1412.6,2100.65,1402.9,2077.2,1391.45,2064.65,1375.45,2051.55,1353.75,2049.8
3-69,Uninfected,No_comment,Polygon,15,1765.15,2166.35,1762.9,2147.5,1776,2127.5,1802.3,2110.35,1827.45,2101.75,1859.45,2105.75,1878.9,2117.2,1889.15,2134.35,1892.6,2157.2,1877.15,2185.2,1857.75,2197.75,1828.05,2204.05,1808.6,2203.5,1777.75,2202.9,1764.6,2186.35
3-70,Uninfected,No_comment,Polygon,17,2014.3,1995.5,2021.2,1988.6,2034.3,1980.05,2051.45,1979.5,2076.6,1984.6,2096.6,1997.2,2111.45,2029.2,2113.2,2054.9,2097.15,2076.05,2074.3,2092.05,2054.9,2099.5,2024.6,2089.2,2009.15,2077.75,2000.6,2058.9,1993.15,2039.5,1996.6,2020.6,2002.9,2011.5
3-71,Uninfected,No_comment,Polygon,18,2102.75,2113.4,2111.05,2104.6,2124.05,2094.85,2145.8,2088.85,2160.15,2089.3,2178.2,2096.7,2194.85,2110.6,2207.85,2135.15,2208.3,2157.85,2197.2,2181.9,2182.85,2196.25,2158.75,2205.05,2140.7,2201.35,2119.4,2192.55,2105.95,2181.9,2094.4,2169.85,2088.4,2153.2,2094.85,2131.9
3-72,Uninfected,No_comment,Polygon,15,1730.85,2284.6,1728.4,2303.5,1730.85,2329.35,1742.8,2352.25,1767.7,2368.65,1785.6,2372.65,1809.95,2369.15,1832.85,2355.25,1840.3,2335.85,1840.8,2303.5,1835.85,2282.6,1810.95,2261.7,1792.05,2252.75,1762.7,2253.75,1749.75,2262.7
3-73,Uninfected,No_comment,Polygon,15,1706.4,2465.65,1708.45,2439.8,1717.9,2416.4,1735.25,2398.5,1759.7,2390.55,1782.05,2395.5,1799.5,2404,1807.95,2414.45,1816.85,2439.8,1818.4,2467.65,1806.9,2490.05,1784.6,2504,1760.65,2507.45,1734.35,2505,1716.35,2493.05
3-74,Uninfected,No_comment,Polygon,17,1529.45,2485.7,1541.85,2470.75,1558.35,2453.2,1584.15,2443.9,1612.5,2440.25,1635.65,2444.95,1656.25,2456.75,1672.75,2480.5,1669.65,2506.75,1661.45,2536.15,1643.85,2556.75,1625.9,2570.75,1596.45,2572.75,1569.65,2568.65,1550.55,2556.75,1537.75,2537.25,1530.45,2521.7
3-75,Uninfected,No_comment,Polygon,14,1665.05,2612.45,1658.35,2582.05,1668.15,2539.8,1689.25,2529,1714.5,2523.3,1742.85,2528.4,1761.9,2545.45,1769.2,2567.6,1768.15,2596.5,1756.75,2619.15,1742.4,2636.15,1715.05,2642.35,1693.4,2644.4,1677.9,2634.1
3-76,Uninfected,No_comment,Polygon,16,1834.15,2486.2,1823.95,2504.6,1817.3,2527.05,1822.95,2552.55,1843.85,2578.05,1862.2,2586.75,1891.3,2585.2,1910.2,2577.05,1927.55,2562.75,1936.7,2540.3,1933.15,2503.55,1922.95,2485.2,1898.95,2467.35,1882.1,2465.8,1860.2,2467.85,1848.95,2473.45
3-77,Uninfected,No_comment,Polygon,17,1750.55,2704.5,1750.55,2685.85,1757.9,2662.35,1770.65,2644.7,1790.75,2630.95,1816.25,2628.5,1835.85,2630.95,1854.95,2643.7,1865.75,2662.35,1872.15,2684.4,1868.7,2712.85,1853,2734.9,1829.95,2754.5,1812.3,2758.4,1789.75,2755.45,1772.1,2748.6,1760.85,2734.9
3-78,Uninfected,No_comment,Polygon,16,1951.15,2685.4,1959.15,2661.9,1975.55,2641.25,1994.8,2627.15,2018.3,2621.55,2045.5,2633.25,2065.7,2653,2076.5,2674.6,2073.2,2707.9,2066.15,2730,2046.45,2744.05,2017.8,2755.35,1996.2,2757.7,1975.55,2747.35,1962.9,2736.55,1956.3,2723.9
3-79,Uninfected,No_comment,Polygon,15,2117.8,2541.25,2104.65,2555.8,2093.85,2580.2,2094.35,2601.35,2104.2,2629.5,2117.35,2641.25,2146.9,2650.65,2169.9,2644.55,2185.85,2634.7,2197.15,2615.9,2201.3,2597.6,2196.6,2575.05,2184.95,2552.05,2168.95,2541.25,2152.55,2535.6
3-80,Uninfected,No_comment,Polygon,16,2202.8,2473.65,2225.3,2460.05,2262.4,2460.05,2283.55,2470.85,2311.2,2494.3,2322.95,2518.7,2322.95,2549.25,2310.3,2568,2292,2584.9,2269.9,2583.5,2240.35,2581.15,2220.6,2571.3,2202.8,2552.05,2187.75,2521.05,2186.3,2504.15,2192.85,2490.1
3-81,Uninfected,No_comment,Polygon,17,2265.2,2707.95,2270.8,2691.95,2283.95,2674.15,2301.8,2661.45,2324.8,2653.5,2360.95,2659.1,2374.6,2669.45,2381.6,2692.45,2382.55,2712.15,2376,2733.75,2366.6,2748.8,2348.3,2762.9,2327.65,2771.8,2304.15,2770.4,2285.85,2761.45,2268.95,2740.8,2265.2,2726.75
3-82,Uninfected,No_comment,Polygon,15,2085.4,2956.75,2065.2,2937.05,2051.1,2916.4,2053.95,2884.9,2067.55,2853,2090.1,2831.4,2111.2,2822.5,2142.65,2826.25,2160.05,2835.15,2181.6,2859.1,2184.45,2894.3,2170.35,2925.75,2147.8,2952.05,2126.25,2960.5,2107.45,2959.55
3-83,Uninfected,No_comment,Polygon,15,2565.25,2752.05,2549.7,2768.45,2538.9,2793.8,2533.35,2822.95,2547.35,2851.1,2567.15,2866.1,2594.3,2867.05,2612.2,2860.95,2628.1,2846.85,2636.55,2826.2,2639.9,2800.85,2632.35,2774.55,2622.55,2757.2,2607.45,2743.6,2588.75,2744.05
3-84,Uninfected,No_comment,Polygon,14,2530.95,2681.2,2520.6,2669.5,2515.9,2648.8,2517.35,2620.65,2527.65,2602.3,2543.6,2588.75,2568.95,2582.15,2593.4,2590.6,2607.95,2604.65,2616.4,2624.9,2612.65,2651.6,2602.8,2673.2,2573.2,2684.5,2555.85,2690.1
3-85,Uninfected,No_comment,Polygon,15,2604.65,2520.15,2588.25,2517.35,2565.7,2509.85,2550.2,2499,2538.45,2468.05,2544.1,2443.6,2552.55,2421.55,2569,2407.45,2598.55,2405.1,2621.55,2414.1,2642.7,2435.15,2652.55,2462.4,2653,2485.85,2645.5,2504.2,2633.3,2515.9
3-86,Uninfected,No_comment,Polygon,14,2668.5,2370.4,2678.8,2349.7,2711.2,2333.3,2732.8,2335.65,2753.45,2352.05,2760.5,2375.05,2760.5,2404.2,2751.6,2423.85,2736.55,2443.1,2718.3,2448.3,2697.2,2444.55,2681.15,2436.1,2670.85,2419.2,2664.75,2395.75
3-87,Uninfected,No_comment,Polygon,15,2600.4,2160.5,2615.45,2147.35,2644.15,2143.15,2663.8,2150.65,2685.85,2164.75,2702.3,2190.1,2709.35,2215.9,2707.5,2242.7,2684.05,2261.05,2662.9,2266.15,2631.85,2260.5,2619.2,2249.25,2596.2,2223.45,2586.4,2201.35,2587.75,2176.5
3-88,Uninfected,No_comment,Polygon,14,2451.1,2093.4,2439.85,2083.05,2432.8,2063.35,2436.55,2034.25,2441.7,2016.45,2455.8,2006.55,2476.45,1999,2499.95,1995.75,2522,2013.55,2530.9,2026.7,2530.45,2052.6,2517.75,2076.95,2503.2,2091.05,2478.8,2095.75
3-89,Uninfected,No_comment,Polygon,17,2462.4,2241.75,2468.05,2224.35,2477.9,2208.4,2505.6,2194.3,2521.55,2196.65,2543.15,2202.75,2556.3,2210.75,2572.75,2226.7,2576.95,2246.45,2576.05,2271.8,2571.35,2296.65,2558.65,2308.4,2531.9,2320.65,2505.15,2317.35,2475.1,2306.05,2463.8,2282.6,2460.05,2257.7
3-90,Uninfected,No_comment,Polygon,17,2351.15,2000.4,2341.8,1990.1,2332.35,1969.45,2330,1944.55,2341.8,1918.25,2352.6,1904.2,2372.3,1898.55,2392.45,1897.15,2415.9,1905.1,2431.9,1919.65,2442.7,1945.5,2446,1970.35,2437.05,1993.85,2420.65,2011.7,2399.55,2019.2,2383.5,2017.8,2362.4,2011.7
3-91,Uninfected,No_comment,Polygon,16,2777.4,1995.25,2764.7,1978.85,2752.5,1958.65,2755.8,1936.15,2765.65,1917.35,2778.8,1907.45,2806.05,1903.25,2834.2,1911.25,2853,1919.7,2867.55,1938.05,2877.4,1955.35,2873.65,1976.95,2857.65,1996.2,2829.5,2008.45,2801.35,2012.15,2785.35,2002.3
3-92,Uninfected,No_comment,Polygon,15,3009.35,1997.15,2985.8,1984.9,2970.8,1960.05,2968.95,1939.4,2981.65,1912.6,2992.9,1898.05,3011.7,1887.25,3031.4,1882.1,3055.3,1888.7,3082.6,1912.15,3085.35,1941.25,3079.3,1966.6,3067.55,1984,3057.65,1992.45,3038.4,1998.05
3-93,Uninfected,No_comment,Polygon,17,3149.75,1953.95,3125.3,1948.35,3112.6,1931.9,3106.5,1909.8,3113.6,1884,3122.5,1863.35,3139.4,1847.4,3152.1,1831.9,3183.5,1827.7,3203.7,1834.25,3219.65,1847.4,3229.5,1878.4,3225.3,1907,3217.85,1929.05,3205.55,1944.6,3186.3,1956.3,3170.9,1959.15
3-94,Uninfected,No_comment,Polygon,19,3277.45,1789.6,3272.25,1798.55,3265.65,1815.9,3261.45,1842.2,3270.35,1863.8,3280.7,1884.45,3292.9,1892.45,3317.85,1900.4,3335.15,1900.9,3352.5,1896.2,3370.35,1883.05,3378.35,1867.1,3384.9,1841.25,3377.85,1819.2,3368,1801.35,3354,1784.45,3334.75,1776.95,3312.15,1776.95,3294.8,1779.3
3-95,Uninfected,No_comment,Polygon,16,3475.05,1893.85,3461,1887.75,3448.3,1862.4,3444.1,1830.95,3451.15,1806.05,3465.7,1789.2,3488.2,1776,3513.55,1775.1,3538.4,1786.35,3554.4,1812.15,3563.35,1839.85,3562.85,1866.15,3553.95,1882.65,3538,1897.15,3523.9,1904.65,3499.95,1901.35
3-96,Uninfected,No_comment,Polygon,17,3395.75,1766.6,3365.7,1760.5,3346.45,1744.55,3331.4,1721.05,3320.6,1701.35,3326.7,1665.65,3339.4,1648.75,3360.55,1640.8,3385.4,1638.9,3408.4,1644.1,3430.95,1653,3445.05,1667.1,3456.75,1695.25,3456.3,1715.45,3452.1,1730.95,3439.4,1751.6,3423.9,1760.05
3-97,Uninfected,No_comment,Polygon,14,3611.65,1803.65,3603.7,1785.55,3605,1764.4,3621.35,1737.1,3646.9,1730.5,3668,1732.25,3683.45,1742.4,3698.4,1763.55,3705.05,1780.7,3700.65,1807.1,3687.4,1822.15,3668.45,1827,3648.2,1825.65,3625.3,1819.5
3-98,Uninfected,No_comment,Polygon,17,3410.3,1616,3405.45,1607.1,3402.8,1589.05,3409,1568.8,3419.1,1551.6,3443.8,1538.4,3474.65,1532.25,3502.85,1540.15,3520,1552.05,3529.25,1571.9,3529.25,1589.5,3522.2,1611.55,3511.2,1624.35,3493.15,1633.6,3474.65,1637.95,3447.75,1636.65,3425.3,1630.9
3-99,Uninfected,No_comment,Polygon,15,3350.85,1547.2,3337.65,1538,3326.6,1525.6,3323.1,1504.9,3328.8,1483.75,3342.45,1458.2,3363.15,1442.4,3388.75,1439.25,3412.5,1447.65,3426.15,1465.25,3429.7,1493,3423.1,1516.8,3410.75,1534.45,3391.35,1543.75,3367.6,1546.75
3-100,Uninfected,No_comment,Polygon,14,3258.75,1511.1,3243.8,1503.55,3229.25,1484.65,3220,1466.15,3216.9,1446.3,3223.5,1422.05,3238.5,1411.5,3261.85,1407.55,3289.15,1415.95,3303.25,1437.45,3309.4,1459.5,3305,1483.35,3297.1,1494.8,3283.45,1505.35
3-101,Uninfected,No_comment,Polygon,16,3347.3,1376.3,3357.9,1400.5,3386.5,1414.6,3412.05,1418.15,3437.6,1405.75,3450.85,1383.7,3455.7,1358.15,3448.2,1334.8,3440.25,1309.25,3424.85,1294.75,3397.55,1288.6,3369.35,1289.95,3345.1,1300.05,3334.55,1316.35,3333.65,1344.05,3336.3,1361.75
3-102,Uninfected,No_comment,Polygon,18,3624.15,1437.9,3624.6,1415.4,3632.5,1401.25,3648.35,1382,3668.75,1369.5,3694.15,1370,3711.25,1375.75,3732.5,1391.65,3746.25,1416.25,3746.65,1431.65,3740,1457.5,3729.6,1471.25,3707.1,1486.25,3679.6,1491.2,3662.5,1485.4,3641.25,1475,3631.25,1459.5,3625.4,1449.5
3-103,Uninfected,No_comment,Polygon,19,3759.15,1350.75,3765,1335,3777.1,1322,3789.6,1309.5,3815.4,1300.4,3840.4,1304.5,3857.9,1313.25,3872.1,1325.4,3878.35,1349.15,3875.85,1363.25,3867.9,1376.65,3847.5,1395.4,3824.6,1402.9,3802.1,1401.65,3789.6,1397,3777.1,1390.4,3769.6,1385,3763.75,1374.15,3760.85,1365
3-104,Uninfected,No_comment,Polygon,17,3923.15,1500.95,3929.3,1482.55,3941.55,1473.55,3962.8,1464.2,3993.45,1465.55,4016.55,1475.95,4038.75,1486.3,4043.95,1503.8,4045.35,1525.05,4045.35,1545.8,4033.55,1565.1,4004.3,1582.1,3973.65,1581.1,3955.25,1572.65,3939.2,1558,3926.95,1540.55,3922.7,1523.55
3-105,Uninfected,No_comment,Polygon,19,4145.45,1533.35,4159.15,1511.9,4172.35,1500.95,4188.35,1491.35,4214.4,1486.35,4243.15,1492.25,4261.85,1504.15,4272.85,1517.85,4280.15,1539.75,4282.9,1561.7,4270.55,1590.45,4252.3,1606.9,4224.45,1616.95,4204.35,1621.05,4181.5,1616,4164.6,1606.9,4153.65,1595.95,4146.8,1574.95,4142.7,1556.65
3-106,Uninfected,No_comment,Polygon,17,4036.3,1469.5,4033.55,1452.6,4042.2,1416.5,4064.6,1398.25,4086.5,1385.45,4112.55,1381.8,4142.2,1384.1,4165.05,1406,4174.65,1423.35,4179.65,1448,4174.65,1475.9,4157.75,1495.5,4131.7,1511.5,4097.95,1517.9,4073.75,1512.4,4050.45,1495.95,4041.75,1482.75
3-107,Uninfected,No_comment,Polygon,17,3915.75,1358.5,3911.6,1348.5,3904.75,1319.7,3911.6,1300.05,3932.6,1288.2,3955,1274.95,3968.25,1269.95,3999.3,1269.5,4030.35,1283.65,4039.5,1301.45,4046.8,1320.15,4045.4,1343,4030.8,1360.35,4017.1,1375.4,3987.9,1379.05,3944.5,1375.4,3929.9,1371.3
3-108,Uninfected,No_comment,Polygon,16,3801.1,1229.25,3809.8,1201.85,3821.65,1178.6,3844.5,1162.6,3872.35,1152.55,3902.5,1155.75,3926.7,1164.4,3949.95,1185.9,3956.8,1206,3953.65,1228.35,3943.1,1252.55,3914.35,1268.1,3886.95,1280.4,3849.5,1277.2,3829.9,1268.1,3813.45,1257.1
3-109,Uninfected,No_comment,Polygon,18,4029.9,1183.6,4037.65,1163.05,4069.15,1143.4,4101.6,1139.75,4124.4,1145.7,4144.5,1159.4,4158.2,1177.15,4168.7,1194.1,4171.9,1218.75,4165.95,1245.25,4152.25,1260.75,4139.95,1271.75,4109.8,1279.05,4076.9,1274.45,4052.25,1261.25,4036.3,1243.9,4026.7,1224.7,4027.6,1207.8
3-110,Uninfected,No_comment,Polygon,17,3635.8,1128.35,3648.6,1109.65,3662.3,1098.25,3694.25,1093.65,3731.25,1101.9,3761.85,1108.25,3784.65,1124.7,3799.75,1138.4,3799.75,1158.95,3786.5,1183.6,3772.8,1198.7,3742.2,1207.35,3702,1204.65,3668.7,1198.7,3647.65,1186.35,3633.05,1174.5,3626.65,1146.15
3-111,Uninfected,No_comment,Polygon,17,3554.05,1179.5,3554.05,1154.85,3568.65,1129.75,3587.4,1115.6,3619.35,1111,3649.5,1104.15,3685.1,1113.75,3691.95,1133.35,3693.35,1154.35,3687.85,1187.2,3674.15,1215.6,3654.05,1230.65,3634.45,1240.25,3614.8,1241.6,3597.45,1239.8,3576,1230.65,3563.2,1210.55
3-112,Uninfected,No_comment,Polygon,17,3711.15,951.65,3721.65,945.7,3745.85,945.25,3768.25,954.4,3790.15,980.85,3794.25,1010.55,3786.95,1042.05,3773.7,1057.15,3749.95,1068.55,3734.9,1070.35,3712.5,1060.35,3694.7,1047.55,3681.9,1027.9,3678.25,1011,3678.7,989.55,3687.85,969.9,3693.8,960.3
3-113,Uninfected,No_comment,Polygon,15,3977.85,1037.5,3958.65,1034.3,3944.05,1021.5,3926.7,1000.95,3924.4,956.65,3940.4,934.3,3963.65,923.8,3989.25,916.95,4020.75,921.05,4041.3,935.2,4050.45,971.3,4046.8,994.55,4036.3,1010.55,4020.3,1027.45,4002.05,1033.4
3-114,Uninfected,No_comment,Polygon,21,3819.5,906.75,3822.65,898.6,3827.65,882.75,3837.15,873.25,3846.2,867.4,3857.95,862.4,3867.9,856.1,3876.95,852,3900.95,857.05,3919.95,862.85,3928.55,877.35,3930.35,898.15,3928.55,915.35,3923.6,933,3915,948.4,3900.05,956.55,3880.15,960.6,3862.95,960.6,3840.3,953.8,3828.1,937.55,3820.85,923.5
3-115,Uninfected,No_comment,Polygon,22,4143.05,975.1,4140.35,991.85,4138.05,1011.75,4149.4,1032.1,4166.55,1049.3,4184.2,1056.1,4200.05,1061.5,4225.4,1056.55,4240.35,1049.3,4258,1040.25,4280.15,1028.5,4290.1,1014.45,4291,992.3,4282.85,968.75,4272.9,950.65,4258.45,942.05,4237.6,932.55,4218.6,929.4,4197.8,934.35,4179.7,942.95,4167.95,947.95,4155.7,955.65
3-116,Uninfected,No_comment,Polygon,15,3747.55,855.65,3734.9,847.5,3718.15,838,3708.65,819.9,3711.35,794.1,3728.55,778.75,3755.7,769.25,3776.5,773.3,3800.05,780.1,3806.85,789.15,3811.8,797.75,3814.05,815.85,3807.75,836.2,3798.25,849.35,3785.55,857.45
3-117,Uninfected,No_comment,Polygon,19,3877.85,651.6,3863.4,658.8,3852.1,668.8,3842.6,679.65,3833.55,698.2,3830.8,719.9,3836.7,748.85,3849.35,768.8,3876.5,782.35,3898.7,781.9,3919.95,773.75,3935.35,763.35,3949.35,743.9,3952.55,717.65,3950.25,698.65,3943.5,676,3932.15,664.7,3917.7,652.95,3895.5,650.7
3-118,Uninfected,No_comment,Polygon,16,3581.5,840.75,3591.45,821.75,3620.85,807.25,3640.3,803.2,3672.45,811.3,3684.65,822.2,3691.45,847.95,3686.95,870.6,3676.05,893.7,3661.6,908.15,3638.05,921.3,3612.7,921.75,3583.75,910.85,3572.45,898.2,3570.65,876.95,3572.9,859.3
3-119,Uninfected,No_comment,Polygon,17,3475.6,714.5,3466.1,724.45,3456.6,738.45,3450.25,753.85,3446.65,782.35,3456.6,816.75,3483.3,834.85,3502.75,837.55,3534.9,830.35,3552.55,817.65,3567.9,801.35,3570.2,783.7,3571.55,759.3,3562.05,736.65,3545.75,717.2,3520.4,707.7,3505.5,705
3-120,Uninfected,No_comment,Polygon,16,3413.6,975.15,3403.2,959.75,3400.5,929.4,3404.1,896.85,3417.25,882.35,3443.95,867.9,3453.45,862,3481.5,865.6,3505.5,875.1,3525.85,897.3,3534,918.55,3525.85,952.05,3513.6,975.6,3485.1,988.25,3464.75,992.3,3440.3,989.15
3-121,Uninfected,No_comment,Polygon,18,3481.95,1014.5,3491,1006.35,3505.95,998.65,3529.5,993.7,3559.35,1000.45,3576.1,1011.35,3591.95,1033.05,3598.25,1051.15,3590.55,1076.5,3582.45,1092.8,3564.8,1114.5,3545.75,1125.35,3509.55,1129.9,3483.8,1118.1,3467.5,1098.65,3465.25,1072.85,3467.95,1046.15,3474.3,1027.15
3-122,Uninfected,No_comment,Polygon,14,3295.5,960.15,3286,973.75,3279.7,994.95,3292.8,1023.95,3320.4,1042.5,3343.95,1041.6,3368.8,1033.45,3379.7,1022.6,3389.65,991.85,3382.4,969.65,3373.35,950.65,3357.5,942.9,3339.85,942.9,3319.95,947.05
3-123,Uninfected,No_comment,Polygon,19,3337.6,855.2,3338.95,865.15,3342.6,874.2,3360.7,886.85,3366.55,897.65,3366.1,914.9,3362.95,935.7,3363.8,951.55,3347.05,964.2,3319,975.05,3303.6,973.25,3283.3,963.75,3271.1,944.75,3263.4,921.65,3262.05,895.9,3268.8,876.85,3283.3,861.9,3296.9,856.55,3312.25,851.55
3-124,Uninfected,No_comment,Polygon,15,3267.9,715.35,3283.3,698.15,3309.55,690.9,3334.9,694.95,3351.65,712.2,3359.75,726.65,3362.05,762.35,3353.9,788.65,3341.2,811.75,3317.25,822.6,3294.15,828.5,3257.5,814.9,3244.85,787.1,3243.5,761.05,3256.15,734.75
3-125,Uninfected,No_comment,Polygon,18,3188.75,831.65,3185.1,817.6,3184.65,794.05,3192.35,769.65,3205,756.55,3221.3,747.95,3242.1,742.5,3265.2,741.1,3285.5,749.25,3297.75,758.3,3306.8,793.6,3301.35,820.75,3287.8,835.25,3275.6,848.35,3260.2,855.65,3243.05,860.6,3222.65,861.45,3204.55,851.1
3-126,Uninfected,No_comment,Polygon,17,3286.5,489.1,3277.9,503.6,3270.65,528.45,3270.2,549.3,3277.9,577.75,3305.05,599,3318.6,609.9,3350.75,610.85,3368.4,601.3,3385.1,584.6,3386.5,553.75,3381.5,534.35,3373.8,512.65,3364.75,497.7,3343.5,486.8,3326.3,477.3,3307.7,476.45
3-127,Uninfected,No_comment,Polygon,16,3191.9,690.4,3166.15,683.7,3152.55,662.35,3141.7,628.45,3140.75,607.2,3164.3,570.1,3192.35,556.55,3214.55,556.05,3231.75,565.6,3248.05,581.35,3260.25,604.9,3262.95,628,3259.8,652,3246.2,668.7,3234.85,680.45,3220.45,687.75
3-128,Uninfected,No_comment,Polygon,15,3432.6,507.7,3413.15,500.45,3387.35,484.6,3376.5,444.8,3388.75,405.45,3405,391.4,3429,385.05,3455.25,391.4,3476.95,402.7,3500.05,424.9,3514.05,453.85,3510,474.2,3500.5,495.5,3486.45,507.25,3467.9,512.2
3-129,Uninfected,No_comment,Polygon,14,3591,546.15,3576.95,539.35,3569.3,526.25,3565.2,493.65,3576.05,463.35,3588.75,448.4,3611.35,439.8,3637.15,440.75,3662.5,458.85,3670.2,477.4,3670.2,498.65,3664.75,517.2,3651.65,532.15,3628.1,544.8
3-130,Uninfected,No_comment,Polygon,24,3723.2,612.65,3716.35,604.05,3712.75,595.45,3714.15,587.3,3708.2,575.1,3713.7,560.6,3717.25,552,3726.8,538.45,3734,527.15,3757.55,518.1,3772.5,515.35,3789.2,521.25,3798.7,526.7,3811.85,532.1,3819.05,539.8,3828.1,554.75,3829.95,579.15,3830.85,601.35,3827.65,604.05,3820,617.65,3801.4,629.4,3779.25,636.65,3761.6,637.1,3745.8,630.75
3-131,Uninfected,No_comment,Polygon,16,3794.65,490.4,3785.15,471.9,3782,446.55,3790.15,419.85,3807.3,398.15,3831.75,390,3862.05,385.95,3889.7,405.8,3905.95,428.9,3910.95,455.6,3905.95,480.05,3895.55,494.1,3881.55,508.95,3853,516.25,3831.3,510.35,3814.1,501.8
3-132,Uninfected,No_comment,Polygon,20,3981.95,566.5,3967.9,553.4,3948,534.85,3939.4,510.4,3947.1,484.15,3950.75,469.65,3954.35,459.25,3973.35,445.25,3988.75,437.1,4011.8,428.05,4040.3,426.25,4061.6,433,4086,458.35,4093.7,485.95,4091.9,518.1,4080.15,536.65,4061.6,552.95,4040.75,563.35,4019.95,570.6,4006.85,569.2
3-133,Uninfected,No_comment,Polygon,15,3797.8,362.9,3773.35,357,3759.35,340.25,3748.45,310.4,3751.65,278.25,3767,247.05,3791,235.75,3819.5,231.65,3853.45,240.25,3866.55,255.65,3872.45,289.15,3866.1,311.75,3853.9,333,3841.7,352.05,3822.25,359.25
3-134,Uninfected,No_comment,Polygon,16,3597.35,373.75,3585.1,370.55,3562.5,361.5,3548.45,339.8,3539.85,314.45,3552.55,273.75,3567,250.2,3597.35,242.05,3624.5,239.8,3648.45,253.4,3657.05,281,3658.9,305.85,3653,329.85,3645.3,341.6,3630.35,358.35,3619.95,367.85
3-135,Uninfected,No_comment,Polygon,16,3672.5,228.95,3650.8,224.45,3635.35,205.4,3619.1,174.2,3627.25,145.7,3641.75,121.7,3667.05,109.5,3682.85,104.5,3715.9,113.55,3735.4,123.95,3746.2,154.3,3747.6,176.9,3739,204.05,3725.85,216.3,3701.9,229.4,3682,233.5
3-136,Uninfected,No_comment,Polygon,14,3556.15,139.8,3536.7,135.75,3520.4,119,3513.15,100.45,3517.2,69.25,3526.25,46.15,3540.3,28.95,3568.35,18.55,3603.65,24.9,3621.3,43,3628.55,70.6,3621.3,94.1,3611.35,114.05,3596.85,130.3
3-137,Uninfected,No_comment,Polygon,14,3296.95,119.85,3278.85,111.25,3264.3,92.7,3268.4,56.05,3277,30.3,3297.85,12.65,3337.65,5.9,3366.1,12.2,3382.45,33.05,3383.35,66,3374.3,91.4,3354.8,111.25,3342.65,122.2,3317.7,120.3
3-138,Uninfected,No_comment,Polygon,13,1890.2,1788.2,1884.75,1772.4,1885.8,1744.65,1902.6,1717.45,1928.35,1705.55,1961.55,1706.55,1982.3,1715.95,1996.7,1743.15,1995.15,1772.4,1979.8,1802.6,1952.6,1815.95,1928.35,1814.95,1913,1806.05
3-139,Uninfected,No_comment,Polygon,15,1860.95,1968.4,1843.65,1956.1,1829.3,1934.75,1830.3,1914.95,1839.7,1893.15,1853.05,1881.3,1875.8,1873.9,1902.55,1877.3,1917.9,1887.7,1933.25,1903.05,1941.65,1913.5,1940.7,1933.25,1933.25,1949.15,1907.5,1965.45,1890.7,1969.45
3-140,Uninfected,No_comment,Polygon,15,2088.7,1667.9,2067.9,1670.4,2050.6,1666.9,2032.75,1654,2015.45,1634.25,2008,1607,2011,1576.8,2027.8,1554.55,2052.55,1546.1,2083.25,1546.6,2106.55,1568.9,2119.9,1595.6,2124.3,1621.3,2118.9,1643.15,2111.9,1654.55
3-141,Uninfected,No_comment,Polygon,13,2118.85,1476.8,2112.95,1506.5,2115.85,1539.7,2137.7,1564.95,2166.85,1577.8,2190.7,1573.85,2212.4,1559,2228.8,1530.3,2224.3,1503.05,2209.95,1468.9,2194.6,1456.5,2171.3,1448.1,2145.65,1454.55
3-142,Uninfected,No_comment,Polygon,17,1986.75,1367.85,1981.3,1376.3,1974.85,1396.1,1974.85,1428.25,1992.65,1460.95,2010.5,1480.25,2032.75,1485.2,2056.55,1478.25,2089.7,1460.95,2100.1,1443.1,2107.55,1422.3,2103.55,1395.6,2092.7,1374.8,2079.8,1357.95,2053.05,1346.55,2031.3,1346.55,2016.45,1349.55
3-143,Uninfected,No_comment,Polygon,16,2161,1357.5,2133.8,1348.55,2117.95,1336.7,2104.05,1321.85,2099.1,1298.55,2103.1,1279.75,2119.4,1265.4,2148.15,1259.95,2168.95,1266.4,2186.75,1273.8,2208.05,1287.2,2217.95,1305,2219.9,1324.85,2214.5,1340.15,2201.1,1353,2183.3,1357
3-144,Uninfected,No_comment,Polygon,15,2045.65,1225.75,2022.4,1218.3,2000.6,1205,1986.75,1167.8,1992.2,1132.15,2006.05,1112.35,2029.8,1103.5,2054.05,1104,2074.35,1110.95,2094.15,1130.7,2103.6,1154.95,2111,1172.75,2102.1,1202.05,2089.2,1217.4,2068.45,1224.3
3-145,Uninfected,No_comment,Polygon,17,1775.8,1082.65,1764.95,1071.35,1753.55,1049.05,1754.55,1018.85,1762.95,999.05,1781.25,988.15,1796.1,980.25,1825.35,981.65,1849.1,992.6,1871.85,1018.35,1882.25,1040.1,1886.7,1059.45,1878.3,1086.2,1860.5,1100.5,1845.15,1106.5,1822.35,1104.95,1800.55,1099.55
3-146,Uninfected,No_comment,Polygon,17,1882.25,956.45,1888.2,934.15,1897.6,918.8,1911.95,909.95,1927.8,905.5,1953.55,909.4,1970.4,919.3,1983.75,936.15,1990.7,964.35,1991.2,980.75,1987.2,1006,1967.4,1015.9,1946.6,1024.3,1926.8,1022.8,1908,1014.85,1894.15,1005.5,1881.25,981.65
3-147,Uninfected,No_comment,Polygon,16,2009,907.95,2011,895.6,2018.85,872.8,2030.3,858.45,2047.1,849.55,2075.85,848.05,2094.15,850.55,2121.9,872.3,2137.7,896.55,2131.8,926.75,2114.45,951.95,2089.2,962.4,2064.45,964.9,2045.15,958.45,2026.35,944.1,2016.9,930.75
3-148,Uninfected,No_comment,Polygon,17,2177.8,979.7,2188.2,965.4,2203.55,954,2220.4,949.05,2249.1,951.55,2269.9,959.45,2289.2,967.35,2299.1,994.1,2303.55,1019.35,2294.15,1043.1,2279.8,1059.95,2254.05,1066.4,2222.85,1060.45,2205,1052.5,2185.75,1037.2,2176.85,1023.8,2177.8,999.55
3-149,Uninfected,No_comment,Polygon,16,2314.95,974.3,2314.45,958.95,2317.45,935.15,2324.35,919.3,2342.2,896.55,2378.85,889.6,2407.05,901,2422.9,917.35,2438.75,946.05,2426.85,986.65,2416.95,1008.45,2398.15,1019.35,2383.3,1025.75,2361.5,1022.3,2341.7,1014.4,2328.35,1002.5
3-150,Uninfected,No_comment,Polygon,17,2347.65,1300.55,2327.35,1297.15,2310.45,1287.75,2295.15,1274.85,2283.25,1255.5,2275.85,1232.7,2281.3,1200.05,2295.15,1178.8,2318.4,1169.85,2351.6,1168.35,2371.4,1177.75,2388.65,1195.6,2401.05,1216.95,2405.55,1244.65,2398.15,1271.9,2389.7,1283.2,2365.9,1297.65
3-151,Uninfected,No_comment,Polygon,14,2489.15,1317.95,2462.5,1310.95,2444.15,1288.15,2435.75,1267.45,2436.75,1236.75,2441.15,1212.45,2454.55,1193.6,2476.3,1187.2,2500.1,1191.15,2521.4,1207.05,2536.7,1231.25,2535.75,1290.65,2517.95,1311.95,2501.1,1314.4
3-152,Uninfected,No_comment,Polygon,16,2544.2,1443.15,2521.9,1427.8,2513.5,1398.1,2521.4,1369.8,2529.85,1353.05,2543.2,1340.65,2562,1333.75,2583.3,1329.75,2604.1,1334.7,2617.45,1345.1,2633.8,1366.9,2636.75,1390.15,2627.35,1422.85,2608.55,1438.7,2580.85,1450.1,2556.55,1445.6
3-153,Uninfected,No_comment,Polygon,17,2724.1,1319.4,2729.2,1306.45,2738,1296.75,2758.85,1286.55,2781.05,1282.4,2802.35,1284.25,2817.65,1286.55,2836.15,1306.9,2838.95,1325.45,2834.75,1348.1,2812.1,1362.45,2794,1374.95,2759.3,1381.45,2741.25,1376.85,2730.6,1364.35,2719.95,1347.65,2718.55,1334.7
3-154,Uninfected,No_comment,Polygon,17,2346.35,2436.6,2345.85,2422.7,2357.9,2398.2,2370.4,2386.15,2398.65,2379.65,2417.15,2377.35,2437.55,2382.9,2454.65,2395.4,2471.35,2419,2475.95,2447.25,2473.2,2474.55,2462.55,2494,2438.9,2508.35,2407.9,2514.4,2392.15,2510.7,2367.6,2494,2353.75,2471.35
3-155,Uninfected,No_comment,Polygon,15,2896.55,2591.4,2906.75,2577.65,2931.75,2570,2960.85,2577.1,2984.3,2586.3,3006.75,2607.25,3022.55,2636.8,3017.95,2670,2999.1,2696,2969.5,2702.65,2948.6,2696.5,2920,2686.8,2901.15,2668.95,2888.9,2643.45,2886.35,2620.5
3-156,Uninfected,No_comment,Polygon,17,2722.55,2559.8,2713.35,2547.55,2711.35,2515.4,2716.95,2499.05,2731.75,2476.1,2760.8,2464.35,2800.1,2464.35,2825.1,2471.5,2841.45,2483.75,2851.65,2501.1,2857.25,2529.15,2848.6,2553.15,2832.25,2570,2811.35,2581.2,2775.6,2582.25,2749.6,2576.6,2733.8,2570.5
3-157,Uninfected,No_comment,Polygon,18,2776.15,2754.15,2781.75,2724.05,2795,2696,2809.8,2678.65,2826.65,2669.5,2859.8,2659.8,2874.1,2675.6,2886.85,2699.05,2888.4,2719.5,2888.4,2739.4,2881.25,2760.8,2872.05,2775.1,2856.25,2793.95,2832.25,2804.7,2821.55,2805.2,2807.25,2800.6,2789.4,2791.4,2777.65,2777.65
3-158,Uninfected,No_comment,Polygon,15,3013.9,2934.3,2988.9,2916.95,2975.1,2895,2966.95,2868.45,2977.65,2826.1,2995,2810.3,3028.15,2802.15,3043.45,2799.6,3073.05,2811.3,3092.95,2833.25,3100.6,2863.35,3099.6,2892.45,3089.9,2907.75,3074.6,2924.1,3054.2,2932.75
3-159,Uninfected,No_comment,Polygon,15,3085.3,2712.35,3075.1,2731.2,3075.6,2767.45,3086.35,2792.45,3101.65,2812.85,3122.05,2822.05,3147.55,2826.6,3175.6,2815.9,3195.5,2791.4,3201.65,2764.9,3193.5,2730.2,3179.7,2710.8,3155.7,2693.95,3124.6,2690.9,3106.75,2696.5
3-160,Uninfected,No_comment,Polygon,17,3276.15,2879.2,3247.55,2871,3223.05,2851.1,3212.85,2820.5,3217.45,2788.85,3227.65,2764.4,3239.4,2755.7,3269,2747.55,3286.85,2747.05,3302.65,2751.6,3323.1,2760.3,3340.4,2776.1,3347.55,2804.15,3342.45,2825.1,3331.25,2844.5,3317.45,2861.85,3297.05,2875.6
3-161,Uninfected,No_comment,Polygon,16,3234.3,2691.9,3213.9,2685.85,3202.7,2676.15,3190.45,2659.8,3187.9,2631.75,3189.9,2613.35,3204.7,2587.35,3232.25,2575.6,3252.15,2576.15,3273.1,2583.8,3289.95,2601.65,3298.1,2629.2,3298.1,2652.65,3289.4,2666.45,3277.15,2683.25,3252.15,2692.95
3-162,Uninfected,No_comment,Polygon,14,3166.45,2569.55,3148.1,2567,3127.7,2557.75,3115.95,2540.4,3110.9,2520.5,3109.8,2490.95,3123.6,2471.5,3147.1,2464.35,3165.45,2460.3,3200.7,2475.1,3214.95,2495.5,3220.05,2522.55,3211.9,2544.55,3199.6,2558.75
3-163,Uninfected,No_comment,Polygon,18,3325.65,2463.35,3309.3,2458.25,3295,2448.55,3286.35,2428.15,3279.2,2406.7,3280.2,2389.35,3292.95,2366.9,3304.2,2355.2,3315.95,2344.45,3333.8,2337.85,3350.65,2339.35,3375.15,2348.55,3390.95,2366.9,3399.6,2389.9,3392.5,2421,3384.3,2436.8,3369.5,2451.1,3351.15,2458.75
3-164,Uninfected,No_comment,Polygon,15,3226.65,2334.3,3212.85,2330.7,3195,2322.55,3182.25,2301.1,3179.7,2273.55,3189.9,2249.1,3201.65,2236.85,3219,2229.2,3232.25,2229.7,3256.25,2240.4,3270.5,2254.15,3281.75,2281.75,3272.55,2303.15,3265.9,2317.95,3256.25,2326.65
3-165,Uninfected,No_comment,Polygon,18,3307.25,2216.95,3289.35,2215.4,3272.05,2209.8,3255.65,2196.5,3245.5,2175.1,3240.9,2143.95,3249.1,2118.95,3255.2,2096.5,3271.05,2083.75,3289.9,2083.75,3310.3,2088.3,3323,2096,3335.85,2105.7,3344,2123.55,3345,2151.1,3345.45,2176.1,3342.45,2193.45,3332.25,2203.15
3-166,Uninfected,No_comment,Polygon,17,3100.65,2189.35,3087.35,2191.4,3071.55,2191.9,3046.55,2181.7,3029.2,2166.4,3015.45,2137.3,3013.9,2109.75,3021.05,2090.35,3037.9,2070.95,3057.25,2060.25,3092.45,2061.8,3114.4,2073.5,3133.3,2094.45,3137.9,2121.5,3135.85,2139.35,3127.15,2163.85,3120.05,2173
3-167,Uninfected,No_comment,Polygon,17,2979.7,2292.9,2959.3,2283.25,2948.6,2269.95,2935.85,2243.95,2939.9,2215.35,2951.15,2196.5,2963.9,2185.75,2976.15,2178.65,2990.45,2178.1,3008.8,2183.75,3025.1,2193.95,3038.9,2209.25,3050.15,2234.25,3052.15,2254.65,3037.9,2276.6,3025.1,2288.35,3014.4,2291.9
3-168,Uninfected,No_comment,Polygon,16,3449.65,2372.5,3432.3,2367.4,3416,2355.7,3399.15,2328.65,3394.55,2301.6,3400.2,2281.7,3414.45,2266.4,3427.2,2255.15,3456.8,2251.1,3488.95,2259.75,3511.4,2283.75,3521.15,2311.3,3512.9,2338.85,3499.65,2355.7,3487.9,2366.4,3475.15,2372
3-169,Uninfected,No_comment,Polygon,19,3638.35,2436.35,3647.8,2427.95,3661.2,2413.45,3661.7,2381.6,3663.75,2358.2,3652.8,2340.8,3635.8,2323.9,3617.95,2318.9,3597,2323.4,3586.55,2326.4,3574.2,2332.9,3563.75,2351.75,3554.7,2368.2,3553.8,2390.05,3558.25,2411.95,3568.2,2428.85,3582.65,2438.4,3597,2440.3,3618.45,2438.8
3-170,Uninfected,No_comment,Polygon,14,3744.35,2469.65,3721.4,2469.65,3706.95,2459.7,3686.05,2433.4,3687.6,2393.1,3702.55,2371.65,3717.95,2365.2,3736.8,2364.7,3758.75,2376.15,3773.2,2389.55,3787.05,2424.9,3785.15,2444.3,3775.2,2457.25,3766.15,2464.2
3-171,Uninfected,No_comment,Polygon,17,3772.15,2284.6,3783.15,2269.65,3802.5,2266.75,3818.95,2264.7,3831.85,2268.15,3854.3,2281.1,3876.1,2299,3888.6,2327.45,3885.65,2355.75,3875.2,2374.15,3862.2,2386.1,3830.4,2385.1,3805.05,2377.2,3788.6,2366.2,3775.6,2353.25,3766.65,2334.35,3763.75,2320.4
3-172,Uninfected,No_comment,Polygon,20,3880.2,2418.5,3884.65,2401.5,3896.1,2381.1,3914,2367.75,3928.95,2364.7,3945.85,2366.2,3962.25,2369.15,3981.15,2382.65,3991.6,2394.05,4001.1,2413.95,4009.05,2436.35,4004.55,2457.25,3993.6,2475.65,3978.2,2487.65,3961.75,2492.05,3940.4,2494.05,3919,2491.05,3901.05,2481.6,3887.65,2469.15,3878.2,2443.35
3-173,Uninfected,No_comment,Polygon,20,3597.05,2493.55,3608.5,2478.65,3619.45,2467.7,3632.85,2461.75,3654.75,2459.25,3672.15,2466.2,3690.05,2481.65,3700.5,2492.1,3709,2508,3716.45,2526.9,3710.95,2551.3,3696.55,2573.65,3681.1,2584.1,3662.7,2584.1,3643.3,2576.15,3631.35,2572.7,3615.95,2567.7,3602.5,2555.25,3586.1,2538.35,3590.05,2509
3-174,Uninfected,No_comment,Polygon,17,3408.95,2504.5,3407,2518.45,3401.5,2535.85,3407,2571.7,3418.9,2593.55,3439.8,2603.5,3472.65,2602.95,3496.55,2592.6,3509,2565.7,3511.95,2549.3,3510.95,2524.4,3505,2507.5,3495.55,2492.1,3479.6,2480.65,3458.25,2476.15,3436.35,2481.15,3424.9,2487.6
3-175,Uninfected,No_comment,Polygon,19,3582.1,2704.5,3562.7,2691.1,3549.3,2676.15,3543.3,2656.25,3550.75,2629.9,3562.2,2613.45,3575.15,2602.95,3603.5,2596.55,3618.95,2598.55,3638.35,2609.5,3651.25,2621.45,3662.2,2631.9,3671.65,2643.3,3675.65,2659.25,3674.15,2680.65,3662.2,2695.55,3648.3,2705.5,3632.85,2711.5,3607.5,2713.4
3-176,Uninfected,No_comment,Polygon,19,3366.2,2770.15,3374.65,2756.25,3388.6,2739.3,3405.5,2729.35,3432.35,2730.85,3449.25,2738.8,3464.7,2754.25,3473.65,2770.65,3481.6,2787.1,3484.1,2809.95,3480.1,2836.35,3464.7,2855.75,3442.3,2870.15,3419.4,2868.65,3405,2859.7,3384.1,2850.25,3371.65,2830.35,3363.7,2812.95,3363.2,2794.55
3-177,Uninfected,No_comment,Polygon,18,3510.95,2784.6,3510.45,2798.5,3515.95,2815.45,3530.85,2833.35,3553.25,2841.3,3576.15,2845.8,3589.6,2845.3,3606,2841.3,3622.4,2831.85,3630.35,2820.9,3633.35,2793.05,3618.95,2770.65,3603.5,2756.75,3583.6,2743.8,3558.75,2742.3,3537.35,2743.3,3516.45,2757.7,3512.45,2763.7
3-178,Uninfected,No_comment,Polygon,17,3478.65,2878.15,3473.2,2883.15,3468.2,2896.1,3467.7,2917.45,3473.7,2938.85,3488.1,2949.8,3523.95,2969.7,3544.35,2961.25,3562.75,2958.25,3575.6,2941.35,3583.15,2926.45,3577.15,2896.1,3563.75,2878.15,3554.75,2872.7,3532.9,2864.25,3512,2862.25,3502.55,2862.25
3-179,Uninfected,No_comment,Polygon,19,3964.7,2529.7,3972.5,2517.2,3991.75,2503.15,4012.1,2503.15,4042.3,2505.75,4061.55,2506.8,4082.9,2521.9,4091.25,2533.35,4093.85,2557.85,4089.15,2581.3,4073.55,2594.8,4047,2605.75,4022.5,2604.2,3998.55,2598.45,3983.95,2592.75,3976.65,2582.85,3970.4,2575.05,3960.5,2562,3962.6,2540.65
3-180,Uninfected,No_comment,Polygon,16,3839.15,2636.5,3845.95,2620.85,3860.5,2605.25,3882.9,2596.4,3909.5,2591.15,3942.8,2608.35,3960.5,2643.8,3968.35,2676.6,3957.4,2699,3934.5,2722.45,3905.3,2727.1,3869.9,2718.8,3856.35,2707.3,3842.8,2692.2,3838.1,2676.05,3836.55,2657.85
3-181,Uninfected,No_comment,Polygon,16,4016.25,2327.6,4009.45,2352.1,4013.6,2378.7,4029.75,2405.25,4053.75,2417.25,4086.55,2419.3,4106.35,2403.1,4118.3,2393.75,4127.7,2378.1,4129.25,2355.7,4117.25,2315.6,4105.3,2299.45,4078.75,2283.85,4060.5,2286.45,4036.55,2296.9,4026.1,2307.35
3-182,Uninfected,No_comment,Polygon,17,4156.35,2258.85,4152.7,2246.35,4158.95,2225.05,4173.5,2198.45,4197.5,2182.35,4221.45,2175.55,4244.35,2180.7,4271.95,2193.8,4286.55,2220.8,4292.3,2247.45,4286.05,2269.3,4268.3,2298.5,4246.95,2307.35,4226.65,2309.95,4201.65,2308.3,4180.3,2295.8,4165.2,2284.95
3-183,Uninfected,No_comment,Polygon,17,4052.15,2117.7,4065.2,2105.2,4085,2096.4,4107.9,2097.45,4123.5,2104.65,4142.25,2115.65,4152.7,2134.95,4158.95,2160.45,4147.5,2204.2,4131.35,2214.05,4112.6,2217.25,4092.25,2214.05,4070.9,2206.3,4056.35,2194.85,4043.85,2181.3,4039.15,2155.7,4045.9,2132.8
3-184,Uninfected,No_comment,Polygon,18,3908.4,2211.95,3917.8,2197.95,3937.05,2182.8,3960.5,2179.7,3983.95,2179.2,4003.2,2186.95,4023.5,2198.45,4040.7,2219.3,4044.35,2233.85,4044.35,2249.45,4032.35,2264.1,4013.1,2279.2,3986,2287.5,3952.15,2288.05,3933.95,2280.2,3915.7,2267.25,3908.4,2251.6,3903.7,2236.95
3-185,Uninfected,No_comment,Polygon,16,3832.85,2008.85,3855.85,1991.7,3868.85,1984.9,3903.7,1988.05,3927.15,1999.5,3939.65,2012.5,3948,2033.85,3951.1,2053.65,3946.45,2073.95,3926.6,2085.45,3905.85,2091.7,3882.85,2088.05,3855.85,2079.7,3841.75,2067.7,3834.5,2055.75,3827.15,2040.1
3-186,Uninfected,No_comment,Polygon,18,3683.95,1913.05,3691.25,1899.5,3702.7,1889.6,3726.65,1879.15,3741.25,1877.1,3764.15,1883.35,3781.85,1894.3,3798,1924.5,3804.25,1944.8,3800.6,1979.7,3786,1992.7,3760.5,2006.25,3732.4,2006.8,3711,2000.55,3693.85,1984.9,3680.3,1969.3,3675.1,1950,3680.3,1931.8
3-187,Uninfected,No_comment,Polygon,15,3840.7,1844.8,3844.9,1829.15,3857.4,1808.35,3876.65,1790.1,3898.55,1787,3938.1,1797.4,3955.3,1811.45,3965.2,1843.75,3959.45,1870.85,3949.55,1903.15,3935,1915.1,3901.65,1926.55,3860.5,1919.3,3843.85,1901.05,3836,1871.35
3-188,Uninfected,No_comment,Polygon,17,3422.45,2106.85,3424.05,2083.35,3431.85,2058.35,3445.9,2044.8,3464.15,2032.85,3489.65,2026.6,3514.65,2037.6,3526.1,2047.95,3541.75,2064.1,3549.05,2084.45,3552.7,2108.35,3538.6,2129.7,3524.05,2141.25,3494.85,2149.55,3475.05,2147.5,3452.65,2134.45,3428.2,2121.95
3-189,Uninfected,No_comment,Polygon,17,4297.5,1709.4,4319.4,1690.1,4345.45,1680.75,4362.6,1673.95,4390.2,1680.75,4412.6,1695.3,4426.15,1715.1,4433.95,1740.1,4432.4,1759.9,4412.6,1780.2,4394.4,1794.8,4369.95,1803.15,4339.7,1803.15,4316.25,1793.25,4297,1777.1,4289.2,1758.85,4288.7,1743.25
3-190,Uninfected,No_comment,Polygon,15,4347.5,1864.1,4349.6,1882.3,4353.25,1894.8,4368.85,1917.75,4380.35,1926.6,4400.65,1932.3,4418.85,1932.85,4451.15,1927.6,4471.5,1850.55,4466.25,1838.55,4448.6,1822.95,4402.7,1821.35,4381.9,1824.5,4368.35,1833.35,4359.5,1839.1
3-191,Uninfected,No_comment,Polygon,12,4404.85,2069.8,4377.2,2075,4356.35,2071.4,4336.6,2062.5,4317.8,2046.9,4310,2024,4307.45,1995.35,4332.95,1965.1,4354.8,1950,4381.35,1948.45,4412.1,1963.05,4433.45,1983.85
3-192,Uninfected,No_comment,Polygon,17,4234.8,1121.65,4246.15,1107.55,4269.4,1095.15,4288.3,1090.85,4307.2,1095.7,4324.5,1104.85,4338.05,1126.5,4340.2,1160.05,4330.45,1182.15,4321.8,1198.4,4306.9,1215.5,4283.8,1219.55,4257.55,1220.2,4241.7,1212.2,4227.1,1195.2,4218.55,1165.9,4224.05,1143.95
3-193,Uninfected,No_comment,Polygon,18,4132.6,804.9,4145.4,782.35,4158.8,769.6,4186.85,756.15,4216.15,752.5,4235.05,761,4257,775.05,4271,794.6,4279.55,812.9,4275.3,833.6,4266.15,851.9,4250.3,864.7,4230.75,876.9,4195.4,879.95,4174.65,872.6,4154.55,859.85,4140.5,842.1,4135.05,826.25