151,5312,2988
4-1,Uninfected,No_comment,Polygon,10,2579.6,2078,2555.65,2070.55,2540.75,2039.2,2548.25,2001.85,2579.6,1982.45,2609.45,1979.45,2645.25,2000.35,2646.75,2028.75,2634.8,2070.55,2615.4,2078
4-2,Uninfected,No_comment,Polygon,11,2497.5,2219.8,2482.55,2184,2493,2139.2,2528.85,2101.85,2557.2,2101.85,2594.5,2116.8,2612.45,2143.65,2612.45,2184,2593,2216.8,2551.2,2233.25,2518.4,2228.75
4-3,Uninfected,No_comment,Polygon,10,2661.7,1985.45,2667.65,2031.7,2690.05,2063.05,2721.4,2076.5,2754.25,2067.55,2775.15,2036.2,2781.1,1995.9,2746.8,1961.55,2707.95,1955.6,2681,1966.05
4-4,Uninfected,No_comment,Polygon,11,2746.8,1680.9,2715.45,1692.85,2705,1716.75,2706.5,1754.05,2722.8,1779.45,2748.25,1794.35,2782.6,1792.85,2810.95,1785.4,2824.4,1760,2819.95,1727.2,2779.6,1689.85
4-5,Uninfected,No_comment,Polygon,10,2840.85,1697.3,2800.5,1664.5,2800.5,1621.2,2828.9,1580.9,2864.7,1579.4,2887.1,1594.3,2906.5,1622.7,2905,1657,2885.6,1688.35,2857.2,1694.35
4-6,Uninfected,No_comment,Polygon,9,2457.2,1794.35,2427.3,1757.05,2424.35,1718.2,2445.25,1694.35,2483.95,1688.35,2503.45,1700.3,2512.4,1724.2,2519.85,1755.55,2500.45,1780.9
4-7,Uninfected,No_comment,Polygon,11,2378.05,1691.35,2346.7,1679.4,2328.8,1646.55,2330.3,1612.25,2352.7,1583.85,2381.05,1577.9,2416.85,1582.4,2442.15,1610.75,2454.2,1639.1,2445.25,1664.5,2422.85,1686.85
4-8,Uninfected,No_comment,Polygon,20,2815.3,2109.6,2822.65,2095.3,2835.25,2084,2849.5,2075.4,2863.8,2073.65,2888.5,2077.15,2915.3,2082.7,2931.75,2100.95,2938.7,2113.05,2936.95,2130.4,2933.5,2148.15,2925.3,2167.6,2911.4,2183.65,2891.1,2190.5,2866.4,2188.85,2845.2,2181.05,2829.15,2172.75,2821.35,2165,2813.6,2148.15,2812.3,2129.95
4-9,Uninfected,No_comment,Polygon,18,3072.45,2080.15,3081.15,2074.1,3097.6,2068.9,3117.95,2068.5,3137.4,2074.95,3156.05,2084,3170.3,2105.7,3172.9,2123.85,3167.3,2150.3,3157.35,2169.35,3135.7,2182.35,3107.55,2180.15,3094.1,2175.85,3076.8,2166.3,3063.8,2154.2,3056.45,2128.2,3058.6,2102.25,3062.95,2090.55
4-10,Uninfected,No_comment,Polygon,15,2832.2,2322.6,2816.6,2314.75,2804,2306.15,2790.2,2284.5,2785.45,2264.15,2790.2,2238.6,2803.6,2221.3,2819.2,2213.9,2853.85,2220.85,2876.75,2233.4,2890.2,2246.8,2894.95,2272.4,2887.1,2296.2,2875.9,2310.05,2857.7,2317.8
4-11,Uninfected,No_comment,Polygon,18,2660.3,2355.5,2672.45,2338.15,2690.6,2325.2,2717.45,2322.15,2737.35,2322.6,2756.4,2339.05,2774.6,2363.3,2780.65,2388,2777.2,2413.95,2761.6,2441.65,2744.75,2452.05,2720.05,2455.1,2699.3,2450.3,2690.6,2444.65,2672,2434.3,2659,2417.85,2651.2,2397.5,2656.85,2373.65
4-12,Uninfected,No_comment,Polygon,16,2542.1,2366.35,2524,2359,2507.9,2330,2500.6,2301.45,2504.5,2281.5,2518.75,2262.9,2534.35,2254.65,2559.05,2250.8,2584.55,2255.95,2597.95,2267.25,2612.3,2287.15,2615.25,2315.7,2611.8,2337.8,2604.9,2357.3,2583.25,2371.15,2556.9,2372.45
4-13,Uninfected,No_comment,Polygon,17,2367.65,2341.25,2363.3,2355.1,2365.45,2378.05,2368.05,2401,2376.7,2424.8,2389.7,2433,2407,2441.25,2424.75,2445.6,2435.6,2439.5,2451.2,2423.95,2462.85,2403.6,2459,2373.3,2448.15,2354.65,2433,2341.25,2409.6,2333,2388.4,2330.4,2377.15,2335.6
4-14,Uninfected,No_comment,Polygon,15,2446.4,2530,2438.2,2507.05,2436.45,2485.85,2451.6,2464.2,2463.3,2449.5,2494.9,2430.85,2522.2,2432.15,2540.8,2440.4,2549,2458.55,2552.9,2475,2547.75,2489.75,2529.55,2520.05,2510.95,2532.6,2487.1,2542.1,2470.25,2539.5
4-15,Uninfected,No_comment,Polygon,18,2284.1,2415.7,2274.1,2427.4,2264.15,2443.85,2255.05,2462.9,2250.3,2482.35,2263.75,2508.35,2275,2517.85,2294.45,2525.65,2318.3,2524.35,2334.3,2520.45,2347.3,2511.4,2359.4,2496.65,2364.6,2468.95,2361.15,2441.65,2348.15,2412.65,2332.55,2407.05,2312.2,2406.15,2293.6,2406.15
4-16,Uninfected,No_comment,Polygon,18,2223.9,2453.8,2237.3,2440.9,2246,2423.15,2253.75,2401.45,2252.45,2377.2,2242.95,2354.25,2220.45,2341.7,2207.9,2337.35,2184.95,2342.15,2170.65,2352.15,2152.9,2366.35,2142.9,2382,2136.05,2407.5,2136.45,2432.65,2147.25,2457.7,2167.2,2465.95,2184.95,2467.25,2200.5,2465.1
4-17,Uninfected,No_comment,Polygon,19,2123.55,2365.45,2105.6,2357.65,2072.45,2342.9,2062.25,2333.2,2054,2311.5,2054.5,2282.5,2064.1,2258.1,2080.25,2248.4,2092.25,2241.05,2114.35,2234.1,2139.7,2241.5,2156.75,2252.95,2171.95,2271,2177.5,2296.35,2174.25,2319.4,2168.25,2327.2,2156.75,2340.05,2146.6,2351.65,2134.6,2363.6
4-18,Uninfected,No_comment,Polygon,17,1906.25,2400.65,1888.15,2396.8,1870.05,2386.8,1861.05,2372.05,1854.85,2349.65,1856.25,2322.05,1876.25,2294.9,1898.65,2288.7,1918.65,2283,1940.1,2283,1956.75,2292.55,1968.15,2307.75,1979.15,2330.6,1974.85,2359.2,1961.5,2378.25,1940.55,2392.05,1924.35,2399.2
4-19,Uninfected,No_comment,Polygon,15,1490.85,2183.25,1502.6,2163.85,1518.9,2145,1538.8,2138.35,1558.2,2137.35,1588.3,2142.9,1609.2,2175.55,1612.8,2197.05,1608.7,2219.5,1583.7,2246,1564.3,2250.1,1540.35,2250.6,1522.5,2243.9,1506.15,2233.25,1493.9,2219.5
4-20,Uninfected,No_comment,Polygon,19,1539.3,2417.95,1521.45,2402.15,1516.35,2387.85,1517.4,2362.85,1526.55,2347.05,1540.35,2331.15,1557.2,2321,1568.9,2315.9,1584.75,2311.85,1605.15,2317.95,1617.4,2326.65,1624.55,2341.35,1628.6,2357.75,1629.65,2379.7,1624,2400.6,1610.75,2419,1591.35,2425.1,1567.4,2426.65,1555.65,2422.55
4-21,Uninfected,No_comment,Polygon,16,2172.45,1956.85,2178.9,1946.8,2191.55,1938.25,2207.1,1933.75,2229.25,1936.25,2243.8,1944.3,2258.9,1958.35,2271.95,1981,2268.95,2006.6,2257.8,2027.2,2239.8,2040.8,2210.65,2042.8,2190.55,2033.25,2171.45,2016.15,2163.35,2001.6,2160.4,1975.95
4-22,Uninfected,No_comment,Polygon,16,1887,1690.5,1896,1670.9,1918.15,1656.35,1948.3,1648.8,1979.9,1656.35,2010.05,1684.5,2015.1,1698.55,2019.6,1729.2,2008.6,1757.85,1987.5,1776.95,1951.25,1784.5,1929.7,1777.95,1910.55,1763.9,1894.05,1747.3,1880.9,1721.15,1884,1699.05
4-23,Uninfected,No_comment,Polygon,16,1756.85,1762.9,1758.35,1744.3,1768.4,1730.7,1794.55,1717.65,1819.15,1717.65,1838.25,1725.7,1850.3,1736.75,1858.35,1755.35,1863.9,1770.4,1859.35,1792.55,1845.3,1811.6,1821.6,1818.65,1803.1,1816.65,1783,1808.6,1772.35,1801.05,1764.4,1791
4-24,Uninfected,No_comment,Polygon,17,1510.6,1662.8,1498.55,1675.95,1489,1694.55,1491,1724.2,1500,1742.25,1516.15,1766.85,1540.25,1770.9,1568.4,1771.85,1593.45,1761.8,1614.65,1740.75,1630.2,1712.1,1628.15,1692.45,1619.1,1675.45,1599.55,1654.85,1576.95,1647.8,1553.3,1646.3,1528.2,1653.35
4-25,Uninfected,No_comment,Polygon,16,1648.25,1776.45,1641.75,1785.5,1631.7,1802.6,1628.65,1829.7,1642.25,1857.35,1667.4,1874.45,1692.45,1878.95,1719.15,1870.85,1735.75,1858.35,1745.8,1843.8,1748.8,1816.65,1742.2,1789,1729.7,1769.9,1709.1,1759.35,1687,1756.85,1669.9,1760.35
4-26,Uninfected,No_comment,Polygon,17,1482.95,1869.9,1496.05,1849.8,1512.1,1837.25,1529.65,1829.2,1546.3,1824.7,1568.4,1827.2,1593.45,1840.25,1606.6,1858.35,1615.65,1880.45,1613.55,1904.6,1589.45,1932.25,1564.3,1944.3,1538.25,1946.8,1508.6,1936.75,1496.55,1925.7,1484.9,1910.1,1482.95,1892.05
4-27,Uninfected,No_comment,Polygon,16,1835.75,1986,1845.8,1960.85,1868.9,1940.25,1888,1933.2,1921.6,1934.3,1938.75,1942.75,1963.9,1968.4,1970.85,1991.5,1968.4,2016.15,1958.35,2041.75,1933.75,2058.9,1905.1,2068.45,1874.45,2063.95,1847.25,2050.3,1835.75,2024.7,1836.2,1997.05
4-28,Uninfected,No_comment,Polygon,19,2134.85,1447.05,2148.6,1429.1,2164.5,1421.15,2182.45,1416.4,2207.85,1419.55,2233.8,1429.1,2251.25,1440.7,2262.35,1457.7,2270.3,1485.7,2259.2,1514.8,2242.8,1534.35,2223.75,1545.5,2199.95,1549.2,2176.15,1546.55,2159.2,1538.65,2140.15,1527.5,2129.55,1507.4,2126.9,1482.5,2130.6,1462.95
4-29,Uninfected,No_comment,Polygon,18,1964.6,1406.2,1972.7,1385.6,1987.05,1367,2016.75,1357.85,2038.25,1355.45,2062.2,1361.7,2083.25,1373.15,2097.1,1390.4,2100.45,1420.55,2093.3,1443.5,2080.35,1463.65,2063.65,1474.6,2029.2,1480.85,2009.55,1473.65,1985.15,1463.1,1974.15,1452.6,1966.5,1433.95,1961.7,1422.9
4-30,Uninfected,No_comment,Polygon,19,1796.65,1375.55,1803.35,1357.85,1826.8,1343.5,1847.35,1336.3,1871.75,1339.2,1892.35,1348.3,1907.65,1361.7,1921.05,1381.3,1925.85,1412.4,1917.7,1438.25,1904.3,1454.5,1878.95,1467,1857.9,1467.9,1831.55,1460.7,1819.15,1453.1,1808.15,1444,1796.15,1429.2,1792.35,1410,1794.25,1393.75
4-31,Uninfected,No_comment,Polygon,17,1948,1080.4,1952.7,1065.8,1969.6,1055.45,1994.5,1047,2016.05,1042.35,2041.45,1043.25,2057.85,1057.8,2068.65,1076.15,2072.85,1098.2,2061.6,1131.05,2042.35,1144.7,2024.1,1149.85,1994.05,1150.8,1973.35,1145.15,1956.45,1136.7,1948,1118.35,1943.75,1102
4-32,Uninfected,No_comment,Polygon,19,1902.9,940.45,1895.9,953.1,1892.6,971.9,1896.8,994.95,1908.05,1012.75,1929.65,1027.3,1950.8,1032,1977.15,1030.55,1992.6,1019.3,2004.85,1009,2018,992.05,2021.2,974.7,2013.3,952.2,2003.85,939.95,1991.7,929.15,1964.45,918.85,1941.9,918.85,1925.95,923.05,1913.7,929.15
4-33,Uninfected,No_comment,Polygon,19,1657.8,1044.65,1665.8,1031.55,1681.3,1017.45,1705.3,1012.3,1725.45,1012.3,1758.3,1021.2,1776.15,1039.55,1779.95,1056.45,1787.4,1078.95,1784.65,1102.4,1773.85,1127.8,1759.25,1141.4,1731.1,1147.5,1708.55,1147.05,1685.5,1135.8,1669.55,1120.25,1660.65,1104.3,1653.65,1090.2,1656,1066.75
4-34,Uninfected,No_comment,Polygon,19,1924.5,1191.15,1932.95,1182.65,1945.65,1175.15,1955.95,1169.55,1974.8,1172.35,2001.5,1176.55,2018.85,1193,2025.45,1207.55,2029.65,1231.05,2025.45,1253.55,2011.35,1273.75,1990.7,1284.55,1961.1,1283.6,1945.65,1275.65,1932.5,1266.25,1924.05,1251.2,1917.05,1237.15,1917.95,1222.1,1920.75,1202.85
4-35,Uninfected,No_comment,Polygon,17,2357.4,1124.9,2351.75,1140.9,2350.35,1164.85,2357.9,1184.1,2371.5,1205.7,2390.25,1216.5,2408.55,1227.75,2440.95,1229.6,2456.5,1223.05,2470.55,1210.35,2477.1,1191.1,2474.75,1165.3,2456.5,1134.3,2436.25,1116.45,2411.45,1113.65,2389.3,1111.3,2372.95,1117.4
4-36,Uninfected,No_comment,Polygon,18,2473.85,1337.15,2462.6,1348.9,2457.4,1363.9,2450.35,1382.7,2448.05,1408.05,2455.95,1425.4,2470.55,1441.4,2485.1,1449.85,2512.8,1450.8,2530.2,1443.75,2549.45,1423.55,2560.25,1396.8,2567.3,1378,2561.2,1355,2545.65,1336.2,2532.05,1326.8,2509.55,1319.3,2491.2,1321.65
4-37,Uninfected,No_comment,Polygon,19,2356,1265.8,2342.35,1278.95,2335.35,1294.45,2333.95,1317.9,2335.75,1335.75,2342.35,1354.05,2351.3,1371.45,2372.9,1388.35,2399.65,1389.25,2411.4,1385.05,2422.65,1376.6,2431.6,1366.75,2435.35,1351.25,2438.15,1336.7,2434.35,1319.3,2424.55,1297.25,2410.9,1278.45,2398.2,1268.15,2382.75,1263.9
4-38,Uninfected,No_comment,Polygon,17,2617.05,1314.6,2631.1,1294.45,2649,1282.7,2676.15,1279.4,2700.6,1284.1,2719.85,1295.35,2732.1,1316.5,2738.15,1341.85,2731.15,1363.45,2721.25,1381.75,2703.85,1394.45,2682.3,1399.6,2659.25,1395.85,2634.4,1384.55,2622.65,1370,2615.65,1348.9,2612.35,1335.3
4-39,Uninfected,No_comment,Polygon,18,2571.05,1426.85,2579,1409,2594.5,1402.9,2621.3,1401,2636.3,1406.65,2652.7,1420.75,2661.15,1436.7,2664.95,1458.75,2664,1475.65,2651.35,1495.4,2632.1,1512.3,2612.35,1519.8,2587.95,1516.05,2572.9,1506.2,2562.1,1491.15,2559.75,1470.05,2565.4,1449.85,2567.75,1441.4
4-40,Uninfected,No_comment,Polygon,17,2852.8,1497.7,2851.35,1482.2,2855.1,1463.45,2868.25,1449.8,2879.05,1442.3,2892.2,1438.1,2911.45,1438.55,2930.25,1444.65,2942.45,1454.05,2955.15,1476.1,2958.4,1498.65,2946.2,1525.4,2926.5,1536.2,2909.1,1537.15,2888,1533.85,2867.35,1524.45,2860.3,1515.55
4-41,Uninfected,No_comment,Polygon,17,2864.5,1237.6,2845.75,1258.75,2835.4,1274.7,2832.1,1291.1,2828.35,1310.85,2838.7,1334.3,2852.3,1352.15,2878.6,1357.8,2896.45,1352.65,2919,1342.75,2929.8,1321.15,2939.15,1294.4,2938.25,1269.05,2926.95,1247,2915.7,1233.85,2895.95,1228.7,2881.4,1228.2
4-42,Uninfected,No_comment,Polygon,17,2844.8,1088.75,2858.9,1084.05,2888,1082.65,2911.95,1094.4,2927.9,1107.05,2935.4,1126.3,2937.75,1151.7,2926,1176.1,2911.45,1195.35,2892.7,1204.25,2868.75,1202.85,2848.1,1195.8,2828.85,1182.65,2818.5,1158.25,2815.2,1137.1,2821.8,1112.7,2828.85,1101.45
4-43,Uninfected,No_comment,Polygon,20,2587.8,1068.8,2590.65,1055.1,2596.5,1046.85,2619,1038.55,2636.1,1034.65,2653.6,1036.6,2671.65,1043.4,2686.8,1051.7,2702.45,1069.75,2707.3,1097.55,2704.85,1117.55,2696.55,1134.65,2681.45,1149.75,2664.4,1159,2641.95,1157.55,2619.5,1153.15,2605.85,1146.85,2588.75,1135.1,2580,1106.35,2585.85,1082.9
4-44,Uninfected,No_comment,Polygon,19,2456.1,999.9,2464.85,989.25,2479,979.9,2506.35,974.1,2536.1,982.4,2547.8,991.65,2564.85,1013.15,2571.65,1036.55,2568.3,1059.5,2555.1,1079.9,2539.5,1094.1,2514.15,1095.6,2501.45,1093.15,2487.8,1097.05,2464.4,1088.75,2453.6,1078.95,2442.45,1060.9,2440,1036.05,2448.75,1008.25
4-45,Uninfected,No_comment,Polygon,19,2486.8,792.2,2474.55,805.8,2465.85,816.55,2464.3,841.45,2466.8,861.45,2473.15,880,2488.75,894.6,2502.35,906.8,2520.95,915.15,2539.45,918.5,2566.35,907.35,2581.4,890.25,2590.25,866.8,2593.15,838.05,2579.45,814.15,2565.35,791.65,2546.35,781.95,2526.8,774.15,2499,781.4
4-46,Uninfected,No_comment,Polygon,21,2212.75,796.55,2221.5,786.3,2242,780.45,2259.05,774.1,2279.05,774.1,2300.5,783.4,2314.7,794.6,2324.4,809.25,2333.75,824.35,2338.05,843.4,2339.55,860.45,2327.9,880.45,2312.2,901.45,2289.85,912.15,2266.9,913.65,2244.95,905.35,2224.4,895.6,2210.25,883.4,2201,855.6,2198.05,836.05,2202.95,817.05
4-47,Uninfected,No_comment,Polygon,16,2020.95,580.45,2012.65,588.25,2005.3,606.3,2009.75,648.25,2018.5,660.45,2038.5,671.7,2059.5,679,2084.3,683.9,2112.65,666.3,2125.3,642.4,2130.7,620,2123.9,601.45,2108.2,581.95,2082.9,565.35,2051.7,561.95,2039.5,567.8
4-48,Uninfected,No_comment,Polygon,18,1852.65,569.75,1860.95,552.65,1870.7,541.45,1889.75,535.6,1907.8,535.1,1934.6,540.95,1957,558.05,1963.9,571.7,1969.75,588.75,1974.05,607.8,1968.75,627.3,1957.55,642.4,1935.6,654.15,1917,656.1,1893.1,648.75,1873.1,635.6,1856.55,612.65,1851.7,595.6
4-49,Uninfected,No_comment,Polygon,18,2197.05,495.6,2216.55,480,2246.25,471.7,2270.15,466.8,2295.1,474.6,2315.6,485.85,2332.15,501.95,2336.1,524.35,2335.1,551.2,2326.8,565.35,2313.15,579.5,2285.3,588.75,2253.65,581.95,2227.8,565.35,2211.7,547.8,2197.05,532.15,2187.8,516.55,2180.95,507.8
4-50,Uninfected,No_comment,Polygon,16,2119.5,456.55,2106.25,467.3,2095.05,488.75,2092.1,519.5,2099.5,544.35,2122.35,563.9,2141.95,569.25,2165.3,566.3,2184.3,557.55,2195.1,544.35,2206.2,518.5,2205.8,496.05,2196.55,474.6,2183.9,459.5,2166.25,452.65,2147.25,452.65
4-51,Uninfected,No_comment,Polygon,18,2224.95,445.3,2213.2,440.45,2199.05,429.75,2187.35,401.4,2179.05,372.2,2184.4,340.45,2198.6,321,2221,309.2,2238.05,308.25,2259.55,317.1,2277.1,332.7,2289.85,354.15,2294.15,379.05,2293.75,403.35,2284.4,423.35,2273.75,434.15,2258.55,441,2245.4,443.35
4-52,Uninfected,No_comment,Polygon,19,2118.05,365.35,2128.3,360,2145.35,352.65,2157.05,330.7,2159.5,301.95,2153.15,282.4,2142.95,262.4,2121,245.85,2099.05,237.05,2082.45,234.6,2068.8,236.55,2052.7,245.35,2043.4,257.05,2038.05,279.5,2044.9,307.3,2052.2,331.7,2065.85,347.3,2084.4,362.4,2095.6,368.25
4-53,Uninfected,No_comment,Polygon,16,1932.7,358.05,1957.05,328.25,1949.75,308.75,1939.5,287.3,1909.75,264.85,1886.85,254.6,1855.1,245.35,1831.7,246.8,1815.6,258.05,1803.9,270.7,1800.95,299,1809.75,327.3,1826.85,348.25,1855.6,371.2,1892.7,372.2,1914.15,372.2
4-54,Uninfected,No_comment,Polygon,17,1818.05,117.55,1808.8,129.75,1806.35,151.75,1811.25,173.15,1823.9,196.65,1838.05,213.7,1854.15,221.95,1883.9,223.9,1902.45,213.7,1910.75,196.65,1919.05,176.65,1910.25,154.15,1900,137.05,1878.05,121.45,1862.95,111.2,1843.9,111.2,1830.25,114.65
4-55,Uninfected,No_comment,Polygon,18,1540.45,377.1,1534.6,389.3,1529.25,419.15,1529.25,434.05,1541.5,462.15,1558.5,477.6,1580.85,484.05,1604.8,485.6,1627.65,477.1,1643.1,457.45,1651.1,430.85,1652.65,412.75,1647.35,392,1637.25,368.6,1622.9,357.95,1590.45,351.6,1570.2,357.45,1560.1,364.85
4-56,Uninfected,No_comment,Polygon,18,1485.15,546.75,1498.45,532.45,1525.55,523.35,1563.3,526.05,1580.9,535.6,1596.3,544.6,1607.45,555.85,1618.6,578.7,1623.45,600,1612.75,631.3,1584.05,656.3,1546.3,659.05,1521.85,654.2,1497.85,641.45,1485.15,627.65,1472.35,605.85,1470.25,575.45,1476.6,560.05
4-57,Uninfected,No_comment,Polygon,21,1532.45,707.95,1542.55,688.8,1553.75,683.5,1571.8,679.2,1585.1,673.4,1600,665.9,1614.9,668.05,1633,675.5,1645.75,680.8,1657.45,694.1,1665.95,713.8,1670.75,728.7,1665.95,751.55,1656.4,773.9,1631.9,785.1,1605.85,792,1585.65,786.15,1561.2,777.65,1546.8,767.5,1529.8,751.05,1529.8,730.8
4-58,Uninfected,No_comment,Polygon,16,1239.65,975.8,1223.7,990.15,1216.55,1022.6,1220.95,1035.2,1233.05,1051.15,1255,1061.6,1274.8,1070.4,1301.15,1067.1,1334.7,1045.65,1344.05,1022.6,1348.45,1001.15,1339.65,973.15,1329.2,957.2,1302.25,950,1274.8,956.65,1258.85,964.35
4-59,Uninfected,No_comment,Polygon,21,1266.55,1097.85,1263.8,1116,1261.05,1135.25,1268.75,1154.45,1277,1168.2,1293.5,1185.25,1313.25,1197.3,1331.95,1206.65,1353.35,1207.75,1367.1,1204.45,1382.5,1194.55,1397.9,1181.4,1409.4,1170.4,1416.55,1153.9,1408.3,1128.1,1397.35,1100.6,1380.3,1078.65,1358.3,1068.75,1326.45,1075.35,1290.75,1085.2,1279.2,1090.15
4-60,Uninfected,No_comment,Polygon,18,1336.9,1272.55,1349.55,1253.9,1365.45,1240.1,1392.4,1233.05,1420.4,1235.25,1435.25,1240.65,1456.7,1256.65,1468.75,1274.2,1473.7,1306.1,1467.7,1334.15,1449.55,1353.3,1428.1,1363.8,1392.4,1366.55,1369.3,1355.55,1356.7,1344.05,1343.5,1326.95,1339.1,1305.55,1335.85,1287.45
4-61,Uninfected,No_comment,Polygon,17,1334.15,1502.3,1324.25,1512.75,1317.65,1534.15,1318.2,1557.8,1333.6,1580.3,1350.1,1591.85,1374.8,1600.1,1399.55,1593.5,1424.25,1585.25,1434.7,1568.8,1442.95,1544.05,1439.1,1524.25,1428.65,1504.5,1413.25,1487.45,1388.55,1479.75,1362.7,1485.25,1346.8,1491.85
4-62,Uninfected,No_comment,Polygon,19,1139.55,1555.85,1142.45,1535.5,1148.85,1519.8,1157.55,1508.75,1170.95,1498.3,1193.6,1489,1215.7,1490.7,1234.9,1500.6,1248.85,1514,1256.4,1530.85,1262.2,1547.1,1259.3,1568.65,1248.25,1586.65,1234.9,1600.6,1221.5,1611.65,1197.1,1613.4,1168.6,1609.9,1153.5,1598.3,1145.95,1588.4
4-63,Uninfected,No_comment,Polygon,17,1247.7,1711.1,1233.75,1723.25,1230.25,1739.6,1226.25,1759.95,1233.2,1780.3,1248.85,1805.9,1277.35,1814.6,1294.85,1813.95,1315.75,1805.3,1332.65,1793.6,1343.05,1777.9,1349.45,1762.2,1335.55,1737.85,1325.6,1723.9,1309.35,1705.8,1284.9,1698.25,1264,1701.8
4-64,Uninfected,No_comment,Polygon,20,2845.7,1920.5,2831.45,1930.9,2822,1947.05,2819.15,1963.6,2822,1992.05,2829.55,2010,2846.15,2030.9,2873.2,2045.15,2899.25,2046.55,2919.65,2049.4,2940.95,2037.1,2954.25,2026.2,2954.25,1993.5,2948.05,1966.95,2939.55,1952.65,2925.8,1941.3,2908.25,1921.9,2895,1912.9,2872.7,1911,2853.75,1911
4-65,Uninfected,No_comment,Polygon,18,2927.2,1944.2,2931.95,1922.4,2945.2,1910.55,2963.7,1906.25,2984.55,1905.75,3003.5,1912.45,3016.3,1924.75,3025.8,1939.45,3034.8,1964.5,3033.4,1990.65,3023.9,2007.7,3009.2,2021.4,2986.45,2029.5,2958,2021.85,2943.3,2016.25,2930.05,2000.6,2919.65,1980.7,2919.15,1966.45
4-66,Uninfected,No_comment,Polygon,16,3076.05,1942.75,3068.95,1954.15,3059.9,1971.7,3060.85,1995.85,3068.45,2019.55,3092.6,2039.95,3118.2,2038.5,3143.35,2031.4,3159.45,2016.25,3167.5,1998.7,3166.1,1976.4,3157.1,1956.5,3145.7,1941.75,3132.45,1934.7,3109.7,1930.45,3094.05,1932.35
4-67,Uninfected,No_comment,Polygon,18,3384.55,1953.2,3379.3,1969.3,3384.55,1994.45,3399.25,2016.7,3418.65,2030,3447.55,2032.8,3465.6,2027.6,3484.05,2019.55,3506.8,2001.05,3517.25,1980.7,3517.25,1956.5,3509.65,1933.3,3494.5,1920,3480.3,1911,3456.1,1910.55,3431.45,1912.9,3411.1,1923.8,3395.9,1934.7
4-68,Uninfected,No_comment,Polygon,19,3322.45,1823.35,3333.8,1809.6,3353.75,1796.3,3369.85,1790.6,3389.3,1790.6,3408.25,1797.75,3421.05,1806.25,3434.3,1820.5,3439.05,1848.9,3437.15,1872.6,3429.1,1887.3,3406.8,1902,3387.85,1908.65,3362.75,1904.85,3344.25,1895.35,3326.7,1884,3319.6,1867.9,3315.35,1848.45,3317.7,1835.2
4-69,Uninfected,No_comment,Polygon,17,3483.6,2052.7,3469.4,2075.45,3466.55,2095.85,3471.75,2124.75,3481.25,2141.8,3495,2152.7,3523.9,2155.05,3543.3,2150.35,3566.05,2130.45,3576.95,2111.45,3583.6,2089.65,3576.95,2060.3,3564.15,2045.1,3547.6,2035.15,3528.65,2030.4,3506.35,2037.05,3495.9,2044.65
4-70,Uninfected,No_comment,Polygon,20,3473.15,2265.5,3476,2252.7,3476,2228.05,3484.1,2209.6,3492.15,2197.75,3505.4,2191.1,3529.6,2186.85,3546.65,2192.5,3559.45,2198.2,3568.9,2208.15,3582.65,2232.35,3590.7,2256.95,3584.55,2283.5,3567.5,2305.3,3543.3,2314.8,3525.8,2319.05,3504,2311.95,3486.9,2301.55,3477.9,2287.3,3471.3,2275.95
4-71,Uninfected,No_comment,Polygon,22,3326.25,2255.1,3330.5,2238.05,3346.15,2224.3,3364.15,2216.25,3385.95,2208.65,3408.25,2212.95,3423.9,2217.2,3436.7,2229.5,3445.2,2242.3,3450.9,2273.15,3454.7,2285,3457.55,2297.75,3461.8,2320.5,3456.1,2327.15,3442.35,2330.5,3413,2332.35,3375.55,2325.75,3358,2316.75,3342.35,2302.05,3332.9,2287.35,3327.65,2272.2,3319.15,2256.55
4-72,Uninfected,No_comment,Polygon,20,3223.4,2317.7,3228.6,2294.45,3236.65,2279.75,3246.15,2269.8,3257.05,2263.65,3271.75,2263.65,3283.6,2264.6,3298.3,2273.15,3309.15,2280.45,3319.1,2287.05,3325.75,2297.75,3326.25,2315.3,3327.2,2331.9,3321.5,2344.2,3310.6,2355.1,3286.9,2359.85,3272.2,2362.25,3253.25,2353.7,3239.5,2346.1,3231.45,2335.2
4-73,Uninfected,No_comment,Polygon,17,3119.65,2340.85,3126.25,2327.15,3142.4,2314.8,3167,2307.7,3183.6,2311.95,3194.5,2315.75,3210.65,2325.25,3219.65,2339.45,3219.65,2372.65,3212.55,2387.3,3190.7,2401.05,3167.95,2409.15,3149,2403.45,3131.95,2397.3,3120.6,2385.9,3116.8,2373.6,3119.15,2356.5
4-74,Uninfected,No_comment,Polygon,20,3010.15,2528.6,3003.9,2541.85,3000.65,2558.95,3005.8,2574.6,3013.4,2595.9,3023.4,2611.05,3035.7,2619.6,3046.6,2622.45,3065.6,2618.65,3079.35,2617.25,3094.45,2616.75,3108.2,2610.1,3116.75,2598.3,3120.05,2571.75,3117.2,2546.15,3105.35,2527.2,3085.9,2512.5,3062.2,2506.8,3041.9,2509.65,3024.8,2518.65
4-75,Uninfected,No_comment,Polygon,18,3237.2,2571.25,3226.25,2581.2,3212.95,2594,3203.95,2609.2,3199.7,2626.7,3206.8,2651.85,3216.75,2663.7,3238.55,2664.15,3255.15,2663.2,3270.3,2660.35,3284.05,2649.95,3295,2639.05,3303.95,2622.45,3306.8,2599.25,3300.65,2582.65,3285.5,2567.95,3276,2564.15,3249.95,2565.1
4-76,Uninfected,No_comment,Polygon,16,3175.1,2713.9,3167.05,2729.5,3164.65,2754.15,3176.05,2781.2,3193.1,2802.05,3211.6,2809.15,3244.75,2806.8,3271.3,2801.6,3290.75,2791.65,3295,2756.55,3280.8,2712.95,3267.05,2702.05,3241.45,2695.85,3214.45,2693.05,3198.8,2700.65,3186,2704.9
4-77,Uninfected,No_comment,Polygon,17,2918.15,2759.4,2909.65,2776.9,2914.35,2806.35,2921.95,2828.15,2933.8,2842.8,2947.55,2857,2970.3,2866.05,3003.95,2858.95,3020.55,2849,3028.1,2833.75,3026.2,2791.15,3017.7,2765.5,3002.05,2749,2981.65,2739.5,2964.15,2737.15,2946.1,2743.75,2930.5,2750.4
4-78,Uninfected,No_comment,Polygon,17,2779.3,2886.9,2790.2,2867.45,2808.25,2852.8,2828.15,2848.5,2847.1,2850.9,2861.3,2854.65,2884.05,2870.3,2893.55,2894.5,2893.55,2921.5,2885,2947.55,2870.3,2962.25,2840.45,2976,2819.6,2975.55,2802.55,2967,2786.9,2951.35,2778.85,2933.8,2773.65,2916.75
4-79,Uninfected,No_comment,Polygon,19,2644.25,2642.35,2636.15,2659.9,2630.55,2684.55,2633.85,2714.85,2644.25,2737.15,2656.1,2752.8,2669.8,2763.7,2689.3,2768.45,2715.3,2763.7,2731.9,2753.75,2749,2733.35,2755.65,2721.05,2756.15,2701.6,2753.7,2672.7,2735.75,2641.4,2714.85,2624.8,2701.6,2619.15,2676.05,2625.75,2656.6,2633.35
4-80,Uninfected,No_comment,Polygon,18,2497.3,2657.5,2513.9,2649.45,2526.25,2640.95,2546.6,2636.2,2570.75,2644.7,2587.85,2659.9,2596.4,2674.6,2600.2,2694.95,2591.6,2720.1,2576.95,2741.9,2555.6,2749.95,2534.75,2754.7,2502.05,2746.15,2488.3,2737.6,2476.9,2716.3,2474.1,2696.4,2478.35,2677.9,2485.5,2667
4-81,Uninfected,No_comment,Polygon,16,2359.4,2907.3,2346.6,2896.4,2336.65,2880.75,2338.05,2851.35,2349.4,2825.8,2367,2810.6,2392.1,2803.05,2423.9,2804,2442.8,2823.9,2448.55,2843.8,2446.15,2869.4,2436.2,2886.45,2424.35,2899.25,2405.85,2908.25,2389.75,2913.95,2377.45,2911.1
4-82,Uninfected,No_comment,Polygon,16,2591.6,2853.25,2586.9,2865.6,2589.25,2886.9,2599.7,2913,2626.2,2932.4,2651.8,2939.55,2682.6,2931,2696.85,2921.05,2705.35,2902.1,2708.2,2878.4,2698.3,2852.8,2676.05,2831,2657.05,2822,2629.6,2824.35,2612.95,2831,2601.55,2837.15
4-83,Uninfected,No_comment,Polygon,18,3448.05,2545.15,3459.45,2528.6,3475.55,2519.1,3501.65,2516.3,3522,2522.9,3541.9,2535.7,3559.5,2558.9,3564.65,2581.2,3561.8,2609.65,3553.75,2630.05,3536.75,2643.3,3513.05,2653.25,3489.35,2649.45,3464.65,2640.5,3446.65,2624.3,3437.15,2600.15,3433.9,2583.6,3439.05,2561.8
4-84,Uninfected,No_comment,Polygon,18,3407.3,2739.5,3401.6,2766.5,3405.4,2794,3413.45,2811.55,3426.25,2821.95,3443.8,2830,3466.05,2834.3,3489.3,2831.9,3509.65,2819.1,3522.45,2802.6,3529.1,2770.35,3524.85,2751.8,3513.45,2732.9,3493.1,2720.05,3476,2712.05,3450.9,2713.45,3425.3,2723.9,3418.65,2728.6
4-85,Uninfected,No_comment,Polygon,17,3758.55,2597.75,3767.05,2577.4,3785.55,2556.55,3807.35,2550.4,3831.5,2552.75,3848.6,2557,3865.65,2570.3,3876.1,2580.25,3879.85,2599.2,3880.8,2619.6,3875.6,2637.6,3855.2,2656.55,3830.1,2666.5,3799.75,2666,3773.7,2658.45,3764.2,2645.65,3756.15,2627.65
4-86,Uninfected,No_comment,Polygon,18,3718.2,2482.15,3721.55,2468.4,3719.15,2444.25,3709.7,2422.45,3686.95,2408.2,3664.65,2397.8,3642.85,2392.6,3614.4,2401.1,3590.7,2426.25,3588.35,2447.1,3595.95,2470.8,3607.8,2487.85,3622.95,2500.65,3635.75,2509.65,3660.85,2512.95,3680.3,2511.05,3698.8,2502.05,3709.2,2494
4-87,Uninfected,No_comment,Polygon,18,3794.5,2271.7,3802.1,2255.6,3801.15,2233.8,3793.1,2213.9,3782.2,2195.9,3763.7,2183.1,3742.4,2178.35,3708.75,2188.3,3687.9,2204.4,3674.15,2220.05,3676.05,2248.5,3685.5,2267.45,3697.85,2285.45,3714.4,2294.95,3731.95,2300.15,3758.95,2300.6,3772.25,2292.55,3787.9,2282.6
4-88,Uninfected,No_comment,Polygon,19,3638.6,2065.05,3645.2,2051.8,3663.7,2046.1,3682.65,2046.6,3700.7,2052.75,3717.25,2061.75,3736.2,2079.75,3743.35,2095.85,3746.65,2119.1,3741.45,2142.3,3726.75,2152.75,3704.45,2159.85,3680.75,2159.4,3663.7,2150.4,3647.6,2140.4,3637.15,2125.75,3630.55,2113.9,3629.6,2098.7,3625.8,2084.95
4-89,Uninfected,No_comment,Polygon,17,3789.8,2052.25,3775.55,2065.55,3767.5,2089.7,3761.8,2123.35,3775.1,2145.65,3799.25,2166.5,3827.25,2169.8,3850.45,2171.7,3871.8,2163.65,3885.05,2152.25,3896.9,2123.35,3899.25,2101.55,3898.8,2075.95,3881.75,2054.65,3864.65,2041.85,3838.6,2033.3,3810.65,2037.1
4-90,Uninfected,No_comment,Polygon,19,4051.45,2193,4054.3,2167.85,4063.3,2147.5,4070.85,2136.6,4082.25,2127.6,4092.2,2120.5,4121.6,2116.2,4135.8,2118.1,4155.25,2124.75,4171.8,2142.75,4183.2,2161.7,4187,2182.55,4177.5,2207.2,4157.6,2231.4,4125.85,2241.8,4100.75,2242.3,4080.35,2233.3,4064.25,2222.85,4056.2,2211
4-91,Uninfected,No_comment,Polygon,19,3935.3,2079.25,3926.8,2093.45,3920.15,2112.4,3915.4,2135.15,3921.55,2164.55,3932,2184,3943.35,2194.9,3960.45,2203.9,3986.05,2206.25,4003.55,2200.1,4022.55,2182.55,4032.95,2163.15,4034.85,2139.45,4034.85,2115.75,4026.8,2097.75,4010.7,2076.4,3995.5,2068.8,3962.8,2068.35,3945.75,2072.6
4-92,Uninfected,No_comment,Polygon,17,4181.75,2467.45,4161.35,2469.4,4139.1,2466.5,4122.5,2456.55,4107.35,2443.25,4096.45,2424.8,4086,2390.7,4096.9,2348,4109.7,2333.8,4141.95,2322.9,4159,2319.55,4176.05,2325.7,4192.2,2331,4210.2,2351.3,4217.8,2365.05,4225.85,2389.75,4224.9,2407.25
4-93,Uninfected,No_comment,Polygon,18,4194.1,2082.6,4171.35,2070.75,4160,2051.75,4152.9,2022.85,4164.25,1993.95,4179.4,1975.95,4200.3,1965.5,4222.1,1964.5,4238.65,1967.9,4254.3,1976.9,4265.2,1986.8,4278,2009.55,4281.8,2032.3,4281.8,2057.95,4268.55,2078.8,4246.75,2089.65,4226.35,2093,4212.6,2092.05
4-94,Uninfected,No_comment,Polygon,18,4264.7,1618.55,4277.5,1592.95,4295.5,1577.8,4320.15,1571.65,4351.9,1575.95,4374.65,1586.3,4385.1,1599.15,4396.45,1617.15,4403.1,1641.8,4397.4,1671.65,4378.95,1695.35,4348.15,1706.7,4325.4,1703.85,4304.05,1699.15,4285.1,1685.4,4274.65,1671.15,4262.8,1652.7,4266.6,1634.25
4-95,Uninfected,No_comment,Polygon,19,4068.95,1593.45,4061.4,1605.3,4062.8,1624.25,4071.35,1646.05,4085.55,1657.9,4110.65,1664.05,4134.85,1663.1,4157.1,1658.85,4176.1,1647.95,4186.95,1638.45,4196.95,1620.45,4197.85,1596.75,4188.4,1576.9,4167.55,1564.05,4149.55,1561.2,4127.25,1563.1,4107.4,1565.5,4090.75,1572.6,4081.75,1579.7
4-96,Uninfected,No_comment,Polygon,19,4110.65,1754.6,4106.4,1745.6,4102.15,1726.6,4110.2,1701.5,4128.2,1688.25,4153.85,1680.2,4173.7,1675.9,4200.25,1679.75,4211.65,1682.05,4233.45,1696.75,4247.65,1710.05,4256.2,1738,4244.85,1764.05,4231.05,1775.9,4205,1785.85,4176.1,1790.6,4151.9,1783.5,4125.35,1772.15,4117.75,1765.95
4-97,Uninfected,No_comment,Polygon,19,3873.7,1651.7,3881.3,1631.3,3894.55,1613.85,3914.95,1600.55,3936.75,1592.5,3961.85,1594.35,3990.3,1607.6,4005,1619.45,4014,1648.4,4013.55,1671.15,4004.55,1698.15,3987.95,1712.35,3965.2,1726.65,3935.8,1733.2,3911.15,1729,3893.6,1713.85,3885.1,1702.95,3878,1689.15,3873.7,1675.85
4-98,Uninfected,No_comment,Polygon,17,3694.55,1466.9,3685.05,1476.85,3679.8,1489.65,3677.45,1506.25,3682.15,1530.4,3696.45,1549.85,3715.8,1569.3,3747.15,1574.95,3763.25,1569.75,3780.3,1559.35,3789.8,1545.6,3795.45,1532.3,3790.3,1505.3,3778.9,1483.95,3756.15,1465.95,3728.2,1455.55,3710.2,1457.9
4-99,Uninfected,No_comment,Polygon,19,3658.5,1669.25,3649.95,1683,3641.9,1700.55,3641.45,1724.25,3653.75,1749.35,3679.35,1762.15,3701.6,1770.2,3724.35,1769.25,3747.1,1760.25,3762.75,1748.4,3776.05,1733.25,3777.95,1713.85,3777,1689.15,3769.4,1672.1,3754.7,1658.35,3736.7,1652.2,3705.9,1650.3,3684.1,1653.65,3672.7,1659.3
4-100,Uninfected,No_comment,Polygon,18,3481.25,1649.85,3473.15,1658.35,3468.45,1672.1,3465.6,1689.15,3473.65,1710.5,3485,1725.65,3502.55,1729.95,3526.25,1730.4,3545.7,1717.15,3563.2,1696.3,3570.35,1675.45,3567.5,1656.5,3558.5,1644.6,3544.75,1634.65,3531,1631.35,3519.15,1632.3,3503.5,1637.05,3493.1,1640.85
4-101,Uninfected,No_comment,Polygon,19,3555.65,1757.45,3538.6,1772.6,3529.1,1791.1,3523.9,1814.35,3531.45,1839.9,3535.75,1856.05,3547.1,1870.75,3563.25,1883.55,3584.1,1886.35,3605.4,1885.9,3625.3,1875.45,3640,1854.6,3646.65,1835.65,3648.05,1806.75,3638.1,1781.15,3628.15,1762.2,3609.2,1751.3,3580.75,1747.05,3567.95,1752.25
4-102,Uninfected,No_comment,Polygon,17,3331,1585.8,3319.65,1603.85,3311.6,1621.9,3310.15,1641.75,3319.15,1671.65,3337.2,1690.6,3360.4,1698.6,3388.85,1693,3407.3,1682.1,3415.85,1669.3,3418.7,1642.2,3415.85,1614.75,3406.35,1595.75,3395,1586.35,3378.9,1576.85,3362.3,1575.9,3341.45,1579.7
4-103,Uninfected,No_comment,Polygon,19,3002.55,1599.15,3020.55,1589.65,3042.35,1583.45,3065.1,1589.2,3086.45,1605.25,3096.4,1621.4,3102.55,1639.85,3097.8,1666.4,3091.65,1680.2,3072.7,1693.95,3057.05,1698.6,3041.9,1698.6,3025.8,1695.8,3006.8,1688.2,2995.45,1674.9,2984.05,1661.2,2979.35,1644.1,2984.05,1619,2988.8,1607.6
4-104,Uninfected,No_comment,Polygon,18,3177.45,1723.25,3174.15,1710,3173.65,1689.6,3185.05,1668.35,3201.15,1650.3,3242.4,1642.7,3257.1,1647.5,3275.55,1654.55,3294.05,1674,3303.5,1694.85,3307.8,1720.4,3296.9,1746.5,3277.45,1757.85,3250.45,1766.85,3225.8,1763.15,3211.55,1758.4,3193.1,1746.5,3184.55,1736.6
4-105,Uninfected,No_comment,Polygon,18,3466.1,1414.3,3473.2,1393,3483.6,1375.9,3501.65,1361.65,3520.6,1356.45,3540,1354.55,3560.4,1358.4,3577.95,1371.2,3585.5,1386.8,3582.2,1415.75,3574.6,1429.9,3558.55,1453.15,3542.85,1459.3,3517.75,1463.6,3495.95,1462.2,3476.1,1451.75,3467.95,1440.8,3463.25,1433.25
4-106,Uninfected,No_comment,Polygon,18,3343.3,1484,3336.7,1467.35,3341.9,1442.7,3351.9,1425.65,3365.6,1415.2,3391.65,1407.15,3418.2,1410.5,3434.3,1420.9,3442.35,1436.55,3448.05,1452.65,3448.55,1474.05,3443.85,1497.25,3434.3,1508.65,3412.5,1520.95,3396.85,1524.25,3378.4,1523.3,3360.4,1512.85,3348.05,1502.45
4-107,Uninfected,No_comment,Polygon,19,3437.15,1077.8,3431,1088.2,3423.4,1110.95,3415.3,1134.65,3418.15,1148.9,3425.75,1167.35,3436.2,1182.55,3449.45,1193.9,3468.45,1193.9,3488.85,1185.4,3506.35,1173.05,3514.45,1156.95,3521,1128.95,3518.65,1103.4,3507.75,1077.8,3498.25,1068.3,3486.4,1062.15,3471.3,1063.55,3454.25,1067.85
4-108,Uninfected,No_comment,Polygon,22,3544.25,1238.95,3550.45,1228.05,3561.8,1215.25,3583.6,1203.4,3598.75,1197.25,3618.2,1194.85,3640.5,1196.75,3657.05,1209.05,3669.85,1228.05,3679.8,1247.95,3686,1270.7,3688.85,1284.9,3676.05,1303.4,3657.05,1316.65,3632.4,1329.45,3606.4,1330.4,3580.3,1325.2,3561.8,1316.65,3554.2,1306.7,3545.25,1288.25,3542.8,1273.05,3541.4,1262.65
4-109,Uninfected,No_comment,Polygon,18,3290.2,1061.2,3283.15,1083,3277.85,1096.25,3277.4,1117.1,3290.65,1139.9,3302.05,1147.95,3321.5,1160.25,3343.3,1159.3,3361.3,1155.05,3375.1,1149.85,3383.55,1138,3391.2,1119.95,3392.55,1099.1,3387.9,1075.9,3377.9,1057.4,3362.75,1045.55,3331.5,1040.8,3311.1,1045.55
4-110,Uninfected,No_comment,Polygon,16,3184.05,1180.65,3178.4,1190.6,3177.4,1220.45,3181.25,1246.5,3194.5,1271.15,3216.3,1282.05,3234.25,1286.35,3252.8,1274,3269.8,1258.85,3277.85,1232.3,3275.55,1210,3265.55,1188.7,3254.2,1171.15,3237.65,1162.15,3220.05,1158.85,3207.3,1163.55
4-111,Uninfected,No_comment,Polygon,19,3337.6,1347,3327.7,1334.65,3316.25,1322.35,3314.35,1294.4,3322,1263.1,3330.05,1246.5,3342.85,1237.05,3359.85,1229.95,3391.65,1229.45,3408.75,1240.35,3425.3,1252.7,3434.35,1273.05,3437.6,1296.3,3427.65,1318.55,3413.45,1338,3402.55,1348.4,3386.45,1357.45,3365.6,1363.6,3347.05,1358.85
4-112,Uninfected,No_comment,Polygon,16,3713.5,1146.45,3697.85,1157.4,3687.9,1177.3,3684.6,1201.45,3692.6,1229.4,3711.15,1256.9,3731.05,1260.7,3758.05,1259.3,3781.25,1248.4,3794.95,1236.05,3804.95,1215.2,3805.4,1196.7,3797.85,1169.7,3786,1151.2,3767.55,1134.65,3734.8,1132.25
4-113,Uninfected,No_comment,Polygon,17,3805.85,1056.4,3796.4,1068.75,3790.3,1090.05,3794.05,1115.65,3802.15,1133.2,3816.8,1153.1,3858.05,1174.45,3878.45,1173.95,3906.4,1163.05,3923,1139.35,3926.8,1119,3924.4,1097.65,3915.4,1075.4,3895.95,1053.6,3869.9,1040.3,3839.1,1037,3820.6,1045.05
4-114,Uninfected,No_comment,Polygon,20,3723.45,1378.7,3713.5,1359.75,3717.3,1329.9,3725.75,1313.8,3741.45,1298.6,3760.35,1290.1,3778.45,1287.25,3794.05,1286.75,3809.25,1291.5,3828.15,1301.95,3840.95,1314.25,3848.6,1336.55,3850,1367.8,3839.1,1382.5,3825.35,1395.3,3803.55,1407.65,3780.3,1410.95,3761.3,1408.1,3749,1399.1,3734.8,1388.65
4-115,Uninfected,No_comment,Polygon,18,3659.95,1054.05,3659.4,1032.75,3665.6,1016.6,3677.95,996.7,3704.9,980.1,3735.75,973.95,3752.35,977.75,3764.7,986.3,3772.7,997.65,3781.25,1022.8,3781.25,1046.95,3770.8,1059.75,3755.7,1074.45,3734.35,1082.5,3717.75,1084.85,3702.1,1085.35,3682.15,1080.15,3666.55,1069.2
4-116,Uninfected,No_comment,Polygon,18,3524.4,1006.2,3527.25,994.35,3536.25,983.9,3553.75,973,3577.9,970.65,3599.7,979.65,3614.9,991,3627.25,1015.2,3634.3,1037.95,3632.9,1057.85,3624.35,1072.55,3613.9,1084.85,3596.45,1091.95,3575.1,1093.4,3557.1,1087.7,3535.3,1071.1,3525.35,1051.7,3522.95,1023.25
4-117,Uninfected,No_comment,Polygon,18,3804.95,870.15,3791.7,880.1,3782.65,896.25,3775.6,925.6,3785,956.4,3799.75,970.65,3818.2,976.8,3837.65,979.65,3873.2,969.7,3892.2,956.9,3901.2,934.6,3903.1,915.65,3897.35,895.3,3891.25,879.15,3874.6,865.9,3860.4,860.2,3839.55,859.25,3827.7,861.65
4-118,Uninfected,No_comment,Polygon,17,3897.9,1008.1,3896.45,992,3905,973.05,3916.35,954.55,3933.9,942.7,3953.8,937.5,3977.05,937.05,4003.55,944.15,4019.2,962.6,4024.9,987.75,4021.1,1012.4,4007.85,1032.3,3993.15,1045.55,3969.45,1048.9,3950.95,1049.35,3931.55,1041.75,3912.1,1030.4
4-119,Uninfected,No_comment,Polygon,19,4048.6,1111,4033.45,1094.35,4027.25,1056.9,4040.05,1021.85,4051.9,1000.05,4068.05,987.7,4088.9,981.6,4107.35,981.6,4126.8,986.75,4134.85,997.65,4145.75,1020.4,4155.7,1042.25,4156.2,1062.65,4149.1,1084,4139.6,1099.6,4123.95,1113.8,4102.65,1125.15,4078.45,1127.55,4059.95,1122.35
4-120,Uninfected,No_comment,Polygon,17,4204.55,834.6,4208.8,813.3,4218.3,790.55,4245.8,767.8,4272.8,755.45,4300.3,746,4328.25,751.7,4345.8,763.1,4359.05,793.4,4355.25,819.45,4342,841.25,4321.6,860.2,4288.45,877.25,4266.15,883.45,4245.8,887.25,4230.6,879.65,4213.1,866.4
4-121,Uninfected,No_comment,Polygon,18,3969,904.75,3953.35,894.35,3940.05,870.65,3933.9,852.15,3942.45,823.25,3952.85,805.7,3971.85,794.8,3991.25,786.8,4014,785.85,4029.2,786.3,4056.2,800,4075.15,814.7,4081.3,838.4,4078.95,870.15,4068.5,888.25,4051,904.3,4032.95,912.4,3995.05,916.15
4-122,Uninfected,No_comment,Polygon,16,3916.35,703.85,3896,698.6,3878,683.9,3870.4,650.25,3878.95,620.4,3890.8,601.95,3918.25,587.7,3936.75,585.35,3950.5,587.25,3962.35,595.75,3972.75,614.7,3980.85,637,3978.95,662.6,3967.55,680.6,3956.2,694.35,3940.55,698.6
4-123,Uninfected,No_comment,Polygon,20,3496.4,664.5,3495.45,692,3501.2,712.85,3509.2,736.55,3524.4,747.9,3536.7,755.5,3556.6,756.45,3578.4,751.7,3595,742.7,3607.8,726.6,3618.2,712.85,3622.95,687.25,3616.35,663.05,3606.35,644.1,3591.25,631.8,3573.2,625.15,3551.85,625.15,3538.1,631.3,3521.55,640.3,3508.25,649.35
4-124,Uninfected,No_comment,Polygon,18,3229.1,578.25,3221.5,585.35,3211.55,603.35,3213.5,628,3219.15,651.7,3232.9,670.65,3254.2,678.7,3274.6,677.3,3298.3,672.55,3314.4,661.65,3326.25,648.85,3333.85,633.2,3330.1,612.85,3322.95,588.65,3301.15,571.6,3286.45,564,3269.4,564,3252.8,565.9
4-125,Uninfected,No_comment,Polygon,20,3380.35,753.7,3379.1,767.8,3378.65,785.8,3382.5,814.15,3390.65,832.65,3414.7,851.5,3434.9,861.8,3458.05,862.2,3478.65,850.65,3495.4,837.8,3505.7,816.3,3512.55,794.45,3508.7,772.1,3494.55,748.5,3470.5,727,3452.05,719.3,3439.15,719.75,3417.7,723.15,3401.4,727.45,3387.65,737.3
4-126,Uninfected,No_comment,Polygon,19,3271.75,745.95,3267.45,753.25,3254.6,768.25,3242.6,779,3237.85,792.75,3242.6,818.9,3252,839.1,3260.15,848.5,3275.6,857.95,3294.95,864,3316.4,854.55,3329.25,839.95,3344.75,823.65,3351.6,799.15,3349.9,776.85,3339.6,758.8,3322.4,747.65,3307.8,741.65,3296.65,742.95
4-127,Uninfected,No_comment,Polygon,20,3129.7,882.85,3131.4,873.4,3135.3,858.85,3143,851.95,3152.45,843.35,3161.05,833.5,3180.35,830.05,3197.5,833.05,3209.1,840.35,3219.4,846.8,3231,861.4,3237.4,887.6,3228,910.35,3222.4,925.8,3208.25,937.8,3187.2,944.65,3161.9,942.5,3147.7,936.1,3135.7,926.2,3129.7,907.35
4-128,Uninfected,No_comment,Polygon,16,2850.7,678.95,2841.25,688,2824.55,709,2824.95,739.9,2841.7,766.1,2858.85,776.4,2882.9,779.8,2905.25,774.25,2923.25,762.65,2934,751.95,2944.3,738.55,2948.15,715.45,2942.15,694.85,2926.25,674.6,2907.35,668.25,2885.05,667.8
4-129,Uninfected,No_comment,Polygon,19,2869.2,867.85,2872.15,851.95,2876.05,836.5,2884.25,824.05,2901.8,812.5,2920.65,806.45,2940.45,805.65,2958.5,809.45,2973.05,818.9,2984.25,837.35,2989.75,859.7,2984.25,883.3,2973.05,899.6,2952.9,916.35,2926.7,924.05,2906.05,918.5,2889.4,910.75,2879.95,904.35,2874.35,890.6
4-130,Uninfected,No_comment,Polygon,18,2609.5,659.65,2603.1,671.7,2600.1,694.45,2601.75,720.2,2612.5,734.8,2634.45,747.25,2656.25,751.9,2673.45,748.5,2692.35,735.65,2703.1,720.2,2712.95,699.15,2712.95,677.7,2705.25,657.1,2688.9,640.8,2673.9,634.35,2652.4,634.35,2634.8,636.9,2625.85,645.5
4-131,Uninfected,No_comment,Polygon,20,2697.1,521.9,2687.2,529.2,2675.2,542.05,2668.75,559.25,2670.05,583.7,2679.05,600.45,2692.35,614.2,2711.2,626.6,2728,633.5,2748.6,630.9,2766.2,624.05,2776.5,609.9,2782.5,598.7,2786.35,580.25,2782.9,561.4,2778.6,550.65,2770.9,538.2,2755.45,530.9,2731,521.45,2717.25,519.3
4-132,Uninfected,No_comment,Polygon,17,2708.65,420.55,2701.8,431.8,2692.35,445.1,2694.5,459.65,2699.2,469.5,2710.35,489.25,2722.8,498.3,2749,498.3,2766.6,496.95,2784.2,490.6,2794.05,473.35,2798.35,452.4,2789.75,433.45,2776.45,416.7,2762.3,407.25,2744.3,405.55,2726.7,410.25
4-133,Uninfected,No_comment,Polygon,18,3164.05,571.25,3185.5,557.1,3198.8,536.95,3207.4,506,3209.55,481.15,3204.8,459.25,3188.05,436.05,3170.5,428.35,3152.45,432.65,3130.55,442.95,3111.25,458.4,3099.65,482.85,3099.65,516.3,3105.25,543.8,3115.1,561.4,3127.15,569.95,3141.3,577.25,3151.6,576.4
4-134,Uninfected,No_comment,Polygon,15,3311.35,248.05,3289.85,252.35,3272.25,267.35,3257.25,288.8,3256.35,312.85,3265.8,346.75,3289.4,366.95,3318.55,372.95,3352.9,369.5,3377,345.5,3383.4,318.85,3375.65,284.95,3360.65,266.95,3343.05,254.05,3326.8,248.5
4-135,Uninfected,No_comment,Polygon,19,3304.4,421.85,3289.85,438.2,3278.3,457.95,3274.85,486.7,3280,512.45,3297.1,534.35,3323.35,546.75,3354.7,558.8,3383.8,557.05,3407,543.75,3422.9,519.3,3427.6,491.4,3420.7,461.35,3407.45,440.75,3392,428.75,3371.85,424.45,3344.75,424,3324.6,423.6,3313.45,421
4-136,Uninfected,No_comment,Polygon,18,2709.75,363.95,2694.35,356.25,2679.95,339.9,2669.35,318.25,2675.15,273.55,2684.75,250.45,2720.8,224,2738.6,217.75,2763.6,218.25,2777.05,227.4,2789.55,239.9,2801.6,260.55,2799.2,282.2,2790.05,310.55,2779.95,328.35,2768.4,342.3,2751.6,354.8,2734.3,359.6
4-137,Uninfected,No_comment,Polygon,16,2360.7,250,2346.3,267.3,2339.05,284.1,2341.45,314.4,2355.4,338.45,2371.3,348.05,2403,349,2425.15,343.75,2441.45,335.55,2457.35,312.5,2464.55,292.75,2460.25,267.3,2451.55,251.9,2437.65,240.85,2413.6,234.1,2388.6,237.95
4-138,Uninfected,No_comment,Polygon,16,2853.05,199.5,2833.3,220.65,2814.1,248.05,2812.15,279.3,2820.8,305.25,2829,324.5,2841.5,343.25,2867.95,349,2892,343.25,2909.75,332.2,2925.15,311.05,2926.1,275,2919.4,250.45,2908.35,226.9,2897.75,213.45,2875.15,202.85
4-139,Uninfected,No_comment,Polygon,14,2991,8.1,2984.25,26.4,2985.65,53.8,2996.25,76.4,3010.25,89.4,3022.25,100.9,3039.5,106.2,3064.5,103.3,3087.6,91.8,3109.75,71.1,3116,52.35,3109.75,29.75,3094.85,0.9,2994.85,0.45
4-140,Uninfected,No_comment,Polygon,15,2830.4,7.65,2823.2,18.7,2816.5,35.55,2813.55,54.75,2817.9,75.9,2829,103.8,2845.3,120.15,2879,132.15,2912.15,127.35,2939.55,113.4,2954,100.45,2962.65,79.3,2958.75,57.15,2953.5,21.1,2936.15,2.85
4-141,Uninfected,No_comment,Polygon,16,2503.95,1.45,2494.8,10.55,2483.75,22.1,2476.05,40.4,2472.2,56.75,2475.55,80.75,2487.1,110.1,2501.05,125,2538.05,133.65,2565,127.4,2583.25,119.7,2597.7,94.25,2605.85,75.5,2604.4,50.95,2596.25,28.85,2585.2,9.15
4-142,Uninfected,No_comment,Polygon,16,2381.8,81.75,2367.85,92.8,2357.75,106.75,2352,131.25,2355.35,152.9,2367.4,178.85,2380.85,194.7,2420.25,204.35,2441.45,196.15,2454.9,184.15,2465.95,167.8,2472.7,148.1,2462.6,116.85,2450.55,89.9,2433.75,79.8,2413.55,76.9
4-143,Uninfected,No_comment,Polygon,18,2173.65,22.1,2163.55,34.15,2152,56.25,2148.65,77.4,2154.4,105.3,2167.4,125.95,2200.55,143.25,2234.75,143.75,2256.35,132.2,2267.4,116.35,2276.55,92.3,2275.1,65.85,2265,39.9,2251.05,25.95,2238.55,15.85,2226.05,9.6,2198.15,12.95,2186.65,14.4
4-144,Uninfected,No_comment,Polygon,18,3014.7,1139.8,3008,1152.6,2997.55,1172.95,2996.15,1205.2,3002.35,1230.8,3018,1248.8,3036,1256.85,3063.9,1259.7,3083.4,1250.7,3098.05,1240.25,3110.9,1227.95,3115.65,1205.65,3118,1181.95,3112.8,1153.05,3090.5,1130.8,3074.35,1122.25,3058.3,1118,3037.9,1125.1
4-145,Uninfected,No_comment,Polygon,18,4320.45,1124.4,4313.6,1142.9,4307.75,1161.45,4310.4,1185.8,4317.3,1206.4,4336.85,1222.3,4371.8,1224.95,4391.9,1224.95,4432.65,1217.55,4453.8,1201.65,4467.55,1173.6,4463.3,1130.75,4450.6,1105.35,4414.65,1092.1,4383.4,1091.05,4361.2,1095.85,4344.25,1102.2,4333.7,1111.15
4-146,Uninfected,No_comment,Polygon,16,4279.7,1260.4,4264.9,1275.75,4254.3,1298.5,4255.35,1327.6,4264.35,1351.4,4288.7,1370.45,4318.35,1384.2,4359.6,1376.25,4391.35,1363.6,4411.45,1331.85,4415.7,1294.25,4405.65,1263.05,4387.15,1244.5,4350.6,1233.95,4323.1,1238.15,4305.1,1243.45
4-147,Uninfected,No_comment,Polygon,16,4165.95,1162.5,4156.4,1176.8,4149,1194.25,4146.35,1220.7,4160.1,1248.2,4183.95,1265.15,4206.15,1271.5,4242.15,1264.1,4270.7,1241.85,4285,1215.4,4289.75,1187.9,4277.05,1155.6,4260.15,1140.8,4228.9,1135,4210.4,1139.75,4184.45,1148.2
4-148,Uninfected,No_comment,Polygon,17,1638.85,2546.65,1647.85,2528.6,1663.35,2507.35,1682.7,2496.35,1704.65,2490.55,1728.5,2495.05,1747.25,2506.7,1755.6,2529.9,1755.6,2554.45,1747.25,2571.2,1734.35,2591.2,1716.9,2603.45,1691.75,2604.75,1671.1,2597.65,1658.2,2594.45,1649.15,2585.4,1642.7,2571.85
4-149,Uninfected,No_comment,Polygon,18,2055.95,2654.55,2063.05,2642.65,2076.3,2631.75,2097.15,2622.8,2127,2627.5,2151.65,2634.65,2167.8,2646.95,2185.3,2668.3,2187.7,2691.95,2185.3,2715.15,2170.15,2733.25,2135.55,2749.3,2109.95,2753.1,2082.45,2744.6,2059.7,2736.05,2049.75,2723.75,2043.15,2703.8,2045.05,2677.8
4-150,Uninfected,No_comment,Polygon,19,2055.15,2839.75,2067.05,2819.05,2079,2805.8,2097.9,2797,2115.95,2793.05,2136.65,2798.35,2155.6,2816.4,2163.55,2831.35,2164.4,2859.55,2157.35,2885.5,2150.35,2903.2,2134.95,2925.2,2108.9,2932.7,2081.6,2929.6,2071.45,2922.55,2061.75,2903.6,2057.35,2889.1,2053.45,2876.75,2056.05,2859.1
4-151,Uninfected,No_comment,Polygon,20,1882.45,2820.8,1891.7,2799.15,1897.45,2786,1915.05,2775.4,1935.8,2769.25,1956.55,2767.5,1974.55,2773.6,1987.3,2782.05,1997,2793.05,2004.55,2812.85,2004.05,2834.9,1992.65,2860.45,1982.5,2872.8,1960.05,2882.9,1943.25,2886,1919.9,2882.45,1907.55,2875.4,1892.15,2862.65,1886.5,2849.45,1885.1,2841.95