116,5312,2988
1-1,White_Blood_Cell,No_comment,Polygon,20,2557.15,167.25,2589.85,169.25,2613.85,182.7,2641.75,210.6,2653.25,235.6,2660.95,274,2660.95,301,2651.4,323.05,2633.05,352.9,2596.55,377.95,2560,383.7,2522.5,374.1,2495.6,355.75,2474.4,326,2465.75,297.15,2470.6,251.95,2476.3,224.95,2493.65,199.95,2512.85,182.7,2532.15,175.95
1-2,White_Blood_Cell,No_comment,Polygon,37,1827,2415.9,1838.9,2419.85,1857.95,2421.45,1879.3,2432.55,1900,2448.4,1914.3,2473.8,1923.75,2506.35,1930.1,2537.3,1932.55,2577,1923.75,2604.75,1912.7,2631.75,1904.7,2647.65,1907.95,2658.75,1905.55,2669.85,1890.45,2691.3,1881.75,2706.35,1861.9,2700.8,1841.2,2692.8,1817.4,2684.15,1793.65,2683.35,1784.85,2680.95,1775.4,2658.75,1772.2,2653.95,1758.7,2648.4,1756.35,2637.3,1755.55,2623.8,1742.85,2609.55,1732.55,2592.05,1731.75,2583.35,1713.5,2551.6,1711.9,2529.35,1715.85,2495.25,1734.1,2465.9,1758.7,2446.05,1777.75,2430.95,1794.45,2427,1807.15,2419.85
1-3,Parasitized,No_comment,Polygon,21,2646.4,596.05,2650.35,587.75,2665.1,570.85,2675.9,563.65,2693.15,560.8,2710.1,560.45,2733.8,566.2,2745.35,580.2,2756.1,605.75,2757.9,623,2757.2,639.95,2747.85,657.2,2736.35,670.85,2716.55,678.8,2696.35,678.05,2677,674.1,2662.25,664.75,2651.1,646.75,2645.7,628.8,2644.55,612.6,2646.05,605.05
1-4,Parasitized,No_comment,Polygon,19,2177.45,806.35,2166.4,816.15,2159.6,828.5,2157.5,848.9,2157.85,863.8,2171.55,884.25,2189.4,896.15,2211.55,899.55,2229.85,897.45,2252.75,882.95,2263.45,868.5,2263.45,849.75,2261.3,828.05,2255.3,813.6,2243.85,800.4,2230.7,795.7,2211.1,795.3,2199.15,796.15,2186.85,798.3
1-5,Parasitized,No_comment,Polygon,18,1654.65,381.9,1637.15,395.1,1626.85,414.1,1625.9,434.1,1633.7,453.65,1649.8,478.5,1682.45,494.6,1699.05,496.55,1720.5,492.15,1733.7,480.45,1744.9,458.5,1750.75,441.85,1742.95,413.65,1736.6,398.5,1725.4,384.8,1710.35,376.05,1690.75,374.6,1669.8,374.6
1-6,Parasitized,No_comment,Polygon,17,1335.95,971.4,1341.75,951.8,1351.8,941.8,1378.25,929.6,1405.75,925.9,1426.4,933.3,1442.8,946,1462.4,966.65,1469.25,993.6,1467.15,1018,1454.45,1041.8,1432.75,1050.2,1394.65,1051.3,1376.15,1042.8,1359.2,1026.95,1347.55,1009.5,1338.05,987.8
1-7,Parasitized,No_comment,Polygon,17,1387.25,1104.2,1396.25,1088.3,1415.3,1070.35,1437,1062.9,1467.15,1062.9,1495.2,1075.1,1513.7,1093.1,1522.15,1123.25,1520.6,1142.8,1520.6,1165.05,1510.55,1183.6,1486.7,1186.25,1442.8,1183.6,1418.45,1176.2,1393.6,1158.7,1385.65,1134.9,1384.6,1113.7
1-8,Parasitized,No_comment,Polygon,20,1576.7,1254.45,1582.5,1242.3,1598.35,1232.8,1624.8,1225.35,1649.2,1226.95,1676.15,1245.5,1694.65,1270.9,1696.85,1292.55,1697.85,1314.8,1679.3,1333.3,1663.45,1344.95,1634.35,1349.7,1610.05,1348.1,1593.1,1341.25,1577.2,1317.45,1572.45,1296.8,1574.1,1278.8,1566.1,1271.95,1562.9,1262.4,1572.45,1258.2
1-9,Parasitized,No_comment,Polygon,21,1693.05,1502.1,1681.95,1497.35,1653.9,1475.1,1645.45,1446.55,1649.65,1420.6,1659.2,1399.95,1674,1384.65,1689.9,1376.7,1710.5,1373,1731.7,1373.5,1751.25,1385.15,1766.6,1403.15,1775.6,1422.2,1777.7,1438.6,1777.2,1457.65,1768.7,1476.15,1758.15,1488.85,1738.55,1495.75,1729.55,1501.05,1714.75,1506.85,1700.45,1506.3
1-10,Parasitized,No_comment,Polygon,27,2477.35,2210.3,2476.15,2198.55,2472.25,2182.45,2467.9,2163.6,2471.05,2147.2,2482.8,2125.65,2499.3,2110.7,2511.45,2103.6,2532.65,2098.55,2547.2,2099.3,2560.45,2105.6,2575.4,2119.3,2582.05,2130.7,2584,2146.75,2583.65,2161.25,2582.85,2169.9,2582.85,2181.65,2584.4,2193.05,2584.4,2204.8,2580.85,2215.4,2574.65,2220.9,2562.45,2225.6,2549.9,2234.6,2535.4,2238.55,2511.85,2238.9,2498.55,2233.45,2483.6,2222.85
1-11,Parasitized,No_comment,Polygon,32,1931.9,2493.55,1935.15,2500.6,1941.7,2507.65,1951.5,2513.7,1957.15,2522.1,1960.4,2528.2,1969.3,2533.8,1975.8,2534.25,1987.05,2530.55,1999.65,2525.35,2009.95,2524.9,2022.55,2518.4,2029.5,2508.5,2040.25,2494.1,2044.05,2480,2041.65,2468.85,2034.25,2458.5,2026.3,2448.75,2022.1,2441.25,2017.9,2431.45,2010.4,2427.7,2002.45,2426.8,1987.95,2424,1977.2,2423.45,1965.05,2431.45,1961.35,2441.25,1956.2,2444.05,1946.4,2449.15,1940.3,2458.1,1932.85,2466,1927.2,2475.35,1929.05,2484.2
1-12,Parasitized,No_comment,Polygon,25,3074.25,2659.4,3075.1,2673.8,3079.7,2691.2,3091.2,2706.85,3101.8,2716.6,3114.45,2721.7,3134.85,2724.25,3142.9,2720.85,3157.75,2711.5,3168.3,2694.15,3174.7,2676.75,3179.75,2650.9,3173.85,2636.5,3159.85,2620.4,3148,2610.25,3136.95,2605.6,3125.95,2602.6,3115.8,2604.75,3098.4,2600.9,3087.85,2605.6,3085.25,2615.35,3082.75,2619.55,3080.2,2627.2,3080.55,2637.35,3075.5,2647.55
1-13,Parasitized,No_comment,Polygon,19,3560.7,2586.9,3550.1,2592.45,3530.2,2595.8,3513.65,2589.05,3500.5,2579.3,3488.65,2563.2,3488.25,2539.05,3490.8,2519.1,3498.4,2501.35,3517.45,2487.35,3535.7,2481,3557.3,2484.4,3573.4,2493.7,3581.9,2505.15,3587.8,2518.3,3590.35,2535.25,3589.1,2552.2,3584,2564.05,3568.3,2580.55
1-14,Parasitized,No_comment,Polygon,20,3488.7,2365.75,3478.95,2359.4,3470.45,2347.95,3461.5,2330.15,3464.95,2309.4,3473.85,2292.85,3487.85,2283.55,3508.15,2279.7,3527.7,2283.1,3538.7,2287.75,3545.05,2296.25,3552.7,2306.4,3557.3,2317.85,3558.15,2333.95,3558.15,2346.25,3550.1,2359.8,3539.1,2370,3523.45,2374.65,3508.55,2374.65,3497.15,2372.5
1-15,Parasitized,No_comment,Polygon,23,3725.15,2097.5,3728.1,2081,3736.6,2068.25,3753.1,2054.7,3771.75,2045.8,3797.2,2039.9,3809.9,2040.3,3826,2047.1,3833.65,2050.05,3844.65,2050.9,3857.35,2059.8,3860.3,2069.1,3860.3,2078.85,3862.45,2091.6,3862,2106,3853.1,2123.35,3835.75,2138.6,3813.25,2146.65,3787.45,2150.05,3751.4,2144.95,3738.65,2135.65,3728.1,2122.5,3725.15,2107.7
1-16,Parasitized,No_comment,Polygon,14,3959.05,2103.85,3938.3,2107.65,3917.5,2111.9,3887.45,2104.25,3870.9,2073.35,3871.35,2048.75,3879.8,2032.65,3895.5,2017,3917.95,2004.25,3942.55,2000.9,3957.35,2005.1,3970.5,2010.65,3980.65,2020.35,3987.85,2029.25
1-17,Parasitized,No_comment,Polygon,29,2923.55,1467,2918.85,1473.4,2914.15,1485.85,2912.45,1497.65,2911.75,1512.1,2914.8,1525.25,2919.85,1538.35,2927.25,1550.5,2942.1,1558.9,2952.85,1565.3,2968,1568,2985.15,1566,2997.95,1561.25,3014.45,1551.85,3024.55,1537.35,3030.95,1526.95,3036.7,1515.8,3029.95,1507.75,3022.55,1490.55,3014.45,1476.1,3005.05,1464.3,2989.9,1456.9,2978.1,1454.2,2967.65,1452.5,2959.9,1451.85,2949.15,1448.8,2937.7,1451.15,2929.95,1455.2,2925.9,1460.95
1-18,Uninfected,No_comment,Polygon,29,1805.85,345,1825.15,336.25,1842.1,333.3,1854.95,333.3,1870.15,337.4,1883.6,341.45,1891.8,349.1,1896.5,359.65,1901.75,370.15,1903.5,382.45,1904.1,392.4,1902.35,402.3,1899.4,412.25,1895.9,422.75,1886.55,435.05,1879.5,443.25,1867.25,449.1,1854.4,452.05,1838.6,453.8,1828.65,452.05,1816.95,445.55,1804.65,436.85,1795.3,427.45,1786.55,416.9,1784.2,403.45,1784.2,391.2,1785.95,377.2,1790.05,365.5,1797.05,356.1
1-19,Uninfected,No_comment,Polygon,29,1881.85,264.3,1880.1,285.35,1884.2,302.3,1892.4,319.85,1899.4,328,1908.2,336.25,1917.55,343.8,1925.7,349.1,1936.25,352.05,1949.1,354.35,1970.75,350.3,1987.15,340.35,1995.3,329.8,2004.65,315.75,2009.35,300.55,2012.3,283,2008.75,267.25,2002.9,254.35,1998.8,246.2,1987.15,233.3,1974.25,225.7,1960.25,220.4,1943.85,216.35,1931,218.1,1919.9,221.05,1908.2,225.7,1898.25,233.3,1889.45,243.85,1887.15,250.85
1-20,Uninfected,No_comment,Polygon,28,2176.6,146.2,2189.45,137.4,2205.85,132.1,2222.2,128.65,2233.9,129.2,2247.35,133.3,2260.8,140.35,2269.6,148.5,2276.6,157.3,2278.35,169.55,2278.95,184.2,2276.6,195.9,2273.1,206.4,2269,216.35,2261.4,228,2250.3,235.6,2238.6,242.1,2226.9,246.2,2212.85,247.3,2198.25,246.2,2185.4,243.25,2173.1,235.05,2164.9,223.95,2161.4,209.35,2159.05,195.9,2162,181.8,2164.35,165.5,2169.6,155.55
1-21,Uninfected,No_comment,Polygon,41,2628.95,67.7,2644.8,64.45,2660.65,66.05,2675.4,69.9,2685.2,76.45,2693.95,84.1,2701.6,95.05,2707.1,101.05,2714.75,105.4,2721.3,110.9,2722.4,117.45,2722.4,127.25,2723.45,136,2726.2,143.65,2728.4,154.05,2726.2,163.9,2721.3,172.65,2714.75,180.3,2706.55,187.4,2693.4,192.85,2679.75,192.3,2667.2,191.75,2654.05,187.95,2648.6,181.9,2644.25,174.8,2638.75,169.9,2629.5,166.05,2625.65,160.6,2624,155.15,2621.85,148.6,2617.45,142.55,2614.75,135.45,2614.2,126.2,2612,120.15,2609.8,113.05,2608.15,103.25,2611.45,96.65,2616.35,94.5,2621.3,90.65,2622.4,81.9,2623.45,75.35
1-22,Uninfected,No_comment,Polygon,45,2754.45,233.3,2766.1,231.1,2777.2,228.3,2787.75,223.85,2797.75,225.55,2809.45,229.95,2822.2,233.85,2832.75,237.75,2837.75,242.75,2840,252.2,2841.65,260.55,2845,266.65,2847.2,274.4,2847.75,281.65,2847.2,290.55,2843.35,298.9,2837.75,303.3,2833.9,309.95,2833.9,316.15,2832.2,323.3,2826.65,326.15,2818.35,328.3,2810.55,332.75,2806.65,334.95,2799.45,339.95,2788.35,339.4,2778.9,338.3,2771.65,336.65,2766.1,337.2,2760.55,336.15,2757.2,332.2,2755,326.65,2752.2,323.9,2746.1,322.2,2738.9,319.4,2734.45,313.3,2733.35,306.15,2735,297.75,2731.65,290.55,2726.65,279.95,2728.35,268.9,2732.2,262.75,2740,256.15,2747.2,245.55,2749.45,240.55
1-23,Uninfected,No_comment,Polygon,48,2347.2,287.75,2358.9,279.95,2371.65,275.55,2386.65,274.95,2397.75,273.9,2412.2,279.95,2422.2,284.95,2430.55,287.2,2436.65,294.95,2437.2,305.55,2439.45,312.75,2443.9,319.95,2448.3,323.9,2451.65,331.65,2453.9,339.4,2453.9,346.65,2454.45,352.2,2452.75,358.3,2447.2,363.3,2446.1,369.95,2445,376.65,2441.1,381.1,2433.3,383.85,2425.55,385.55,2418.9,388.3,2413.9,392.2,2407.2,394.4,2398.3,396.65,2388.3,396.65,2380,396.65,2372.75,397.2,2368.3,394.95,2362.75,391.65,2352.75,389.4,2346.65,386.65,2342.75,379.95,2341.1,375.55,2336.65,369.95,2332.2,362.2,2328.3,354.95,2328.9,348.3,2327.2,339.95,2323.9,332.2,2323.9,325.55,2326.65,317.75,2332.2,309.95,2338.9,303.3,2342.2,296.15
1-24,Uninfected,No_comment,Polygon,32,2597.2,429.4,2609.45,422.75,2623.9,418.85,2638.35,418.3,2646.65,420.55,2657.75,425.55,2668.9,431.1,2674.45,437.75,2677.75,447.75,2680,454.95,2682.2,463.85,2684.45,471.1,2684.45,479.95,2683.9,488.3,2682.75,497.2,2680,507.2,2673.9,516.1,2665,523.85,2651.1,529.4,2639.45,533.85,2628.35,533.85,2616.1,532.2,2606.65,528.3,2599.45,523.85,2591.65,515.55,2584.45,503.85,2581.1,491.65,2581.1,476.65,2582.2,463.85,2586.1,451.1,2589.45,442.2,2591.1,437.2
1-25,Uninfected,No_comment,Polygon,37,2945,323.9,2961.1,316.65,2972.75,316.65,2990,314.95,3002.2,318.9,3012.2,323.9,3021.65,329.95,3026.65,336.65,3032.2,346.65,3036.65,356.1,3038.35,363.3,3038.9,372.75,3040,382.2,3040,389.95,3038.35,399.95,3035.55,409.95,3033.35,418.3,3028.35,427.2,3022.2,433.3,3015.55,439.4,3005,444.95,2993.9,448.85,2982.75,449.4,2968.35,448.85,2955.55,444.4,2945.55,439.4,2936.65,431.1,2930,422.75,2921.65,412.2,2917.75,400.55,2916.65,388.85,2919.45,377.75,2921.1,364.4,2927.2,351.65,2931.1,343.9,2934.45,334.95,2938.35,329.95
1-26,Uninfected,No_comment,Polygon,32,2797.75,434.4,2812.75,424.4,2827.75,422.2,2838.9,422.2,2852.2,423.85,2861.65,426.1,2870.55,430.55,2879.45,437.2,2885.55,446.1,2890,453.85,2892.75,463.3,2895.55,472.75,2897.2,483.3,2897.75,493.85,2895.55,501.1,2892.75,508.85,2886.65,516.65,2882.2,523.3,2875.55,527.75,2865.55,532.75,2854.45,534.95,2843.35,536.65,2828.9,536.65,2815,532.75,2804.45,526.1,2793.35,514.95,2788.35,499.95,2785.55,486.1,2783.9,473.3,2785,461.65,2787.75,449.4,2792.2,441.1
1-27,Uninfected,No_comment,Polygon,39,3119.45,391.65,3137.75,387.75,3154.45,388.3,3165.55,391.1,3177.75,394.95,3188.35,402.2,3197.75,408.3,3202.2,416.1,3207.8,424.4,3211.65,433.3,3214.45,440.55,3216.65,449.95,3217.2,458.3,3216.65,466.1,3215,474.4,3211.65,484.4,3207.8,493.85,3203.35,500.55,3198.35,506.65,3191.1,512.2,3182.2,517.75,3178.65,518.9,3155.35,525,3141.65,524.95,3127.2,522.75,3115,518.3,3103.9,511.65,3094.45,503.3,3088.9,495.55,3083.35,487.2,3080.55,476.65,3077.75,466.65,3075.55,453.85,3080.55,442.75,3085.55,432.2,3089.45,420.55,3096.65,411.65,3105,403.85,3112.2,398.85
1-28,Uninfected,No_comment,Polygon,34,2452.9,389.75,2442.65,397.65,2435.15,404.7,2427.2,412.15,2422.55,421.95,2421.15,432.75,2418.8,443.5,2419.3,452.85,2420.2,460.3,2422.1,469.65,2423.5,479,2425.8,488.8,2429.1,495.35,2432.85,499.1,2439.35,507.5,2444.5,515,2450.6,519.65,2460.85,522.4,2472.1,520.1,2484.7,514.05,2497.3,503.3,2504.35,491.15,2511.8,476.2,2516,459.35,2516.95,446.75,2517.9,435.05,2518.8,423.4,2516.95,410.3,2509.95,400.95,2501.05,393.5,2492.65,389.25,2483.3,386.95,2474.9,385.55,2464.6,385.05
1-29,Uninfected,No_comment,Polygon,37,2520.2,403.75,2528.65,404.2,2534.25,406.55,2540.8,412.65,2547.3,420.1,2553.4,424.8,2557.15,433.2,2559.45,438.75,2559.45,445.35,2559.45,452.85,2559.45,459.85,2559.45,467.3,2559.95,474.8,2557.6,482.75,2554.8,489.3,2550.6,495.8,2547.3,503.75,2541.7,507.95,2531.9,513.6,2523,516.85,2513.2,518.25,2504.35,519.2,2496.4,519.2,2488.9,516.4,2476.25,509.35,2471.1,502.8,2465.05,494.9,2461.3,486.95,2460.35,476.65,2460.35,464.95,2464.55,454.2,2469.7,440.2,2476.7,431.8,2483.25,423.8,2492.15,415.45,2499.15,409.8,2506.15,407
1-30,Uninfected,No_comment,Polygon,36,2354.8,661.25,2369.75,653.3,2383.75,650.95,2396.85,649.55,2409,652.85,2419.3,656.6,2426.75,663.1,2435.15,672.45,2440.3,681.8,2445,691.65,2445.9,703.8,2444.5,714.05,2443.1,722.95,2439.85,731.8,2435.65,739.75,2430.05,750.05,2425.8,758,2422.1,764.05,2414.15,769.65,2404.3,774.8,2393.1,777.6,2383.75,778.55,2371.6,777.15,2360.85,773.85,2352,768.7,2347.3,763.15,2340.75,755.2,2337.5,747.7,2333.3,738.35,2332.35,727.15,2333.75,715,2335.15,704.25,2337.05,693.95,2340.3,684.6,2345.9,676.65,2350.1,668.75
1-31,Uninfected,No_comment,Polygon,35,2467.9,711.25,2480.05,703.3,2492.65,699.1,2502,699.1,2516,700.95,2527.25,703.3,2535.15,708,2544.05,714.05,2551.05,720.15,2556.2,728.55,2561.8,739.3,2565.55,747.7,2568.8,758,2569.75,766.4,2570.2,776.2,2568.35,784.6,2563.7,796.75,2558.05,805.65,2550.6,813.15,2543.6,817.35,2537.5,822,2527.25,826.2,2509.95,828.55,2499.2,826.2,2488.45,822.45,2476.3,816.85,2470.2,810.3,2461.35,800.5,2456.65,789.75,2452,776.2,2449.65,759.85,2450.1,751.45,2452.9,741.15,2456.2,731.8,2461.35,719.65
1-32,Uninfected,No_comment,Polygon,40,2715.55,699.55,2729.6,692.55,2744.55,691.15,2756.7,690.7,2764.15,692.55,2773.05,696.3,2781.45,699.55,2788.45,705.65,2796.4,710.8,2801.55,719.65,2805.75,729,2808.55,736,2809.95,746.75,2810.4,757.5,2810.4,768.7,2807.15,776.7,2803.4,787.45,2798.75,791.65,2792.65,798.15,2786.6,801.9,2774.45,808.45,2765.1,810.8,2754.35,812.65,2745,812.65,2735.65,811.75,2726.3,809.85,2718.35,805.2,2712.3,799.1,2703.85,793.05,2697.35,782.75,2693.6,772.45,2691.7,763.6,2690.8,754.25,2690.8,745.35,2692.2,736.9,2694.55,728.1,2697.35,720.15,2700.6,714.05,2705.3,708.9,2708.55,705.2
1-33,Uninfected,No_comment,Polygon,48,3053.9,833.7,3071.2,831.8,3084.25,831.8,3095.5,833.2,3107.65,835.55,3117.45,841.65,3124.45,847.25,3129.6,853.3,3134.3,861.25,3137.1,867.8,3139.9,875.3,3142.7,883.25,3142.7,888.85,3143.15,898.2,3142.7,905.2,3141.3,912.2,3139.4,919.7,3136.6,925.3,3133.35,933.25,3129.15,939.3,3123.05,945.4,3117.9,948.65,3111.85,952.8,3103.45,958,3094.1,962.65,3085.2,962.65,3072.6,961.75,3063.7,961.75,3054.35,960.8,3042.2,957.55,3037.05,953.3,3033.35,949.6,3026.35,943.05,3019.3,935.1,3017,927.6,3014.15,918.75,3012.75,908.45,3012.75,899.1,3012.75,888.85,3014.15,882.75,3016.05,877.15,3019.8,869.65,3022.6,863.6,3027.25,856.1,3031.45,851.9,3036.15,846.8,3041.75,842.55,3046.4,838.85
1-34,Uninfected,No_comment,Polygon,41,3245.5,552.85,3256.7,546.3,3268.4,542.1,3281,539.3,3293.15,538.8,3302.5,538.8,3311.85,539.75,3319.8,544.4,3327.3,549.1,3332.4,554.7,3337.55,562.65,3339.45,571.05,3340.85,579.95,3340.85,587.9,3340.35,594.4,3339.45,601.4,3336.15,609.85,3332.4,618.7,3328.2,625.25,3323.55,629.45,3318.4,636,3313.75,642.55,3304.85,649.55,3294.55,652.35,3281.5,653.75,3271.65,653.3,3264.65,652.35,3254.85,648.6,3245.5,642.55,3238.95,636,3235.2,629,3231.5,621.05,3229.6,612.65,3228.2,605.15,3228.2,598.65,3228.2,590.2,3230.55,582.25,3233.2,574.2,3236,568.55,3238.5,562.65,3240.8,558.45
1-35,Uninfected,No_comment,Polygon,42,3353,631.35,3361.85,621.05,3372.6,613.55,3386.15,608,3398.8,606.55,3411.4,606.55,3424,608.9,3434.75,611.7,3443.15,615.9,3450.2,621.55,3458.6,629.45,3462.35,636.95,3464.2,643,3466.55,652.35,3470.3,660.75,3469.8,667.3,3469.8,676.2,3468.9,684.15,3463.75,692.1,3459.55,698.15,3458.6,703.8,3455.3,709.85,3446,720.15,3438.95,725.75,3429.6,730.4,3422.15,733.7,3412.8,736.5,3398.8,736.5,3384.75,735.55,3374.5,733.2,3365.15,728.55,3353,722.45,3347.85,715.95,3343.65,708,3338.5,698.65,3334.75,687.4,3334.75,675.75,3336.15,666.85,3338.5,659.85,3340.35,651.9,3344.1,646.75,3347.35,640.7
1-36,Uninfected,No_comment,Polygon,33,3629.45,598.35,3643,591.55,3657.05,585.9,3673.9,584.3,3685.1,582.55,3700.8,583.65,3712.6,589.9,3719.9,596.1,3727.8,603.9,3731.15,611.25,3734.55,619.05,3735.7,629.25,3735.7,637.05,3736.2,644.4,3735.7,653.35,3732.3,660.65,3727.8,667.95,3723.3,674.7,3716,682.6,3710.35,687.65,3701.95,692.65,3688.45,696.05,3668.25,698.3,3651.95,697.2,3639,694.4,3625.55,687.65,3616.55,675.3,3610.35,662.4,3609.25,651.1,3609.85,639.9,3611.5,630.35,3614.85,623.05,3618.8,612.4
1-37,Uninfected,No_comment,Polygon,32,3612.6,806.7,3631.2,796.05,3648,796.05,3663.75,797.15,3678.4,801.15,3686.85,806.2,3696.9,814.1,3703.65,820.75,3709.8,832.05,3712.6,843.25,3714.35,851.65,3714.85,862.95,3714.35,875.9,3713.2,889.35,3709.8,901.15,3702.55,911.85,3691.85,922.5,3681.2,928.65,3668.8,933.7,3657.05,936.55,3644.65,937.05,3630.6,934.3,3614.35,928.65,3601.45,920.75,3593,909.55,3583.95,893.25,3582.25,880.95,3581.7,866.85,3586.25,855.05,3590.75,842.1,3596.3,828.7,3601.95,819.15
1-38,Uninfected,No_comment,Polygon,31,3435.35,917.95,3453.9,912.9,3469.65,914.55,3481.45,918.5,3493.25,923.55,3501.1,928,3508.95,934.25,3515.15,943.2,3520.2,954.45,3522.45,967.4,3523.55,978,3523,993.2,3521.3,1001.1,3517.95,1011.75,3512.35,1020.75,3502.2,1026.95,3490.4,1033.65,3482.55,1035.35,3469.1,1035.35,3456.15,1033.1,3443.8,1029.75,3433.7,1024.1,3426.95,1016.8,3417.95,1003.9,3410.65,992.1,3402.2,978,3401.65,965.7,3402.8,953.35,3407.3,943.8,3413.45,935.9,3422.45,929.15
1-39,Uninfected,No_comment,Polygon,34,3752.8,946.05,3775.25,940.4,3794.35,940.4,3810.65,940.95,3822.45,945.45,3836.5,951.65,3846.6,957.85,3852.2,965.7,3857.85,974.1,3861.75,983.65,3865.7,993.8,3865.7,1004.45,3864,1014.55,3860.1,1024.7,3855.05,1033.1,3850.55,1041.55,3842.65,1048.3,3833.7,1053.35,3818.5,1057.85,3803.9,1059.5,3789.85,1059.5,3778.05,1058.4,3765.7,1055,3752.8,1050.5,3745.5,1044.9,3738.75,1037.05,3732.55,1027.5,3727.5,1015.7,3725.8,1003.35,3725.8,993.2,3727.5,980.3,3733.1,968.5,3739.3,958.4,3742.65,954.45
1-40,Uninfected,No_comment,Polygon,38,3516.85,1076.35,3532,1066.8,3545.5,1064.55,3556.7,1064.55,3567.95,1064.55,3578.65,1066.8,3588.2,1071.3,3597.75,1076.35,3604.45,1081.4,3608.95,1092.1,3612.9,1101.1,3614,1108.95,3614.6,1118.45,3614.6,1127.5,3614.6,1137.55,3612.9,1146.05,3608.4,1154.45,3603.9,1161.2,3599.4,1167.95,3593.8,1173.55,3585.35,1178,3574.7,1180.85,3564,1183.1,3552.2,1185.35,3538.75,1186.5,3528.05,1184.25,3519.65,1181.4,3511.75,1176.35,3505.05,1170.75,3501.65,1165.7,3496.05,1155.6,3493.8,1143.8,3491.55,1129.75,3491.55,1119.05,3495.5,1107.85,3498.85,1098.85,3506.15,1090.95,3512.35,1082
1-41,Uninfected,No_comment,Polygon,30,3560.1,1198.85,3573,1195.45,3586.5,1194.9,3600,1197.7,3609.55,1200.5,3617.95,1205.6,3625.8,1213.45,3629.75,1222.45,3634.25,1231.45,3636.5,1243.8,3635.95,1253.35,3633.1,1264.55,3630.3,1271.85,3626.4,1280.3,3620.75,1286.5,3611.75,1292.65,3602.8,1296.05,3585.35,1299.95,3565.7,1301.65,3551.1,1298.85,3538.2,1291.55,3527.5,1279.75,3523.55,1269.6,3523,1257.85,3523,1249.4,3526.4,1238.75,3530.3,1231.45,3535.95,1223.55,3541.55,1216.25,3551.65,1206.15
1-42,Uninfected,No_comment,Polygon,29,3362.35,1273,3370.75,1280.85,3376.4,1283.65,3401.65,1292.65,3410.65,1294.9,3420.75,1293.8,3431.45,1292.1,3443.8,1285.9,3451.65,1279.2,3460.1,1271.85,3466.25,1262.9,3472.45,1246.6,3471.3,1234.25,3467.95,1222.45,3465.15,1214,3460.65,1206.15,3453.35,1198.85,3445.5,1194.35,3435.35,1189.3,3423.55,1184.8,3412.9,1184.25,3399.95,1186.5,3387.05,1192.65,3372.45,1201.65,3364,1214.55,3360.1,1226.95,3357.3,1238.75,3356.15,1251.65,3357.85,1262.9
1-43,Uninfected,No_comment,Polygon,34,3233.1,1177.5,3250,1173,3265.7,1170.75,3277.5,1171.85,3293.25,1174.1,3306.15,1179.75,3317.95,1187.55,3326.95,1197.7,3333.1,1209.5,3335.95,1222.45,3337.05,1235.9,3337.05,1248.25,3337.05,1258.9,3333.1,1269.05,3329.2,1278,3323,1287.55,3312.9,1296.6,3302.2,1303.9,3285.35,1307.25,3267.4,1309.5,3251.1,1305.6,3235.95,1299.4,3225.8,1292.1,3218.5,1285.35,3212.9,1275.25,3205.6,1263.45,3202.8,1248.85,3200.55,1238.15,3203.35,1228,3206.7,1215.7,3211.2,1205.6,3216.25,1198.85,3220.75,1190.95,3224.7,1185.9
1-44,Uninfected,No_comment,Polygon,31,3086.5,1069.05,3102.8,1065.7,3115.7,1065.7,3126.4,1067.4,3141.55,1073,3150.55,1079.15,3161.75,1089.85,3169.1,1098.85,3174.7,1112.3,3177.5,1126.95,3175.8,1138.15,3173,1148.85,3168.5,1159.5,3160.1,1167.4,3148.85,1175.25,3134.8,1183.1,3123,1186.5,3108.95,1187.05,3097.75,1185.9,3084.25,1180.3,3074.7,1175.25,3067.95,1167.4,3060.1,1157.25,3055.6,1146.05,3052.2,1133.65,3051.1,1122.45,3053.9,1111.2,3058.95,1100.5,3065.7,1092.65,3071.3,1084.8,3079.2,1075.75
1-45,Uninfected,No_comment,Polygon,33,2928.05,1204.45,2941.55,1196.05,2953.35,1196.05,2964.6,1196.05,2975.8,1198.85,2984.8,1201.65,2996.05,1207.25,3002.8,1216.2,3007.85,1224.1,3014,1234.8,3014.6,1247.1,3014.6,1257.25,3011.75,1266.8,3007.85,1276.95,3001.65,1284.25,2994.35,1290.95,2984.25,1297.7,2975.8,1303.35,2965.7,1305.6,2953.9,1306.65,2943.8,1306.65,2933.7,1303.9,2921.9,1299.95,2917.4,1295.45,2911.2,1288.15,2906.15,1280.85,2903.35,1271.3,2902.8,1260.65,2903.9,1248.25,2905.6,1236.5,2908.4,1227.5,2915.15,1219.05,2920.2,1213.45
1-46,Uninfected,No_comment,Polygon,34,2776.4,1025.25,2789.3,1021.3,2804.45,1021.3,2816.85,1020.75,2829.2,1023,2836.5,1026.95,2850,1035.3,2859.55,1044.35,2866.25,1053.9,2871.3,1065.15,2870.75,1076.35,2870.75,1087.05,2869.65,1096.6,2866.85,1103.9,2862.35,1113.45,2858.95,1121.3,2850.55,1128.6,2838.75,1136.5,2828.65,1140.4,2820.2,1144.9,2806.7,1144.9,2793.8,1144.35,2782.55,1140.4,2773,1135.9,2765.7,1130.3,2757.3,1121.85,2748.3,1110.05,2743.25,1097.1,2743.8,1084.25,2745.5,1069.6,2752.2,1061.2,2756.7,1050.5,2764,1038.15,2769.1,1033.1
1-47,Uninfected,No_comment,Polygon,44,2798.85,1174.7,2812.35,1169.05,2821.3,1167.95,2829.75,1167.4,2840.4,1168.45,2849.4,1171.3,2856.7,1174.7,2865.15,1180.85,2871.3,1186.5,2877.5,1194.35,2882.55,1203.35,2885.95,1212.3,2887.05,1221.3,2888.2,1230.3,2888.75,1238.15,2887.6,1246.05,2888.2,1254.45,2887.6,1262.9,2883.7,1267.95,2878.65,1275.25,2871.9,1282,2864.6,1288.7,2856.7,1294.9,2850,1298.85,2841.55,1299.95,2832,1301.1,2823.55,1300.5,2813.45,1298.25,2803.9,1294.9,2796.05,1290.4,2788.2,1284.8,2782.55,1279.75,2778.05,1273,2773.55,1265.15,2767.95,1252.75,2766.25,1242.1,2766.25,1233.65,2767.95,1222.45,2771.3,1211.75,2773.55,1204.45,2778.05,1197.1,2783.7,1189.85,2788.75,1184.8,2792.1,1178.6
1-48,Uninfected,No_comment,Polygon,35,2863.45,1336,2878.05,1329.75,2893.25,1329.75,2907.85,1329.75,2915.7,1333.75,2924.7,1338.75,2934.25,1347.2,2941.55,1355.6,2947.15,1362.9,2948.85,1371.35,2950,1379.75,2950.55,1389.9,2950.55,1397.8,2948.3,1406.75,2946.05,1416.3,2941,1424.7,2933.15,1434.25,2925.8,1439.3,2916.85,1443.8,2906.15,1448.3,2891.55,1449.45,2878.05,1450,2865.15,1446.05,2856.15,1442.15,2849.4,1436.5,2844.35,1428.1,2839.3,1418.05,2836.5,1404.5,2835.95,1394.95,2835.35,1384.25,2835.95,1371.95,2840.45,1363.5,2846.05,1354.5,2852.8,1349.45,2854.45,1344.45
1-49,Uninfected,No_comment,Polygon,40,3210.65,1355.1,3222.45,1350,3236.5,1348.3,3250,1348.3,3262.35,1350.55,3270.75,1352.25,3278.65,1355.6,3285.35,1359,3291,1364.05,3294.9,1369.1,3300.55,1375.35,3304.5,1383.15,3306.7,1391,3308.4,1400.55,3308.95,1409.55,3307.85,1418.55,3307.3,1428.1,3305.6,1436,3301.65,1444.95,3297.15,1452.25,3293.25,1458.5,3286.5,1464.05,3280.9,1469.1,3270.75,1471.35,3256.7,1474.7,3247.15,1477.6,3236.5,1480.35,3225.8,1480.9,3214.6,1476.95,3203.35,1471.9,3196.05,1464.05,3189.3,1452.85,3185.95,1440.45,3183.15,1428.1,3182.55,1414.65,3184.25,1402.25,3187.6,1392.7,3192.1,1383.15,3196.6,1373.05,3201.65,1365.15
1-50,Uninfected,No_comment,Polygon,34,3539.3,1423.6,3550.55,1420.8,3562.35,1421.95,3570.75,1423.6,3579.2,1426.95,3587.05,1431.45,3592.1,1437.65,3598.3,1444.95,3601.65,1454.5,3601.1,1463.5,3601.65,1471.9,3601.65,1480.35,3600,1487.65,3600,1493.3,3597.15,1499.45,3592.7,1506.25,3588.75,1510.65,3582.55,1516.3,3576.95,1519.65,3569.1,1521.9,3557.85,1521.9,3546.05,1521.9,3534.8,1517.4,3525.25,1511.25,3521.35,1503.95,3516.25,1497.2,3512.9,1484.9,3510.1,1473.6,3510.1,1463.5,3511.8,1452.25,3516.25,1444.95,3520.2,1438.25,3526.95,1432,3532,1428.1
1-51,Uninfected,No_comment,Polygon,38,3757.3,1488.25,3771.35,1483.15,3782.55,1482.6,3793.8,1482.6,3802.25,1483.15,3812.9,1487.65,3823,1491,3830.3,1495.55,3836.5,1498.95,3844.35,1503.95,3847.75,1510.65,3850.55,1517.4,3853.9,1530.9,3856.7,1539.3,3857.3,1550,3856.7,1556.75,3855.6,1564.05,3853.35,1570.8,3848.85,1579.75,3844.35,1584.9,3838.2,1591,3829.75,1594.95,3816.25,1601.1,3800,1603.35,3787.05,1602.85,3774.15,1599.45,3761.8,1596.05,3751.1,1589.3,3742.1,1581.45,3735.95,1570.8,3729.75,1558.5,3724.7,1547.2,3725.85,1536,3728.05,1524.7,3730.9,1516.3,3737.6,1507.35,3743.8,1500,3748.85,1494.4
1-52,Uninfected,No_comment,Polygon,32,3632.55,1529.2,3646.6,1527.6,3661.2,1528.7,3674.15,1531.45,3684.25,1536,3692.7,1541.55,3699.4,1548.3,3704.5,1555.6,3707.3,1564.65,3709.55,1573.05,3709.55,1582,3708.95,1593.3,3706.7,1600.55,3703.9,1608.5,3698.3,1616.9,3692.7,1622.45,3685.95,1626.95,3674.15,1632,3661.8,1634.85,3650.55,1636,3638.75,1634.85,3628.05,1632.6,3617.95,1628.1,3610.1,1622.45,3605.05,1615.8,3596.6,1604.5,3591,1587.65,3593.8,1572.45,3596.6,1560.1,3603.35,1550.55,3610.65,1543.3,3617.95,1537.15
1-53,Uninfected,No_comment,Polygon,35,3273,1487.65,3287.6,1480.9,3299.4,1480.9,3312.9,1481.45,3326.4,1485.4,3337.6,1491,3347.15,1496.7,3355.05,1504.5,3360.65,1513.5,3364.6,1523.05,3366.85,1531.45,3367.95,1542.15,3367.95,1552.25,3366.25,1562.9,3364.6,1571.35,3359.55,1580.35,3354.5,1587.65,3346.05,1594.4,3338.2,1601.1,3328.05,1605.6,3318.5,1607.85,3306.15,1609.55,3294.35,1610.1,3280.3,1606.25,3267.4,1600,3260.1,1594.4,3248.85,1586.5,3243.8,1578.1,3239.3,1563.5,3236.5,1550.55,3236.5,1539.9,3240.45,1524.7,3248.85,1514.05,3256.15,1505.6,3263.45,1495.55
1-54,Uninfected,No_comment,Polygon,36,3070.2,1565.15,3076.95,1557.85,3088.75,1552.25,3106.15,1548.95,3115.7,1548.3,3126.95,1550,3141,1554.5,3152.25,1558.5,3164.6,1561.8,3173.6,1567.4,3179.75,1572.45,3180.9,1584.25,3183.7,1593.3,3187.05,1601.1,3185.95,1610.65,3183.15,1621.35,3179.2,1630.9,3176.4,1638.75,3170.75,1646.05,3161.8,1648.95,3146.6,1649.45,3135.35,1651.7,3124.15,1653.95,3117.4,1653.95,3106.7,1648.95,3098.3,1644.4,3085.35,1636,3071.9,1626.45,3066.25,1618.55,3062.35,1607.35,3062.35,1596.05,3061.2,1587.15,3057.85,1579.2,3058.95,1573.6,3062.9,1569.65,3066.85,1567.4
1-55,Uninfected,No_comment,Polygon,36,3288.2,1633.75,3305.6,1633.75,3317.95,1634.25,3329.2,1638.25,3338.75,1644.4,3344.35,1651.7,3350,1660.1,3354.5,1670.2,3358.95,1680.9,3361.8,1692.15,3362.35,1700.55,3362.9,1708.5,3360.65,1715.15,3356.7,1723.05,3352.25,1730.9,3347.15,1738.75,3339.85,1744.95,3330.3,1751.1,3324.15,1755.6,3313.45,1757.35,3303.9,1757.35,3293.25,1755.1,3282,1750.55,3274.7,1746.7,3268.5,1738.75,3263.45,1729.75,3257.85,1718.05,3252.25,1706.75,3247.75,1699.45,3245.5,1688.75,3245.5,1676.45,3247.75,1665.15,3252.25,1656.75,3257.85,1649.45,3267.95,1642.15,3278.05,1637.15
1-56,Uninfected,No_comment,Polygon,33,2980.3,1644.95,2997.15,1639.3,3012.35,1638.25,3026.4,1641,3038.75,1645.55,3046.05,1650.55,3053.9,1656.75,3058.95,1665.15,3063.45,1673.6,3064.05,1684.85,3065.15,1696.05,3065.7,1703.95,3064.05,1711.8,3062.35,1720.2,3058.4,1726.95,3053.35,1734.85,3048.3,1740.45,3041,1747.8,3031.45,1752.25,3018.5,1756.75,3007.3,1757.35,2994.9,1757.35,2982,1754.5,2972.45,1750,2960.1,1741.55,2955.6,1732,2950.55,1720.2,2947.15,1707.35,2948.3,1692.15,2954.45,1678.7,2961.8,1665.15,2968.5,1655.6,2974.15,1649.45
1-57,Uninfected,No_comment,Polygon,45,3421.9,1610.65,3431.45,1607.35,3443.25,1607.35,3460.65,1606.75,3473.6,1610.1,3484.8,1613.5,3496.05,1616.3,3504.5,1623.6,3512.9,1631.45,3520.2,1638.25,3521.35,1645.55,3521.9,1655.1,3521.35,1662.9,3524.15,1671.9,3524.15,1678.7,3521.9,1684.25,3516.25,1688.75,3511.2,1693.3,3506.15,1699.45,3501.1,1706.25,3496.05,1711.25,3489.3,1715.15,3479.75,1715.8,3468.5,1719.65,3460.65,1723.05,3448.3,1723.05,3435.95,1720.2,3426.95,1716.9,3417.4,1712.9,3408.4,1706.75,3400.55,1699.45,3394.95,1695.55,3389.3,1691.55,3387.6,1684.85,3389.3,1676.95,3388.75,1670.8,3387.05,1661.8,3388.2,1653.95,3392.1,1644.95,3396.6,1637.65,3401.1,1629.2,3405.05,1624.7,3412.35,1621.9,3417.95,1618.55,3419.65,1615.15
1-58,Uninfected,No_comment,Polygon,40,3624.7,1698.3,3635.4,1692.15,3647.75,1689.3,3660.65,1689.9,3669.65,1692.15,3679.75,1695.55,3690.45,1701.7,3701.65,1707.85,3710.1,1716.9,3715.15,1725.35,3720.75,1733.15,3722.45,1741.55,3723,1751.1,3721.9,1759,3721.9,1768.05,3720.2,1777.6,3719.65,1784.25,3717.95,1791.55,3714.05,1798.3,3708.95,1807.35,3702.25,1812.9,3693.8,1818.05,3684.25,1821.35,3672.45,1823.05,3661.8,1823.05,3652.25,1822.45,3639.85,1820.2,3626.95,1815.15,3615.15,1810.1,3607.85,1801.1,3601.1,1790.45,3598.85,1778.7,3596.6,1769.15,3597.75,1761.25,3597.75,1751.7,3600.55,1742.7,3601.1,1732,3604.5,1719.65,3608.95,1710.65,3615.15,1705.1
1-59,Uninfected,No_comment,Polygon,31,3762.9,1735.4,3776.4,1728.7,3789.3,1728.1,3806.15,1727.6,3820.75,1730.9,3834.8,1735.4,3848.3,1741.55,3855.6,1748.3,3861.2,1757.35,3864.05,1769.15,3865.7,1781.45,3865.7,1792.15,3864.05,1801.7,3864.6,1810.65,3857.85,1819.15,3848.3,1826.45,3839.85,1833.75,3829.2,1841,3814.6,1845.55,3800,1846.05,3785.95,1844.4,3769.1,1840.45,3758.95,1832.6,3750,1821.35,3741.55,1810.1,3738.2,1798.3,3737.6,1784.25,3739.85,1770.8,3743.8,1760.65,3747.75,1751.1,3753.9,1743.3
1-60,Uninfected,No_comment,Polygon,29,3653.35,1895.55,3666.85,1893.3,3679.2,1893.3,3691.55,1896.05,3706.15,1901.1,3724.7,1909.6,3729.2,1916.9,3734.25,1925.85,3737.05,1936,3739.3,1946.05,3739.85,1957.35,3738.75,1968.55,3735.4,1980.9,3729.2,1991.55,3714.05,2002.25,3700,2009,3682.55,2012.35,3671.35,2011.25,3659.55,2009,3645.5,2006.25,3634.25,1998.3,3624.15,1984.25,3618.5,1970.2,3616.85,1955.6,3614.6,1939.9,3620.75,1926.45,3628.65,1916.3,3635.95,1909,3644.35,1902.25
1-61,Uninfected,No_comment,Polygon,32,3498.85,1842.15,3509.55,1836,3525.8,1834.25,3542.1,1834.25,3555.05,1837.65,3569.65,1842.15,3583.15,1849.45,3593.25,1859,3599.4,1866.9,3605.6,1878.7,3608.4,1894.4,3608.4,1911.8,3603.9,1923.6,3600,1936.5,3594.95,1946.05,3586.5,1952.8,3575.8,1960.1,3564.05,1963.5,3551.1,1964.05,3539.3,1963.5,3522.45,1959,3509.55,1950,3497.75,1941,3492.1,1933.75,3487.05,1925.85,3482.55,1916.3,3479.2,1903.35,3478.05,1889.4,3478.65,1877.6,3482.55,1866.3,3487.05,1856.25,3491,1851.7
1-62,Uninfected,No_comment,Polygon,65,3300.55,1846.05,3304.5,1840.45,3307.85,1836,3312.35,1834.25,3320.2,1834.85,3326.95,1834.85,3335.95,1829.75,3343.25,1829.75,3348.3,1832.6,3353.9,1835.4,3361.2,1836.5,3370.2,1838.25,3374.15,1842.15,3376.95,1847.2,3380.9,1851.7,3384.8,1853.35,3388.75,1856.75,3388.75,1861.8,3389.3,1868.55,3394.35,1874.7,3398.85,1878.1,3402.8,1882,3403.9,1887.65,3401.65,1892.7,3398.85,1897.8,3396.05,1902.25,3396.05,1907.85,3396.05,1914.05,3396.05,1920.8,3396.05,1923.6,3392.7,1925.85,3388.2,1927.6,3383.7,1928.7,3380.9,1929.85,3378.65,1932.6,3377.5,1936,3376.4,1940.45,3375.8,1943.8,3371.9,1947.8,3367.95,1948.3,3361.2,1947.8,3355.6,1945.55,3350,1941.55,3343.25,1940.45,3337.05,1941,3330.3,1942.7,3323.6,1942.15,3319.65,1939.4,3317.4,1933.75,3314.6,1929.85,3307.85,1925.85,3298.3,1923.05,3297.15,1918.05,3296.05,1914.05,3294.9,1911.25,3289.85,1906.75,3289.3,1901.1,3289.3,1888.75,3289.85,1880.35,3287.6,1875.85,3283.15,1870.8,3281.45,1864.65,3289.3,1860.1,3294.35,1856.25,3297.75,1851.1
1-63,Uninfected,No_comment,Polygon,35,3040.45,1875.85,3050.55,1871.35,3064.6,1869.15,3078.05,1868.55,3093.8,1869.15,3105.05,1870.8,3116.85,1874.2,3126.95,1879.2,3134.25,1886.5,3142.1,1894.95,3143.8,1903.95,3146.05,1916.9,3144.9,1928.1,3143.25,1940.45,3140.45,1950.55,3133.7,1962.35,3128.65,1968.55,3121.35,1974.7,3112.35,1981.45,3103.9,1987.65,3094.9,1993.8,3086.5,1996.05,3074.15,1997.2,3060.1,1995.55,3046.05,1992.15,3035.95,1987.15,3023.6,1973.6,3017.95,1960.65,3014.05,1948.95,3012.35,1938.25,3012.35,1927.6,3014.05,1918.05,3018.5,1907.85,3025.8,1894.95,3032.55,1886
1-64,Uninfected,No_comment,Polygon,34,2866.25,1768.05,2879.2,1762.9,2894.35,1760.1,2911.2,1761.8,2923.6,1764.05,2935.35,1767.4,2943.25,1773.6,2948.85,1779.2,2956.7,1786.5,2965.15,1796.7,2969.1,1809,2970.75,1819.15,2970.75,1828.7,2968.5,1840.45,2964.6,1849.45,2959.55,1858.5,2951.65,1866.3,2943.8,1872.45,2935.95,1876.45,2925.25,1879.75,2913.45,1880.9,2898.85,1880.35,2883.15,1875.85,2867.95,1869.15,2857.85,1861.8,2848.3,1852.85,2843.25,1841,2838.75,1824.2,2835.95,1812.9,2835.95,1801.7,2839.85,1791,2848.85,1782.6,2855.05,1774.7,2859.55,1770.8
1-65,Uninfected,No_comment,Polygon,31,2742.1,1789.9,2761.8,1786.5,2780.9,1790.45,2793.8,1796.7,2802.8,1803.35,2808.4,1811.8,2812.9,1821.35,2819.65,1835.4,2820.75,1847.2,2820.2,1859.6,2819.1,1868.55,2815.15,1877.6,2808.4,1886.5,2801.1,1893.3,2792.7,1898.95,2779.75,1903.95,2762.9,1907.35,2749.4,1905.6,2734.8,1901.1,2724.7,1896.7,2717.95,1889.4,2708.95,1880.35,2703.9,1868.05,2701.1,1856.25,2701.1,1842.15,2701.65,1831.45,2705.05,1820.2,2712.35,1810.65,2717.95,1804.5,2725.25,1798.95,2735.35,1791.55
1-66,Uninfected,No_comment,Polygon,26,3136.6,1986.55,3154.85,1981,3171.5,1984.95,3182.6,1991.3,3195.3,2001.6,3203.25,2008.75,3209.6,2020.65,3213.55,2030.2,3213.55,2045.25,3212.8,2057.95,3206.45,2069.1,3196.9,2081.8,3181.85,2088.15,3165.1,2090.5,3152.4,2091.3,3138.15,2088.95,3127,2083.35,3117.55,2074.65,3104.85,2061.15,3099.3,2047.65,3099.3,2034.95,3100.85,2020.65,3106.45,2011.15,3112,2003.2,3119.9,1998.45,3126.25,1993.7
1-67,Uninfected,No_comment,Polygon,30,3308,1972.25,3319.95,1966.7,3331.85,1964.3,3345.35,1964.3,3356.45,1967.5,3366.75,1970.65,3377.85,1976.2,3386.6,1982.55,3392.95,1991.3,3399.3,2004,3404.05,2018.3,3404.85,2032.55,3400.1,2044.5,3394.55,2057.2,3388.2,2067.5,3378.6,2074.65,3366.75,2081,3355.65,2087.35,3339.75,2088.15,3319.95,2084.95,3308,2078.6,3296.85,2068.3,3288.2,2058.75,3282.6,2047.65,3281.05,2034.95,3281.05,2022.25,3284.15,2007.2,3288.95,1994.5,3292.95,1984.15,3298.5,1979.4
1-68,Uninfected,No_comment,Polygon,27,3402.45,2110.35,3418.35,2107.95,3435.8,2107.2,3449.3,2109.55,3463.6,2114.3,3476.3,2119.9,3486.6,2125.45,3493.75,2134.95,3499.3,2145.3,3500.9,2156.4,3500.9,2166.7,3498.5,2177,3494.55,2187.35,3484.2,2196.05,3473.1,2203.2,3458.8,2206.4,3440.55,2208.75,3423.9,2208,3408.8,2202.4,3392.15,2193.7,3378.6,2182.6,3373.1,2169.9,3372.25,2158,3373.9,2146.05,3381.05,2134.15,3387.4,2121.45,3392.15,2117.5
1-69,Uninfected,No_comment,Polygon,28,3643.75,2154,3660.4,2152.4,3674.7,2156.4,3689.8,2160.35,3700.1,2165.1,3711.15,2175.45,3716.75,2187.35,3719.95,2201.65,3719.95,2217.5,3717.5,2229.4,3712,2240.5,3703.3,2250.85,3696.15,2256.4,3685.8,2262.75,3676.3,2265.1,3664.4,2265.9,3647.7,2263.55,3635,2258.75,3626.3,2253.2,3618.35,2244.5,3613.6,2233.4,3608.05,2218.3,3609.6,2203.2,3612,2191.3,3617.55,2179.4,3622.3,2171.45,3630.25,2163.55,3634.25,2161.15
1-70,Uninfected,No_comment,Polygon,28,3729.45,2245.3,3748.5,2236.55,3769.15,2234.15,3789,2235.75,3799.25,2240.5,3811.95,2247.65,3823.1,2256.4,3828.7,2265.9,3832.65,2277.8,3835.05,2287.35,3835.05,2300.85,3831.85,2313.55,3823.9,2325.45,3817.55,2333.4,3810.4,2344.5,3801.7,2352.45,3788.2,2355.6,3771.55,2356.4,3754.05,2356.4,3738.2,2350.85,3720.75,2341.3,3716,2332.6,3708.85,2314.35,3707.25,2297.65,3707.25,2283.4,3712,2271.45,3716.75,2260.35,3719.15,2253.2
1-71,Uninfected,No_comment,Polygon,25,3304.85,2318.3,3315.9,2312.75,3330.25,2311.15,3345.35,2311.95,3358.8,2317.5,3369.95,2327.05,3378.6,2338.15,3381.05,2349.25,3381.05,2364.35,3377.85,2377.05,3373.9,2389.75,3365.15,2400.05,3354.85,2407.2,3342.95,2411.95,3328.65,2414.35,3311.2,2413.55,3299.3,2407.2,3292.95,2400.85,3285.8,2393.7,3281.85,2381.8,3281.05,2368.3,3280.25,2355.6,3287.4,2342.9,3294.55,2331,3297.7,2323.85
1-72,Uninfected,No_comment,Polygon,28,2938.9,2125.45,2953.25,2121.45,2965.15,2122.25,2977.85,2127,2990.55,2133.35,2998.5,2138.95,3007.95,2150.05,3013.55,2161.15,3016.75,2172.25,3018.35,2188.15,3017.55,2198.45,3013.55,2211.15,3007.95,2219.1,3000.85,2226.25,2992.95,2234.15,2981.8,2237.35,2970.7,2238.95,2958,2238.95,2942.15,2234.15,2930.25,2227.05,2920.7,2218.3,2914.35,2207.2,2911.95,2196.85,2908,2181,2909.6,2165.1,2915.95,2154,2923.1,2142.9,2929.45,2135.75
1-73,Uninfected,No_comment,Polygon,31,3022.3,2253.2,3038.9,2248.45,3050.85,2248.45,3061.2,2250.85,3070.65,2254,3078.65,2258,3087.4,2261.95,3093.75,2268.3,3098.5,2277.8,3102.45,2288.95,3102.45,2300.05,3104.85,2310.35,3105.65,2323.85,3104.05,2334.95,3100.85,2345.3,3096.1,2354,3092.15,2361.15,3082.6,2366.7,3069.9,2369.9,3055.65,2370.7,3043.75,2367.5,3031.8,2361.95,3021.5,2355.6,3012.75,2347.65,3005.65,2336.55,3000.85,2324.65,2999.3,2311.15,2998.5,2296.1,3001.6,2280.2,3007.95,2267.5,3014.3,2258.75
1-74,Uninfected,No_comment,Polygon,28,3209.6,2518.3,3228.65,2515.15,3246.1,2515.15,3262,2520.7,3273.9,2529.4,3283.4,2538.95,3291.35,2552.45,3296.85,2569.9,3296.1,2584.2,3295.3,2596.1,3292.15,2608.8,3287.4,2618.3,3281.85,2627.85,3273.9,2635,3262.8,2640.55,3248.5,2646.1,3232.6,2649.25,3216.75,2646.1,3203.25,2640.55,3193.75,2632.6,3185,2622.3,3180.25,2608.8,3177,2591.35,3177.85,2568.3,3180.25,2556.4,3186.6,2544.5,3193.75,2533.4,3200.1,2524.65
1-75,Uninfected,No_comment,Polygon,27,2972.3,2792.15,2984.2,2785,2998.5,2782.6,3014.3,2785,3025.45,2790.55,3033.4,2796.1,3040.55,2803.25,3046.9,2812.75,3050.1,2822.3,3053.25,2836.6,3054.05,2849.25,3054.05,2861.95,3050.85,2870.7,3045.25,2880.25,3037.4,2888.95,3028.65,2895.3,3015.15,2900.85,3003.25,2901.65,2985.8,2899.3,2975.45,2895.3,2965.95,2888.15,2957.15,2879.45,2952.45,2866.75,2947.7,2850.05,2950.05,2833.4,2955.65,2817.55,2964.35,2805.6
1-76,Uninfected,No_comment,Polygon,33,2898.5,2676.25,2914.35,2671.5,2925.45,2669.9,2938.9,2670.7,2948.5,2673.85,2959.6,2678.65,2965.95,2686.55,2972.3,2696.1,2981,2704.8,2986.6,2715.15,2988.15,2727.85,2989.75,2739.75,2988.9,2751.65,2988.15,2761.2,2980.25,2769.9,2968.35,2777.05,2956.4,2783.4,2949.3,2788.95,2942.95,2796.1,2935.8,2800.05,2924.65,2803.25,2909.6,2801.65,2901.65,2793.7,2893.7,2783.4,2884.2,2771.5,2877.05,2761.2,2868.3,2750.85,2862.75,2738.95,2862.75,2723.1,2864.35,2711.95,2865.15,2700.05,2873.9,2691.35,2885.8,2684.2
1-77,Uninfected,No_comment,Polygon,27,2752.45,2029.4,2773.1,2023.05,2789.75,2021.45,2810.4,2023.05,2827.05,2031,2840.55,2042.1,2850.8,2054.8,2858,2069.9,2859.6,2085.75,2859.6,2100.05,2856.4,2111.15,2849.25,2122.25,2843.7,2132.6,2833.4,2139.7,2815.95,2146.05,2801.65,2150.05,2784.2,2150.85,2769.05,2146.85,2757.2,2140.5,2746.1,2131.8,2738.95,2119.9,2731.8,2106.4,2728.65,2092.9,2728.65,2079.4,2730.95,2065.1,2736.55,2051.6,2745.3,2040.5
1-78,Uninfected,No_comment,Polygon,28,2772.3,2805.6,2788.1,2799.25,2803.25,2800.05,2823.1,2805.6,2835.8,2814.35,2842.9,2824.65,2850.8,2834.2,2857.15,2847.7,2858.8,2862.75,2857.15,2873.9,2854.85,2886.6,2849.25,2898.5,2842.15,2906.4,2835,2915.15,2823.1,2922.3,2809.6,2927.05,2795.3,2926.25,2777.05,2923.1,2765.15,2917.55,2752.45,2909.6,2746.1,2897.7,2739.75,2882.6,2739.75,2869.9,2741.35,2857.2,2744.5,2841.35,2750,2832.6,2757.2,2822.3,2764.35,2814.35
1-79,Uninfected,No_comment,Polygon,29,2725.45,2246.85,2738.15,2244.5,2753.25,2238.95,2766.75,2234.95,2776.25,2234.15,2785,2234.15,2797.7,2238.95,2810.4,2242.9,2819.9,2247.65,2826.25,2257.2,2832.6,2267.5,2836.55,2277.8,2840.55,2288.95,2839.75,2297.65,2835.8,2308.8,2830.2,2315.9,2822.3,2323.85,2808,2330.2,2793.7,2331,2778.65,2328.6,2764.35,2323.85,2747.7,2315.9,2740.55,2311.15,2730.95,2304.8,2722.3,2298.45,2717.5,2291.3,2715.15,2281.8,2715.15,2273.05,2716.75,2261.15
1-80,Uninfected,No_comment,Polygon,33,2592.85,2515.95,2601.65,2512.75,2613.55,2512.75,2623.05,2515.95,2634.2,2522.3,2641.35,2528.65,2649.25,2538.95,2655.55,2550.85,2657.2,2561.95,2658,2573.05,2658.8,2585,2657.2,2596.9,2654.8,2608.8,2651.65,2619.1,2647.7,2627.05,2639.75,2635.75,2631.8,2642.1,2624.6,2646.9,2612.75,2647.7,2601.65,2647.7,2589.75,2644.5,2583.4,2640.55,2575.45,2632.6,2565.95,2620.7,2559.6,2607.2,2557.2,2592.1,2556.4,2575.45,2558.8,2564.35,2560.35,2553.25,2565.15,2545.3,2570.7,2535,2577.85,2527.05,2585,2520.7
1-81,Uninfected,No_comment,Polygon,30,2509.6,2321.45,2529.4,2319.9,2539.75,2319.9,2551.65,2323.85,2561.9,2327.8,2575.45,2334.15,2582.6,2342.1,2588.15,2350.05,2591.35,2358.8,2593.7,2365.9,2596.1,2376.25,2596.9,2386.55,2595.3,2397.65,2592.85,2408,2586.5,2414.35,2580.15,2418.3,2570.7,2423.85,2561.9,2426.25,2550.05,2427.85,2537.35,2427.85,2523.8,2423.05,2510.35,2416.7,2499.25,2408,2484.2,2393.7,2477.05,2377.85,2476.25,2361.15,2478.6,2347.65,2484.2,2337.35,2492.85,2331.8,2500.85,2328.6
1-82,Uninfected,No_comment,Polygon,28,2354,2413.55,2365.9,2404,2379.35,2403.2,2396.85,2404.8,2407.2,2409.55,2415.9,2419.1,2425.45,2427.85,2431,2441.3,2434.2,2455.6,2434.2,2466.7,2430.2,2478.6,2423.85,2488.15,2415.15,2496.1,2404,2504,2390.5,2511.15,2374.65,2515.15,2359.55,2515.15,2346.1,2511.15,2332.6,2504.8,2319.9,2493.7,2315.1,2481,2312.75,2467.5,2313.55,2454,2317.5,2443.7,2323,2434.2,2332.6,2424.65,2339.75,2419.9,2347.65,2418.3
1-83,Uninfected,No_comment,Polygon,27,2287.95,2747.6,2304.2,2744.6,2322.9,2748.8,2333.15,2753,2344,2759.65,2350,2771.7,2354.2,2784.95,2354.85,2800,2353,2813.3,2350.6,2822.3,2348.2,2832.55,2342.8,2842.75,2335.55,2853,2324.7,2862.05,2313.85,2866.85,2300,2868.65,2286.75,2867.45,2275.9,2863.9,2263.85,2857.25,2254.85,2846.4,2247.6,2835.55,2244.6,2820.5,2244.6,2807.25,2247.6,2792.15,2254.85,2777.1,2263.25,2766.85,2275.3,2753.6
1-84,Uninfected,No_comment,Polygon,28,2101.8,2699.4,2117.5,2698.2,2133.75,2701.25,2148.8,2706,2159.65,2713.25,2165.65,2721.7,2171.1,2732.55,2173.5,2743.35,2174.1,2755.4,2174.7,2769.9,2171.7,2781.3,2168.7,2789.15,2162.05,2799.4,2152.4,2806.6,2141.55,2813.9,2129.5,2816.85,2115.05,2816.85,2099.4,2813.9,2083.75,2807.85,2072.9,2797.6,2064.45,2784.95,2060.25,2771.7,2057.85,2757.85,2061.45,2742.75,2067.5,2730.1,2075.3,2718.65,2083.75,2709.05,2091.55,2702.4
1-85,Uninfected,No_comment,Polygon,25,1433.9,691.1,1451.65,684.65,1464.55,687.15,1483.9,691.95,1498.4,698.4,1512.1,708.05,1517.75,720.15,1521.85,729.85,1521.85,744.35,1521.85,758.05,1518.55,770.95,1515.4,783.05,1508.95,795.15,1496,805.7,1480.65,812.9,1463.7,812.15,1446,809.7,1429.85,804.05,1412.9,791.95,1402.45,776.6,1397.65,760.5,1396.85,741.15,1402.45,722.6,1412.9,710.5,1418.55,703.2
1-86,Uninfected,No_comment,Polygon,26,1201.6,971.8,1220.15,962.1,1239.5,959.7,1254.1,958.85,1271.8,960.5,1289.5,966.15,1302.45,975,1310.55,984.7,1319.35,1001.6,1319.35,1015.35,1316.95,1027.4,1312.1,1042.75,1305.65,1052.45,1298.4,1062.9,1287.1,1070.15,1274.2,1073.45,1258.9,1075.8,1242,1074.2,1221.8,1067.75,1212.9,1062.1,1201.6,1051.6,1194.35,1037.9,1192,1021.8,1192,1008.9,1195.15,994.35,1198.45,985.45
1-87,Uninfected,No_comment,Polygon,24,1914.6,987.9,1933.15,983.05,1947.6,984.7,1962.95,988.7,1976.7,993.55,1991.95,1004.9,2001.7,1018.55,2006.5,1032.25,2006.5,1045.15,2005.65,1058.9,2000.85,1072.6,1994.4,1083.05,1984.7,1092,1971.8,1097.55,1956.5,1100,1936.3,1100,1919.4,1094.35,1904.05,1085.45,1891.95,1074.2,1884.7,1056.45,1882.3,1037.9,1883.9,1020.95,1891.15,1008.05,1900.85,997.6
1-88,Uninfected,No_comment,Polygon,24,2274.25,965.35,2285.5,959.7,2303.25,958.05,2321.8,958.05,2334.7,963.7,2346.8,969.35,2358.1,979.05,2366.95,992.8,2371.8,1007.25,2372.6,1021.8,2371.8,1035.45,2368.65,1050,2361.35,1066.15,2348.4,1079,2333.9,1086.35,2316.95,1089.5,2295.2,1086.35,2277.45,1077.45,2262.15,1065.35,2254.85,1049.2,2250.9,1032.25,2250.05,1012.9,2253.25,995.95,2261.35,979.9
1-89,Uninfected,No_comment,Polygon,24,2453.25,1037.9,2471.8,1034.7,2487.95,1037.9,2504.9,1044.35,2515.35,1053.25,2522.6,1066.15,2529.05,1081.45,2529.9,1095.15,2529.9,1111.3,2526.65,1123.45,2519.4,1137.1,2512.2,1146.8,2503.25,1154.85,2490.35,1163.7,2476.65,1167,2456.55,1166.1,2438.75,1158.9,2426.65,1147.55,2414.55,1130.65,2411.35,1112.1,2413,1093.55,2417.8,1075.8,2428.25,1059.7,2437.2,1049.2
1-90,Uninfected,No_comment,Polygon,22,2331.55,1105.65,2352.45,1105.65,2375.85,1109.7,2387.2,1118.55,2396.8,1130.65,2405.7,1146.8,2407.3,1159.7,2406.55,1173.45,2401.65,1186.3,2396,1198.45,2387.2,1208.05,2376.65,1216.1,2364.55,1221,2346,1224.2,2326.65,1220.15,2313,1211.3,2303.25,1197.55,2296.8,1179.85,2296,1159.7,2300.9,1142,2306.55,1127.45,2315.35,1116.15
1-91,Uninfected,No_comment,Polygon,24,2538.75,1157.25,2556.5,1157.25,2575.05,1161.3,2588.75,1168.55,2603.25,1177.45,2614.55,1191.1,2624.3,1203.25,2626.65,1217.75,2625.85,1233.9,2620.2,1246.8,2613.75,1258.9,2601.65,1265.35,2585.55,1271,2568.65,1275.8,2546.8,1272.65,2526.65,1264.55,2512.95,1255.65,2501.65,1242.75,2493.65,1228.25,2488.75,1212.9,2492,1197.55,2499.25,1185.55,2509.7,1176.6,2523.45,1167
1-92,Uninfected,No_comment,Polygon,25,1473.4,1379.85,1491.95,1378.2,1510.5,1378.2,1525,1384.75,1536.3,1392.75,1546,1401.65,1552.45,1412.1,1556.45,1423.4,1557.25,1437.1,1557.25,1450.8,1554.05,1466.95,1545.2,1479.05,1533.95,1487.9,1521,1495.2,1504.85,1501.65,1487.1,1501.65,1467.75,1496,1454.05,1487.9,1443.55,1477.45,1433.9,1463.75,1429.85,1447.65,1430.65,1432.25,1436.3,1418.55,1442.75,1405.65,1455.65,1393.55
1-93,Uninfected,No_comment,Polygon,27,2649.3,1325,2662.95,1321.8,2679.1,1320.15,2693.6,1324.2,2711.4,1331.45,2721,1339.55,2729.1,1353.2,2733.9,1368.55,2733.9,1383.9,2733.1,1396.75,2730.75,1410.5,2725.05,1421,2716.2,1430.65,2705.75,1438.75,2693.6,1443.55,2679.95,1447.65,2666.15,1448.4,2651.65,1446,2637.2,1440.3,2624.3,1432.25,2615.35,1417.75,2609.7,1400.8,2608.9,1384.75,2611.35,1370.2,2617.85,1358.1,2627.45,1346.75,2638.75,1337.1
1-94,Uninfected,No_comment,Polygon,24,2319.45,1328.2,2331.55,1324.2,2347.6,1324.2,2363.75,1327.45,2379.9,1335.5,2388.75,1346.75,2395.2,1358.9,2398.45,1371.75,2398.45,1386.3,2396.8,1398.4,2391.15,1410.5,2383.9,1421.75,2374.25,1429.85,2363,1432.25,2347.6,1433.1,2332.3,1430.65,2315.35,1424.2,2303.25,1414.55,2296.8,1403.2,2292.8,1390.3,2289.55,1375.8,2292.8,1361.3,2300.9,1349.2,2309.7,1339.55
1-95,Uninfected,No_comment,Polygon,26,2201.65,1385.5,2218.6,1380.65,2235.5,1379.85,2249.25,1383.1,2264.55,1390.3,2277.45,1402.45,2281.55,1415.3,2285.5,1429.05,2288.75,1443.55,2288.75,1461.3,2285.5,1469.35,2279.05,1479.85,2271.8,1488.75,2262.15,1496,2247.6,1500.8,2235.5,1503.3,2220.2,1500.8,2205.7,1497.6,2189.55,1487.9,2179.05,1475,2175.05,1462.1,2171.8,1450,2171.8,1434.75,2175.9,1419.35,2181.5,1406.45,2190.35,1395.2
1-96,Uninfected,No_comment,Polygon,21,2610.55,1512.1,2626.65,1510.5,2642.85,1516.15,2657.3,1522.6,2667.85,1533.1,2673.45,1542.75,2676.65,1558.85,2676.65,1571.85,2671.8,1584.7,2662.2,1597.6,2650.85,1608.85,2637.95,1612.9,2617,1614.55,2597.6,1608.1,2583.9,1600.85,2575.85,1590.4,2572.6,1579.05,2571.8,1562.1,2576.65,1545.2,2584.7,1533.1,2596.8,1520.2
1-97,Uninfected,No_comment,Polygon,29,2465.65,1562.05,2476.9,1560.65,2490.3,1559.95,2508.65,1562.75,2526.25,1571.2,2539.6,1578.25,2548.7,1586.7,2556.5,1598.65,2558.65,1609.95,2560.7,1623.3,2560.7,1636,2557.85,1646.55,2552.95,1655.7,2546.6,1664.15,2538.85,1670.5,2524.75,1678.25,2508.65,1681.8,2497.3,1682.5,2482.55,1680.35,2466.3,1675.45,2453.65,1668.4,2442.35,1659.25,2433.2,1646.55,2431.8,1631.75,2432.55,1615.55,2434.7,1602.2,2441,1589.5,2448.75,1577.55,2455.05,1568.4
1-98,Uninfected,No_comment,Polygon,28,2671.3,1678.25,2681.1,1678.25,2691.05,1681.05,2700.85,1688.8,2705.75,1695.15,2708.6,1704.3,2712.85,1714.9,2716.35,1732.5,2715,1743.05,2711.4,1757.15,2706.55,1768.4,2700.85,1776.85,2692.4,1785.3,2682.6,1791.65,2668.45,1795.15,2653.65,1795.15,2639.55,1792.35,2624.85,1786,2613.55,1777.55,2605.05,1767,2600.85,1753.6,2598,1737.4,2600.85,1722.6,2606.45,1711.35,2612.8,1701.5,2622,1694.45,2633.95,1686.7,2647.35,1681.05
1-99,Uninfected,No_comment,Polygon,31,2019.85,1502.2,2030.45,1500.05,2045.2,1497.95,2057.85,1499.35,2071.2,1503.6,2085.3,1510.65,2094.5,1518.4,2100.8,1525.45,2105.75,1535.3,2108.55,1543.75,2110.7,1555,2109.95,1566.3,2107.85,1576.85,2105.1,1586.7,2096.65,1595.85,2088.2,1603.6,2074.75,1609.95,2059.25,1618.4,2046.55,1621.2,2029,1624.05,2009.95,1621.2,1995.9,1614.85,1984.6,1605.7,1975.45,1593.05,1971.9,1578.95,1971.9,1564.85,1976.15,1550.8,1981.85,1538.1,1990.3,1528.25,1999.4,1515.55,2009.95,1509.25
1-100,Uninfected,No_comment,Polygon,29,2175.45,1584.6,2186,1583.2,2196.6,1583.2,2205.75,1583.2,2215.6,1585.3,2224.75,1590.9,2232.5,1597.25,2241.65,1607.1,2246.6,1619.1,2248,1630.35,2250.1,1642.35,2248,1653.6,2245.25,1664.85,2241.65,1673.3,2236.8,1680.35,2231.1,1688.1,2220.6,1693.05,2206.45,1697.95,2191.65,1697.25,2176.15,1693.75,2161.35,1688.1,2150.1,1680.35,2145.15,1670.5,2140.95,1657.15,2139.55,1641.65,2140.95,1628.95,2145.15,1614.15,2155.75,1600.8,2162.85,1592.35
1-101,Uninfected,No_comment,Polygon,33,1611.35,1628.95,1619.8,1628.25,1629.65,1628.25,1640.95,1629.65,1649.4,1632.5,1657.85,1635.3,1664.15,1642.35,1672.6,1651.5,1677.55,1662.05,1683.15,1673.3,1683.9,1688.8,1683.9,1699.4,1679.65,1709.95,1675.4,1723.35,1670.5,1731.05,1661.35,1740.25,1652.2,1745.15,1642.3,1750.8,1628.25,1754.3,1616.95,1755.7,1603.6,1754.3,1591.65,1751.5,1577.6,1743.75,1567,1732.5,1558.55,1720.5,1554.3,1705.7,1553.6,1690.25,1557.1,1676.85,1562.05,1666.3,1569.8,1656.4,1578.25,1647.95,1588.8,1639.5,1600.75,1633.2
1-102,Uninfected,No_comment,Polygon,30,1812.75,1686,1825.45,1686,1840.2,1687.4,1849.45,1690.95,1861.35,1697.25,1869.8,1705.7,1876.15,1712.75,1881.8,1723.35,1885.3,1735.3,1884.6,1747.25,1881.8,1758.55,1876.85,1768.4,1870.5,1779.65,1863.5,1787.4,1855.05,1793.75,1846.6,1798,1833.25,1800.8,1815.55,1800.8,1800.8,1798,1789.55,1793.05,1780.35,1786,1774,1776.85,1769.1,1766.3,1766.3,1754.3,1767.05,1738.8,1770.5,1726.85,1775.5,1717.7,1781.75,1708.55,1793.05,1700.8,1804.3,1692.35
1-103,Uninfected,No_comment,Polygon,30,1921.25,1750.8,1931.05,1747.25,1940.95,1746.55,1952.2,1747.25,1959.95,1750.1,1969.1,1756.45,1976.15,1762.05,1984.6,1769.1,1990.95,1777.55,1995.9,1788.1,1996.55,1798,1997.3,1811.35,1996.55,1821.95,1994.45,1831.8,1993.05,1842.35,1987.45,1849.4,1975.45,1857.85,1965.6,1864.2,1950.1,1865.6,1933.9,1866.3,1921.25,1860.65,1905.05,1852.2,1899.45,1841.65,1891.65,1828.25,1887.4,1814.9,1886.7,1801.5,1888.85,1786.7,1895.15,1778.25,1900.1,1768.4,1910.65,1759.95
1-104,Uninfected,No_comment,Polygon,35,2137.45,1841.65,2147.3,1838.1,2160,1838.1,2173.35,1839.55,2183.2,1843.75,2195.95,1848,2205.05,1856.45,2213.5,1863.5,2221.25,1874.75,2226.2,1886.7,2227.55,1895.85,2226.9,1908.55,2225.45,1918.4,2221.95,1928.95,2217.75,1936.7,2212.15,1943.05,2205.05,1948.7,2195.2,1957.15,2186,1960.65,2175.45,1962.8,2162.1,1964.9,2150.1,1964.9,2136.7,1962.1,2122.65,1956.45,2114.2,1949.4,2105.1,1941.65,2098,1931.1,2095.15,1921.95,2093.75,1910.65,2095.85,1895.85,2099.4,1883.9,2105.1,1871.95,2111.4,1862.75,2118.4,1855.75,2125.45,1848
1-105,Uninfected,No_comment,Polygon,30,2229.7,1950.8,2237.5,1946.6,2250.1,1945.9,2261.45,1946.6,2272.65,1949.4,2283.95,1952.9,2297.3,1961.35,2305.75,1971.95,2310.75,1986.7,2314.2,2002.9,2313.5,2017,2309.95,2031.1,2305.05,2040.95,2298,2050.1,2288.85,2055.75,2275.5,2062.1,2259.95,2063.5,2244.45,2063.5,2230.4,2059.25,2216.3,2053.65,2205.05,2045.9,2196.6,2034.6,2192.35,2026.15,2190.25,2014.9,2190.25,2002.2,2192.35,1990.95,2198,1981.1,2206.45,1971.25,2215.6,1964.2,2223.35,1957.85
1-106,Uninfected,No_comment,Polygon,30,2445.9,1788.8,2460.7,1788.1,2472.65,1788.1,2487.45,1791.65,2500.1,1798,2508.65,1804.3,2515.6,1812.05,2521.95,1820.5,2523.4,1833.2,2525.55,1846.55,2523.4,1859.95,2519.85,1871.2,2515.6,1881.8,2505.05,1895.15,2495.2,1900.8,2486.05,1908.55,2473.4,1909.95,2459.35,1909.25,2442.35,1905.75,2431.1,1900.1,2418.5,1890.95,2408.55,1880.4,2403.65,1869.8,2400.1,1857.85,2400.1,1845.15,2402.95,1832.5,2407.15,1821.95,2417.75,1810.65,2427.6,1799.4,2435.4,1793.75
1-107,Uninfected,No_comment,Polygon,33,2555.05,1883.9,2568.45,1883.9,2584,1884.6,2595.9,1888.15,2605.8,1893.75,2614.9,1902.2,2619.85,1909.25,2624.15,1922.65,2627.6,1935.3,2628.3,1949.4,2629,1964.9,2626.2,1975.45,2622,1985.3,2617.75,1993.05,2611.4,1999.4,2603.65,2004.35,2591,2009.95,2579,2013.5,2566.4,2014.9,2555.05,2013.5,2543.8,2010.65,2530.4,2004.35,2519.15,1997.3,2508.65,1987.45,2503.65,1976.15,2499.4,1960.65,2500.1,1945.9,2502.95,1933.2,2508.65,1921.95,2517.8,1911.35,2528.3,1902.9,2540.3,1895.15,2545.9,1891.65
1-108,Uninfected,No_comment,Polygon,29,2367.7,1995.2,2376.95,1994.45,2390.25,1995.2,2404.35,1995.9,2414.2,2000.1,2426.25,2007.15,2435.4,2014.2,2442.35,2021.95,2448.75,2036,2451.6,2050.1,2448.75,2065.6,2445.2,2080.4,2436.75,2093.05,2428.3,2102.95,2419.85,2109.95,2406.45,2115.6,2396.6,2118.4,2383.25,2119.15,2371.25,2119.15,2356.45,2115.6,2340.95,2109.25,2326.15,2097.3,2320.55,2079.7,2317.7,2062.8,2319.9,2050.1,2326.15,2034.6,2336.1,2020.55,2348.7,2007.85,2357.15,2000.1
1-109,Uninfected,No_comment,Polygon,28,2112.85,2093.05,2126.15,2091.65,2143.8,2093.05,2156.45,2097.3,2167.7,2103.65,2177.55,2112.8,2184.65,2126.85,2187.5,2138.85,2186.7,2154.35,2184.65,2164.9,2183.2,2174.05,2179.75,2181.8,2174.75,2188.85,2167,2196.6,2152.9,2202.25,2143.05,2206.45,2129.75,2205.75,2117.7,2204.35,2107.15,2198.7,2096.65,2192.35,2088.2,2185.35,2079.7,2173.35,2073.35,2160,2071.2,2143.8,2074.05,2127.6,2081.8,2115.6,2090.95,2103.65,2100.1,2097.3
1-110,Uninfected,No_comment,Polygon,33,1471.9,2086.75,1483.9,2084.6,1497.25,2085.3,1509.9,2090.25,1521.2,2097.3,1529.65,2105.05,1537.4,2112.1,1542.35,2121.95,1546.55,2131.8,1547.95,2142.35,1547.95,2152.25,1548.65,2164.2,1546.55,2174.75,1542.35,2186.05,1536.75,2195.2,1531.05,2201.55,1521.2,2209.25,1510.65,2214.9,1500.05,2218.45,1486,2219.15,1475.45,2218.45,1464.15,2215.6,1452.15,2210,1443.05,2204.35,1435.3,2195.9,1429,2184.6,1423.3,2167,1423.3,2148,1425.4,2133.9,1431.75,2120.55,1437.45,2108.55,1445.2,2100.1,1457.1,2091.65
1-111,Uninfected,No_comment,Polygon,23,2313.45,2286.7,2329.6,2279.7,2346.55,2282.45,2364.15,2288.15,2378.9,2295.2,2390.9,2306.4,2396.55,2319.8,2400.05,2331.75,2400.75,2345.9,2401.45,2359.25,2399.35,2368.4,2395.1,2376.85,2383.15,2386,2367.65,2391.6,2351.45,2393.05,2333.15,2386.75,2318.35,2377.55,2307.8,2366.95,2301.45,2352.9,2296.5,2333.15,2296.5,2315.55,2296.5,2302.2,2302.15,2291.6
1-112,Uninfected,No_comment,Polygon,26,1612.7,2467,1628.2,2463.45,1643,2462.1,1658.45,2462.1,1671.85,2466.25,1683.8,2477.6,1690.15,2490.9,1689.45,2507.1,1684.55,2526.15,1681,2541.65,1678.2,2553.6,1672.55,2565.55,1666.2,2576.15,1656.35,2583.9,1643.7,2588.8,1628.9,2591.65,1614.1,2589.5,1602.15,2582.5,1593.7,2573.3,1588.75,2559.95,1586.65,2542.35,1585.95,2524,1586.65,2509.25,1591.55,2495.85,1595.8,2483.2,1603.55,2473.3
1-113,Uninfected,No_comment,Polygon,28,1628.9,2332.45,1647.9,2328.3,1664.1,2329,1681.7,2333.15,1692.3,2341.6,1702.15,2350.8,1707.75,2362.1,1712.7,2374,1712.7,2385.3,1714.1,2397.95,1712.7,2411.4,1705.65,2423.3,1693.7,2436.75,1679.6,2441.6,1664.1,2447.25,1647.9,2450.1,1635.25,2450.1,1621.15,2448.65,1608.45,2444.5,1598.6,2437.45,1588.75,2429.65,1579.6,2415.55,1576.8,2397.95,1582.4,2379.7,1590.85,2367.7,1602.85,2354.35,1614.1,2342.35,1620.45,2337.45
1-114,Uninfected,No_comment,Polygon,28,1219.3,1612.05,1234.65,1615.35,1254,1622.6,1263.65,1629.05,1270.1,1635.5,1277.4,1643.5,1283.05,1654.05,1284.65,1666.95,1285.45,1678.25,1284.65,1688.7,1278.2,1700.75,1271.75,1711.25,1266.1,1719.3,1258.05,1726.6,1245.95,1733.05,1229.75,1733.9,1212.85,1734.7,1193.5,1733.05,1176.6,1725.75,1161.2,1716.15,1152.4,1703.25,1145.95,1684.7,1146.75,1662.05,1155.55,1647.6,1165.3,1634.7,1177.4,1626.6,1191.85,1620.15,1204.75,1616.15
1-115,Uninfected,No_comment,Polygon,26,1287,1940.35,1302.4,1933.85,1318.45,1933.85,1333.85,1937.05,1349.1,1942.7,1362.85,1949.15,1374.1,1958.85,1379.75,1970.95,1383.85,1985.5,1386.2,2001.6,1383.85,2015.3,1377.4,2026.6,1367.65,2035.5,1357.2,2042.75,1345.1,2049.95,1329,2053.25,1304.75,2054.05,1285.45,2049.95,1267.65,2043.5,1252.4,2027.4,1245.1,2013.65,1242.65,1995.15,1244.3,1979.05,1251.55,1965.35,1261.2,1957.2,1271.75,1948.4
1-116,Uninfected,No_comment,Polygon,15,3734.05,1356.95,3757.2,1353.8,3776.15,1364.35,3791.95,1374.85,3813,1392.75,3814.05,1418,3803.55,1439.1,3789.8,1446.45,3769.8,1448.55,3750.85,1445.4,3731.9,1438.05,3719.35,1421.2,3715.1,1395.9,3716.15,1374.85,3723.55,1363.3