97,5312,2988
4-1,Parasitized,No_comment,Polygon,22,2875.8,2898.35,2865.15,2888.1,2854.9,2872.55,2848.75,2845.9,2852.45,2820.05,2863.5,2803.25,2880.3,2786.45,2898.75,2779.5,2918.85,2778.25,2943.45,2784.4,2956.55,2795.05,2968.45,2812.7,2974.6,2831.95,2975.8,2853.7,2977.45,2867.2,2981.55,2878.7,2979.5,2887.7,2968.45,2886.9,2959,2890.15,2941.8,2901.2,2920.1,2907.8,2892.2,2904.5
4-2,Parasitized,No_comment,Polygon,23,2303.15,2596.4,2311.85,2578.95,2326.15,2565.45,2348.75,2556.3,2361.85,2551.55,2384.1,2550.35,2401.15,2556.3,2428.15,2576.15,2439.65,2592.4,2443.6,2616.25,2443.6,2633.3,2438.05,2652.75,2424.15,2669.4,2394.4,2681.3,2370.6,2680.9,2347.6,2674.95,2325.75,2661.85,2309.9,2643.6,2303.9,2631.7,2295.2,2628.55,2290.85,2619.4,2294.4,2609.5,2301.55,2603.55
4-3,Parasitized,No_comment,Polygon,19,1747.45,2571.25,1743.4,2560.1,1742.9,2531.85,1748.95,2507.1,1761.6,2488.9,1780.25,2475.25,1795.95,2466.7,1816.15,2465.15,1845.95,2469.7,1860.05,2488.4,1869.15,2515.65,1865.1,2537.4,1857.55,2555.55,1843.4,2569.7,1824.2,2578.3,1785.85,2578.8,1767.15,2576.8,1753.5,2583.85,1744.9,2583.35
4-4,Parasitized,No_comment,Polygon,20,1312.15,1599.45,1325.3,1610.45,1346.2,1622,1364.35,1624.75,1392.95,1623.1,1413.8,1613.2,1430.25,1595.6,1442.4,1573.1,1446.8,1552.2,1437.45,1527.5,1428.6,1514.85,1414.35,1508.25,1392.4,1500.55,1348.4,1506.05,1328.6,1521.45,1313.25,1533.55,1303.3,1546.15,1301.65,1562.1,1302.2,1576.95,1306.65,1589.05
4-5,Parasitized,No_comment,Polygon,21,2757.2,239.55,2742.35,245.05,2728.6,260.95,2718.2,283.5,2717.1,313.15,2722.6,335.15,2732.45,355.5,2751.15,370.3,2772.6,379.1,2796.75,380.75,2820.4,371.95,2834.65,361.5,2842.35,343.95,2845.65,332.95,2851.7,319.2,2848.95,298.35,2839.05,274.15,2825.35,252.7,2810.5,241.75,2794,236.25,2772.05,235.15
4-6,Parasitized,No_comment,Polygon,21,3106.7,608.2,3110,593.4,3117.7,576.35,3139.1,549.95,3158.9,540.65,3180.35,536.8,3209.45,544.45,3229.25,558.75,3238,578.55,3246.8,585.7,3257.25,596.1,3258.9,608.75,3252.3,616.45,3243.5,621.95,3230.35,640.65,3203.4,666.45,3178.15,674.15,3139.1,673.6,3118.8,663.7,3109.45,642.85,3107.25,620.85
4-7,Parasitized,No_comment,Polygon,19,3561.1,753.3,3541.85,748.35,3523.2,731.3,3516.6,707.65,3517.15,686.25,3528.65,660.95,3547.35,646.15,3569.35,640.1,3596.25,641.2,3616.05,648.35,3627.6,660.95,3636.9,678.55,3638.55,700.55,3633.6,720.85,3623.75,736.8,3619.35,747.25,3603.35,754.4,3580.85,756.05,3570.45,756.05
4-8,Parasitized,No_comment,Polygon,18,2655.3,1158.3,2658.3,1148.85,2665.5,1136.35,2679.9,1124.2,2709.45,1118.15,2733.3,1122.3,2750,1135.2,2761.35,1149.95,2765.15,1170.8,2765.5,1187.45,2758.3,1207.15,2740.5,1224.2,2721.55,1229.5,2698.45,1229.15,2673.85,1221.55,2660.6,1209.8,2652.25,1191.25,2650.75,1174.6
4-9,Parasitized,No_comment,Polygon,17,3862.1,1712.1,3849.45,1699.55,3845.9,1687.8,3846.8,1666.2,3853.95,1647.75,3877.35,1629.2,3893.65,1622.45,3914.8,1621.15,3941.4,1626.5,3956.2,1637.8,3967.95,1654.9,3968.85,1680.1,3960.3,1703.1,3945,1720.25,3916.6,1732.35,3891.4,1730.1,3872.85,1722.95
4-10,Uninfected,No_comment,Polygon,14,1960.95,167.15,1978.15,161.65,2000.05,163.25,2025.05,175.75,2040.65,196.8,2050.05,215.6,2050.8,239.8,2041.4,257,2017.2,270.3,1989.85,274.15,1962.55,264.8,1945.3,242.9,1936.7,215.6,1939.05,189.05
4-11,Uninfected,No_comment,Polygon,15,2063.3,281.25,2085.15,278.1,2112.55,284.35,2133.6,299.15,2143.8,323.4,2143.8,347.65,2135.15,368.75,2120.3,386.65,2102.35,397.65,2080.45,402.3,2053.15,396.05,2032.05,378.1,2021.9,353.1,2024.2,323.4,2038.3,297.65
4-12,Uninfected,No_comment,Polygon,15,2291.4,239.8,2310.95,241.4,2342.2,253.1,2364.05,273.4,2373.45,298.4,2371.1,328.9,2354.7,350,2330.45,370.3,2307.8,371.05,2285.95,364.05,2264.05,352.3,2250.05,329.65,2246.9,301.55,2253.9,274.15,2270.3,252.3
4-13,Uninfected,No_comment,Polygon,16,2487.55,130.4,2507.05,130.4,2537.55,138.25,2556.3,157.8,2565.65,181.25,2564.9,203.9,2557.05,226.55,2542.2,242.15,2521.9,250.75,2500.05,254.65,2474.2,250.75,2449.2,236.65,2438.3,208.55,2439.05,180.4,2449.2,157,2466.4,139.8
4-14,Uninfected,No_comment,Polygon,15,2910.95,285.15,2933.65,289.05,2959.4,306.25,2969.55,328.9,2971.9,348.4,2963.3,371.05,2947.65,391.4,2932.05,405.4,2914.05,414.8,2886.75,409.35,2860.95,390.6,2853.15,367.15,2860.15,337.5,2877.4,309.35,2891.4,295.3
4-15,Uninfected,No_comment,Polygon,13,1828.9,475.75,1847.65,471.85,1875.8,477.3,1899.2,492.9,1913.3,523.4,1912.55,556.25,1903.15,577.3,1880.45,593.75,1850.05,594.5,1821.9,584.35,1800.8,560.15,1795.3,526.55,1803.15,501.55
4-16,Uninfected,No_comment,Polygon,15,2501.55,462.5,2527.35,464.05,2552.4,478.9,2568,497.65,2574.25,521.05,2568.8,547.65,2553.15,567.15,2532.8,581.25,2507.8,584.35,2481.3,577.3,2457.05,557,2449.2,530.4,2453.15,505.4,2466.4,481.25,2479.7,468.75
4-17,Uninfected,No_comment,Polygon,15,2831.25,451.55,2856.25,457,2882.8,475.75,2893,500.75,2894.55,532.8,2882.8,560.15,2863.3,576.55,2835.15,585.15,2802.4,579.65,2774.25,563.25,2760.95,537.5,2761.75,509.35,2775,482.8,2794.55,465.6,2811.75,454.65
4-18,Uninfected,No_comment,Polygon,14,3464.1,717.15,3486.75,714.05,3506.25,723.4,3525,742.9,3535.15,771.85,3528.9,794.5,3517.25,810.15,3501.6,821.85,3476.6,828.1,3449.25,822.65,3421.9,801.55,3413.3,769.5,3421.9,746.85,3439.9,727.3
4-19,Uninfected,No_comment,Polygon,16,3048.45,635.9,3064.9,636.65,3082.8,646.85,3101.55,669.5,3107.05,696.05,3103.9,728.1,3096.15,759.35,3078.15,777.3,3057.8,785.9,3032.8,782,3010.95,762.5,2996.15,737.5,2993,710.9,2996.15,685.15,3007.05,660.9,3022.65,643.75
4-20,Uninfected,No_comment,Polygon,16,2787.5,645.3,2811.75,644.5,2838.3,651.55,2857.8,670.3,2862.5,694.5,2860.15,717.9,2850.8,736.65,2835.15,751.55,2815.65,759.35,2794.55,760.9,2769.55,755.4,2751.55,742.15,2740.65,723.4,2739.05,698.4,2747.65,675.75,2767.2,656.25
4-21,Uninfected,No_comment,Polygon,15,2528.15,628.9,2547.65,631.25,2571.9,642.15,2586.7,661.65,2592.95,683.5,2590.65,707,2580.45,725,2562.55,733.5,2541.4,736.65,2519.6,731.25,2500.85,720.25,2489.1,700,2485.15,673.4,2491.4,648.4,2511.75,630.4
4-22,Uninfected,No_comment,Polygon,16,2117.95,718.75,2135.15,710.9,2163.3,707.8,2192.95,717.9,2210.15,735.9,2217.95,760.9,2215.65,789.05,2203.9,812.5,2190.65,829.65,2166.4,837.5,2137.55,839.05,2114.85,828.1,2098.45,810.15,2091.4,778.9,2095.3,748.4,2103.15,732
4-23,Uninfected,No_comment,Polygon,17,2396.15,863.6,2414.05,862.35,2439.2,865.65,2455.75,874.2,2474.95,889.5,2484.9,913.3,2482.9,936.45,2471.65,958.35,2456.45,975.6,2434.55,982.85,2412.05,984.2,2387.55,975.6,2369.65,955.7,2361.05,931.85,2361.7,909.3,2369.65,886.15,2382.25,875.55
4-24,Uninfected,No_comment,Polygon,16,2137.85,896.75,2159.05,898.05,2181.6,906.05,2196.8,921.25,2207.4,941.15,2209.4,965.6,2203.45,988.85,2187.55,1003.35,2171.65,1011.95,2145.15,1011.3,2121.3,1002.05,2105.4,985.5,2093.5,964.3,2091.5,940.5,2100.8,919.9,2115.35,902.75
4-25,Uninfected,No_comment,Polygon,17,2067.65,1033.15,2090.2,1029.25,2112.7,1035.2,2133.25,1047.05,2145.15,1063.65,2150.45,1088.85,2143.85,1111.3,2135.2,1131.9,2122.65,1149.05,2106.1,1163.65,2082.9,1167,2059.7,1163.65,2036.55,1147.8,2023.3,1123.25,2022.65,1099.45,2027.95,1074.9,2042.5,1054.35
4-26,Uninfected,No_comment,Polygon,15,2181.6,1105.4,2205.4,1102.1,2229.25,1107.4,2248.45,1121.3,2256.4,1142.5,2251.1,1163.65,2240.5,1180.9,2224.65,1198.1,2205.4,1209.35,2185.55,1212,2159.7,1206,2145.15,1183.55,2145.8,1161,2152.45,1141.1,2165.7,1119.95
4-27,Uninfected,No_comment,Polygon,16,2294.15,1150.4,2318,1147.1,2339.2,1152.4,2359.05,1167.6,2371,1189.45,2372.3,1209.35,2367,1225.95,2357.75,1240.45,2339.85,1250.45,2318,1253.7,2295.5,1248.4,2278.95,1235.85,2267.65,1217.3,2264.35,1196.8,2269,1174.95,2278.25,1159.65
4-28,Uninfected,No_comment,Polygon,16,2580.3,1184.85,2600.8,1184.15,2624.65,1190.8,2641.2,1203.35,2659.1,1224.55,2662.4,1244.45,2659.1,1263,2647.85,1282.2,2633.25,1294.75,2610.75,1300.05,2587.55,1296.15,2565.05,1285.55,2547.8,1264.95,2542.55,1235.85,2547.15,1212,2559.1,1195.45
4-29,Uninfected,No_comment,Polygon,18,2874.35,1113.35,2890.9,1109.35,2918.05,1111.3,2937.25,1121.9,2953.15,1138.45,2958.45,1159.05,2960.45,1181.5,2953.8,1200.75,2939.25,1217.3,2920.7,1228.55,2901.5,1233.85,2878.3,1233.2,2857.8,1225.95,2841.2,1210.65,2832.6,1190.15,2831.95,1165.6,2839.9,1145.15,2853.8,1128.55
4-30,Uninfected,No_comment,Polygon,18,3063.1,976.2,3088.9,977.55,3116.75,983.55,3132.65,1000.7,3143.2,1023.25,3145.2,1048.45,3142.55,1073.55,3131.3,1093.45,3117.4,1112,3096.85,1125.9,3067.7,1131.2,3038.6,1124.55,3021.35,1110.7,3006.8,1086.2,3004.8,1055.7,3012.1,1026.6,3023.35,1006,3038.6,990.1
4-31,Uninfected,No_comment,Polygon,18,3204.15,976.85,3224,976.2,3245.2,979.5,3262.45,990.1,3273.7,1008.05,3280.3,1028.55,3281,1051.1,3275.7,1069.6,3262.45,1086.2,3243.9,1095.4,3222.05,1101.4,3196.85,1098.05,3180.95,1088.15,3167.05,1072.95,3160.45,1053.75,3159.8,1033.85,3165.75,1010.7,3177.65,992.15
4-32,Uninfected,No_comment,Polygon,18,3108.8,1149.75,3126.65,1147.8,3148.5,1149.75,3169.7,1162.95,3182.95,1182.2,3186.95,1203.35,3185.6,1224.55,3177,1244.45,3164.4,1257.7,3146.55,1270.25,3128.65,1274.95,3106.8,1272.9,3083.6,1262.3,3070.35,1242.5,3063.1,1219.95,3064.4,1198.1,3072.35,1178.85,3087.6,1161
4-33,Uninfected,No_comment,Polygon,17,3365.1,1192.8,3382.3,1194.75,3404.15,1201.4,3419.4,1214.65,3430.65,1233.85,3430.65,1254.35,3422.7,1273.6,3410.15,1288.8,3394.9,1297.4,3375.05,1303.4,3352.5,1299.45,3331.3,1288.2,3317.4,1267,3314.1,1241.8,3322.05,1219.95,3335.3,1204.05,3347.85,1196.8
4-34,Uninfected,No_comment,Polygon,19,2994.2,1427.25,3016.75,1423.3,3038.6,1427.25,3057.15,1441.85,3065.05,1459.7,3069.05,1478.25,3067.7,1501.45,3061.1,1521.25,3051.15,1540.5,3036.6,1554.4,3020.05,1560.4,2998.85,1563.05,2976.35,1557.75,2961.1,1545.8,2951.15,1529.2,2944.55,1506.75,2947.2,1480.2,2957.8,1456.35,2972.35,1435.85
4-35,Uninfected,No_comment,Polygon,18,2239.85,1333.2,2258.4,1333.2,2282.25,1341.85,2300.15,1355.75,2312.7,1372.9,2320,1399.4,2315.35,1421.95,2303.45,1439.2,2288.85,1451.05,2274.3,1456.35,2255.1,1457.05,2231.25,1452.45,2212.05,1442.45,2194.8,1424.6,2184.25,1398.1,2188.85,1372.9,2204.1,1349.75,2220,1339.2
4-36,Uninfected,No_comment,Polygon,16,2476.95,1404.7,2496.15,1406.05,2520.65,1413.3,2539.9,1431.25,2549.15,1458.4,2545.15,1483.5,2533.25,1506.05,2514.7,1519.3,2494.2,1527.25,2467.7,1526.55,2443.85,1517.35,2429.25,1497.45,2424,1472.95,2427.95,1445.1,2439.85,1425.3,2457.75,1411.35
4-37,Uninfected,No_comment,Polygon,17,2031.9,1428.6,2048.45,1426.55,2072.3,1429.2,2094.15,1441.15,2106.1,1457.75,2112.05,1476.25,2112.7,1496.15,2101.45,1517.95,2090.2,1531.85,2068.35,1542.45,2047.15,1543.85,2023.95,1538.55,2006.05,1526.55,1994.15,1511.35,1988.85,1487.55,1994.15,1461.65,2006.75,1442.45
4-38,Uninfected,No_comment,Polygon,16,2447.15,1564.3,2463.7,1563.65,2487.55,1569.6,2507.4,1582.85,2518,1599.4,2521.35,1617.95,2515.35,1642.45,2503.45,1658.35,2480.95,1668.95,2459.75,1672.95,2438.55,1668.35,2421.35,1655.7,2412.05,1632.55,2408.1,1610.7,2412.7,1592.85,2424.65,1580.2
4-39,Uninfected,No_comment,Polygon,19,2153.1,1551.1,2173.65,1549.8,2200.8,1559.7,2218.65,1571.6,2229.9,1584.9,2238.55,1602.05,2240.5,1622,2239.85,1639.8,2231.25,1655.1,2215.35,1666.3,2194.15,1674.95,2172.3,1678.25,2152.45,1671.6,2129.25,1659.05,2112.7,1639.8,2105.4,1618.65,2107.4,1598.15,2116.65,1581.6,2128.6,1566.95
4-40,Uninfected,No_comment,Polygon,17,1473.45,875,1500,875.8,1520.25,885.2,1538.25,897.7,1547.65,919.55,1551.5,944.55,1546.85,965.65,1537.5,987.5,1517.9,1001.6,1493.75,1007.05,1467.2,1005.45,1443.75,990.65,1425.75,967.2,1418.75,939.1,1422.65,911.7,1435.95,891.45,1452.35,879.7
4-41,Uninfected,No_comment,Polygon,18,1692.9,929.7,1715.6,927.35,1740.6,932.05,1760.95,942.2,1770.25,953.95,1775.75,974.2,1771.85,996.1,1762.5,1013.3,1750,1030.45,1732.75,1040.65,1714,1048.45,1688.25,1049.2,1664,1038.3,1650,1014.1,1646.1,989.85,1652.35,968.75,1664.85,947.7,1675.75,935.95
4-42,Uninfected,No_comment,Polygon,20,1821.1,978.15,1839,975,1861.65,975,1875.75,982.85,1893.75,995.35,1906.25,1014.85,1910.95,1033.6,1911.7,1057.85,1905.4,1078.15,1892.9,1096.1,1875,1108.6,1852.35,1115.65,1825.75,1114.85,1802.35,1105.45,1785.15,1090.65,1773.45,1071.1,1771.85,1048.45,1778.1,1024.2,1790.6,1002.35,1803.1,986.7
4-43,Uninfected,No_comment,Polygon,17,1596.85,1051.6,1621.85,1047.7,1651.5,1054.7,1673.45,1067.2,1689,1083.6,1696.1,1103.15,1696.85,1124.2,1690.6,1143.75,1680.4,1158.6,1663.25,1168.75,1640.6,1174.2,1614,1171.9,1592.2,1160.2,1575.75,1142.95,1567.2,1120.3,1567.2,1093.75,1575.75,1071.1
4-44,Uninfected,No_comment,Polygon,18,1795.25,1157.05,1815.6,1151.55,1839.85,1154.7,1861.65,1166.45,1878.9,1185.2,1889.85,1204.7,1894.5,1230.45,1890.6,1253.15,1878.1,1269.55,1859.35,1279.7,1839,1285.2,1817.2,1282.05,1792.2,1275,1767.9,1264.05,1753.9,1242.95,1750,1212.5,1757.75,1191.45,1769.5,1171.9
4-45,Uninfected,No_comment,Polygon,17,1930.45,1299.2,1948.45,1294.55,1970.25,1297.7,1992.2,1309.4,2007.05,1324.2,2018.75,1350,2018.75,1373.45,2014,1397.7,2004.7,1407.8,1985.95,1413.3,1964,1414.05,1938.3,1407.05,1917.95,1392.2,1903.9,1371.1,1900,1346.9,1905.4,1325.8,1913.25,1311.7
4-46,Uninfected,No_comment,Polygon,19,1799.15,1308.6,1815.6,1306.25,1839,1308.6,1863.25,1324.2,1875.75,1342.95,1882.75,1366.45,1884.35,1388.3,1879.7,1410.95,1868.75,1423.45,1855.4,1435.2,1839.85,1441.45,1821.85,1442.95,1796.1,1438.3,1777.35,1422.7,1764.85,1402.35,1760.15,1382.8,1762.5,1361.7,1768.75,1336.7,1780.4,1318.75
4-47,Uninfected,No_comment,Polygon,17,1869.5,1434.4,1878.9,1424.2,1899.15,1415.65,1924.2,1415.65,1943.75,1422.7,1959.35,1435.2,1967.2,1455.45,1969.55,1478.15,1964,1499.2,1950.8,1513.3,1933.6,1522.7,1915.6,1525.8,1893.75,1522.7,1875,1511.7,1863.25,1497.7,1857,1476.55,1860.15,1451.55
4-48,Uninfected,No_comment,Polygon,18,1368.75,1360.2,1385.95,1360.2,1410.15,1367.2,1430.4,1381.25,1442.9,1398.45,1446.85,1422.7,1443.75,1445.3,1429.7,1463.3,1412.5,1475,1396.1,1479.7,1374.15,1480.45,1353.1,1472.7,1335.15,1461.7,1324.15,1445.3,1321.85,1425.8,1325.75,1403.15,1335.95,1383.6,1350.75,1370.3
4-49,Uninfected,No_comment,Polygon,17,1558.6,1405.45,1583.6,1405.45,1609.35,1414.05,1624.15,1431.25,1632.75,1453.15,1633.6,1479.7,1626.5,1499.2,1610.95,1513.3,1595.25,1523.45,1573.45,1525.8,1545.25,1519.55,1527.35,1507.8,1516.4,1491.45,1513.25,1470.3,1516.4,1446.9,1524.15,1425.8,1537.5,1409.4
4-50,Uninfected,No_comment,Polygon,18,1716.4,1482.05,1736.65,1480.45,1757,1488.3,1780.4,1501.55,1794.5,1525,1797.65,1548.45,1792.2,1568.75,1782,1585.2,1767.9,1596.1,1749.15,1603.15,1732.75,1604.7,1708.6,1598.45,1689.85,1588.3,1671.85,1569.55,1668.75,1542.2,1675.75,1518.75,1689,1498.45,1701.5,1489.05
4-51,Uninfected,No_comment,Polygon,17,2558.6,1675,2578.85,1677.35,2599.2,1682.05,2618.75,1695.3,2629.7,1715.65,2632.75,1733.6,2627.35,1755.45,2616.35,1771.1,2601.5,1781.25,2583.6,1786.7,2560.95,1787.5,2539,1781.25,2521.1,1765.65,2513.3,1739.85,2514.85,1716.45,2523.45,1695.3,2538.3,1682.8
4-52,Uninfected,No_comment,Polygon,17,2691.35,1747.7,2709.35,1749.2,2738.3,1764.05,2753.1,1786.7,2758.6,1810.95,2756.25,1834.4,2746.85,1856.3,2731.25,1868.8,2711.7,1878.95,2682.75,1878.95,2657.75,1869.55,2636.7,1853.95,2627.35,1828.95,2625,1804.7,2633.6,1782.05,2647.6,1763.3,2667.95,1750
4-53,Uninfected,No_comment,Polygon,17,2425.8,1718.75,2446.85,1717.95,2478.1,1724.2,2497.6,1742.2,2506.25,1765.65,2502.35,1792.95,2489,1810.2,2470.25,1825.8,2447.6,1835.95,2427.35,1835.95,2409.35,1829.7,2392.2,1820.3,2378.1,1799.2,2377.35,1775.8,2384.35,1753.15,2396.1,1737.5,2409.35,1725.8
4-54,Uninfected,No_comment,Polygon,15,1788.25,1707.05,1807.75,1704.7,1835.95,1707.05,1860.15,1721.1,1871.1,1744.55,1872.65,1768.75,1867.9,1793.75,1851.5,1813.3,1829.7,1822.7,1809.35,1823.45,1783.6,1814.85,1763.25,1799.2,1753.9,1775,1756.25,1750.8,1765.6,1723.45
4-55,Uninfected,No_comment,Polygon,14,3722.65,1621,3747.85,1618.15,3770.15,1625.35,3788.85,1638.3,3793.9,1656.25,3795.3,1678.6,3782.35,1700.1,3765.8,1710.9,3743.5,1716,3719.75,1711.65,3703.2,1697.3,3692.45,1673.55,3691.65,1649.8,3703.2,1628.95
4-56,Uninfected,No_comment,Polygon,16,3914.7,1766.3,3936.35,1755.55,3961.5,1749.1,3986,1749.1,4006.15,1762.05,4007.55,1781.45,4003.2,1803.75,3989.6,1818.9,3970.1,1830.4,3949.3,1839,3928.4,1846.2,3905.35,1844.8,3887.4,1836.1,3877.35,1816.7,3883.8,1793.65,3898.15,1775
4-57,Uninfected,No_comment,Polygon,15,3634.1,1713.85,3654.3,1715.25,3675.9,1723.2,3689.5,1738.3,3696.75,1756.3,3698.85,1781.45,3691,1797.3,3669.35,1810.25,3648.55,1815.95,3626.25,1812.35,3607.55,1799.4,3596,1782.2,3593.8,1759.9,3597.4,1739,3611.85,1723.85
4-58,Uninfected,No_comment,Polygon,17,3819.8,1837.6,3837.75,1836.1,3860.05,1843.35,3879.45,1856.3,3892.4,1876.45,3898.15,1896.6,3896.05,1920.35,3890.3,1941.9,3877.35,1953.4,3861.45,1961.35,3839.15,1965.6,3809,1960.6,3786.7,1942.65,3778.75,1914.55,3778,1887.9,3783.75,1865.6,3799.65,1846.95
4-59,Uninfected,No_comment,Polygon,17,3685.25,1962.8,3702.45,1960.6,3727.7,1968.55,3747.05,1982.9,3757.85,2000.2,3767.2,2023.2,3764.4,2044.1,3752.15,2060.65,3735.55,2070,3714,2074.25,3693.85,2072.15,3672.3,2061.3,3652.15,2045.5,3642.8,2023.95,3642.8,1998.05,3652.15,1979.35,3667.25,1966.4
4-60,Uninfected,No_comment,Polygon,14,3386.65,1644.05,3406.8,1643.3,3435.55,1653.4,3446.3,1669.95,3451.4,1692.2,3449.25,1710.9,3442.05,1728.2,3424.75,1737.55,3403.2,1742.55,3381.55,1739,3361.4,1724.6,3349.95,1703.05,3351.4,1677.15,3360.75,1659.1
4-61,Uninfected,No_comment,Polygon,18,3202.45,1713.1,3226.85,1713.85,3249.95,1723.2,3265.75,1737.55,3278,1758.45,3280.1,1780,3277.25,1798.75,3266.5,1817.45,3254.95,1831.85,3235.55,1843.35,3214.7,1846.2,3190.95,1841.2,3170.05,1829.65,3154.9,1808.75,3146.3,1780,3147.05,1751.95,3160,1732.55,3180.15,1719.6
4-62,Uninfected,No_comment,Polygon,17,3645.6,2212.4,3666.5,2208.8,3692.45,2216.05,3721.15,2230.45,3734.9,2251.25,3742.05,2272.15,3737.7,2293.7,3731.95,2310.25,3721.95,2325.35,3704.6,2331.15,3681.65,2332.55,3659.35,2326.15,3642.8,2313.85,3628.4,2295.85,3616.1,2275.75,3613.95,2252,3622.65,2229.7
4-63,Uninfected,No_comment,Polygon,15,3403.85,2261.35,3421.9,2258.5,3440.55,2263.55,3458.6,2275.05,3472.2,2294.45,3472.2,2319.6,3467.2,2340.5,3455.65,2355.65,3434.85,2365,3412.55,2364.2,3393.85,2357.05,3375.15,2337.65,3365.75,2313.2,3366.5,2288.7,3379.45,2269.95
4-64,Uninfected,No_comment,Polygon,16,3263.55,2081.45,3286.65,2079.35,3315.35,2082.95,3336.25,2098.05,3350.65,2120.3,3353.55,2145.55,3344.85,2172.85,3331.9,2195.85,3307.5,2208.8,3281.6,2210.95,3256.35,2201.6,3239.15,2188.65,3227.65,2164.25,3222.6,2136.2,3230.45,2109.5,3245.6,2091.55
4-65,Uninfected,No_comment,Polygon,15,3111.8,1979.35,3135.55,1977.9,3162.85,1982.15,3184.4,1995.1,3195.2,2014.6,3202.45,2040.5,3194.55,2064.25,3175.8,2085.8,3151.35,2094.4,3121.85,2093.75,3093.75,2081.45,3073.6,2053.45,3070.8,2026.8,3077.2,2003.8,3091.65,1988.7
4-66,Uninfected,No_comment,Polygon,14,2931.9,2121.05,2954.95,2120.3,2982.3,2130.4,2997.4,2144.8,3012.45,2172.1,3008.85,2196.6,2998.05,2218.15,2973.65,2232.6,2950.6,2234.05,2925.45,2225.35,2908.15,2206.7,2896.6,2181.45,2896.6,2154.15,2910.35,2131.15
4-67,Uninfected,No_comment,Polygon,17,3127.6,2349.85,3149.9,2350.6,3170.8,2361.4,3186.6,2374.35,3195.95,2402.4,3197.35,2434,3189.5,2457.1,3177.25,2471.45,3157.1,2482.2,3134.8,2483,3111.8,2474.35,3093.75,2459.9,3082.95,2438.35,3077.2,2410.25,3080.8,2382.95,3094.5,2363.55,3111.8,2354.2
4-68,Uninfected,No_comment,Polygon,16,2922.5,2288.7,2948.45,2288.7,2975.75,2298.05,2992.3,2312.4,3005.25,2333.3,3010.35,2360.65,3003.15,2382.95,2990.9,2398.75,2975.1,2409.6,2947,2414.65,2924.7,2407.45,2899.55,2390.15,2883,2360.65,2881.5,2331.9,2890.85,2308.8,2904.55,2295.2
4-69,Uninfected,No_comment,Polygon,17,2762.85,2372.9,2783.7,2372.9,2805.3,2380.75,2817.5,2394.5,2828.25,2411.7,2836.2,2431.9,2836.95,2455.65,2826.85,2470.7,2813.9,2482.2,2795.95,2488,2771.45,2487.25,2744.1,2477.95,2726.8,2460.65,2718.2,2439.1,2718.95,2414.65,2729.75,2392.3,2746.3,2377.95
4-70,Uninfected,No_comment,Polygon,16,2595.2,1957,2606.65,1941.2,2632.55,1923.95,2659.95,1918.9,2682.25,1924.65,2700.9,1938.3,2711.75,1958.45,2716.05,1984.35,2707.45,2007.4,2693.05,2024.6,2668.6,2033.3,2641.25,2036.9,2621.75,2028.95,2602.4,2015.25,2590.1,1993.7,2586.5,1972.8
4-71,Uninfected,No_comment,Polygon,16,1959.15,1918.9,1989.05,1924.1,2005.25,1935.15,2022.85,1953.95,2029.35,1978,2031.25,2001.35,2021.55,2024.75,2004.6,2041.65,1983.2,2050.75,1948.1,2050.1,1926.05,2037.1,1909.15,2016.3,1901.35,1989.05,1905.9,1956.55,1918.3,1936.45,1939.05,1922.15
4-72,Uninfected,No_comment,Polygon,16,1844.85,2025.4,1860.5,2015,1885.15,2005.9,1909.15,2005.85,1929.3,2014.3,1952,2032.55,1959.15,2048.75,1962.4,2071.5,1953.95,2095.55,1937.75,2112.4,1912.4,2122.15,1885.15,2123.45,1865.05,2115,1846.8,2101.4,1832.55,2074.75,1830.6,2045.55
4-73,Uninfected,No_comment,Polygon,16,2487.1,1835.8,2505.35,1837.1,2522.2,1846.15,2533.2,1859.8,2537.1,1878,2535.8,1898.1,2531.25,1916.95,2519.6,1931.25,2501.45,1937.75,2483.2,1938.4,2463.75,1931.25,2448.85,1916.95,2441,1893.55,2442.3,1870.85,2452.75,1852,2467,1842.25
4-74,Uninfected,No_comment,Polygon,18,1405.25,1757.85,1435.8,1759.15,1462.4,1772.15,1486.4,1785.8,1496.2,1807.2,1500.05,1833.85,1492.3,1860.45,1479.9,1879.3,1458.5,1892.3,1439.05,1896.8,1420.8,1894.85,1398.75,1889.7,1374.05,1871.5,1355.9,1846.8,1353.3,1821.5,1361.7,1797.45,1375.35,1779.3,1388.4,1766.3
4-75,Uninfected,No_comment,Polygon,17,1415.6,2058.5,1433.8,2050.1,1463.05,2044.9,1492.95,2051.4,1506.55,2066.3,1511.1,2085.15,1511.1,2109.15,1502,2129.3,1489.05,2142.95,1465.65,2154,1442.95,2159.8,1422.75,2158.5,1401.35,2150.75,1387.1,2136.45,1381.2,2111.1,1386.45,2086.45,1399.4,2068.25
4-76,Uninfected,No_comment,Polygon,15,2111.1,1876.7,2131.3,1876.7,2156.6,1884.5,2174.1,1898.75,2183.9,1920.85,2186.5,1947.45,2178,1971.5,2158.5,1987.75,2126.75,1994.9,2096.85,1989.05,2079.35,1971.5,2068.25,1946.15,2067.6,1917.6,2078.7,1892.9,2094.25,1883.85
4-77,Uninfected,No_comment,Polygon,15,2492.3,1983.85,2511.15,1981.9,2532.55,1988.4,2549.45,2002,2561.8,2021.5,2565.05,2044.25,2559.25,2068.25,2547.5,2089.05,2524.8,2105.25,2492.3,2106.55,2467.65,2092.95,2448.2,2068.25,2444.3,2039.05,2451.45,2018.25,2466.35,2000.05
4-78,Uninfected,No_comment,Polygon,15,2365.05,1966.3,2389.05,1963.05,2412.45,1966.95,2432.55,1981.9,2437.1,2002.65,2434.5,2028,2423.45,2048.8,2408.55,2063.05,2390.35,2070.2,2368.3,2070.2,2345.6,2059.15,2327.35,2037.1,2323.45,2010.45,2331.9,1991,2343.65,1976.05
4-79,Uninfected,No_comment,Polygon,16,2194.25,2023.45,2216.3,2022.8,2239.75,2032.55,2255.3,2045.55,2265,2065,2265.65,2086.45,2259.85,2110.45,2246.2,2123.45,2231.25,2132.55,2210.45,2136.45,2190.35,2134.5,2169.55,2124.75,2151.4,2103.35,2148.8,2079.3,2155.95,2053.95,2172.15,2034.5
4-80,Uninfected,No_comment,Polygon,16,1410.45,2191,1426.65,2179.95,1448.75,2171.5,1476,2173.45,1498.75,2186.45,1513.05,2208.55,1515,2233.2,1503.95,2261.8,1487.7,2280.6,1467.55,2294.9,1439.05,2297.5,1412.4,2289.7,1389.05,2272.15,1377.95,2247.5,1379.9,2224.1,1391.65,2206.6
4-81,Uninfected,No_comment,Polygon,15,2266.3,2186.45,2287.8,2179.95,2311.8,2183.85,2333.85,2196.2,2350.1,2216.3,2350.1,2241.65,2341.05,2265.65,2324.1,2287.75,2300.75,2299.45,2274.1,2300.1,2248.8,2291,2233.25,2271.5,2227.35,2248.15,2234.55,2220.85,2244.9,2202.05
4-82,Uninfected,No_comment,Polygon,15,2379.95,2218.9,2394.3,2210.5,2416.35,2211.75,2434.5,2224.75,2446.25,2241.65,2448.85,2266.95,2448.85,2290.35,2442.3,2309.2,2428,2324.1,2411.15,2331.9,2391.05,2330.6,2370.85,2316.35,2359.85,2292.3,2357.25,2263.75,2362.45,2238.4
4-83,Uninfected,No_comment,Polygon,17,2060.45,2303.35,2080.65,2297.5,2106.55,2302.05,2129.35,2316.35,2144.25,2336.45,2146.85,2359.2,2145.55,2381.9,2137.1,2400.75,2122.8,2412.45,2101.4,2421.55,2076.1,2420.9,2050.1,2411.8,2031.25,2394.25,2022.85,2370.85,2024.15,2347.5,2033.85,2326.05,2041.65,2311.15
4-84,Uninfected,No_comment,Polygon,15,1777.8,2325.35,1801.8,2324.15,1835.2,2332.8,1856.2,2353.75,1864.8,2380.3,1861.1,2409.35,1848.1,2434,1827.8,2445.7,1798.75,2450.05,1773.45,2443.3,1752.45,2428.45,1737.05,2403.75,1732.05,2377.25,1735.2,2354.4,1756.15,2334
4-85,Uninfected,No_comment,Polygon,13,2062.35,2481.6,2080.25,2475.4,2105.55,2477.8,2124.65,2492.65,2137,2517.95,2133.95,2543.3,2122.8,2563.7,2108.05,2578.45,2085.8,2584.65,2059.9,2579.1,2033.95,2555.65,2030.85,2529.75,2038.85,2501.9
4-86,Uninfected,No_comment,Polygon,16,1621.55,2553.75,1608.65,2566.1,1598.75,2585.3,1596.9,2606.85,1601.25,2625.4,1612.95,2643.3,1637.6,2658.7,1662.35,2661.2,1688.25,2655,1711.1,2640.15,1725.95,2615.55,1723.45,2584,1712.3,2560,1690.75,2542.65,1667.3,2535.85,1637.6,2540.15
4-87,Uninfected,No_comment,Polygon,14,2574.7,2447,2592.6,2442,2617.3,2445.7,2640.75,2460.55,2655.6,2482.8,2659.85,2509.9,2651.25,2531.6,2640.75,2545.8,2623.5,2555.05,2596.95,2554.35,2567.95,2541.45,2550.05,2516.1,2550.65,2488.3,2558,2465.55
4-88,Uninfected,No_comment,Polygon,14,3042.65,2559.35,3067.35,2555.65,3102.5,2561.85,3119.75,2582.8,3132.75,2605,3138.95,2634.6,3130.9,2656.85,3111.75,2675.4,3089.5,2680.3,3063.6,2675.4,3040.8,2660,3022.9,2635.3,3017.3,2602.5,3025.3,2577.9
4-89,Uninfected,No_comment,Polygon,15,2942,2653.8,2962.4,2642.1,2988.3,2643.3,3008.7,2656.3,3028.45,2679.1,3033.35,2705.65,3032.15,2727.25,3023.45,2744.5,3003.75,2756.85,2981.5,2761.85,2957.4,2755.65,2936.45,2740.25,2925.3,2716.7,2925.3,2688.3,2929,2671.05
4-90,Uninfected,No_comment,Polygon,14,2822.25,2636.45,2848.2,2630.3,2877.8,2638.95,2900.05,2656.85,2909.9,2680.95,2911.1,2706.3,2906.85,2732.75,2895.7,2746.35,2876.6,2755.65,2850.6,2753.8,2825.95,2742.1,2807.45,2717.35,2803.1,2684.6,2803.75,2659.35
4-91,Uninfected,No_comment,Polygon,15,2699.4,2644.5,2719.8,2633.45,2745.1,2635.3,2770.35,2650.05,2780.85,2679.1,2785.85,2715.55,2774.7,2738.4,2755.6,2754.45,2731.5,2762.4,2708,2762.4,2687.7,2748.2,2670.35,2722.35,2668.5,2690.8,2676.55,2666.7,2684,2655.65
4-92,Uninfected,No_comment,Polygon,16,2611.7,2755.65,2633.35,2750.1,2658.65,2757.5,2682.15,2772.9,2691.4,2800.65,2695.1,2832.75,2688.9,2860,2675.9,2876.6,2653.75,2889.6,2630.9,2893.95,2596.95,2885.9,2578.4,2865.5,2571,2840.8,2573.5,2814.3,2580.9,2787.1,2593.8,2772.35
4-93,Uninfected,No_comment,Polygon,15,2365.4,2722.9,2388.3,2718,2409.85,2724.2,2427.2,2737.75,2440.75,2761.85,2445.1,2792.1,2436.45,2819.85,2422.25,2838.4,2398.8,2852.6,2374.1,2851.95,2352.5,2839.6,2334.6,2815.5,2329.05,2785.9,2336.45,2759.35,2347.5,2737.75
4-94,Uninfected,No_comment,Polygon,15,2161.75,2664.25,2189.5,2661.85,2214.85,2668.55,2238.3,2685.9,2251.2,2710,2250.65,2738.4,2242.6,2760,2226.55,2777.25,2206.2,2788.4,2180.25,2789.6,2156.75,2780.9,2139.5,2763.05,2130.9,2736.45,2131.5,2703.15,2142,2680.3
4-95,Uninfected,No_comment,Polygon,14,1871,2692.65,1900,2686.45,1923.45,2692.65,1943.85,2709.35,1955.55,2735.9,1955.55,2764.85,1945.05,2787.1,1923.45,2799.45,1900.6,2801.3,1875.3,2795.8,1855.55,2777.9,1846.9,2751.95,1845.05,2723.55,1853.7,2705.65
4-96,Uninfected,No_comment,Polygon,16,2030.25,2761.85,2047.55,2751.3,2071.6,2750.1,2095.7,2755,2111.75,2769.2,2118.55,2786.55,2120.4,2816.7,2110.5,2847.6,2090.7,2869.85,2064.85,2885.25,2028.35,2888.4,2003.7,2874.2,1993.85,2850.75,1995.05,2822.9,2003.7,2796.35,2016.7,2776.6
4-97,Uninfected,No_comment,Polygon,17,1751.45,674,1770.8,642.95,1781.7,617.7,1795.15,605.95,1825.4,602.6,1856.5,610.15,1881.7,639.55,1904.4,670.65,1937.25,699.25,1925.45,704.3,1887.6,689.15,1846.4,679.95,1806.9,676.55,1784.25,678.25,1761.6,687.45,1746.4,691.65,1748.95,677.4