94,5312,2988
2-1,Parasitized,No_comment,Polygon,23,3528.8,1567,3529.25,1580.2,3538.7,1592.45,3554.25,1603.75,3569.35,1613.7,3586.8,1618.85,3606.15,1620.75,3626.9,1616.05,3643.9,1603.75,3653.8,1576.9,3653.8,1558,3650.5,1541.5,3636.35,1525.45,3615.1,1518.4,3591.05,1512.75,3570.75,1518.4,3554.25,1524.55,3544.35,1533.5,3539.65,1537.75,3534.9,1539.6,3527.85,1545.3,3525.95,1553.3,3524.05,1561.8
2-2,Parasitized,No_comment,Polygon,18,3834.9,1538.7,3833.5,1525,3841.05,1511.3,3854.25,1500,3872.65,1493.4,3895.3,1489.6,3920.75,1490.1,3946.7,1501.4,3955.65,1515.1,3960.85,1534.45,3957.55,1558,3947.65,1580.2,3933.05,1595.75,3909.9,1604.7,3875,1601.9,3849.55,1588.2,3835.4,1565.1,3833.05,1551.9
2-3,Parasitized,No_comment,Polygon,25,2281.35,2373.3,2285.35,2382.7,2292.5,2393.4,2304.1,2405,2321.95,2409.95,2341.6,2413.5,2364.85,2411.25,2385.8,2406.35,2401,2387.6,2407.7,2367.95,2405.9,2343.85,2401,2328.7,2392.05,2305.45,2377.75,2288.05,2365.7,2277.35,2355.9,2269.75,2341.15,2266.6,2326.45,2272.85,2321.95,2279.55,2315.25,2289.4,2302.75,2295.65,2289.35,2317.95,2283.1,2334.95,2282.25,2347.85,2282.25,2360.35
2-4,Parasitized,No_comment,Polygon,23,2040.6,2049.1,2041.5,2040.15,2049.55,2024.55,2059.8,2013.4,2070.55,2004,2087.95,1994.2,2110.7,1988.85,2124.55,1990.2,2137.5,1995.1,2146.85,2004.45,2154,2014.75,2161.6,2029.45,2162.5,2041.1,2157.15,2058.5,2146.4,2078.6,2134.8,2094.65,2122.75,2107.15,2101.35,2109.4,2079,2109.85,2064.3,2102.25,2049.55,2090.65,2043.75,2076.8,2042.85,2061.6
2-5,Parasitized,No_comment,Polygon,18,1341.85,2094.2,1335.5,2085.25,1330.75,2074.6,1328.6,2056.1,1328.1,2038.7,1337.6,2015.95,1355.6,1995.85,1379.95,1990,1409.05,1988.9,1428.6,1994.2,1439.2,2007.4,1446.1,2024.4,1448.2,2041.35,1438.15,2070.95,1417,2091.6,1405.35,2103.2,1376.25,2108.55,1353.5,2104.85
2-6,Parasitized,No_comment,Polygon,19,1418,1521.75,1419.05,1536,1423.25,1551.35,1428.6,1563.55,1438.6,1577.3,1458.7,1589.45,1479.4,1594.75,1505.3,1593.7,1523.3,1587.35,1540.75,1578.85,1552.95,1561.95,1555,1533.9,1546.05,1507.45,1536,1494.75,1506.85,1473.6,1486.25,1473.05,1449.75,1481.5,1432.25,1490.5,1422.75,1505.3
2-7,Parasitized,No_comment,Polygon,21,1277.8,1580.45,1264.55,1565.1,1261.4,1542.9,1269.85,1514.3,1289.45,1498.45,1314.85,1482.55,1324.9,1477.8,1345,1474.1,1356.65,1477.8,1365.05,1483.65,1384.1,1494.75,1395.8,1510.6,1404.8,1533.35,1404.8,1560.35,1394.15,1581.5,1382.05,1592.65,1363,1603.2,1341.3,1609.05,1316.9,1611.2,1297.35,1604.85,1284.15,1589.45
2-8,Parasitized,No_comment,Polygon,22,2079.5,1293.2,2076.95,1308.1,2082.05,1320.55,2089.35,1335.45,2103.85,1349.15,2126.5,1359.85,2148.3,1361.15,2161.15,1355.6,2172.65,1349.15,2180.8,1340.15,2184.65,1324.8,2188.5,1323.1,2190.6,1313.7,2190.6,1300.45,2187.2,1286.35,2176.5,1269.25,2161.55,1257.65,2142.75,1250.45,2118.8,1250,2092.3,1261.55,2085.05,1275.6,2082.5,1284.65
2-9,Parasitized,No_comment,Polygon,20,2678.3,741.65,2678.3,749.65,2682.65,768.85,2691,782.25,2704.75,792.4,2717.8,798.55,2730.85,800,2748.95,796,2768.9,784.8,2779.75,774.65,2788.45,755.45,2788.45,730.45,2781.2,704.7,2767.1,688.4,2750.8,681.15,2730.85,680.05,2702.6,689.5,2689.9,700,2681.2,718.1,2678.7,729.35
2-10,Parasitized,No_comment,Polygon,30,2750.05,609.8,2750.05,598.55,2751.15,588.75,2757.3,580.45,2768.9,566.65,2773.25,558.7,2776.15,555.8,2785.2,556.15,2793.9,556.15,2807.65,552.9,2820.35,551.8,2832.3,557.25,2836.3,563.75,2839.55,571.35,2843.55,577.55,2850.05,585.5,2851.5,593.85,2851.5,604.7,2849.7,622.45,2846.8,633.35,2840.3,642.05,2830.5,652.55,2815.65,665.2,2792.8,668.85,2778.7,665.95,2768.55,658.35,2758.75,650,2750.8,642.4,2747.15,631.5,2747.15,621.75
2-11,Parasitized,No_comment,Polygon,22,2320,661.95,2325.5,647.8,2331,631.75,2343.55,617.2,2365.5,606.7,2392.95,600.4,2406.65,604.25,2424.3,614.5,2435.7,627.05,2441.2,640.75,2442.75,660.75,2443.55,676.8,2440,690.95,2426.65,704.25,2419.2,715.25,2411,723.15,2389,730.95,2364.7,733.3,2347.85,727.8,2333.7,715.25,2320.8,692.15,2318.05,675.7
2-12,Parasitized,No_comment,Polygon,25,2594.5,2772.3,2594.1,2784.15,2592.6,2793.75,2590.75,2805.25,2591.55,2822.65,2599.7,2836.35,2613.75,2846,2628.2,2854.85,2643.05,2858.6,2660.8,2857.1,2680.4,2850.8,2699.35,2844.85,2713.35,2824.85,2718.2,2811.55,2720.05,2801.15,2719.35,2790.05,2707.5,2783.4,2699.35,2767.1,2694.15,2753,2672.65,2739.3,2658.2,2734.85,2627.5,2741.15,2618.2,2747.85,2605.2,2756.35,2599.7,2763.4
2-13,Uninfected,No_comment,Polygon,21,2558.8,196.4,2578.6,196.4,2593.05,200,2605.65,208.05,2615.6,221.65,2619.15,236.95,2621.85,253.1,2617.35,266.7,2611.9,280.2,2603.85,291.9,2594.85,299.95,2582.25,306.3,2569.55,308.1,2548,304.45,2532.65,293.65,2527.25,282,2522.7,267.6,2520.9,249.5,2524.6,235.15,2531.75,217.1,2541.7,206.25
2-14,Uninfected,No_comment,Polygon,26,2660.55,152.25,2675.95,147.75,2691.25,150.45,2703.8,156.75,2714.65,166.6,2721,175.7,2725.5,193.7,2727.3,205.35,2729.1,220.75,2728.2,236.05,2723.7,247.75,2721,260.35,2715.6,270.3,2707.45,279.3,2697.55,283.8,2686.75,285.6,2670.55,282.9,2659.65,273.9,2649.8,263.05,2641.7,245.95,2635.4,227.05,2633.6,209.85,2632.7,191.9,2635.4,177.5,2642.6,164.8,2649.8,158.5
2-15,Uninfected,No_comment,Polygon,28,2796.6,190.1,2809.3,187.4,2826.4,188.3,2842.55,194.6,2857.05,199.1,2864.25,208.05,2872.35,218,2876.85,232.45,2878.65,242.35,2878.65,253.1,2876.85,265.8,2873.25,273.9,2866.95,284.7,2858.85,293.65,2846.2,300.85,2831.8,306.3,2816.5,308.1,2802.95,309,2789.45,305.35,2775.05,299.95,2767.85,289.2,2760.65,273.9,2757,257.6,2756.1,240.55,2759.7,227.95,2765.15,216.2,2771.45,206.25,2779.55,196.4
2-16,Uninfected,No_comment,Polygon,31,2436.25,351.35,2452.5,352.25,2464.2,354.05,2477.65,358.6,2487.6,364,2495.75,371.2,2504.75,377.5,2512.85,383.8,2517.35,393.65,2523.6,405.45,2525.45,416.25,2526.35,428.85,2526.35,440.5,2523.6,449.6,2520.05,460.4,2511.95,473,2499.35,481.95,2490.35,485.55,2471.4,483.75,2457,477.45,2443.5,469.4,2430.8,459.5,2421.85,448.7,2410.15,435.1,2401.15,418.95,2397.55,404.55,2397.55,391.85,2400.25,380.2,2405.65,371.2,2414.65,361.3,2423.65,354.95
2-17,Uninfected,No_comment,Polygon,29,1999.3,334.25,2012.8,333.35,2025.4,334.25,2038.95,336.95,2051.55,343.2,2059.65,349.5,2068.6,357.7,2076.75,367.6,2080.4,382.9,2082.2,398.2,2082.2,410.85,2081.3,424.35,2077.65,436.9,2070.5,446.9,2059.65,455.9,2048.85,462.2,2034.45,465.8,2020,465.8,2002,459.5,1985.75,450.5,1977.6,442.35,1968.65,431.5,1964.15,419.85,1958.75,400,1958.75,382.9,1962.35,369.4,1967.75,359.5,1975.8,349.5,1986.65,338.7
2-18,Uninfected,No_comment,Polygon,28,1774.95,290.1,1790.25,287.4,1804.65,287.4,1818.2,288.3,1833.5,296.35,1844.3,307.2,1854.25,318.05,1862.35,330.65,1865.95,347.7,1867.75,369.4,1866.85,382,1860.55,391.85,1854.25,400,1843.4,409.95,1834.4,416.25,1825.4,418.95,1811.9,418.05,1795.6,417.15,1781.25,412.65,1767.75,404.55,1756.9,397.3,1747.9,386.45,1743.4,372.1,1740.7,354.05,1741.6,334.25,1747,316.25,1756,304.45,1763.25,298.15
2-19,Uninfected,No_comment,Polygon,30,1921.8,461.3,1938.9,463.1,1954.25,467.6,1966.85,473,1979.5,478.35,1990.3,487.4,1995.7,496.45,2001.1,505.45,2010.1,517.15,2011.9,527.9,2011.9,536.95,2010.1,547.8,2007.4,555,2002,561.3,1995.7,567.55,1986.65,572.05,1975.8,575.65,1962.35,576.55,1947.95,577.45,1931.65,574.75,1917.3,569.35,1905.6,562.2,1894.75,554.1,1887.5,543.3,1881.25,529.7,1882.15,512.65,1885.7,492.85,1892.95,482.85,1901.1,475.65,1909.2,469.4
2-20,Uninfected,No_comment,Polygon,27,3154.35,323.45,3166.95,321.65,3182.3,321.65,3198.5,324.35,3213.8,333.35,3225.55,342.3,3231.85,354.95,3237.25,366.7,3239.95,382.9,3243.55,397.3,3241.75,412.65,3238.15,426.15,3230.05,439.6,3217.45,452.3,3204.75,456.8,3186.8,460.4,3166.95,456.8,3148.95,450.5,3134.55,440.5,3126.45,427.95,3120.1,412.65,3117.4,394.55,3115.65,377.5,3119.2,360.4,3126.45,347.7,3136.35,333.35,3142.65,327.95
2-21,Uninfected,No_comment,Polygon,24,2520.05,555,2536.3,550.5,2549.8,551.4,2564.2,555,2576.8,561.3,2588.55,572.05,2595.75,582.95,2600.25,598.25,2602.05,612.6,2602.05,628.9,2598.45,643.3,2590.35,655,2580.45,663.95,2568.65,671.2,2552.5,675.75,2538.1,675.75,2522.7,672.1,2511.05,663.05,2501.15,651.4,2494.85,637,2491.25,618,2492.15,600.05,2498.45,582.95,2505.65,568.45
2-22,Uninfected,No_comment,Polygon,26,2230.85,661.25,2248.8,660.35,2265.1,663.95,2281.3,671.2,2293,678.45,2302.9,689.25,2312.85,706.3,2315.55,721.7,2315.55,740.6,2311.05,754.95,2305.6,769.45,2295.65,780.25,2285.8,788.35,2271.4,792.85,2248.8,794.6,2232.65,791.05,2215.55,785.65,2202,774.85,2193.9,762.2,2188.5,746.9,2186.7,731.6,2187.6,714.4,2191.2,699.15,2200.2,687.45,2207.4,674.85,2217.35,666.65
2-23,Uninfected,No_comment,Polygon,26,1464.1,735.2,1473.1,729.8,1485.7,729.8,1501.05,728,1516.35,731.6,1529.85,739.7,1543.4,747.8,1550.6,759.45,1558.7,771.25,1562.3,782.95,1561.4,794.6,1558.7,810.9,1553.3,821.7,1545.2,831.6,1537.1,836.1,1524.5,842.35,1512.75,843.25,1496.55,843.25,1477.55,836.1,1460.5,826.2,1447,810.9,1437.95,793.7,1436.15,780.25,1438.85,767.65,1447.9,754.05,1455.1,745.1
2-24,Uninfected,No_comment,Polygon,25,2461.5,706.3,2474.1,706.3,2490.35,709,2499.35,711.7,2511.95,718.95,2523.6,728,2531.75,737,2534.5,750.45,2532.65,765.85,2529.95,781.15,2522.7,791.95,2514.65,805.4,2502.05,814.5,2490.35,820.8,2475.85,821.7,2460.6,819,2447.1,811.8,2435.35,802.7,2425.45,791.05,2420.95,776.65,2420.05,763.1,2424.55,746,2430.8,732.5,2440.75,718.05,2453.4,709.9
2-25,Uninfected,No_comment,Polygon,25,1810.1,925.3,1820.9,920.8,1833.5,920.8,1849.7,920.8,1865.05,927.1,1879.45,935.15,1890.25,943.3,1899.3,953.25,1906.5,961.35,1911.9,974.85,1914.6,991.05,1913.7,1005.5,1910.1,1019.9,1900.2,1028.85,1889.35,1034.3,1874.95,1036.1,1855.15,1036.1,1838,1026.15,1829,1019,1817.3,1008.2,1806.5,994.7,1799.25,982.9,1795.6,966.75,1794.7,951.45,1799.25,935.15
2-26,Uninfected,No_comment,Polygon,25,2193,934.25,2202,934.25,2218.25,937.85,2230.85,944.2,2240.75,950.55,2247.95,958.65,2253.35,967.65,2257.85,982.9,2257.85,997.4,2256.95,1010.9,2253.35,1023.45,2247.95,1033.4,2236.25,1045.15,2225.45,1049.65,2213.7,1055.05,2194.8,1055.95,2176.8,1050.55,2165.95,1043.35,2152.45,1027.95,2144.35,1010.9,2141.65,991.05,2144.35,972.15,2155.15,955.95,2168.65,943.3,2179.5,936.05
2-27,Uninfected,No_comment,Polygon,28,2445.3,907.3,2459.7,907.3,2473.2,910,2484,913.6,2493.95,920.8,2498.45,929.75,2504.75,939.65,2509.25,953.25,2511.05,966.75,2511.05,981.1,2506.55,995.6,2500.25,1007.3,2490.35,1018.1,2477.65,1027.95,2462.4,1039.75,2445.3,1046.05,2424.55,1046.95,2409.25,1038.85,2392.1,1027.95,2378.6,1012.7,2371.4,994.7,2370.5,975.7,2377.7,955.95,2386.65,941.45,2399.35,929.75,2410.15,919,2424.55,910.9,2434.45,908.2
2-28,Uninfected,No_comment,Polygon,28,2300.2,1011.8,2313.75,1009.1,2331.75,1008.2,2346.15,1011.8,2357.9,1018.1,2367.8,1026.15,2377.7,1036.1,2385.75,1047.85,2392.1,1062.25,2393.9,1073.9,2393.9,1086.6,2392.1,1099.2,2386.65,1110,2379.5,1118.05,2370.5,1124.4,2358.8,1128.95,2345.25,1131.65,2328.15,1128.95,2310.15,1122.55,2297.55,1116.25,2281.3,1106.4,2275,1092,2270.5,1078.45,2269.6,1061.35,2271.4,1044.25,2276.8,1029.75,2284,1019.9,2288.5,1018.1
2-29,Uninfected,No_comment,Polygon,26,2997.6,714.4,3014.7,717.15,3026.4,722.6,3037.25,730.7,3046.25,740.6,3054.35,756.75,3057.05,769.45,3058.85,784.75,3058.85,800,3056.15,815.4,3048.95,828.9,3041.75,840.55,3031.8,851.4,3020.1,859.55,3005.7,864.05,2989.5,864.05,2970.55,859.55,2956.15,848.65,2945.35,837.9,2936.3,819.9,2935.4,799.1,2939.9,777.55,2950.75,757.65,2961.55,740.6,2973.25,728.9,2982.25,718.95
2-30,Uninfected,No_comment,Polygon,23,3264.3,582.95,3282.3,584.75,3297.65,592.85,3312.95,604.55,3318.35,618.9,3325.55,637,3330.05,655,3329.15,671.2,3321.95,688.35,3310.25,704.5,3290.4,714.4,3270.6,718.95,3253.45,716.25,3235.45,708.1,3219.25,696.45,3206.65,680.25,3200.3,660.35,3202.1,642.4,3206.65,621.6,3215.65,608.15,3228.25,596.45,3241.75,586.55,3249.8,583.85
2-31,Uninfected,No_comment,Polygon,22,3510.25,644.2,3521.9,642.4,3538.2,646,3548.1,651.4,3560.7,663.95,3565.2,676.65,3568.75,691.95,3568.75,703.6,3568.75,718.05,3565.2,729.8,3556.2,744.2,3543.6,751.35,3530.05,754.95,3511.15,757.65,3491.35,752.25,3473.3,742.4,3458,724.4,3456.2,702.7,3460.7,684.75,3470.6,669.4,3483.2,656.8,3496.75,647.8
2-32,Uninfected,No_comment,Polygon,24,3638.2,684.75,3655.3,684.75,3670.65,685.65,3685.95,691.95,3695.85,700.05,3699.45,711.7,3701.25,726.2,3700.35,742.4,3697.65,756.75,3693.15,771.25,3685.05,782.95,3672.45,793.7,3663.4,800,3649,805.4,3636.4,808.15,3622.85,806.35,3603.05,796.4,3592.25,779.35,3588.65,759.45,3590.45,740.6,3594.95,725.3,3603.05,712.6,3613.8,700.05,3626.5,692.85
2-33,Uninfected,No_comment,Polygon,23,2641.7,1005.5,2660.55,1001.9,2676.85,1001,2691.25,1001,2708.35,1003.7,2722.8,1008.2,2731.8,1016.3,2736.3,1027.95,2739,1040.65,2734.5,1055.05,2726.4,1072.1,2714.65,1085.7,2702.9,1094.7,2684.95,1100.1,2661.55,1101,2647.1,1101,2628.2,1092,2615.6,1078.45,2609.25,1066.7,2606.55,1049.65,2611.05,1031.55,2622.75,1018.1,2630.9,1012.7
2-34,Uninfected,No_comment,Polygon,25,2555.2,1101,2575.9,1100.1,2587.65,1102.8,2599.35,1109.1,2615.6,1121.65,2627.3,1138.85,2633.6,1153.25,2635.4,1171.25,2634.5,1184.8,2630,1193.8,2624.6,1202.75,2615.6,1210.85,2604.75,1216.3,2593.05,1220.85,2579.55,1220.85,2560.6,1218.1,2543.5,1212.65,2533.6,1203.65,2524.6,1194.7,2519.15,1180.3,2516.45,1166.7,2515.55,1146.05,2520.9,1128.95,2531.75,1116.25,2544.4,1105.5
2-35,Uninfected,No_comment,Polygon,22,3627.4,938.75,3636.4,934.25,3651.7,933.35,3668.8,936.05,3681.45,943.3,3690.45,955.05,3692.25,966.75,3694.05,979.3,3692.25,993.8,3689.55,1006.4,3685.05,1018.1,3676.95,1028.85,3665.2,1037,3649.9,1040.65,3637.3,1040.65,3622.85,1033.4,3611.15,1023.45,3603.95,1008.2,3599.45,991.95,3598.55,973.95,3603.95,958.65,3612,947.85
2-36,Uninfected,No_comment,Polygon,25,3188.6,1142.45,3199.4,1132.55,3212,1128,3228.25,1124.4,3248.05,1124.4,3262.5,1128,3276,1135.25,3292.2,1143.35,3304.8,1152.35,3311.15,1161.3,3314.75,1175.8,3315.65,1190.2,3312.05,1201.9,3306.65,1209.95,3296.65,1216.3,3283.2,1219,3270.6,1222.65,3257.95,1222.65,3240.85,1218.1,3220.15,1208.15,3204.75,1199.2,3194,1186.6,3187.7,1172.15,3184.1,1162.2,3182.3,1151.45
2-37,Uninfected,No_comment,Polygon,26,3655.8,1131.15,3666.15,1129.25,3679.35,1127.4,3692.6,1128.3,3706.75,1130.2,3719.95,1137.75,3726.55,1147.2,3734.1,1159.45,3736.9,1172.65,3736.9,1184.95,3735.05,1196.25,3729.35,1206.6,3721.8,1215.1,3713.35,1223.6,3700.1,1230.2,3686.9,1233.05,3672.75,1234,3655.8,1231.15,3639.75,1223.6,3629.35,1212.3,3621.8,1199.1,3618.05,1184,3620.85,1171.7,3624.65,1158.5,3633.15,1146.3,3640.7,1137.75
2-38,Uninfected,No_comment,Polygon,28,3105.1,1193.95,3115.2,1190.9,3127.3,1189.85,3142.45,1191.9,3161.65,1196.95,3170.7,1205,3177.8,1214.15,3182.85,1227.3,3185.85,1241.4,3184.9,1255.55,3180.8,1269.65,3176.8,1281.8,3170.7,1296.95,3161.65,1308.1,3150.5,1314.15,3139.45,1318.2,3128.3,1321.2,3117.2,1321.2,3099.05,1320.2,3086.9,1315.15,3074.8,1303.05,3065.65,1291.9,3062.65,1273.75,3064.7,1254.55,3068.75,1240.4,3075.75,1225.25,3083.9,1212.1,3092.95,1202
2-39,Uninfected,No_comment,Polygon,24,3372.75,1234.35,3382.85,1234.35,3394,1235.35,3406.1,1239.4,3419.25,1246.45,3429.35,1254.55,3436.4,1263.65,3440.4,1274.7,3438.45,1287.9,3433.4,1300,3426.3,1309.1,3416.2,1317.2,3401.05,1325.25,3382.85,1329.3,3368.75,1331.3,3352.55,1331.3,3337.4,1328.3,3321.25,1318.2,3315.15,1302,3316.2,1282.85,3324.3,1268.7,3337.4,1252.55,3351.55,1243.45,3359.65,1238.4
2-40,Uninfected,No_comment,Polygon,25,2796.95,1196.95,2817.2,1196.95,2835.4,1199,2851.5,1207.05,2859.65,1216.15,2866.65,1226.25,2869.75,1241.4,2870.75,1253.55,2868.7,1269.65,2863.65,1284.8,2857.6,1293.95,2854.6,1303.05,2846.45,1312.15,2835.4,1317.2,2817.2,1318.2,2804.05,1319.2,2789.95,1314.15,2777.8,1305.05,2767.7,1291.9,2759.65,1277.8,2753.55,1258.6,2756.55,1241.4,2765.7,1222.2,2774.8,1210.05,2780.85,1201
2-41,Uninfected,No_comment,Polygon,19,3913.3,1369.75,3931.95,1366.8,3952.55,1366.8,3983.9,1372.7,4003.5,1382.5,4011.35,1400.15,4011.35,1416.85,4000.55,1434.5,3987.85,1451.15,3971.15,1460.95,3950.55,1464.85,3929.95,1463.9,3906.45,1458,3886.85,1455.05,3872.1,1443.3,3866.25,1423.7,3871.15,1403.1,3880.95,1388.4,3892.7,1378.6
2-42,Uninfected,No_comment,Polygon,18,3726,1335.45,3746.6,1333.5,3770.15,1337.4,3795.65,1350.15,3807.4,1366.8,3808.4,1386.45,3803.5,1406.05,3795.65,1421.75,3784.9,1435.45,3769.15,1448.25,3748.55,1453.1,3722.1,1449.2,3704.45,1438.4,3689.75,1421.75,3683.85,1401.15,3686.8,1374.65,3696.6,1358,3705.45,1348.2
2-43,Uninfected,No_comment,Polygon,17,3589.7,1391.35,3611.3,1391.35,3631.9,1396.25,3650.5,1408,3658.35,1422.7,3662.3,1439.4,3661.3,1457.05,3654.45,1471.75,3643.65,1485.45,3629.9,1495.25,3609.35,1499.2,3583.85,1497.25,3563.25,1483.55,3550.55,1460.95,3545.6,1437.4,3555.4,1416.85,3570.1,1403.1
2-44,Uninfected,No_comment,Polygon,18,3766.2,1570.75,3789.75,1571.8,3808.4,1581.55,3828,1591.35,3842.7,1605.1,3853.5,1628.6,3849.55,1647.25,3845.65,1662.95,3835.85,1678.65,3815.3,1689.4,3790.75,1693.35,3766.2,1686.5,3746.6,1676.65,3737.8,1662.95,3731.9,1643.35,3728.95,1616.85,3732.9,1600.2,3742.7,1585.5
2-45,Uninfected,No_comment,Polygon,19,3375,1373.7,3394.6,1371.7,3419.1,1376.6,3435.8,1387.4,3448.5,1406.05,3455.4,1427.6,3454.4,1449.2,3450.5,1463.9,3436.75,1480.55,3416.15,1491.35,3395.55,1492.35,3375,1488.4,3360.25,1480.55,3346.55,1465.9,3335.75,1446.25,3336.75,1425.65,3340.65,1410.95,3348.5,1395.3,3356.4,1384.45
2-46,Uninfected,No_comment,Polygon,22,3382.85,1530.55,3402.45,1530.55,3427,1534.5,3440.7,1545.3,3453.45,1556.05,3462.3,1571.8,3468.15,1590.4,3470.1,1608.05,3468.15,1626.65,3462.3,1637.45,3453.45,1650.2,3435.8,1661,3422.05,1664.9,3402.45,1663.9,3381.85,1658.05,3362.25,1650.2,3342.6,1633.55,3328.9,1609,3329.9,1585.5,3335.75,1564.9,3351.5,1548.2,3367.15,1536.5
2-47,Uninfected,No_comment,Polygon,19,3166.1,1442.3,3182.8,1438.4,3199.45,1438.4,3224.95,1448.25,3245.6,1458,3256.35,1474.7,3259.3,1495.25,3256.35,1510.95,3249.45,1524.7,3239.65,1533.5,3227.95,1539.4,3204.35,1541.35,3188.7,1540.35,3171.05,1533.5,3155.35,1522.7,3144.55,1506.05,3139.7,1484.5,3140.65,1466.85,3149.45,1453.1
2-48,Uninfected,No_comment,Polygon,20,2921.95,1242.3,2938.65,1242.3,2962.15,1246.2,2984.7,1260.9,2994.55,1279.55,3001.4,1301.1,2999.45,1320.75,2994.55,1336.4,2984.7,1350.15,2975.9,1358,2959.25,1362.9,2941.6,1363.9,2920,1360.95,2899.4,1348.2,2885.7,1331.5,2879.8,1310.95,2879.8,1290.35,2886.65,1273.65,2898.45,1260.9,2909.2,1250.15
2-49,Uninfected,No_comment,Polygon,17,3580.9,1718.85,3590.7,1713.95,3610.3,1710,3630.9,1717.9,3638.8,1733.55,3644.65,1757.1,3643.65,1777.65,3637.75,1797.3,3626,1812,3604.45,1823.8,3584.8,1826.7,3563.25,1819.85,3552.45,1807.1,3544.6,1788.5,3542.65,1768.85,3549.5,1745.3,3562.25,1728.65
2-50,Uninfected,No_comment,Polygon,17,3875.05,1766.9,3896.65,1766.9,3916.25,1772.75,3936.85,1786.5,3946.65,1805.1,3953.5,1827.7,3951.55,1851.2,3941.75,1868.85,3925.05,1877.7,3905.45,1880.65,3883.9,1880.65,3862.3,1872.8,3843.7,1852.2,3834.85,1830.6,3834.85,1811,3840.75,1795.3,3851.55,1777.65
2-51,Uninfected,No_comment,Polygon,19,3651.5,1821.8,3673.05,1812.95,3696.6,1814.95,3724.05,1828.65,3739.75,1844.35,3749.55,1862,3753.45,1882.6,3749.55,1904.15,3741.7,1920.85,3730.9,1932.6,3714.25,1943.4,3693.65,1949.25,3672.1,1950.25,3649.55,1942.4,3634.85,1929.7,3622.1,1910.05,3613.25,1884.55,3619.15,1858.05,3630.9,1837.5
2-52,Uninfected,No_comment,Polygon,18,3768.2,1935.55,3782.9,1930.65,3808.4,1933.6,3830.95,1948.3,3837.85,1963.95,3836.8,1986.5,3833.9,2007.1,3825.05,2022.8,3811.35,2034.55,3794.65,2039.45,3776.05,2040.45,3757.4,2038.5,3737.8,2033.6,3725.05,2015.95,3720.15,1995.35,3726,1974.75,3735.8,1958.1,3747.6,1946.3
2-53,Uninfected,No_comment,Polygon,17,2976.9,1478.6,2991.6,1475.65,3015.1,1475.65,3037.65,1488.4,3053.35,1508,3061.2,1532.55,3063.15,1559,3053.35,1578.6,3042.55,1592.35,3025.9,1599.2,3005.3,1601.15,2983.75,1593.3,2963.2,1576.65,2949.4,1556.05,2945.55,1531.55,2949.4,1511.95,2958.25,1495.25
2-54,Uninfected,No_comment,Polygon,18,3033.8,1628.6,3058.25,1626.65,3084.75,1633.55,3104.4,1645.3,3113.15,1660,3117.1,1680.6,3115.15,1696.3,3110.25,1714.9,3095.5,1731.6,3081.8,1739.45,3063.15,1744.35,3042.55,1742.35,3022.95,1734.5,3004.35,1719.8,2995.5,1701.2,2995.5,1679.6,3000.4,1656.1,3011.2,1640.4
2-55,Uninfected,No_comment,Polygon,19,3826.05,2070.9,3842.7,2070.9,3859.35,2079.7,3878,2091.45,3885.85,2108.1,3891.75,2126.75,3885.85,2151.25,3878,2165,3859.35,2180.65,3844.65,2186.55,3828,2187.55,3811.35,2183.6,3794.65,2173.8,3780,2158.1,3771.1,2134.6,3776.05,2113,3783.85,2092.4,3796.6,2079.7,3808.4,2072.8
2-56,Uninfected,No_comment,Polygon,18,3043.55,1770.85,3068.05,1770.85,3093.55,1779.65,3109.25,1795.3,3120.05,1817.85,3121,1839.45,3117.1,1857.1,3112.2,1873.75,3104.4,1887.5,3084.75,1896.3,3064.15,1898.3,3042.55,1896.3,3024.9,1885.55,3013.15,1868.85,3002.35,1844.35,3001.4,1819.85,3008.25,1800.2,3020,1785.5
2-57,Uninfected,No_comment,Polygon,16,2886.65,1698.25,2909.2,1691.4,2937.65,1690.4,2957.25,1704.15,2965.1,1727.65,2966.1,1750.2,2956.3,1770.85,2942.55,1783.55,2922.95,1796.3,2902.35,1804.15,2886.65,1801.2,2871,1790.4,2861.15,1769.8,2856.25,1744.35,2859.2,1725.7,2871,1711.95
2-58,Uninfected,No_comment,Polygon,18,2735.65,1437.4,2754.3,1437.4,2783.7,1445.25,2796.45,1459.95,2804.35,1482.5,2804.35,1507.05,2800.4,1525.65,2789.6,1537.45,2774.9,1549.2,2754.3,1556.05,2737.6,1556.05,2720.95,1549.2,2707.25,1535.45,2696.45,1516.85,2694.5,1494.3,2699.4,1477.6,2706.25,1460.95,2717.05,1448.25
2-59,Uninfected,No_comment,Polygon,17,2971,1903.2,2993.55,1898.3,3017.1,1902.2,3035.7,1911,3047.5,1923.75,3054.35,1946.3,3054.35,1969.85,3048.45,1986.5,3039.65,2000.3,3021,2012,3000.4,2017.95,2971.95,2014.95,2956.3,2004.15,2941.6,1978.7,2938.65,1948.3,2947.45,1926.7,2958.25,1912.05
2-60,Uninfected,No_comment,Polygon,16,3705.45,2255.2,3733.85,2260.1,3754.45,2272.85,3768.2,2289.5,3771.1,2312.05,3771.1,2331.7,3763.3,2347.35,3748.55,2362.1,3731.9,2367.95,3711.3,2369.9,3687.8,2363.05,3670.15,2348.35,3663.25,2322.9,3666.2,2301.3,3676,2283.65,3683.85,2265
2-61,Uninfected,No_comment,Polygon,16,3177.9,2070.9,3200.45,2067.9,3227.95,2071.85,3248.5,2082.6,3258.3,2107.15,3259.3,2134.6,3250.5,2155.2,3236.7,2166.95,3215.15,2172.85,3196.5,2174.8,3180.85,2169.9,3163.2,2158.1,3151.4,2139.5,3148.45,2116.95,3154.35,2093.4,3164.15,2081.65
2-62,Uninfected,No_comment,Polygon,18,2675.9,1646.25,2695.45,1642.35,2720.95,1648.25,2739.6,1661,2751.4,1679.6,2757.25,1698.25,2757.25,1718.85,2750.35,1734.5,2739.6,1750.2,2721.95,1763.95,2701.35,1763.95,2676.85,1759.05,2653.3,1746.3,2639.55,1725.7,2634.65,1702.15,2637.6,1680.6,2648.4,1663.9,2661.15,1654.1
2-63,Uninfected,No_comment,Polygon,19,2836.65,2038.5,2850.4,2031.65,2871.95,2031.65,2890.6,2039.45,2905.3,2053.25,2910.25,2069.85,2915.1,2088.55,2915.1,2108.1,2908.25,2129.7,2897.45,2145.35,2879.8,2157.15,2859.2,2161.05,2838.6,2157.15,2825.85,2146.35,2812.15,2130.65,2805.3,2108.1,2807.25,2083.6,2815.1,2066.95,2822,2053.25
2-64,Uninfected,No_comment,Polygon,18,2667,2001.25,2687.6,1996.35,2711.2,2000.3,2731.75,2014,2742.55,2035.6,2745.45,2057.1,2741.55,2075.75,2735.65,2089.5,2719,2100.25,2701.35,2105.15,2686.65,2107.15,2669,2102.25,2654.3,2093.4,2646.45,2078.7,2639.55,2061.05,2641.55,2035.6,2649.35,2017.95,2657.2,2008.1
2-65,Uninfected,No_comment,Polygon,18,2603.3,2100.25,2621.9,2099.3,2642.5,2104.2,2661.15,2119.9,2670.95,2134.6,2675.9,2156.15,2675.9,2176.75,2673.9,2191.45,2663.1,2203.25,2647.4,2211.05,2627.8,2212.05,2611.15,2208.15,2587.65,2196.35,2574.85,2180.65,2570,2156.15,2571.9,2136.55,2579.75,2118.9,2590.55,2110.05
2-66,Uninfected,No_comment,Polygon,19,3340.05,2246.8,3357.1,2246.8,3373,2254.75,3392.3,2266.1,3406,2285.45,3413.9,2307.05,3411.65,2332.05,3402.55,2351.35,3384.35,2366.1,3370.7,2372.95,3352.55,2375.2,3328.65,2370.65,3311.6,2357.05,3298,2336.55,3293.45,2315,3295.7,2291.1,3301.4,2272.95,3313.95,2259.3,3325.25,2251.35
2-67,Uninfected,No_comment,Polygon,21,1361,1016.45,1380.75,1015.9,1400.55,1020.3,1418.1,1032.9,1432.95,1050,1440.65,1065.9,1442.85,1085.7,1439.55,1105.95,1430.2,1125.2,1412.6,1137.9,1392.85,1145.05,1371.4,1143.4,1351.65,1137.9,1336.3,1125.75,1320.85,1110.95,1309.9,1090.65,1306.6,1071.4,1309.9,1054.85,1317,1041.2,1327.45,1028.5,1341.75,1020.85
2-68,Uninfected,No_comment,Polygon,468,1217.55,1162.05,1217,1162.05,1217,1162.6,1216.45,1162.55,1216.45,1163.1,1215.9,1163.1,1215.9,1163.65,1215.35,1163.65,1214.8,1164.2,1214.25,1164.75,1213.7,1164.75,1213.7,1165.3,1213.15,1165.3,1213.15,1165.85,1212.6,1165.85,1212.6,1166.4,1212.05,1166.4,1212.05,1166.95,1211.55,1167.5,1211.55,1168,1211,1168,1211,1168.55,1210.45,1168.55,1210.45,1169.1,1209.9,1169.65,1209.9,1170.2,1209.35,1170.2,1209.35,1170.8,1209.35,1171.35,1208.8,1171.35,1208.8,1171.9,1208.25,1172.45,1207.7,1173,1207.15,1173.55,1207.15,1174.1,1206.6,1174.65,1206.6,1175.2,1206.05,1175.75,1206.05,1176.3,1206.05,1176.85,1205.5,1176.85,1205.5,1177.4,1204.95,1177.95,1204.95,1178.5,1204.4,1179.05,1204.4,1179.6,1203.85,1180.15,1203.85,1180.7,1203.85,1181.25,1203.3,1181.8,1203.3,1182.35,1203.3,1182.9,1203.3,1183.45,1202.75,1184,1202.75,1184.55,1202.75,1185.1,1202.2,1185.65,1202.2,1186.2,1202.2,1186.75,1201.65,1187.3,1201.65,1187.85,1201.65,1188.4,1201.65,1188.95,1201.1,1188.95,1201.1,1189.5,1201.1,1190.6,1200.55,1191.15,1200.55,1191.7,1200.55,1192.25,1200.55,1192.8,1200.55,1193.35,1200.55,1193.9,1200.55,1194.45,1200.55,1195,1200.55,1195.5,1200.55,1196.05,1200.55,1196.6,1200.55,1197.15,1200.55,1197.7,1200.55,1198.3,1200.55,1198.85,1200.55,1199.4,1200.55,1199.95,1200,1200.5,1200,1201.05,1200,1201.6,1200,1202.7,1200,1203.75,1200.55,1204.3,1200.55,1205.4,1200.55,1205.95,1200.55,1206.5,1200.55,1207.6,1200.55,1208.15,1200.55,1208.7,1200.55,1209.25,1201.1,1209.25,1201.1,1209.8,1201.1,1210.35,1201.1,1210.9,1201.1,1211.45,1201.1,1212.55,1201.1,1213.65,1201.1,1214.2,1201.65,1215.3,1201.65,1215.85,1201.65,1216.95,1201.65,1217.5,1201.65,1218,1201.65,1218.55,1201.65,1219.1,1201.65,1219.65,1202.2,1220.2,1202.2,1220.8,1202.2,1221.35,1202.2,1221.9,1202.75,1223,1202.75,1223.55,1202.75,1224.1,1202.75,1224.65,1202.75,1225.2,1203.3,1225.75,1203.3,1226.3,1203.85,1226.85,1203.85,1227.95,1203.85,1228.5,1204.4,1229.05,1204.4,1229.6,1204.4,1230.15,1204.95,1230.7,1204.95,1231.25,1205.5,1232.35,1205.5,1232.9,1206.05,1232.9,1206.05,1233.45,1206.05,1234,1206.6,1234.55,1206.6,1235.1,1206.6,1235.65,1207.15,1235.65,1207.15,1236.2,1207.7,1236.75,1207.7,1237.3,1208.25,1237.85,1208.25,1238.4,1208.8,1238.95,1208.8,1239.5,1209.35,1240.05,1209.9,1240.6,1210.45,1241.7,1211,1242.25,1211,1242.8,1211.55,1243.35,1212.05,1243.9,1212.05,1244.45,1212.6,1244.45,1212.6,1245,1212.6,1245.5,1213.15,1246.05,1213.7,1246.6,1213.7,1247.15,1214.25,1247.15,1214.25,1247.7,1214.8,1248.3,1214.8,1248.85,1215.35,1249.4,1215.35,1249.95,1215.9,1249.95,1216.45,1250.5,1217,1251.05,1217,1251.6,1217.55,1252.15,1218.05,1252.7,1218.6,1253.2,1219.15,1253.75,1219.7,1253.75,1219.7,1254.3,1220.25,1254.85,1220.8,1255.4,1221.35,1255.95,1221.9,1256.5,1222.45,1257.05,1223,1257.05,1223.55,1257.6,1224.1,1257.6,1224.1,1258.15,1224.65,1258.15,1225.2,1258.7,1225.75,1259.25,1226.9,1259.25,1226.9,1259.8,1227.45,1259.8,1228,1260.35,1228.55,1260.35,1229.1,1260.9,1229.65,1260.9,1230.2,1261.45,1231.3,1262,1231.85,1262,1232.4,1262.55,1232.95,1262.55,1233.5,1263.1,1234.05,1263.1,1234.55,1263.65,1235.1,1263.65,1235.65,1263.65,1235.65,1264.2,1236.2,1264.2,1236.75,1264.2,1237.3,1264.75,1237.85,1264.75,1238.4,1264.75,1238.95,1264.75,1239.5,1265.3,1240.05,1265.3,1240.05,1265.85,1241.15,1265.85,1241.7,1266.4,1242.25,1266.4,1242.8,1266.4,1242.8,1266.95,1243.35,1266.95,1243.9,1267.5,1244.45,1267.5,1245,1267.5,1245.55,1268,1246.1,1268,1246.65,1268,1247.2,1268,1247.75,1268,1247.75,1268.55,1248.3,1268.55,1248.85,1268.55,1249.4,1268.55,1249.95,1268.55,1250.5,1269.1,1251.05,1269.1,1252.15,1269.65,1252.7,1269.65,1253.25,1269.65,1254.4,1269.65,1255.5,1269.65,1256.6,1270.2,1257.7,1270.2,1258.25,1270.2,1258.8,1270.2,1259.25,1270.2,1259.8,1270.2,1260.35,1270.2,1260.9,1269.65,1261.45,1269.65,1262,1269.65,1263.1,1269.65,1264.2,1269.65,1265.85,1269.1,1266.95,1269.1,1268.05,1269.1,1269.15,1268.55,1269.7,1268.55,1270.25,1268.55,1271.35,1268,1271.9,1268,1272.45,1267.5,1273,1266.95,1274.1,1266.4,1275.2,1266.4,1276.35,1265.85,1276.9,1265.3,1278,1264.75,1278.55,1264.2,1279.65,1264.2,1280.2,1263.65,1281.3,1263.1,1281.85,1262.55,1282.4,1262.55,1282.95,1262,1283.5,1262,1284.55,1261.45,1285.1,1261.45,1285.65,1260.9,1286.75,1260.9,1287.3,1260.9,1287.3,1260.35,1287.85,1260.35,1288.4,1259.8,1288.95,1259.8,1289.5,1259.8,1290.05,1259.25,1290.6,1258.7,1291.15,1258.7,1291.7,1258.15,1292.25,1257.6,1292.8,1257.6,1293.35,1257.05,1293.9,1256.5,1293.9,1255.95,1294.45,1255.4,1295,1254.85,1295,1254.3,1295.55,1253.75,1296.1,1253.75,1296.65,1253.2,1296.65,1252.7,1297.2,1252.7,1297.2,1252.15,1297.75,1251.6,1297.75,1251.05,1298.3,1250.5,1298.85,1249.4,1299.4,1248.3,1299.95,1248.3,1301.05,1247.7,1301.6,1247.15,1302.15,1246.6,1302.7,1246.05,1303.25,1245.5,1303.85,1245,1303.85,1244.45,1304.4,1244.45,1304.95,1243.35,1305.5,1242.8,1306.05,1242.25,1306.6,1241.7,1307.15,1241.15,1307.7,1240.05,1308.25,1239.5,1308.25,1238.95,1308.8,1237.85,1308.8,1237.3,1308.8,1236.2,1309.25,1236.2,1309.25,1235.65,1309.25,1234.55,1309.8,1233.45,1309.8,1232.9,1309.8,1232.35,1310.35,1231.25,1310.35,1229.6,1310.35,1229.05,1310.9,1228.5,1310.9,1227.4,1310.9,1225.75,1310.9,1224.1,1310.9,1223.55,1310.9,1223,1310.9,1222.45,1310.9,1221.35,1310.9,1220.8,1311.45,1220.2,1311.45,1219.65,1311.45,1219.1,1311.45,1218.55,1311.45,1217.5,1311.45,1216.95,1311.45,1215.85,1311.45,1215.3,1312,1214.2,1312,1213.1,1312,1211.45,1312,1210.35,1311.45,1209.8,1311.45,1208.15,1311.45,1207.05,1311.45,1206.5,1311.45,1205.95,1311.45,1205.4,1310.9,1204.3,1310.9,1203.75,1310.9,1203.2,1310.9,1202.15,1310.9,1201.6,1310.9,1200.5,1310.35,1199.95,1310.35,1198.85,1310.35,1197.7,1309.8,1197.15,1309.8,1196.6,1309.25,1195,1308.8,1193.9,1308.8,1193.35,1308.25,1192.25,1308.25,1191.15,1307.7,1190.05,1307.15,1188.95,1307.15,1187.85,1306.6,1186.75,1306.05,1185.65,1304.95,1183.45,1304.4,1182.35,1303.85,1180.7,1302.7,1179.05,1302.15,1177.4,1301.6,1176.3,1301.05,1175.2,1299.95,1174.65,1298.85,1173,1298.3,1171.9,1297.2,1170.2,1296.1,1169.1,1295.55,1168.55,1294.45,1167.5,1293.35,1166.4,1292.8,1165.3,1292.25,1164.75,1291.15,1164.2,1290.6,1163.1,1289.5,1162.55,1287.85,1160.95,1287.3,1159.85,1286.2,1159.3,1285.1,1158.2,1284.05,1157.1,1282.95,1156.55,1281.85,1156,1280.2,1154.9,1279.1,1154.35,1277.45,1153.25,1276.35,1152.7,1275.75,1152.7,1274.65,1152.15,1273.55,1152.15,1272.45,1151.6,1271.35,1151.6,1269.7,1151.05,1268.6,1150.5,1267.5,1150.5,1266.4,1150.5,1264.75,1150,1263.65,1149.45,1262.55,1149.45,1261.45,1149.45,1260.35,1148.9,1259.25,1148.9,1257.7,1148.9,1256.6,1148.9,1255.5,1148.9,1254.95,1148.9,1253.25,1148.9,1252.15,1148.9,1251.05,1149.45,1249.4,1149.45,1248.3,1149.45,1246.65,1150,1245,1150,1243.9,1150.5,1242.8,1151.05,1241.15,1151.6,1240.05,1151.6,1238.95,1152.15,1237.85,1152.7,1236.75,1152.7,1235.65,1153.25,1234.55,1153.25,1234.05,1153.8,1232.95,1153.8,1232.4,1154.35,1231.85,1154.35,1230.75,1154.9,1229.65,1154.9,1229.1,1154.9,1228.55,1155.45,1228,1155.45,1227.45,1155.45,1226.9,1155.45,1226.9,1156,1226.35,1156,1225.75,1156.55,1225.75,1156
2-69,Uninfected,No_comment,Polygon,21,2592.15,1344.05,2605.95,1343.2,2623.05,1346.45,2635.25,1355.4,2649.05,1366.8,2654.7,1380.6,2657.95,1401.75,2653.95,1422.9,2641.75,1441.6,2621.4,1444.85,2606.75,1448.95,2583.2,1448.1,2558.75,1443.25,2547.4,1433.5,2534.4,1417.2,2529.55,1400.95,2530.35,1382.25,2536.05,1366,2546.6,1355.4,2562,1344.9,2577.45,1343.2
2-70,Uninfected,No_comment,Polygon,19,3216.8,2272.65,3231.5,2271.7,3244.25,2276.6,3260.95,2288.3,3268.75,2307.95,3271.7,2325.6,3270.75,2346.2,3261.9,2365.8,3250.1,2375.6,3235.45,2382.45,3215.85,2386.4,3202.05,2385.4,3184.4,2375.6,3171.7,2359.9,3164.8,2335.4,3167.8,2312.85,3175.65,2295.2,3189.3,2281.5,3201.1,2274.6
2-71,Uninfected,No_comment,Polygon,16,3289.35,2582.5,3307,2574.65,3327.55,2577.6,3342.25,2588.35,3354.05,2601.1,3355,2619.75,3354.05,2639.35,3346.2,2649.1,3332.45,2659.95,3313.85,2661.9,3299.15,2659.95,3285.4,2651.1,3275.65,2638.35,3271.7,2623.65,3271.7,2604,3275.65,2591.3
2-72,Uninfected,No_comment,Polygon,20,3278.55,2696.2,3300.1,2694.2,3320.75,2699.1,3331.5,2706,3340.3,2717.8,3350.1,2738.35,3349.15,2758,3343.3,2774.65,3334.45,2790.35,3323.65,2800.15,3308.95,2806.95,3293.3,2811.85,3274.6,2808,3260.95,2800.15,3250.1,2787.4,3242.25,2765.8,3244.25,2742.3,3251.1,2722.7,3259.9,2708.95,3264.8,2703.05
2-73,Uninfected,No_comment,Polygon,22,3133.45,2426.6,3148.2,2423.6,3162.9,2428.5,3174.6,2437.4,3182.45,2447.2,3189.3,2463.85,3192.25,2485.4,3190.35,2504.05,3184.4,2516.8,3175.65,2527.55,3164.8,2537.4,3149.15,2541.25,3135.45,2542.3,3117.8,2537.4,3103.1,2527.55,3092.25,2512.85,3087.35,2496.15,3087.35,2475.6,3094.2,2459.95,3103.1,2446.15,3111.85,2435.4,3120.75,2431.5
2-74,Uninfected,No_comment,Polygon,21,2987.4,2467.75,2999.1,2464.85,3015.8,2464.85,3032.5,2467.75,3042.25,2473.6,3053.1,2486.4,3058,2499.15,3062.9,2514.85,3061.85,2530.5,3056.95,2545.2,3049.1,2556,3041.3,2562.85,3024.6,2566.8,3006.95,2564.85,2992.25,2557.95,2979.5,2546.2,2969.7,2528.55,2965.8,2509.95,2965.8,2494.25,2970.7,2481.5,2975.6,2475.6
2-75,Uninfected,No_comment,Polygon,23,2764.85,2518.7,2779.55,2516.8,2798.15,2519.75,2809.95,2527.55,2823.6,2538.35,2835.4,2557.95,2841.25,2576.6,2843.25,2597.2,2838.35,2620.7,2826.55,2639.35,2809.95,2654,2789.3,2660.9,2773.6,2660.9,2755,2657,2738.35,2648.15,2728.5,2637.4,2717.75,2621.7,2709.9,2603.05,2708.9,2579.55,2710.85,2558.9,2718.7,2545.2,2731.45,2532.5,2746.15,2523.65
2-76,Uninfected,No_comment,Polygon,18,2551.05,2651.1,2569.7,2652.1,2590.3,2655.05,2600.1,2666.8,2605.95,2684.45,2608.9,2705.05,2607,2724.65,2599.15,2739.3,2582.45,2752.1,2561.9,2755.05,2540.3,2753.05,2526.6,2742.3,2517.75,2732.5,2512.85,2712.9,2513.8,2694.2,2519.7,2677.6,2529.5,2663.85,2538.3,2657
2-77,Uninfected,No_comment,Polygon,22,2708.9,2273.65,2720.7,2267.75,2733.4,2265.75,2748.15,2266.8,2764.85,2273.65,2775.6,2285.4,2784.4,2302.1,2787.4,2324.65,2786.35,2346.2,2780.5,2363.85,2769.75,2381.5,2757.95,2389.35,2739.3,2393.25,2722.65,2394.25,2707.95,2388.35,2696.15,2378.5,2685.4,2364.8,2677.55,2346.2,2678.5,2327.55,2683.4,2307.95,2688.3,2294.25,2697.2,2285.4
2-78,Uninfected,No_comment,Polygon,23,2596.15,2223.6,2612.85,2226.55,2632.45,2233.45,2643.2,2247.15,2649.1,2265.75,2655,2284.4,2653,2306,2646.15,2325.55,2635.4,2339.3,2619.7,2349.1,2596.15,2354.95,2578.5,2353,2562.85,2347.15,2552.05,2336.35,2545.2,2324.6,2540.3,2308.9,2539.35,2294.2,2540.3,2274.6,2543.2,2259.85,2550.1,2243.2,2558.9,2234.4,2570.65,2226.55,2580.45,2224.6
2-79,Uninfected,No_comment,Polygon,22,2454.05,2218.7,2472.65,2220.65,2486.4,2228.5,2499.15,2239.3,2507.9,2253,2516.8,2270.65,2518.7,2293.2,2515.75,2311.85,2509.9,2323.65,2498.1,2336.35,2484.4,2342.25,2473.6,2346.2,2449.15,2346.2,2432.45,2337.35,2420.65,2320.65,2410.85,2304.95,2405,2284.4,2404.05,2261.85,2408.95,2249.1,2418.75,2237.3,2429.5,2226.55,2439.3,2222.6
2-80,Uninfected,No_comment,Polygon,22,2278.55,2007.95,2290.25,2004.95,2306,2004,2316.75,2008.9,2330.45,2023.6,2339.3,2043.2,2342.25,2061.8,2344.2,2081.45,2344.2,2102,2335.35,2121.65,2324.6,2135.35,2308.9,2142.2,2291.3,2143.25,2270.65,2136.35,2254,2122.6,2243.2,2104,2238.3,2083.4,2237.3,2066.75,2239.3,2048.15,2248.1,2032.4,2259.85,2020.65,2266.75,2012.8
2-81,Uninfected,No_comment,Polygon,20,2182.4,2306,2194.2,2301.1,2210.9,2302.05,2227.5,2308.9,2242.2,2318.7,2251.1,2333.4,2257.9,2352.05,2259.85,2374.6,2253,2397.15,2237.3,2415.75,2220.65,2426.55,2200.05,2428.5,2176.55,2426.55,2160.9,2414.8,2151.05,2395.15,2146.15,2376.55,2148.1,2353,2156,2335.35,2163.8,2321.65,2170.65,2313.8
2-82,Uninfected,No_comment,Polygon,18,1958.85,1945.1,1977.45,1938.3,1997.1,1937.3,2017.65,1945.1,2037.3,1958.85,2043.2,1980.45,2042.2,2004.95,2032.35,2027.5,2013.75,2047.1,1990.2,2055.95,1969.65,2057.85,1949.05,2051.05,1935.35,2041.25,1925.55,2027.5,1920.6,2007.9,1922.55,1985.35,1933.35,1965.75,1946.1,1954.95
2-83,Uninfected,No_comment,Polygon,20,1766.7,2221.65,1789.25,2218.7,1809.8,2221.65,1828.45,2229.45,1841.2,2243.15,1848.05,2259.85,1849.05,2286.35,1839.25,2307.9,1829.45,2321.65,1809.8,2333.35,1788.25,2335.35,1766.7,2335.35,1750.05,2327.5,1737.3,2313.8,1727.5,2298.1,1725.5,2279.45,1729.4,2261.8,1737.3,2248.1,1746.1,2234.35,1753.95,2227.5
2-84,Uninfected,No_comment,Polygon,19,1695.1,2004.95,1714.75,2001.05,1737.3,2003.95,1752.95,2011.8,1764.7,2025.55,1770.6,2045.15,1774.5,2066.7,1769.6,2085.3,1758.85,2101.05,1743.15,2110.85,1723.55,2118.7,1702.95,2118.7,1683.35,2113.8,1672.55,2103.95,1663.75,2088.3,1660.8,2069.65,1662.75,2050.05,1672.55,2033.4,1684.3,2015.75
2-85,Uninfected,No_comment,Polygon,18,2073.55,1487.3,2091.2,1481.35,2108.85,1485.3,2120.6,1497.1,2128.45,1516.65,2129.45,1537.3,2122.55,1557.85,2115.7,1575.5,2106.9,1586.3,2094.15,1598.05,2080.4,1605.9,2056.9,1607.85,2034.35,1596.1,2024.5,1576.5,2024.5,1558.85,2028.45,1534.3,2040.2,1516.65,2055.9,1502.95
2-86,Uninfected,No_comment,Polygon,18,2179.45,1708.85,2202.95,1706.85,2219.65,1712.8,2229.45,1721.6,2236.3,1734.35,2241.2,1756.9,2240.2,1781.4,2231.4,1801,2211.8,1814.7,2191.2,1818.65,2170.6,1812.8,2152.95,1803,2140.2,1786.3,2135.3,1762.8,2138.25,1745.15,2146.1,1732.4,2156.9,1718.65,2166.7,1711.8
2-87,Uninfected,No_comment,Polygon,19,1537.25,1815.7,1563.7,1814.7,1587.25,1815.7,1603.9,1823.55,1622.55,1841.2,1629.4,1862.8,1635.3,1886.3,1631.35,1902,1620.6,1917.7,1603.9,1930.45,1587.25,1935.35,1559.8,1939.25,1531.35,1927.45,1512.75,1905.9,1504.9,1884.35,1503.9,1860.8,1507.85,1842.15,1518.6,1825.55,1526.45,1821.6
2-88,Uninfected,No_comment,Polygon,17,1227.3,1859.45,1246.8,1854.6,1266.15,1857.45,1286.55,1863.35,1296.25,1881.8,1301.1,1903.15,1296.25,1925.45,1282.65,1942.9,1261.3,1958.5,1241.9,1963.35,1215.65,1963.35,1195.3,1950.7,1187.5,1933.25,1187.5,1913.8,1190.4,1894.35,1200.15,1877.9,1210.8,1867.2
2-89,Uninfected,No_comment,Polygon,18,1946.95,2489.95,1962.95,2487.95,1989.95,2495.95,2005.95,2510.95,2010.95,2534.95,2010.95,2560.95,2003.95,2581.95,1992.95,2599.95,1973.95,2611.95,1953.95,2617.95,1930.95,2613.95,1911.95,2601.95,1895.95,2582.95,1890.95,2562.95,1894.95,2537.95,1905.95,2515.95,1916.95,2503.95,1929.95,2497.95
2-90,Uninfected,No_comment,Polygon,19,2144.95,2495.95,2161.95,2493.95,2177.95,2497.95,2199.95,2505.95,2209.95,2521.95,2216.95,2542.95,2217.95,2564.95,2209.95,2582.95,2194.95,2598.95,2175.95,2610.95,2155.95,2611.95,2132.95,2603.95,2117.95,2588.95,2109.95,2574.95,2104.95,2554.95,2108.95,2534.95,2114.95,2519.95,2124.95,2508.95,2132.95,2501.95
2-91,Uninfected,No_comment,Polygon,20,2286.95,2555.95,2301.95,2553.95,2317.95,2556.95,2333.95,2564.95,2346.95,2577.95,2351.95,2594.95,2351.95,2614.95,2347.95,2635.95,2340.95,2654.95,2326.95,2668.95,2306.95,2680.95,2283.95,2683.95,2261.95,2678.95,2245.95,2663.95,2235.95,2643.95,2234.95,2619.95,2238.95,2597.95,2244.95,2582.95,2253.95,2570.95,2265.95,2560.95
2-92,Uninfected,No_comment,Polygon,20,2313.95,2853.95,2329.95,2848.95,2345.95,2848.95,2364.95,2853.95,2380.95,2862.95,2389.95,2878.95,2390.95,2901.95,2389.95,2922.95,2379.95,2940.95,2366.95,2954.95,2349.95,2965.95,2327.95,2970.95,2307.95,2968.95,2289.95,2961.95,2278.95,2947.95,2274.95,2927.95,2278.95,2905.95,2283.95,2883.95,2294.95,2867.95,2300.95,2859.95
2-93,Parasitized,No_comment,Polygon,17,2526,1540.55,2523.6,1525.45,2525.05,1500,2534.95,1480.1,2556.15,1463.65,2588.7,1457.05,2613.7,1460.35,2629.3,1476.35,2640.6,1498.55,2640.15,1521.7,2635.9,1548.55,2626,1563.2,2604.75,1575.45,2585.9,1579.7,2558.55,1574.05,2543.9,1564.6,2533.55,1553.3
2-94,Parasitized,No_comment,Polygon,16,2641.55,1333.4,2641.1,1304.65,2652.85,1278.75,2676,1264.15,2702.4,1259.9,2722.7,1261.3,2742.5,1271.7,2751,1289.6,2757.1,1307.55,2756.65,1330.15,2743.9,1356.1,2726.95,1367.9,2704.75,1373.55,2677.4,1372.15,2664.15,1363.2,2648.15,1345.75