154,5312,2988
3-1,Uninfected,No_comment,Polygon,21,2313.4,1552.55,2313.4,1538.65,2320.1,1525.2,2331.95,1513.4,2342.8,1504.65,2359.3,1489.15,2375.25,1482.45,2396.4,1483,2423.2,1494.3,2445.35,1503.55,2459.8,1525.2,2463.4,1550.95,2455.15,1571.15,2444.35,1594.25,2420.1,1611.35,2382.5,1614.45,2362.9,1607.2,2355.7,1594.25,2346.9,1582.45,2328.9,1573.7,2318.05,1565.95
3-2,Uninfected,No_comment,Polygon,16,2469.6,1595.85,2475.8,1570.6,2486.6,1558.25,2500,1550.5,2526.8,1550,2549.5,1557.2,2570.1,1572.15,2576.8,1590.7,2578.35,1615.9,2566.5,1637.1,2552.1,1650.5,2522.2,1657.2,2502.6,1650.5,2487.15,1642.8,2474.75,1627.3,2470.1,1605.65
3-3,Uninfected,No_comment,Polygon,15,2396.9,1430.9,2399.5,1415.95,2411.35,1391.75,2437.65,1371.1,2463.4,1364.4,2495.35,1366.95,2517,1377.3,2522.7,1391.75,2528.9,1406.2,2517.55,1436.6,2500.55,1464.95,2476.8,1476.8,2436.1,1480.4,2406.2,1462.9,2397.95,1448.45
3-4,Uninfected,No_comment,Polygon,16,2201.05,1541.75,2192.8,1525.2,2190.2,1505.15,2200,1483,2223.2,1465.45,2251.55,1458.75,2269.6,1456.2,2294.85,1460.25,2308.25,1467.5,2315.45,1483,2311.85,1512.35,2302.6,1540.7,2285.05,1561.35,2261.85,1572.15,2232.5,1571.15,2212.4,1558.25
3-5,Uninfected,No_comment,Polygon,18,2521.65,1479.35,2524.75,1464.35,2536.1,1451,2551.55,1437.1,2577.85,1429.9,2597.95,1436.6,2622.7,1452.55,2639.2,1461.35,2650.55,1477.3,2651.55,1507.65,2643.3,1531.45,2629.9,1547.95,2608.8,1553.6,2577.85,1552.55,2554.15,1542.8,2533,1532.45,2522.2,1517.5,2517,1498.45
3-6,Uninfected,No_comment,Polygon,15,2241.15,1649.7,2242.8,1634.2,2244.9,1616.05,2255.1,1598.9,2273.25,1587.7,2307,1585.6,2331.6,1593.05,2348.65,1611.8,2364.15,1637.95,2357.8,1665.25,2341.15,1686.1,2312.3,1695.7,2290.9,1694.1,2263.6,1682.95,2251.85,1671.7
3-7,Uninfected,No_comment,Polygon,16,2263.65,1247.05,2252.45,1280.2,2254.05,1301.1,2264.2,1317.1,2281.85,1340.65,2295.2,1352.95,2324.1,1356.15,2338.55,1350.8,2351.9,1339.05,2362.6,1313.4,2365.8,1288.8,2359.9,1260.95,2339.6,1244.4,2319.3,1234.75,2290.95,1229.4,2278.65,1234.25
3-8,Uninfected,No_comment,Polygon,20,2384.5,1243.3,2391.45,1224.05,2401.1,1205.35,2407,1180.2,2417.7,1165.8,2432.1,1154,2454.05,1150.25,2467.95,1155.1,2484.5,1156.7,2494.15,1160.45,2508.6,1175.4,2517.7,1199.45,2521.95,1228.35,2522.5,1252.95,2509.65,1271.15,2484.5,1292.5,2435.3,1295.2,2419.3,1288.25,2408.05,1277.55,2388.25,1257.75
3-9,Uninfected,No_comment,Polygon,14,2292,1109.1,2282.4,1128.35,2278.1,1151.9,2284.5,1178.1,2301.1,1200.55,2319.3,1211.25,2340.15,1212.3,2366.85,1207.5,2384,1195.75,2396.3,1165.25,2391.45,1133.15,2367.4,1104.3,2346.55,1098.4,2303.25,1100
3-10,Uninfected,No_comment,Polygon,15,2551.9,1129.4,2539.6,1146.55,2534.25,1175.4,2536.4,1206.4,2546.55,1232.65,2562.05,1246,2583.45,1252.4,2612.35,1244.95,2641.75,1218.2,2652.45,1192.5,2652.45,1175.4,2636.4,1143.3,2607,1121.4,2585.6,1117.1,2566.9,1121.4
3-11,Uninfected,No_comment,Polygon,14,2581.3,1375.95,2580.8,1354,2599.5,1332.1,2632.1,1326.2,2656.7,1330.5,2676.5,1339.05,2687.2,1359.35,2693.1,1388.8,2684.55,1421.95,2666.35,1435.3,2638.55,1434.75,2610.2,1427.3,2589.35,1409.1,2582.9,1392.5
3-12,Uninfected,No_comment,Polygon,19,2388.4,772.3,2382.8,758.9,2385.4,738.9,2394.5,721.15,2407.45,708.25,2423.5,697.85,2437.8,686.6,2454.65,678.8,2482.8,677.9,2502.3,694.8,2521.35,725.5,2521.75,753.25,2510.95,772.3,2497.5,793.45,2468.95,811.2,2442.95,812.95,2421.35,808.6,2405.3,794.75,2397.1,787
3-13,Uninfected,No_comment,Polygon,18,2478.9,830.7,2503.6,812.15,2515.25,790.85,2533.45,777.45,2557.25,767.95,2581.95,768.4,2612.7,781.8,2629.55,799.55,2638.65,829.45,2635.2,857.6,2627.4,876.65,2600.15,893.5,2561.15,907.8,2534.75,906.9,2526.95,896.05,2517.45,875.75,2495.35,857.15,2484.95,838.95
3-14,Uninfected,No_comment,Polygon,16,2691.9,744.15,2694.5,718.2,2702.3,691.8,2714,677.95,2726.15,669.7,2749.05,661.9,2775.05,665.4,2788.45,676.2,2807.5,702.6,2811.4,730.75,2807.95,757.15,2789.75,780.95,2767.7,794.8,2739.1,798.3,2715.3,790.95,2697.1,771
3-15,Uninfected,No_comment,Polygon,17,2663.35,998.35,2667.65,967.2,2675,943.8,2686.25,920.4,2708.35,901.35,2735.2,894.85,2760.75,903.95,2774.6,922.15,2781.95,938.15,2782.4,962.85,2777.2,991.4,2760.3,1012.2,2743.4,1023.85,2723.5,1026.1,2704.45,1019.1,2688.45,1008.7,2668.1,1008.35
3-16,Uninfected,No_comment,Polygon,17,2548.6,1023,2534.75,1000.9,2536.05,979.7,2543.4,947.25,2550.75,932.5,2572.4,919.95,2592.75,915.65,2609.65,916.95,2624.35,923.85,2637.35,936,2644.3,955.45,2641.25,983.15,2635.6,1005.7,2625.25,1019.1,2600.55,1030.35,2581.5,1033.4,2568.95,1031.25
3-17,Uninfected,No_comment,Polygon,17,2391,887.95,2390.15,903.1,2396.2,921.7,2402.7,945.1,2418.3,968,2441.25,983.6,2464.2,987.95,2485.85,981.9,2507.9,962.4,2522.65,937.35,2520.9,910.9,2496.2,872.35,2471.55,853.75,2442.95,846.35,2421.3,854.6,2406.15,863.7,2399.25,873.65
3-18,Uninfected,No_comment,Polygon,15,2650.35,1129.55,2634.75,1123,2621.75,1112.6,2612.25,1095.75,2606.6,1075,2615.3,1046.8,2633.9,1028.2,2653.4,1023.05,2680.2,1024.3,2696.65,1037.75,2714.85,1055.5,2719.2,1087.1,2713.1,1110.9,2691.05,1127.75,2673.3,1131.25
3-19,Uninfected,No_comment,Polygon,19,2597.55,1299.65,2595.35,1279.7,2596.25,1265.45,2610.95,1256.75,2629.15,1249.4,2642.55,1240.3,2653.4,1222.55,2673.3,1207.4,2694.1,1199.2,2730.45,1206.55,2752.5,1233.85,2756.85,1261.95,2748.2,1296.6,2727.85,1324.75,2710.95,1332.1,2687.6,1330.35,2657.3,1317.8,2633.9,1317.4,2614.4,1315.2
3-20,Uninfected,No_comment,Polygon,16,2822.65,1243.8,2828.3,1222.55,2838.65,1206.1,2857.7,1190.95,2887.6,1181.45,2916.15,1190.1,2936.5,1208.3,2946.45,1246.4,2940.85,1275.4,2926.15,1291.85,2895.4,1305.25,2872.9,1309.15,2849.95,1302.65,2837.4,1290.1,2829.15,1277.1,2823.1,1260.65
3-21,Uninfected,No_comment,Polygon,17,2908.4,981.85,2918.75,967.15,2930.45,955.9,2946.9,945.1,2972.45,942.05,2993.25,948.95,3016.6,964.55,3029.6,992.25,3029.6,1017.35,3017.9,1043.8,3001.45,1061.55,2971.6,1070.2,2947.35,1064.55,2927.85,1047.7,2917.05,1035.1,2910.1,1020.4,2907.1,1003.1
3-22,Uninfected,No_comment,Polygon,15,3136.95,963.65,3129.15,944.65,3126.55,917.75,3142.15,889.2,3165.1,874.1,3181.55,865.8,3214.9,866.25,3236.95,878,3247.8,899.15,3254.3,927.7,3243.45,962.85,3222.7,981.9,3192.35,992.25,3164.25,990.95,3149.1,980.6
3-23,Uninfected,No_comment,Polygon,18,3117.9,1087.95,3120.95,1071.45,3131.75,1051.95,3157.75,1041.15,3190.2,1039.85,3211.85,1041.15,3227.85,1048.55,3241.3,1058.05,3253.4,1070.65,3262.1,1085.35,3259.05,1110.85,3241.75,1130.35,3217.9,1136,3189.35,1134.25,3162.95,1126.85,3143,1122.6,3127.85,1112.6,3122.25,1102.2
3-24,Uninfected,No_comment,Polygon,16,3385.9,1039,3374.6,1020,3372.4,987.45,3384.15,962.85,3395.8,946.75,3421.8,926.4,3440.45,921.7,3461.15,926.05,3480.7,940.75,3490.65,967.1,3492.4,994.8,3482.4,1021.65,3464.65,1042.45,3444.7,1051.95,3420.95,1051.6,3403.65,1047.25
3-25,Uninfected,No_comment,Polygon,15,3574.25,952.85,3556.05,929.9,3548.7,894.85,3559.05,858.05,3581.15,837.7,3597.6,826.9,3622.7,822.55,3644.35,826,3662.1,839.85,3673.8,865.85,3678.55,897.9,3659.1,928.2,3634.85,948.55,3616.2,955.05,3585.05,955.45
3-26,Uninfected,No_comment,Polygon,15,3690.25,931.2,3697.2,908.7,3720.1,884.05,3742.65,874.05,3785.5,874.95,3812.35,887.05,3829.2,914.35,3832.25,950.25,3823.6,977.1,3798.9,994,3770.8,1005.25,3738.3,1002.2,3716.65,992.25,3700.2,970.2,3692.4,950.25
3-27,Uninfected,No_comment,Polygon,15,3684.2,752.85,3682.45,780.1,3696.3,801.75,3717.55,824.7,3747.4,828.2,3766.9,826,3791.1,807.85,3802.8,792.7,3810.6,768.85,3808,745.9,3798.5,719.1,3775.1,706.1,3731.8,702.65,3708.85,712.6,3691.1,730.75
3-28,Uninfected,No_comment,Polygon,16,4035.85,1013.15,4007.65,998.65,3992.2,966.2,3998.3,931.05,4010.5,904.2,4029.25,886.85,4054.15,877.05,4076.7,876.5,4100.65,886.4,4114.7,900,4117.55,922.1,4120.35,951.15,4122.25,979.4,4104.4,1004.7,4088.9,1015.55,4054.6,1016.9
3-29,Uninfected,No_comment,Polygon,16,4246.95,1037.25,4245.95,1020.75,4255.55,1002.15,4270.95,988.3,4300.2,979.25,4331,973.95,4360.85,981.4,4384.75,991.5,4399.7,1009.6,4407.15,1029.8,4399.7,1056.4,4389.6,1077.15,4356.55,1089.9,4320.45,1089.4,4282.65,1079.8,4256.05,1064.35
3-30,Uninfected,No_comment,Polygon,16,4159.2,837.75,4173.1,802.15,4189.5,780.85,4209.8,763.3,4228.95,754.8,4258.15,755.3,4283.7,764.35,4297,786.15,4304.4,819.15,4293.85,852.15,4266.1,875.55,4241.1,886.7,4213.5,888.85,4180.55,884.6,4162.95,877.65,4157.65,852.65
3-31,Uninfected,No_comment,Polygon,15,3634.2,580.85,3624.65,558.5,3621.95,530.85,3635.25,486.7,3656,463.85,3681.55,453.15,3710.25,455.85,3724.1,464.9,3737.95,483,3745.9,522.35,3742.2,558,3728.35,590.95,3708.15,600.55,3676.75,604.25,3652.3,597.9
3-32,Uninfected,No_comment,Polygon,13,3355.95,471.8,3358.7,440.95,3373,414.9,3390.05,400,3417.15,389.85,3440.55,386.7,3467.15,409,3477.25,436.15,3472,467,3461.3,490.95,3426.7,507.95,3398.55,509.55,3375.1,496.25
3-33,Uninfected,No_comment,Polygon,16,3237.95,435.6,3222.45,426.05,3207.6,405.3,3202.75,374.45,3210.2,329.75,3224.65,300,3254.9,293.6,3271.9,298.9,3298.5,312.75,3317.2,327.65,3328.85,355.85,3330.5,389.85,3320.9,415.4,3309.7,435.6,3286.8,445.75,3267.2,449.45
3-34,Uninfected,No_comment,Polygon,15,3194.3,633.5,3186.85,600.5,3186.35,571.25,3203.3,543.6,3240.05,527.65,3267.65,531.35,3286.35,545.2,3305.5,562.2,3322.5,589.9,3333.1,619.15,3328.35,645.2,3307.1,663.8,3275.15,675.55,3245.9,667.55,3219.8,655.85
3-35,Uninfected,No_comment,Polygon,14,3127.8,690.95,3103.3,656.35,3085.25,632.45,3073,602.1,3072.45,569.15,3079.9,546.8,3096.9,537.2,3134.15,543.6,3154.9,570.75,3167.15,607.45,3177.25,638.8,3180.45,670.75,3166.6,685.65,3145.35,688.3
3-36,Uninfected,No_comment,Polygon,15,2957.05,717.55,2936.3,710.65,2920.3,702.1,2905.95,681.9,2907.55,654.25,2921.4,625,2954.35,596.8,2990,586.7,3013.95,588.8,3034.15,597.85,3045.35,624.45,3049.05,656.35,3031.5,685.1,3016.05,700.5,2993.2,712.25
3-37,Uninfected,No_comment,Polygon,17,2879.2,448.7,2881.35,433.05,2887.45,416.95,2897.45,402.6,2908.3,392.6,2925.7,386.55,2954.85,389.15,2977.45,405.2,2984.85,423.05,2988.35,447.85,2987,471.3,2978.35,489.55,2956.6,507.4,2935.7,510.9,2911.35,508.7,2891.8,495.25,2881.35,472.6
3-38,Uninfected,No_comment,Polygon,16,2791.35,444.35,2767,436.1,2750.95,419.55,2744.4,393.5,2744.4,368.7,2756.15,345.2,2773.95,328.7,2799.2,323.5,2821.35,327.4,2839.65,339.55,2851.35,354.35,2860.05,385.65,2857.45,418.7,2847.45,433.9,2824.4,445.65,2803.55,447.85
3-39,Uninfected,No_comment,Polygon,15,2470.5,261.7,2463.1,272.6,2457.85,300.4,2465.7,324.75,2488.75,341.7,2527,358.7,2566.15,352.6,2581.35,339.1,2590.9,318.7,2590.9,285.65,2573.1,250,2547.85,238.25,2518.3,235.65,2494.35,238.25,2482.2,249.1
3-40,Uninfected,No_comment,Polygon,20,2378.75,407.8,2388.3,389.1,2400.9,371.3,2410.85,355.2,2426.5,344.75,2442.2,337.8,2456.55,344.75,2468.75,355.2,2483.1,369.55,2498.7,393.05,2502.65,410.85,2496.15,434.35,2485.25,455.65,2473.95,462.15,2457,462.6,2437.85,459.1,2415.7,452.15,2394.4,444.75,2384.8,433.05,2381.35,421.3
3-41,Uninfected,No_comment,Polygon,16,2274.4,368.7,2266.1,337.35,2301.35,284.35,2315.25,271.7,2340,264.35,2366.15,270,2380.9,283,2390,307.8,2390.5,332.6,2384.8,355.2,2367,377.4,2360.45,389.1,2340.9,399.55,2324.4,403.05,2297.45,398.25,2282.15,383.45
3-42,Uninfected,No_comment,Polygon,15,2305.7,544.75,2305.25,516.95,2310.95,491.3,2323.95,474.35,2355.7,463.05,2378.75,463.9,2403.1,472.15,2432.65,489.55,2440.5,520,2439.6,546.5,2422.25,568.25,2400.05,580,2369.2,579.55,2337,571.3,2318.75,562.15
3-43,Uninfected,No_comment,Polygon,14,2150.5,558.7,2142.65,574.8,2137.85,596.95,2147.45,626.1,2162.65,644.35,2195.25,653.9,2222.65,644.8,2244.4,628.25,2249.6,607.8,2245.7,580,2239.15,558.25,2224.4,543.05,2189.15,533.05,2170.5,540
3-44,Uninfected,No_comment,Polygon,15,2267.45,616.1,2260.9,639.15,2264.85,666.1,2273.1,691.3,2292.2,711.3,2319.6,716.5,2344.85,711.75,2366.55,696.1,2376.15,670,2373.55,635.65,2360.05,606.95,2328.3,589.55,2300.9,582.6,2283.95,592.6,2278.3,602.15
3-45,Uninfected,No_comment,Polygon,18,2117.15,460.15,2120.4,437.9,2128.75,418.95,2136.15,395.8,2163,391.65,2192.6,396.25,2208.8,401.75,2217.6,413.35,2225,439.3,2231.05,471.2,2231.95,495.8,2213.9,505.05,2194,514.3,2165.75,523.55,2146.8,527.3,2133.35,521.7,2123.15,503.65,2115.3,480.05
3-46,Uninfected,No_comment,Polygon,16,1949.55,559.65,1958.35,528.65,1973.65,509.2,1994.95,495.35,2014.35,489.8,2038.45,496.2,2064.85,508.7,2075.95,518.95,2081.05,541.15,2076.4,566.15,2056.95,589.8,2015.75,607.35,1985.2,610.6,1966.7,600.9,1956.05,585.6,1951.4,577.75
3-47,Uninfected,No_comment,Polygon,17,1801.85,559.2,1795.85,574,1791.7,596.7,1798.15,620.3,1811.15,646.75,1834.75,664.3,1861.6,672.2,1878.7,668,1894.9,661.55,1912.05,650.9,1921.8,638.4,1922.7,613.85,1916.2,584.2,1895.85,556.85,1871.3,541.15,1838.45,539.8,1822.25,545.35
3-48,Uninfected,No_comment,Polygon,16,2041.2,762.5,2048.15,744.9,2057.4,726.4,2068.55,718.05,2081.05,703.7,2106.05,695.4,2136.6,698.1,2152.8,709.7,2167.6,738.9,2171.75,772.2,2154.65,800.95,2124.55,817.15,2100,820.35,2078.25,812.05,2049.1,797.7,2041.2,782.45
3-49,Uninfected,No_comment,Polygon,15,1939.8,669.9,1960.65,636.15,1995.85,626.4,2033.8,619.45,2058.35,624.95,2073.15,630.55,2083.8,648.1,2081.05,671.25,2067.15,697.7,2037.05,723.65,2015.3,741.2,1981.95,743.55,1957.4,738.9,1935.2,717.15,1930.1,686.55
3-50,Uninfected,No_comment,Polygon,14,1972.7,893.5,1975,867.55,1978.7,841.7,2007.9,822.2,2031,822.7,2044.45,826.4,2078.7,840.3,2094,855.6,2111.1,880.6,2099.55,892.15,2075.45,904.15,2048.6,913.85,2010.2,918.5,1985.2,912.5
3-51,Uninfected,No_comment,Polygon,20,2128.7,840.3,2136.1,831.5,2155.55,824.55,2171.3,813.45,2186.1,798.65,2189.8,787.5,2208.8,789.35,2225,781.9,2237.05,790.3,2242.6,800,2245.85,824.1,2237.95,843.5,2238.45,861.15,2271.75,893.5,2262.95,900.95,2207.9,881.5,2189.35,884.75,2167.15,882.45,2144,873.65,2127.3,857.85
3-52,Uninfected,No_comment,Polygon,15,2077.95,929.8,2077,968.8,2083.9,1005.5,2099.5,1023.4,2121.05,1030.25,2143.55,1028.9,2164.2,1016.95,2177,1002.3,2187.55,973.4,2192.15,948.15,2180.25,920.65,2162.8,901.8,2137.55,894.95,2111.9,900.9,2095.35,912.35
3-53,Uninfected,No_comment,Polygon,17,2056.85,943.55,2061.45,953.65,2063.7,977.5,2070.15,997.25,2074.75,1018.8,2064.2,1036.7,2044.9,1050,2015.55,1052.75,1987.1,1050,1966,1035.75,1951.8,1019.7,1938.95,995.4,1939.4,962.85,1956.4,947.7,1975.65,936.7,2011.9,937.6,2045.85,936.7
3-54,Uninfected,No_comment,Polygon,17,2253.65,980.7,2244.9,991.75,2239.85,1015.6,2245.85,1052.3,2252.25,1066.05,2270.6,1080.25,2310.05,1083.45,2345.85,1073.4,2357.75,1058.25,2370.15,1032.55,2375.2,1010.05,2367.85,984.4,2356.4,965.6,2340.8,951.8,2312.8,946.75,2285.75,950.9,2274.75,961
3-55,Uninfected,No_comment,Polygon,16,2056.4,1068.8,2044.5,1077,2037.6,1092.65,2039.45,1117.45,2049.15,1145.35,2066.5,1167.45,2099.15,1173.85,2119.7,1173.85,2133.95,1164.7,2142.2,1151.4,2151.4,1125.7,2145.85,1084.8,2127.05,1061,2104.65,1050.85,2076.15,1053.2,2064.2,1060.05
3-56,Uninfected,No_comment,Polygon,15,2010.4,1299.15,2009.5,1260.85,2013.1,1226.15,2032.05,1216.7,2058.6,1214.45,2080.25,1221.65,2096.45,1245.55,2105,1268.5,2109.95,1299.15,2099.6,1327.95,2082.05,1343.75,2054.1,1346.9,2034.3,1340.6,2018.95,1331.1,2016.25,1318.5
3-57,Uninfected,No_comment,Polygon,16,1995.1,1320.75,1991.95,1291.95,1983.85,1270.3,1970.75,1250.95,1954.1,1241.95,1929.75,1241.05,1899.15,1248.7,1880.65,1264,1872.1,1286.05,1871.65,1321.65,1886.55,1343.3,1914,1361.3,1932.95,1368.95,1959.5,1369.4,1973.45,1358.6,1987.45,1346.45
3-58,Uninfected,No_comment,Polygon,14,1889.25,1111.3,1889.7,1080.65,1904.1,1064.45,1934.3,1051.4,1962.65,1054.55,1996.45,1079.3,2014.9,1115.35,2033.4,1147.35,2028.85,1155,1991.05,1161.3,1951.85,1164,1922.55,1160.4,1901.85,1145.55,1896.45,1138.3
3-59,Uninfected,No_comment,Polygon,16,1724.5,1279.3,1718.75,1270.65,1719.2,1241.8,1727.85,1219.2,1748.55,1206.25,1775.95,1197.6,1794.2,1200.45,1814.9,1206.7,1828.35,1217.8,1837.95,1236.05,1838.9,1270.65,1827.4,1290.85,1811.05,1302.4,1780.75,1305.3,1758.65,1301.9,1743.25,1294.2
3-60,Uninfected,No_comment,Polygon,16,1693.25,1383.65,1698.55,1364.4,1708.65,1346.15,1722.1,1332.7,1746.15,1328.85,1762,1329.3,1791.8,1338.95,1806.25,1350.5,1817.75,1367.3,1817.3,1396.15,1807.2,1417.3,1787.5,1437.5,1760.55,1447.6,1736.05,1438.45,1713.45,1432.2,1698.05,1413.95
3-61,Uninfected,No_comment,Polygon,16,1953.85,1422.1,1964.45,1402.4,1990.4,1390.4,2019.7,1386.55,2050.55,1396.15,2072.6,1419.25,2082.2,1454.8,2073.15,1499.05,2038.95,1519.25,2002.45,1528.35,1974.55,1524.05,1959.6,1507.7,1955.3,1493.25,1957.2,1470.65,1955.3,1457.7,1948.1,1440.4
3-62,Uninfected,No_comment,Polygon,18,1785.6,1486.55,1789.45,1463.95,1802.45,1439.9,1835.6,1418.25,1858.2,1415.4,1880.75,1414.4,1902.45,1422.6,1914.45,1435.55,1935.1,1452.9,1943.3,1462.5,1932.7,1479.3,1921.7,1507.2,1910.1,1518.25,1878.85,1519.25,1843.25,1526.45,1814.45,1526.45,1795.7,1518.25,1790.45,1505.75
3-63,Uninfected,No_comment,Polygon,18,1762.5,1604.8,1765.45,1585.6,1777.95,1564.9,1796.7,1554.3,1813.45,1552.4,1831.8,1553.85,1863.45,1544.25,1879.85,1543.25,1902.45,1552.4,1907.7,1567.8,1907.7,1594.25,1884.6,1623.55,1853.85,1640.4,1821.2,1651.9,1793.75,1648.55,1775.55,1641.35,1767.8,1631.75,1764.9,1620.65
3-64,Uninfected,No_comment,Polygon,19,1801.9,1699.05,1798.05,1728.85,1807.2,1751.45,1825.95,1784.65,1853.35,1801.45,1871.6,1804.35,1888.95,1799.55,1898.05,1792.8,1900.95,1774.55,1893.75,1763,1889.9,1753.85,1895.2,1745.2,1912.5,1736.05,1910.55,1722.6,1873.05,1693.3,1857.2,1683.2,1844.2,1684.15,1826.9,1685.6,1814.9,1690.4
3-65,Uninfected,No_comment,Polygon,25,1483.75,1489,1480.05,1501.6,1480.6,1516.9,1483.2,1532.15,1491.1,1549.5,1500.05,1561.1,1516.4,1566.35,1532.15,1570.55,1548.5,1575.35,1564.85,1568.45,1570.05,1562.15,1582.7,1554.3,1589.55,1547.4,1586.35,1539,1602.7,1522.65,1604.3,1512.65,1599,1503.2,1595.35,1483.2,1588.5,1472.65,1575.85,1458.45,1563.2,1454.25,1537.95,1450.55,1521.65,1459.5,1505.3,1467.95,1492.15,1475.85
3-66,Uninfected,No_comment,Polygon,16,1418,1676.9,1413.75,1655.3,1419.5,1625.3,1438,1604.3,1457.95,1595.85,1478.45,1592.15,1498.5,1595.35,1510.6,1600.55,1519,1613.75,1518.5,1656.9,1520.05,1701.15,1508.5,1713.25,1480.6,1720.6,1450.6,1717.4,1423.75,1699.5,1421.65,1688.45
3-67,Uninfected,No_comment,Polygon,17,1547.4,1619,1542.15,1631.1,1539,1670.55,1541.65,1696.35,1560.05,1710.6,1577.45,1721.65,1602.15,1725.85,1620.05,1715.85,1639,1696.35,1644.8,1680.55,1647.45,1659.5,1644.8,1637.4,1637.95,1620.05,1624.3,1608.45,1599,1597.4,1572.7,1602.2,1556.35,1609
3-68,Uninfected,No_comment,Polygon,19,1335.3,1801.6,1331.6,1818.5,1331.6,1836.4,1339,1856.9,1351.6,1867.45,1376.9,1872.65,1403.2,1861.05,1420.55,1847.95,1432.15,1834.2,1443.75,1813.15,1443.75,1791.6,1436.9,1770.05,1428.45,1761.1,1417.95,1763.15,1397.4,1762.15,1381.6,1758.5,1363.2,1759.55,1352.15,1766.35,1339,1785.25
3-69,Uninfected,No_comment,Polygon,16,1424.8,1905.35,1427.4,1875.3,1451.6,1845.85,1484.8,1832.65,1506.9,1828.5,1532.7,1836.9,1549.5,1849.55,1563.2,1863.75,1572.7,1891.6,1575.3,1916.4,1561.65,1936.9,1530.05,1951.05,1478.45,1958.45,1459,1955.35,1439,1945.35,1423.2,1929.5
3-70,Uninfected,No_comment,Polygon,20,1454.85,1995.35,1451.1,2012.7,1454.3,2031.15,1456.45,2049.55,1453.8,2068,1454.3,2092.75,1473.25,2110.1,1502.15,2126.95,1524.85,2125.35,1544.85,2116.95,1569,2093.8,1587.45,2066.4,1596.9,2046.95,1597.45,2014.3,1590.05,1994.85,1574.35,1979.55,1552.75,1971.65,1527.45,1970.6,1481.65,1982.7,1462.75,1989.05
3-71,Uninfected,No_comment,Polygon,15,1593.3,1896.4,1605.85,1861.65,1618.5,1848.5,1639.6,1833.25,1669,1831.15,1694.8,1840.1,1715.35,1854.8,1723.75,1880.1,1723.75,1910.6,1710.1,1940.6,1686.9,1957.45,1660.1,1963.25,1633.8,1959.05,1611.7,1948.5,1598.5,1930.6
3-72,Uninfected,No_comment,Polygon,18,1839.55,2189.55,1851.1,2162.7,1871.1,2144.3,1893.75,2138.5,1905.9,2141.15,1923.25,2151.15,1934.85,2166.85,1938,2179.55,1942.2,2193.25,1952.2,2210.1,1952.2,2234.25,1933.75,2257.45,1904.8,2265.3,1882.7,2263.7,1866.4,2259.05,1849.05,2250.1,1840.05,2233.7,1836.95,2212.7
3-73,Uninfected,No_comment,Polygon,16,1557.9,2292.65,1545.85,2283.2,1533.75,2266.9,1530.05,2246.9,1539.55,2223.2,1551.1,2212.2,1581.15,2200.1,1622.7,2200.1,1635.8,2212.2,1649,2232.7,1650.6,2251.65,1652.2,2269.55,1644.25,2280.6,1617.45,2285.85,1591.65,2295.35,1575.3,2296.9
3-74,Uninfected,No_comment,Polygon,16,1813.2,2383.25,1811.65,2358,1814.8,2336.4,1835.35,2314.8,1866.4,2296.95,1894.3,2285.85,1916.4,2284.25,1921.65,2293.2,1919,2310.1,1914.3,2342.15,1906.4,2384.3,1895.85,2403.25,1880.6,2411.1,1850.05,2414.85,1833.2,2408,1817.45,2397.45
3-75,Uninfected,No_comment,Polygon,16,1792.7,2356.4,1781.1,2337.45,1760.6,2323.7,1734.8,2321.65,1706.9,2330.1,1686.9,2348,1675.3,2378,1671.1,2410.05,1684.25,2429.05,1704.25,2442.2,1731.1,2444.85,1754.8,2440.55,1773.2,2429.55,1785.85,2415.35,1794.25,2398,1797.95,2370.6
3-76,Uninfected,No_comment,Polygon,16,1503.2,2364.3,1509.5,2348.5,1526.9,2335.35,1549.55,2326.95,1568.45,2324.8,1589.55,2323.2,1604.8,2331.6,1622.7,2347.45,1626.9,2366.95,1629.55,2391.6,1619.55,2422.7,1596.35,2444.3,1562.15,2450.05,1528.45,2434.3,1507.4,2408,1499,2386.95
3-77,Uninfected,No_comment,Polygon,14,1847.95,2463.7,1867.4,2440.55,1877.95,2435.85,1905.85,2430.05,1927.4,2431.6,1947.4,2444.8,1957.95,2468,1962.15,2490.05,1954.8,2525.9,1926.9,2541.6,1894.25,2539.5,1864.8,2522.15,1852.15,2501.6,1847.95,2483.2
3-78,Uninfected,No_comment,Polygon,17,1727.4,2561.1,1733.2,2535.35,1753.75,2508.45,1772.15,2494.8,1793.75,2485.35,1815.85,2480.55,1828.45,2489,1842.7,2511.1,1854.25,2535.35,1858.45,2563.75,1850.6,2594.85,1829.5,2613.8,1806.9,2623.25,1772.7,2619,1743.75,2611.65,1732.65,2599,1728.45,2580.55
3-79,Uninfected,No_comment,Polygon,16,1956.35,2556.9,1968.5,2535.35,1991.65,2495.9,2017.45,2484.3,2029,2479,2049,2480.05,2066.35,2495.9,2079,2515.9,2086.4,2545.9,2079.55,2585.35,2060.6,2613.25,2029,2628.45,1999.55,2623.25,1977.95,2612.7,1962.15,2595.35,1957.95,2575.9
3-80,Uninfected,No_comment,Polygon,13,2117.95,2843.8,2105.85,2805.9,2113.25,2762.75,2131.65,2733.8,2156.9,2720.1,2192.7,2718,2210.1,2731.65,2231.65,2758.5,2234.8,2798,2221.15,2833.25,2197.95,2859.05,2170.6,2868,2144.3,2864.3
3-81,Uninfected,No_comment,Polygon,16,2249.05,2979.05,2223.75,2963.8,2215.85,2950.05,2211.65,2922.15,2216.4,2900.1,2225.35,2886.4,2243.25,2869.6,2263.75,2862.7,2287.45,2860.1,2311.15,2868,2325.9,2882.15,2335.9,2902.15,2338.5,2930.6,2330.1,2954.85,2317.45,2974.3,2284.8,2981.1
3-82,Uninfected,No_comment,Polygon,15,2392.2,2877.5,2401.15,2850.65,2417.45,2830.1,2431.15,2821.7,2456.4,2819.05,2476.4,2825.85,2489.55,2832.7,2503.8,2849.05,2511.7,2875.3,2510.6,2912.15,2497.45,2938.55,2461.65,2949.05,2434.85,2945.9,2404.3,2931.1,2395.9,2906.4
3-83,Uninfected,No_comment,Polygon,15,2221.1,2681.15,2209.55,2670.1,2200.6,2645.35,2197.95,2604.3,2211.1,2584.3,2243.25,2556.4,2269,2552.2,2286.9,2555.9,2306.9,2569.05,2316.9,2594.3,2320.05,2622.2,2319,2651.15,2290.6,2681.7,2256.9,2693.8,2234.8,2690.1
3-84,Uninfected,No_comment,Polygon,16,2264.8,2484.85,2280.05,2460.1,2298.5,2443.8,2326.4,2434.85,2357.95,2438.5,2380.1,2448.5,2395.35,2471.15,2399,2481.7,2400.1,2512.75,2386.4,2534.3,2368.5,2548.45,2341.15,2554.85,2315.85,2549.55,2291.65,2541.7,2275.35,2521.7,2272.15,2507.45
3-85,Uninfected,No_comment,Polygon,17,2500.1,2414.85,2490.6,2397.45,2484.3,2365.35,2493.75,2334.8,2521.15,2314.3,2548.5,2308,2578.5,2314.3,2596.4,2326.4,2614.3,2355.9,2614.8,2379.55,2610.6,2391.6,2609.05,2416.4,2599.55,2433.75,2581.65,2445.35,2556.4,2448.5,2533.75,2444.3,2518.5,2432.7
3-86,Uninfected,No_comment,Polygon,17,2612.8,2219.05,2618.55,2200.6,2631.15,2181.65,2643.85,2168.5,2669.05,2155.3,2695.9,2154.8,2719.6,2164.75,2739.6,2182.7,2750.1,2202.7,2746.95,2238,2729.6,2273.25,2706.45,2286.95,2681.75,2290.1,2653.85,2283.25,2633.3,2271.65,2620.1,2254.3,2616.95,2241.65
3-87,Uninfected,No_comment,Polygon,17,2481.15,2122.2,2482.75,2101.15,2483.8,2081.65,2502.2,2062.7,2525.95,2045.35,2551.7,2039.55,2586.45,2045.35,2605.4,2056.35,2613.3,2075.85,2613.85,2098.5,2604.9,2129.55,2585.95,2146.9,2558,2160.6,2535.4,2161.65,2521.15,2155.8,2495.35,2145.8,2488.05,2139.05
3-88,Uninfected,No_comment,Polygon,14,2295.35,2169.55,2295.35,2154.8,2295.9,2138,2304.3,2120.1,2325.35,2104.8,2357.45,2099.55,2378.05,2109.05,2394.85,2132.2,2397.5,2148.5,2390.65,2175.35,2380.15,2195.35,2356.95,2205.85,2328.5,2204.25,2307.45,2193.75
3-89,Uninfected,No_comment,Polygon,16,2197.45,2005.9,2200.6,1986.45,2215.9,1960.05,2234.3,1942.7,2256.4,1927.5,2285.35,1922.7,2308.5,1928.55,2324.3,1943.2,2330.15,1968.5,2320.65,1991.65,2310.15,2015.9,2293.8,2032.75,2264.85,2043.25,2233.25,2043.8,2218,2036.95,2203.3,2022.15
3-90,Uninfected,No_comment,Polygon,16,2009.55,2055.4,2021.65,2086.4,2046.95,2097.95,2076.95,2109,2106.4,2115.85,2125.35,2112.2,2138,2099.55,2148,2085.9,2151.65,2065.4,2143.3,2044.35,2130.1,2030.05,2114.85,2015.9,2079.05,2008.5,2051.15,2016.95,2036.45,2027.45,2025.4,2037.45
3-91,Uninfected,No_comment,Polygon,15,2756.4,1773.75,2751.7,1760.05,2753.8,1739.55,2762.75,1720.05,2782.2,1707.95,2801.7,1699,2835.9,1707.45,2852.75,1724.3,2862.75,1756.4,2856.95,1782.15,2842.75,1804.3,2820.65,1816.9,2795.9,1811.65,2778.5,1802.15,2768,1792.7
3-92,Uninfected,No_comment,Polygon,15,2598.5,1799.55,2575.35,1777.45,2561.65,1749.55,2555.35,1721.65,2565.35,1689.55,2585.9,1676.4,2616.4,1669,2646.95,1679,2664.85,1695.35,2686.95,1722.7,2689.05,1756.9,2677.45,1779,2664.3,1789.55,2639.05,1799.55,2628,1801.65
3-93,Uninfected,No_comment,Polygon,15,2652.7,1599,2648.5,1624.25,2658,1654.8,2673.8,1673.2,2693.25,1693.75,2714.3,1699.55,2729.55,1696.4,2744.3,1685.85,2752.75,1662.15,2750.6,1627.45,2735.9,1589.55,2716.95,1574.25,2693.25,1564.8,2672.75,1572.7,2662.2,1583.2
3-94,Uninfected,No_comment,Polygon,16,2903.3,1763.25,2888,1753.75,2878.55,1735.85,2880.15,1717.95,2889.05,1686.4,2919.1,1664.8,2947.55,1660.6,2972.75,1665.85,2988.05,1676.9,3002.75,1694.8,3007,1726.9,2998.55,1751.1,2983.3,1769.55,2958.05,1776.4,2933.3,1776.4,2920.15,1772.2
3-95,Uninfected,No_comment,Polygon,18,2965.4,1895.35,2969.1,1877.95,2975.4,1857.45,2988.6,1839,3017.55,1830.1,3030.15,1831.15,3043.8,1840.1,3054.35,1849.55,3070.15,1857.95,3081.7,1874.3,3083.3,1898.5,3073.8,1926.9,3053.3,1942.7,3033.8,1948.5,3016.5,1945.35,2995.9,1936.9,2978.6,1924.3,2972.25,1916.4
3-96,Uninfected,No_comment,Polygon,16,3295.95,1760.6,3291.25,1739.55,3294.35,1722.15,3304.35,1701.65,3328.55,1686.9,3350.2,1683.2,3378.6,1687.45,3402.25,1699.55,3414.35,1719.55,3417.5,1749.55,3404.9,1770.6,3387,1792.15,3368.05,1797.45,3338.55,1796.4,3315.95,1786.4,3306.45,1776.4
3-97,Uninfected,No_comment,Polygon,16,3517.05,1676.9,3499.1,1699,3498.1,1726.9,3502.8,1749.55,3516.5,1765.85,3543.3,1777.45,3572.25,1781.1,3598.05,1771.1,3621.2,1759.55,3635.45,1741.1,3642.8,1725.85,3641.75,1709.55,3629.65,1682.7,3607.55,1668.5,3580.7,1665.85,3541.75,1671.1
3-98,Uninfected,No_comment,Polygon,19,3505.4,1649,3491.75,1637.45,3483.85,1620.05,3484.35,1601.65,3493.85,1579.55,3516,1556.9,3548.1,1545.3,3570.7,1544.25,3596,1553.75,3609.65,1561.65,3609.65,1575.3,3607.05,1591.1,3616,1609,3628.6,1626.9,3625.45,1639,3600.7,1647.45,3573.85,1650.6,3540.7,1653.75,3523.85,1653.75
3-99,Uninfected,No_comment,Polygon,18,3715,1661.2,3704.35,1669.1,3698.8,1681.15,3696.5,1696.4,3699.75,1715.4,3709,1737.6,3722.4,1759.85,3746.5,1767.7,3771.95,1770.95,3790.95,1764.95,3812.7,1752.45,3821.95,1742.7,3827.5,1713.55,3821.05,1690.4,3806.7,1671.4,3782.15,1662.6,3751.1,1654.75,3724.25,1654.25
3-100,Uninfected,No_comment,Polygon,17,3673.8,1625.1,3654.35,1619.55,3638.15,1612.15,3627.05,1588.05,3624.25,1555.65,3630.75,1533.9,3649.25,1514,3672.4,1504.25,3693.25,1500.1,3718.25,1508.9,3731.2,1520,3742.3,1538.5,3744.65,1559.8,3739.1,1587.15,3726.6,1607.5,3715,1620.95,3692.8,1628.35
3-101,Uninfected,No_comment,Polygon,25,3740.05,1616.3,3747.45,1609.35,3750.7,1599.65,3753.9,1586.65,3760.4,1572.3,3760.4,1554.7,3767.8,1545.45,3780.75,1540.35,3783.1,1532.5,3806.25,1530.65,3827.55,1531.55,3837.25,1535.25,3855.3,1540.35,3866.45,1557.5,3873.35,1576.95,3870.15,1588.05,3863.65,1597.3,3859,1620.45,3849.3,1640.35,3827.05,1655.65,3799.75,1654.75,3785.85,1644.1,3770.1,1637.15,3747.9,1631.1,3739.55,1621.85
3-102,Uninfected,No_comment,Polygon,20,3959.1,1509.95,3952.15,1527.25,3956.6,1547.55,3968,1564.4,3979.4,1578.75,3998.2,1592.1,4018,1595.6,4035.8,1595.1,4051.15,1581.7,4063.05,1577.25,4078.9,1575.3,4088.8,1562.4,4100.25,1536.65,4096.2,1513.4,4080.35,1497.55,4054.15,1481.2,4026.4,1478.25,3993.75,1488.15,3985.3,1499.05,3970.45,1503.5
3-103,Uninfected,No_comment,Polygon,17,4173.45,1445.05,4182.35,1433.7,4214.55,1422.3,4247.2,1427.75,4274.95,1434.7,4292.75,1452.5,4304.65,1477.25,4296.7,1501,4285.85,1521.8,4268.5,1535.65,4237.8,1539.65,4209.6,1534.2,4190.75,1524.3,4176.4,1511.4,4168.05,1496.05,4164.55,1481.2,4168.05,1456.45
3-104,Uninfected,No_comment,Polygon,16,2639.25,163.6,2655.4,147.05,2671.95,131.3,2680.25,109.2,2689.95,91.25,2714.85,82.45,2754,89.4,2767.85,109.2,2769.2,137.35,2759.05,174.7,2740.2,200.9,2716.2,218.4,2691.35,223.05,2670.6,216.1,2649.4,203.7,2641.55,187.1
3-105,Uninfected,No_comment,Polygon,15,2556.3,147.9,2543.4,136.85,2535.55,112.9,2534.65,87.6,2544.8,63.6,2565.5,41.9,2595,33.15,2623.6,35,2642.5,45.15,2657.2,70.55,2655.85,95.85,2645.25,125.85,2630.5,147.45,2601.9,155.75,2571.05,153.9
3-106,Uninfected,No_comment,Polygon,16,2860.9,89.4,2872,71.9,2901,60.35,2929.6,59.45,2946.65,70.55,2958.6,84.8,2969.2,114.25,2972,135,2963.2,161.75,2942.95,186.65,2915.3,193.55,2889.5,189.4,2865.55,173.7,2854,155.75,2854.95,128.1,2855.85,107.35
3-107,Uninfected,No_comment,Polygon,14,2953.1,229,2957.7,209.65,2974.75,197.7,2995.5,194,3013,201.85,3034.65,215.2,3049.85,232.25,3065.55,263.6,3063.7,290.8,3047.55,305.5,3016.2,306,2978.45,297.25,2963.2,277.85,2951.7,251.2
3-108,Uninfected,No_comment,Polygon,16,3039.1,178.05,3034.45,153.3,3041.6,126,3056.75,103.7,3074.35,89.05,3108.85,84.45,3138.65,95.75,3158.85,112.6,3176.85,146.55,3176.85,186.05,3162.2,208.8,3134.45,226.45,3105,229.75,3077.75,224.7,3067.65,209.6,3048.7,199.1
3-109,Uninfected,No_comment,Polygon,17,3342.45,326.05,3340.35,311.3,3345.8,285.65,3353.4,269.75,3366.4,255.4,3379.85,246.2,3397.1,243.25,3414.3,251.2,3426.5,267.6,3435.75,296.2,3442.45,327.65,3426.05,357.1,3404.65,372.65,3387.85,379.35,3365.15,376.45,3354.2,367.2,3347.1,354.6
3-110,Uninfected,No_comment,Polygon,17,3481.55,199.1,3473.55,218.9,3470.6,244.95,3470.6,274.35,3484.9,299.1,3512.2,310,3531.1,311.75,3547.5,307.1,3564.7,297.45,3574.4,287.35,3584.05,252.9,3592.05,221,3587,197.45,3560.5,170.55,3532.8,168.05,3502.55,173.95,3492.05,183.95
3-111,Uninfected,No_comment,Polygon,19,2561.7,500.75,2565.6,487.2,2574.1,468.55,2597.35,448.8,2611.3,438.75,2633,433.7,2658.2,435.6,2672.5,441.85,2681.85,451.5,2689.6,467,2692.25,492.6,2682.25,517.4,2669.4,530.6,2645.8,555,2618.3,565.85,2595.8,565.45,2573.35,556.15,2565.6,541.85,2560.15,523.6
3-112,Uninfected,No_comment,Polygon,17,2205.15,170.55,2195.9,192,2192.5,216.35,2197.15,236.5,2206.85,256.65,2222.35,285.3,2240.4,291.6,2261.85,286.9,2275.7,276,2283.3,258.35,2290.4,240.7,2293.85,210.85,2280.8,181.9,2265.65,160.05,2252.65,150,2224.85,146.6,2213.15,153.7
3-113,Uninfected,No_comment,Polygon,15,1570.9,1116.7,1576.95,1102.1,1589,1087.05,1612.6,1086.55,1639.25,1093.5,1658.35,1115.6,1670.4,1137.3,1673.45,1167.45,1661.85,1188.5,1633.2,1202.1,1603.05,1200.6,1588.5,1192.5,1574.95,1179.45,1565.4,1157.4,1562.85,1133.7
3-114,Uninfected,No_comment,Polygon,17,1442.75,1096.6,1443.25,1084.95,1451.8,1061.9,1459.35,1046.25,1487,1026.75,1506.6,1023.7,1531.7,1032.25,1553.8,1044.25,1564.4,1070.9,1556.35,1099.55,1547.8,1124.15,1534.75,1147.8,1512.6,1158.35,1482.95,1158.35,1462.35,1145.85,1451.8,1130.75,1443.75,1122.2
3-115,Uninfected,No_comment,Polygon,20,1707.7,2024,1707.15,2003.1,1712.25,1980.15,1729.6,1957.2,1755.65,1940.85,1798.5,1933.2,1823,1938.8,1851.05,1952.6,1863.8,1968.4,1865.35,1987.3,1856.1,2001.05,1841.35,2015.35,1825.05,2024,1807.7,2022.5,1793.9,2029.1,1780.15,2040.35,1764.8,2049,1748.5,2053.6,1733.65,2051.55,1717.35,2042.4
3-116,Uninfected,No_comment,Polygon,22,1938.3,2324.55,1935.25,2307.7,1942.4,2287.3,1951.55,2276.05,1961.25,2260.75,1993.9,2236.8,2018.4,2235.25,2043.9,2240.35,2064.85,2244.45,2081.65,2255.15,2089.35,2264.85,2088.3,2287.3,2083.7,2303.1,2071.45,2318.4,2050.55,2325.55,2027.1,2315.85,2010.75,2308.75,1996.45,2307.2,1988.3,2314.35,1976.05,2319.95,1952.6,2330.65,1940.85,2328.6
3-117,Uninfected,No_comment,Polygon,16,2795.9,2477.75,2801.4,2460.15,2817.2,2443.5,2841.7,2431.45,2867.2,2429.6,2894.05,2436.1,2909.35,2450.9,2921.85,2479.15,2921.85,2509.7,2906.55,2536.1,2876.9,2549.05,2853.75,2555.1,2828.25,2550.45,2808.4,2533.8,2800.05,2521.3,2793.55,2505.1
3-118,Uninfected,No_comment,Polygon,18,3075.05,2357.85,3062.55,2383.8,3057.9,2412.95,3062.55,2425.9,3081.05,2449.55,3094.45,2456.95,3126,2454.15,3154.2,2450,3174.15,2446.75,3186.15,2432.4,3198.2,2409.7,3203.8,2379.15,3193.55,2355.55,3169.05,2328.7,3146.8,2321.3,3119.45,2325,3097.7,2337.5,3087.55,2344.45
3-119,Uninfected,No_comment,Polygon,17,3092.2,2518.95,3092.6,2496.75,3110.2,2481.45,3132.5,2473.15,3163.5,2468.05,3187.55,2476.85,3202.35,2494.45,3211.15,2515.75,3215.75,2539.8,3206.55,2565.25,3195.85,2587.95,3172.7,2597.7,3146.8,2597.7,3128.8,2591.65,3106.95,2577.75,3096.35,2560.2,3091.7,2541.2
3-120,Uninfected,No_comment,Polygon,15,3420.4,2469.4,3448.15,2434.7,3461.1,2417.15,3463.9,2387.5,3451.85,2354.1,3433.8,2324.05,3401.4,2317.15,3377.8,2322.2,3360.2,2338.9,3348.6,2361.1,3345.4,2399.55,3350.95,2429.65,3358.8,2451.4,3379.2,2463.45,3398.6,2469.9
3-121,Uninfected,No_comment,Polygon,17,3690.25,2651.35,3702.75,2633.75,3712.5,2613.85,3731.95,2596.75,3754.65,2600.4,3782.4,2612.5,3795.85,2639.35,3800.9,2664.75,3798.15,2689.35,3785.2,2713.85,3765.75,2726.85,3747.7,2728.7,3731,2725.4,3713.4,2709.25,3699.05,2693.5,3690.75,2680.05,3685.2,2667.15
3-122,Uninfected,No_comment,Polygon,17,3592.1,2751.35,3594,2730.55,3611.1,2709.7,3628.7,2700.4,3651.4,2696.25,3675,2699.5,3692.1,2713.45,3703.7,2731.9,3705.55,2752.8,3704.15,2768.5,3693.05,2788.45,3678.7,2804.1,3655.55,2813.85,3632.85,2816.6,3609.7,2808.35,3593.05,2791.6,3592.1,2772.2
3-123,Uninfected,No_comment,Polygon,20,3562.5,2565.7,3569.9,2550,3579.15,2530.05,3592.1,2515.3,3604.15,2506.5,3622.2,2498.1,3644,2498.6,3660.65,2498.6,3681,2512.05,3697.7,2527.25,3712.05,2553.7,3709.7,2580.05,3699.55,2609.25,3678.7,2636.05,3644.45,2644.4,3619,2642.55,3595.35,2632.85,3583.8,2623.55,3571.75,2604.65,3563.9,2589.35
3-124,Uninfected,No_comment,Polygon,17,3410.7,2787.5,3414.85,2769.9,3422.7,2756.95,3433.35,2748.15,3458.85,2740.7,3481.1,2745.85,3500.05,2760.65,3507.45,2774.5,3514.85,2795.4,3514.45,2817.15,3497.7,2839.35,3481.5,2847.7,3461.15,2848.15,3436.15,2841.2,3423.65,2834.75,3415.75,2820.85,3412.05,2811.6
3-125,Uninfected,No_comment,Polygon,19,3328.8,2703.2,3322.3,2684.75,3318.15,2662.05,3320,2642.6,3330.1,2621.75,3343.15,2607.9,3361.65,2598.55,3378.8,2595.4,3400.5,2600.95,3422.3,2612.9,3435.2,2628.7,3440.75,2654.65,3440.35,2681.95,3435.7,2696.75,3424.55,2714.8,3401.4,2724.5,3376.95,2732.4,3355.15,2724.1,3339.85,2713.85
3-126,Uninfected,No_comment,Polygon,30,3157.4,2772.2,3166.2,2762.95,3177.3,2759.25,3181.95,2744.9,3189.35,2738.9,3200.9,2731.95,3209.7,2727.75,3219.45,2728.7,3229.15,2726.4,3246.3,2724.05,3251.85,2727.75,3259.7,2737.95,3271.75,2751.85,3276.35,2759.25,3275.45,2768.5,3282.4,2777.3,3278.7,2790.25,3278.25,2811.55,3275.9,2831,3262.95,2840.25,3257.4,2846.3,3247.65,2853.7,3230.1,2852.75,3215.7,2858.35,3187.5,2849.55,3168.5,2833.8,3157.4,2819,3161.55,2803.7,3161.55,2789.8,3156.45,2783.8
3-127,Uninfected,No_comment,Polygon,32,3281.95,2858.8,3289.8,2849.55,3294.9,2831.95,3304.15,2830.55,3308.3,2821.75,3313.85,2814.35,3331,2821.3,3340.25,2823.6,3344.9,2815.25,3356,2814.8,3368.05,2822.75,3378.7,2828.7,3373.15,2835.25,3382.4,2840.25,3388.4,2841.65,3395.35,2858.8,3401.85,2866.65,3404.15,2891.65,3398.6,2908.8,3401.35,2917.6,3390.75,2930.1,3378.25,2942.15,3349.5,2953.7,3321.3,2956.5,3309.25,2947.7,3299.05,2948.15,3297.65,2939.8,3287.5,2930.1,3280.55,2920.85,3275,2908.35,3274.05,2894.45,3273.6,2876.4
3-128,Uninfected,No_comment,Polygon,18,3821.3,2770.9,3830.55,2748.6,3850.45,2732.85,3871.3,2727.8,3897.2,2726.9,3929.65,2737.05,3947.2,2758.4,3960.2,2789.4,3957.85,2823.6,3947.2,2851.4,3922.7,2870.35,3899.05,2877.3,3872.2,2880.1,3852.8,2871.75,3837.95,2861.1,3820.85,2843.5,3816.65,2825,3814.8,2804.15
3-129,Uninfected,No_comment,Polygon,19,3847.25,2488.9,3851.4,2475.95,3863.9,2459.3,3875.95,2448.65,3897.7,2443.1,3922.25,2445.35,3949.1,2450.95,3969.5,2464.8,3982.9,2491.25,3987.55,2520.35,3979.6,2549.1,3957.4,2570.35,3927.35,2580.1,3900.5,2582.45,3879.2,2573.6,3862.55,2562.1,3852.75,2549.6,3844.9,2534.7,3842.1,2511.15
3-130,Uninfected,No_comment,Polygon,14,3695.35,2365.7,3692.6,2345.4,3691.65,2317.6,3714.3,2284.75,3740.75,2275.95,3773.15,2280.55,3804.15,2305.55,3814.8,2330.1,3815.25,2353.2,3805.1,2386.6,3779.6,2405.1,3751.35,2406.95,3728.25,2401.85,3704.6,2383.35
3-131,Uninfected,No_comment,Polygon,18,3623.6,2202.35,3626.35,2186.6,3631,2172.25,3639.8,2156.5,3653.65,2148.15,3671.3,2141.7,3693.05,2138.9,3713.35,2148.15,3725.45,2158.8,3737.95,2176.85,3749,2199.1,3745.8,2236.1,3733.8,2255.55,3716.15,2266.2,3682.85,2273.15,3656.95,2262.95,3635.15,2250.95,3623.6,2228.7
3-132,Uninfected,No_comment,Polygon,18,3382.4,2134.25,3393.05,2122.65,3415.3,2109.7,3432.4,2104.15,3450,2107.85,3474.55,2115.25,3492.15,2131.45,3506.05,2150.45,3515.3,2165.25,3510.2,2200,3494.9,2221.75,3477.8,2236.1,3446.3,2245.35,3415.75,2236.1,3389.35,2222.65,3382.9,2201.35,3375.95,2168.95,3381.5,2149.5
3-133,Uninfected,No_comment,Polygon,22,3473.15,2075,3491.2,2060.65,3503.25,2045.4,3509.25,2033.8,3511.1,2008.8,3512.05,1996.3,3521.3,1985.65,3536.1,1976.85,3557.4,1974.1,3571.3,1979.2,3591.2,1996.3,3607.4,2021.3,3609.7,2048.65,3602.3,2087.05,3592.6,2105.1,3568.05,2128.25,3536.1,2131.05,3522.7,2128.25,3505.1,2119.45,3495.8,2109.75,3485.65,2100.5,3475,2092.6
3-134,Uninfected,No_comment,Polygon,19,3412.05,2073.15,3390.25,2068.05,3373.6,2059.3,3355.1,2040.3,3345.8,2016.2,3344.45,1988.45,3353.7,1963.45,3385.15,1941.2,3418.5,1938.45,3443.5,1946.75,3463.9,1960.65,3477.75,1979.2,3485.2,1993.55,3490.25,2024.1,3482.85,2033.35,3475.45,2045.85,3459.25,2063,3444.9,2074.1,3423.6,2074.55
3-135,Uninfected,No_comment,Polygon,16,3822.25,1936.1,3816.2,1916.7,3819,1880.15,3831.05,1857,3846.3,1837.5,3869.9,1827.75,3895.85,1827.35,3913.45,1833.8,3938,1854.2,3950.5,1879.2,3956.05,1913.4,3941.2,1948.15,3910.65,1967.65,3876.4,1975,3855.55,1969.45,3835.2,1953.3
3-136,Uninfected,No_comment,Polygon,17,3725.95,2042.65,3722.7,2022.2,3729.65,1991.65,3743.55,1969.9,3770.85,1957.85,3792.6,1959.25,3821.3,1969.45,3844,1993.05,3847.7,2015.8,3848.15,2042.65,3839.35,2066.2,3825.45,2087.5,3807.9,2095.85,3787.05,2094.9,3762.95,2086.55,3745.85,2074.55,3738.45,2065.8
3-137,Uninfected,No_comment,Polygon,19,3937.05,1993.5,3925.95,2011.1,3922.7,2036.1,3930.1,2063.4,3937.5,2081,3949.1,2092.6,3966.2,2098.65,3988.45,2094.9,4006.05,2093.05,4021.3,2088.4,4031.5,2081,4038.9,2064.35,4043.55,2042.1,4042.15,2018.5,4033.35,1994.9,4016.7,1981.95,3994.9,1973.6,3973.15,1971.75,3955.55,1977.75
3-138,Uninfected,No_comment,Polygon,18,4056.5,2025.9,4058.35,2007.4,4062.05,1990.8,4082.9,1972.2,4111.1,1963,4136.6,1964.85,4156.95,1976.85,4176.4,1999.05,4184.75,2027.75,4184.25,2061.55,4166.7,2091.2,4132.4,2106.45,4099.55,2113.4,4070.4,2114.35,4056.5,2108.8,4050,2098.15,4056.05,2080.1,4055.1,2052.75
3-139,Uninfected,No_comment,Polygon,18,4214.7,1877.25,4200.65,1843.25,4204.5,1816.55,4220.55,1795.7,4245.3,1778.2,4270.55,1772.9,4300.65,1777.25,4317.6,1783.05,4329.35,1798.1,4337.05,1809.75,4348.2,1823.35,4356.05,1840.35,4352.6,1872.4,4339.5,1897.65,4318.1,1913.65,4284.6,1917.55,4252.6,1914.15,4229.75,1903
3-140,Uninfected,No_comment,Polygon,16,4454.75,1705.7,4454.25,1678.15,4469.05,1652.15,4487.95,1629.7,4510.4,1617.9,4522.1,1614.9,4552.75,1618.45,4572.1,1628.65,4586.9,1651.55,4583.85,1723.05,4570.6,1737.3,4553.75,1752.15,4525.7,1764.4,4498.15,1769.95,4468.55,1758.7,4458.85,1738.8
3-141,Uninfected,No_comment,Polygon,18,4361.4,2052.65,4367.5,2029.15,4372.1,2009.75,4382.3,1992.4,4399.65,1980.7,4442.5,1973.05,4461.4,1978.65,4473.1,1986.8,4482.8,2003.65,4501.65,2021.5,4501.65,2047,4494.55,2073.55,4471.1,2091.9,4455.75,2105.7,4421.6,2110.8,4401.7,2104.65,4379.25,2093.95,4364.95,2066.9
3-142,Uninfected,No_comment,Polygon,17,4199.15,2216.9,4200.65,2191.4,4209.8,2170,4225.15,2155.7,4253.2,2148.05,4275.65,2150.1,4292,2158.75,4307.3,2170.5,4326.7,2191.4,4328.2,2224.05,4319.05,2247.55,4305.75,2265.9,4279.25,2281.2,4253.75,2281.7,4230.25,2275.1,4213.95,2259.8,4198.55,2239.35
3-143,Uninfected,No_comment,Polygon,19,4051.15,2198.55,4052.2,2171,4058.75,2149.55,4079.25,2133.25,4106.2,2131.2,4132.3,2136.8,4151.1,2143.95,4166.5,2156.7,4175.65,2176.6,4178.2,2206.2,4174.65,2229.15,4183.8,2255.7,4173.55,2273.55,4143,2288.35,4119.55,2287.35,4098.1,2280.2,4074.15,2266.9,4057.3,2241.9,4050.1,2216.9
3-144,Uninfected,No_comment,Polygon,16,4160.55,2514.2,4167.6,2487.05,4184.7,2470.5,4208.3,2458.9,4233.45,2457.9,4255.05,2462.95,4275.65,2476.5,4291.7,2496.6,4298.75,2527.25,4290.7,2559.95,4276.65,2577.5,4242.45,2594.6,4214.85,2592.1,4183.15,2578,4161.05,2544.35,4158.05,2530.3
3-145,Uninfected,No_comment,Polygon,16,4225.95,1294.15,4234.25,1273.15,4251.3,1254.65,4271.8,1239.5,4297.15,1232.6,4331.3,1236.1,4351.8,1244.4,4364,1255.1,4375.7,1274.65,4374.25,1300.95,4361.55,1334.65,4343,1356.6,4307.9,1366.75,4270.35,1359,4249.85,1349.25,4230.35,1324.4
3-146,Uninfected,No_comment,Polygon,16,4031.3,1340,4017.65,1324.4,4006.9,1308.7,4004.45,1280.5,4021.55,1246.35,4035.2,1230.65,4074.25,1222.9,4111.3,1225.85,4126.9,1238.05,4144.95,1262.9,4149.35,1290.7,4138.15,1320,4120.1,1342.45,4095.7,1361.95,4066.9,1361.95,4044.45,1353.15
3-147,Uninfected,No_comment,Polygon,14,3659.6,1200.85,3663.15,1176.7,3675.45,1156.85,3704.1,1140.05,3727,1134.85,3749.05,1139.7,3764.45,1151.15,3774.15,1166.55,3779,1191.2,3769.75,1225.6,3740.65,1249.35,3705.85,1248.45,3680.3,1241.9,3667.1,1225.6
3-148,Uninfected,No_comment,Polygon,16,3422.6,1415.5,3422.2,1390.35,3438.9,1364.8,3460.5,1349.4,3487.35,1343.7,3516.9,1345.45,3539.35,1364.4,3551.7,1388.15,3553,1413.3,3549.05,1437.95,3531.8,1459.1,3504.95,1474.5,3475.05,1477.6,3455.65,1470.55,3437.15,1456.45,3426.95,1434.85
3-149,Uninfected,No_comment,Polygon,16,3019.95,1386.35,3018.2,1357.75,3023.9,1338.8,3049.05,1318.1,3081.2,1309.7,3107.2,1307.5,3132.75,1314.1,3153,1327.8,3162.25,1352,3168.85,1384.15,3160.05,1408.85,3132.3,1420.75,3097.95,1426,3065.35,1425.15,3041.1,1419.85,3034.05,1411.9
3-150,Parasitized,No_comment,Polygon,18,3821.25,1418.95,3826.5,1408.4,3842.4,1392.9,3858.25,1382.35,3880.7,1376.6,3913.75,1378.45,3938,1391.2,3955.15,1404.85,3962.2,1426.45,3964.4,1446.7,3963.1,1466.05,3946.8,1483.3,3907.15,1498.65,3871.45,1496.95,3847.2,1486.8,3830.9,1474.4,3820.8,1452.45,3819.45,1429.95
3-151,Parasitized,No_comment,Polygon,19,2844.7,789.95,2837.85,803.15,2832.85,827.85,2835.65,856.15,2844.7,875.75,2864.4,893.6,2885.4,894.5,2904.6,889.95,2914.6,883.55,2929.7,871.2,2942.5,850.2,2947.5,829.2,2946.15,806.35,2936.5,790.4,2925.15,774.85,2907.3,765.25,2885.85,765.75,2864.85,773.95,2856.65,778.95
3-152,Uninfected,No_comment,Polygon,27,2928.8,889.45,2943.35,883.55,2961.2,863.9,2964.85,840.15,2963.05,822.8,2975.35,822.35,2985.85,815.95,2993.6,808.2,3004.1,806.8,3015.1,813.2,3033.35,814.6,3047.05,824.2,3061.2,841.55,3069.85,855.25,3067.15,874.4,3067.6,888.1,3065.25,905.45,3059.35,914.6,3052.5,923.25,3044.7,929.65,3034.25,938.35,3010.05,938.8,2982.6,930.1,2954.8,925.55,2937.45,920.05,2933.35,914.15,2931.5,904.1
3-153,Uninfected,No_comment,Polygon,18,2143.05,1378.4,2148.5,1347.1,2169.55,1319.15,2200.05,1307.6,2215.8,1305.25,2236.25,1312.85,2251.45,1329.9,2264.35,1349.1,2273.7,1380.1,2269.6,1404.75,2256.8,1425.75,2242.1,1439.75,2221.65,1446.2,2195.9,1449.1,2177.2,1440.35,2163.75,1428.05,2149.2,1409.95,2145.6,1397.15
3-154,Uninfected,No_comment,Polygon,30,2069.85,1568.95,2072.55,1578.45,2067.15,1587.45,2066.25,1604.55,2073,1623.5,2087.9,1639.7,2099.15,1647.8,2119.85,1655.9,2141.05,1655.9,2168.95,1649.15,2180.2,1638.8,2190.15,1636.1,2194.2,1630.25,2193.3,1620.8,2208.15,1616.7,2205.9,1597.8,2207.7,1588.8,2204.55,1578.9,2195.1,1565.35,2181.15,1547.8,2168.05,1537.9,2153.65,1528.45,2140.6,1533.4,2128.4,1533.85,2117.15,1531.15,2111.75,1536.55,2105,1541.5,2093.3,1544.2,2090.15,1553.65,2080.2,1562.2