165,5312,2988
1-1,Uninfected,No_comment,Polygon,17,2690.25,2053.4,2702.05,2038.1,2719.4,2016.6,2744.4,1997.15,2775.65,1989.5,2804.8,1990.9,2827.05,2004.8,2837.45,2023.55,2839.55,2049.25,2830.5,2070.75,2822.15,2089.5,2788.85,2103.4,2750.65,2113.1,2729.1,2108.95,2712.45,2100.6,2697.85,2083.95,2690.25,2066.6
1-2,Uninfected,No_comment,Polygon,17,2852.05,1960.35,2852.05,1974.25,2849.25,1998.55,2861.05,2031.15,2873.55,2055.5,2894.4,2077,2908.95,2086.05,2924.95,2092.3,2947.15,2088.8,2962.45,2078.4,2962.45,2052.7,2949.25,2011.75,2936.75,1980.5,2915.9,1956.15,2893.7,1945.05,2873.55,1944.35,2865.2,1949.25
1-3,Uninfected,No_comment,Polygon,17,2969.4,1970.75,2966.6,1991.6,2966.6,2013.8,2979.8,2045.75,2997.15,2060.35,3018.7,2072.15,3040.2,2078.4,3063.85,2078.4,3098.55,2068,3105.5,2054.1,3104.8,2028.4,3088.15,1984.65,3071.45,1961.75,3042.3,1945.75,3016.6,1943.65,2993,1948.55,2980.5,1956.85
1-4,Uninfected,No_comment,Polygon,23,2714.55,2283.95,2744.4,2256.15,2756.2,2231.85,2754.1,2219.35,2770.1,2205.5,2786.75,2201.3,2806.2,2201.3,2830.5,2214.5,2836.75,2225.6,2847.85,2233.95,2852.05,2243.65,2861.05,2254.1,2862.45,2263.8,2857.6,2279.8,2853.4,2299.2,2844.4,2308.25,2829.8,2317.3,2830.5,2328.4,2815.2,2329.8,2801.35,2331.85,2779.8,2317.95,2724.95,2309.65,2720.8,2293.65
1-5,Uninfected,No_comment,Polygon,14,2914.55,2331.85,2918.7,2311.05,2931.9,2283.25,2950.65,2269.35,2986.75,2263.8,3009.65,2267.95,3029.1,2290.2,3039.55,2322.85,3033.95,2356.85,3003.4,2386.7,2977.05,2392.95,2950.65,2388.1,2927.7,2377.7,2918.7,2355.45
1-6,Uninfected,No_comment,Polygon,16,2505.5,2174.9,2488.85,2156.15,2484.65,2131.15,2487.45,2103.4,2504.1,2072.15,2526.35,2054.1,2552.75,2051.3,2572.85,2057.55,2588.15,2070.75,2598.55,2093,2599.95,2113.8,2595.1,2139.5,2584,2162.4,2567.3,2174.9,2534.65,2181.85,2520.1,2185.35
1-7,Uninfected,No_comment,Polygon,19,2451.35,2379.1,2454.1,2359.65,2465.25,2336.05,2478.4,2307.55,2502.05,2290.9,2531.2,2287.4,2549.95,2292.95,2560.35,2305.45,2567.3,2325.6,2568.7,2354.1,2565.25,2373.55,2555.5,2393.65,2543.7,2405.45,2515.25,2412.4,2495.1,2412.4,2485.35,2402.7,2473.55,2397.85,2459,2392.3,2452.05,2386.05
1-8,Uninfected,No_comment,Polygon,18,2910.35,2495.1,2904.8,2481.2,2911.75,2460.35,2925.65,2448.5,2952.05,2438.15,2979.1,2437.45,3003.4,2439.55,3025.65,2454.1,3040.2,2470.1,3049.95,2499.2,3043,2521.45,3026.35,2535.35,3002.05,2538.15,2982.6,2537.45,2959.65,2529.1,2943,2523.5,2924.25,2513.85,2919.4,2504.1
1-9,Uninfected,No_comment,Polygon,16,2734.65,2449.95,2713.15,2436.7,2700.65,2417.25,2693.7,2395.8,2699.25,2369.4,2714.55,2349.95,2733.3,2338.85,2763.15,2335.35,2791.6,2342.95,2811.75,2361.7,2818.7,2397.85,2817.3,2419.4,2804.1,2437.45,2788.85,2451.35,2761.75,2458.95,2745.1,2456.2
1-10,Uninfected,No_comment,Polygon,16,3164.55,2364.55,3156.9,2380.45,3154.1,2404.1,3161.75,2432.6,3181.2,2454.1,3199.95,2462.45,3220.8,2463.15,3245.1,2453.4,3265.2,2427.05,3272.15,2406.2,3268.7,2381.2,3259.65,2357.6,3242.3,2343.65,3221.45,2336.7,3195.8,2338.15,3178.4,2344.4
1-11,Uninfected,No_comment,Polygon,16,2668,2711,2656.2,2709.65,2629.1,2702.7,2617.3,2684.65,2609,2661.7,2617.3,2623.5,2634.65,2598.5,2659.65,2583.95,2686.05,2582.6,2706.2,2586.7,2719.4,2602.7,2730.5,2634.65,2731.9,2654.05,2722.15,2675.65,2708.3,2696.45,2691.6,2704.75
1-12,Uninfected,No_comment,Polygon,22,2388.1,2707.55,2378.45,2696.45,2381.85,2666.6,2394.35,2654.8,2411.75,2649.9,2423.55,2639.5,2435.35,2625.6,2441.6,2609.65,2457.55,2597.85,2483.3,2593,2507.55,2598.55,2525.6,2610.35,2539.55,2629.1,2543.75,2666.6,2535.35,2697.85,2518.75,2714.5,2498.55,2728.4,2476.3,2729.8,2463.1,2727.7,2449.25,2715.9,2416.6,2713.8,2405.5,2713.8
1-13,Uninfected,No_comment,Polygon,16,2345.8,2637.4,2330.5,2624.25,2322.85,2608.25,2318.7,2563.1,2332.55,2530.5,2350.6,2515.9,2374.25,2510.35,2393,2515.2,2408.3,2529.8,2425,2549.25,2436.05,2566.6,2436.75,2586.75,2425,2611.05,2406.25,2627.7,2384,2643.65,2358.3,2645.75
1-14,Uninfected,No_comment,Polygon,15,2395.05,2471.45,2394.35,2450.6,2407.55,2430.5,2423.55,2414.5,2443,2406.85,2475.6,2415.9,2494.35,2429.8,2508.3,2454.1,2506.25,2483.95,2490.95,2506.15,2470.8,2520.05,2451.3,2522.15,2429.8,2520.75,2406.85,2502,2399.25,2487.4
1-15,Uninfected,No_comment,Polygon,18,2332.55,2401.3,2327.75,2399.9,2323.55,2383.25,2323.55,2363.8,2333.3,2335.35,2343,2320.75,2364.55,2310.35,2388.1,2302.7,2406.85,2304.1,2422.2,2312.4,2429.1,2325.6,2430.5,2348.55,2427.05,2368.65,2418.75,2388.8,2396.5,2408.95,2379.8,2417.3,2359.7,2419.35,2336.75,2407.55
1-16,Uninfected,No_comment,Polygon,16,2102.75,2608.25,2088.2,2599.9,2073.55,2590.2,2062.45,2561.75,2059.7,2533.25,2072.2,2512.4,2094.45,2497.15,2126.3,2490.9,2154.1,2493.65,2168,2512.4,2175.7,2538.1,2172.85,2563.8,2169.45,2582.55,2159.7,2597.85,2145.05,2604.1,2128.45,2608.25
1-17,Uninfected,No_comment,Polygon,18,2060.4,2466.6,2042.3,2459.65,2031.2,2443.65,2029.8,2411.75,2035.4,2393,2045.05,2374.9,2059,2361.05,2081.2,2346.45,2113.2,2339.5,2138.8,2347.85,2152.75,2365.2,2158.25,2391.6,2159.7,2413.8,2153.45,2436.05,2137.45,2452,2118,2459.65,2096.5,2465.9,2078.45,2470.05
1-18,Uninfected,No_comment,Polygon,32,2167.3,2640.9,2174.25,2615.9,2187.45,2588.1,2193,2579.1,2199.25,2574.25,2195.75,2562.4,2205.5,2558.25,2217.3,2545.75,2229.1,2549.9,2238.2,2545.75,2247.2,2546.45,2260.35,2548.55,2274.95,2548.55,2276.3,2559.65,2288.8,2572.85,2300.7,2575.6,2292.3,2584.65,2298.55,2600.6,2305.5,2628.4,2299.25,2661.7,2286.05,2674.9,2275.7,2674.2,2278.45,2681.85,2267.3,2685.35,2244.45,2692.3,2219.45,2697.15,2218,2689.5,2205.5,2689.5,2194.45,2685.35,2183.25,2672.85,2173.55,2661.05,2164.5,2652
1-19,Uninfected,No_comment,Polygon,18,2081.95,2754.8,2059.7,2748.55,2042.3,2729.8,2033.25,2705.45,2026.3,2688.8,2028.45,2674.9,2031.95,2661.05,2046.5,2644.35,2063.8,2624.9,2090.95,2627.7,2113.2,2629.8,2127.75,2642.3,2139.5,2663.8,2145.05,2692.95,2139.5,2717.3,2129.1,2738.1,2111.05,2753.4,2097.9,2754.8
1-20,Uninfected,No_comment,Polygon,21,2808.3,2802,2804.8,2781.15,2807.6,2754.1,2815.9,2735.35,2829.1,2722.85,2852.75,2714.5,2872.15,2713.1,2897.15,2713.8,2921.5,2722.85,2944.35,2737.4,2960.35,2761.05,2966.6,2782.55,2965.2,2810.35,2950.6,2829.1,2930.55,2839.5,2910.35,2841.6,2881.15,2846.45,2847.85,2840.9,2830.55,2833.95,2815.9,2823.55,2811.8,2813.8
1-21,Uninfected,No_comment,Polygon,19,2335.4,2962.4,2310.4,2950.6,2302.05,2931.85,2295.8,2908.95,2304.15,2886.8,2315.95,2861.05,2337.45,2845.1,2355.5,2840.2,2379.15,2846.45,2397.9,2856.85,2418,2872.85,2433.3,2900,2437.45,2921.45,2427.75,2943.65,2413.85,2962.4,2393.7,2970.75,2374.25,2974.3,2351.35,2969.35,2341.65,2967.3
1-22,Uninfected,No_comment,Polygon,17,2365.25,2767.3,2361.75,2783.3,2368,2808.3,2382.6,2824.3,2402.75,2835.35,2429.15,2845.1,2448.6,2839.55,2465.25,2825.6,2476.35,2805.55,2474.95,2782.6,2467.35,2764.55,2456.9,2748.55,2434,2734.65,2418,2728.4,2392.35,2733.3,2379.85,2742.3,2370.1,2754.1
1-23,Uninfected,No_comment,Polygon,20,2174.25,2868.05,2173.6,2847.15,2174.25,2825,2197.2,2793.05,2216.65,2777.05,2243.7,2769.35,2269.4,2769.35,2281.2,2775,2295.8,2786.8,2299.25,2793.05,2303.45,2802.7,2311.1,2813.1,2304.15,2834.65,2290.25,2854.1,2279.85,2871.45,2261.75,2882.6,2237.45,2893.05,2224.95,2893.05,2190.95,2881.85,2181.2,2873.55
1-24,Uninfected,No_comment,Polygon,19,1931.9,2845.1,1923.6,2832.6,1919.4,2813.85,1916.65,2786.05,1922.2,2761.05,1930.55,2743.75,1942.35,2727.7,1963.85,2720.1,1995.1,2714.55,2012.45,2719.35,2031.9,2746.45,2037.45,2775,2038.85,2801.35,2031.2,2823.55,2022.9,2841.6,2000.65,2854.1,1974.3,2858.3,1948.6,2851.35,1942.35,2850.6
1-25,Uninfected,No_comment,Polygon,16,1779.15,2722.15,1773.6,2706.25,1773.6,2688.85,1779.85,2655.5,1784,2635.35,1799.3,2624.25,1815.95,2620.05,1840.95,2618,1869.4,2633.3,1877.75,2668,1874.95,2711.05,1870.8,2729.8,1863.15,2746.45,1834,2756.25,1817.35,2750.6,1797.9,2740.2
1-26,Uninfected,No_comment,Polygon,16,1817.3,2491.6,1815.95,2500.65,1815.95,2518.7,1824.25,2540.95,1840.25,2560.35,1868,2574.95,1897.9,2574.25,1915.25,2565.25,1931.9,2542.3,1933.3,2504.8,1927.75,2477.75,1912.45,2457.6,1891.65,2446.5,1868.7,2446.5,1845.8,2456.9,1824.95,2470.8
1-27,Uninfected,No_comment,Polygon,18,1864.55,2331.9,1864.55,2343.7,1865.25,2371.5,1872.9,2394.4,1881.9,2413.15,1900.65,2420.1,1923.55,2420.8,1939.55,2413.15,1956.2,2395.1,1972.2,2370.8,1979.1,2345.8,1979.8,2331.2,1963.85,2300.65,1946.5,2291.65,1923.55,2292.3,1894.4,2302.05,1876.35,2315.95,1869.4,2320.8
1-28,Uninfected,No_comment,Polygon,17,1803.45,2540.95,1792.3,2520.1,1782.6,2496.5,1772.9,2475.65,1749.95,2459,1706.9,2452.05,1689.55,2462.45,1677.05,2479.1,1673.55,2497.85,1672.9,2512.45,1675.65,2538.15,1685.4,2550.65,1703.45,2565.25,1731.2,2571.5,1756.9,2568,1775.65,2560.35,1804.15,2551.35
1-29,Uninfected,No_comment,Polygon,21,1764.55,2444.4,1747.9,2435.4,1732.6,2417.3,1725.65,2388.15,1727.05,2365.95,1740.25,2347.9,1756.2,2339.55,1779.8,2335.4,1795.8,2336.05,1814.55,2336.05,1835.4,2332.6,1848.55,2340.95,1848.55,2350.65,1850.65,2372.9,1854.15,2402.75,1864.55,2419.4,1859,2426.35,1837.45,2434.7,1819.4,2449.95,1785.4,2460.35,1774.95,2452.05
1-30,Uninfected,No_comment,Polygon,18,1771.5,2311.75,1790.95,2313.15,1809,2313.85,1840.95,2308.3,1854.8,2302.75,1877.75,2290.95,1896.5,2284.7,1912.45,2282.6,1908.3,2272.9,1893.7,2256.2,1864.55,2235.4,1835.4,2218,1812.45,2219.4,1785.4,2230.5,1768.7,2243.7,1759.7,2266.65,1759.7,2287.45,1765.25,2295.8
1-31,Uninfected,No_comment,Polygon,26,1914.55,2244.4,1921.5,2249.25,1929.1,2263.85,1945.1,2271.5,1959.7,2273.55,1970.8,2279.8,1977.75,2274.95,1991.6,2268,2004.1,2263.15,2017.3,2253.45,2024.95,2245.1,2031.2,2232.6,2037.45,2220.1,2033.3,2203.45,2034,2188.15,2024.25,2184,2008.3,2185.4,1993,2181.2,1984,2186.75,1977.75,2197.9,1960.35,2205.5,1952.75,2211.05,1942.3,2215.95,1933.3,2222.2,1925.65,2230.5,1920.8,2234.7
1-32,Uninfected,No_comment,Polygon,29,1843,2193,1855.5,2194.4,1863.15,2205.5,1881.9,2215.25,1897.2,2214.55,1909,2206.2,1922.2,2202.05,1930.5,2197.9,1939.55,2188.15,1950.65,2181.9,1962.45,2169.4,1966.6,2149.95,1966.6,2127.05,1953.45,2107.6,1950.65,2099.95,1938.85,2097.9,1923.55,2093,1908.3,2096.5,1886.75,2097.9,1881.9,2109.7,1875.65,2118,1860.4,2123.55,1860.4,2127.75,1853.45,2134.7,1845.1,2143,1847.9,2159.7,1838.15,2164.55,1836.05,2172.9,1841.65,2180.5
1-33,Uninfected,No_comment,Polygon,20,2558.05,847,2561.45,836.8,2574.4,824.55,2579.15,810.25,2585.35,791.2,2596.85,771.45,2611.15,761.95,2641.75,760.6,2648.55,772.85,2663.5,799.35,2681.2,827.25,2684,849.05,2681.9,866.7,2671,884.4,2655.35,887.8,2634.3,889.85,2612.5,889.15,2584.6,879.65,2561.45,865.35,2556.05,855.15
1-34,Uninfected,No_comment,Polygon,19,2449.25,801.4,2454.65,809.55,2476.45,823.85,2490.05,831.35,2509.8,834.75,2531.55,835.4,2545.8,830,2556.05,822.5,2563.5,813.65,2570.35,793.25,2571.65,773.5,2562.9,755.15,2547.9,741.55,2528.85,734.05,2512.5,732,2485.95,743.6,2461.45,751.05,2451.25,759.25,2448.55,776.25
1-35,Uninfected,No_comment,Polygon,21,2407.75,834.05,2398.2,843.6,2383.2,853.1,2388,865.35,2388,882.35,2389.35,908.9,2399.55,932.7,2406.35,951.75,2424.05,949.05,2441.8,936.1,2456.7,930.65,2485.25,927.25,2496.15,921.15,2509.8,910.95,2514.55,895.3,2505,869.45,2496.85,852.45,2480.5,844.95,2456,837.45,2436.95,833.4,2419.35,830
1-36,Uninfected,No_comment,Polygon,16,2460.85,944.3,2440.35,953.8,2428.1,970.8,2429.5,998,2436.3,1019.1,2450.55,1034.1,2468.3,1038.15,2488,1034.1,2504.3,1027.95,2515.2,1016.4,2526.75,993.95,2522.7,971.5,2513.85,958.55,2502.95,947,2483.3,939.5,2469.6,939.5
1-37,Uninfected,No_comment,Polygon,21,2515.2,891.9,2511.1,904.75,2507.05,921.85,2509.8,936.8,2519.95,951.1,2524.1,971.55,2539,1009.6,2551.3,1011.65,2570.35,1011.65,2587.3,1006.2,2592.8,1000.05,2594.8,974.2,2592.1,958.55,2596.15,943.6,2602.95,930,2603.65,913.65,2597.55,900.75,2577.1,889.85,2555.35,885.75,2532.9,881.7,2518.6,884.4
1-38,Uninfected,No_comment,Polygon,20,2624.75,917.05,2617.95,927.25,2605.7,938.85,2602.95,951.75,2605,973.55,2618.6,997.35,2622.7,998.7,2633.6,1000.05,2647.85,997.35,2658.75,983.75,2669.65,981,2681.9,988.5,2690.75,985.1,2700.95,968.75,2703.65,949.7,2696.2,926.6,2683.25,913.65,2661.55,907.55,2641.75,906.85,2630.9,913
1-39,Uninfected,No_comment,Polygon,24,2268.25,985.1,2273,973.55,2273.7,959.95,2273.7,943.6,2283.9,929.3,2291.35,919.8,2302.25,913,2314.5,905.5,2339.75,905.5,2345.8,904.8,2354.65,915.7,2362.2,911.6,2369.65,923.2,2373.7,936.8,2379.15,959.95,2370.3,977.6,2358.8,1002.1,2348.5,1015.7,2329.45,1015.05,2310.4,1013,2302.95,1006.85,2295.45,1008.25,2285.95,1004.85,2279.8,996.65
1-40,Uninfected,No_comment,Polygon,23,2308.4,756.5,2305,772.85,2301.65,791.9,2301.65,812.3,2311.1,830.65,2319.95,844.95,2334.25,852.45,2346.5,855.15,2361.45,849.7,2374.4,842.25,2391.4,830,2408.4,818.4,2423.35,801.4,2433.55,780.3,2429.5,753.1,2413.85,729.95,2403.7,712.95,2387.3,710.25,2375.05,712.3,2362.8,721.15,2347.85,730.65,2331.55,735.4,2322,739.5
1-41,Uninfected,No_comment,Polygon,17,2275.75,707.5,2262.8,699.35,2256.7,675.55,2255.3,650.35,2262.8,629.3,2274.35,609.55,2286.65,598.65,2313.15,596.65,2338.3,600.7,2356.7,608.2,2370.95,630.65,2382.55,651.05,2376.4,674.2,2359.4,698,2341.7,709.55,2314.5,716.35,2291.35,713.65
1-42,Uninfected,No_comment,Polygon,20,2411.8,621.8,2405.65,632,2405,649.7,2409.75,676.9,2418.6,700.05,2434.95,717.05,2445.8,729.3,2469.6,727.25,2483.9,718.4,2511.1,708.2,2522.7,697.3,2526.75,676.2,2524.8,647.65,2533.55,619.1,2528.15,593.9,2496.15,578.25,2477.8,589.15,2465.55,594.6,2431.5,604.8,2419.95,614.3
1-43,Uninfected,No_comment,Polygon,15,2554.65,614.3,2543.85,625.9,2536.3,638.15,2539.7,657.85,2545.8,674.2,2560.1,688.45,2577.8,690.5,2596.15,689.15,2613.15,682.35,2627.45,668.05,2632.2,642.9,2624.05,621.1,2609.1,609.55,2594.8,604.8,2570.35,604.1
1-44,Uninfected,No_comment,Polygon,22,2646.5,719.75,2651.25,701.4,2656.05,685.05,2666.25,668.75,2685.3,659.2,2710.5,663.3,2731.55,676.2,2752.65,693.25,2767.6,712.95,2777.15,732,2778.5,742.9,2761.5,749,2741.1,756.5,2728.85,770.1,2717.25,785.75,2708.4,806.15,2699.6,815.7,2684,808.9,2678.5,785.1,2662.85,756.5,2650.6,740.2,2647.2,727.95
1-45,Uninfected,No_comment,Polygon,19,2709.8,807.55,2709.8,824.55,2709.1,844.95,2721.35,874.2,2732.95,885.75,2760.15,890.55,2788,891.9,2809.1,880.35,2822.05,864.7,2831.6,843.6,2830.9,815,2813.85,788.5,2790.1,772.15,2770.35,761.25,2757.4,755.15,2737.7,760.55,2722.7,776.9,2713.15,793.85,2710.45,812.35
1-46,Uninfected,No_comment,Polygon,17,2198.85,848.35,2185.25,836.8,2168.25,815,2159.4,779.65,2166.2,751.05,2185.9,732,2203.6,722.5,2224.7,724.55,2240.35,738.15,2268.25,755.15,2281.15,769.45,2287.3,785.75,2281.85,812.3,2273.7,831.35,2259.4,844.95,2234.25,853.1,2213.15,853.1
1-47,Uninfected,No_comment,Polygon,19,2047.85,890.55,2041.7,904.15,2045.1,916.4,2074.35,929.3,2104.3,942.25,2112.45,965.35,2126.05,968.1,2141,956.5,2156.65,949.7,2173.7,934.75,2184.55,911.6,2190.7,884.4,2177.15,860.6,2157.35,842.25,2134.2,839.5,2117.2,848.35,2104.3,860.6,2091.35,870.1,2064.15,876.9
1-48,Uninfected,No_comment,Polygon,17,2755.4,657.85,2754.7,640.85,2760.15,619.1,2773.05,600.7,2800.25,590.5,2820.7,590.5,2854.05,595.95,2870.35,621.8,2877.85,652.4,2872.4,672.8,2862.85,694.6,2845.15,708.9,2826.1,711.6,2806.4,706.15,2786.65,693.9,2767.6,678.95,2760.15,669.4
1-49,Uninfected,No_comment,Polygon,18,2397.5,1172.2,2406.35,1183.8,2416.55,1193.35,2441.7,1199.4,2460.1,1210.3,2475.75,1198.05,2494.1,1181.1,2514.5,1163.35,2522.65,1138.25,2519.25,1115.05,2507.05,1096.75,2489.35,1083.75,2466.9,1082.45,2441.7,1085.15,2432.85,1100.75,2426.05,1115.8,2415.85,1136.2,2404.3,1155.25
1-50,Uninfected,No_comment,Polygon,15,2354.65,1161.3,2334.2,1157.3,2317.9,1141.65,2308.35,1123.9,2308.35,1085.15,2306.35,1063.35,2318.55,1045.65,2343.05,1034.15,2370.3,1034.15,2398.85,1058.65,2403.6,1074.9,2405.65,1096,2403.6,1120.55,2394.75,1144.3,2371.65,1159.95
1-51,Uninfected,No_comment,Polygon,17,2326.75,1295.4,2328.1,1270.2,2335.6,1248.4,2351.9,1225.95,2369.6,1211,2390,1203.5,2412.45,1203.5,2436.25,1209,2446.5,1220.5,2456.7,1242.3,2458.7,1266.15,2449.2,1287.2,2417.9,1300.1,2392.05,1315.75,2367.55,1323.3,2349.2,1317.85,2333.55,1309.65
1-52,Uninfected,No_comment,Polygon,17,2482.55,1261.35,2478.45,1238.9,2485.25,1213.05,2497.5,1195.35,2514.5,1183.8,2536.95,1176.35,2564.15,1173.55,2578.45,1176.95,2592.05,1183.15,2598.85,1200.8,2597.5,1229.35,2590.05,1250.5,2554.65,1266.8,2546.5,1285.2,2527.45,1297.45,2503.6,1297.45,2487.3,1282.4
1-53,Uninfected,No_comment,Polygon,17,2545.15,1335.5,2545.15,1316.45,2554.65,1291.25,2571,1274.25,2587.3,1270.2,2610.45,1267.45,2626.75,1274.25,2642.4,1285.2,2652.6,1307.65,2658.05,1330.75,2654.65,1351.8,2644.45,1366.1,2622,1379.05,2600.9,1383.1,2580.5,1379.7,2562.8,1366.8,2551.95,1354.55
1-54,Uninfected,No_comment,Polygon,15,2226.75,1310.3,2204.95,1302.2,2179.8,1293.3,2169.6,1259.35,2166.85,1235.5,2178.4,1217.85,2198.15,1206.25,2230.15,1198.8,2256,1205.6,2270.25,1221.85,2282.5,1242.3,2283.2,1259.95,2275.7,1283.15,2262.8,1296.05,2248.5,1304.9
1-55,Uninfected,No_comment,Polygon,17,2100.2,1168.8,2107.65,1150.45,2123.3,1128.65,2137.6,1111.65,2156.65,1100.75,2192.7,1098.75,2204.95,1092.6,2237.6,1085.15,2248.5,1099.4,2253.25,1123.9,2252.6,1153.85,2232.85,1179.75,2207,1187.85,2192.05,1191.95,2165.5,1200.15,2130.1,1196,2104.95,1175.6
1-56,Uninfected,No_comment,Polygon,17,2021.95,1223.25,2016.5,1238.9,2025.35,1259.35,2040.3,1274.25,2062.75,1285.2,2090.65,1290.6,2114.45,1289.9,2128.1,1289.25,2142.35,1281.8,2153.25,1262.75,2147.8,1234.85,2134.9,1211.65,2108.35,1194,2079.1,1186.55,2052.55,1199.4,2037.6,1208.25,2029.45,1213.7
1-57,Uninfected,No_comment,Polygon,16,2129.45,984.45,2119.9,1003.5,2109.05,1034.15,2114.45,1056.6,2123.3,1074.9,2145.75,1078.3,2177.75,1080.35,2207.7,1076.95,2222.65,1064.05,2236.25,1034.8,2232.85,1002.8,2224,982.45,2194.75,966.8,2173.65,961.35,2147.8,969.45,2136.9,977.65
1-58,Uninfected,No_comment,Polygon,17,1955.25,969.45,1951.2,989.9,1949.15,1013.7,1960.7,1040.2,1985.2,1057.25,2004.95,1060,2036.9,1052.45,2065.5,1042.25,2086.6,1029.35,2094.75,998.7,2086.6,971.5,2064.8,947.75,2034.85,932.75,2017.85,928.7,1997.45,935.5,1979.75,947,1962.1,956.6
1-59,Uninfected,No_comment,Polygon,19,1853.9,1221.25,1849.8,1240.3,1853.9,1270.85,1860.05,1297.45,1881.8,1323.9,1902.2,1330.1,1924,1321.25,1930.1,1308.3,1943.05,1275.6,1950.5,1270.85,1973.65,1265.4,1985.2,1242.95,1984.55,1219.85,1966.15,1198.05,1945.75,1185.8,1921.95,1183.15,1902.2,1187.85,1878.4,1199.4,1862.05,1207.6
1-60,Uninfected,No_comment,Polygon,16,2409.05,1327.3,2398.2,1336.85,2391.4,1353.15,2393.4,1374.95,2411.8,1408.3,2441.75,1421.15,2471,1420.55,2500.9,1406.9,2514.5,1379,2516.55,1353.15,2509.75,1327.3,2490.7,1313.05,2476.4,1300.8,2462.15,1302.85,2440.35,1310.3,2425.4,1315.7
1-61,Uninfected,No_comment,Polygon,24,2552.6,1430,2548.55,1435.5,2545.15,1445.65,2543.8,1458.6,2548.55,1471.5,2557.4,1484.5,2573.75,1497.35,2589.35,1504.15,2617.95,1506.2,2634.95,1504.15,2650.6,1495.35,2659.45,1487.15,2664.9,1482.45,2666.25,1468.85,2669.65,1464.05,2671.7,1451.8,2671.7,1443.6,2675.1,1432.75,2664.9,1416.45,2646.5,1401.5,2614.55,1399.45,2578.45,1410.95,2565.55,1414.35,2558.05,1420.55
1-62,Uninfected,No_comment,Polygon,19,2477.8,1536.2,2473.7,1547.7,2466.9,1560,2456.7,1572.9,2446.5,1585.85,2444.45,1598.75,2451.25,1619.2,2465.55,1636.85,2488.65,1645.05,2510.45,1643.7,2532.9,1628.65,2556.7,1613.05,2568.25,1585.15,2568.95,1561.3,2560.1,1536.85,2547.2,1525.3,2526.75,1518.5,2506.35,1519.8,2487.3,1526.6
1-63,Uninfected,No_comment,Polygon,18,2368.95,1579.7,2355.3,1568.1,2345.8,1553.2,2343.75,1530.75,2341.7,1511.7,2353.3,1493.95,2370.95,1483.1,2384.6,1474.9,2405.65,1472.25,2436.95,1474.9,2447.85,1483.8,2458.05,1493.95,2462.15,1514.4,2460.8,1537.55,2446.5,1555.25,2430.15,1574.3,2411.1,1585.15,2386.6,1586.55
1-64,Uninfected,No_comment,Polygon,18,2207.7,1410.95,2208.35,1423.25,2209.05,1438.2,2214.5,1457.25,2228.1,1474.25,2243.05,1485.85,2258.7,1490.55,2278.45,1489.25,2303.6,1479.7,2324.7,1464.75,2330.15,1432.75,2326.75,1410.95,2312.45,1387.85,2293.4,1374.25,2264.15,1368.8,2241.05,1374.95,2222.65,1387.2,2215.15,1393.3
1-65,Uninfected,No_comment,Polygon,33,2672.35,1390.6,2671.7,1383.05,2674.4,1372.85,2679.15,1364.75,2681.2,1354.55,2687.35,1349.75,2690.75,1340.25,2713.85,1331.35,2717.25,1321.2,2727.45,1317.1,2737.65,1318.45,2744.5,1310.3,2756.7,1304.85,2756.7,1315.7,2775.1,1315.05,2788.7,1316.45,2798.2,1327.3,2807.05,1336.15,2814.55,1351.15,2822.05,1353.8,2809.8,1364,2811.85,1372.2,2816.6,1380.4,2803.65,1385.85,2794.8,1400.1,2776.45,1413.7,2778.5,1419.15,2772.35,1428.7,2735.65,1433.4,2716.6,1432.75,2705.7,1427.35,2681.9,1411.7,2667.6,1402.1
1-66,Uninfected,No_comment,Polygon,16,2648.55,1531.4,2643.1,1548.45,2641.05,1571.55,2652.65,1601.5,2673.05,1619.2,2693.45,1626,2720.65,1621.85,2745.85,1608.25,2765.55,1587.9,2770.35,1562.05,2758.75,1526.6,2745.15,1511.7,2720,1504.15,2701.6,1503.55,2681.2,1509.6,2664.2,1518.5
1-67,Uninfected,No_comment,Polygon,21,2811.85,1602.2,2817.95,1579.7,2824.1,1565.45,2834.3,1549.8,2848.55,1536.85,2862.2,1528.65,2883.95,1530.75,2903,1537.55,2924.75,1547.7,2940.4,1562.05,2952,1589.2,2949.95,1611,2940.4,1630.05,2928.15,1649.1,2905.05,1661.35,2877.8,1666.75,2858.75,1659.3,2849.25,1645.7,2835.65,1629.4,2818.65,1621.2,2809.8,1611
1-68,Uninfected,No_comment,Polygon,17,3032.95,1513.05,3026.15,1495.35,3026.8,1469.5,3034.95,1436.2,3049.9,1424.6,3073.05,1416.5,3096.15,1414.4,3121.35,1423.95,3143.1,1437.55,3154.7,1458.65,3158.1,1491.95,3151.3,1515.8,3133.6,1535.5,3100.95,1544.4,3074.45,1545.7,3048.6,1535.5,3041.75,1523.95
1-69,Uninfected,No_comment,Polygon,18,2854.7,1472.9,2856,1453.2,2862.8,1434.8,2877.8,1413.1,2904.3,1402.15,2923.35,1399.45,2952.6,1404.9,2966.9,1417.15,2975.8,1438.95,2981.9,1467.45,2979.85,1489.9,2966.25,1513.75,2945.15,1520.55,2911.1,1524.6,2901.65,1517.15,2881.2,1507.6,2866.2,1496.1,2857.35,1481.75
1-70,Uninfected,No_comment,Polygon,17,2947.2,1260.7,2929.5,1287.2,2928.8,1301.45,2934.95,1332.1,2959.4,1352.55,2977.8,1356.6,2999.55,1352.55,3020.7,1342.95,3031.55,1333.5,3039.75,1320.5,3043.8,1296.05,3043.8,1271.55,3029.55,1251.15,3011.8,1240.9,2997.5,1237.5,2980.5,1240.25,2958.75,1248.4
1-71,Uninfected,No_comment,Polygon,32,3025.4,1364.8,3039,1352.55,3054,1337.55,3061.5,1319.85,3064.9,1299.45,3069.65,1289.9,3075.1,1288.6,3077.85,1282.4,3096.9,1280.4,3105.75,1276.35,3115.95,1276.35,3122.05,1280.4,3124.05,1281.05,3133.6,1285.8,3137.65,1285.8,3143.85,1287.85,3151.95,1296.7,3172.35,1302.85,3170.35,1320.5,3177.8,1332.75,3167.6,1351.8,3182.6,1360.65,3169.7,1374.25,3164.9,1389.9,3143.1,1393.3,3135.65,1406.3,3107.75,1396.7,3074.45,1400.1,3056.7,1406.3,3047.2,1403.5,3037.65,1389.25,3023.4,1374.25
1-72,Uninfected,No_comment,Polygon,25,2987.3,1171.55,2990.05,1155.25,2992.1,1140.9,3001.65,1135.45,3007.1,1127.3,3019.3,1124.6,3026.15,1119.15,3040.4,1118.45,3054,1113.75,3068.95,1115.75,3086.7,1123.2,3094.8,1132.05,3101.6,1143.65,3113.2,1161.3,3113.2,1174.95,3109.8,1193.35,3100.3,1206.9,3084.65,1220.5,3057.4,1226.65,3032.2,1224.65,3016.55,1219.2,3004.35,1214.4,2991.45,1204.85,2985.95,1187.85,2980.5,1174.95
1-73,Uninfected,No_comment,Polygon,19,3407.05,1366.1,3415.9,1380.45,3423.35,1398.75,3436.35,1410.35,3459.5,1423.95,3482.6,1424.6,3509.85,1417.15,3529.55,1404.25,3541.8,1381.1,3542.45,1360,3542.45,1339.6,3532.95,1322.55,3525.4,1311.7,3502.95,1306.9,3480.5,1314.45,3464.2,1324.6,3440.45,1338.2,3420.7,1349.15,3410.5,1359.35
1-74,Uninfected,No_comment,Polygon,18,3385.25,1323.3,3369.7,1313.7,3358.75,1288.6,3359.4,1271.6,3365.55,1254.55,3373.1,1242.95,3379.2,1232.1,3389.4,1219.2,3419.3,1209.65,3444.5,1215.05,3460.15,1231.45,3473.05,1246.35,3477.1,1272.95,3469,1296.05,3458.05,1310.3,3432.95,1325.3,3409.75,1327.35,3398.95,1328
1-75,Uninfected,No_comment,Polygon,16,3295.45,1390.65,3281.2,1400.15,3269.6,1419.9,3264.15,1444.4,3268.95,1472.9,3281.9,1486.55,3301.6,1498.15,3324.7,1500.8,3354.7,1493.35,3375.05,1477.7,3388.75,1451.2,3394.1,1420.55,3376.5,1385.85,3356.75,1375,3327.55,1372.3,3303.65,1381.8
1-76,Uninfected,No_comment,Polygon,17,3597.55,1436.2,3592.85,1452.5,3587.35,1474.3,3598.95,1499.5,3609.15,1520.6,3637.75,1533.45,3656.8,1535.5,3683.95,1526.65,3706.4,1516.45,3724.1,1487.2,3728.2,1458,3712.5,1428,3701.7,1413.1,3670.35,1405.55,3647.9,1404.9,3624.8,1416.5,3609.8,1423.95
1-77,Uninfected,No_comment,Polygon,16,3709.85,1667.55,3690.8,1653.2,3682.65,1629.45,3688.75,1604.25,3704.4,1583.15,3722.1,1570.2,3760.2,1565.5,3784.65,1570.2,3799.65,1590.6,3809.85,1611.05,3816,1631.45,3805.1,1657.35,3788.05,1671.6,3772.4,1675,3745.25,1676.4,3723.45,1672.25
1-78,Uninfected,No_comment,Polygon,19,3669.7,1802.25,3664.25,1793.35,3656.1,1770.25,3656.8,1750.55,3665.65,1728.1,3690.8,1708.3,3707.15,1699.45,3737.05,1694.05,3763.6,1695.45,3778.55,1714.45,3777.9,1729.4,3768.35,1739.6,3774.5,1759.4,3780.6,1781.85,3774.5,1796.1,3739.1,1813.1,3718,1817.9,3700.35,1817.9,3683.3,1813.75
1-79,Uninfected,No_comment,Polygon,19,3999,1773,3998.3,1796.1,4001.05,1810.35,4017.35,1836.95,4037.1,1848.45,4052.7,1852.6,4088.1,1853.9,4108.55,1847.15,4137.1,1831.45,4155.5,1815.15,4159.55,1789.95,4155.5,1761.4,4144.6,1738.95,4124.2,1726.05,4093.55,1721.3,4069.75,1721.3,4042.55,1726.05,4019.4,1740.35,4007.15,1758
1-80,Uninfected,No_comment,Polygon,17,3985.35,1585.9,3976.55,1599.45,3973.1,1621.25,3975.85,1641.7,3983.35,1660,4000.35,1675,4021.45,1681.8,4042.55,1679.05,4060.9,1668.85,4077.25,1657.95,4088.1,1638.9,4090.8,1609.65,4083.35,1592.65,4068.35,1581.8,4045.9,1574.95,4010.55,1574.35,3992.15,1579.1
1-81,Uninfected,No_comment,Polygon,16,3997.65,1508.35,3999,1521.95,4009.2,1542.3,4028.25,1555.3,4041.85,1557.3,4063.65,1557.95,4086.75,1550.5,4106.45,1538.25,4109.85,1518.55,4109.85,1499.5,4098.35,1474.3,4080.65,1466.1,4049.3,1463.45,4026.85,1466.85,4010.55,1476.3,4002.4,1487.9
1-82,Uninfected,No_comment,Polygon,20,4202.4,1763.4,4203.05,1777.05,4205.15,1794.05,4211.25,1815.75,4226.9,1836.25,4248.6,1848.45,4273.85,1849.8,4293.6,1847.8,4311.9,1841,4328.2,1830.1,4339.15,1806.3,4339.8,1787.9,4337.05,1768.85,4327.55,1747.75,4316.05,1732.75,4297,1723.3,4269.75,1721.9,4245.95,1730.8,4224.85,1739.55,4211.25,1749.8
1-83,Uninfected,No_comment,Polygon,17,4187.4,1885.2,4172.5,1906.95,4172.5,1928.05,4178.6,1955.9,4198.35,1975.7,4222.1,1993.35,4247.95,1994,4276.5,1993.35,4297.65,1983.15,4320.75,1954.6,4324.15,1928.75,4316.7,1903.55,4289.45,1884.5,4269.05,1874.35,4233.05,1867.5,4209.85,1870.9,4198.35,1878.4
1-84,Uninfected,No_comment,Polygon,18,4343.2,1615.05,4339.8,1626.65,4337.05,1645.7,4338.5,1668.8,4354.15,1694.65,4381.3,1709.65,4407.15,1711.75,4435.75,1707.65,4457.5,1695.4,4475.25,1681.1,4484.75,1652.55,4481.35,1626,4471.1,1610.35,4448.65,1585.85,4424.9,1576.35,4387.45,1577.7,4367.05,1586.55,4353.45,1594.05
1-85,Uninfected,No_comment,Polygon,16,2114.95,1950.65,2108.45,1928.6,2112.35,1911.75,2129.85,1889.05,2150.6,1875.35,2171.45,1868.85,2192.2,1868.85,2222.1,1876,2242.85,1894.15,2246.75,1919.5,2241.55,1939.7,2228.55,1959.8,2199.3,1974.7,2167.55,1977.3,2135.7,1968.85,2125.3,1963.7
1-86,Uninfected,No_comment,Polygon,15,1962.35,2037.7,1947.35,2027.3,1939.6,2005.9,1944.75,1982.5,1960.4,1956.55,1981.8,1944.8,2001.9,1941,2026.6,1943.5,2045.4,1952.6,2051.9,1970.8,2050.6,2001.3,2040.25,2024.7,2018.85,2039.7,2000.6,2046.1,1981.15,2045.45
1-87,Uninfected,No_comment,Polygon,21,1947.35,1803.25,1946.05,1810.45,1938.3,1815.6,1940.25,1826.65,1929.85,1838.4,1933.1,1851.3,1926.6,1854.6,1927.9,1874.05,1922.7,1887.75,1922.7,1898.7,1938.95,1926.65,1959.75,1927.95,1983.75,1921.45,2011.7,1913.05,2039.6,1905.25,2043.5,1896.1,2024.65,1809.8,2017.55,1805.9,1992.85,1801.3,1964.3,1800.65,1950.6,1799.35
1-88,Uninfected,No_comment,Polygon,15,1763,1995.45,1755.2,1977.3,1755.2,1951.95,1770.75,1925.35,1788.95,1907.85,1814.3,1898.7,1840.25,1897.4,1870.7,1907.2,1883.75,1926,1887.65,1950.65,1877.9,1973.4,1859.75,1989.7,1829.2,2001.95,1797.35,2007.2,1774,2003.9
1-89,Uninfected,No_comment,Polygon,23,1763,2144.8,1774.65,2150,1794.1,2150.65,1813.65,2142.3,1826.6,2129.9,1840.9,2118.85,1863,2102.6,1878.55,2083.15,1887,2066.3,1889.6,2053.25,1880.5,2029.9,1870.15,2022.75,1843.45,2022.75,1816.9,2029.25,1787.65,2033.15,1769.4,2041.65,1758.45,2049.35,1755.2,2060.45,1748.65,2064.35,1739.6,2079.9,1735.7,2096.75,1739.6,2113.7,1748,2129.9
1-90,Uninfected,No_comment,Polygon,21,2058.45,2069.5,2053.2,2053.9,2053.2,2039.05,2058.45,2027.95,2072.1,2020.15,2073.3,2008.5,2076.6,2000,2092.2,1989.7,2106.45,1985.75,2127.25,1985.1,2142.85,1991,2157.15,2005.2,2170.8,2026,2175.95,2048.05,2173.4,2062.4,2164.3,2080.55,2146.05,2093.5,2130.5,2102.6,2108.45,2103.25,2085.7,2098.7,2070.15,2089
1-91,Uninfected,No_comment,Polygon,20,2219.5,1767.55,2201.9,1780.55,2181.8,1802.6,2181.8,1818.85,2186.35,1838.4,2201.9,1848.05,2220.15,1856.55,2246.75,1872.1,2257.75,1874.7,2273.4,1868.85,2288.95,1857.85,2297.4,1845.45,2303.2,1826,2305.15,1803.25,2304.5,1790.25,2292.2,1773.4,2276.6,1761.1,2257.1,1753.3,2237,1753.3,2226.6,1760.45
1-92,Uninfected,No_comment,Polygon,18,2075.95,1750,2080.5,1764.3,2090.25,1785.8,2107.15,1805.9,2125.3,1813.7,2145.45,1813.7,2161.7,1801.3,2181.15,1779.9,2196.7,1759.8,2203.2,1742.85,2196.1,1715.6,2183.1,1692.85,2168.2,1684.45,2139.6,1684.45,2123.3,1687.75,2107.8,1700.65,2096.7,1716.9,2085.7,1729.9
1-93,Uninfected,No_comment,Polygon,16,2257.75,1709.8,2266.25,1733.8,2301.25,1760.45,2325.9,1769.5,2357.75,1766.25,2375.35,1757.85,2387.65,1744.8,2392.85,1719.5,2388.3,1700.65,2377.9,1681.85,2360.4,1669.5,2342.2,1655.9,2310.4,1659.15,2283.1,1666.9,2274.05,1679.9,2268.2,1691.55
1-94,Uninfected,No_comment,Polygon,23,2353.85,1920.8,2359.75,1945.45,2371.45,1958.5,2398.65,1960.45,2418.85,1960.45,2435.05,1961.1,2447.4,1957.2,2459.05,1945.45,2471.45,1931.2,2488.3,1916.25,2494.8,1895.45,2494.15,1868.2,2477.85,1853.25,2459.05,1839.7,2431.15,1840.25,2403.2,1850,2398.05,1859.8,2392.2,1863.7,2380.5,1869.5,2380.5,1875.35,2368.85,1881.2,2365.6,1891.55,2362.35,1904.6
1-95,Uninfected,No_comment,Polygon,18,2279.25,2226,2297.4,2245.45,2309.8,2263.05,2316.85,2284.45,2327.95,2298.05,2345.45,2298.05,2371.4,2287.7,2402.6,2276,2420.75,2265.6,2431.2,2238.35,2431.2,2206.5,2419.45,2184.45,2392.2,2164.95,2363.7,2157.85,2341.55,2161.75,2318.15,2175.35,2296.1,2199.35,2283.8,2214.95
1-96,Uninfected,No_comment,Polygon,19,2192.2,2258.5,2183.8,2276.65,2186.35,2299.35,2194.15,2324.7,2203.25,2343.5,2210.45,2353.25,2226,2368.85,2242.85,2370.15,2264.9,2368.85,2285.75,2357.15,2304.55,2340.25,2313.05,2319.5,2305.2,2288.35,2288.95,2255.85,2268.8,2238.35,2249.35,2229.25,2234.45,2228.6,2214.9,2237.7,2200.65,2253.25
1-97,Uninfected,No_comment,Polygon,17,2201.3,2109.15,2188.3,2128.6,2182.5,2148.05,2187,2174.7,2210.45,2196.75,2228.6,2201.95,2253.9,2202.6,2272.7,2191.55,2292.2,2174.7,2310.45,2161.1,2318.8,2135.75,2314.9,2107.85,2294.8,2081.85,2273.35,2069.5,2252.6,2068.85,2223.35,2088.95,2210.45,2096.1
1-98,Uninfected,No_comment,Polygon,16,1982.9,779.75,1977.85,803.15,1988.6,827.85,2008.85,850,2029.05,863.3,2050.6,863.9,2073.4,854.45,2098.7,835.45,2111.4,817.1,2114.55,794.95,2105.7,767.7,2091.75,746.2,2065.8,740.5,2032.9,740.5,2005,746.85,1987.95,759.5
1-99,Uninfected,No_comment,Polygon,18,1776.55,920.25,1780.4,909.5,1788.6,898.75,1800.6,890.5,1816.45,884.2,1843.05,882.3,1860.75,885.45,1879.75,894.95,1890.5,914.55,1898.7,933.55,1898.1,951.25,1886.05,979.75,1866.45,990.5,1846.8,994.3,1821.5,993.05,1796.2,982.3,1781,968.35,1777.85,944.3
1-100,Uninfected,No_comment,Polygon,17,1606.95,987.95,1584.8,995.55,1572.75,1015.2,1569,1037.95,1570.25,1063.3,1579.05,1084.8,1587.95,1096.2,1606.95,1105.7,1624.05,1106.95,1644.95,1094.95,1659.5,1076.6,1666.45,1055.7,1669,1035.45,1667.7,1017.1,1659.5,1000.65,1637.35,986.05,1620.85,978.5
1-101,Uninfected,No_comment,Polygon,16,2417.6,583.75,2398.35,578.55,2375.7,556.45,2372.25,529.15,2380.95,498.3,2390.8,479.15,2403,470.4,2426.85,465.75,2458.85,468.65,2478.65,477.95,2495.45,500.05,2498.4,520.95,2496.65,544.85,2486.15,564,2468.75,577.35,2437.95,587.85
1-102,Uninfected,No_comment,Polygon,18,2478.05,348.85,2473.4,370.35,2465.25,390.15,2465.25,418.65,2471.1,443.1,2487.9,457.05,2505.4,460.5,2529.8,462.25,2540.8,458.8,2563.55,445.4,2575.7,418.1,2575.7,389.55,2568.2,371,2555.4,354.65,2540.8,341.9,2519.3,335.5,2509.45,335.5,2491.45,340.7
1-103,Uninfected,No_comment,Polygon,20,2520.45,552.35,2520.45,534.35,2518.2,508.15,2528.05,482.6,2543.2,474.5,2555.4,469.85,2579.25,452.9,2585,437.8,2595.5,425.6,2626.9,412.8,2646.7,414,2660,428.5,2674,450.6,2678.05,477.35,2672.8,500.6,2645.5,515.2,2622.25,526.25,2564.65,549.5,2552.5,559.35,2537.35,559.9
1-104,Uninfected,No_comment,Polygon,24,2550.75,566.95,2544.9,579.1,2546.65,597.15,2554.8,601.25,2564.65,600.05,2580.35,598.35,2588.55,596.6,2608.25,598.9,2618.75,606.4,2632.1,616.95,2649.6,628,2667.6,625.05,2686.2,622.1,2701.9,604.1,2708.85,570.4,2700.7,553.55,2681,537.25,2659.45,529.15,2646.7,530.25,2628.6,536.1,2617,539.55,2597.85,539.55,2580.35,546.6,2561.2,555.25
1-105,Uninfected,No_comment,Polygon,16,2804.85,472.75,2790.25,488.45,2786.2,504.7,2782.1,523.85,2786.8,544.2,2801.9,562.3,2830.4,570.95,2854.2,570.4,2878.05,555.25,2893.2,533.2,2899.6,497.7,2891.45,479.15,2879.85,463.45,2861.25,454.15,2844.35,455.25,2819.9,460.5
1-106,Uninfected,No_comment,Polygon,17,2611.25,248.25,2607.15,266.85,2608.9,289.5,2617.65,313.95,2633.9,331.95,2657.15,347.65,2675.75,358.1,2705.45,354.65,2733.35,341.85,2745.55,316.25,2739.15,285.45,2721.7,258.1,2704.85,241.85,2683.35,227.3,2656,223.25,2631.6,230.8,2614.7,237.75
1-107,Uninfected,No_comment,Polygon,17,2508.9,295.9,2492.6,289.5,2480.4,268,2472.85,241.85,2473.45,216.85,2479.25,183.1,2491.45,165.65,2503.65,156.95,2533.3,152.85,2560.05,156.95,2577.5,174.95,2582.75,198.2,2585.65,229.05,2579.25,254.05,2570.55,273.8,2547.85,286.6,2528.65,294.15
1-108,Uninfected,No_comment,Polygon,17,2770.55,139.5,2754.85,152.85,2747.3,179.6,2747.3,206.95,2759.5,229.6,2775.8,248.8,2793.2,255.2,2833.35,258.1,2854.85,253.45,2874.05,236.6,2881.6,194.15,2873.45,170.3,2856.6,147.05,2840.9,133.7,2820.55,124.95,2800.8,123.8,2788.55,129.05
1-109,Uninfected,No_comment,Polygon,20,2839.15,84.85,2833.9,97.05,2835.65,111,2846.7,122.65,2863,136,2874.05,156.35,2883.95,181.35,2903.7,190.65,2925.8,190.65,2951.4,179.6,2968.25,165.1,2973.45,145.3,2969.4,124.95,2960.7,111,2946.15,102.85,2916.5,83.7,2897.9,65.65,2882.2,58.1,2860.1,59.85,2847.3,69.15
1-110,Uninfected,No_comment,Polygon,19,2949.05,294.15,2939.15,308.7,2931.05,323.25,2921.15,337.75,2923.45,357.55,2925.8,375.55,2934.5,390.1,2951.95,405.2,2967.65,409.3,2990.9,409.85,3007.2,397.65,3022.3,381.95,3028.15,355.8,3025.8,328.45,3016.5,309.3,3003.7,295.9,2988,287.2,2963,283.7,2954.3,287.75
1-111,Uninfected,No_comment,Polygon,20,3017.65,228.45,3015.35,242.4,3016.5,268,3026.4,293,3036.85,314.5,3046.15,334.85,3060.7,358.7,3079.85,368,3093.85,365.7,3113,356.95,3120.6,341.25,3122.9,316.25,3120,292.4,3115.35,261.6,3106.6,238.95,3097.3,219.75,3077.55,210.45,3064.75,208.7,3045.55,211,3031.05,218
1-112,Uninfected,No_comment,Polygon,16,3287.45,105.8,3274.1,115.65,3260.75,132.55,3257.8,152.3,3271.2,173.25,3292.1,182.55,3328.15,184.3,3348.5,179.05,3365.95,170.3,3377,154.6,3384,136,3377.6,113.9,3355.5,94.75,3340.95,86.6,3310.75,88.9,3299.1,94.15
1-113,Uninfected,No_comment,Polygon,18,3189.8,304.65,3175.85,309.3,3164.25,325.55,3154.3,347.1,3153.15,363.95,3155.5,386.05,3161.9,409.9,3175.85,422.65,3201.4,434.9,3234,439.55,3275.85,403.5,3284,370.9,3280.5,338.95,3267.7,318,3252.6,302.3,3238.65,298.25,3224.1,297.1,3207.8,300.55
1-114,Uninfected,No_comment,Polygon,17,3461.95,994.5,3459.5,967.95,3462.55,940.75,3468.2,914.25,3489.1,890.15,3509.5,879.65,3523.7,880.9,3543.45,892,3555.15,913,3563.8,940.75,3565.05,970.4,3547.75,1000.05,3534.2,1022.25,3522.45,1030.3,3508.85,1031.5,3487.9,1025.35,3467.5,1006.2
1-115,Uninfected,No_comment,Polygon,33,3284.8,1044.5,3284.8,1031.5,3284.8,1014.85,3292.2,1008.05,3290.95,994.5,3302.7,987.05,3313.2,975.95,3326.75,965.45,3339.7,967.3,3346.5,968.55,3351.45,961.75,3367.5,966.7,3382.3,967.3,3384.8,977.2,3398.35,980.9,3397.15,992.65,3408.25,1002.5,3406.4,1014.85,3408.85,1031.5,3403.9,1058.05,3398.35,1072.9,3389.1,1084,3383.55,1095.7,3371.8,1094.5,3358.85,1096.35,3355.2,1106.2,3339.7,1105,3332.95,1095.7,3321.2,1096.35,3311.95,1083.35,3294.7,1077.8,3294.7,1063.6,3286.65,1054.35
1-116,Uninfected,No_comment,Polygon,17,3231.05,907.45,3231.05,923.5,3249.6,949.4,3274.9,959.3,3294.05,959.9,3325.5,946.35,3348.35,925.35,3358.85,904.35,3362.55,872.85,3353.3,847.55,3336.65,820.4,3311.4,814.2,3292.85,816.05,3268.75,825.95,3247.75,842.6,3241.55,862.35,3232.3,889.55
1-117,Uninfected,No_comment,Polygon,22,3127.35,719.15,3123.65,729.05,3116.85,738.9,3117.5,751.25,3113.15,764.85,3116.85,782.75,3123.05,796.95,3140.4,806.2,3166.3,812.35,3183.55,811.15,3198.4,809.9,3217.5,799.4,3228,783.35,3234.8,762.35,3237.25,734.6,3237.25,713.6,3216.3,693.85,3190.35,685.8,3176.75,688.3,3160.1,698.15,3148.35,705.55,3134.15,710.5
1-118,Uninfected,No_comment,Polygon,17,3399.6,725.95,3387.85,741.4,3378,763.6,3369.95,795.1,3369.95,822.85,3383.55,837.05,3397.75,846.3,3413.2,848.15,3434.8,840.15,3453.3,829.65,3474.3,800,3479.9,764.2,3480.45,726.55,3471.85,708.65,3447.8,700.65,3429.25,703.1,3415.05,709.9
1-119,Uninfected,No_comment,Polygon,19,3521.85,721.6,3515.65,736.45,3505.8,755.55,3497.15,784.6,3496.5,804.95,3501.45,822.85,3516.3,830.9,3546.6,832.75,3562.6,827.2,3579.85,820.4,3590.95,804.95,3600.85,783.95,3599.6,755.55,3595.9,733.35,3591.6,722.25,3581.1,713.6,3569.35,712.35,3553.3,713,3532.95,717.9
1-120,Uninfected,No_comment,Polygon,18,3148.35,1000.65,3142.2,1010.55,3136.05,1027.8,3136.05,1046.35,3139.7,1061.75,3146.5,1077.2,3160.7,1090.8,3173.05,1097.55,3192.2,1098.2,3212.55,1092,3228.65,1082.15,3242.2,1059.3,3244.7,1027.2,3235.4,1004.95,3217.5,982.75,3194.65,974.1,3173.05,975.95,3154.6,987.7
1-121,Uninfected,No_comment,Polygon,18,3018.1,1095.7,2994,1081.5,2989.1,1064.25,2992.8,1043.85,3002.05,1017.3,3011.35,1004.35,3024.9,987.05,3035.4,981.5,3061.3,978.45,3078.6,979.05,3090.95,991.4,3103.3,1014.85,3099.6,1040.8,3087.85,1064.85,3082.9,1078.45,3076.2,1091.4,3055.75,1093.85,3031.05,1098.8
1-122,Uninfected,No_comment,Polygon,19,2856.05,1122.85,2840.65,1108.9,2832.55,1090.5,2827.4,1064.75,2837.7,1032.4,2847.25,1023.6,2853.15,1010.35,2869.3,1006.7,2884,997.85,2915.65,1002.25,2941.35,1014.75,2956.1,1039.05,2962.7,1061.1,2958.3,1086.1,2947.25,1114.05,2929.6,1127.25,2895.8,1134.65,2873,1133.15,2861.2,1126.55
1-123,Uninfected,No_comment,Polygon,28,3886.95,1354.2,3877.25,1363.95,3879.35,1377.85,3875.2,1391.75,3877.95,1406.3,3889.1,1416.05,3900.15,1431.3,3911.3,1441.75,3924.45,1452.85,3934.2,1441.05,3946.7,1444.45,3968.9,1452.85,3984.2,1450.05,3999.5,1436.85,4012,1423,4027.3,1420.15,4028.65,1404.9,4030.75,1387.55,4030.75,1370.9,4022.4,1344.45,4012.65,1329.9,3989.8,1321.6,3976.6,1317.4,3958.45,1322.95,3940.45,1324.35,3925.15,1335.45,3910.6,1342.4,3896,1346.6
1-124,Uninfected,No_comment,Polygon,18,4022.4,1102.8,4015.4,1118.05,4012,1134.75,4016.85,1163.95,4027.9,1189.65,4052.3,1200.75,4078.65,1201.45,4091.15,1201.45,4116.85,1193.05,4132.1,1172.95,4141.1,1153.5,4146.05,1122.95,4148.1,1103.5,4134.25,1084.05,4112,1069.5,4084.25,1066,4055.05,1075.05,4034.9,1086.1
1-125,Uninfected,No_comment,Polygon,19,4220.3,1154.85,4218.25,1172.25,4212.7,1189.65,4212,1216,4215.5,1237.5,4223.8,1252.85,4235.55,1266.7,4260.55,1269.5,4288.4,1266.05,4307.85,1250.75,4334.95,1237.5,4350.2,1213.25,4352.95,1188.25,4351.6,1163.95,4334.2,1140.3,4316.9,1129.2,4278,1129.2,4256.45,1132.7,4239.05,1142.35
1-126,Uninfected,No_comment,Polygon,17,4283.5,1283.4,4272.45,1291.7,4266.9,1304.2,4264.05,1332.7,4271,1347.95,4287,1357.7,4303.7,1370.9,4342.5,1367.4,4364.75,1354.2,4380.75,1331.95,4387.7,1309.1,4389.8,1284.8,4385.65,1266.7,4350.9,1254.2,4328.7,1253.5,4306.45,1265.35,4294.65,1272.95
1-127,Uninfected,No_comment,Polygon,17,4300.2,1026.45,4315.45,1009.75,4352.95,985.4,4375.9,975.05,4405.75,975.05,4430.1,982.7,4443.95,990.3,4452.95,1010.4,4456.45,1032.7,4450.9,1050.05,4442.6,1063.95,4427.3,1077.15,4398.15,1082,4369.65,1083.4,4341.2,1077.15,4321,1065.3,4300.2,1040.3
1-128,Uninfected,No_comment,Polygon,18,4196.05,907.65,4194,929.85,4193.3,952.8,4205.1,980.55,4217.6,995.85,4244,1009.05,4270.4,1014.6,4286.35,1009.05,4303.7,995.15,4316.9,977.1,4323.15,953.5,4326.7,926.4,4326.7,901.4,4298.85,877.1,4274.55,869.45,4244,875,4217.6,889.6,4209.25,900.7
1-129,Uninfected,No_comment,Polygon,16,4189.1,788.2,4187.05,807.65,4193.3,822.2,4210.65,839.6,4234.95,847.9,4269.7,848.6,4301.7,833.35,4323.15,812.5,4336.35,787.5,4339.2,771.5,4305.8,712.5,4281.5,715.95,4244,720.8,4219,733.35,4198.15,746.5,4189.85,770.85
1-130,Uninfected,No_comment,Polygon,16,3949.55,850,3957.2,866.65,3955.8,889.6,3944.7,902.8,3943.95,929.15,3948.15,956.95,3939.1,975,3916.2,984.75,3880.1,974.3,3866.9,951.4,3866.9,929.85,3850.25,895.85,3860.7,877.1,3888.4,864.6,3906.45,849.3,3922.45,842.35
1-131,Uninfected,No_comment,Polygon,16,3864.1,654.85,3854.45,666.65,3852.3,680.55,3857.15,698.6,3878.7,715.95,3908.55,725.7,3943.95,727.05,3971.05,711.8,3991.2,691.65,4000.9,661.8,4000.9,633.3,3982.85,605.55,3962.05,586.8,3932.2,590.95,3898.9,607.6,3878,629.85
1-132,Uninfected,No_comment,Polygon,22,4225.2,1492.4,4231.45,1510.5,4239.1,1529.9,4268.25,1547.25,4292.55,1547.95,4323.85,1545.2,4349.5,1534.05,4377.3,1510.5,4393.25,1470.9,4398.85,1449.35,4382.85,1433.35,4366.9,1424.35,4348.15,1415.3,4327.3,1402.8,4307.15,1397.25,4290.5,1402.1,4296,1413.25,4286.3,1429.2,4265.5,1437.55,4244.65,1457,4233.5,1470.9,4226.6,1481.3
1-133,Uninfected,No_comment,Polygon,17,3238.15,1646.3,3233.4,1660.55,3227.55,1674.75,3230.45,1703.15,3241.7,1730.9,3268.35,1753.4,3289.05,1756.95,3312.7,1754.6,3327.5,1743.9,3339.35,1719.65,3347.05,1687.15,3341.7,1654,3326.35,1630.9,3304.45,1621.45,3282.55,1619.65,3254.7,1626.75,3247.05,1633.85
1-134,Uninfected,No_comment,Polygon,16,3118,1704.3,3112.7,1723.8,3106.8,1751.65,3112.7,1780,3121.55,1801.35,3135.2,1810.8,3154.1,1813.75,3172.45,1809.6,3193.75,1791.3,3203.85,1761.15,3202.65,1732.7,3185.5,1695.4,3169.5,1681.85,3151.15,1678.85,3134.05,1682.95,3123.35,1693.05
1-135,Uninfected,No_comment,Polygon,18,2996.7,1726.8,2991.4,1741.55,2979.55,1774.7,2977.2,1795.4,2978.35,1818.55,2992.55,1844.55,3008.55,1862.3,3029.85,1870,3050.55,1871.15,3068.9,1864.05,3092.6,1852.25,3104.4,1825.65,3101.45,1796.65,3091.4,1770.55,3071.85,1745.7,3052.95,1732.7,3025.7,1725.6,3009.75,1725.6
1-136,Uninfected,No_comment,Polygon,18,3126.3,1858.2,3122.75,1871.15,3123.95,1888.35,3132.25,1907.25,3141.1,1919.7,3157.1,1929.8,3183.7,1935.65,3205.6,1928,3223.35,1913.75,3241.7,1894.85,3241.1,1872.95,3231.65,1849.25,3215.65,1829.2,3199.1,1821.45,3176.6,1819.7,3157.65,1825,3138.75,1833.85,3130.45,1846.3
1-137,Uninfected,No_comment,Polygon,19,3412.75,1906.65,3400.9,1914.35,3388.45,1928.55,3382.55,1954.6,3381.95,1975.3,3386.7,1997.8,3396.15,2016.15,3413.3,2028.55,3432.85,2034.45,3457.75,2035.05,3479.6,2027.95,3492,2014.35,3505.05,1980.6,3503.85,1952.2,3493.8,1920.25,3476.65,1900.75,3454.75,1893.05,3435.2,1893.05,3422.2,1899.55
1-138,Uninfected,No_comment,Polygon,17,3474.25,2154,3460.65,2159.95,3450.6,2171.75,3445.85,2186.55,3450,2209.65,3456.5,2232.1,3487.3,2254.6,3512.75,2261.7,3531.65,2259.95,3554.15,2249.85,3567.2,2233.3,3577.25,2200.75,3566.6,2171.15,3540.55,2152.8,3522.8,2145.15,3509.2,2142.75,3485.5,2145.7
1-139,Uninfected,No_comment,Polygon,20,3784.9,2340.4,3764.15,2366.45,3764.15,2391.9,3766.55,2417.95,3776.65,2438.1,3803.8,2456.4,3821.55,2464.1,3845.85,2464.1,3860.05,2461.8,3876.65,2453.45,3887.3,2435.7,3886.05,2409.65,3878.95,2382.45,3874.85,2370.6,3870.7,2346.35,3860.65,2333.95,3842.3,2326.2,3818,2325.05,3800.25,2330.4,3790.25,2336.3
1-140,Uninfected,No_comment,Polygon,21,3492.6,2309.65,3481.95,2323.25,3473.65,2333.3,3468.3,2345.15,3467.7,2361.75,3474.8,2375.95,3482.5,2392.5,3491.4,2411.5,3507.95,2426.25,3529.25,2435.1,3555.85,2436.3,3582.55,2428,3597.9,2412.6,3606.15,2393.1,3607.4,2365.85,3594.9,2332.75,3580.7,2320.9,3558.85,2309.65,3547,2304.35,3524.55,2301.4,3505.55,2304.35
1-141,Uninfected,No_comment,Polygon,19,3344.05,2264.15,3335.75,2278.3,3326.9,2300.8,3328.05,2325.65,3331,2340.4,3339.3,2359.35,3356.45,2372.95,3383.05,2379.5,3408.5,2374.75,3426.25,2364.75,3436.35,2352.25,3447,2329.75,3450.55,2303.15,3442.85,2274.15,3431.6,2255.2,3414.45,2244.55,3396.7,2242.2,3379.5,2243.35,3358.2,2248.7
1-142,Uninfected,No_comment,Polygon,20,3933.4,2087.75,3930.5,2097.8,3928.7,2116.75,3927.55,2135.65,3942.3,2167.6,3958.9,2187.15,3980.15,2197.2,4008,2200.75,4037.55,2192.45,4057.1,2183,4065.4,2157.55,4067.8,2133.9,4058.85,2109.6,4047.65,2078.25,4031.1,2062.85,4008,2053.4,3990.8,2052.8,3966.6,2059.9,3950.6,2068.8,3941.15,2078.25
1-143,Uninfected,No_comment,Polygon,18,3917.45,2329.15,3916.85,2304.9,3917.45,2273.55,3930.5,2253.4,3948.25,2237.45,3965.35,2226.2,3995.6,2223.25,4018.65,2224.45,4045.3,2238.05,4060.1,2259.95,4067.2,2285.4,4061.25,2310.85,4044.1,2330.95,4022.75,2341.6,4002.7,2349.3,3979.55,2351.05,3945.3,2347.5,3929.85,2341
1-144,Uninfected,No_comment,Polygon,19,4220.4,2216.15,4207.45,2229.75,4201.5,2249.85,4197.95,2267.05,4205.05,2282.4,4215.15,2309.65,4223.4,2322.05,4254.2,2326.8,4281.4,2326.8,4305.1,2322.05,4315.75,2313.8,4324,2300.75,4329.35,2284.8,4329.95,2262.9,4312.2,2236.85,4287.3,2219.1,4265.45,2211.4,4242.95,2210.25,4234.05,2209.65
1-145,Uninfected,No_comment,Polygon,22,4216.85,2079.45,4212.15,2087.15,4213.9,2108.45,4216.85,2130.95,4230.5,2155.8,4248.25,2181.25,4266,2193.05,4284.35,2197.2,4306.8,2196.6,4326.95,2187.15,4332.9,2170.6,4342.35,2146.3,4348.3,2133.9,4354.15,2122.05,4351.85,2102.5,4339.35,2086.55,4328.15,2071.75,4317.45,2061.7,4297.4,2054,4264.2,2054,4244.1,2056.95,4224.55,2067.6
1-146,Uninfected,No_comment,Polygon,31,4083.7,2339.8,4082,2349.9,4080.75,2362.3,4077.2,2375.35,4082,2393.1,4090.85,2407.3,4096.75,2419.1,4110.4,2423.85,4129.3,2429.75,4151.8,2445.75,4174.25,2455.8,4184.9,2455.8,4197.95,2449.3,4212.15,2449.3,4223.95,2445.15,4228.75,2440.4,4248.85,2436.3,4245.3,2426.8,4245.85,2413.8,4245.3,2397.8,4231.65,2382.45,4230.5,2367.65,4213.9,2356.4,4199.75,2343.35,4177.2,2330.35,4169.55,2319.7,4154.15,2323.25,4132.3,2323.25,4117.5,2319.1,4110.4,2330.95,4097.35,2332.7
1-147,Uninfected,No_comment,Polygon,20,4021.65,2475.9,4019.9,2491.35,4021.05,2512.05,4042.95,2542.8,4064.85,2555.85,4096.2,2559.95,4125.2,2561.15,4142.95,2552.85,4158.95,2542.2,4169,2522.05,4170.2,2507.3,4167.8,2488.95,4155.4,2469.45,4141.8,2456.4,4125.8,2446.9,4099.15,2441.05,4071.95,2440.45,4057.75,2444.6,4038.2,2455.8,4022.85,2465.3
1-148,Uninfected,No_comment,Polygon,21,3814.55,2689,3806.25,2697.85,3797.95,2712.05,3793.8,2734.5,3792.05,2752.25,3801.5,2789,3811,2799.65,3828.15,2807.35,3846.5,2811.5,3864.25,2814.45,3887.9,2809.65,3905.65,2800.25,3918.7,2784.25,3924.6,2759.95,3924.6,2731.6,3915.7,2709.65,3902.7,2691.3,3884.95,2680.05,3867.8,2678.35,3842.95,2680.05,3825.8,2684.2
1-149,Uninfected,No_comment,Polygon,19,3621.65,2852.2,3612.7,2872.55,3614.5,2889.35,3623.45,2922.25,3633.65,2935.45,3652.8,2945,3676.75,2952.8,3697.7,2956.4,3724.05,2952.8,3743.25,2944.4,3752.2,2933.05,3756.4,2918.65,3754.6,2897.7,3745.05,2872.55,3720.45,2841.4,3695.9,2830.05,3668.4,2826.45,3645.6,2831.25,3631.25,2839.6
1-150,Uninfected,No_comment,Polygon,19,3227.05,2800.7,3219.25,2818.05,3215.05,2843.2,3219.85,2865.95,3228.25,2886.35,3250.4,2903.1,3283.35,2912.7,3301.3,2911.5,3324.65,2901.9,3337.8,2881.55,3346.2,2859.4,3350.4,2834.85,3340.8,2807.9,3327.65,2788.15,3309.7,2776.75,3289.9,2771.95,3271.35,2768.95,3253.4,2773.15,3239.6,2784.55
1-151,Uninfected,No_comment,Polygon,17,3451.6,2592.9,3441.4,2609.1,3441.4,2636,3451,2662.35,3470.75,2676.75,3490.5,2680.95,3521.05,2682.75,3543.8,2670.75,3555.2,2654,3561.2,2631.85,3561.2,2607.9,3546.8,2585.1,3530.05,2570.15,3510.3,2565.35,3484.55,2564.15,3468.95,2571.35,3458.2,2579.75
1-152,Uninfected,No_comment,Polygon,18,2742.55,1640.5,2733.85,1651.7,2736.95,1670.95,2741.95,1690.2,2758.7,1712.55,2787.85,1728.1,2811.5,1731.85,2825.75,1731.85,2846.9,1724.4,2853.7,1705.75,2854.95,1688.35,2849.35,1670.95,2837.55,1651.7,2820.15,1639.25,2799.1,1629.35,2778.6,1623.75,2764.85,1623.75,2748.7,1632.45
1-153,Uninfected,No_comment,Polygon,22,2678.5,1817.55,2674.15,1831.85,2668.6,1841.8,2666.7,1856.7,2671.7,1877.2,2679.75,1893.35,2690.95,1908.25,2702.2,1916.3,2718.9,1918.8,2728.85,1920.05,2742.55,1915.65,2754.35,1907.6,2768.6,1898.3,2774.2,1885.25,2781,1865.4,2777.3,1844.9,2767.95,1823.75,2752.45,1803.25,2736.95,1795.8,2717.7,1794.55,2707.7,1797.05,2690.3,1810.1
1-154,Uninfected,No_comment,Polygon,20,2653.1,1800.8,2653.1,1787.1,2644.4,1769.7,2630.7,1752.95,2608.4,1741.15,2591.6,1738.65,2575.45,1741.15,2556.75,1748.6,2538.8,1773.4,2535.1,1784,2533.8,1803.25,2541.9,1821.3,2550.6,1836.8,2577.25,1851.7,2593.4,1857.3,2617,1861.05,2630.7,1857.3,2648.1,1848.6,2652.5,1825,2654.3,1811.35
1-155,Uninfected,No_comment,Polygon,21,2053.6,1495.15,2053.6,1480.9,2061.7,1459.1,2066.7,1444.9,2080.95,1428.65,2087.85,1420.65,2110.15,1408.8,2127.55,1405.7,2144.35,1405.7,2158.6,1413.75,2166.05,1429.3,2167.3,1442.95,2159.85,1452.3,2148.7,1467.2,2141.25,1488.35,2139.35,1501.95,2125.05,1519.35,2104,1528.7,2085.9,1531.15,2069.15,1521.25,2057.35,1504.5
1-156,Uninfected,No_comment,Polygon,20,2009.55,1606.35,2006.45,1619.45,2004.55,1638,2008.9,1659.8,2016.95,1677.75,2025.05,1693.3,2042.45,1703.9,2054.25,1709.45,2070.4,1708.9,2082.2,1700.15,2095.25,1685.2,2109.5,1668.5,2112.7,1628.7,2107.05,1606.35,2094.65,1588.3,2077.2,1577.15,2064.8,1572.8,2048.1,1574.05,2034.4,1575.9,2023.25,1587.7
1-157,Uninfected,No_comment,Polygon,22,2010.15,1510.1,1997.75,1503.85,1987.15,1499.5,1977.25,1489.6,1967.25,1470.3,1964.8,1458.5,1964.8,1441.7,1968.5,1428.65,1977.9,1415.05,1990.95,1401.35,2009.55,1395.15,2021.95,1393.9,2033.75,1394.5,2053.6,1401.35,2061.05,1412.5,2060.45,1424.4,2056.7,1439.25,2052.35,1450.4,2048.65,1476.55,2041.85,1498.25,2035.6,1508.85,2026.3,1509.5
1-158,Uninfected,No_comment,Polygon,20,1714.5,1583.95,1711.95,1598.95,1715.05,1616.9,1721.3,1641.1,1738.75,1661.6,1751.7,1669.7,1776.55,1674.65,1796.45,1670.95,1812.05,1664.7,1824.4,1654.15,1836.25,1644.2,1842.4,1626.85,1841.15,1600.1,1829.35,1577.15,1812.6,1559.75,1792.7,1552.3,1774.1,1550.5,1757.35,1554.2,1739.9,1561,1726.3,1572.8
1-159,Uninfected,No_comment,Polygon,20,1703.25,1357.85,1697.75,1374,1702.65,1400.15,1723.15,1421.2,1746.2,1430.55,1762.3,1433.65,1785.25,1432.45,1807.05,1418.75,1816.95,1405.7,1826.25,1388.3,1823.85,1369.65,1818.2,1343.55,1808.25,1328.65,1795.25,1308.8,1773.45,1304.45,1752.35,1304.45,1736.8,1309.45,1722.6,1321.85,1710.7,1334.3,1705.8,1346.7
1-160,Uninfected,No_comment,Polygon,17,1661.6,2077.85,1641.1,2069.75,1620,2058.95,1601.6,2040.55,1590.25,2007.6,1594.6,1981.15,1608.1,1960.55,1625.4,1950.3,1652.45,1944.35,1673.5,1945.45,1702.15,1954.6,1714.6,1973,1727.55,1999.5,1729.2,2022.2,1721.6,2051.9,1709.2,2071.4,1684.3,2076.8
1-161,Uninfected,No_comment,Polygon,18,1437.85,1985.95,1420,1971.9,1407,1952.5,1404.85,1921.15,1408.1,1895.15,1425.95,1873,1456.75,1858.95,1488.65,1862.2,1505.95,1868.65,1518.9,1884.9,1523.25,1901.15,1521.1,1928.15,1517.85,1951.9,1510.8,1974.1,1502.7,1987.6,1485.95,1994.1,1464.3,1995.7,1452.95,1991.9
1-162,Uninfected,No_comment,Polygon,20,1341.7,1660.05,1336.8,1671.95,1333.05,1683.3,1333.55,1699.5,1341.1,1717.9,1351.9,1734.65,1368.7,1750.3,1393,1758.95,1416.3,1760.05,1442.2,1753.55,1455.7,1734.65,1466,1714.65,1464.35,1691.95,1456.8,1668.7,1444.95,1650.85,1425.45,1643.8,1399,1639.5,1374.05,1639.5,1353.05,1646,1346,1654.1
1-163,Uninfected,No_comment,Polygon,19,1455.15,1305.4,1431.9,1308.7,1420,1326,1411.35,1343.3,1406,1357.85,1406,1379.45,1410.35,1398.4,1418.4,1417.35,1436.8,1429.75,1466.5,1433,1486.5,1432.45,1507.05,1415.7,1515.7,1395.15,1521.1,1373,1521.65,1353,1516.8,1331.9,1506.5,1315.15,1488.65,1304.35,1475.7,1302.15
1-164,Parasitized,No_comment,Polygon,20,2679.5,2157.95,2667.95,2160.55,2654.75,2165.8,2644.75,2175.3,2636.85,2182.15,2626.85,2202.65,2620.05,2217.95,2620.55,2235.35,2624.25,2251.6,2635.3,2261.6,2648.45,2274.25,2662.15,2280.05,2683.2,2281.1,2700.05,2277.45,2715.3,2269,2729,2256.9,2740.55,2228.5,2740.05,2196.4,2723.7,2167.45,2699,2155.8
1-165,Uninfected,No_comment,Polygon,15,2034,1083,2063,1073,2088,1083,2100,1101,2101,1119,2092,1139,2081,1154,2069,1166,2045,1171,2014,1169,2002,1152,1999,1134,1994,1117,2001,1102,2015,1094