134,5312,2988
5-1,Uninfected,No_comment,Polygon,17,3012.25,2099.2,3005.55,2119.3,3005.15,2151,3019.4,2170.7,3039.95,2188.5,3057.35,2205.1,3095.3,2209.1,3119.4,2203.25,3125.2,2191.65,3127.5,2168.45,3126.55,2143.4,3111.35,2107.75,3099.35,2085,3077.05,2078.3,3055.55,2076.9,3034.55,2080.45,3019.4,2089
5-2,Uninfected,No_comment,Polygon,18,3145.3,2133.6,3139.5,2146.1,3137.3,2166.2,3140,2198.85,3144.85,2222,3154.65,2235.4,3169.4,2245.7,3198.4,2251.95,3219.85,2246.15,3239.5,2235.9,3252.45,2206.8,3260.5,2179.65,3254.25,2159.95,3238.6,2139,3215.4,2124.25,3184.2,2118,3168.55,2119.8,3159.6,2123.4
5-3,Uninfected,No_comment,Polygon,22,2890.8,2190.3,2905.1,2171.15,2920.75,2164,2946.15,2159.5,2969.9,2160.45,2983.25,2167.15,2986.35,2178.25,2993.95,2192.6,3019.4,2202.4,3035.45,2201.95,3047.05,2210.4,3053.3,2222,3052.05,2240.75,3043.5,2253.25,3019.85,2260.85,2998.45,2255.1,2967.2,2248.85,2943.95,2248.35,2918.95,2242.6,2902.4,2230.95,2889.9,2218.9,2885.45,2205.5
5-4,Uninfected,No_comment,Polygon,19,2915.8,2260.4,2908.65,2273.35,2905.1,2292.6,2914.9,2321.6,2929.25,2340.35,2948,2351.9,2971.2,2364.4,2991.25,2363.1,3008.25,2359.55,3027,2351.05,3041.7,2337.25,3046.65,2320.2,3039.95,2297.05,3021.2,2272.9,2997.05,2258.15,2981.4,2245.2,2952.35,2239.45,2933.6,2243.45,2923,2248.85
5-5,Uninfected,No_comment,Polygon,16,3079.2,2315.8,3086.35,2300.15,3108.75,2284.1,3131.9,2279.6,3151.1,2281.4,3168.05,2289.4,3186.8,2301.9,3194.4,2329.15,3193.05,2353.3,3186.8,2374.25,3161.35,2388.55,3126.55,2394.4,3094.85,2383.6,3077.9,2368.95,3073.85,2352.85,3074.35,2333.15
5-6,Uninfected,No_comment,Polygon,17,2780.1,2083.15,2767.6,2098.35,2758.2,2120.25,2758.65,2142.55,2766.7,2169.75,2781.9,2196.15,2803.75,2222,2818.55,2226.45,2836.35,2219.3,2855.1,2211.35,2867.15,2193,2869.85,2144.8,2871.6,2116.25,2857.8,2094.3,2835,2080.45,2806.9,2074.65,2792.15,2076.9
5-7,Uninfected,No_comment,Polygon,19,3139.9,2071.5,3151.95,2055,3168.05,2042.95,3189.5,2028.65,3201.55,2015.25,3212.25,2006.35,3231.45,2001.45,3252.85,2005.45,3270.3,2017.05,3283.25,2038.95,3288.15,2059.45,3289.95,2084.9,3280.1,2100.1,3256,2113.5,3237.25,2116.15,3197.05,2110.8,3175.2,2101.45,3154.2,2088.05,3139.9,2079.55
5-8,Uninfected,No_comment,Polygon,18,3307.35,2006.35,3299.75,2020.65,3297.05,2039.8,3301.1,2065.7,3315.8,2087.15,3333.25,2101.9,3347.95,2108.6,3372.1,2111.7,3391.7,2101.45,3407.35,2084.9,3419.4,2060.35,3422.95,2037.6,3415.4,2013.95,3390.4,1993.85,3366.7,1985.35,3346.65,1985.35,3325.65,1989.8,3318.5,1996.05
5-9,Uninfected,No_comment,Polygon,16,3403.8,2146.55,3409.15,2125.55,3421.65,2110.8,3437.25,2104.1,3466.75,2104.55,3497.1,2113.05,3514.95,2134.45,3523.85,2153.65,3525.2,2177.35,3515.85,2208.6,3493.95,2225.1,3461.35,2223.75,3435.05,2215.3,3417.15,2201,3406.45,2187.6,3401.55,2166.6
5-10,Uninfected,No_comment,Polygon,16,3107.75,2021.1,3097.05,2009.5,3087.2,1983.6,3088.1,1956.4,3105.45,1929.6,3124.65,1913.05,3146.55,1905.05,3179.2,1905.95,3205.1,1922,3222.95,1939.85,3229.2,1966.2,3214,1990.75,3198.4,2007.7,3168.85,2028.25,3133.15,2036.3,3115.8,2029.6
5-11,Uninfected,No_comment,Polygon,16,2897.85,1827.35,2895.25,1846.55,2901.95,1871.1,2909.95,1892.05,2922.05,1905.9,2937.2,1918.4,2960.8,1920.6,2982.7,1917.95,3001.05,1909.05,3011.25,1884.95,3014.9,1850.1,3001.45,1824.65,2984.55,1805.9,2954.55,1800.55,2930.05,1807.25,2905.95,1817.95
5-12,Uninfected,No_comment,Polygon,18,3110.45,1754.55,3132.75,1728.6,3150.6,1717.5,3180.55,1711.7,3204.65,1711.25,3223.85,1721.1,3239,1738.05,3247.95,1759,3245.7,1786.7,3238.05,1807.25,3219.8,1826.9,3202.4,1835.75,3178.75,1837.15,3153.3,1833.15,3133.2,1820.2,3115.35,1801.45,3106.4,1784.05,3103.75,1771.95
5-13,Uninfected,No_comment,Polygon,23,2919.35,1567.5,2910.4,1575.95,2902.35,1586.25,2889.05,1596.05,2888.1,1609.9,2889.05,1627.3,2901.1,1643.35,2912.65,1655.85,2925.15,1675.05,2940.75,1683.1,2961.35,1684.9,2980.55,1677.75,2994.35,1671.05,3019.35,1660.35,3031.4,1650.05,3016.2,1625.95,3014.95,1609.45,2993.45,1593.8,2993.45,1581.3,2977.4,1568.8,2969.8,1555.9,2952,1558.1,2937.65,1563.45
5-14,Uninfected,No_comment,Polygon,15,2847.95,1718.4,2856.4,1702.3,2869.35,1690.7,2897.9,1681.3,2917.15,1681.75,2934.5,1696.05,2948.85,1721.5,2948.35,1744.25,2943.9,1760.8,2933.65,1775.1,2897,1780.45,2878.25,1775.95,2864,1767.95,2852.35,1750.1,2850.15,1733.55
5-15,Uninfected,No_comment,Polygon,18,2996.6,1673.3,2992.1,1691.15,2994.8,1712.15,3005.55,1727.3,3021.6,1735.8,3053.3,1746.05,3076.5,1744.25,3090.4,1736.7,3106.85,1719.25,3119.8,1700.95,3128.75,1693.4,3125.2,1659,3114,1633.55,3099.25,1624.6,3076.5,1616.15,3033.7,1621.95,3012.2,1630.85,3003.25,1649.2
5-16,Uninfected,No_comment,Polygon,15,3012.2,1525.1,3018.9,1503.65,3032.3,1482.2,3051.9,1469.7,3095.25,1462.6,3126.5,1467.5,3142.6,1483.55,3153.3,1508.05,3153.3,1540.7,3136.35,1568.85,3112.15,1583.5,3082.75,1586.25,3044.35,1582.65,3030,1566.15,3016.25,1548.3
5-17,Uninfected,No_comment,Polygon,17,2695.25,1550.1,2689.85,1564.75,2689.4,1586.2,2697.45,1605.4,2713.55,1625.55,2739.85,1654.95,2751.5,1668.85,2769.35,1676.85,2795.25,1668.85,2808.65,1646.45,2812.2,1616.6,2805.5,1588.9,2793.45,1567.95,2771.95,1552.75,2746.55,1542.45,2717.55,1542,2702.8,1546.05
5-18,Uninfected,No_comment,Polygon,17,2594.35,1665.2,2598.8,1643.4,2614,1622.85,2636.3,1615.7,2670.7,1613.9,2697.45,1627.7,2713.55,1644.7,2721.5,1664.35,2723.8,1687.6,2715.75,1704.55,2693.9,1721.45,2669.35,1729.1,2641.65,1729.1,2622,1724.15,2610.4,1715.2,2601.05,1701.4,2595.2,1684.9
5-19,Uninfected,No_comment,Polygon,15,2495.2,1794.3,2512.2,1757.7,2541.6,1743.85,2571.1,1735.4,2599.7,1740.25,2620.6,1751.85,2632.7,1776.9,2632.7,1800.55,2626.85,1818.4,2605.95,1830.45,2575.55,1840.25,2546.55,1847.85,2519.3,1844.75,2502.8,1833.6,2491.65,1815.7
5-20,Uninfected,No_comment,Polygon,17,2359.95,1715.7,2355.45,1740.7,2364.8,1766.6,2384.5,1781.8,2406.3,1791.15,2441.65,1796.5,2473.35,1790.7,2489.4,1778.65,2499.25,1754.15,2497.4,1714.8,2493.45,1699.2,2474.25,1686.25,2453.2,1676.4,2422.9,1676.85,2401,1684.95,2372,1698.75,2367.1,1707.65
5-21,Uninfected,No_comment,Polygon,18,2662.2,1902.8,2654.6,1926.45,2647.45,1942.55,2641.65,1962.15,2640.3,1981.35,2652.8,2004.15,2687.65,2023.35,2716.2,2024.25,2742.1,2013.95,2769.35,1987.6,2774.7,1969.3,2772,1939.85,2763.55,1917.1,2743,1905.9,2722.45,1902.8,2699.25,1900.1,2684.05,1897.45,2659.5,1885.85
5-22,Uninfected,No_comment,Polygon,20,2533.15,1866.2,2526.05,1878.25,2519.35,1896.55,2517.55,1922.9,2519.8,1946.1,2531.85,1969.3,2555.05,1985.85,2578.7,1992.55,2605.5,1989.85,2619.8,1972.45,2622.9,1959.05,2619.35,1938.95,2618.9,1918.4,2629.6,1903.7,2639,1893.4,2636.3,1874.65,2621.55,1852.8,2601.9,1844.75,2578.25,1846.1,2548.8,1853.25
5-23,Uninfected,No_comment,Polygon,16,2619.8,2044.75,2607.3,2067.95,2599.25,2086.25,2597.05,2102.75,2608.65,2129.1,2635.4,2150.55,2657.3,2157.7,2685.45,2149.2,2705.05,2140.7,2715.8,2118.85,2714.45,2094.75,2705.05,2067.95,2694.35,2044.75,2679.2,2031.8,2649.7,2024.65,2630.05,2032.7
5-24,Uninfected,No_comment,Polygon,16,2638.55,2341.2,2630.5,2315.75,2634.95,2290.75,2646.55,2272.85,2659.5,2256.8,2676.95,2249.65,2705.5,2252.8,2727.4,2267.95,2739.9,2292.05,2747.45,2323.75,2742.1,2350.1,2731.85,2368.85,2710.85,2376.45,2685.4,2380,2661.75,2370.2,2646.55,2353.25
5-25,Uninfected,No_comment,Polygon,16,2955.1,2509.05,2963.65,2482.25,2986.35,2457.25,3018.5,2443,3052.9,2445.2,3077.45,2457.25,3094.85,2481.35,3102.9,2508.6,3104.65,2531.4,3093.1,2552.35,3065.8,2563.95,3031.9,2574.7,3002.85,2574.7,2981.45,2563.05,2965.35,2546.1,2957.8,2532.25
5-26,Uninfected,No_comment,Polygon,17,2746.15,2449.65,2749.35,2429.15,2763.15,2411.3,2777.4,2397,2793.05,2388.95,2812.3,2382.25,2834.1,2383.15,2847.05,2389.4,2873.85,2405.05,2885.45,2434.05,2885.45,2460.4,2872.05,2484.95,2847.95,2502.8,2815.35,2512.6,2781.45,2510.85,2758.65,2491.65,2747.95,2471.1
5-27,Uninfected,No_comment,Polygon,19,3120.25,2476.05,3127.9,2454.15,3137.2,2442.55,3153.8,2430.95,3179.65,2424.25,3207.35,2422.9,3228.8,2433.2,3248.9,2457.75,3255.15,2484.5,3256.85,2509.1,3251.1,2530.95,3234.1,2552.4,3213.6,2564.9,3185.5,2568.45,3160.05,2564.9,3140.85,2555.5,3122.1,2530.95,3114,2505.5,3117.15,2489
5-28,Uninfected,No_comment,Polygon,17,3699.35,2225.1,3719.45,2207.2,3738.65,2197.85,3769.9,2193,3800.7,2204.6,3823.45,2221.55,3833.3,2246.55,3831.95,2275.55,3816.75,2298.3,3801.15,2320.2,3773,2330.5,3748.45,2330.95,3723.9,2323.3,3706.5,2308.1,3697.1,2286.3,3691.75,2265.75,3693.1,2246.1
5-29,Uninfected,No_comment,Polygon,17,3471.2,2268.45,3467.65,2284.05,3464.95,2314.8,3473.45,2335.85,3490.4,2356.85,3517.2,2367.95,3546.2,2368.45,3568.55,2365.3,3584.15,2353.7,3597.55,2330.5,3596.65,2298.8,3587.75,2276.85,3575.25,2254.55,3557.35,2246.1,3529.25,2241.6,3503.35,2247.85,3481.9,2256.4
5-30,Uninfected,No_comment,Polygon,17,3780.6,1949.7,3770.3,1958.15,3764.5,1980,3765.85,2009.1,3778.35,2037.65,3811.4,2063.55,3841.75,2074.2,3867.65,2072.9,3889.95,2062.15,3904.7,2045.65,3906.95,2021.6,3898.9,2003.7,3885.95,1987.15,3865.4,1960.8,3841.3,1944.75,3814.5,1940.75,3799.8,1942.5
5-31,Uninfected,No_comment,Polygon,18,3509.15,2037.65,3513.15,2010.85,3526.1,1993.9,3549.75,1981.85,3571.2,1977.85,3593.95,1982.25,3613.15,1993.4,3630.55,2009.95,3635.05,2034.55,3641.3,2055,3627,2077.35,3615.85,2094.8,3601.1,2103.25,3573.4,2101.9,3547.55,2097.95,3527.9,2089.4,3517.6,2075.1,3511.8,2056.85
5-32,Uninfected,No_comment,Polygon,18,3671.85,1717.1,3683.6,1690.05,3701.1,1679.15,3726.85,1673.45,3754.8,1674.75,3777.5,1679.15,3798.9,1690.5,3811.15,1711,3812.9,1725.4,3804.6,1748.55,3789.75,1770.85,3763.1,1789.2,3744.75,1797.5,3715.95,1793.1,3697.15,1783.05,3686.25,1766.05,3677.5,1751.2,3672.25,1732.85
5-33,Uninfected,No_comment,Polygon,17,3537.3,1687.85,3553.05,1668.2,3570.5,1654.25,3598.9,1645.5,3633.4,1646.35,3653.5,1650.3,3667.9,1658.15,3673.15,1674.75,3670.95,1697.05,3660.05,1722.35,3652.15,1742.45,3632.95,1756.45,3603.7,1760.8,3575.3,1760.35,3554.8,1750.3,3542.1,1735.45,3536.45,1712.75
5-34,Uninfected,No_comment,Polygon,20,3917.7,1601.4,3903.7,1621.9,3905.05,1653.8,3909.85,1672.15,3917.7,1692.65,3931.25,1701.85,3944.75,1706.65,3956.1,1716.25,3966.6,1726.3,3983.65,1733.3,4011.15,1726.3,4030.35,1714.95,4040.85,1696.15,4043.45,1654.25,4032.55,1628.9,4015.5,1607.05,3993.25,1588.3,3974.05,1581.75,3954.4,1582.6,3936.05,1588.3
5-35,Uninfected,No_comment,Polygon,18,3713.75,1630.15,3723.35,1645.5,3736,1656.4,3764.4,1661.65,3794.1,1649.4,3816.8,1635.45,3826.4,1614.05,3826.4,1579.1,3816.8,1559,3798.9,1541.1,3776.2,1529.75,3756.1,1527.55,3728.6,1530.65,3708.95,1543.3,3698.05,1558.6,3692.35,1581.3,3693.25,1604.45,3701.1,1621.45
5-36,Uninfected,No_comment,Polygon,17,3702.9,1378.7,3693.25,1408.35,3686.25,1430.65,3691.05,1454.65,3706.8,1478.25,3726.45,1489.15,3750.9,1494.4,3770.55,1488.75,3795.05,1475.6,3812.1,1442.45,3818.15,1407.95,3812.45,1380.85,3805.05,1366.9,3780.2,1354.2,3758.8,1352.9,3737.8,1353.35,3715.5,1365.15
5-37,Uninfected,No_comment,Polygon,16,3554.4,1344.6,3550,1366,3551.3,1392.65,3571.45,1419.3,3593.25,1435,3631.25,1441.55,3664.85,1431.1,3678.45,1415.8,3689.8,1390.9,3696.35,1362.1,3683.25,1321.45,3652.2,1301.4,3626.5,1300.05,3598.05,1306.6,3577.5,1318.85,3567.9,1327.15
5-38,Uninfected,No_comment,Polygon,20,3852.8,1244.6,3856.9,1227.9,3873.05,1211.25,3886.2,1197.3,3907.35,1189.2,3928.5,1184.7,3947.85,1189.2,3967.65,1198.65,3978.05,1214.85,3982.6,1233.8,3987.55,1254.05,3989.3,1276.1,3978.05,1297.3,3955.55,1311.7,3923.95,1317.55,3901.45,1313.05,3881.7,1308.1,3866.3,1294.15,3854.6,1274.75,3853.25,1257.2
5-39,Uninfected,No_comment,Polygon,16,4006.45,1218.9,4019.9,1205.4,4043.8,1195.5,4072.65,1190.1,4101.05,1197.75,4119.9,1215.75,4129,1241.9,4126.3,1271.6,4112.7,1295.5,4088.85,1306.3,4060,1314.4,4030.35,1309,4011.8,1294.6,4002.4,1282,3993.8,1259.45,3997.4,1233.8
5-40,Uninfected,No_comment,Polygon,17,4001.95,1382.9,4004.65,1361.7,4014.95,1341.9,4032.15,1328.4,4060,1325.65,4085.25,1324.3,4113.6,1337.85,4127.2,1358.55,4128.55,1390.55,4122.65,1414.4,4107.75,1431.55,4083.5,1443.25,4063.6,1449.1,4037.5,1442.8,4016.75,1429.75,4004.65,1419.35,4000.1,1404.05
5-41,Uninfected,No_comment,Polygon,16,4238.6,1043,4250.9,1027.45,4272.85,1015.1,4310.75,1017.85,4335.4,1027.9,4353.2,1048,4362.8,1073.55,4362.8,1103.25,4347.25,1125.15,4318.05,1136.15,4280.6,1139.8,4256.4,1132.95,4234.9,1113.3,4227.15,1091.85,4227.15,1066.25,4229,1053
5-42,Uninfected,No_comment,Polygon,16,3936.3,1109.2,3938.1,1135.7,3943.15,1159.9,3956.85,1175.85,3981.95,1188.2,4014.85,1187.3,4039.05,1179.5,4062.3,1163.55,4075.1,1141.15,4076.5,1121.5,4069.65,1097.3,4059.6,1079.95,4033.1,1066.7,4002.9,1064,3968.25,1076.3,3946.3,1090.95
5-43,Uninfected,No_comment,Polygon,16,4265.55,1262.15,4278.3,1235.7,4292.45,1224.7,4315.3,1221.05,4343.6,1223.35,4354.6,1232.05,4367.35,1249.4,4371.45,1276.8,4367.8,1303.7,4354.6,1320.15,4336.3,1334.3,4313,1341.15,4283.8,1333.4,4269.2,1322.9,4260.95,1302.8,4262.8,1279.05
5-44,Uninfected,No_comment,Polygon,18,4124.85,1043.85,4116.2,1031.1,4107.05,1004.15,4105.7,975.35,4117.55,948.95,4135.8,919.65,4163.2,908.25,4197.45,905.95,4213.45,913.25,4231.25,929.75,4245.4,957.1,4248.15,989.55,4239,1017.4,4225.3,1035.65,4203.4,1051.65,4179.65,1057.55,4151.35,1056.2,4140.4,1053
5-45,Uninfected,No_comment,Polygon,23,3932.6,826.05,3952.25,821.05,3960,812.35,3955.45,791.35,3962.3,784.05,3984.65,789.05,3994.7,774,4007.95,774.9,4018.45,784.05,4038.1,785.45,4051.8,776.75,4074.15,788.6,4100.65,816.9,4094.7,845.25,4086.05,863.95,4081.95,883.15,4064.15,893.2,4040.4,881.75,4002,884.5,3977.8,889.05,3953.6,874.45,3939.45,853,3922.1,829.7
5-46,Uninfected,No_comment,Polygon,14,3570.5,631.5,3560.45,658.4,3558.2,697.75,3573.7,725.6,3596.55,742.05,3631.7,747.5,3661.85,739.7,3683.3,726.5,3695.2,704.6,3694.25,662.15,3666.85,626.45,3644.95,616.45,3615.75,616.45,3588.8,624.15
5-47,Uninfected,No_comment,Polygon,17,3344.95,703.65,3342.65,682.2,3354.5,654.8,3366.4,641.6,3391.05,634.25,3418,631.5,3442.65,641.1,3459.55,658.9,3471.9,674.9,3476.45,702.3,3470.5,724.2,3457.75,748,3434.45,762.6,3410.25,763.9,3378.75,758,3361.85,739.7,3349.5,718.7
5-48,Uninfected,No_comment,Polygon,17,3417.1,501.4,3402,519.6,3392.4,546.6,3395.15,566.7,3401.55,587.7,3421.2,606.85,3440.85,617.8,3470.05,623.3,3493.35,617.8,3508.4,606.85,3523.05,578.05,3524.85,539.75,3508.4,506.85,3491.5,493.15,3469.15,482.65,3445.85,485.85,3430.35,490.85
5-49,Uninfected,No_comment,Polygon,16,3194.7,736.55,3185.5,752.6,3180.5,776.3,3184.15,799.55,3200.65,821.05,3222.1,837.95,3245.4,840.65,3278.2,838.9,3299.7,826.05,3302.9,810.05,3304.25,773.15,3287.85,739.35,3266.85,720.15,3242.65,713.3,3215.25,717.85,3205.65,724.7
5-50,Uninfected,No_comment,Polygon,20,3155.85,545.2,3145.35,558,3138.5,577.2,3134.85,597.3,3139,617.85,3151.75,636.15,3164.1,648.9,3183.7,654.35,3198.35,655.25,3214.35,649.35,3236.25,639.35,3251.75,620.6,3260,595.9,3258.6,572.2,3249,547.5,3231.7,530.6,3215.25,524.65,3195.15,523.75,3174.15,530.6,3166.4,537
5-51,Uninfected,No_comment,Polygon,16,3568.65,413.7,3527.55,415.05,3498.8,402.75,3481.4,382.65,3476.4,368.05,3469.1,336.5,3479.6,303.65,3503.8,279.45,3537.6,271.7,3565,274.4,3591.5,289.05,3605.15,304.55,3615.2,328.75,3616.15,355.7,3607.45,385.85,3590.1,403.65
5-52,Uninfected,No_comment,Polygon,16,3619.35,399.55,3628.45,375.8,3647.65,350.2,3667.75,334.25,3699.7,327.85,3716.15,332.4,3739.9,354.35,3754.05,382.2,3761.8,422.85,3751.75,453.9,3727.1,483.55,3698.35,491.35,3674.6,491.35,3644.45,476.25,3625.25,448.4,3618.4,424.2
5-53,Uninfected,No_comment,Polygon,16,3750.4,478.1,3770,457.1,3783.25,442.9,3811.1,429.7,3838.05,423.35,3871.85,425.55,3891.05,439.25,3896.05,459.35,3893.8,487.65,3882.35,513.7,3854.95,531.05,3831.65,542,3789.2,539.75,3766.85,527.85,3754.05,511.9,3750.4,494.05
5-54,Uninfected,No_comment,Polygon,16,3879.15,550.25,3889.65,521.9,3906.1,501.35,3927.55,488.15,3946.3,483.55,3975.5,490.85,3992.85,503.2,4005.65,530.15,4005.65,567.15,3989.65,599.1,3968.2,615.1,3939,621,3905.65,616.45,3891.05,604.55,3881,584.95,3877.8,569.4
5-55,Uninfected,No_comment,Polygon,15,3076.4,273.5,3063.15,264.4,3053.1,241.1,3048.1,210.95,3058.6,177.55,3073.65,153.4,3109.75,137.45,3134.4,139.25,3163.15,152.5,3179.6,183.55,3182.35,222.8,3170.9,254.8,3151.3,274,3128.9,283.55,3098.3,285.85
5-56,Uninfected,No_comment,Polygon,16,3133.5,365.25,3134.4,340.65,3145.8,310,3167.25,289.95,3206.55,282.2,3234.4,289.45,3249.9,310.45,3259.5,336.55,3261.35,363,3257.7,389,3243.05,409.55,3217.95,421.9,3186.9,428.75,3158.6,420.55,3146.7,405.95,3138.05,389.95
5-57,Uninfected,No_comment,Polygon,15,3353.15,63,3324.3,73.95,3314.75,91.3,3307,124.65,3315.7,159.35,3335.3,181.25,3363.2,189.05,3392.4,189.55,3422.5,178.05,3443.5,149.75,3446.3,110.55,3439.85,80.35,3425.3,55.75,3401.55,46.55,3370.9,48.9
5-58,Uninfected,No_comment,Polygon,14,2833.45,147.45,2826.6,129.2,2829.35,104.05,2841.75,80.8,2863.15,54.75,2893.75,50.2,2918.4,56.1,2936.65,67.55,2946.7,93.15,2945.35,125.55,2929.8,147.95,2902.9,161.65,2879.6,170.3,2851.75,165.3
5-59,Uninfected,No_comment,Polygon,16,2781.45,391.8,2771.35,368.45,2765.95,347.5,2771.85,313.65,2785.05,294.45,2801.55,280.85,2825.25,269.85,2847.65,268.05,2872.75,279,2888.25,304.1,2894.7,326.95,2899.75,361.2,2886.9,387.65,2857.7,403.65,2831.65,415.05,2797,408.7
5-60,Uninfected,No_comment,Polygon,14,2506.95,407.3,2500.1,388.6,2497.9,365.75,2506.95,334.7,2518.45,317.8,2540.8,310.45,2573.2,310,2590.6,337,2598.3,369.4,2602.85,393.15,2594.25,412.8,2573.2,428.25,2549.5,430.15,2523.45,423.7
5-61,Uninfected,No_comment,Polygon,14,2645.35,442.45,2634.35,477.6,2642.6,505,2654,529.2,2678.2,541.1,2705.15,537.9,2725.25,529.65,2757.65,501.8,2768.6,481.25,2758.55,469.85,2740.75,453.85,2715.2,436.5,2685.95,429.65,2656.75,434.7
5-62,Uninfected,No_comment,Polygon,14,2782.8,501.35,2791,458.9,2801.95,440.6,2833.9,431.95,2864.95,431.95,2888.25,447,2908.35,470.75,2914.75,509.1,2897.85,538.8,2872.3,552.5,2841.7,563,2809.25,554.8,2789.65,533.3,2783.7,515.5
5-63,Uninfected,No_comment,Polygon,15,2440.25,636.55,2446.2,612.8,2457.15,588.15,2477.7,574,2493.7,565.8,2527.95,566.25,2546.2,580.85,2560.85,600.95,2574.05,634.75,2564,670.35,2541.65,684.5,2511.95,691.8,2480,684.05,2464,668.05,2450.3,656.65
5-64,Uninfected,No_comment,Polygon,17,2237.05,734.3,2244.85,703.7,2253.05,679.5,2272.25,663.5,2292.3,656.2,2316.05,656.2,2343.45,665.8,2360.35,682.25,2370.85,710.1,2369.5,732.9,2364.45,757.1,2352.6,776.75,2327.5,793.65,2291.4,795.95,2269.05,787.25,2253.05,773.1,2243.45,757.1
5-65,Uninfected,No_comment,Polygon,16,2717,645.2,2727.95,624.2,2752.2,609.1,2773.65,601.35,2797.85,601.35,2818.4,610.5,2836.65,621.9,2847.15,642,2849.9,672.15,2831.2,695.9,2815.2,712.35,2785.05,724.2,2749.9,728.75,2721.6,720.1,2712.45,700,2709.25,675.8
5-66,Uninfected,No_comment,Polygon,17,2613.8,719.15,2602.85,732.4,2596.9,752.95,2596.45,772.6,2601.05,792.25,2620.2,823.3,2637.55,836.1,2661.3,837,2682.3,830.15,2696.9,818.25,2710.6,798.15,2715.2,769.85,2706.95,741.55,2696.45,723.3,2676.35,712.35,2644.85,705.5,2621.1,710.95
5-67,Uninfected,No_comment,Polygon,17,2830.7,716,2817.95,731.05,2809.25,751.6,2805.6,776.7,2812.9,801.85,2828.9,821.45,2851.25,831.5,2877.75,832.9,2898.3,823.75,2916.1,811.85,2923.9,802.3,2926.6,781.75,2921.15,742.45,2912.9,724.2,2885.05,710.05,2857.2,708.2,2843.5,709.6
5-68,Uninfected,No_comment,Polygon,18,2336.2,447.1,2322.05,464.45,2309.3,483.15,2303.8,508.25,2310.65,536.6,2322.5,556.2,2337.1,574.5,2371.8,587.25,2402,577.7,2420.7,563.55,2435.3,546.65,2443.5,522.45,2443.5,496.4,2428.9,468.05,2402,450.3,2380.5,438.8,2353.6,435.65,2346.25,439.8
5-69,Uninfected,No_comment,Polygon,16,2354,364.9,2360.85,336.55,2373.15,316.5,2394.2,300,2421.1,294.5,2453.1,303.2,2473.65,314.15,2482.75,339.25,2486.9,365.3,2491.05,411,2482.75,427.4,2459,443.9,2426.15,444.8,2389.15,434.75,2370,415.55,2357.65,387.7
5-70,Uninfected,No_comment,Polygon,18,2027.1,575.35,2016.6,589.5,2011.55,610.05,2014.75,635.6,2027.1,660.7,2048.1,675.35,2069.05,685.4,2092.4,684,2112.45,677.6,2125.25,662.1,2137.15,644.3,2140.8,626,2135.3,600.9,2123.45,577.15,2110.6,559.35,2095.1,551.1,2067.2,554.8,2043,563.45
5-71,Uninfected,No_comment,Polygon,15,1949.5,391.8,1940.4,404.8,1935.1,430.75,1939.4,454.75,1959.15,481.25,1982.7,488.95,2014.4,485.1,2041.8,476.45,2049.5,459.1,2055.75,436.5,2046.65,406.25,2033.65,387,2019.25,377.4,1986.05,375.9,1964.4,381.25
5-72,Uninfected,No_comment,Polygon,18,1755.75,775,1760.55,757.2,1768.25,740.4,1787.5,729.35,1814.4,728.85,1848.05,730.75,1870.2,741.85,1887.5,755.75,1899.5,772.6,1902.9,804.35,1898.05,825.95,1882.7,845.2,1849.5,857.7,1825.95,860.1,1803.85,854.8,1772.1,838.45,1755.75,819.7,1750.95,797.6
5-73,Uninfected,No_comment,Polygon,16,2042.3,763.45,2038.95,789.9,2035.55,812,2046.65,833.65,2068.25,850.5,2093.25,853.85,2116.8,850.95,2132.7,842.3,2148.05,827.9,2154.3,799.5,2157.2,782.2,2143.25,755.75,2127.9,738.45,2102.9,733.2,2081.75,739.45,2057.2,747.6
5-74,Uninfected,No_comment,Polygon,19,3472.1,1843.75,3488.9,1832.2,3508.65,1824.5,3530.75,1822.6,3558.15,1824.5,3577.4,1831.25,3593.25,1846.15,3598.55,1863,3601.4,1882.2,3596.15,1903.35,3586.5,1914.4,3566.35,1925.5,3542.75,1929.8,3511.5,1928.35,3492.3,1918.75,3474,1906.75,3468.25,1897.1,3463.45,1877.9,3462.95,1863.95
5-75,Uninfected,No_comment,Polygon,18,4174.95,1805.75,4165.85,1829.3,4162.95,1849.95,4169.7,1879.3,4182.2,1897.55,4201.9,1910.55,4236.5,1930.25,4261.5,1933.6,4276.4,1927.85,4297.1,1910.05,4304.3,1892.25,4308.6,1875.45,4293.7,1847.55,4272.55,1823.5,4245.65,1796.1,4221.6,1793.25,4197.1,1798.05,4185.55,1801.4
5-76,Uninfected,No_comment,Polygon,21,4315.35,1805.75,4308.6,1828.3,4312,1853.3,4321.1,1875.45,4335.55,1896.6,4352.85,1916.3,4370.65,1924.95,4395.15,1934.55,4415.35,1929.75,4431.2,1916.3,4441.3,1893.7,4445.65,1872.05,4445.15,1850.45,4441.3,1834.55,4433.6,1812.95,4424.5,1796.1,4403.8,1781.2,4385.55,1773.5,4360.05,1774,4344.2,1783.6,4329.3,1793.25
5-77,Uninfected,No_comment,Polygon,17,4450.65,1715.9,4451.15,1701.05,4456.1,1686.7,4472.4,1669.35,4496.2,1656.5,4525.4,1657.5,4548.65,1662.45,4563.5,1675.8,4569.45,1694.1,4567.45,1719.85,4560.05,1743.65,4546.7,1757.5,4517.45,1761.95,4495.7,1765.4,4468.95,1755,4457.05,1744.15,4453.1,1732.75
5-78,Uninfected,No_comment,Polygon,19,4421.9,1532.25,4409.55,1568.4,4397.15,1599.55,4398.65,1614.4,4411.55,1639.15,4426.85,1647.6,4443.7,1650.55,4466.5,1646.6,4493.7,1632.75,4511.55,1621.85,4527.85,1598.55,4538.75,1576.8,4535.3,1543.6,4520.95,1508.45,4512.05,1498.55,4498.15,1490.65,4469.95,1498.55,4449.15,1509.95,4429.85,1520.35
5-79,Uninfected,No_comment,Polygon,18,4314.5,1600.55,4296.2,1583.7,4284.3,1569.35,4277.35,1552.55,4274.4,1523.3,4282.35,1501.55,4301.15,1480.75,4322.45,1467.4,4352.65,1464.4,4378.85,1468.85,4394.7,1477.75,4403.1,1492.15,4408.55,1507.5,4407.1,1543.6,4395.2,1577.8,4383.3,1602.05,4357.1,1614.4,4336.8,1611.95
5-80,Uninfected,No_comment,Polygon,19,3121.25,1272,3124.25,1255.05,3139.05,1235.15,3163.2,1224.6,3184,1224.15,3205.6,1225.45,3222.95,1227.95,3237.8,1236.85,3250.5,1251.3,3263.2,1272,3263.2,1294.9,3253.5,1316.55,3240.35,1328.4,3217.9,1334.35,3190.75,1334.75,3159.85,1330.05,3139.5,1316.95,3126.8,1305.55,3120.4,1291.05
5-81,Uninfected,No_comment,Polygon,19,3087.8,1362.3,3099.25,1347.45,3114.9,1336.85,3127.6,1329.2,3140.35,1328.8,3152.2,1333,3166.2,1340.7,3183.55,1349.95,3195.85,1355.9,3208.15,1366.55,3208.55,1391.55,3202.2,1418.25,3190.35,1433,3171.7,1440.65,3141.6,1443.25,3111.1,1431.35,3096.25,1403,3092.05,1391.05,3089.05,1379.25
5-82,Uninfected,No_comment,Polygon,19,3225.95,1121.6,3231.9,1103.8,3238.2,1094.9,3256,1085.6,3273.85,1080.1,3288.2,1080.5,3310.7,1087.3,3324.2,1097.05,3336.15,1116.1,3342.5,1135.15,3336.95,1158.05,3325.95,1175.4,3309.85,1191.1,3288.2,1194.9,3267.05,1192.35,3245.85,1185.15,3235.3,1174.15,3228.5,1155.95,3225.95,1144.05
5-83,Uninfected,No_comment,Polygon,21,3042.05,1124.15,3033.15,1138.15,3028.85,1152.1,3032.7,1164,3036.5,1175.85,3042.9,1191.55,3054.7,1214,3068.7,1224.6,3094.55,1229.65,3113.6,1228.4,3140.8,1216.55,3155.2,1206.35,3163.6,1187.3,3167.5,1167.35,3167.9,1148.75,3154.7,1129.25,3133.15,1113.15,3110.25,1103.8,3089.5,1098.75,3064.95,1102.1,3053,1109.3
5-84,Uninfected,No_comment,Polygon,23,3083.55,1039.85,3089.5,1031.35,3099.25,1023.7,3115.8,1000.85,3129.7,995.35,3145.4,984.75,3162.35,982.2,3182.75,989,3200.55,993.2,3213.2,1007.2,3218.75,1030.95,3220.85,1049.55,3211.1,1072.45,3194.15,1093.2,3177.2,1103.8,3148,1105.95,3121.65,1100.85,3106.05,1096.6,3086.1,1088.55,3075.1,1084.3,3073,1072.45,3076.8,1060.15,3073,1050
5-85,Uninfected,No_comment,Polygon,20,3006.85,928.85,3001.35,948.75,3001.8,963.6,3008.15,979.7,3022.55,1005.1,3034,1017.4,3045,1027.15,3061.1,1029.25,3075.5,1024.6,3091.2,1016.55,3106.85,1002.55,3117.05,987.3,3122.55,962.3,3117.9,939.85,3111.55,920.8,3100.5,901.3,3077.2,890.3,3050.5,890.3,3028.9,899.2,3017.05,913.6
5-86,Uninfected,No_comment,Polygon,20,2889.5,1047.5,2897.95,1023.35,2909,1008.1,2928.45,993.25,2949.25,988.15,2972.15,986.9,2993.3,996.65,3010.25,1010.2,3022.1,1030.95,3026.35,1047.9,3029.8,1072.5,3023,1091.55,3006.45,1106.8,2989.5,1119.95,2971.25,1127.15,2939.5,1124.2,2915.35,1114.45,2896.7,1098.75,2888.65,1078.4,2886.5,1063.6
5-87,Uninfected,No_comment,Polygon,17,2813.2,998.75,2808.15,954.25,2820.45,934.35,2838.65,920.8,2872.95,909.35,2901.85,917.8,2923.4,930.1,2937.85,947.5,2945.4,959.35,2943.75,972.5,2924.65,986.05,2908.15,1000.05,2882.7,1024.6,2873.4,1029.7,2857.3,1025.05,2836.95,1019.5,2819.2,1011.05
5-88,Uninfected,No_comment,Polygon,21,2605.1,896.45,2582.35,910.95,2576.1,918.05,2571.35,930.95,2567.05,944.3,2563.15,969.4,2563.15,992.55,2569.4,1012.55,2578.8,1026.25,2595.7,1034.1,2616.1,1030.95,2633.35,1025.1,2650.6,1020,2661.15,1012.95,2684.7,976.45,2689,960,2684.7,927.45,2673.35,908.6,2659.6,896.85,2634.5,891.35,2622.75,889.8
5-89,Uninfected,No_comment,Polygon,18,2574.9,1089,2580.4,1067.05,2596.85,1049.8,2621.95,1040,2647.05,1030.25,2676.15,1026.25,2716.85,1026.25,2740.4,1029.8,2751.75,1038.8,2747.05,1059.6,2735.7,1082.35,2716.85,1094.9,2695.3,1109.4,2660.8,1126.65,2637.65,1133.7,2603.9,1125.85,2581.15,1117.25,2575.7,1105.5
5-90,Uninfected,No_comment,Polygon,17,2444.7,1067.85,2435.7,1056.85,2429.8,1042.8,2428.6,1021.15,2439.2,989.4,2460.4,971.35,2477.65,960,2504.7,956.85,2520.8,961.15,2543.9,985.85,2547.85,1010.25,2549.4,1031.75,2536.05,1054.1,2518.05,1068.6,2492.55,1082.35,2468.25,1081.95,2458.8,1077.25
5-91,Uninfected,No_comment,Polygon,18,2320.6,904.05,2307.25,927.8,2307.7,954.05,2316.55,977.4,2331.05,992.7,2353.65,1004.8,2378.25,1008.85,2405.65,996.75,2419.8,985.1,2431.85,964.9,2436.3,947.6,2448.8,921.35,2440.35,910.1,2422.2,897.2,2400,882.25,2377.45,875,2349.6,879.85,2334.7,888.65
5-92,Uninfected,No_comment,Polygon,18,2277.05,1060.1,2277.85,1039.5,2288.7,1027.8,2316.55,1018.15,2342.75,1016.55,2366.15,1021.35,2384.3,1031.05,2400.8,1047.6,2411.7,1067.7,2418.15,1093.15,2418.15,1113.35,2407.3,1132.3,2387.5,1143.15,2350.8,1142.3,2317.75,1132.7,2298.4,1120.95,2279.45,1097.6,2273.4,1079.4
5-93,Uninfected,No_comment,Polygon,16,2074.6,948.5,2078,972.3,2079.3,1001.3,2087.15,1022.95,2110.1,1037.65,2135.15,1049.8,2160.75,1048.9,2175.9,1038.5,2187.1,1023.35,2189.75,991.75,2174.6,963.2,2155.9,941.55,2140.75,928.15,2116.1,922.5,2087.15,928.15,2073.3,936.8
5-94,Uninfected,No_comment,Polygon,21,1921.3,941.1,1934.25,925.95,1949.4,906.9,1973.65,901.3,1998.75,899.1,2022.65,909.95,2038.6,924.25,2052.95,944.6,2063.3,967.55,2065.05,993.95,2060.25,1015.15,2042.05,1032.45,2012.2,1041.55,1986.2,1038.1,1973.25,1037.65,1959.4,1026.85,1936.5,1014.7,1924.75,1000,1919.1,987,1916.5,973.15,1918.75,956.25
5-95,Uninfected,No_comment,Polygon,22,1750.65,1046.05,1759.4,1031.3,1775.1,1019.3,1809.2,1011.45,1836.4,1011.45,1851.6,1017.5,1858.5,1041.9,1861.25,1060.3,1869.1,1076.45,1879.7,1088.9,1891.7,1099.5,1899.05,1107.8,1893.5,1123.95,1893.05,1146.95,1864.95,1152.9,1834.1,1151.1,1801.35,1139.6,1772.3,1122.95,1757.1,1109.65,1743.75,1093.5,1741,1073.2,1742.85,1062.2
5-96,Uninfected,No_comment,Polygon,25,1877.4,1059.35,1876,1045.15,1871.85,1032.25,1881.55,1020.7,1891.2,1012.85,1905.95,1008.7,1920.25,1015.6,1927.6,1029.9,1940.05,1041,1961.7,1041.45,1976.45,1051.1,1976.95,1066.75,1969.1,1090.25,1966.8,1103.65,1976.45,1117,1987.55,1137.3,1982.45,1163.5,1973.7,1176.95,1950.65,1183.8,1921.15,1175.1,1904.6,1150.6,1900.45,1123.95,1899.5,1105,1889.35,1090.75,1878.3,1078.25
5-97,Uninfected,No_comment,Polygon,16,1982,1058.05,1999.5,1048.8,2023.95,1042.3,2056.2,1045.55,2070.5,1054.8,2091.2,1081.05,2099.5,1105.5,2093.05,1129.9,2075.1,1150.6,2044.65,1161.7,2017.95,1158.5,1999.5,1147.45,1984.75,1130.75,1970.05,1108.15,1967.3,1096.65,1978.3,1067.25
5-98,Uninfected,No_comment,Polygon,18,1739.15,1224.85,1738.2,1241,1747.9,1259.9,1764,1283.4,1786.15,1298.6,1823,1305.05,1847.9,1304.6,1888.9,1290.3,1904.1,1263.55,1908.7,1226.25,1903.65,1205.05,1890.75,1195.85,1871.85,1194.9,1845.1,1198.6,1810.55,1200.45,1791.65,1210.1,1776.45,1211.5,1755.7,1209.65
5-99,Uninfected,No_comment,Polygon,19,2000.9,1278.8,2013.35,1264.95,2029.9,1252.05,2046.95,1244.25,2071.35,1242.85,2101.35,1252.05,2115.15,1270.05,2124.85,1297.7,2124.85,1326.7,2115.15,1345.15,2098.6,1364.5,2074.6,1376.05,2051.1,1380.2,2028.1,1371.9,2011.05,1352.55,2004.6,1341.45,1995.4,1326.7,1995.4,1308.3,1997.2,1294
5-100,Uninfected,No_comment,Polygon,17,2068.6,1428.55,2064.95,1436.85,2065.85,1453.45,2077.85,1470.95,2091.65,1488.45,2119.3,1503.2,2152,1506.9,2182,1489.85,2206.4,1474.15,2230.35,1439.6,2219.3,1427.6,2194.9,1407.35,2172.75,1391.7,2145.1,1390.3,2119.3,1393.5,2097.65,1403.2,2080.15,1412.4
5-101,Uninfected,No_comment,Polygon,17,2490.75,1349.25,2481.05,1326.65,2476.9,1305,2482.9,1279.65,2493.05,1264.9,2511,1253.4,2534.95,1248.8,2560.3,1253.4,2575.05,1262.6,2591.2,1287.05,2600.85,1302.25,2605,1333.1,2598.1,1361.25,2572.75,1378.3,2542.35,1379.65,2520.7,1371.85,2505,1363.1
5-102,Uninfected,No_comment,Polygon,18,2619.75,1323,2632.2,1309.6,2645.55,1302.7,2669.05,1303.15,2689.8,1308.25,2707.3,1317.45,2719.75,1333.6,2726.65,1352.95,2724.85,1375.5,2716.55,1396.7,2700.4,1416.05,2667.7,1423.9,2645.55,1421.6,2621.15,1413.3,2609.6,1398.1,2605.95,1382.9,2606.4,1363.55,2612.4,1344.2
5-103,Uninfected,No_comment,Polygon,19,2787.95,1369.55,2793.5,1349.25,2802.7,1333.65,2823.45,1320.25,2840.95,1311,2873.7,1313.35,2897.2,1324.85,2914.25,1344.25,2921.6,1370,2921.15,1389.8,2905.95,1416.6,2889.35,1434.05,2869.55,1440.05,2843.25,1439.1,2824.4,1438.2,2807.8,1429.9,2795.8,1417,2787.95,1398.1,2787.05,1382.45
5-104,Uninfected,No_comment,Polygon,19,3927.95,2458.35,3934.2,2444.25,3946.25,2431.8,3970.5,2427.85,3993.8,2431.35,4019.05,2446.65,4033.4,2462.5,4044.3,2485.25,4049.75,2512.05,4045.75,2538.25,4031.4,2560.5,4005.15,2569,3980.9,2567,3957.65,2556.05,3939.3,2542.2,3926.45,2528.35,3921,2510,3921.5,2487.75,3921,2473.95
5-105,Uninfected,No_comment,Polygon,17,3961.3,2607.25,3973.35,2590.7,3985.85,2582.25,4012.2,2575.55,4049.7,2584,4071.55,2596.95,4101.9,2633.1,4105.95,2656.35,4094.8,2684,4079.6,2699.65,4043.85,2707.25,4010.85,2707.7,3982.7,2701.45,3961.3,2696.05,3951.9,2671.5,3947.9,2646.5,3952.8,2624.65
5-106,Uninfected,No_comment,Polygon,19,4007.7,2343.8,4010.4,2331.05,4019.1,2315.5,4032.8,2299.05,4049.3,2290.85,4068.85,2287.65,4092.65,2293.6,4116.4,2305,4132.4,2328.3,4138.25,2347.9,4139.7,2374.85,4127.35,2394.5,4113.65,2407.75,4094.5,2418.25,4071.15,2421.9,4051.55,2418.25,4028.75,2396.8,4016.85,2380.35,4006.75,2364.8
5-107,Uninfected,No_comment,Polygon,17,3625.95,2502.25,3616.85,2537.45,3617.25,2568,3623.25,2594.5,3634.65,2613.25,3655.65,2630.1,3676.2,2640.6,3699.5,2639.25,3713.2,2627.4,3729.2,2597.7,3729.65,2566.2,3728.3,2546.55,3716.85,2525.55,3699.9,2505,3678.5,2490.4,3662,2487.2,3644.25,2489.95
5-108,Uninfected,No_comment,Polygon,18,3484.4,2704.1,3491.75,2676.25,3508.2,2663,3536.05,2654.8,3564.35,2660.7,3588.05,2673.5,3605,2693.6,3612.75,2714.6,3616.85,2736.05,3617.75,2759.35,3605.9,2779,3589.4,2791.75,3561.6,2803.65,3533.75,2799.05,3511.4,2784,3496.3,2767.55,3483.55,2745.2,3477.55,2727.85
5-109,Uninfected,No_comment,Polygon,19,3619.6,2681.7,3627.8,2698.6,3628.3,2721.45,3635.15,2740.15,3665.7,2766.2,3696.3,2772.15,3718.25,2774.85,3737.8,2774.85,3753.4,2765.3,3763.85,2741.55,3762.5,2721,3752,2695.85,3739.25,2678.05,3715.5,2663,3696.75,2657.05,3675.7,2652.05,3649.75,2652.05,3616.85,2653.85,3615.45,2668.95
5-110,Uninfected,No_comment,Polygon,17,3199.7,2808.05,3220.8,2764.9,3230.1,2747.75,3248.25,2731.05,3267.85,2721.25,3296.3,2722.25,3319.3,2733.5,3340.85,2757.05,3354.15,2787.95,3347.75,2825.7,3318.85,2855.6,3277.15,2877.65,3254.6,2883.55,3223.75,2878.15,3205.6,2866.85,3195.8,2847.75,3191.85,2832.05
5-111,Uninfected,No_comment,Polygon,15,3134.95,2814.4,3115.4,2808.5,3096.25,2792.85,3082.05,2775.65,3072.75,2749.7,3075.65,2719.8,3089.4,2699.2,3134.5,2687.9,3159.95,2696.25,3187.45,2713.9,3199.2,2735.95,3203.65,2765.4,3195.25,2799.7,3180.6,2810.95,3158.05,2820.8
5-112,Uninfected,No_comment,Polygon,25,3025.2,2904.6,3018.8,2881.55,3015.8,2858.5,3022.75,2842.35,3041.35,2832.55,3042.85,2822.75,3031.05,2810.5,3016.85,2798.7,2993.25,2796.75,2955.5,2798.25,2930.5,2807.55,2907.95,2826.65,2894.8,2848.7,2890.85,2874.2,2894.3,2898.25,2908.5,2911.95,2930.1,2918.8,2946.25,2927.65,2956.55,2945.8,2968.3,2960,2989.35,2961.45,3006.05,2945.8,3012.45,2933.55,3025.2,2920.8,3028.1,2915.9
5-113,Uninfected,No_comment,Polygon,17,1581.8,828.95,1577.25,852.3,1579.25,873.1,1585.85,894.95,1599.55,915.25,1618.85,928.45,1656.95,936.05,1683.85,926.4,1705.15,912.2,1716.85,887.35,1717.35,865,1709.7,843.15,1686.9,814.75,1665.55,803.05,1635.1,792.4,1614.3,797.45,1597,810.15
5-114,Uninfected,No_comment,Polygon,17,1475.7,1403.55,1470.65,1418.3,1472.15,1439.65,1480.3,1461,1494.45,1479.25,1519.3,1492.45,1555.85,1502.1,1586.4,1484.8,1601.05,1469.55,1612.75,1441.65,1607.2,1417.35,1590.45,1391.9,1574.15,1380.2,1548.8,1373.15,1521.9,1370.05,1497.05,1379.25,1485.85,1388.85
5-115,Uninfected,No_comment,Polygon,17,1711.25,1742.75,1691.95,1732.6,1675.7,1719.9,1663.55,1705.15,1659.95,1685.3,1664.05,1659.5,1682.3,1637.6,1704.65,1625.45,1738.15,1620.4,1768.6,1622.85,1790.95,1637.6,1803.15,1662,1806.7,1685.8,1793.5,1708.65,1765.55,1727.45,1746.8,1737.1,1731.05,1742.15
5-116,Uninfected,No_comment,Polygon,17,1760,1743.25,1754.4,1761.5,1753.4,1783.8,1761,1804.65,1776.2,1819.4,1803.15,1835.65,1829.55,1837.15,1859.5,1824.9,1876.25,1802.05,1887.9,1767.6,1888.9,1740.65,1877.25,1717.85,1856.95,1701.1,1839.7,1698.55,1819.9,1702.05,1804.65,1713.3,1782.3,1727.45
5-117,Uninfected,No_comment,Polygon,14,1430.75,1925.25,1430.2,1896.65,1436.75,1874.15,1457.1,1856.5,1475.25,1843.9,1514.2,1845.55,1532.95,1855.4,1545,1877.45,1546.65,1912,1534,1938.4,1513.65,1951.55,1487.25,1954.3,1468.65,1947.2,1443.9,1939.5
5-118,Uninfected,No_comment,Polygon,16,2145.55,1729.05,2130.15,1713.15,2125.2,1685.65,2130.7,1653.8,2142.3,1626.3,2164.85,1604.35,2188.45,1592.8,2215.95,1587.3,2237.35,1590.05,2253.8,1607.1,2262.1,1647.2,2254.35,1681.25,2235.15,1704.35,2196.1,1725.75,2175.2,1735.65,2161,1736.75
5-119,Uninfected,No_comment,Polygon,17,2064.3,1800.5,2063.2,1821.9,2067.05,1843.9,2080.15,1868.05,2099.95,1879.05,2123.6,1884,2146.1,1879.6,2162.65,1870.8,2174.65,1855.45,2188.45,1836.75,2193.9,1807.65,2184.05,1795.55,2165.95,1780.7,2142.3,1768.6,2116.5,1763.7,2092.85,1771.9,2075.75,1782.9
5-120,Uninfected,No_comment,Polygon,20,2158.2,1758.2,2177.4,1744.45,2208.75,1733.45,2229.6,1730.7,2256,1740.05,2270.85,1758.75,2279.05,1787.3,2285.15,1821.35,2280.15,1851.05,2263.2,1875.75,2247.2,1887.85,2222.5,1895.55,2180.7,1894.45,2158.2,1877.95,2179.05,1859.85,2193.9,1834,2199.95,1814.25,2192.3,1792.25,2179.6,1779.05,2154.35,1768.05
5-121,Uninfected,No_comment,Polygon,19,2232.95,1973.6,2244.45,1951.6,2266.5,1938.4,2287.9,1931.85,2323.55,1936.25,2351.6,1952.7,2364.85,1980.75,2363.75,2011.45,2351.6,2038.4,2335.15,2061.5,2311.55,2078,2274.65,2074.15,2241.75,2058.7,2231.85,2037.85,2228.5,2020.3,2217.05,2007.65,2216.5,1994.45,2225.75,1993.9,2230.15,1981.85
5-122,Uninfected,No_comment,Polygon,19,2164.85,2292.8,2161.55,2315.9,2161,2345,2173.55,2369.2,2190.1,2388.4,2212.65,2397.2,2240.1,2388.95,2258.8,2379.1,2273,2363.15,2289,2345,2301.05,2323.6,2295.55,2306.5,2275.75,2287.85,2266.5,2270.85,2252.7,2257.05,2230.7,2251.05,2205.45,2255.4,2187.35,2265.35,2174.1,2279.1
5-123,Uninfected,No_comment,Polygon,20,2105.45,2310.95,2091.75,2308.75,2077.95,2304.3,2064.85,2296.65,2053.8,2276.9,2054.35,2247.75,2059.85,2225.8,2078.5,2200.5,2100.5,2189.5,2125.75,2185.65,2147.2,2186.75,2164.3,2193.35,2180.15,2203.25,2189.55,2219.2,2187.35,2247.75,2173.55,2264.25,2157.65,2279.1,2143.35,2296.1,2131.8,2308.75,2118.15,2314.25
5-124,Uninfected,No_comment,Polygon,19,1832.9,2331.3,1839,2312.05,1854.35,2292.8,1871.45,2279.1,1883.45,2265.35,1896.1,2245,1907.1,2246.1,1937.9,2269.2,1956.55,2290.05,1967.6,2314.8,1964.85,2341.15,1957.65,2357.65,1937.9,2377.45,1909.3,2396.65,1885.1,2400.5,1860.95,2395,1842.3,2381.25,1830.7,2358.2,1830.15,2349.95
5-125,Uninfected,No_comment,Polygon,17,1814.3,2335.7,1825.8,2309.3,1834.55,2287.85,1828.5,2235.1,1819.25,2209.85,1799.95,2195,1773.65,2194.45,1742.3,2212.6,1730.15,2238.95,1718.7,2262.05,1714.25,2290.6,1722.55,2314.8,1733.45,2326.9,1750.5,2337.85,1773.1,2346.1,1799.95,2349.4,1810.4,2345
5-126,Uninfected,No_comment,Polygon,16,2023.95,2499.7,2017.85,2515.6,2019.2,2538.95,2022.05,2556.25,2036.1,2573.1,2054.25,2579.6,2084.2,2576.8,2121.6,2559.05,2133.25,2539.9,2137.9,2522.6,2135.15,2497.85,2122.5,2480.1,2104.8,2465.6,2069.75,2466.55,2049.15,2474.5,2032.3,2483.8
5-127,Uninfected,No_comment,Polygon,17,1785.15,2540.85,1785.6,2524.95,1793.95,2504.85,1806.1,2494.1,1826.7,2485.2,1845.4,2486.65,1861.75,2496.45,1880.45,2516.05,1887,2540.35,1885.1,2566.05,1872.5,2593.2,1859.9,2604.4,1840.3,2603.45,1824.85,2594.6,1807.55,2583.35,1794.9,2571.7,1787.95,2559.55
5-128,Uninfected,No_comment,Polygon,15,2097.8,2602.5,2073.5,2626.3,2068.35,2661.35,2073.9,2686.15,2095.45,2708.1,2115.55,2709.05,2132.85,2712.3,2172.55,2709.5,2197.8,2690.8,2207.6,2666.5,2206.2,2643.1,2193.6,2607.15,2177.2,2592.2,2144.5,2587,2123.05,2590.35
5-129,Uninfected,No_comment,Polygon,18,2013.65,2802.95,2009.9,2782.85,2019.75,2759,2031.45,2738,2051.55,2725.85,2087.45,2716.45,2114.15,2721.2,2141.7,2732.4,2163.2,2749.2,2165.05,2760.9,2159.95,2784.7,2144,2802.5,2121.1,2824.5,2100.15,2842.65,2078.65,2852.05,2049.2,2851.1,2032.35,2839.4,2017.9,2823
5-130,Uninfected,No_comment,Polygon,18,2184.25,2722.1,2171.65,2745.5,2171.15,2762.8,2185.2,2797.35,2199.65,2816.5,2211.8,2819.3,2233.3,2816.05,2245.45,2808.55,2262.7,2797.85,2279.1,2782.85,2286.1,2771.15,2288.4,2745.5,2293.6,2720.25,2281.9,2701.55,2263.2,2688.45,2232.85,2687.55,2210.4,2695.05,2198.25,2704.35
5-131,Uninfected,No_comment,Polygon,17,2334.2,2747.8,2349.7,2726.3,2366.95,2710.9,2389.4,2699.2,2403.4,2693.55,2433.35,2699.2,2448.75,2710.45,2457.65,2728.15,2455.75,2755.75,2453.9,2778.65,2440.35,2801.05,2416.95,2824.5,2387.05,2827.75,2361.35,2821.15,2350.6,2806.2,2343.6,2788.9,2334.2,2766
5-132,Uninfected,No_comment,Polygon,16,2460.4,2789.95,2442.2,2816.55,2429.1,2842.25,2425.35,2867.5,2431.95,2891.3,2449.65,2916.1,2477.7,2930.1,2507.6,2926.35,2531,2900.2,2542.65,2881.05,2544.6,2849.3,2538.95,2821.2,2530.05,2796,2515.55,2787.1,2484.7,2783.35,2470.25,2783.35
5-133,Parasitized,No_comment,Polygon,19,2634.3,1148.85,2625.35,1167.15,2623.85,1203.7,2624.25,1230.95,2633.95,1254.85,2648.15,1276.85,2657.45,1285.05,2672.75,1284.7,2687.3,1282.45,2705.6,1271.25,2723.15,1257.45,2738.8,1228.35,2739.55,1205.2,2730.2,1178.7,2712.3,1154.1,2692.9,1139.55,2673.5,1132.8,2654.45,1136.15,2643.25,1141.75
5-134,Parasitized,No_comment,Polygon,19,2977.3,732.1,2960.45,753.35,2951.5,776.45,2952.65,804.05,2958.95,823.1,2970.15,841,2985.45,852.25,3006.75,858.95,3029.1,856.65,3047.05,851.8,3060.45,839.9,3073.55,818.25,3084,799.6,3082.1,765.25,3070.55,741,3057.1,725.7,3034.7,716,3010.45,714.9,2992.9,720.55