216,5312,2988
3-1,Parasitized,No_comment,Polygon,21,3905.65,2243.1,3866.85,2255.6,3848.25,2268.1,3841.3,2278.3,3843.7,2294.5,3856.6,2309.8,3865.4,2321.35,3877.9,2332,3893.15,2347.3,3920.95,2358.85,3946.4,2360.7,3972.85,2360.25,3991.3,2353.3,4010.35,2340.35,4018.2,2319.5,4013.15,2299.6,4000.1,2288.05,3976.5,2271.85,3968.15,2251.45,3956.6,2238.95,3923.25,2236.2
3-2,Parasitized,No_comment,Polygon,19,3115.8,1095.6,3106.35,1109.85,3106.35,1130.55,3116.2,1156.65,3135.5,1173.9,3146.8,1192.65,3163.55,1205.45,3190.65,1206.9,3216.3,1202.5,3235.5,1192.15,3247.3,1182.75,3250.75,1157.15,3243.3,1129.55,3231.5,1109.85,3217.25,1096.55,3199.95,1084.75,3172.9,1076.85,3152.25,1077.85,3138.45,1084.25
3-3,Uninfected,No_comment,Polygon,22,2878.45,125,2894.75,121.75,2918.65,121.75,2937.15,129.35,2949.1,142.4,2956.7,158.7,2961.05,185.85,2962.15,211.95,2959.95,239.15,2954.55,259.8,2944.75,277.2,2930.6,288.05,2913.2,293.5,2896.9,292.4,2879.5,281.5,2867.55,264.15,2855.6,240.2,2849.1,211.95,2846.95,186.95,2851.3,161.95,2858.85,144.5,2866.5,132.6
3-4,Uninfected,No_comment,Polygon,22,2960.3,179.55,2952,196.05,2947.85,219.2,2947.85,244,2951.15,268.8,2961.25,289.25,2976.95,308.25,3000.9,322.3,3027.35,329.75,3048,327.3,3069.5,319.85,3082.7,308.25,3093.4,287.6,3096.75,266.1,3095.05,242.15,3085.2,221.5,3071.15,200.85,3054.6,185.95,3033.15,173.55,3016.6,169.4,3000.05,166.1,2977.75,168.6
3-5,Uninfected,No_comment,Polygon,18,2781.9,254.55,2796.7,250.4,2822.4,253.7,2846.35,260.35,2871.05,276.25,2884.3,299.2,2890.15,329.75,2884.3,353.75,2871.15,369.45,2852.9,382.65,2830.65,385.95,2804.2,384.3,2777.75,372.75,2758.75,356.2,2750.5,335.55,2749.65,310.75,2753.8,290.9,2762.05,274.4
3-6,Uninfected,No_comment,Polygon,23,2652.15,259.5,2666.2,256.2,2686.85,254.55,2703.35,257.85,2719.05,267.75,2731.45,276.85,2743.8,290.9,2753,303.25,2761.25,319.8,2765.4,338.8,2760.45,357.8,2748,373.55,2733.95,386.8,2716.6,395.05,2696.7,395.05,2675.25,390.9,2655.45,379.35,2637.25,362.8,2627.35,343,2623.2,321.5,2624.85,301.65,2631.4,281.8,2639.75,268.6
3-7,Uninfected,No_comment,Polygon,22,3141.4,281.8,3156.25,259.5,3172,244.65,3189.35,234.7,3208.35,233.05,3232.25,235.55,3248.85,243.8,3261.25,256.2,3270.35,278.5,3269.5,296.7,3262.9,314.9,3250.5,338.85,3230.65,361.15,3216.6,376.85,3200.1,387.6,3181.05,389.25,3160.4,384.3,3138.9,372.75,3127.35,356.2,3122.4,335.55,3124.05,314.9,3129.85,297.55
3-8,Uninfected,No_comment,Polygon,23,3204.15,380.9,3211.6,355.35,3227.3,332.2,3243.85,319.8,3261.2,314.85,3281.05,314.9,3304.15,317.35,3322.4,326.45,3335.55,339.7,3346.3,356.2,3349.65,378.5,3349.65,404.15,3345.55,424,3338.9,443,3324.05,458.7,3305.05,469.45,3278.6,474.4,3258.75,474.4,3245.55,467.8,3231.5,457.85,3217.45,440.5,3208.35,426.45,3203.4,404.95
3-9,Uninfected,No_comment,Polygon,21,3232.25,499.2,3237.25,485.15,3247.9,468.5,3267.7,456.1,3287.55,456.1,3306.55,462.65,3328.2,478.5,3344.65,502.5,3354.65,528.95,3358.7,555.4,3358.7,581,3352.95,600,3343.9,616.55,3320.75,626.45,3300.9,628.1,3272,620.7,3254.6,605.8,3242.25,587.6,3233.15,566.95,3230.65,544.65,3230.65,521.5
3-10,Uninfected,No_comment,Polygon,20,3000.05,359.5,3018.25,348.75,3041.4,343.8,3061.25,346.3,3081,359.5,3095.05,376.05,3100.05,394.2,3103.4,416.55,3100.05,443,3093.4,462,3079.35,479.35,3057.1,488.45,3035.55,493.4,3009.1,491.75,2991.8,481.85,2976.1,462.8,2973.6,439.7,2973.6,417.35,2978.6,396.7,2985.2,378.5
3-11,Uninfected,No_comment,Polygon,21,2871.15,384.3,2886.85,374.4,2906.7,374.4,2929,376.85,2947.2,387.6,2962.05,404.95,2969.5,424,2973.6,447.9,2972.8,477.7,2961.25,499.2,2943.85,514.05,2926.45,520.65,2904.2,523.15,2883.55,519.85,2866.95,509.1,2854.55,493.4,2843.85,474.4,2839.75,449.6,2841.4,424.8,2848,408.25,2856.2,395.05
3-12,Uninfected,No_comment,Polygon,20,2378.5,220.65,2380.2,201.65,2387.6,181.8,2408.3,164.45,2431.4,158.7,2457.1,159.5,2484.35,167.75,2504.95,181.8,2518.25,200,2524.85,223.15,2524.85,246.3,2520.7,266.1,2509.15,282.65,2490.9,292.55,2471.15,295.05,2448.75,290.9,2426.5,281.8,2408.3,271.1,2393.45,257.85,2383.5,240.5
3-13,Uninfected,No_comment,Polygon,21,2382.7,307.45,2396.75,299.2,2413.3,295.05,2429,295.85,2451.3,302.5,2465.35,309.9,2484.35,324.8,2492.6,345.45,2495.9,366.1,2492.6,387.6,2481.85,406.6,2462.05,421.5,2438.9,429.75,2420.65,429.75,2396.75,424.8,2380.2,413.25,2362.05,394.2,2355.4,371.1,2355.4,349.6,2359.5,331.4,2368.65,318.2
3-14,Uninfected,No_comment,Polygon,23,3138.1,471.1,3150.5,469.45,3168.65,471.1,3186.85,476.85,3203.4,485.95,3212.45,500.85,3219.85,518.2,3224.05,537.2,3225.7,560.35,3221.5,581.85,3209.15,600,3192.65,609.95,3172,614.9,3147.2,614.9,3128.15,609.95,3110.8,598.35,3098.4,584.3,3091,565.3,3090.15,541.35,3093.4,517.35,3099.25,498.35,3110.8,484.3,3124.85,474.4
3-15,Uninfected,No_comment,Polygon,21,2620.7,414.9,2635.6,402.5,2652.95,396.7,2667.85,396.7,2689.3,401.65,2707.5,414.9,2718.25,430.6,2724.8,449.6,2725.7,474.4,2724.05,504.15,2718.25,525.65,2706.65,543.8,2691.8,552.1,2675.25,554.55,2652.15,550.45,2632.3,536.4,2619.9,521.5,2608.3,502.5,2601.65,475.2,2602.55,452.1,2609.15,429.75
3-16,Uninfected,No_comment,Polygon,23,2685.95,579.35,2688.5,564.5,2695.9,544.65,2707.4,526.4,2723.1,514,2744.7,501.65,2768.6,493.4,2788.5,490.9,2806.7,490.1,2823.2,495.9,2843.05,507.45,2853.8,524,2858.75,548.75,2857.9,573.55,2848,596.7,2831.45,609.1,2803.35,621.5,2776.9,630.6,2748,634.75,2728.1,632.25,2713.3,627.3,2692.6,613.25,2683.55,595.05
3-17,Uninfected,No_comment,Polygon,20,2398.4,445.45,2410.8,438.85,2432.3,436.35,2453.75,436.35,2475.2,444.65,2490.9,462,2500,490.1,2500.9,517.35,2495.9,540.5,2484.35,558.7,2469.5,571.1,2452.95,576.85,2438.05,578.55,2418.25,576.05,2398.4,566.15,2381.85,551.25,2371.95,531.4,2369.45,505.8,2376.1,481,2386,462
3-18,Uninfected,No_comment,Polygon,21,1722.7,916.8,1745.4,912.6,1769.75,917.65,1789.1,931.1,1801.7,943.7,1813.45,962.2,1821.85,984.9,1824.35,1006.75,1824.35,1022.7,1820.15,1039.5,1811.8,1053.8,1793.3,1063.05,1774.8,1067.25,1751.25,1062.2,1736.15,1054.65,1719.35,1037.85,1708.4,1017.65,1700,994.95,1694.95,972.3,1694.95,950.45,1701.7,932.8
3-19,Uninfected,No_comment,Polygon,21,1778.15,897.5,1776.45,922.65,1780.7,956.25,1787.4,977.25,1795.8,990.7,1806.75,1001.6,1818.5,1008.35,1837.8,1014.3,1858.85,1016,1872.25,1007.6,1881.55,989.95,1885.7,966.4,1887.4,938.65,1886.55,916,1879,890.75,1868.05,875.65,1853.8,865.55,1837.8,858.85,1819.35,861.35,1797.5,868.9,1784.95,882.35
3-20,Uninfected,No_comment,Polygon,22,1962.2,852.1,1985.7,856.3,2005.9,863.9,2026.05,874.8,2038.7,890.75,2044.55,926.9,2044.55,951.25,2040.35,975.65,2029.4,1000,2016.05,1023.55,1987.35,1035.75,1962.2,1039.5,1938.65,1038.65,1914.3,1031.95,1895,1020.2,1878.95,999.15,1877.3,969.75,1879.8,936.15,1886.55,906.75,1900,883.2,1921.05,862.2,1941.2,852.1
3-21,Uninfected,No_comment,Polygon,19,1921.05,1043.7,1927.8,1014.25,1945.45,992.4,1968.9,983.15,1997.5,978.1,2022.7,978.95,2037.85,984.8,2060.55,997.5,2073.95,1019.35,2077.3,1044.55,2073.1,1070.6,2062.2,1093.3,2045.4,1109.25,2025.2,1117.65,1994.2,1121.05,1970.6,1114.3,1950.45,1100.85,1935.3,1082.35,1924.45,1060.5
3-22,Uninfected,No_comment,Polygon,22,2067.25,847.9,2051.25,868.9,2035.3,894.9,2026.05,914.2,2019.35,936.9,2017.65,960.45,2019.35,976.5,2032.85,989.95,2053.8,999.15,2081.5,1005.05,2116,999.15,2131.95,981.55,2151.25,955.45,2163.05,930.25,2167.25,904.2,2166.4,878.15,2158,858.85,2146.25,842.85,2131.95,833.6,2118.5,829.4,2100.85,830.25,2084.9,837
3-23,Uninfected,No_comment,Polygon,20,1620.2,1100,1616.8,1078.15,1619.4,1052.95,1628.55,1031.95,1646.25,1010.95,1672.25,1000.85,1701.75,1005.8,1728.55,1012.55,1751.25,1025.15,1763.85,1041.1,1772.25,1064.65,1772.25,1094.15,1766.4,1122.7,1753.8,1140.35,1731.1,1152.95,1703.35,1158,1680.65,1158,1660.5,1151.3,1646.25,1140.35,1631.95,1122.7
3-24,Uninfected,No_comment,Polygon,19,1575,932.4,1588.9,932.4,1613,936.1,1630.6,945.35,1642.55,962.05,1650.95,989.8,1652.6,1025.1,1649.85,1048.25,1640.6,1070.45,1626.7,1083.4,1606.5,1088.9,1586.15,1087.95,1560.2,1077.75,1536.15,1060.2,1518.55,1030.55,1515.75,1000.9,1522.25,973.2,1541.7,947.2,1555.6,935.2
3-25,Uninfected,No_comment,Polygon,20,1476.85,1065.75,1496.25,1062.05,1522.25,1060.2,1539.85,1062,1574.95,1081.45,1600,1098.2,1608.35,1125,1609.3,1152.75,1599.1,1179.65,1582.45,1194.5,1556.5,1201.85,1532.45,1200.9,1510.2,1195.35,1486.15,1187.05,1463.9,1171.35,1449.1,1150,1440.75,1125,1445.4,1101.85,1445.4,1101.9,1456.5,1081.5
3-26,Uninfected,No_comment,Polygon,19,2179.8,243.25,2200.95,233.6,2221.1,231.7,2246.1,237.45,2267.3,248,2286.5,269.2,2291.3,294.2,2292.3,322.05,2284.6,348,2271.1,366.3,2250.95,379.75,2235.55,382.65,2210.55,383.6,2187.45,375.9,2169.2,359.55,2157.65,338.4,2150.95,314.4,2150.95,289.4,2158.6,268.25
3-27,Uninfected,No_comment,Polygon,21,2044.2,333.6,2056.7,328.8,2080.75,325.9,2100.95,332.65,2118.25,346.1,2126.9,362.45,2135.55,387.45,2138.45,422.05,2138.35,422,2132.65,449,2124.95,469.2,2114.4,481.7,2094.2,489.4,2078.8,489.4,2061.5,483.6,2043.25,471.1,2028.8,450.9,2016.3,426.9,2010.55,399,2011.5,371.1,2019.2,352.85
3-28,Uninfected,No_comment,Polygon,21,2139.4,479.75,2152.85,469.2,2172.1,468.25,2190.35,472.05,2206.7,482.65,2219.2,499,2229.8,524.95,2234.6,549.95,2234.6,579.75,2227.85,613.4,2218.25,633.6,2200.95,649.95,2182.65,651.9,2163.45,644.2,2146.1,628.8,2132.65,610.5,2132.75,610.5,2124,587.45,2118.25,555.75,2117.3,530.75,2122.1,501.9
3-29,Uninfected,No_comment,Polygon,21,1949.95,490.35,1964.4,485.5,1988.45,484.55,2011.5,489.4,2031.7,499,2047.1,514.4,2054.8,530.75,2057.65,553.8,2052.85,575.9,2043.25,594.2,2029.8,606.7,2011.5,619.2,1991.3,623,1972.1,621.1,1949.95,613.4,1934.6,599,1923.05,580.75,1919.2,561.5,1919.2,541.3,1924,522.05,1934.6,502.85
3-30,Uninfected,No_comment,Polygon,20,2572.1,534.55,2586.5,531.7,2605.75,531.7,2623.55,532.2,2643.75,543.75,2659.2,554.3,2668.25,572.05,2673.05,591.3,2668.25,618.25,2656.7,641.3,2639.4,654.75,2623.05,664.4,2600.95,669.2,2579.8,669.2,2555.75,660.5,2540.35,645.15,2529.8,621.1,2530.75,599,2539.4,574.95,2553.8,553.8
3-31,Uninfected,No_comment,Polygon,20,2595.15,678.8,2601.9,665.35,2616.3,648,2634.6,637.4,2652.9,634.5,2673.05,634.55,2691.3,643.25,2706.7,653.8,2716.3,671.1,2722.1,689.4,2722.1,707.65,2720.15,724.95,2711.5,746.1,2687.45,761.5,2659.6,767.25,2640.35,762.45,2621.15,752.85,2610.55,745.15,2600.95,728.8,2591.3,708.6
3-32,Uninfected,No_comment,Polygon,20,2411.5,599,2431.7,586.5,2456.7,586.5,2480.75,595.15,2510.55,614.4,2527.85,629.75,2544.2,654.75,2544.2,681.7,2537.45,708.6,2521.15,726.9,2498.05,737.45,2475.95,740.35,2458.65,740.35,2438.45,732.65,2419.2,718.25,2407.65,701.9,2399,679.75,2398.05,653.8,2398.05,633.6,2399.95,615.35
3-33,Uninfected,No_comment,Polygon,21,1819.4,557.25,1832.3,556.45,1853.25,559.7,1875.05,569.35,1897.6,587.9,1904.9,608.9,1908.1,631.45,1903.25,654.85,1894.4,673.4,1875.85,687.1,1852.45,697.6,1830.7,700.8,1812.15,699.2,1791.15,694.35,1771,678.25,1759.7,658.9,1754.85,635.5,1757.3,604.05,1769.4,583.9,1784.7,569.35,1800.85,561.3
3-34,Uninfected,No_comment,Polygon,19,1676.65,635.5,1687.95,633.05,1708.1,631.45,1731.5,636.3,1754.85,653.15,1762.95,672.6,1763.75,693.55,1758.1,717.75,1750.85,735.5,1737.95,746.8,1724.2,751.6,1706.5,753.25,1684.7,747.6,1666.15,737.1,1656.5,725.8,1645.2,709.7,1640.35,686.3,1643.6,666.95,1655.65,648.4
3-35,Uninfected,No_comment,Polygon,25,2040.35,605.65,2049.25,596.8,2067,584.7,2083.9,580.65,2096,583.05,2115.35,592.75,2132.95,601.45,2149.05,615.2,2160.35,632.95,2169.4,651.6,2174.25,672.6,2174.25,691.15,2170.2,706.45,2161.35,723.4,2149.25,735.5,2133.1,741.95,2115.35,737.9,2098.45,728.25,2079.9,716.15,2062.95,700.8,2046.8,683.9,2037.15,666.15,2033.9,646.8,2033.9,646.75,2033.9,628.25
3-36,Uninfected,No_comment,Polygon,20,2198.45,673.4,2200.65,650.65,2223.25,622.5,2244.4,615.35,2267.8,615.35,2283.1,622.6,2299.25,634.7,2312.95,645.15,2320.2,659.7,2324.25,679.85,2323.45,699.2,2317.8,715.35,2309.75,729.85,2294.4,740.35,2278.3,744.35,2252.45,741.95,2235.55,733.9,2220.2,722.6,2207.3,708.9,2201.65,692.75
3-37,Uninfected,No_comment,Polygon,20,1659.7,773.4,1673.4,765.35,1692.75,760.5,1712.15,762.1,1731.5,771,1746.8,787.1,1757.3,811.3,1761.3,837.1,1757.3,864.55,1745.2,885.5,1729.05,896,1712.15,900,1689.55,896,1672.6,887.1,1659.7,872.6,1646.8,852.45,1646.8,852.45,1641.15,829.85,1641.15,808.1,1647.6,787.1
3-38,Uninfected,No_comment,Polygon,21,2009.7,734.7,2019.4,729.85,2040.35,725,2066.15,729.05,2084.7,736.3,2106.5,745.15,2120.2,762.1,2124.25,782.25,2125.85,799.2,2119.4,815.35,2110,831.8,2090.6,845.55,2071.25,852.75,2049.25,855.65,2029.9,853.25,2004.05,845.2,1985.5,827.45,1977.45,804.85,1975.05,779.85,1983.1,758.1,1994.4,744.35
3-39,Uninfected,No_comment,Polygon,22,2162.4,932.55,2182.3,921.8,2203.25,916.15,2225.85,920.2,2243.6,929.05,2257.3,939.55,2271,951.65,2282.3,963.75,2288.75,987.1,2286.35,1008.9,2275.05,1029.85,2261.35,1042.75,2245.2,1053.25,2223.45,1062.95,2200.85,1063.75,2180.7,1056.45,2162.15,1046.8,2148.45,1030.65,2141.15,1012.1,2137.15,993.55,2138.2,971.3,2151.9,949.5
3-40,Uninfected,No_comment,Polygon,18,2287.95,784.7,2307.3,783.9,2333.1,782.25,2357.3,790.35,2371,809.7,2379.1,825,2382.3,850,2378.3,871,2367,896,2344.4,915.35,2315.35,922.6,2285.55,918.55,2266.2,908.1,2250.85,886.3,2246.8,861.3,2250.05,837.9,2256.5,820.2,2268.6,801.65
3-41,Uninfected,No_comment,Polygon,19,2307.3,943.55,2317.8,930.65,2335.5,921,2362.95,910.5,2384.75,913.75,2407.3,926.65,2419.4,940.35,2427.5,955.65,2429.9,971,2429.1,989.55,2421.85,1010.5,2403.3,1025.85,2385.55,1031.45,2370.2,1033.1,2349.25,1029.85,2330.7,1022.6,2313.75,1008.1,2306.5,988.75,2302.45,965.35
3-42,Uninfected,No_comment,Polygon,18,1440.55,1828.95,1459.7,1816.2,1491.7,1810.8,1517.15,1816.2,1537.45,1829.95,1550.2,1854.5,1556.6,1884.2,1548,1919.4,1536.3,1949.1,1510.85,1965.15,1485.3,1969.4,1465.1,1967.2,1448,1962.95,1431.05,1948.05,1422.45,1925.7,1421.4,1894.85,1423.6,1871.45,1428.85,1845.9
3-43,Uninfected,No_comment,Polygon,17,1497.95,1959.8,1507.55,1935.35,1532,1908.75,1555.4,1898.1,1581.05,1902.3,1614.05,1914,1628.95,1931.1,1636.35,1952.3,1637.45,1977.9,1632.05,2001.25,1618.3,2021.45,1596.95,2035.3,1575.75,2041.75,1554.45,2035.3,1527.85,2023.65,1510.85,2006.55,1499.1,1983.15
3-44,Uninfected,No_comment,Polygon,18,1477.85,1709.8,1504.45,1709.8,1540.55,1719.3,1571.4,1736.4,1571.45,1735.35,1590.6,1757.6,1600.2,1785.25,1593.75,1820.45,1578.85,1833.15,1554.45,1838.45,1526.7,1833.2,1499.05,1823.7,1473.5,1813.05,1454.45,1805.55,1434.2,1786.4,1425.65,1754.4,1432.1,1730,1452.25,1717.25
3-45,Uninfected,No_comment,Polygon,19,1506.5,1620.35,1512.9,1605.45,1535.3,1592.75,1558.65,1588.5,1581.05,1593.75,1598,1605.45,1616.1,1621.4,1625.75,1644.9,1625.75,1674.6,1620.35,1705.55,1608.65,1726.75,1594.9,1740.65,1573.65,1743.9,1553.45,1741.75,1528.95,1727.95,1518.35,1708.85,1509.7,1685.25,1505.45,1655.45,1505.45,1639.5
3-46,Uninfected,No_comment,Polygon,17,1393.8,2039.55,1404.45,2024.65,1421.4,2010.9,1440.55,2008.7,1463.95,2008.7,1492.75,2021.45,1517.15,2043.8,1524.6,2070.4,1521.4,2098.05,1512.9,2117.2,1495.95,2134.3,1469.35,2140.7,1444.8,2140.7,1416.15,2130.05,1395.85,2110.9,1385.3,2084.3,1384.15,2059.75
3-47,Uninfected,No_comment,Polygon,18,1627.75,1662.85,1639.5,1644.9,1657.65,1631,1682.05,1626.8,1707.6,1631,1727.8,1642.7,1742.7,1660.85,1756.6,1682.05,1757.6,1710.85,1750.15,1736.4,1737.45,1751.25,1722.5,1760.8,1700.15,1763,1668.3,1758.65,1649.15,1745.9,1630,1726.75,1623.5,1703.3,1622.5,1683.15
3-48,Uninfected,No_comment,Polygon,18,1676.75,1772.5,1690.65,1769.3,1719.3,1767.25,1745.9,1776.75,1763,1793.85,1772.5,1813,1775.75,1835.35,1771.5,1861.95,1758.75,1882.15,1739.6,1890.6,1717.25,1897.05,1693.85,1894.85,1670.35,1889.6,1650.15,1876.75,1636.35,1854.5,1632.05,1831,1637.45,1808.75,1653.4,1789.6
3-49,Uninfected,No_comment,Polygon,21,1495.95,1470.4,1515.1,1474.6,1536.3,1482.1,1558.65,1497,1573.6,1509.7,1590.6,1527.85,1599.15,1543.75,1603.4,1561.9,1596.95,1582.05,1585.2,1595.9,1560.8,1607.6,1534.2,1610.8,1504.45,1612.9,1470.4,1603.4,1451.25,1591.7,1438.5,1574.6,1429.9,1553.4,1429.9,1529.9,1436.35,1510.75,1450.2,1493.75,1472.55,1479.9
3-50,Uninfected,No_comment,Polygon,19,1860.8,1924.65,1878.9,1919.4,1897.05,1918.25,1911.95,1926.85,1926.85,1941.65,1933.15,1959.75,1933.15,1984.3,1929.95,2011.95,1925.7,2036.35,1917.2,2053.45,1902.3,2062.95,1879.95,2064.05,1864,2059.75,1851.3,2047,1838.45,2028.9,1836.4,2002.3,1837.4,1974.65,1843.85,1952.3,1849.1,1940.6
3-51,Uninfected,No_comment,Polygon,20,1937.35,1964,1924.6,1970.4,1913.95,1989.55,1910.75,2012.95,1911.9,2033.15,1920.45,2057.7,1934.3,2076.85,1951.3,2092.75,1971.45,2099.2,2003.45,2101.25,2023.65,2096,2042.8,2076.85,2052.4,2054.45,2052.4,2028.9,2044.95,2001.25,2036.35,1990.6,2017.2,1974.65,2000.25,1968.25,1980.05,1962.95,1958.75,1960.8
3-52,Uninfected,No_comment,Polygon,22,1819.3,2061.95,1839.6,2057.7,1858.75,2056.6,1884.15,2063.95,1899.1,2074.65,1905.55,2090.6,1905.55,2109.8,1899.1,2130.05,1890.6,2150.2,1873.65,2171.55,1853.35,2184.25,1829.95,2190.7,1813,2189.55,1813,2189.6,1795.9,2185.3,1782.15,2175.8,1772.5,2157.65,1771.5,2137.5,1775.75,2114.1,1784.2,2096,1797.05,2077.85,1805.55,2068.35
3-53,Uninfected,No_comment,Polygon,16,1444.85,1183.1,1469.4,1176.35,1499.15,1175.3,1518.3,1187,1529.95,1205.45,1533.15,1235.25,1529.95,1258.65,1516.1,1281,1500.15,1296.95,1470.35,1305.45,1450.15,1306.5,1422.5,1293.75,1405.45,1270.35,1401.2,1244.8,1407.6,1220.35,1423.55,1199.05
3-54,Uninfected,No_comment,Polygon,20,1537.4,1246.95,1541.65,1227.8,1548.05,1206.5,1565.1,1186,1581.05,1177.45,1599.15,1170,1627.85,1169.25,1645.9,1178.85,1664,1191.6,1677.85,1208.65,1688.45,1226.65,1689.55,1251.2,1683.15,1274.6,1670.4,1293.75,1652.3,1305.45,1630.95,1312.9,1612.95,1312.9,1589.55,1307.6,1569.3,1295.9,1552.3,1276.75
3-55,Uninfected,No_comment,Polygon,19,2020,1119.15,2048.1,1119.25,2067.25,1125.65,2083.2,1138.4,2093.85,1156.5,2103.4,1177.8,2105.55,1201.2,2102.35,1224.6,2089.6,1242.7,2073.6,1253.25,2056.6,1258.65,2036.4,1261.85,2013,1256.5,1991.7,1241.6,1975.75,1220.35,1971.5,1193.75,1973.6,1170.35,1981.05,1149.05,1997,1129.9
3-56,Uninfected,No_comment,Polygon,18,1601.25,1423.55,1585.2,1441.65,1574.65,1462.9,1570.4,1491.65,1570.45,1510.8,1576.75,1536.4,1589.55,1554.4,1610.8,1564,1643.8,1569.3,1667.2,1561.85,1688.45,1550.15,1697,1527.8,1700.2,1498.05,1690.6,1461.85,1676.7,1438.45,1659.75,1424.6,1639.55,1413.95,1622.5,1415.05
3-57,Uninfected,No_comment,Polygon,21,1703.35,1475.7,1708.7,1454.4,1719.35,1438.45,1733.15,1427.8,1751.25,1419.3,1772.55,1413.95,1791.7,1413.95,1816.15,1422.5,1834.25,1441.65,1847,1467.1,1851.25,1488.45,1851.25,1514,1842.75,1533.15,1827.85,1543.8,1805.5,1553.35,1778.9,1556.55,1758.7,1556.55,1737.4,1549.1,1715.05,1536.35,1705.5,1517.2,1702.3,1492.65
3-58,Uninfected,No_comment,Polygon,18,1880,1398,1905.5,1385.25,1925.75,1386.3,1954.45,1392.7,1974.7,1404.4,1985.3,1423.55,1990.65,1445.9,1990.65,1469.3,1983.2,1489.5,1970.4,1506.55,1943.75,1515.05,1922.55,1517.2,1898,1515.05,1881.05,1508.65,1865.1,1493.7,1855.5,1462.9,1858.7,1431,1867.2,1413.95
3-59,Uninfected,No_comment,Polygon,21,2036.4,1340.55,2052.35,1336.3,2072.55,1340.55,2088.5,1348,2104.5,1358.65,2115.1,1376.75,2124.7,1399.1,2124.7,1421.35,2118.3,1440.5,2106.6,1459.7,2088.5,1471.45,2066.2,1473.55,2047,1469.3,2030,1462.9,2011.9,1450.15,2002.35,1434.2,1995.95,1415.05,1994.9,1394.75,2000.2,1377.8,2011.9,1360.8,2021.5,1351.2
3-60,Uninfected,No_comment,Polygon,20,1993.85,1503.35,2001.25,1484.2,2018.3,1472.5,2036.4,1470.35,2064.05,1473.5,2085.35,1479.95,2109.8,1493.7,2123.65,1512.85,2130,1538.45,2128.95,1561.85,2122.55,1577.75,2109.8,1589.55,2092.75,1594.85,2073.6,1598.05,2056.6,1593.8,2043.85,1587.4,2030,1576.75,2009.8,1559.75,2000.2,1541.65,1994.9,1524.65
3-61,Uninfected,No_comment,Polygon,20,2108.75,1334.2,2109.8,1318.15,2118.3,1292.7,2135.35,1276.75,2155.55,1273.55,2178.95,1273.55,2193.85,1282.05,2213,1299,2221.5,1319.3,2230,1338.45,2232.15,1360.8,2230,1387.4,2218.3,1404.4,2202.35,1417.15,2183.2,1424.6,2167.25,1425.7,2148.1,1419.3,2128.95,1402.2,2116.2,1372.5,2111.9,1351.2
3-62,Uninfected,No_comment,Polygon,19,2234.3,1340.5,2239.6,1316.1,2251.3,1301.2,2267.25,1287.35,2286.4,1281,2303.45,1279.9,2322.6,1282.05,2342.8,1293.75,2355.55,1309.7,2360.9,1326.75,2363,1350.15,2357.7,1374.6,2343.85,1393.75,2320.45,1404.4,2294.9,1405.45,2274.7,1400.15,2254.5,1391.65,2238.55,1374.6,2232.15,1356.45
3-63,Uninfected,No_comment,Polygon,19,2387.5,1119.25,2401.3,1119.25,2422.6,1122.45,2440.7,1132.05,2454.5,1144.8,2461.95,1162.9,2467.3,1187.35,2463.05,1210.75,2453.45,1233.1,2436.45,1244.8,2417.3,1250.15,2398.15,1250.15,2374.7,1240.55,2355.55,1224.6,2342.8,1205.45,2337.5,1180.9,2339.6,1158.65,2350.25,1139.5,2367.2,1126.7
3-64,Uninfected,No_comment,Polygon,18,2437.5,1259.7,2463.05,1245.8,2486.45,1243.75,2507.7,1246.95,2530.05,1257.55,2543.9,1273.55,2557.7,1295.9,2564.1,1323.55,2558.8,1355.45,2546,1370.35,2529,1377.8,2504.45,1379.95,2477.85,1371.4,2451.3,1358.65,2432.1,1340.55,2422.6,1318.15,2420.45,1293.75,2425.8,1273.55
3-65,Uninfected,No_comment,Polygon,18,1633.05,2065.1,1651.9,2064.15,1680.2,2067,1700.95,2076.5,1720.8,2094.35,1731.15,2115.1,1735.9,2138.7,1735.9,2159.45,1727.4,2178.35,1710.4,2194.35,1692.5,2199.1,1663.25,2196.25,1639.65,2184.95,1617,2166.05,1601.9,2142.5,1598.15,2115.1,1603.8,2091.55,1614.2,2079.25
3-66,Uninfected,No_comment,Polygon,18,1574.55,2211.4,1592.5,2202.85,1614.2,2194.35,1634.95,2192.5,1655.7,2196.2,1673.6,2211.4,1690.6,2234.05,1697.2,2256.65,1692.5,2281.15,1681.15,2300.95,1659.45,2316.05,1636.8,2326.5,1616.05,2327.45,1600.95,2321.7,1583.05,2309.45,1567,2290.65,1564.2,2257.55,1566.05,2236.8
3-67,Uninfected,No_comment,Polygon,19,1467,2254.8,1450.05,2270.8,1436.8,2301.9,1435.85,2330.2,1442.5,2351.9,1455.7,2367.95,1475.5,2374.55,1495.3,2376.5,1524.55,2373.6,1547.2,2358.5,1559.45,2335.9,1563.25,2312.35,1565.15,2290.7,1560.4,2271.7,1548.15,2253.8,1548.1,2253.95,1532.1,2244.35,1510.4,2238.7,1487.75,2243.4
3-68,Uninfected,No_comment,Polygon,19,1934.95,2117.95,1951.9,2109.45,1977,2101.7,2011.35,2104.8,2036.85,2119.9,2038.7,2154.8,2031.15,2187.75,2016.1,2221.7,2001,2248.2,1985.9,2267.95,1968.9,2279.25,1947.2,2281.15,1931.15,2267,1923.6,2245.3,1918.9,2217.95,1916.05,2190.65,1914.2,2168.95,1917.95,2149.1,1922.7,2134.05
3-69,Uninfected,No_comment,Polygon,18,2036.85,2154.75,2024.55,2157.55,2002.85,2169.85,1986.85,2189.65,1980.25,2215.1,1982.1,2239.65,1991.55,2254.75,2006.65,2267.95,2027.4,2275.5,2048.15,2280.2,2072.7,2274.55,2091.55,2263.25,2101.95,2246.25,2106.65,2222.65,2106.65,2199.1,2096.25,2172.65,2083.05,2163.25,2060.4,2155.75
3-70,Uninfected,No_comment,Polygon,19,2105.7,2153.85,2113.25,2134.95,2126.45,2118.95,2150.05,2107.55,2174.55,2106.65,2197.2,2112.35,2215.15,2123.6,2225.5,2138.7,2232.1,2159.45,2234,2184.05,2229.3,2211.4,2214.2,2231.15,2194.4,2241.6,2171.75,2245.3,2153.8,2244.35,2135.9,2236.8,2116.1,2218.95,2109.45,2200,2101.95,2171.7
3-71,Uninfected,No_comment,Polygon,20,1873.15,1569.9,1889.3,1568.9,1909.7,1572.05,1929.1,1580.65,1945.2,1594.7,1952.75,1611.9,1957.05,1638.75,1954.9,1661.3,1945.2,1681.8,1933.4,1697.9,1914,1707.6,1892.5,1709.75,1868.85,1707.6,1848.45,1699,1831.25,1681.8,1821.55,1660.3,1817.25,1635.5,1821.55,1610.8,1832.3,1593.55,1848.45,1579.65
3-72,Uninfected,No_comment,Polygon,21,1955.9,1607.5,1962.4,1591.4,1978.55,1583.95,1993.6,1581.8,2020.5,1582.8,2042,1594.7,2057.05,1610.8,2067.8,1625.85,2076.4,1644.1,2086.05,1664.6,2087.15,1684.95,2085,1702.2,2074.25,1721.55,2061.35,1735.5,2045.2,1740.9,2030.15,1740.9,2010.8,1733.35,1992.5,1717.25,1977.45,1693.55,1963.5,1667.75,1954.9,1637.6
3-73,Uninfected,No_comment,Polygon,21,1880.7,1743.05,1889.3,1728,1903.25,1712.9,1920.45,1705.35,1940.9,1701.15,1958.1,1701.15,1975.3,1708.65,1993.5,1720.4,2016.1,1736.5,2022.65,1754.85,2021.55,1778.5,2015.1,1796.85,2002.2,1816.15,1978.55,1832.3,1959.2,1839.8,1937.7,1841.95,1918.3,1834.5,1901.1,1821.55,1889.3,1808.65,1882.85,1789.3,1879.6,1765.6
3-74,Uninfected,No_comment,Polygon,18,2120.7,1580.8,2137.7,1575.35,2161.35,1578.5,2181.75,1588.25,2199,1601.15,2210.8,1618.35,2215.1,1636.6,2216.2,1654.85,2206.5,1677.5,2194.7,1689.25,2177.45,1696.85,2161.35,1699,2142,1699,2117.25,1690.4,2101.15,1672.05,2090.35,1641.95,2091.45,1617.25,2100.05,1600
3-75,Uninfected,No_comment,Polygon,22,2042,1774.2,2050.6,1771.05,2069.95,1765.6,2090.35,1767.75,2108.65,1774.2,2122.65,1782.8,2132.3,1799,2140.9,1819.4,2140.9,1841.95,2137.7,1865.6,2129.1,1880.7,2117.25,1892.55,2097.9,1908.65,2081.75,1919.4,2062.4,1920.45,2043.05,1918.3,2028,1906.5,2012.95,1889.3,2007.55,1864.6,2010.8,1836.65,2019.4,1810.8,2030.15,1787.15
3-76,Uninfected,No_comment,Polygon,16,2086.05,1916.1,2107.6,1898.9,2135.55,1882.85,2158.1,1890.4,2187.35,1908.8,2207.6,1930.2,2219.4,1957,2219.4,1989.3,2202.2,2014,2167.8,2021.6,2129.1,2017.3,2092.8,2006.8,2068.85,1993.6,2057.05,1966.75,2062.4,1937.65,2075.25,1918.25
3-77,Uninfected,No_comment,Polygon,16,2202.2,1762.45,2226.95,1756,2257.05,1763.45,2278.55,1778.5,2291.45,1795.75,2293.6,1817.25,2291.45,1840.95,2278.55,1863.45,2253.8,1879.65,2231.25,1880.7,2207.6,1878.55,2182.85,1866.75,2168.8,1847.4,2162.4,1823.7,2165.65,1799,2177.45,1779.65
3-78,Uninfected,No_comment,Polygon,17,2247.35,1898.95,2255.9,1878.6,2280.65,1862.5,2302.2,1853.85,2326.95,1856,2347.3,1866.75,2361.35,1880.7,2361.3,1880.7,2366.7,1897.9,2364.55,1919.4,2353.8,1941.95,2338.75,1954.85,2319.4,1962.45,2301.15,1962.45,2278.55,1957,2254.9,1940.95,2245.2,1919.4
3-79,Uninfected,No_comment,Polygon,21,2208.65,1537.65,2197.9,1550.55,2197.9,1550.5,2193.6,1575.35,2192.75,1603.35,2198.1,1622.7,2211,1646.35,2228,1658.15,2247.35,1665.6,2272.1,1671.05,2297.9,1667.75,2312.95,1653.85,2324.8,1632.3,2324.8,1610.8,2319.4,1588.25,2319.35,1588.1,2305.45,1558.1,2286.1,1541.95,2268.85,1531.25,2245.2,1525.85,2225.85,1528
3-80,Uninfected,No_comment,Polygon,18,2252.75,1680.65,2261.3,1665.55,2286.1,1647.25,2308.6,1646.2,2329.1,1648.4,2349.5,1658.15,2366.7,1681.8,2372.1,1714.05,2372.1,1737.65,2364.55,1756,2347.3,1772.05,2324.8,1779.65,2302.2,1777.5,2278.55,1766.75,2260.25,1748.4,2250.6,1723.7,2247.35,1702.2,2247.35,1702.15
3-81,Uninfected,No_comment,Polygon,19,2388.25,1622.65,2377.5,1634.45,2364.55,1652.7,2352.75,1679.6,2351.65,1710.75,2358.1,1735.45,2368.85,1752.65,2387.15,1764.6,2417.25,1768.9,2442,1760.3,2460.25,1745.25,2472.1,1725.85,2480.7,1699,2483.95,1673.2,2481.8,1647.35,2468.9,1634.45,2452.75,1623.7,2430.15,1616.2,2407.6,1616.2
3-82,Uninfected,No_comment,Polygon,20,2485,1377.7,2502.8,1383.15,2521.75,1392,2537.05,1408.3,2543.2,1427.75,2545.2,1452.2,2536.05,1478.75,2521.75,1501.2,2503.4,1519.6,2482.95,1525.7,2456.45,1526.7,2436,1520.6,2414.6,1505.25,2401.3,1481.8,2399.3,1455.25,2398.25,1429.75,2410.5,1403.2,2427.85,1387.95,2445.2,1381.8,2460.5,1376.7
3-83,Uninfected,No_comment,Polygon,18,2341.1,1493,2356.4,1493,2376.85,1493,2394.2,1503.25,2406.45,1516.5,2414.6,1530.8,2416.65,1552.2,2414.6,1577.75,2405.4,1592,2387,1602.2,2366.65,1606.3,2348.25,1605.3,2327.85,1600.2,2313.75,1588.6,2299.4,1566.2,2302.35,1532.8,2312.5,1511.4,2325.8,1498.1
3-84,Uninfected,No_comment,Polygon,18,2439.1,1543.05,2449.3,1525.65,2466.65,1511.35,2490.1,1502.2,2507.4,1500.15,2525.85,1501.15,2545.2,1510.35,2556.45,1525.7,2567.65,1550.15,2562.55,1581.8,2548.3,1603.25,2532.95,1618.55,2514.6,1628.75,2497.25,1629.75,2478.9,1626.7,2461.55,1617.55,2446.25,1601.2,2436,1573.65
3-85,Uninfected,No_comment,Polygon,20,2625.85,1489.95,2613.6,1488.95,2595.25,1489.95,2573.8,1499.15,2561.55,1517.5,2551.4,1539,2550.3,1562.4,2550.3,1582.85,2561.55,1600.2,2577.9,1613.45,2597.25,1618.55,2619.7,1618.55,2641.15,1615.5,2658.5,1606.3,2669.7,1591,2675.85,1570.6,2677.85,1549.15,2673.8,1525.7,2666.65,1511.4,2651.35,1496.1
3-86,Uninfected,No_comment,Polygon,22,2560.55,1378.7,2560.55,1378.7,2551.35,1385.85,2539.1,1395.05,2529.9,1412.35,2524.75,1431.75,2525.85,1452.15,2530.95,1471.55,2541.1,1485.9,2555.4,1496.1,2571.75,1503.2,2593.2,1508.3,2611.55,1502.15,2626.85,1491.9,2631.95,1471.6,2631.95,1445.1,2628.9,1418.5,2619.7,1397.1,2609.5,1382.85,2593.2,1375.65,2575.85,1371.6,2575.85,1371.6
3-87,Uninfected,No_comment,Polygon,19,2628.9,1412.3,2629.9,1387.95,2629.9,1387.9,2639.1,1366.5,2655.4,1353.2,2674.85,1349.15,2698.3,1349.15,2716.65,1356.25,2727.9,1369.55,2742.2,1388.95,2746.25,1413.4,2746.25,1435.85,2741.15,1453.2,2726.85,1467.5,2708.5,1474.65,2692.2,1476.7,2673.8,1473.65,2651.35,1463.45,2634,1438.9
3-88,Uninfected,No_comment,Polygon,19,2733,1477.7,2727.9,1458.25,2729.9,1430.7,2738.1,1411.35,2753.4,1393,2772.8,1382.85,2791.15,1379.75,2808.5,1379.75,2830.95,1386.9,2853.4,1399.15,2867.7,1417.5,2872.8,1445.1,2864.65,1467.5,2849.3,1488.95,2830.95,1502.25,2812.6,1510.35,2792.15,1510.35,2773.8,1506.3,2747.3,1495.05
3-89,Uninfected,No_comment,Polygon,20,2574.8,1220.55,2592.15,1211.4,2613.6,1208.3,2635.05,1208.3,2653.4,1214.4,2672.8,1229.7,2681.95,1249.1,2684,1270.55,2678.9,1292,2669.7,1309.35,2653.4,1323.6,2634,1334.85,2617.7,1335.85,2601.35,1335.85,2584,1329.75,2566.05,1318.85,2556.9,1302.55,2552.35,1275.65,2554.4,1254.2,2561.55,1233.85
3-90,Uninfected,No_comment,Polygon,19,2691.15,1076.7,2704.15,1076.7,2724.95,1078,2744.4,1093.6,2757.4,1109.15,2762.6,1129.95,2762.6,1154.6,2758.7,1174.05,2749.6,1192.3,2740.5,1205.25,2722.35,1215.65,2700.25,1216.95,2682.05,1210.45,2665.1,1197.5,2654.75,1180.65,2648.3,1150.7,2650.9,1119.5,2659.9,1102.65,2673,1085.8
3-91,Uninfected,No_comment,Polygon,21,2600.2,919.55,2617.15,910.45,2636.6,907.85,2656.05,913.05,2674.3,924.75,2688.55,939,2705.45,965,2711.9,990.95,2711.9,1020.85,2702.85,1044.2,2685.95,1059.75,2662.5,1066.25,2634,1062.35,2610.55,1050.7,2588.55,1028.65,2571.65,1002.6,2566.45,978,2567.75,955.85,2575.55,936.4,2587.25,924.75,2587.25,924.75
3-92,Uninfected,No_comment,Polygon,18,2757.4,652.45,2771.95,632.75,2798.7,620,2841.15,612.9,2863.25,619.85,2878.35,630.35,2886.5,648.95,2887.65,674.5,2881.85,698.95,2872.55,722.2,2855.1,737.3,2833,741.9,2812.05,744.3,2792.3,739.65,2772.45,728,2757.4,712.9,2749.25,686.15,2750.45,669.85
3-93,Uninfected,No_comment,Polygon,18,2651.5,787.35,2656.75,769.4,2671.85,747.4,2692.8,739.25,2710.2,739.25,2736.4,740.8,2760.9,750.1,2781.85,767.55,2796.95,793.15,2800.45,822.2,2795.8,845.5,2779.5,865.25,2758.5,876.9,2738.8,878.05,2713.2,873.4,2689.95,861.75,2667.85,842,2655.05,815.25
3-94,Uninfected,No_comment,Polygon,19,3173.75,619.85,3197.4,609.45,3221.45,607.05,3243.55,609.4,3264.75,615.45,3288.9,631.5,3301.7,657.1,3305.1,688.5,3298.2,712.9,3286.55,729.2,3271.45,739.65,3250.5,745.45,3231.9,746.65,3210.9,744.3,3186.55,731.5,3171.45,707.1,3160.95,683.85,3156.3,655.9,3160.95,633.8
3-95,Uninfected,No_comment,Polygon,17,3044.65,675.7,3063.2,661.75,3089.95,652.45,3122.6,654.75,3142.35,667.55,3157.45,686.1,3165.6,718.7,3164.45,754.75,3151.65,776.85,3127.25,790.8,3100.5,795.45,3079.55,795.45,3059.8,788.5,3043.5,778.05,3029.55,758.25,3024.9,732.65,3029.55,705.9
3-96,Uninfected,No_comment,Polygon,17,2909.75,709.4,2921.4,695.45,2945.8,691.95,2969,697.8,2990,709.4,3008.6,724.55,3022.55,747.8,3027.15,772.2,3026.05,795.45,3016.75,819.9,2998.15,837.35,2972.55,840.85,2952.8,837.35,2929.55,823.4,2909.75,801.3,2899.3,772.2,2900.45,741.9
3-97,Uninfected,No_comment,Polygon,18,2803.85,852.45,2809.75,833.85,2823.7,817.55,2849.3,809.45,2866.75,810.6,2887.65,815.25,2906.2,823.4,2920.15,838.5,2929.55,862.95,2929.55,885,2922.55,905.95,2910.85,925.75,2886.5,935.05,2867.9,936.2,2848.05,926.9,2830.6,911.75,2815.55,894.25,2803.85,871.05
3-98,Uninfected,No_comment,Polygon,17,2773.7,921.05,2798.1,917.6,2828.35,924.55,2848.05,933.85,2858.6,952.45,2864.4,987.35,2856.25,1011.8,2840,1031.55,2819.05,1040.85,2788.8,1045.5,2766.7,1040.85,2748.1,1031.55,2733,1015.3,2724.85,988.55,2731.75,960.6,2744.6,942,2758.5,929.2
3-99,Uninfected,No_comment,Polygon,20,1840.75,2225.1,1856.4,2224.3,1875.6,2225.1,1875.5,2225.05,1893.8,2232.05,1911.2,2243.35,1919.05,2259.05,1922.5,2285.1,1916.4,2311.25,1907.75,2329.45,1893.8,2346,1879.95,2353,1859.05,2355.6,1832.95,2353,1807.75,2338.2,1792.1,2313.8,1790.35,2286,1795.6,2263.35,1806,2247.7,1819.95,2235.6
3-100,Uninfected,No_comment,Polygon,19,1759.05,2374.7,1780.75,2354.7,1806.85,2345.1,1833.8,2340.7,1853.75,2342.4,1867.7,2347.65,1879.05,2358.2,1886,2379.95,1885.1,2404.3,1877.3,2426.9,1864.3,2446,1845.1,2464.3,1817.3,2475.6,1795.6,2476.4,1776.45,2472.05,1759.05,2461.65,1748.65,2442.55,1745.1,2420.75,1750.35,2393.8
3-101,Uninfected,No_comment,Polygon,23,1593.8,2429.45,1583.4,2435.6,1568.65,2452.05,1555.55,2469.45,1553.8,2487.7,1555.55,2506,1561.65,2523.35,1573,2536.4,1586.85,2550.3,1600.8,2559,1616.45,2565.1,1637.3,2566,1657.3,2559.95,1672.1,2547.7,1681.65,2529.45,1685.1,2509.45,1686.85,2489.45,1680.75,2468.65,1670.35,2448.65,1657.3,2436.4,1642.5,2429.45,1626,2425.1,1612.1,2425.1
3-102,Uninfected,No_comment,Polygon,21,1919.05,2402.55,1906.85,2403.35,1886.8,2404.25,1870.3,2413.75,1858.1,2431.2,1851.15,2450.3,1842.5,2471.25,1841.65,2494.65,1848.65,2512.05,1859.95,2526.9,1875.6,2533.85,1894.7,2538.2,1917.3,2538.2,1941.65,2534.65,1962.5,2525.1,1975.6,2506,1980.75,2479.95,1976.4,2455.6,1967.75,2434.65,1957.3,2421.65,1944.3,2410.35
3-103,Uninfected,No_comment,Polygon,19,1996.4,2349.45,1983.4,2359.95,1968.6,2373.8,1957.3,2395.6,1950.3,2419.95,1950.3,2450.35,1958.1,2471.25,1973.75,2485.15,1991.25,2493,2018.15,2494.65,2046,2485.1,2063.4,2468.65,2076.4,2440.75,2079.05,2414.65,2076.4,2389.45,2068.6,2371.25,2057.3,2358.2,2040.75,2347.7,2019.05,2346.9
3-104,Uninfected,No_comment,Polygon,20,1968.6,2539.95,1952.05,2542.55,1932.1,2553,1910.35,2564.3,1893.8,2585.1,1885.1,2610.3,1881.65,2633.85,1886.85,2654.65,1898.15,2671.25,1917.3,2683.35,1941.65,2685.95,1961.65,2682.55,1983.4,2674.65,2001.65,2657.3,2013.8,2632.05,2017.3,2609.5,2017.3,2589.5,2013.8,2569.5,2006,2554.65,1994.7,2546.9
3-105,Uninfected,No_comment,Polygon,19,2010.7,2699.4,2032.65,2696.15,2057,2696.9,2077.4,2702.65,2095.25,2717.3,2105.85,2741.7,2107.45,2763.65,2105.85,2788.85,2094.45,2814.05,2076.55,2832.75,2057.85,2842.5,2037.55,2844.15,2017.2,2841.7,1996.9,2831.1,1980.6,2814.05,1967.6,2789.65,1966.75,2753.9,1979.8,2728.65,1994.4,2712.35
3-106,Uninfected,No_comment,Polygon,23,2296.9,2694.5,2315.6,2693.65,2334.3,2698.6,2349.75,2709.95,2361.1,2723.8,2368.45,2740.85,2373.3,2766.05,2370.85,2788.85,2365.2,2809.15,2354.65,2830.3,2342.4,2841.7,2328.6,2852.2,2309.9,2856.3,2287.95,2857.15,2267.6,2846.55,2247.3,2827.05,2234.25,2801.85,2231.85,2779.1,2233.45,2758.75,2241.6,2735.2,2251.4,2714.05,2266.85,2701.85,2279.85,2695.35
3-107,Uninfected,No_comment,Polygon,22,2157.85,2609.9,2177.4,2602.65,2192.85,2602.65,2211.55,2605.1,2227,2611.6,2237.55,2620.55,2248.95,2633.55,2255.4,2653.05,2257.9,2670.95,2257.05,2696.9,2245.7,2719.7,2227,2741.7,2207.45,2751.45,2182.25,2752.25,2161.15,2748.2,2143.25,2738.45,2130.25,2723.8,2121.3,2706.7,2116.4,2683.15,2122.05,2657.95,2131.85,2636,2144,2619.7
3-108,Uninfected,No_comment,Polygon,21,2360.3,2809.1,2348.9,2791.25,2344,2771.7,2349.7,2751.4,2359.45,2738.4,2375.8,2728.65,2395.25,2723.8,2418.05,2721.35,2441.65,2723,2461.95,2727.8,2479,2735.2,2493.65,2746.5,2503.45,2766.9,2500.2,2791.3,2492.85,2811.6,2481.5,2826.25,2463.55,2836,2443.25,2841.7,2422.95,2840.9,2401,2832.75,2378.2,2822.15
3-109,Uninfected,No_comment,Polygon,18,2152.2,2770.95,2170.9,2761.95,2196.85,2760.4,2218.85,2766.05,2236.7,2778.2,2249.7,2797.75,2255.4,2821.3,2257.05,2847.4,2248.1,2868.5,2231,2885.6,2207.45,2892.85,2188.75,2893.75,2166,2887.2,2144,2875.85,2130.25,2856.3,2124.55,2836,2124.55,2810,2133.5,2789.65
3-110,Uninfected,No_comment,Polygon,20,2360.35,2859.6,2378.2,2847.4,2405.85,2842.5,2430.15,2843.2,2456.25,2850.65,2472.55,2866.1,2482.25,2884.8,2482.25,2906.75,2478.25,2928.7,2471.7,2950.65,2456.25,2966.1,2440,2975.05,2421.3,2978.3,2399.35,2979.1,2375.8,2974.2,2355.4,2963.65,2341.65,2945.7,2338.4,2924.6,2337.55,2904.3,2344.9,2880.7
3-111,Uninfected,No_comment,Polygon,23,2406.65,2583.15,2421.3,2570.95,2438.4,2563.6,2457.85,2561.2,2481.5,2563.6,2501.8,2575,2517.25,2587.95,2532.65,2608.35,2540.85,2631.1,2541.6,2653.85,2536.75,2673.4,2526.15,2690.4,2511.55,2703.45,2492.85,2711.6,2469.3,2712.35,2448.95,2708.35,2431.9,2701.05,2416.45,2689.65,2401.75,2674.2,2394.5,2654.7,2391.25,2635.15,2392,2615.65,2396.9,2596.15
3-112,Uninfected,No_comment,Polygon,21,2545.7,2623.8,2542.45,2602.65,2542.45,2578.25,2551.35,2560.35,2569.25,2553.8,2590.45,2550.55,2608.3,2556.3,2631.1,2566.85,2644.9,2581.5,2662,2596.95,2670.9,2621.35,2675.75,2649,2669.25,2677.45,2657.9,2697.75,2639.2,2706.7,2622.1,2710.8,2600.2,2705.9,2583.1,2694.5,2566.8,2680.7,2553.8,2662,2547.35,2640.05
3-113,Uninfected,No_comment,Polygon,22,2554.65,2726.25,2567.65,2717.3,2587.95,2712.35,2601.8,2711.6,2616.4,2715.6,2636.8,2727.05,2646.55,2740.05,2655.5,2761.2,2661.15,2781.5,2660.35,2797.8,2657.05,2816.5,2648.15,2831.95,2631.85,2847.4,2611.55,2853.9,2587.2,2852.2,2567.65,2844.15,2551.35,2834.35,2536.75,2815.65,2533.5,2794.55,2534.35,2771.75,2539.2,2752.25,2545.7,2739.25
3-114,Uninfected,No_comment,Polygon,21,2675.75,2653.85,2690.4,2636.8,2711.6,2627.85,2733.55,2627.05,2758.75,2625.35,2781.45,2632.75,2798.6,2643.3,2815.6,2654.7,2824.55,2670.15,2827.8,2690.4,2827.8,2711.6,2822.15,2730.3,2813.2,2744.95,2799.35,2757.15,2778.2,2761.95,2744.05,2757.15,2725.35,2744.95,2709.1,2728.65,2696.15,2712.35,2684.7,2695.35,2674.95,2675.8
3-115,Uninfected,No_comment,Polygon,19,1700.05,2558.8,1715.55,2552.65,1739.3,2550.55,1761.95,2550.55,1779.5,2559.9,1796,2573.3,1805.25,2590.8,1808.35,2612.45,1806.3,2634.1,1796,2652.65,1782.6,2667.05,1758.85,2679.5,1735.15,2682.55,1710.4,2678.4,1686.65,2664,1676.4,2643.35,1671.25,2618.6,1675.35,2593.85,1684.65,2574.3
3-116,Uninfected,No_comment,Polygon,20,2215.9,2298.3,2234.5,2297.3,2257.05,2299.3,2278.65,2307.1,2298.25,2321.85,2316.85,2343.4,2327.65,2367.9,2332.55,2395.35,2330.6,2415.95,2320.8,2435.55,2304.15,2445.35,2285.5,2448.3,2260,2445.35,2236.45,2435.55,2220.8,2418.9,2200.2,2391.4,2193.35,2362.05,2192.35,2338.5,2197.25,2320.85,2202.15,2311
3-117,Uninfected,No_comment,Polygon,22,2317.85,2234.55,2329.6,2227.7,2353.15,2224.75,2370.8,2229.65,2391.4,2243.4,2404.15,2257.1,2410,2276.75,2412,2301.25,2412,2324.75,2403.15,2347.3,2392.35,2362.05,2372.75,2369.85,2352.15,2370.85,2337.45,2366.95,2326.7,2363.95,2309.05,2356.1,2295.35,2341.4,2289.4,2324.75,2286.5,2301.25,2286.5,2279.65,2293.35,2259.1,2303.15,2244.35
3-118,Uninfected,No_comment,Polygon,20,2421.8,2181.6,2410,2195.3,2400.2,2216.9,2396.3,2240.45,2394.25,2264.95,2399.15,2284.55,2408.05,2301.25,2418.85,2315.9,2433.55,2320.85,2454.15,2320.85,2475.7,2314.95,2491.4,2297.3,2501.2,2273.8,2504.15,2250.25,2505.15,2222.8,2496.3,2206.15,2484.55,2186.5,2471.8,2176.7,2461,2173.75,2440.4,2172.75
3-119,Uninfected,No_comment,Polygon,20,2306.1,2079.6,2326.7,2075.7,2349.25,2079.6,2368.85,2088.45,2383.55,2098.3,2395.3,2115.95,2402.2,2137.45,2403.15,2160.05,2395.3,2181.6,2381.6,2196.35,2360,2207.1,2337.45,2208.1,2313.95,2203.2,2292.35,2192.4,2276.65,2179.65,2268.85,2163.95,2266.85,2140.45,2270.8,2119.85,2279.6,2104.15,2292.35,2090.45
3-120,Uninfected,No_comment,Polygon,21,2507.1,2219.85,2512,2204.15,2526.7,2186.5,2547.3,2179.65,2565.9,2182.6,2582.6,2188.5,2599.25,2203.2,2611,2216.9,2616.9,2234.55,2619.85,2256.15,2615.9,2277.7,2607.1,2292.4,2597.3,2306.15,2580.65,2313,2562,2315.9,2543.35,2314,2529.65,2309.1,2517.9,2300.25,2509.05,2287.5,2502.2,2270.8,2502.2,2245.35
3-121,Uninfected,No_comment,Polygon,22,2403.15,2353.2,2412,2346.35,2427.65,2338.5,2440.4,2336.55,2453.15,2336.55,2468.85,2341.45,2483.55,2349.3,2499.25,2360.05,2508.05,2377.7,2510.05,2397.35,2510.05,2416.95,2505.15,2433.6,2495.3,2445.35,2478.65,2455.2,2464.95,2457.15,2446.3,2455.2,2424.75,2449.25,2406.1,2436.5,2393.35,2416.95,2387.45,2398.3,2387.45,2383.6,2391.35,2366.95
3-122,Uninfected,No_comment,Polygon,19,2641.4,2267.9,2658.1,2257.1,2676.7,2252.2,2696.35,2254.15,2717.9,2262,2732.6,2272.8,2742.4,2289.45,2748.3,2306.15,2750.25,2326.75,2743.4,2352.2,2731.6,2367.9,2713.95,2375.75,2694.35,2379.7,2672.8,2376.75,2653.2,2369.85,2631.6,2353.2,2619.85,2324.75,2622.8,2301.25,2626.7,2281.65
3-123,Uninfected,No_comment,Polygon,23,2734.55,2376.75,2741.45,2363,2758.1,2359.1,2776.75,2362.05,2794.35,2371.85,2810.05,2379.7,2825.75,2390.45,2840.45,2404.2,2851.25,2415.95,2862.05,2432.6,2864,2452.25,2864,2477.75,2860.05,2494.35,2852.2,2509.1,2841.45,2516.95,2823.8,2519.9,2806.15,2519.9,2790.45,2514,2772.8,2499.3,2756.15,2475.75,2745.35,2450.25,2738.5,2426.75,2733.6,2393.4
3-124,Uninfected,No_comment,Polygon,22,2678.7,2494.35,2688.5,2491.45,2704.15,2489.45,2726.7,2494.35,2744.35,2502.25,2764.95,2514,2781.65,2527.75,2794.35,2542.45,2803.2,2559.1,2804.2,2576.75,2802.2,2593.45,2792.4,2613.05,2778.7,2621.85,2764.95,2624.5,2735.6,2625.5,2713.05,2625.5,2691.4,2614.95,2675.75,2597.35,2663.95,2573.8,2660.05,2550.3,2660.05,2527.75,2665.95,2506.15
3-125,Uninfected,No_comment,Polygon,20,2851.25,2559.1,2862.05,2551.25,2877.7,2547.35,2896.35,2548.3,2916.95,2553.25,2935.55,2561.05,2950.25,2571.85,2959.1,2582.65,2965.95,2592.4,2969.9,2607.15,2970.85,2625.8,2965,2649.3,2950.25,2666,2928.7,2670.9,2906.15,2666.95,2880.65,2655.15,2861.05,2640.5,2848.3,2622.85,2842.4,2597.35,2842.4,2577.75
3-126,Uninfected,No_comment,Polygon,21,3005.2,2524.8,3022.85,2515,3040.5,2512,3062.05,2512,3083.6,2518.9,3105.2,2532.65,3121.85,2556.15,3129.7,2575.8,3132.65,2595.4,3127.75,2612.05,3111.05,2625.8,3094.4,2635.6,3074.8,2641.45,3054.2,2644.4,3035.6,2646.35,3015,2638.55,2993.4,2624.8,2981.65,2604.2,2976.75,2581.65,2978.7,2565,2987.55,2542.45
3-127,Uninfected,No_comment,Polygon,19,3027.75,2399.3,3046.35,2400.25,3066.95,2406.15,3088.5,2415.95,3101.25,2427.7,3112.05,2441.45,3115,2461.05,3112.05,2480.65,3103.25,2498.3,3090.5,2510.1,3071.9,2517.05,3052.3,2520.9,3028.7,2518,2998.3,2500.3,2980.65,2475.75,2980.65,2452.25,2985.55,2431.6,2995.4,2416.95,3009.1,2404.2
3-128,Uninfected,No_comment,Polygon,20,2965,2258.05,2970.85,2236.55,2987.55,2217.85,3013.05,2218.9,3033.6,2228.7,3056.15,2244.35,3073.8,2261.05,3091.45,2288.5,3103.25,2327.7,3107.15,2353.2,3106.15,2373.75,3097.35,2392.4,3078.7,2400.25,3053.25,2398.4,3031.65,2389.5,3014,2373.75,2994.4,2355.15,2976.75,2328.7,2967.9,2306.15,2962.05,2280.65
3-129,Uninfected,No_comment,Polygon,20,3108.15,2251.25,3095.4,2264,3087.6,2280.6,3080.7,2301.15,3082.65,2328.6,3088.5,2353.15,3096.35,2373.7,3108.15,2393.4,3124.8,2405.15,3146.35,2406.15,3161.1,2399.3,3172.85,2387.5,3180.7,2370.85,3186.55,2348.3,3187.55,2321.85,3181.65,2296.35,3172.85,2270.8,3158.15,2254.15,3141.45,2244.35,3126.75,2242.4
3-130,Uninfected,No_comment,Polygon,20,2886.55,2172.75,2878.7,2176.7,2868.9,2191.4,2861.05,2204.15,2859.1,2222.8,2859.1,2240.45,2862.05,2261.05,2866.95,2276.75,2874.8,2289.45,2887.5,2302.2,2903.2,2314,2923.8,2318.9,2937.55,2315.9,2950.25,2304.2,2957.15,2278.7,2962.05,2240.45,2953.2,2216.9,2939.5,2192.4,2921.85,2174.75,2905.15,2168.85
3-131,Uninfected,No_comment,Polygon,17,2818.9,2041.4,2834.6,2038.45,2853.2,2041.4,2869.85,2046.3,2887.5,2058.1,2908.1,2085.55,2912.05,2112,2907.15,2138.5,2893.4,2159.05,2869.85,2170.85,2839.5,2172.75,2814.95,2164.95,2792.4,2149.25,2776.75,2120.85,2776.75,2088.45,2785.55,2069.85,2798.3,2055.15
3-132,Uninfected,No_comment,Polygon,18,2536.5,1817.8,2561.05,1821.75,2584.55,1826.65,2606.15,1836.45,2626.7,1850.15,2633.6,1871.75,2635.6,1900.15,2627.7,1926.65,2610.05,1943.3,2589.45,1952.15,2549.25,1955.1,2523.75,1950.2,2501.2,1939.4,2479.7,1918.75,2471.8,1889.4,2478.65,1859,2491.4,1838.35,2510.1,1826.65
3-133,Uninfected,No_comment,Polygon,21,2534.55,1966.85,2548.25,1949.1,2565.9,1938.35,2581.6,1936.35,2594.35,1936.35,2611,1938.35,2625.8,1948.2,2639.45,1961.95,2647.3,1979.6,2654.2,2001.15,2655.15,2022.75,2648.35,2045.3,2636.55,2059,2616.9,2070.8,2596.35,2073.7,2581.6,2072.75,2563,2063.9,2545.35,2049.2,2532.65,2030.6,2522.8,2008,2524.8,1986.45
3-134,Uninfected,No_comment,Polygon,21,2612,1728.6,2599.25,1739.35,2582.65,1759,2574.75,1778.6,2572.85,1799.2,2572.85,1817.8,2582.55,1834.45,2592.35,1846.15,2602.2,1857,2619.85,1863.8,2636.5,1866.75,2654.2,1864.85,2670.9,1856,2685.6,1838.35,2688.55,1819.75,2690.45,1792.3,2684.55,1771.75,2672.8,1751.15,2659.1,1737.4,2644.35,1730.55,2627.7,1727.6
3-135,Uninfected,No_comment,Polygon,20,2687.45,1838.4,2699.3,1825.65,2726.75,1816.85,2745.35,1816.85,2763,1818.8,2782.6,1827.6,2797.35,1845.25,2804.25,1863.9,2806.15,1883.45,2804.25,1902.15,2798.3,1920.75,2782.6,1936.4,2764.95,1944.3,2750.25,1946.25,2730.65,1945.25,2713,1943.3,2697.3,1934.5,2680.7,1917.8,2671.8,1900.15,2666.9,1877.6
3-136,Uninfected,No_comment,Polygon,20,2891.45,1858,2908.1,1856,2938.5,1856,2953.25,1862.9,2971.85,1871.75,2985.6,1883.45,2996.35,1897.25,2998.35,1914.9,2993.45,1935.45,2982.7,1953.1,2968.9,1966.85,2939.55,1973.7,2908.1,1977.65,2885.55,1976.6,2863,1970.75,2841.5,1957.05,2828.7,1938.4,2828.7,1915.85,2837.55,1892.35,2855.2,1875.65
3-137,Uninfected,No_comment,Polygon,21,2883.65,1971.65,2893.4,1956,2909.05,1948.15,2928.7,1945.2,2949.25,1949.1,2964.95,1956.95,2978.7,1965.85,2992.5,1977.65,3004.2,1990.4,3013.05,2009,3016.95,2027.65,3011.1,2050.2,2998.35,2073.7,2981.65,2085.5,2962.1,2091.35,2937.55,2089.4,2919.9,2081.55,2905.2,2065.85,2895.4,2045.3,2885.55,2022.75,2879.7,1998.2
3-138,Uninfected,No_comment,Polygon,17,2834.3,2848.1,2859.85,2848.1,2877.9,2853.4,2896,2863,2908.8,2883.2,2911.95,2905.55,2914.1,2925.75,2911.95,2952.35,2906.65,2969.4,2891.75,2982.2,2874.75,2986.4,2839.6,2985.35,2811.95,2965.15,2801.3,2938.55,2797.05,2914.05,2800.25,2889.6,2809.85,2867.25
3-139,Uninfected,No_comment,Polygon,19,2914.1,2883.2,2916.2,2861.95,2924.8,2842.8,2940.7,2833.25,2961.95,2830,2977.95,2833.25,3004.55,2845.95,3029,2865.15,3042.85,2890.65,3043.9,2913,3040.7,2931.1,3031.15,2955.55,3015.15,2969.4,2993.9,2978.95,2973.7,2978.95,2954.5,2973.65,2930.05,2952.35,2919.4,2928.95,2911.95,2902.35
3-140,Uninfected,No_comment,Polygon,20,3083.25,2645.95,3102.05,2630.05,3126.9,2625.75,3151.35,2632.1,3172.65,2642.75,3184.4,2661.9,3192.85,2686.4,3197.1,2716.15,3198.15,2742.75,3192.85,2770.45,3180.1,2785.35,3156.65,2792.8,3134.35,2792.8,3134.3,2792.8,3119.5,2788.5,3096.05,2774.7,3076.9,2750.2,3067.3,2719.35,3066.25,2686.4,3072.6,2667.25
3-141,Uninfected,No_comment,Polygon,21,3213.05,2645.95,3205.6,2651.25,3190.7,2664.05,3182.15,2686.35,3181.1,2705.5,3183.2,2726.8,3189.6,2739.55,3198.1,2750.2,3220.5,2765.1,3241.8,2776.8,3265.2,2781.05,3292.85,2780,3315.2,2765.1,3323.7,2745.95,3323.7,2719.35,3314.2,2697,3301.35,2677.85,3287.55,2660.85,3270.5,2645.95,3250.3,2640.65,3233.3,2640.65
3-142,Uninfected,No_comment,Polygon,16,3225.85,2832.15,3212,2835.35,3192.85,2849.15,3184.4,2868.3,3183.25,2896,3193.9,2925.75,3207.75,2946,3226.9,2956.6,3250.3,2967.25,3274.75,2964.05,3288.6,2952.35,3297.1,2933.2,3295.05,2909.8,3286.45,2882.15,3275.9,2856.6,3257.75,2840.65
3-143,Uninfected,No_comment,Polygon,22,3568.4,2634.25,3585.45,2628.95,3606.7,2627.85,3631.2,2635.3,3650.35,2645.95,3668.45,2660.85,3682.25,2673.6,3695.05,2689.55,3702.5,2706.6,3702.5,2726.8,3698.2,2748.1,3686.5,2760.9,3672.75,2770.45,3650.35,2770.45,3630.15,2769.35,3604.6,2756.6,3584.4,2741.75,3565.25,2721.5,3551.4,2699.15,3545,2673.6,3551.4,2655.55,3558.85,2643.85
3-144,Uninfected,No_comment,Polygon,20,3333.3,2574.65,3343.95,2560.85,3368.4,2549.15,3390.75,2544.9,3421.6,2548.05,3446.05,2558.7,3463.1,2573.6,3473.75,2594.9,3482.25,2621.5,3486.5,2652.35,3481.2,2670.4,3471.6,2685.3,3458.85,2689.55,3436.5,2696,3399.25,2688.5,3369.45,2673.6,3347.1,2657.7,3331.15,2638.5,3322.65,2615.1,3322.65,2598.1
3-145,Uninfected,No_comment,Polygon,17,3217.3,2331.05,3249.3,2327.85,3286.45,2339.55,3314.2,2357.65,3334.35,2383.15,3352.4,2408.7,3358.8,2432.15,3354.55,2454.45,3342.85,2471.5,3310.95,2481.05,3276.9,2476.8,3238.6,2460.85,3206.7,2438.5,3188.6,2409.8,3184.4,2383.15,3191.8,2360.85,3200.3,2345.95
3-146,Uninfected,No_comment,Polygon,19,3338.6,2257.65,3356.7,2257.65,3377.95,2264.05,3398.15,2275.75,3413.1,2292.75,3426.9,2319.35,3431.15,2347,3424.85,2372.55,3413.1,2394.85,3396.05,2408.7,3370.5,2409.8,3343.9,2405.5,3315.15,2391.65,3293.85,2367.2,3282.15,2339.5,3281.15,2316.15,3288.6,2291.65,3303.5,2272.5,3319.45,2264.05
3-147,Uninfected,No_comment,Polygon,20,3249.2,2459.7,3274.7,2450.15,3301.3,2449.1,3324.7,2450.15,3346,2458.7,3360.95,2471.5,3379.1,2490.65,3384.35,2516.2,3380.1,2542.75,3369.45,2560.85,3346.05,2575.7,3320.5,2583.2,3299.25,2587.45,3275.85,2586.4,3253.5,2581.1,3239.65,2569.4,3225.85,2549.15,3221.55,2522.55,3226.9,2499.15,3234.35,2482.15
3-148,Uninfected,No_comment,Polygon,21,3431.15,2292.75,3414.1,2295.95,3402.4,2308.7,3396,2325.7,3393.9,2350.2,3393.9,2377.85,3396,2397,3401.4,2415.1,3407.75,2431.05,3420.55,2444.9,3440.75,2458.75,3460.95,2460.85,3484.35,2454.45,3505.65,2444.9,3516.35,2426.8,3519.5,2398.1,3515.2,2374.7,3503.5,2353.4,3488.6,2333.2,3473.75,2317.25,3455.65,2301.25
3-149,Uninfected,No_comment,Polygon,17,3584.4,2406.6,3603.55,2399.15,3631.2,2395.95,3662.05,2403.4,3684.35,2413,3697.15,2428.9,3699.3,2455.55,3691.9,2478.95,3678,2508.75,3662.05,2520.45,3639.7,2525.75,3608.85,2526.8,3581.25,2518.3,3555.65,2499.15,3546.05,2471.5,3550.35,2447.05,3564.15,2423.6
3-150,Uninfected,No_comment,Polygon,22,3596.1,2293.8,3608.85,2291.65,3629.05,2286.35,3645,2284.2,3668.45,2284.2,3690.75,2290.65,3706.75,2300.2,3725.9,2323.6,3729.05,2349.1,3728,2370.4,3714.2,2393.85,3699.3,2409.8,3699.3,2409.75,3656.7,2432.1,3631.25,2431.05,3609.9,2427.8,3589.75,2419.35,3577,2408.65,3562.05,2383.15,3558.85,2362.95,3557.8,2340.65,3566.3,2322.55
3-151,Uninfected,No_comment,Polygon,19,3736.5,2300.2,3722.7,2305.5,3706.75,2322.55,3695.05,2340.6,3691.9,2364,3691.9,2388.45,3699.3,2410.8,3718.45,2431.05,3737.6,2441.7,3757.8,2445.95,3779.1,2445.95,3801.4,2438.5,3819.5,2422.55,3825.9,2403.4,3828,2375.7,3819.5,2352.35,3805.7,2329.95,3786.55,2314.05,3763.1,2306.6
3-152,Uninfected,No_comment,Polygon,19,3743.95,2470.45,3757.8,2459.75,3779.1,2461.9,3799.3,2467.2,3823.75,2484.25,3842.9,2504.5,3854.6,2525.75,3863.15,2554.5,3868.45,2583.2,3869.5,2605.55,3870.6,2625.75,3864.2,2642.75,3846.1,2649.15,3807.8,2637.45,3780.15,2616.15,3762.05,2594.9,3740.8,2563,3734.4,2531.1,3734.4,2502.35
3-153,Uninfected,No_comment,Polygon,19,3663.1,2160.85,3684.35,2154.4,3703.55,2148.05,3723.75,2150.2,3749.25,2154.4,3771.65,2166.15,3787.6,2183.15,3791.85,2216.15,3792.9,2239.55,3784.4,2265.05,3771.65,2282.1,3753.55,2290.65,3731.2,2290.65,3701.4,2284.2,3671.6,2273.6,3645,2251.25,3633.3,2221.45,3633.3,2197,3642.9,2177.85
3-154,Uninfected,No_comment,Polygon,18,3895.05,2107.65,3918.45,2104.45,3937.6,2106.55,3959.95,2117.2,3980.15,2133.15,3992.95,2149.1,4000.4,2165.1,4002.5,2184.25,3997.25,2206.6,3982.3,2225.75,3962.1,2235.3,3931.15,2235.7,3896.1,2223.6,3872.7,2205.5,3861,2172.55,3866.3,2139.55,3876.95,2118.25,3877,2118.25
3-155,Uninfected,No_comment,Polygon,21,4002.5,2159.75,4012.1,2138.5,4025.95,2124.65,4025.9,2124.65,4048.3,2122.5,4070.65,2129.95,4087.65,2146.95,4102.55,2167.2,4113.2,2192.7,4119.55,2221.45,4118.5,2248.05,4107.85,2272.5,4084.45,2286.35,4057.85,2293.8,4035.5,2288.5,4017.45,2276.75,4005.75,2261.9,3999.35,2242.75,3998.3,2223.55,3998.25,2201.25,4000.3,2185.35
3-156,Uninfected,No_comment,Polygon,22,3654.65,2042.7,3673.8,2040.6,3697.2,2047,3717.4,2054.45,3739.75,2067.2,3755.7,2076.75,3770.6,2091.65,3785.5,2109.75,3790.8,2128.9,3790.8,2146.95,3778.05,2160.8,3755.65,2172.5,3730.05,2172.5,3708.85,2169.35,3684.3,2160.85,3657.8,2146.95,3632.3,2136.35,3618.45,2121.45,3613.15,2103.35,3611,2082.05,3618.45,2060.8,3633.35,2049.1
3-157,Uninfected,No_comment,Polygon,22,3717.4,1998,3717.4,1998,3718.45,1977.8,3718.4,1977.75,3736.55,1969.3,3757.85,1966.1,3786.55,1974.65,3813.15,1989.55,3832.3,2004.4,3849.35,2020.4,3863.15,2036.3,3874.85,2058.7,3875.95,2076.75,3870.6,2094.85,3859.95,2108.65,3842.95,2118.25,3821.65,2120.35,3799.3,2116.1,3781.25,2103.3,3754.65,2075.65,3734.4,2041.65,3725.9,2019.3
3-158,Uninfected,No_comment,Polygon,19,3871.65,1903.35,3886.55,1898.05,3906.8,1900.15,3933.4,1908.65,3954.65,1924.65,3969.55,1946.95,3974.85,1972.5,3974.85,1993.8,3973.8,2015.05,3961.05,2035.3,3935.5,2045.9,3908.9,2047,3883.35,2038.45,3862.1,2022.5,3848.25,1999.1,3840.8,1966.1,3846.15,1934.2,3846.15,1934.2,3855.7,1916.1
3-159,Uninfected,No_comment,Polygon,20,3777,1809.7,3800.4,1810.75,3823.8,1817.15,3846.15,1826.7,3862.1,1842.7,3877,1861.85,3875.95,1882.05,3866.35,1901.2,3844,1918.2,3815.3,1933.1,3787.6,1938.45,3764.2,1939.5,3746.1,1938.45,3726.95,1928.9,3713.15,1911.85,3709.95,1884.2,3711,1864,3722.7,1839.5,3739.75,1825.7,3756.75,1818.25
3-160,Uninfected,No_comment,Polygon,19,3550.35,1902.3,3566.3,1894.8,3595.05,1889.5,3619.45,1894.8,3652.5,1904.4,3670.6,1919.3,3683.35,1943.8,3685.5,1967.15,3681.2,1990.55,3670.6,2007.6,3645.05,2019.3,3620.6,2018.25,3595.05,2011.85,3568.45,2003.35,3549.3,1988.45,3537.6,1972.5,3532.25,1956.55,3532.25,1937.35,3539.7,1920.35
3-161,Uninfected,No_comment,Polygon,21,3514.2,1819.3,3509.95,1833.15,3514.2,1853.3,3522.7,1871.45,3537.6,1885.25,3549.3,1892.7,3563.15,1904.4,3589.75,1910.85,3610.95,1916.1,3635.45,1916.1,3654.65,1911.9,3668.45,1899.05,3671.65,1875.65,3668.45,1849.05,3654.65,1829.9,3638.65,1815,3622.7,1804.4,3603.55,1792.7,3574.85,1787.4,3547.15,1794.8,3529.1,1803.3
3-162,Uninfected,No_comment,Polygon,21,3404.6,1859.75,3420.55,1858.65,3442.9,1865.05,3462.05,1875.65,3478,1884.2,3497.15,1904.4,3502.5,1923.55,3505.65,1946.95,3503.55,1970.4,3492.9,1989.55,3480.15,2002.25,3457.8,2005.45,3437.6,2005.45,3418.45,1998,3393.95,1987.4,3371.6,1969.3,3358.85,1944.8,3356.7,1920.35,3361,1894.8,3372.7,1874.6,3385.45,1862.9
3-163,Uninfected,No_comment,Polygon,21,3275.85,1981,3290.75,1979.95,3308.85,1978.85,3325.85,1985.25,3338.65,1992.7,3348.2,2001.25,3359.9,2016.1,3367.35,2033.15,3370.55,2055.45,3367.35,2074.6,3361,2087.4,3350.35,2098.05,3332.25,2109.75,3313.1,2111.9,3292.9,2110.8,3271.6,2101.2,3251.4,2087.4,3240.75,2065.05,3237.55,2042.7,3240.75,2018.25,3248.2,2003.35
3-164,Uninfected,No_comment,Polygon,20,3118.4,1954.4,3126.9,1941.65,3140.75,1932.05,3156.7,1927.8,3173.7,1926.75,3188.6,1935.25,3206.7,1946.95,3226.9,1962.95,3237.55,1978.85,3246.05,1992.7,3243.95,2012.9,3236.5,2041.6,3217.35,2058.7,3188.6,2065.05,3168.4,2061.85,3145,2051.2,3125.85,2036.3,3116.25,2015.05,3109.9,1987.4,3109.9,1973.55
3-165,Uninfected,No_comment,Polygon,22,3008.8,1911.85,3016.25,1890.6,3023.7,1877.8,3039.65,1868.2,3057.75,1861.85,3057.7,1861.85,3073.7,1860.75,3088.6,1865.05,3088.55,1865.05,3113.1,1883.15,3120.55,1898.05,3123.7,1916.1,3123.7,1935.25,3119.4,1952.3,3106.7,1970.35,3093.95,1984.2,3070.5,1994.85,3053.5,1994.85,3033.3,1986.3,3018.4,1968.25,3009.9,1944.8,3007.75,1928.9
3-166,Uninfected,No_comment,Polygon,21,2979,1756.5,2999.25,1746.95,3020.5,1744.8,3039.65,1749.1,3057.75,1754.4,3075.85,1763.95,3088.6,1775.65,3093.95,1798,3093.95,1819.3,3083.3,1843.75,3070.5,1860.75,3051.35,1874.6,3034.3,1879.9,3014.15,1879.9,2995,1874.6,2979,1865.05,2966.25,1853.3,2955.6,1831,2955.6,1806.55,2959.85,1788.4,2966.25,1773.55
3-167,Uninfected,No_comment,Polygon,20,3143.95,1793.75,3151.4,1778.85,3168.4,1767.15,3187.55,1762.9,3214.15,1766.1,3230.1,1772.5,3245,1783.1,3266.3,1800.15,3271.6,1818.25,3275.85,1842.7,3270.55,1862.9,3260.95,1883.15,3249.25,1893.75,3231.2,1900.15,3206.7,1900.15,3190.75,1892.7,3169.45,1877.8,3154.55,1856.5,3147.15,1831,3141.8,1810.75
3-168,Uninfected,No_comment,Polygon,19,2902.4,1645.85,2923.7,1644.8,2943.9,1643.75,2965.2,1650.15,2979,1659.7,2990.75,1674.6,2999.25,1693.75,3000.3,1712.9,2999.25,1730.95,2990.65,1750.15,2971.6,1766.1,2950.3,1772.5,2926.9,1773.55,2902.4,1766.1,2881.15,1752.25,2866.25,1732.05,2863.05,1708.65,2864.1,1687.35,2876.9,1660.75
3-169,Uninfected,No_comment,Polygon,19,3013.05,1609.7,3029.05,1605.45,3054.55,1606.5,3072.65,1615,3086.5,1627.75,3093.95,1644.8,3099.25,1669.3,3100.3,1694.8,3099.25,1716.05,3086.5,1740.55,3073.7,1753.35,3054.45,1757.55,3034.3,1756.5,3009.8,1751.2,2994.95,1733.05,2984.3,1705.4,2982.1,1674.6,2984.35,1651.15,2996.05,1625.65
3-170,Uninfected,No_comment,Polygon,21,3115.2,1628.85,3129.05,1629.9,3149.25,1633.1,3166.3,1641.6,3181.15,1649.05,3190.75,1665,3195,1686.3,3193.95,1708.65,3191.8,1729.9,3187.55,1754.4,3182.25,1771.4,3163.1,1783.1,3139.7,1787.4,3120.55,1782.05,3104.55,1773.55,3087.55,1753.35,3077.9,1722.45,3076.8,1691.6,3079,1662.9,3084.25,1644.8,3096.05,1631
3-171,Uninfected,No_comment,Polygon,24,3197.15,1675.6,3202.45,1662.9,3213.1,1652.25,3228,1650.15,3245,1651.15,3259.9,1658.6,3274.8,1668.2,3289.7,1676.75,3306.7,1688.45,3324.8,1701.2,3337.55,1715.05,3345,1726.75,3350.35,1742.65,3351.4,1757.55,3349.25,1778.85,3339.7,1794.8,3323.75,1802.25,3298.2,1805.45,3272.65,1800.15,3242.9,1776.7,3213.1,1751.2,3213.1,1751.1,3194.95,1722.4,3191.75,1699
3-172,Uninfected,No_comment,Polygon,20,3349.25,1728.75,3352.45,1700.1,3363.1,1679.9,3378,1668.2,3396.1,1659.7,3416.3,1657.6,3440.75,1658.6,3457.8,1666.05,3478,1683.1,3489.7,1702.25,3493.95,1721.4,3493.95,1740.55,3488.65,1765,3474.8,1788.4,3456.75,1803.3,3424.8,1812.9,3398.2,1809.7,3376.95,1795.85,3362.05,1779.95,3351.4,1755.35
3-173,Uninfected,No_comment,Polygon,19,3750.4,1644.8,3769.55,1633.1,3798.25,1629.9,3815.3,1633.1,3836.55,1641.6,3854.65,1657.6,3867.4,1678.85,3877,1706.5,3877,1734.2,3870.6,1756.5,3857.85,1773.55,3837.6,1782.05,3815.3,1784.15,3791.85,1779.95,3761,1768.25,3737.6,1746.95,3730.15,1719.25,3730.15,1689.5,3733.35,1668.2
3-174,Uninfected,No_comment,Polygon,21,3870.6,1756.45,3889.75,1745.85,3913.15,1740.55,3941.9,1741.65,3967.4,1751.2,3984.45,1758.65,4004.65,1771.4,4019.55,1787.4,4029.15,1807.55,4033.4,1834.15,4025.95,1861.85,4006.8,1874.6,3974.85,1884.2,3953.6,1886.3,3933.4,1886.3,3915.3,1881,3898.25,1872.45,3882.3,1858.65,3865.3,1832.05,3855.7,1804.4,3858.9,1779.95
3-175,Uninfected,No_comment,Polygon,22,3881.2,1751.15,3885.45,1766.05,3911,1781.95,3940.85,1785.2,3970.6,1777.7,3991.85,1762.8,4010,1745.85,4023.8,1721.4,4036.6,1699.05,4040.85,1669.3,4036.6,1643.75,4024.9,1622.45,4011.05,1611.85,3996.15,1607.55,3981.25,1606.5,3960,1611.85,3944,1624.6,3922.75,1645.85,3906.8,1667.15,3895.1,1684.2,3883.35,1706.5,3877,1729.85
3-176,Uninfected,No_comment,Polygon,22,4044.05,1688.45,4062.1,1690.55,4083.4,1695.9,4106.8,1705.45,4119.55,1715.05,4135.55,1727.8,4151.5,1743.75,4160,1761.8,4163.2,1782.05,4163.2,1782.05,4156.8,1805.45,4136.6,1824.6,4118.5,1832.05,4095.1,1833.15,4077,1833.15,4054.65,1825.7,4035.5,1812.9,4020.6,1789.4,4011.05,1768.25,4007.75,1744.75,4010.95,1722.4,4019.45,1703.3
3-177,Uninfected,No_comment,Polygon,21,3057.8,1423.5,3074.75,1422.4,3107.8,1430.95,3124.75,1440.55,3137.6,1450.1,3148.2,1459.65,3157.8,1477.75,3164.2,1503.3,3164.2,1523.5,3155.65,1542.65,3142.85,1559.65,3129.05,1569.25,3113.05,1574.55,3089.65,1576.7,3069.5,1574.55,3049.25,1567.1,3032.2,1546.9,3016.3,1516.05,3015.25,1480.95,3021.55,1452.2,3038.65,1433.05
3-178,Uninfected,No_comment,Polygon,17,3260.95,1537.35,3279.1,1530.95,3299.25,1530.95,3320.6,1536.25,3348.25,1553.3,3368.4,1575.65,3373.8,1600.1,3368.4,1627.75,3348.25,1648,3330.1,1655.45,3304.6,1658.6,3278,1655.45,3258.85,1642.7,3242.85,1625.65,3233.35,1602.25,3233.35,1573.5,3241.8,1551.2
3-179,Uninfected,No_comment,Polygon,21,3325.85,1423.5,3345,1419.25,3363.15,1419.25,3378.05,1424.55,3394,1434.15,3406.7,1444.75,3419.55,1460.75,3423.8,1483.05,3421.6,1503.3,3413.15,1521.35,3397.2,1542.65,3381.2,1554.35,3358.8,1561.8,3342.85,1560.75,3322.6,1547.95,3306.7,1521.35,3300.3,1495.85,3299.25,1472.45,3299.25,1472.4,3303.5,1451.15,3312.05,1432
3-180,Uninfected,No_comment,Polygon,21,3588.7,1437.3,3604.6,1437.3,3623.75,1438.4,3653.6,1449,3672.75,1458.6,3683.4,1470.3,3694,1490.5,3694,1513.9,3694,1533.05,3684.4,1555.4,3673.75,1566.05,3652.55,1572.45,3628,1573.5,3608.85,1571.4,3588.7,1562.85,3569.55,1550.1,3554.65,1529.9,3548.2,1509.65,3547.15,1488.4,3551.4,1466.05,3567.35,1448
3-181,Uninfected,No_comment,Polygon,22,3816.4,1519.25,3823.8,1504.35,3844.05,1483.05,3863.2,1478.8,3886.6,1476.7,3907.9,1478.8,3927.05,1487.3,3939.8,1496.9,3950.45,1507.55,3957.9,1519.25,3964.2,1534.15,3965.35,1556.5,3953.6,1582,3933.35,1594.8,3913.2,1600.1,3894.05,1602.25,3877,1601.15,3859.95,1596.95,3841.85,1588.4,3829.15,1576.7,3819.55,1560.75,3815.25,1542.65
3-182,Uninfected,No_comment,Polygon,21,3739.75,1472.45,3742.9,1449,3754.65,1428.85,3774.9,1415,3800.4,1408.6,3826.95,1403.25,3854.7,1399,3878.1,1399,3893,1407.55,3900.45,1420.3,3903.6,1437.3,3899.3,1456.45,3888.8,1476.7,3877.05,1489.45,3847.3,1507.55,3830.2,1518.2,3811,1522.45,3787.6,1523.5,3768.45,1517.1,3753.55,1506.5,3745.1,1491.6
3-183,Uninfected,No_comment,Polygon,20,3931.3,1386.25,3943,1379.85,3959.95,1372.4,3983.35,1370.3,4000.45,1373.5,4014.25,1379.85,4030.25,1389.45,4041.95,1404.35,4053.65,1432,4051.45,1460.75,4045.1,1487.3,4028.05,1505.45,4001.45,1512.9,3969.6,1511.8,3949.4,1501.15,3930.2,1482,3922.75,1465,3919.6,1444.75,3918.45,1422.4,3922.75,1400.1
3-184,Uninfected,No_comment,Polygon,22,3703.55,1301.15,3722.7,1286.25,3752.55,1277.75,3785.5,1276.65,3785.45,1276.65,3806.75,1283.05,3828.1,1289.45,3848.3,1299.05,3859.95,1306.45,3869.55,1318.2,3872.7,1334.1,3872.7,1354.35,3870.65,1367.1,3857.85,1387.3,3837.6,1401.2,3806.75,1407.6,3772.7,1399,3748.3,1389.45,3723.75,1374.55,3704.6,1360.7,3690.85,1337.35,3692.9,1318.2
3-185,Uninfected,No_comment,Polygon,27,3754.65,1219.25,3764.25,1207.55,3783.4,1199,3799.3,1193.7,3825.9,1193.7,3848.3,1194.75,3869.55,1200.1,3884.45,1203.25,3904.7,1209.65,3922.75,1219.25,3936.55,1232,3944,1243.7,3948.25,1263.9,3948.25,1285.2,3944,1306.45,3930.2,1323.5,3904.7,1330.95,3881.3,1333.05,3862,1326.6,3842.9,1319.15,3824.8,1311.7,3805.65,1300.05,3790.75,1288.35,3774.8,1280.9,3763.2,1271.35,3755.75,1252.2,3752.55,1237.3
3-186,Uninfected,No_comment,Polygon,20,3215.2,1251.15,3236.55,1245.85,3258.85,1246.85,3284.35,1256.45,3302.5,1268.15,3315.2,1285.2,3321.65,1306.45,3321.65,1324.55,3318.4,1341.55,3304.6,1358.6,3288.6,1371.35,3269.45,1377.75,3245.05,1379.85,3217.4,1375.65,3198.25,1363.95,3181.15,1347.95,3174.8,1326.65,3172.7,1305.4,3179.1,1288.35,3196.05,1266.05
3-187,Uninfected,No_comment,Polygon,22,2808.8,1259.65,2822.6,1258.6,2838.55,1257.5,2858.85,1260.7,2858.85,1260.65,2876.9,1267.1,2890.7,1277.75,2903.45,1288.35,2912.05,1304.35,2916.3,1322.4,2915.2,1342.65,2907.75,1359.65,2889.7,1373.5,2865.15,1382,2843.95,1384.1,2828,1379.85,2805.65,1369.25,2783.3,1352.2,2774.8,1330.95,2776.85,1306.45,2785.4,1283.05,2796,1270.3
3-188,Uninfected,No_comment,Polygon,22,2949.2,1204.3,2972.65,1203.25,2986.45,1204.3,2999.25,1210.7,3013.05,1222.4,3024.75,1237.3,3032.2,1260.7,3036.45,1277.75,3038.65,1299.05,3032.2,1317.1,3022.7,1329.9,3007.8,1341.55,2991.8,1344.8,2968.35,1344.8,2944.95,1333.05,2931.2,1323.5,2922.6,1307.5,2914.1,1284.1,2910.9,1256.45,2914.1,1234.15,2923.75,1218.15,2933.25,1208.55
3-189,Uninfected,No_comment,Polygon,19,4194.9,1620,4205.35,1610.7,4229.8,1604.9,4254.2,1618.8,4267,1635.15,4270.5,1654.85,4270.5,1687.45,4263.5,1727,4256.55,1750.3,4239.1,1779.35,4219.3,1786.35,4201.85,1787.5,4179.75,1772.35,4167,1744.4,4161.15,1714.2,4158.85,1689.8,4164.65,1666.55,4173.95,1644.45,4182.1,1630.5
3-190,Uninfected,No_comment,Polygon,18,4180.95,1446.75,4206.5,1446.75,4230.95,1454.9,4251.9,1466.45,4263.5,1485.05,4265.85,1504.9,4265.85,1530.45,4262.35,1550.25,4250.7,1566.5,4229.8,1574.6,4200.7,1572.35,4173.95,1563.05,4149.55,1547.9,4137.9,1529.25,4134.4,1507.15,4139.05,1482.8,4151.85,1463,4163.5,1452.55
3-191,Uninfected,No_comment,Polygon,21,4085.55,1342.05,4096.05,1318.75,4113.5,1303.7,4136.75,1288.55,4157.7,1282.75,4175.1,1279.25,4196.05,1276.95,4212.35,1280.45,4229.8,1289.75,4239.1,1305.95,4246.05,1331.6,4246.05,1359.45,4241.4,1381.55,4228.6,1399.05,4211.2,1410.7,4175.1,1420,4151.85,1421.15,4127.45,1412.95,4103,1397.9,4090.2,1374.65,4086.75,1358.35
3-192,Uninfected,No_comment,Polygon,18,3964.6,1228.1,3979.75,1217.65,4004.15,1215.3,4033.25,1213,4064.65,1217.65,4093.7,1224.6,4113.5,1245.55,4125.1,1266.45,4126.15,1293.2,4118.1,1317.6,4093.6,1333.95,4060,1339.75,4027.4,1336.25,3991.35,1326.95,3966.95,1308.35,3953,1289.75,3949.95,1260,3951.85,1243.15
3-193,Uninfected,No_comment,Polygon,18,4018.1,1112.9,4029.75,1109.45,4053,1103.65,4069.3,1106,4086.75,1114.1,4104.2,1130.4,4116.95,1152.5,4120.45,1183.9,4114.65,1210.65,4097.1,1232.75,4075,1242.05,4042.5,1240.9,4012.2,1229.25,3989.05,1209.5,3983.25,1188.55,3985.55,1158.25,3994.85,1135.05,3999.5,1123.4
3-194,Uninfected,No_comment,Polygon,18,3883.2,1097.85,3896,1094.35,3912.3,1088.55,3932.05,1086.15,3950.65,1090.8,3972.75,1103.65,3984.4,1121.1,3991.35,1143.1,3992.6,1165.2,3986.7,1189.6,3972.75,1215.3,3950.65,1232.75,3918.55,1236.7,3888.35,1222.75,3867.45,1200.7,3854.15,1175.7,3851.8,1145.5,3859.95,1118.75
3-195,Uninfected,No_comment,Polygon,18,3575,1238.5,3587.8,1222.3,3604.1,1202.45,3623.85,1193.2,3654.1,1189.65,3672.7,1196.7,3692.5,1208.3,3702.95,1225.75,3706.45,1244.4,3702.95,1269.9,3689,1295.55,3670.4,1311.85,3647.15,1318.75,3626.2,1318.75,3604.1,1314.15,3584.3,1296.65,3573.85,1269.9,3571.55,1254.85
3-196,Uninfected,No_comment,Polygon,19,3300.55,1157.15,3316.85,1151.35,3331.95,1146.7,3352.9,1146.7,3371.5,1151.35,3390.1,1164.15,3401.75,1174.6,3409.9,1196.7,3413.35,1217.65,3411.05,1235.05,3397.1,1256,3379.65,1268.8,3361.05,1274.55,3338.95,1274.55,3304.7,1268.6,3283.1,1250.2,3266.85,1219.95,3268,1193.2,3279.6,1169.95
3-197,Uninfected,No_comment,Polygon,18,3449.4,1172.25,3459.9,1165.3,3479.65,1159.5,3508.75,1154.85,3536.65,1156,3561.05,1165.3,3575,1179.25,3585.5,1203.65,3586.6,1226.95,3583.1,1243.1,3570.45,1260.55,3548.25,1275.8,3518.05,1282.75,3490.1,1282.75,3464.55,1275.8,3443.6,1258.35,3433.15,1235.05,3431.95,1201.35
3-198,Uninfected,No_comment,Polygon,16,3393.6,1028,3413.35,1019.9,3436.65,1018.75,3459.9,1029.2,3479.65,1044.35,3488.95,1064.05,3494.75,1090.8,3493.6,1125.75,3478.5,1148.95,3462.15,1165.25,3437.8,1171.05,3414.55,1167.6,3393.6,1153.6,3369.15,1121.1,3366.85,1086.15,3372.65,1052.5
3-199,Uninfected,No_comment,Polygon,21,3573.85,1046.65,3586.65,1046.65,3609.9,1051.3,3627.35,1065.3,3637.8,1083.9,3645.95,1101.35,3647.05,1101.3,3650.6,1130.4,3648.3,1151.35,3641.3,1167.6,3623.85,1185,3594.8,1190.9,3572.7,1184.95,3549.45,1174.55,3533.1,1164.15,3512.2,1146.7,3508.75,1122.2,3509.9,1096.7,3516.85,1080.4,3529.65,1066.45,3544.8,1055.95
3-200,Uninfected,No_comment,Polygon,18,3686.65,1032.65,3709.95,1035.05,3736.7,1038.55,3756.45,1054.75,3768.1,1073.4,3769.25,1093.2,3766.9,1115.3,3750.65,1135.05,3733.2,1147.85,3716.9,1148.95,3693.65,1144.3,3675.05,1136.2,3661.1,1126.85,3647.05,1115.25,3639,1094.25,3641.3,1072.25,3654.1,1054.75,3666.9,1043.2
3-201,Uninfected,No_comment,Polygon,22,3770.4,971.05,3792.5,961.75,3818.1,962.95,3839,974.5,3855.3,985.05,3871.6,997.8,3884.4,1015.25,3890.2,1037.3,3891.35,1057.15,3889.05,1072.25,3885.55,1086.15,3878.55,1096.75,3859.95,1116.45,3846,1119.95,3826.25,1119.95,3801.8,1114.1,3780.85,1107.15,3759.95,1089.6,3747.15,1067.5,3740.1,1040.75,3742.5,1021.1,3754.1,993.15
3-202,Uninfected,No_comment,Polygon,20,3026.55,1152.05,3037.75,1141.85,3065.3,1136.75,3094.9,1139.8,3111.75,1150.7,3123.95,1162.9,3136.2,1183.35,3143.9,1201,3145.9,1217.35,3142.85,1234.7,3135.7,1248.95,3126.55,1266.3,3113.25,1276.5,3091.8,1282.65,3071.45,1282.65,3044.9,1273.45,3028.75,1248.15,3016.35,1216.3,3011.25,1185.7,3016.35,1165.3
3-203,Uninfected,No_comment,Polygon,21,3009.2,1012.25,3022.45,1008.1,3042.85,1003.05,3055.1,1003.05,3072.45,1005.1,3090.8,1012.25,3102,1023.45,3110.2,1038.75,3112.25,1059.15,3114.25,1078.55,3108.7,1099.6,3102,1115.3,3091.8,1127.55,3074.5,1135.8,3034.75,1141.9,3006.1,1126.5,2989.8,1108.15,2982.65,1089.8,2979.55,1063.25,2984.65,1037.75,2993.9,1021.4
3-204,Uninfected,No_comment,Polygon,17,3132.65,964.3,3115.3,974.5,3101,992.85,3093.9,1018.4,3095.9,1045.95,3109.2,1064.3,3129.55,1070.4,3151,1073.45,3179.55,1073.45,3210.2,1071.4,3232.65,1053.05,3238.8,1025.5,3231.6,1005.1,3215.3,984.7,3199,972.45,3175.5,966.3,3152,961.2
3-205,Uninfected,No_comment,Polygon,20,3289.8,892.85,3314.25,876.5,3340.8,870.4,3368.35,870.4,3386.7,878.55,3402.05,895.9,3410.2,926.5,3407.15,946.95,3397.95,967.35,3386.7,986.7,3372.45,1003.05,3357.15,1009.15,3329.6,1013.25,3311.25,1013.25,3283.7,1008.1,3269.35,993.85,3258.15,969.4,3254.05,948.95,3259.15,928.55,3272.45,911.2
3-206,Uninfected,No_comment,Polygon,18,3530.6,852.05,3541.8,851,3564.25,847.95,3586.7,846.95,3603.05,856.1,3613.25,871.4,3619.4,892.85,3619.4,915.3,3610.2,935.65,3598.95,951,3583.7,962.25,3562.25,968.35,3531.6,963.25,3515.3,948.95,3501.05,931.6,3491.8,908.1,3492.85,882.65,3509.15,858.15
3-207,Uninfected,No_comment,Polygon,19,3866.3,898,3884.7,892.85,3908.2,892.85,3937.75,898,3957.15,907.15,3979.6,925.55,3987.75,945.9,3987.75,969.4,3984.7,991.85,3972.45,1011.2,3953.1,1024.5,3929.6,1029.6,3905.1,1030.6,3884.65,1025.05,3870.35,1014.85,3852,992.4,3836.75,961.2,3836.75,934.7,3845.95,913.25
3-208,Uninfected,No_comment,Polygon,17,3874.5,707.15,3900,694.9,3919.4,693.85,3945.95,697.95,3962.25,714.3,3974.5,736.75,3975.55,763.25,3970.4,786.75,3954.1,812.25,3931.65,827.55,3908.2,832.65,3884.7,828.55,3865.3,818.35,3851.05,801,3842.85,775.55,3846.95,745.9,3857.15,723.45
3-209,Uninfected,No_comment,Polygon,20,3732.65,635.75,3744.9,630.65,3771.4,626.5,3794.9,627.55,3824.5,640.85,3845.95,664.3,3851.05,685.75,3850,712.25,3842.85,734.7,3825.5,756.1,3812.25,764.3,3794.9,771.4,3778.6,771.4,3762.25,769.4,3741.85,760.2,3725.5,746.95,3707.15,724.5,3698.95,690.8,3705.1,668.35,3716.3,651
3-210,Uninfected,No_comment,Polygon,20,3518.4,672.45,3501.05,692.85,3489.8,710.2,3484.7,733.65,3486.7,758.2,3493.9,772.45,3508.15,786.75,3520.4,792.85,3538.8,797.95,3568.4,793.85,3589.8,783.65,3604.05,772.45,3616.3,752.05,3618.4,730.65,3616.3,707.15,3609.15,691.85,3596.95,679.6,3579.6,671.4,3562.25,665.3,3542.85,663.3
3-211,Uninfected,No_comment,Polygon,21,3432.65,691.85,3444.9,688.75,3463.25,688.75,3484.7,694.9,3501.1,712.25,3508.2,731.65,3508.2,754.1,3509.15,792.85,3502.05,815.3,3490.85,831.65,3474.5,843.85,3454.05,848,3433.7,848.95,3414.25,838.75,3400,822.45,3388.8,801,3384.7,777.55,3382.65,748.95,3386.7,724.5,3398.95,706.1,3413.25,694.9
3-212,Uninfected,No_comment,Polygon,21,3284.7,747.95,3305.1,744.9,3328.6,745.9,3352.05,757.15,3367.35,770.4,3378.6,780.65,3391.8,800,3400,819.4,3397.95,837.75,3392.85,856.1,3382.6,871.45,3369.3,883.7,3342.8,888.8,3315.25,882.65,3287.75,874.5,3265.3,859.2,3252.05,837.75,3250,816.3,3250,798.95,3256.15,782.65,3268.35,764.3
3-213,Uninfected,No_comment,Polygon,19,3480.65,391.8,3496.95,388.75,3521.45,392.85,3541.85,402,3555.15,417.3,3570.45,441.8,3574.5,469.35,3569.4,493.85,3561.3,512.2,3539.8,530.6,3518.4,542.85,3494.9,544.9,3460.25,537.75,3440.85,521.4,3428.6,497.95,3424.5,468.35,3425.55,443.85,3435.75,418.35,3456.15,402
3-214,Uninfected,No_comment,Polygon,21,3750.05,469.35,3759.2,478.55,3774.5,490.8,3790.85,507.1,3799,515.3,3805.15,530.6,3805.15,552,3801.1,571.4,3791.85,588.75,3777.6,604.05,3760.25,611.2,3738.8,616.3,3713.3,614.25,3686.75,603.05,3666.35,572.45,3661.3,541.8,3660.25,512.2,3665.35,491.8,3678.65,473.45,3700.05,465.3,3728.65,463.25
3-215,Uninfected,No_comment,Polygon,18,3561.3,513.2,3580.65,510.2,3602.05,510.2,3628.65,518.35,3649,529.55,3659.25,545.9,3667.4,577.55,3662.25,600,3652.05,616.3,3633.75,632.65,3610.25,638.75,3590.85,639.8,3563.3,637.75,3538.85,625.5,3520.45,608.15,3514.3,577.55,3519.4,551,3539.8,527.55
3-216,Uninfected,No_comment,Polygon,20,3418.4,552,3443.95,545.9,3462.25,545.9,3484.7,552,3504.1,566.3,3515.45,583.65,3521.6,609.15,3523.5,633.65,3520.45,653.05,3511.3,668.35,3496.95,677.55,3470.45,681.6,3452.05,678.55,3434.7,672.45,3411.3,662.2,3389.8,647.95,3382.65,628.55,3382.65,602,3390.85,579.55,3402.05,564.25