291,5312,2988
5-1,Parasitized,No_comment,Polygon,20,2963.95,1964.55,2971.4,1944.05,2982.55,1918,2990.65,1903.7,3008.7,1903.1,3038.45,1914.9,3068.95,1927.9,3099.35,1944.05,3103.7,1969.55,3103.05,1993.75,3096.25,2018,3080.75,2036.6,3054,2040.35,3026.05,2041.6,3008.7,2036.6,2992.55,2034.15,2988.2,2025.45,2980.75,2011.75,2970.15,1997.5,2964.6,1981.95
5-2,Parasitized,No_comment,Polygon,21,3008,1755.85,3008,1741.55,3019.2,1721.7,3033.5,1709.25,3060.8,1703.05,3064.55,1695.6,3076.95,1692.5,3087.5,1695.6,3101.2,1698.1,3112.35,1710.5,3130.35,1739.7,3142.15,1760.2,3145.3,1779.45,3136.6,1807.4,3121.7,1821.05,3103.65,1822.95,3082.55,1817.95,3058.95,1807.4,3042.8,1801.2,3016.7,1784.45,3010.5,1768.3
5-3,Parasitized,No_comment,Polygon,18,3586.95,1386.9,3582.55,1367.65,3586.3,1344.05,3601.2,1319.2,3617.95,1301.2,3644.65,1289.4,3661.45,1289.4,3687.5,1301.2,3709.25,1319.2,3726.7,1341.6,3738.5,1362.7,3733.5,1386.9,3717.35,1413,3689.4,1437.25,3662.05,1439.1,3616.1,1427.9,3597.45,1412.4,3591.85,1399.95
5-4,Parasitized,No_comment,Polygon,16,3084.45,1079.5,3091.25,1037.25,3109.25,1003.7,3132.85,996.25,3159.6,997.5,3185.65,1007.45,3208.05,1022.35,3219.2,1045.3,3220.5,1073.25,3216.7,1096.9,3203.7,1116.15,3186.9,1125.45,3143.45,1129.8,3121.7,1122.35,3103.7,1115.5,3093.75,1102.45
5-5,Parasitized,No_comment,Polygon,22,2688.75,1318.55,2680.7,1299.35,2669.5,1268.9,2658.3,1240.95,2658.3,1207.4,2667.65,1204.3,2688.15,1204.85,2702.4,1199.35,2720.45,1201.2,2742.15,1208.65,2764.55,1227.3,2794.95,1253.95,2809.25,1273.8,2812.95,1288.15,2812.95,1306.15,2808,1317.35,2799.3,1331,2783.8,1340.95,2763.3,1346.5,2744.65,1350.25,2733.45,1346.5,2703.65,1331
5-6,Parasitized,No_comment,Polygon,17,2436.6,1150.2,2431.6,1130.35,2429.75,1108.65,2439.05,1081.25,2449,1069.45,2475.7,1064.55,2499.95,1063.95,2531,1081.25,2540.3,1101.2,2544.05,1131.65,2538.15,1158.7,2522.3,1183.15,2508.65,1189.95,2485.65,1191.25,2467,1183.8,2452.75,1170.75,2444.65,1162
5-7,Parasitized,No_comment,Polygon,20,2569.5,1583.8,2563.9,1554,2560.8,1515.45,2567.05,1494.95,2577.6,1476.95,2590.65,1470.15,2610.5,1473.9,2634.1,1480.7,2650.9,1488.75,2664.55,1503.65,2676.95,1524.15,2688.75,1547.75,2695,1572.6,2694.35,1590.6,2678.85,1606.75,2645.3,1630.35,2626.05,1633.5,2611.15,1631.6,2587.5,1611.75,2580.7,1595.6
5-8,Parasitized,No_comment,Polygon,20,2534.1,1480.7,2516.7,1467.65,2508.65,1444.05,2498.7,1418.55,2490,1404.9,2482.55,1388.15,2478.85,1365.15,2486.9,1347.2,2509.25,1337.85,2523.55,1332.85,2544.65,1340.3,2570.15,1352.75,2590.65,1363.9,2605.55,1385.65,2617.95,1420.45,2616.7,1440.3,2607.4,1457.75,2586.9,1469.5,2569.5,1480.7,2547.75,1482.6
5-9,Parasitized,No_comment,Polygon,22,2129.15,1845.95,2116.75,1829.15,2108.65,1795.6,2109.95,1759.6,2132.9,1718.6,2142.8,1701.85,2151.5,1692.5,2185.7,1700.6,2215.5,1711.15,2231.65,1735.35,2240.35,1766.45,2240.35,1791.25,2238.45,1808.65,2230.45,1837.85,2224.2,1860.85,2221.1,1877.6,2210.5,1888.15,2183.8,1898.7,2158.95,1900.6,2147.15,1888.15,2140.35,1867.65,2135.35,1856.5
5-10,Parasitized,No_comment,Polygon,23,2247.15,1794.4,2265.2,1779.45,2288.15,1772.65,2311.75,1773.25,2322.3,1790.05,2330.45,1800.6,2336.6,1812.4,2336.6,1826.05,2329.8,1840.35,2323.55,1851.5,2316.75,1869.55,2316.75,1886.9,2321.1,1907.4,2318,1923.55,2311.75,1935.35,2286.35,1939.7,2260.2,1931,2240.95,1918.6,2224.2,1896.85,2225.45,1873.9,2234.8,1847.15,2240.35,1824.2,2245.95,1806.2
5-11,Parasitized,No_comment,Polygon,21,1555.95,1888.75,1560.2,1869.55,1565.8,1853.4,1580.15,1827.9,1586.95,1816.7,1604.3,1818,1620.45,1827.9,1641.6,1839.7,1657.1,1855.2,1668.9,1877,1682.6,1904.3,1682.6,1947.75,1673.9,1981.35,1659.65,2000.55,1634.8,2009.3,1608.65,2004.3,1596.85,1988.8,1586.95,1957.05,1579.55,1927.9,1568.35,1908.65,1560.2,1896.85
5-12,Parasitized,No_comment,Polygon,24,1959.55,2723.55,1935.35,2713,1920.45,2691.9,1914.2,2669.55,1919.2,2647.15,1911.75,2635.35,1910.5,2621.1,1914.2,2608.05,1924.75,2603.7,1929.75,2586.9,1940.25,2560.2,1967,2544.05,1998.7,2540.35,2026.65,2546.55,2044.05,2563.95,2052.7,2590,2047.7,2605.55,2030.35,2621.1,2017.95,2629.15,2011.75,2649.05,1998.7,2675.1,1983.15,2706.15,1979.45,2721.7,1975.65,2729.15
5-13,Parasitized,No_comment,Polygon,22,3667.6,2244.4,3649.05,2243.85,3628.4,2240.75,3610.9,2234.6,3598.5,2222.2,3590.25,2206.75,3594.4,2186.65,3602.15,2166.05,3615.55,2142.3,3632.05,2121.7,3652.65,2108.8,3671.2,2107.25,3692.85,2112.95,3715.55,2122.2,3734.1,2130.95,3747.5,2150.55,3751.6,2177.35,3751.6,2187.15,3741.8,2199,3716.05,2208.3,3695.45,2223.75,3678.4,2239.2
5-14,Parasitized,No_comment,Polygon,25,1626.1,1508.75,1631.7,1498.1,1652.8,1485.15,1663.35,1470.8,1672.05,1458.4,1677,1440.35,1696.9,1428,1703.1,1424.9,1726.1,1424.2,1740.4,1424.2,1752.8,1430.45,1765.2,1450.3,1770.2,1487.6,1765.2,1503.1,1753.4,1524.25,1744.7,1541.05,1740.4,1560.85,1730.45,1576.45,1717.4,1582,1703.1,1572.65,1691.95,1557.75,1677.65,1548.5,1649.7,1537.9,1633.55,1529.8,1623,1521.75
5-15,Parasitized,No_comment,Polygon,21,1686.95,1339.15,1686.95,1325.45,1692.55,1301.85,1700.7,1280.1,1710.55,1263.4,1720.5,1257.75,1734.8,1256.5,1755.9,1259.65,1775.15,1267.75,1800.7,1285.1,1815.55,1314.3,1814.3,1342.25,1806.85,1361.5,1788.2,1376.45,1764,1391.95,1745.95,1401.85,1726.1,1397.5,1711.2,1391.95,1701.85,1383.9,1693.8,1372.65,1686.95,1347.85
5-16,Parasitized,No_comment,Polygon,17,1799.4,1259.05,1798.15,1238.5,1808.7,1197.5,1827.35,1172.65,1844.1,1165.2,1874.55,1167.75,1896.9,1185.7,1921.1,1223.65,1926.7,1245.95,1928,1269.55,1921.1,1298.75,1905.6,1318.65,1890.05,1329.2,1856.55,1333.55,1837.25,1323,1813.05,1304.95,1801.85,1267.75
5-17,Parasitized,No_comment,Polygon,23,1723.65,1244.7,1706.85,1204.95,1692.55,1177,1683.85,1163.4,1682.6,1146.6,1704.35,1117.4,1729.2,1099.4,1759.65,1090.05,1768.35,1092.6,1793.8,1108.75,1804.95,1133.5,1817.4,1158.4,1823,1170.8,1817.4,1182,1809.3,1193.75,1800.7,1217.4,1796.3,1242.25,1798.15,1260.3,1793.15,1263.95,1783.25,1264.65,1760.85,1255.95,1744.7,1252.15,1725.45,1249.05
5-18,Uninfected,No_comment,Polygon,20,2581.85,2007.75,2587.8,1983.9,2601.85,1961.75,2624.85,1943.05,2643.15,1931.6,2668.7,1938.4,2694.15,1953.3,2705.7,1969.45,2717.15,1995.45,2719.3,2018,2713.75,2042.65,2699.3,2059.2,2678.85,2072.9,2656.7,2082.2,2630.4,2089.5,2614.15,2082.2,2598.85,2072.45,2588.7,2058.35,2582.25,2044.75,2581.4,2028.6
5-19,Uninfected,No_comment,Polygon,18,2460.6,2089.05,2464.35,2069.5,2478.4,2044.35,2490.35,2029.9,2510.35,2024.35,2533.8,2021.75,2559.7,2028.6,2571.65,2043.5,2580.1,2064.35,2587.4,2087.8,2583.95,2110.35,2559.25,2123.1,2551.25,2133.25,2532.1,2142.25,2509.5,2145.25,2486.95,2139.65,2472.05,2131.55,2461.45,2106.95
5-20,Uninfected,No_comment,Polygon,18,2247.8,2043.05,2255,2022.65,2269.95,2006.45,2287.75,1995.85,2305.7,1992.05,2329.9,1997.15,2358,2015,2369.05,2044.75,2373.3,2074.1,2369.9,2101.8,2361,2123.1,2347.75,2135.4,2326.05,2144.8,2301.45,2147.35,2277.15,2143.5,2253.3,2118.8,2248.25,2084.35,2244.4,2072.05
5-21,Uninfected,No_comment,Polygon,17,2621.85,2126.95,2630.4,2107.8,2641,2097.5,2662.7,2085.65,2683.15,2082.65,2710.75,2086.9,2731.2,2095.8,2745.3,2109.9,2756.3,2137.95,2753.75,2166.1,2744.85,2190.35,2727.85,2205.65,2700.6,2212,2670.4,2205.25,2646.55,2197.55,2631.65,2177.1,2624,2155.8
5-22,Uninfected,No_comment,Polygon,21,2527.3,1937.05,2531.7,1904.4,2551.7,1870.25,2568.8,1851.65,2580,1838.05,2611.2,1831.2,2642.9,1831.65,2659.5,1848.3,2665.35,1872.2,2666.35,1898.55,2655.6,1919,2640.95,1924.8,2624.85,1936.55,2607.7,1956.05,2595.5,1975.05,2584.75,1993.6,2580.95,1999,2571.2,1996.1,2554.65,1988.3,2540,1979.5,2527.8,1960.9
5-23,Uninfected,No_comment,Polygon,18,2767.8,1816.05,2772.7,1804.85,2785.35,1795.6,2812.2,1784.85,2841,1774.1,2865.35,1772.65,2882.95,1775.6,2896.1,1789.7,2905.35,1813.65,2902.95,1836.55,2893.15,1870.7,2876.6,1896.05,2852.2,1907.75,2823.4,1911.2,2799.5,1907.75,2781.95,1895.1,2771.7,1873.65,2764.4,1851.65
5-24,Uninfected,No_comment,Polygon,17,2750.75,1978,2753.65,1962.4,2766.85,1940.45,2779.05,1925.35,2800,1917.55,2825.35,1915.6,2842.95,1918.5,2859.5,1935.1,2872.2,1965.8,2880.5,1996.05,2874.65,2023.4,2857.05,2047.75,2836.1,2061.45,2811.7,2060.95,2786.35,2051.2,2767.3,2037.05,2756.1,2019.5
5-25,Uninfected,No_comment,Polygon,19,2667.3,1833.15,2678.55,1818,2694.65,1810.7,2703.4,1797.05,2716.1,1776.05,2719,1770.7,2744.4,1790.2,2760.5,1800.45,2763.4,1825.35,2760,1848.75,2772.7,1887.3,2772.2,1920.45,2761.45,1940.95,2738.55,1948.75,2709.25,1953.15,2690.25,1940.45,2669.75,1918,2665.8,1894.65,2661,1856.1
5-26,Uninfected,No_comment,Polygon,20,2909.75,1809.25,2914.15,1794.6,2920.5,1790.7,2935.1,1805.8,2948.3,1814.1,2965.35,1833.65,2973.15,1860.95,2977.55,1886.8,2982.95,1901.45,2982.95,1921.2,2963.9,1954.6,2962.45,1981.9,2952.7,1988.25,2930.75,1989.7,2879.05,1979,2862.45,1942.4,2860.5,1918,2871.15,1899.9,2889.2,1877.5,2902.9,1831.6
5-27,Uninfected,No_comment,Polygon,17,2733.65,1701.45,2740.5,1680.05,2756.05,1663.4,2781.5,1655.1,2804.4,1649.75,2843.45,1661,2862.45,1679.5,2868.75,1703.4,2869.3,1730.25,2859,1749.25,2833.2,1775.1,2809.3,1781.45,2778.55,1784.85,2753.65,1775.1,2744.4,1764.35,2733.65,1743.9,2733.65,1730.7
5-28,Uninfected,No_comment,Polygon,18,2628.3,1657.55,2637.05,1640.45,2664.4,1621.45,2688.3,1610.2,2712.7,1602.95,2723.85,1618.5,2732.2,1645.35,2734.05,1697.1,2726.8,1738.5,2720.95,1766.8,2697.05,1795.1,2678.55,1811.7,2648.75,1806.3,2634.15,1770.25,2629.7,1755.1,2622.45,1733.15,2614.65,1711.2,2614.65,1691.7
5-29,Uninfected,No_comment,Polygon,20,2900.5,1555.1,2881.9,1580.45,2867.35,1604.35,2861.5,1642.95,2868.75,1676.1,2881.5,1701,2894.1,1723.4,2910.25,1742.4,2919,1741,2929.3,1723.9,2944.85,1707.8,2957.6,1680.05,2960.5,1624.35,2959,1598.5,2959.95,1579.5,2968.75,1559.5,2963.85,1556.1,2956.6,1560.45,2933.15,1564.35,2913.15,1557.05
5-30,Uninfected,No_comment,Polygon,26,2981.9,1576.1,3000.5,1573.15,3012.7,1565.85,3029.75,1557.05,3040.95,1555.6,3052.7,1569.25,3065.8,1577.55,3078,1579.5,3085.8,1582.4,3090.25,1599.5,3101.9,1624.85,3106.35,1641.45,3097.05,1666.8,3089.75,1679.05,3075.1,1687.3,3048.3,1696.1,3032.7,1706.8,3024.85,1712.65,3006.8,1714.15,2994.1,1702.9,2979.55,1697.55,2971.7,1689.75,2966.8,1669.75,2971.25,1633.15,2976.05,1609.75,2978.55,1593.65
5-31,Uninfected,No_comment,Polygon,24,3225.85,1820.45,3237.05,1808.25,3249.75,1798,3258.5,1782.9,3264.85,1760.45,3270.7,1746.8,3276.55,1764.35,3296.55,1780.45,3328.75,1821.45,3340.45,1833.15,3344.35,1854.6,3340.45,1887.8,3333.15,1909.25,3314.6,1920.95,3303.4,1935.1,3288.2,1939.95,3269.75,1939.5,3249.2,1931.7,3242.4,1917.05,3240.95,1893.15,3235.6,1873.15,3231.7,1862.4,3224.85,1839.95,3223.9,1834.1
5-32,Uninfected,No_comment,Polygon,19,2995.1,1898.5,2982.4,1869.75,2978.5,1846.8,2984.85,1819.5,3000.45,1807.3,3030.15,1807.3,3059,1819.5,3085.35,1832.65,3110.7,1841.45,3127.3,1859,3137.05,1894.1,3128.25,1922.9,3117.55,1941.9,3101,1947.05,3084.9,1937.3,3064.85,1923.85,3029.8,1909.95,3009.8,1902.15,3002.95,1901.65
5-33,Uninfected,No_comment,Polygon,18,3358.05,1872.15,3361.95,1851.7,3370.2,1825.35,3385.35,1808.25,3403.9,1797.05,3428.2,1796.55,3455.1,1809.25,3484.85,1831.7,3495.6,1851.2,3500,1883.4,3492.65,1911.2,3478.5,1929.75,3453.15,1939.95,3424.35,1942.4,3397.55,1930.7,3375.1,1919,3364.85,1901.45,3359.5,1888.25
5-34,Uninfected,No_comment,Polygon,17,3203.4,1638.05,3214.65,1602.95,3228.8,1574.15,3251.7,1559.05,3279.05,1555.1,3286.35,1559.05,3301.95,1579.05,3317.1,1612.7,3319.5,1647.3,3323.4,1682.95,3315.6,1702.45,3300,1714.65,3276.6,1718.05,3254.65,1709.25,3230.75,1686.85,3220,1670.25,3207.8,1653.65
5-35,Uninfected,No_comment,Polygon,17,3322.45,1543.9,3329.75,1607.3,3326.85,1630.75,3332.2,1659.5,3327.8,1687.3,3326.85,1715.6,3352.2,1736.6,3394.15,1735.6,3400.5,1723.4,3413.2,1692.7,3420.5,1650.25,3419.05,1618.05,3408.8,1588.3,3390.25,1557.55,3370.75,1540.5,3341,1533.15,3328.35,1537.1
5-36,Uninfected,No_comment,Polygon,21,3402.45,1724.4,3405.85,1748.3,3413.65,1767.3,3429.75,1777.55,3442.95,1782.45,3461,1784.9,3480.5,1778.55,3492.2,1771.2,3508.3,1757.55,3518.55,1741.95,3527.3,1724.9,3531.25,1705.35,3526.85,1686.85,3510.75,1667.8,3481.95,1643.4,3445.4,1619.5,3419.5,1612.7,3417.55,1631.15,3421.45,1664.4,3412.7,1695.1,3402.95,1711.65
5-37,Uninfected,No_comment,Polygon,19,3100.5,1689.75,3103.4,1663.4,3108.3,1651.2,3133.65,1655.15,3159.05,1657.1,3186.35,1660,3212.7,1682.95,3234.65,1711.7,3252.2,1726.35,3261.95,1750.75,3258.55,1765.85,3246.85,1788.8,3225.85,1800,3206.35,1800.5,3185.35,1789.25,3160,1776.1,3139.2,1756.25,3128.3,1733.15,3107.95,1709
5-38,Uninfected,No_comment,Polygon,17,3091.1,1600.95,3088.8,1575.6,3097.55,1542.45,3105.85,1532.7,3131.2,1527.8,3144.9,1512.7,3153.2,1506.85,3183.9,1510.75,3200.5,1527.3,3214.65,1549.25,3215.6,1581,3202.95,1613.65,3189.75,1639.5,3159.5,1643.9,3136.6,1642.45,3107.3,1631.7,3100,1616.1
5-39,Uninfected,No_comment,Polygon,15,3159.5,1426.85,3161.95,1405.85,3174.65,1378.05,3207.3,1368.75,3240,1365.85,3270.75,1387.75,3283.4,1408.3,3294.65,1438.05,3291.2,1465.85,3270.25,1493.15,3243.4,1508.75,3205.85,1511.2,3187.8,1498.55,3171.2,1483.4,3164.4,1454.15
5-40,Uninfected,No_comment,Polygon,15,3012.7,1504.4,3018.55,1481.45,3026.35,1462.45,3046.85,1442.9,3089.75,1427.75,3118.05,1422.45,3139.5,1429.25,3154.65,1468.3,3155.1,1489.25,3133.15,1510.75,3114.65,1523.4,3090.25,1542.9,3062.9,1545.8,3040,1540.5,3020,1525.35
5-41,Uninfected,No_comment,Polygon,16,2965.35,1375.6,2962.9,1357.55,2968.8,1338.55,2985.35,1318.55,3010.25,1305.85,3048.3,1305.35,3070.25,1320.5,3086.85,1339,3102.45,1363.9,3104.9,1394.15,3090.25,1413.15,3061.95,1427.3,3034.15,1436.6,3004.85,1431.7,2986.85,1420.5,2977.55,1404.4
5-42,Uninfected,No_comment,Polygon,16,3074.15,1286.35,3081.45,1260.5,3100.95,1241.95,3122.45,1236.6,3143.9,1231.65,3180.5,1242.9,3208.3,1254.65,3216.1,1266.35,3220.5,1294.65,3215.1,1339.5,3193.15,1360,3159.5,1377.55,3135.6,1370.7,3116.1,1361.45,3097.55,1332.2,3083.4,1302.45
5-43,Uninfected,No_comment,Polygon,15,3239,1264.85,3234.15,1308.3,3248.3,1350.7,3273.65,1375.6,3296.1,1383.9,3320,1382.45,3362.95,1368.75,3372.2,1348.75,3369.25,1315.1,3363.9,1278.55,3345.35,1244.85,3332.2,1235.1,3305.85,1241.95,3269.25,1244.85,3254.65,1252.65
5-44,Uninfected,No_comment,Polygon,15,3380.95,1275.6,3380.5,1300,3384.9,1333.15,3396.6,1360,3414.15,1383.9,3441,1396.6,3476.6,1390.7,3490.75,1381.95,3505.85,1368.75,3511.7,1348.75,3514.65,1327.75,3501.45,1296.1,3467.8,1269.25,3434.15,1256.6,3398.55,1255.1
5-45,Uninfected,No_comment,Polygon,17,3306.8,1389.75,3299.5,1421,3305.35,1457.1,3319,1490.25,3339,1522.95,3378,1543.4,3389.2,1552.2,3395.6,1540,3395.6,1520.5,3402.9,1498.05,3418,1469.75,3428.2,1444.4,3407.8,1411.25,3386.25,1377.55,3368.2,1365.35,3335.6,1371.2,3310.15,1382.4
5-46,Uninfected,No_comment,Polygon,22,3404.85,1570.25,3408.75,1539.05,3410.7,1509.75,3423.9,1481.95,3442.4,1467.3,3453.65,1462.95,3468.75,1467.3,3475.05,1482.45,3484.35,1508.3,3495.05,1527.3,3508.2,1542.95,3519.95,1551.25,3531.15,1560.5,3536.05,1570.25,3533.65,1585.85,3537.55,1606.35,3546.25,1645.85,3542.9,1664.9,3519,1667.8,3494.1,1653.7,3414.1,1607.75,3401.45,1578.5
5-47,Uninfected,No_comment,Polygon,15,3541.9,1567.3,3557.55,1553.2,3578,1540,3596.05,1535.6,3614.05,1543.4,3635.05,1566.85,3651.15,1602.45,3657.55,1634.15,3650.7,1662.95,3624.85,1681,3606.25,1683.4,3578,1671.7,3551.7,1655.6,3538.95,1629.7,3536.05,1580.5
5-48,Uninfected,No_comment,Polygon,16,3475.05,1468.8,3481.9,1447.8,3491.15,1426.35,3499.5,1410.75,3518.5,1410.25,3544.35,1412.7,3565.85,1421.95,3590.15,1437.1,3600.45,1455.6,3607.25,1494.65,3599.5,1525.85,3559,1540.5,3534.6,1544.4,3511.7,1540.5,3491.1,1520.5,3478.45,1496.1
5-49,Uninfected,No_comment,Polygon,19,3695.6,1436.55,3690.7,1448.25,3690.7,1470.2,3699.5,1493.65,3707.25,1518.5,3717.05,1546.3,3729.2,1561.9,3756.05,1559.5,3782.9,1552.15,3805.85,1542.9,3816.05,1536.55,3825.85,1526.8,3832.15,1503.4,3829.2,1475.6,3820.45,1451.7,3793.15,1434.6,3758.5,1413.15,3726.25,1407.75,3709.3,1416.65
5-50,Uninfected,No_comment,Polygon,21,3710.7,1638.05,3708.3,1618.55,3712.2,1598.55,3717.55,1576.6,3721.45,1556.6,3701.95,1505.3,3690.75,1469.65,3677.55,1451.2,3654.6,1440.5,3636.1,1435.6,3581.35,1430.3,3589.15,1445.4,3600.4,1471.65,3601.85,1521.45,3597.5,1537.55,3607.75,1548.8,3622.4,1561.45,3636.05,1574.6,3649.2,1599.45,3664.85,1636.6,3694.15,1642.45
5-51,Uninfected,No_comment,Polygon,22,3652.7,1662,3646.35,1676.55,3641.45,1686.4,3640,1703.9,3647.3,1732.65,3657.55,1746.8,3674.65,1760.5,3690.25,1772.65,3719.05,1786.4,3733.65,1796.55,3743.9,1795.6,3752.2,1781,3759.05,1761.45,3767.3,1746.8,3776.6,1725.4,3777.55,1705.85,3770.25,1687.8,3752.7,1670.3,3739.05,1660.05,3718.05,1651.7,3689.3,1645.4,3662.95,1654.6
5-52,Uninfected,No_comment,Polygon,25,3510.2,1766.8,3503.9,1781.45,3498.05,1804.85,3497.55,1827.75,3500.45,1849.25,3510.2,1865.8,3520.95,1882.4,3538.8,1898.45,3548.75,1913.65,3562.4,1931.2,3572.65,1941.9,3581.95,1957.05,3596.55,1971.7,3608.75,1979.5,3636.1,1977.55,3639.5,1966.3,3631.7,1926.3,3626.8,1895.1,3631.7,1862.9,3618.05,1828.75,3594.15,1794.6,3578.05,1763.4,3560.95,1747.3,3530.7,1748.25,3519.5,1753.15
5-53,Uninfected,No_comment,Polygon,26,3568.75,1750.7,3573.15,1728.25,3578.05,1709.25,3585.85,1695.6,3606.8,1691.7,3622.9,1693.15,3632.2,1698,3639.55,1707.35,3648.3,1734.65,3658.5,1759,3669.75,1771.2,3682.9,1780.45,3698.5,1790.2,3720.45,1800.95,3730.7,1810.2,3740.45,1818.5,3747.8,1829.75,3752.65,1861.45,3744.35,1866.8,3722.4,1861.45,3687.8,1860.95,3640.95,1857.05,3619.4,1849.25,3598.95,1828.25,3581.9,1796.05,3573.55,1778.5
5-54,Uninfected,No_comment,Polygon,23,3459,1942.9,3473.15,1969.25,3483.9,1989.75,3491.2,2008.75,3493.65,2022.9,3504.85,2034.6,3516.1,2041.45,3537.05,2043.4,3553.65,2046.8,3569.75,2050.2,3580.5,2054.1,3591.7,2052.15,3595.6,2039.95,3593.15,2002.4,3581.95,1972.15,3564.4,1948.75,3540,1930.2,3525,1911.45,3515,1896,3505.35,1895.1,3493.15,1903.8,3484.4,1914.55,3468.75,1930.15
5-55,Uninfected,No_comment,Polygon,22,3611.7,1999.05,3606.35,2008.3,3602.95,2029.25,3602.5,2050.75,3613.2,2078.05,3628.8,2097.55,3647.8,2099.05,3658.05,2093.65,3678.55,2095.6,3698.55,2100.95,3717.1,2111.7,3747.8,2117.55,3757.1,2103.9,3756.1,2075.15,3750.25,2054.15,3745.4,2033.15,3736.1,2013.15,3728.3,1998.55,3712.2,1980.5,3676.6,1968.3,3647.35,1974.15,3628.3,1988.3
5-56,Uninfected,No_comment,Polygon,18,3652.7,1968.3,3639.55,1956.6,3639.05,1926.35,3637.55,1890.75,3638.55,1868.3,3658.05,1865.35,3681.95,1865.85,3709.3,1869.75,3746.85,1871.2,3768.8,1878.05,3779.05,1901,3782.95,1921.45,3777.55,1953.65,3759.05,1974.65,3737.55,1989.75,3727.8,1990.75,3709.3,1983.95,3681.45,1977.15
5-57,Uninfected,No_comment,Polygon,19,3750.75,2121.95,3752.2,2135.6,3763.4,2152.2,3774.15,2163.4,3788.8,2169.75,3803.5,2167.8,3812.7,2151.7,3825.4,2142.45,3852.2,2130.25,3883.9,2119.5,3898.6,2104.9,3903.5,2088.3,3894.65,2057.1,3871.25,2023.4,3833.65,2015.6,3784.45,2028.8,3766.85,2050.25,3761,2073.15,3754.1,2100.5
5-58,Uninfected,No_comment,Polygon,18,3870.25,2018.55,3872.7,1998.05,3881.95,1978.05,3891.25,1965.35,3902.95,1958.55,3926.35,1961.45,3953.65,1974.15,3966.35,1992.2,3980.55,2011.2,3992.2,2040.5,3999.05,2069.75,3988.3,2097.1,3964.9,2108.8,3941.55,2114.65,3919.05,2108.8,3901.95,2094.65,3891.25,2074.1,3878.6,2049.2
5-59,Uninfected,No_comment,Polygon,19,3924.4,1832.2,3956.1,1827.8,3988.3,1829.25,4007.8,1833.65,4024.4,1852.2,4028.8,1874.15,4034.15,1907.8,4029.75,1942.95,4025.4,1965.35,4016.1,1984.9,3996.1,1994.15,3972.2,1993.15,3943.85,1986.4,3928.25,1976.65,3915.15,1951.2,3906.35,1924.4,3907.8,1894.65,3912.7,1855.1,3915.6,1843.9
5-60,Uninfected,No_comment,Polygon,24,3920.55,1826.85,3901,1826.35,3879.55,1834.15,3860,1841,3828.3,1842.95,3798.05,1842.45,3767.35,1843.4,3758.55,1853.65,3759.05,1866.85,3765.45,1881.05,3775.15,1917.6,3777.55,1946.4,3781.5,1958.55,3795.6,1970.25,3804.4,1977.1,3820,1985.35,3847.35,1988.8,3874.65,1982.45,3903.4,1972.25,3916.1,1946.35,3909.3,1910.25,3906.85,1873.15,3918.55,1850.25,3927.3,1838.55
5-61,Uninfected,No_comment,Polygon,21,3820.55,2174.6,3827.35,2160.9,3842.95,2148.7,3858.6,2138.05,3867.35,2130.7,3896.65,2125.8,3921,2133.6,3943.45,2157.55,3954.7,2184.4,3962.5,2211.2,3961.55,2244.4,3956.65,2263.4,3944.9,2278.05,3929.3,2282.45,3899.05,2279.95,3873.2,2273.6,3849.8,2258.05,3840.55,2244.4,3829.3,2225.8,3821,2202.85,3817.65,2192.2
5-62,Uninfected,No_comment,Polygon,20,3752.95,2178.6,3780.55,2182.85,3798.05,2193.6,3808.3,2203.85,3816.65,2217.05,3820,2242.85,3814.7,2258.55,3802.5,2273.6,3782.95,2295.1,3771.75,2324.8,3760.55,2334.15,3741.95,2333.6,3717.1,2326.75,3698.05,2308.75,3684.45,2278.55,3678.05,2252.65,3678.8,2226.4,3691.95,2206.4,3705.2,2192.25,3731.95,2180.55
5-63,Uninfected,No_comment,Polygon,16,3777.1,2354.6,3781.55,2338,3788.8,2307.75,3803.5,2290.25,3823.5,2276.1,3847.8,2268.3,3877.15,2273.05,3894.7,2282.85,3911.25,2304.8,3921.55,2318.95,3925.4,2334.15,3870.8,2428.3,3851.25,2428.75,3825.85,2418.95,3803.5,2403.4,3783.5,2383.85
5-64,Uninfected,No_comment,Polygon,19,3511.7,2445.85,3523.9,2423.9,3533.7,2405.85,3544.45,2388.35,3563.5,2363.9,3577.1,2360.55,3597.1,2374.2,3615.15,2407.35,3635.65,2444.45,3644.45,2476.15,3645.45,2501.5,3640,2517.55,3626.85,2534.2,3599.6,2542.9,3574.7,2536.1,3549.3,2520.95,3529.3,2501.95,3516.65,2480.55,3511.7,2460
5-65,Uninfected,No_comment,Polygon,18,3263.5,2546.8,3253.65,2522.9,3256.65,2495.1,3263.9,2475.6,3278.05,2458.55,3289.75,2446.8,3304.9,2439.55,3324.9,2447.8,3343.9,2458.05,3359.05,2473.2,3373.2,2500,3376.65,2531.7,3371.7,2560.95,3351.25,2592.25,3329.75,2597.05,3305.85,2592.7,3290.75,2586.8,3278.05,2573.2
5-66,Uninfected,No_comment,Polygon,19,3347.4,2354.65,3349.3,2380.55,3355.65,2406.8,3359.6,2430.3,3371.7,2459.55,3387.8,2480.55,3402.5,2495.1,3419.05,2503.45,3445.45,2505.4,3461.55,2495.1,3471.7,2478.55,3481.95,2451.7,3478.6,2404.85,3460.55,2382.9,3444.45,2369.75,3412.2,2360,3396.65,2354.65,3371.7,2349.3,3359.05,2348.75
5-67,Uninfected,No_comment,Polygon,17,3434.65,2363.45,3422.95,2329.75,3429.3,2299.5,3447.8,2268.75,3461.55,2257.55,3494.15,2255.15,3520.55,2262.5,3534.7,2272.25,3546.4,2299.5,3557.65,2328.75,3560.55,2357.55,3548.3,2386.45,3525.85,2411.7,3502.5,2416.6,3475.7,2411.25,3458.15,2395.1,3444,2377.55
5-68,Uninfected,No_comment,Polygon,18,3563.9,2301.95,3567.8,2290.3,3578.6,2263.45,3592.7,2252.65,3610.75,2248.75,3636.65,2256.15,3655.65,2263.9,3675.15,2278.1,3687.8,2295.15,3697.1,2339.55,3689.3,2362.9,3666.35,2376.15,3632.7,2385.4,3608.3,2384.85,3590.2,2369.3,3572.7,2352.65,3567.35,2335.15,3562.95,2319.5
5-69,Uninfected,No_comment,Polygon,24,3631.7,2429.3,3636.1,2411.7,3642.95,2398.55,3662.95,2390.7,3672.75,2383.9,3680.95,2362.9,3690.2,2343.9,3707.35,2337.55,3712.2,2339,3739.6,2355.6,3760.55,2355.6,3771.75,2369.75,3778.05,2389.3,3773.7,2401.5,3758.6,2417.55,3747.35,2430.3,3747.35,2476.15,3742.5,2490.7,3729.75,2492.7,3707.8,2485.85,3676.1,2487.8,3650.75,2484.85,3637.6,2467.8,3630.2,2449.25
5-70,Uninfected,No_comment,Polygon,18,3094.15,2211.2,3090.25,2241.95,3093.65,2275.1,3105.85,2298.5,3116.6,2315.1,3129.75,2339,3141.95,2358.05,3166.35,2363.4,3189.25,2368.25,3214.65,2362.4,3226.85,2353.15,3236.1,2336.55,3240,2314.15,3233.65,2282.4,3210.25,2254.6,3171.2,2227.3,3135.6,2210.2,3095.6,2201.95
5-71,Uninfected,No_comment,Polygon,20,3256.6,2238.1,3249.75,2250.7,3242.95,2273.15,3255.1,2316.55,3270.75,2328.25,3298.05,2341.95,3311.7,2347.3,3340,2340.95,3362.45,2336.55,3384.9,2325.85,3397.55,2309.75,3407.3,2295.1,3410.25,2271.7,3403.9,2241.45,3389.75,2226.8,3370.75,2227.3,3355.6,2233.15,3326.85,2240,3296.1,2238.5,3273.15,2234.6
5-72,Uninfected,No_comment,Polygon,18,3171.2,2089.75,3187.8,2076.1,3215.1,2067.8,3233.65,2082.9,3245.35,2102.4,3255.6,2126.3,3260.5,2163.9,3256.1,2207.3,3245.85,2233.65,3236.1,2244.35,3208.3,2246.3,3194.15,2240.95,3172.2,2225.35,3153.65,2207.8,3144.9,2176.1,3146.35,2148.75,3148.8,2124.35,3155.1,2109.25
5-73,Uninfected,No_comment,Polygon,20,3251.15,2115.1,3273.15,2115.1,3290.25,2110.2,3307.3,2104.85,3317.55,2100.05,3332.7,2105.85,3336.6,2124.85,3350.75,2150.7,3361.95,2174.15,3375.1,2200,3390.25,2214.15,3395.1,2222.9,3372.2,2232.8,3327.8,2237.55,3281.95,2238.1,3256.6,2230.2,3246.3,2216.1,3236.55,2184.35,3239.95,2145.35,3243.85,2122.4
5-74,Uninfected,No_comment,Polygon,17,2991.2,2359.5,2986.85,2338.05,2997.55,2319,3011.7,2301.95,3039.5,2291.7,3065.85,2296.55,3083.4,2303.9,3105.35,2315.6,3130.25,2360,3125.35,2393.15,3118.55,2415.15,3096.6,2430.7,3067.3,2431.2,3046.85,2420.45,3027.3,2411.7,3010.25,2398.5,2999.5,2384.35
5-75,Uninfected,No_comment,Polygon,17,2962.4,2418.55,2957.55,2441.5,2970.2,2483.9,2980,2506.35,2993.65,2523.9,3008.25,2530.25,3027.3,2530.25,3036.55,2523.9,3045.85,2515.6,3055.1,2499.05,3064.85,2480,3076.1,2462.45,3071.7,2441.95,3055.1,2421.9,3026.25,2411.2,3005.35,2405.85,2981.95,2407.8
5-76,Uninfected,No_comment,Polygon,20,3111.65,2419,3116.1,2441.95,3123.9,2461.5,3133.15,2480.5,3146.8,2496.1,3161.95,2508.8,3186.8,2516.1,3215.1,2516.6,3241.45,2506.85,3257.05,2487.8,3265.85,2462.95,3263.9,2429.3,3250.7,2398.55,3240,2385.4,3221.45,2375.15,3197.5,2367.3,3165.35,2366.35,3135.1,2381,3124.3,2391.65,3116.5,2400.45
5-77,Uninfected,No_comment,Polygon,20,3004.4,2560.5,3020.5,2546.35,3028.25,2530.25,3038.95,2509.3,3049.2,2493.2,3064.35,2478.55,3079,2469.3,3094.15,2468.8,3108.75,2476.6,3125.85,2489.3,3137.05,2510.75,3145.35,2543.45,3140.5,2585.85,3117.05,2615.15,3083.9,2613.2,3040.5,2614.15,3013.15,2609.75,3002.45,2606.35,2998.05,2590.25,3002.9,2576.1
5-78,Uninfected,No_comment,Polygon,21,3135.1,2600.5,3140.5,2612.2,3147.8,2628.3,3157.05,2646.35,3167.8,2659.05,3176.55,2669.75,3184.85,2677.1,3198.05,2682.45,3221.95,2677.55,3238.05,2672.2,3251.2,2661.5,3263.9,2640.5,3271.2,2613.2,3268.3,2580.5,3251.7,2550.75,3212.65,2528.3,3173.15,2519.05,3137.55,2517.1,3129.25,2540,3126.8,2564.85,3130.7,2590.2
5-79,Uninfected,No_comment,Polygon,19,2800,2837.55,2790.7,2826.8,2774.15,2809.75,2760,2791.7,2751.2,2764.85,2750.25,2731.25,2763.4,2711.25,2780,2700.5,2801.45,2692.25,2820.5,2695.6,2830.7,2702.9,2844.85,2719.5,2859.5,2745.4,2867.8,2764.85,2874.15,2794.15,2867.8,2815.1,2847.3,2829.3,2828.75,2837.55,2812.65,2839.5
5-80,Uninfected,No_comment,Polygon,20,2873.65,2675.6,2886.35,2649.75,2906.8,2630.7,2928.3,2616.1,2940.5,2613.2,2949.25,2624.45,2953.65,2648.35,2955.1,2676.1,2960.95,2711.7,2970.25,2745.4,2980.95,2769.3,2988.75,2788.75,2979,2797.05,2951.7,2799,2917.55,2799,2898.55,2787.35,2888.3,2768.35,2876.6,2736.1,2869.25,2712.25,2868.75,2693.65
5-81,Uninfected,No_comment,Polygon,19,2659,2831.25,2673.65,2808.75,2682.9,2785.4,2691.2,2772.65,2704.85,2767.8,2735.6,2774.6,2758.6,2785.85,2774.7,2803.45,2783.9,2830.7,2785.35,2870.3,2780,2898.55,2766.8,2923.45,2742.9,2942.9,2714.15,2938.55,2700.5,2930.3,2685.35,2914.15,2673.15,2902.5,2665.85,2877.55,2656.6,2850.7
5-82,Uninfected,No_comment,Polygon,17,2576.6,2788.35,2571.2,2779.5,2564.85,2761.95,2571.7,2729.3,2570.7,2706.4,2585.35,2672.25,2606.8,2656.1,2649.75,2647.35,2667.3,2656.55,2682.45,2670.3,2694.6,2704.45,2690.7,2746.4,2681.45,2770.3,2661.95,2799,2647.8,2812.65,2623.9,2815.6,2600.5,2807.35
5-83,Uninfected,No_comment,Polygon,23,2857.55,2823.45,2869.25,2836.55,2884.85,2861.9,2895.1,2896.05,2902.45,2931.7,2903.9,2946.8,2922.9,2942.9,2940.5,2931.2,2959,2923.85,2987.8,2925.8,3008.75,2918,3019.5,2908.75,3031.7,2898,3038.55,2880.45,3037.05,2861.45,3029.25,2838,3018.55,2822.4,2998.05,2806.3,2963.4,2801.9,2928.3,2804.35,2904.85,2801.45,2886.35,2799,2867.3,2810.75
5-84,Uninfected,No_comment,Polygon,19,2956.55,2662.9,2962.45,2658,2986.8,2652.65,3008.75,2651.2,3039,2665.35,3061.95,2677.55,3089.25,2694.1,3103.4,2716.05,3114.6,2737.55,3113.65,2775.6,3096.1,2799,3066.8,2809.25,3026.8,2804.35,2996.55,2790.2,2984.85,2764.35,2979.5,2741.45,2965.35,2718.5,2950.25,2696.55,2950.25,2666.35
5-85,Uninfected,No_comment,Polygon,23,2973.65,2647.75,2980.5,2632.65,2986.35,2622.4,2994.6,2614.1,3009.75,2609.75,3035.1,2610.2,3067.3,2610.7,3095.1,2606.8,3111.7,2612.15,3127.8,2621.9,3147.8,2634.6,3169.7,2651.2,3180.9,2665.8,3188.3,2688.25,3180.5,2724.85,3140,2744.85,3123.9,2742.4,3103.35,2734.1,3082.4,2713.65,3053.6,2696.55,3013.6,2679,2989.7,2668.25,2978,2658.05
5-86,Uninfected,No_comment,Polygon,18,2853.1,2514.6,2865.35,2481.45,2892.1,2461.45,2912.1,2445.85,2937,2451.2,2950.7,2462.9,2964.85,2490.2,2980.9,2522.4,2993.1,2542.4,2992.65,2565.35,2994.05,2590.2,2978.5,2606.3,2950.7,2612.65,2917,2610.2,2890.2,2593.65,2878.5,2580,2863.4,2567.3,2853.1,2546.8
5-87,Uninfected,No_comment,Polygon,20,2705.35,2513.15,2705.8,2492.15,2710.7,2467.8,2722.85,2443.9,2756.55,2420.45,2782.85,2412.15,2807.3,2413.65,2817.95,2417.55,2835.6,2424.85,2855.05,2443.9,2861.45,2457.55,2852.1,2492.65,2845.8,2518.5,2835.6,2545.85,2820.9,2556.55,2788.75,2562.4,2768.25,2557.05,2754.05,2541.95,2743.4,2531.2,2724.35,2521.45
5-88,Uninfected,No_comment,Polygon,18,2639.9,2631.2,2631.7,2615.1,2633.15,2586.8,2638.5,2555.6,2657.95,2535.6,2689.25,2523.9,2719,2516.55,2748.25,2532.15,2760.45,2551.7,2769.25,2572.65,2770.2,2601.45,2762.4,2622.4,2742.85,2641.95,2721.45,2653.15,2699.9,2660,2673.65,2653.15,2652.15,2648.35,2643.85,2639.5
5-89,Uninfected,No_comment,Polygon,21,2513.65,2485.35,2496.55,2468.3,2483.8,2435.1,2481.85,2417,2491.65,2395.6,2494.1,2373.15,2495.05,2342.9,2497.55,2319.95,2504.35,2304.4,2513.65,2304.85,2537.95,2298.95,2556,2289.75,2565.8,2285.35,2576.55,2302.9,2584.35,2325.85,2589.7,2366.35,2587.3,2403.4,2577.95,2439.95,2564.8,2469.75,2546.3,2481.9,2528.25,2489.25
5-90,Uninfected,No_comment,Polygon,16,2597.95,2384.85,2607.75,2363.85,2628.75,2341.9,2652.65,2330.25,2686.8,2334.15,2706.3,2342.9,2726.3,2368.8,2734.6,2397.55,2731.7,2437.55,2709.7,2461.45,2683.4,2483.4,2659.9,2489.25,2631.7,2489.75,2607.3,2468.8,2594.6,2446.85,2589.25,2421.45
5-91,Uninfected,No_comment,Polygon,19,2474.1,2403.4,2459.9,2379.5,2428.25,2358.95,2403.4,2356.6,2384.8,2342.45,2372.65,2314.15,2376,2282.45,2381.45,2267.3,2404.35,2252.2,2429.25,2242.45,2455.6,2244.4,2478.5,2255.6,2496,2266.35,2510.7,2279.95,2521.85,2298.55,2519.9,2337.55,2511.25,2372.7,2499.95,2396.1,2480.45,2406.35
5-92,Uninfected,No_comment,Polygon,21,2231.65,2349.75,2233.15,2333.65,2245.75,2318.55,2259.9,2305.85,2284.35,2289.75,2299.9,2278.95,2315.1,2285.8,2330.2,2294.65,2341.45,2312.7,2351.65,2332.7,2354.6,2361.9,2348.75,2390.25,2329.7,2419.5,2331.2,2446.35,2330.7,2466.35,2324.8,2481.9,2290.7,2468.8,2277.95,2448.8,2266.3,2416.6,2248.25,2385.85,2239.5,2366.85
5-93,Uninfected,No_comment,Polygon,17,2329.2,2432.1,2335.55,2405.8,2347.7,2385.3,2367.75,2371.2,2382.4,2363.4,2411.65,2360.5,2424.8,2366.85,2452.15,2383.4,2465.35,2402.9,2477.55,2431.7,2469.7,2472.7,2451.65,2492.7,2422.85,2506.35,2397,2507.3,2366.3,2499.5,2349.25,2487.8,2337,2462.9
5-94,Uninfected,No_comment,Polygon,16,2307.3,2689.75,2300.45,2680.5,2291.7,2660,2289.25,2626.85,2290.7,2599.05,2311.2,2568.8,2347.3,2544.4,2381.95,2535.6,2405.85,2543.4,2423.4,2563.4,2433.15,2603.9,2436.1,2632.2,2409.75,2668.8,2385.85,2683.4,2366.3,2695.6,2334.6,2700.5
5-95,Uninfected,No_comment,Polygon,17,2168.25,2758.05,2196.1,2723.4,2224.85,2700,2254.6,2687.8,2285.35,2692.7,2305.35,2703.9,2313.15,2726.85,2319.5,2757.55,2313.65,2792.7,2294.15,2819.05,2268.75,2847.35,2251.2,2857.55,2218.05,2858.05,2191.2,2851.7,2179.5,2840.5,2172.2,2814.15,2168.25,2783.9
5-96,Uninfected,No_comment,Polygon,20,2118.5,2614.65,2123.4,2603.4,2138.5,2582.95,2163.9,2572.2,2183.9,2572.7,2207.3,2581.45,2228.3,2599.05,2237.05,2614.65,2241.45,2637.55,2234.6,2667.3,2205.85,2705.85,2180.95,2727.3,2164.85,2733.65,2143.9,2734.65,2126.3,2720.5,2127.3,2700,2134.15,2678.55,2129.75,2660,2121.45,2642.95,2116.1,2629.3
5-97,Uninfected,No_comment,Polygon,20,2514.15,2528.8,2522.4,2507.8,2542.4,2493.65,2558.5,2487.3,2579,2481,2598.05,2480.5,2614.15,2485.35,2625.85,2495.6,2634.15,2508.3,2639,2537.55,2637.5,2564.4,2633.1,2581,2616.1,2601.95,2590.25,2614.15,2560,2620.5,2539.5,2615.15,2515.6,2603.4,2507.8,2585.35,2507.8,2559.05,2509.75,2549.75
5-98,Uninfected,No_comment,Polygon,18,2303.35,2805.35,2314.15,2831.25,2328.75,2855.6,2352.2,2870.7,2377.55,2876.6,2400.5,2876.1,2415.6,2862.5,2430.25,2838.55,2437.55,2811.7,2444.85,2782.5,2438.5,2756.6,2420.95,2727.8,2402.45,2712.25,2371.2,2702.9,2346.35,2711.7,2321.95,2738.05,2312.6,2761.45,2308.25,2780.95
5-99,Uninfected,No_comment,Polygon,18,2415.1,2878.55,2422.9,2865.4,2431.1,2832.6,2444.85,2807.35,2460.95,2790.3,2486.35,2789.75,2512.2,2784.45,2531.7,2791.7,2547.8,2799.5,2565.85,2826.4,2571.7,2848.35,2566.35,2874.15,2547.3,2906.4,2527.8,2921.95,2493.65,2917.55,2473.15,2907.8,2444.4,2903.45,2419.5,2896.1
5-100,Uninfected,No_comment,Polygon,18,2029.25,2829.3,2037.55,2804.4,2044.85,2790.3,2061.85,2780.45,2082.4,2769.75,2092.15,2762.9,2114.6,2760,2137.05,2769.75,2155.1,2781.45,2167.75,2801.45,2170.2,2840.45,2160.45,2869.3,2145.35,2887.35,2121.45,2894.6,2092.65,2895.1,2063.85,2896.1,2045.35,2885.35,2028.75,2860.45
5-101,Uninfected,No_comment,Polygon,18,1988.25,2718.5,1991.7,2743.4,2007.3,2762.4,2025.35,2771.7,2059.9,2767.8,2080.9,2762.9,2094.1,2750.3,2107.3,2730.7,2117.95,2709.3,2118.95,2685.35,2118.5,2664.85,2108.25,2642.9,2081.45,2619.5,2054.1,2618.05,2034.1,2633.2,2021.45,2650.7,2007.75,2672.65,1990.2,2698.5
5-102,Uninfected,No_comment,Polygon,18,1895.1,2854.15,1895.6,2825.35,1905.35,2800,1931.7,2780.5,1957.55,2772.65,1980.5,2773.15,1997.55,2778.5,2011.7,2788.35,2023.9,2805.85,2035.05,2828.85,2041.4,2849.75,2036.6,2883.9,2026.35,2909.3,1996.1,2926.4,1956.1,2936.1,1926.35,2930.3,1909.75,2905.85,1899.5,2882.45
5-103,Uninfected,No_comment,Polygon,17,1592.65,2735.6,1597.05,2752.15,1609.25,2769.75,1639,2783.85,1664.35,2786.8,1682.4,2779.5,1711.2,2756.55,1726.3,2744.85,1734.6,2712.65,1732.65,2677.55,1717.05,2644.85,1685.85,2610.7,1649.75,2612.15,1625.35,2627.3,1618.5,2657.05,1607.3,2707.3,1593.15,2718
5-104,Uninfected,No_comment,Polygon,19,1708.75,2631.2,1706.3,2608.25,1724.35,2583.85,1743.9,2564.85,1762.9,2553.15,1784.35,2545.35,1798.5,2548.75,1807.3,2574.1,1808.25,2601.9,1805.85,2641.45,1811.2,2685.35,1820.45,2704.85,1812.65,2721.9,1797.05,2733.65,1774.6,2743.4,1748.25,2736.05,1730.15,2716.6,1720.4,2681.95,1714.55,2661.95
5-105,Uninfected,No_comment,Polygon,19,1585.35,2730.2,1561.95,2720.95,1477.05,2638,1470.7,2607.3,1477.55,2592.65,1483.9,2569.25,1491.2,2530.7,1508.25,2519.95,1545.35,2513.65,1575.6,2502.9,1594.15,2501.9,1600.45,2518.5,1599.5,2546.3,1610.7,2580.45,1627.3,2609.75,1633.1,2642.95,1625.8,2683.9,1612.6,2718.05,1598.45,2728.8
5-106,Uninfected,No_comment,Polygon,23,1799.95,2551.75,1805.35,2540.45,1822.9,2535.6,1837.55,2532.65,1855.1,2529.25,1870.7,2523.4,1909.25,2515.1,1923.4,2520.95,1928.75,2536.05,1930.7,2568.25,1929.85,2590.4,1918.6,2606.5,1909.35,2620.65,1914.15,2646.8,1910.7,2665.35,1900.95,2680.45,1882.4,2696.05,1852.65,2703.85,1828.75,2699,1812.65,2674.1,1806.25,2643.4,1805.3,2613.2,1807.25,2591.75
5-107,Uninfected,No_comment,Polygon,23,1915.6,2511.7,1927.8,2493.2,1940.95,2473.2,1949.75,2454.2,1952.65,2423.4,1945.35,2394.2,1941.95,2376.55,1964.35,2374.2,1994.15,2376.55,2009.75,2400.95,2016.55,2420.45,2035.1,2438.05,2042.9,2457.05,2040.45,2486.8,2036.55,2512.25,2040.95,2541.95,2029.3,2549.45,1994.15,2539,1967.35,2542.2,1940.95,2553.65,1930.65,2561,1924.3,2545.45,1920.9,2525.45
5-108,Uninfected,No_comment,Polygon,17,2041.95,2523.4,2039.5,2498.55,2045.35,2472.65,2051.2,2453.2,2069.75,2439.5,2095.6,2432.25,2122.9,2430.7,2135.6,2437.55,2152.65,2461.45,2164.35,2492.65,2155.6,2529.3,2150.7,2550.7,2138.5,2566.8,2117.55,2576.55,2089.75,2577.55,2068.25,2573.65,2049.25,2556.1
5-109,Uninfected,No_comment,Polygon,19,1787.8,2525.35,1786.3,2505.85,1789.25,2479.5,1798.05,2450.7,1802.9,2430.7,1831.7,2409.75,1856.55,2393.65,1874.6,2387.8,1890.7,2384.85,1901.45,2385.35,1918.5,2390.7,1935.1,2402.45,1950.7,2425.35,1946.3,2465.9,1927.3,2494.25,1901.45,2505.85,1869.25,2515.6,1830.2,2524.4,1804.85,2528.75
5-110,Uninfected,No_comment,Polygon,16,1675.1,2472.65,1686.3,2441.45,1697.05,2425.35,1721.95,2418.5,1744.35,2419,1779.5,2431.25,1795.6,2450.7,1787.8,2513.2,1779.45,2546.85,1740.4,2568.8,1710.2,2596.55,1688.25,2602.45,1674.6,2588.75,1669.75,2562.9,1663.4,2530.7,1670.2,2500
5-111,Uninfected,No_comment,Polygon,24,1764.4,2348.35,1766.85,2325.4,1781.05,2307.35,1806.85,2298.55,1832.7,2293.2,1843,2287.8,1854.2,2278.55,1868.8,2271.25,1876.15,2266.4,1886.85,2260.5,1901.95,2253.65,1915.2,2264.45,1925.35,2283.9,1931.7,2302.9,1926.35,2333.65,1915.2,2361.95,1894.65,2374.2,1862.45,2387.8,1847.8,2396.6,1837.05,2408.35,1817.15,2406.4,1795.6,2399.5,1775.2,2386.4,1769.75,2376.15
5-112,Uninfected,No_comment,Polygon,26,1899.5,2243.9,1911.25,2222.9,1919.1,2193.65,1917.55,2185.4,1941.05,2184.85,1951.3,2187.8,1959.5,2185.4,1970.75,2183.9,1985.35,2181.45,1996.15,2182.45,2004.9,2181.45,2008.35,2189.75,2014.65,2200,2024.4,2220,2034.65,2234.2,2042.45,2253.2,2038.55,2269.3,2032.7,2283.45,2023.4,2307.35,1999.5,2318.05,1975.6,2321.95,1951.7,2317.05,1936.6,2311.25,1931.7,2296.6,1920.05,2268.35,1901.45,2250.7
5-113,Uninfected,No_comment,Polygon,19,1780,2302.4,1776.1,2278,1784.85,2245.8,1790.7,2222.4,1792.65,2191.7,1790.25,2170.2,1802.4,2137.05,1815.1,2120.45,1843.4,2130.2,1865.85,2141.9,1890.25,2149.25,1904.85,2163.4,1915.6,2178,1919,2204.9,1895.6,2245.8,1878.5,2263.5,1840,2288.35,1808.75,2301.05,1787.3,2303.95
5-114,Uninfected,No_comment,Polygon,17,1703.6,2262.3,1695.75,2241.9,1684.25,2208.4,1695.75,2165.45,1724,2139.25,1738.7,2118.3,1765.4,2102.1,1775.35,2092.15,1781.65,2122.5,1790,2139.8,1787.35,2183.75,1783.75,2228.8,1776.85,2270,1773.25,2302.6,1756.5,2309.4,1740.75,2296.35,1724.55,2285.85
5-115,Uninfected,No_comment,Polygon,20,1506.25,2113.6,1502.6,2133.5,1503.65,2153.45,1507.3,2179.6,1509.95,2205.75,1508.35,2223.55,1514.65,2252.9,1525.65,2276.95,1543.95,2290.65,1566.5,2287.95,1592.15,2276.45,1607.3,2259.15,1617.8,2241.35,1622,2217.3,1615.15,2187.45,1591.1,2149.75,1571.7,2123.05,1549.75,2103.65,1532.95,2096.85,1517.25,2102.65
5-116,Uninfected,No_comment,Polygon,21,1561.75,2108.45,1567,2087.95,1564.4,2073.85,1575.4,2059.15,1593.7,2052.35,1600,2040.85,1603.65,2024.1,1619.9,2028.8,1643.45,2041.9,1662.8,2050.25,1674.35,2064.4,1690.05,2094.75,1700,2114.15,1705.25,2142.4,1698.9,2178,1686.35,2204.7,1658.1,2214.15,1631.4,2212.55,1607.8,2193.7,1584.75,2158.6,1570.1,2126.65
5-117,Uninfected,No_comment,Polygon,13,1335.6,2281.2,1314.15,2273.85,1301.05,2251.3,1290.55,2224.6,1295.8,2193.75,1311.5,2170.15,1335.6,2156.55,1365.45,2151.3,1397.35,2178.55,1410.45,2210.5,1406.25,2242.4,1395.3,2261.8,1373.8,2273.3
5-118,Uninfected,No_comment,Polygon,16,1569.6,2362.85,1570.15,2334.05,1578,2304.2,1595.8,2287.45,1623.05,2278.55,1657.05,2278.55,1675.9,2289.55,1687.95,2311.55,1697.35,2335.65,1701.55,2360.2,1690.05,2385.35,1674.35,2405.25,1641.35,2417.3,1616.75,2417.3,1587.95,2406.8,1574.85,2394.75
5-119,Uninfected,No_comment,Polygon,16,1383.75,2411,1365.95,2393.2,1362.3,2344,1373.8,2308.95,1388.45,2279.6,1398.4,2266.5,1416.2,2283.25,1454.45,2300.05,1482.2,2312.6,1507.85,2329.35,1515.7,2360.2,1506.25,2382.75,1494.25,2411,1470.65,2422.5,1442.9,2423.55,1409.4,2426.2
5-120,Uninfected,No_comment,Polygon,16,1402.6,2267.05,1409.4,2233.5,1405.75,2195.85,1415.15,2172.3,1431.4,2149.75,1444.5,2127.75,1460.2,2103.15,1481.65,2117.85,1494.25,2142.95,1501.55,2192.15,1512.5,2234.5,1526.65,2278.5,1510.45,2307.35,1490.05,2315.2,1443.4,2297.95,1420.35,2283.8
5-121,Uninfected,No_comment,Polygon,17,2006.8,2379.05,2011.5,2344.55,2029.85,2314.65,2049.75,2298.45,2078.55,2289,2102.6,2290.65,2123.55,2301.05,2140.3,2318.4,2152.85,2346.1,2158.1,2377.5,2151.3,2401.05,2128.25,2419.9,2099.5,2431.8,2064.4,2434.05,2035.05,2429.85,2014.55,2412.3,2008.35,2393.2
5-122,Uninfected,No_comment,Polygon,17,1452.85,2010.5,1456,1953.4,1466.45,1929.35,1481.1,1908.4,1501,1892.7,1518.3,1882.2,1542.35,1889,1567,1910.5,1576.9,1927.75,1589.95,1968.4,1591.05,2008.4,1582.7,2036.65,1565.95,2056.55,1541.8,2063.9,1515.65,2060.2,1489,2050.75,1469.55,2033.5
5-123,Uninfected,No_comment,Polygon,15,1345.05,2143.95,1326.7,2126.15,1316.75,2095.2,1319.35,2063.85,1334.55,2027.2,1358.65,2003.6,1382.7,1998.4,1434.55,2015.65,1456,2039.25,1468.6,2072.2,1465.45,2103.05,1442.9,2139.35,1415.7,2162.8,1393.2,2165.4,1366.45,2154.45
5-124,Uninfected,No_comment,Polygon,18,1521.95,1683.75,1507.3,1694.7,1493.7,1716.2,1479,1750.7,1469.1,1783.75,1479,1810.95,1492.1,1841.3,1507.3,1855.45,1523.55,1862.25,1545.55,1869.55,1562.2,1865.2,1573.75,1853.2,1581.05,1832.8,1582.7,1808.35,1575.9,1779,1565.95,1747.1,1556.5,1710.95,1539.25,1682.15
5-125,Uninfected,No_comment,Polygon,17,1530.35,1673.25,1533.45,1640.25,1539.25,1617.75,1571.7,1606.75,1602.6,1617.75,1619.35,1648.1,1641.35,1679.55,1654.45,1694.15,1663.85,1718.3,1656,1745.5,1650.25,1782.15,1643.45,1801,1619.85,1803.6,1590.55,1790.55,1581.15,1779,1547.6,1709.4,1535.55,1683.25
5-126,Uninfected,No_comment,Polygon,16,1454.45,1678.45,1438.7,1662.8,1425.65,1639.7,1422.5,1613,1431.9,1592.65,1443.95,1585.8,1453.4,1579.55,1453.4,1549.65,1470.65,1540.75,1497.9,1545,1519.85,1562.25,1537.15,1595.75,1537.65,1635.6,1518.3,1660.65,1500,1673.8,1474.3,1679
5-127,Uninfected,No_comment,Polygon,18,1587.35,1602,1591.1,1579.55,1602.05,1564.35,1619.35,1552.85,1637.65,1545,1658.55,1539.05,1684.7,1553.75,1706.7,1570.5,1723,1593.65,1736.65,1620.85,1740.3,1646.05,1732.45,1664.35,1707.3,1691.6,1678.45,1695.2,1650.25,1686.3,1625.6,1662.8,1602.6,1617.25,1592.65,1609.9
5-128,Uninfected,No_comment,Polygon,20,1623,1806.75,1627.75,1821.9,1635,1834.35,1657.55,1847.1,1674.85,1868.5,1686.35,1880.6,1709.95,1887.9,1729.3,1880.05,1743.4,1859.6,1760.2,1810.95,1767,1785.25,1752.85,1764.9,1734.55,1754.95,1708.9,1741.3,1682.2,1733.45,1658.1,1735.55,1649.7,1748.05,1643.95,1766.9,1636.65,1790.5,1628.75,1794.15
5-129,Uninfected,No_comment,Polygon,20,1731.4,1746.55,1729.3,1731.35,1728.25,1707.8,1734,1683.2,1745,1668,1772.75,1654.4,1794.75,1645,1806.2,1639.7,1816.75,1638.65,1826.7,1646.55,1852.85,1666.4,1864.9,1701,1868.05,1737.65,1853.9,1758.55,1850.25,1788.4,1842.4,1802.55,1820.9,1811.5,1785.85,1804.1,1768.55,1791.05,1750.65,1773.25
5-130,Uninfected,No_comment,Polygon,17,1742.4,1880.05,1742.4,1865.4,1756.5,1837.15,1776.4,1818.3,1802.6,1819.35,1825.65,1828.25,1845,1842.35,1863.35,1864.35,1870.1,1895.2,1862.8,1928.75,1849.2,1949.65,1825.65,1961.2,1793.15,1959.1,1772.25,1951.75,1753.9,1935.05,1742.4,1912.5,1739.25,1896.8
5-131,Uninfected,No_comment,Polygon,14,1992.1,1788.45,1998.4,1830.35,2004.15,1862.8,2009.4,1907.3,2003.65,1949.2,1996.25,1970.15,1970.1,2012.55,1950.25,1980.6,1930.35,1950.25,1918.3,1913.1,1921.45,1868.55,1929.8,1842.9,1941.8,1817.25,1975.9,1783.75
5-132,Uninfected,No_comment,Polygon,19,2254.2,1379,2260.75,1356.95,2276.15,1338.3,2286.9,1324.75,2312.15,1313.55,2327.55,1321.05,2339.7,1337.4,2356.55,1368.65,2374.75,1399.5,2384.6,1439.7,2370.1,1477.6,2351.4,1500,2332.7,1504.15,2305.6,1500.9,2294.85,1490.6,2284.1,1462.6,2272.9,1444.8,2263.1,1428.5,2252.8,1399.05
5-133,Uninfected,No_comment,Polygon,24,2313.1,1306.1,2327.55,1292.05,2338.8,1274.3,2346.25,1262.6,2364.5,1259.75,2380.85,1258.35,2396.75,1258.9,2405.6,1265.4,2413.55,1280.4,2423.35,1300.9,2434.1,1313.1,2457,1327.1,2476.15,1342.05,2476.65,1364,2481.3,1389.15,2489.25,1411.65,2488.3,1421.95,2472.45,1425.2,2441.6,1428,2402.35,1432.65,2388.8,1434.6,2355.55,1387.85,2325.2,1341.1,2310.75,1311.2
5-134,Uninfected,No_comment,Polygon,22,2367.75,1495.8,2379.45,1467.25,2389.25,1441.15,2403.25,1433.65,2434.15,1429.4,2469.65,1428.5,2495.8,1436.45,2507,1450,2516.85,1465.3,2527.6,1477.45,2542.55,1495.8,2546.75,1516.85,2535.5,1539.75,2515.45,1558.4,2493.45,1567.25,2468.7,1561.2,2450.95,1549.5,2441.6,1525.7,2425.25,1509.35,2403.25,1509.8,2391.6,1509.8,2368.25,1503.3
5-135,Uninfected,No_comment,Polygon,24,2413.1,1267.75,2413.1,1249.55,2415.9,1243.45,2423.35,1236.9,2435.5,1227.55,2441.6,1222.45,2451.4,1207.9,2457.5,1201.85,2469.15,1198.15,2480.4,1196.2,2500,1194.35,2509.8,1199,2522.45,1209.3,2535.5,1224.75,2549.55,1264.45,2552.8,1281.25,2545.8,1304.7,2528.05,1320.05,2508.9,1327.1,2468.25,1330.8,2444.9,1319.6,2429.9,1307,2416.35,1288.85,2415.4,1278.5
5-136,Uninfected,No_comment,Polygon,21,2527.1,1328,2532.25,1319.65,2537.85,1305.1,2548.15,1282.15,2565.9,1265.85,2576.2,1259.75,2591.15,1251.85,2618.7,1238.8,2636.45,1243.45,2652.35,1249.55,2663.1,1271.9,2675.7,1303.7,2679.45,1321.9,2665.9,1331.25,2648.6,1345.75,2623.35,1358.35,2608.4,1364.45,2593,1362.6,2572.4,1358.75,2549.5,1354.55,2531.3,1341
5-137,Uninfected,No_comment,Polygon,19,2161.7,1487.35,2158.9,1465.45,2169.6,1434.6,2179.9,1413.55,2196.75,1406.1,2221.05,1400,2236.9,1406.1,2255.6,1421.5,2263.5,1432.2,2278.45,1452.3,2287.8,1474.3,2290.2,1503.3,2282.7,1528.45,2260.75,1549.05,2232.25,1559.8,2211.7,1558.9,2196.25,1548.6,2177.55,1538.75,2163.55,1503.3
5-138,Uninfected,No_comment,Polygon,18,2100.45,1286,2107.45,1277.1,2121.95,1268.65,2144.85,1261.7,2166.35,1263.1,2185.5,1269.1,2203.75,1284.05,2217.75,1306.95,2222.9,1335.5,2219.15,1364.95,2205.15,1385.5,2176.15,1394.8,2148.15,1392,2119.6,1384.6,2105.6,1370.05,2093.45,1339.7,2091.6,1318.25,2094.4,1303.7
5-139,Uninfected,No_comment,Polygon,19,2205.6,1170.1,2201.85,1193.9,2200.45,1220.55,2201.85,1244.85,2212.6,1272.45,2225.7,1295.8,2240.25,1308.4,2271.5,1308.9,2293.95,1306.55,2318.25,1294.4,2335.05,1274.75,2342.05,1251.85,2338.85,1230.35,2331.35,1213.55,2313.55,1200.45,2289.75,1190.65,2267.75,1177.55,2242.05,1168.2,2214.95,1163.55
5-140,Uninfected,No_comment,Polygon,19,2351.25,1142.85,2344.8,1157.15,2348.95,1179.8,2351.25,1193.1,2355.4,1209.7,2364.6,1221.7,2376.15,1230.45,2391.35,1233.7,2413.45,1234.1,2431.9,1224.9,2445.7,1212.9,2454.95,1190.8,2459.6,1177.85,2455.45,1150.7,2442.55,1135.95,2429.15,1126.3,2399.2,1122.15,2381.65,1125.35,2365.05,1132.75
5-141,Uninfected,No_comment,Polygon,19,2057.25,1148,2063.7,1133.2,2071.95,1122.6,2082.55,1115.2,2103.75,1111.55,2135.1,1122.6,2159.05,1133.2,2172.45,1149.35,2181.2,1162.25,2184.9,1188.05,2190.4,1209.7,2181.65,1232.8,2165.05,1242.45,2142.5,1253.05,2115.75,1252.1,2100.1,1241.95,2082.55,1224.9,2066,1197.25,2055.85,1165.95
5-142,Uninfected,No_comment,Polygon,22,1964.6,1247.5,1970.1,1224.5,1976.6,1201.9,1997.3,1181.6,2015.75,1174.65,2026.8,1172.35,2044.8,1179.8,2057.7,1190.8,2066.45,1203.7,2085.35,1241.05,2089.95,1254.4,2087.2,1278.85,2085.8,1310.2,2077.5,1320.3,2059.55,1330.9,2039.7,1338.3,2018.95,1332.8,1996.85,1324.45,1983.95,1311.1,1977.5,1299.1,1966.9,1279.3,1964.6,1263.15
5-143,Uninfected,No_comment,Polygon,36,2193.2,1076.5,2189.5,1090.35,2193.2,1106.5,2195.5,1124.9,2194.1,1137.8,2199.15,1144.25,2209.75,1147.5,2217.6,1156.3,2225.9,1163.15,2243.8,1168.3,2260.4,1174.25,2272,1173.75,2279.35,1176.05,2289.5,1183.95,2303.8,1181.1,2310.7,1175.65,2317.15,1174.25,2330.05,1177,2338.35,1172.35,2335.6,1159,2344.8,1147,2357.7,1131.85,2366,1119.35,2361.85,1105.1,2350.35,1094,2341.1,1079.75,2332.8,1069.6,2325.45,1064.1,2315.3,1057.15,2299.65,1059.45,2282.6,1068.25,2265.05,1066.85,2252.65,1070.5,2238.35,1074.7,2214.85,1072.8,2205.6,1067.75
5-144,Uninfected,No_comment,Polygon,26,2336.95,893.6,2354.5,838.3,2361.85,829.55,2369.25,844.75,2379.85,860.85,2398.7,889.45,2411.65,903.75,2421.3,913.4,2434.65,935.05,2439.3,962.25,2434.2,991.3,2425.9,1025.85,2425.45,1039.2,2422.7,1050.3,2413,1057.65,2396.4,1059.05,2387.65,1054.9,2373.85,1057.65,2355.85,1052.1,2336.95,1038.3,2327.3,1023.55,2329.6,1004.65,2341.1,984.85,2343.9,960.4,2339.75,931.4,2334.2,908.8
5-145,Uninfected,No_comment,Polygon,24,2439.3,932.75,2449.4,918,2465.1,906.5,2481.7,898.65,2496.9,888.05,2505.65,894.5,2506.1,909.7,2508.85,935.55,2519.95,957.65,2531.45,970.1,2544.8,984.85,2554.95,998.2,2564.65,1008.35,2570.15,1032.3,2557.25,1051.65,2540.2,1062.25,2514.85,1061.35,2499.65,1060.9,2475.7,1060.9,2453.55,1054.45,2436.05,1041.5,2429.1,1016.2,2429.1,981.15,2431.85,951.65
5-146,Uninfected,No_comment,Polygon,19,2223.15,962.25,2216.25,941.5,2218.05,900.5,2225.45,883.45,2234.2,875.6,2248.5,871,2283.5,866.85,2298.25,871.45,2313,882.55,2324.55,897.3,2334.65,912.5,2342.45,930.9,2339.25,983.45,2325.9,994.5,2301.95,1000.95,2281.65,1006.05,2265.55,1004.65,2248.5,996.35,2232.8,980.7
5-147,Uninfected,No_comment,Polygon,24,2159.55,1068.25,2148,1058.1,2139.7,1041.05,2135.1,1022.15,2146.65,1004.2,2158.15,992.2,2189.95,981.6,2205.15,971.95,2224.5,963.65,2235.6,989,2253.1,998.65,2274.3,1008.35,2290.9,1010.2,2304.25,1024.95,2308.4,1040.6,2301,1056.75,2284.45,1065.5,2260.95,1066.85,2249.4,1065.5,2233.75,1071.95,2215.3,1068.7,2200.1,1065.05,2185.35,1071.95,2172,1071.95
5-148,Uninfected,No_comment,Polygon,21,2013,971.95,2017.6,960.4,2024.05,953.5,2040.65,943.8,2056.3,943.35,2070.6,951.2,2089.05,964.55,2099.15,973.3,2110.25,984.85,2123.6,1005.1,2128.65,1028.6,2130.05,1055.35,2116.7,1081.6,2100.1,1090.35,2066.9,1091.3,2045.7,1086.25,2030.95,1075.65,2019.9,1056.75,2011.6,1037.4,2005.15,1016.65,2007.45,995
5-149,Uninfected,No_comment,Polygon,26,2523.95,830.3,2517.65,847.5,2516.75,873.75,2512.25,900.9,2516.75,928.05,2527.6,943,2546.1,960.2,2558.4,971.5,2576.5,982.8,2603.65,989.6,2614.9,984.15,2624.45,976,2638,954.3,2640.75,938.5,2635.3,920.4,2625.8,901.8,2613.6,885.95,2603.2,867.4,2598.65,849.3,2602.75,829.4,2601.8,817.65,2593.7,808.15,2580.1,800.45,2564.75,799.55,2540.75,805,2528.55,813.1
5-150,Uninfected,No_comment,Polygon,18,2075.05,915.4,2078.75,875.15,2098.15,849.75,2118.1,837.1,2141.65,838,2166,847.5,2185.05,860.65,2199.55,871.95,2209.5,890.05,2216.85,911.15,2209.05,948.85,2202.7,967.9,2187.8,978.75,2155.2,984.6,2115.85,982.35,2093.6,964.25,2078.75,943.9,2076,933.05
5-151,Uninfected,No_comment,Polygon,21,2070.15,714.9,2071.95,734.35,2079.65,756.55,2086,780.95,2092.35,793.65,2100.95,816.25,2112.25,828.05,2129.45,834.35,2150.7,834.35,2166.55,829.85,2177.4,823.5,2189.6,804.05,2196.4,753.35,2186.9,715.8,2174.7,700.9,2159.3,684.15,2142.55,674.2,2130.8,671,2111.8,671.9,2096.4,679.6,2085.55,689.1
5-152,Uninfected,No_comment,Polygon,22,1933.95,611.3,1953.85,595.45,1976.95,584.15,2007.25,580.5,2025.35,583.25,2056.6,596.35,2070.15,608.1,2079.2,623.5,2085.55,640.7,2086,661.5,2076.5,678.25,2055.25,694.55,2039.85,695.9,2014.05,692.75,1990.05,689.55,1967.45,690.95,1951.15,696.8,1936.65,693.2,1924,687.75,1915.4,675.55,1913.15,657.45,1923.1,629.85
5-153,Uninfected,No_comment,Polygon,25,2192.8,728.95,2193.25,719,2202.75,704.5,2210.45,699.05,2238.05,695.45,2255.25,702.25,2263.85,719.45,2271.5,737.1,2277.85,752,2290.55,780.5,2302.3,792.75,2306.35,806.3,2300.05,828.05,2291.9,840.7,2272.9,851.1,2243.45,859.7,2219.95,861.95,2201.4,855.65,2193.25,849.3,2186,833.9,2187.35,820.35,2185.05,806.25,2184.6,789.05,2183.7,766.9,2190.45,743.8
5-154,Uninfected,No_comment,Polygon,28,1948,717.6,1944.35,734.35,1944.35,751.55,1951.15,763.35,1964.75,768.75,1981,781.9,1995.5,803.6,2005.9,823.05,2015.4,836.2,2026.25,849.75,2036.65,861.05,2047.55,867.85,2066.1,868.3,2081.45,864.7,2091.8,856.6,2094.15,841.6,2092.8,821.25,2086.9,795.45,2079.2,776.9,2071.95,750.65,2068.35,731.65,2062.9,718.55,2040.3,709.95,2017.2,708.1,2001.85,703.6,1981.45,697.25,1963.8,696.35,1951.6,703.15
5-155,Uninfected,No_comment,Polygon,24,2257.5,696.35,2257.5,674.2,2258.85,657.9,2269.25,637.1,2282.4,620.35,2293.7,613.55,2316.3,608.55,2333.5,614,2348.9,621.7,2360.65,633.45,2367.9,640.7,2376.5,668.75,2381.95,690.95,2390.1,710.85,2390.1,728.05,2375.6,749.3,2368.8,764.7,2362,776,2347.55,782.35,2335.3,785.05,2310.9,780.95,2292.35,769.65,2277.4,749.3,2259.3,708.15
5-156,Uninfected,No_comment,Polygon,19,2001.4,540.25,1990.5,532.55,1979.2,515.8,1965.2,479.6,1961.55,455.6,1973.8,429.35,1987.8,414,2010.9,404.95,2024,406.75,2035.75,414.45,2061.55,433.9,2072.45,443.4,2080.1,453.8,2088.7,474.6,2090.05,503.15,2075.15,533.9,2059.75,541.15,2040.3,546.1,2020.85,547.95
5-157,Uninfected,No_comment,Polygon,19,2148,473.25,2150.25,511.25,2152.95,550.65,2159.3,585.5,2170.15,613.05,2186.45,641.15,2198.2,655.6,2220.85,663.75,2244.4,655.15,2253.45,642.05,2262.5,620.35,2267.9,572.35,2257.5,523.95,2249.8,485.5,2242.1,463.75,2218.6,447,2196.85,439.8,2178.3,437.95,2158.85,447.9
5-158,Uninfected,No_comment,Polygon,19,1843,429.8,1854.75,396.35,1855.7,364.2,1864.3,344.75,1882.85,333.9,1914.5,330.25,1933.95,332.55,1953.85,343.85,1966.1,368.75,1978.3,394.55,1984.7,416.75,1967.95,451.15,1952.5,470.1,1930.8,481.85,1913.15,485.95,1894.15,495.9,1894.6,483.2,1874.25,456.5,1862.45,447.45
5-159,Uninfected,No_comment,Polygon,20,2230.8,433,2247,423.95,2255.65,411.25,2261.5,387.3,2281,364.65,2330.35,285.95,2316.75,282.25,2292.25,283.65,2262,292.7,2232.15,289.1,2218.55,284.1,2195.95,290,2164.7,317.6,2159.3,337.95,2166.95,357.4,2175.55,376.9,2180.55,392.7,2189.6,412.65,2199.1,425.75,2206.75,432.55
5-160,Uninfected,No_comment,Polygon,18,2023.55,216.75,2029.45,201.8,2037.1,190.95,2062.9,176.9,2089.15,176.9,2114.05,184.6,2132.6,200,2148.4,227.15,2159.75,248.85,2161.15,300.9,2138.45,316.3,2122.65,319.9,2095.95,316.75,2077.85,311.3,2057.9,303.6,2043.5,288.25,2031.65,270.15,2021.25,247.05
5-161,Uninfected,No_comment,Polygon,25,1999.1,395.9,1987.35,381.45,1977.85,353.4,1971.1,329.4,1969.7,299.1,1973.75,274.2,1981,262.9,2003.6,260.6,2019,263.85,2029.45,272.4,2040.25,290.05,2058.35,307.7,2074.25,317.65,2096.4,323.1,2110,327.65,2123.55,336.7,2138.9,354.35,2144.8,395.05,2143.45,417.65,2124.5,432.55,2102.25,445.3,2076,443.45,2052.1,429.85,2035.3,415.9,2009.95,401.8
5-162,Uninfected,No_comment,Polygon,26,2381.9,360.15,2394.1,350.7,2414.9,339.35,2430.75,325.35,2446.55,299.1,2455.2,282.35,2470.55,274.6,2481.45,281.45,2490.05,289.6,2498.15,310.35,2503.15,328,2511.75,339.8,2522.65,356.05,2535.3,371.5,2539.85,391.4,2539.35,409.5,2537.05,428,2538.45,440.3,2518.55,446.1,2495.95,440.3,2473.7,430.3,2457,422.2,2431.7,415.8,2405.85,408.6,2395.95,398.65,2385.5,387.3
5-163,Uninfected,No_comment,Polygon,27,2264.7,401.3,2262.4,416.75,2268.8,434.4,2277.85,463.35,2274.6,478.25,2293.6,489.15,2301.3,490.05,2317.65,496.35,2336.2,495.95,2358.85,490.5,2369.65,477.85,2378.3,467.9,2383.65,448.85,2389.55,427.15,2397.7,409.05,2399.5,393.55,2393.15,374.6,2375.55,355.2,2361.05,340.75,2344.8,318.95,2334.8,306.75,2331.7,305.85,2325.75,315.8,2318.1,331.2,2303.15,342.95,2284.1,364.65,2274.15,380.1
5-164,Uninfected,No_comment,Polygon,18,2338.85,297.25,2333.05,267.4,2330.3,253.85,2350.25,225.8,2378.7,207.2,2399.55,190.95,2409.9,191.4,2426.25,198.65,2441.65,227.6,2456.5,247.45,2461.5,277.8,2447.9,302.7,2430.75,323.95,2409.9,336.2,2389.1,341.65,2375.55,338.45,2354.25,330.25,2345.65,318
5-165,Uninfected,No_comment,Polygon,19,2489.6,271.5,2495.05,241.65,2504.55,213.1,2516.25,194.1,2532.15,184.1,2551.1,179.15,2570.55,179.6,2581.9,187.35,2591.8,198.65,2601.8,215.35,2609.05,233.45,2612.7,272.85,2608.15,296.8,2576.95,342.5,2553.4,351.1,2533.9,347.5,2519.4,337.95,2509.9,315.8,2502.25,297.25
5-166,Uninfected,No_comment,Polygon,20,2391,533,2386.9,516.75,2378.75,493.2,2379.6,458.75,2395.5,429.85,2407.25,416.3,2434.35,415.75,2460.2,427.15,2489.6,443.45,2516.75,457.45,2530.8,483.25,2539.4,501.35,2538.95,519.9,2536.7,540.25,2526.25,561.1,2510.9,572.4,2480.1,571.95,2457.05,570.15,2429,564.7,2408.15,550.2
5-167,Uninfected,No_comment,Polygon,19,2380.15,586.45,2387.85,570.15,2405,562,2420.4,562.9,2438.95,569.25,2462.5,579.65,2481.05,587.8,2491.45,595.9,2499.6,614,2497.35,643,2483.3,670.15,2460.25,692.3,2440.3,704.95,2421.75,705.45,2399.15,695.9,2381.05,676.5,2374.7,655.2,2364.3,629.4,2367.9,604.95
5-168,Uninfected,No_comment,Polygon,20,2365.65,779.15,2365.65,802.25,2368.35,826.2,2376.95,845.65,2400.5,865.15,2416.3,877.8,2436.25,893.2,2451.15,897.65,2463.4,890.9,2479.65,878.7,2493.25,860.6,2501.85,843.35,2500.5,821.2,2494.6,796.35,2479.2,774.2,2462.05,751.55,2435.8,728,2401.85,726.2,2380.1,736.15,2369.25,760.6
5-169,Uninfected,No_comment,Polygon,19,2442.1,726.65,2443,711.75,2453.9,691.85,2469.7,666.1,2486,643.45,2503.2,635.7,2521.3,635.7,2531.7,642.95,2541.65,657.45,2553.9,678.25,2562.95,708.1,2569.25,729.4,2565.2,756.1,2555.25,780.5,2539.85,791.8,2516.8,798.1,2487.35,791.75,2464.75,783.65,2449.8,763.75
5-170,Uninfected,No_comment,Polygon,23,2753,1001.35,2735.8,994.55,2711.35,989.1,2695.1,976,2686.5,947.5,2689.15,915.35,2691.85,894.1,2721.8,878.25,2746.15,867.4,2771.1,857.45,2790.95,855.2,2805,855.65,2818.55,864.7,2825.4,878.7,2820.4,901.35,2820.4,920.35,2829.45,940.7,2835.75,951.1,2831.7,968.75,2819,980.05,2808.2,989.1,2786.45,996.8,2769.25,998.6
5-171,Uninfected,No_comment,Polygon,17,2826.7,871.9,2833.95,852.45,2852.05,837.1,2886.45,818.5,2907.3,817.15,2924.45,829.4,2937.6,847.5,2948.95,870.55,2951.15,899.95,2933.05,932.55,2910.9,951.55,2884.2,960.15,2856.6,962.85,2843,952.9,2827.15,938.5,2821.35,905.45,2822.65,889.15
5-172,Uninfected,No_comment,Polygon,22,2764.25,854.7,2749.4,842.05,2743,833,2733.5,811.75,2729.45,793.65,2739.9,766.05,2753,742.95,2771.1,729.4,2784.65,724.4,2806.35,724.85,2821.35,727.1,2841.65,735.7,2852.05,744.75,2861.6,760.6,2871.1,785.5,2872.4,800.4,2868.35,819.45,2861.05,836.6,2838,851.95,2822.25,862.4,2790.95,864.3,2771.55,860.65
5-173,Uninfected,No_comment,Polygon,29,2879.7,966.5,2874.25,981.4,2865.65,990.95,2860.2,1009.05,2868.35,1023.05,2870.15,1035.25,2881.9,1043.85,2892.35,1047.05,2902.3,1047.05,2914.5,1052.45,2930.85,1062.85,2941.65,1072.85,2950.7,1069.2,2957.55,1062.4,2959.75,1046.15,2966.15,1028.5,2971.5,1005.85,2982.35,988.2,2999.55,984.15,3010,969.2,3007.7,934.35,3000,913.1,2987.8,896.8,2963.35,887.75,2944.3,885,2935.25,898.1,2923.95,917.55,2910.85,941.1,2895.45,954.2
5-174,Uninfected,No_comment,Polygon,17,2770.2,1124.05,2754.8,1115.45,2740.75,1096.9,2735.8,1059.3,2743.05,1024.95,2757.05,1004.1,2777.4,991.9,2796.9,986.05,2821.3,990.95,2846.65,1001.4,2861.15,1022.2,2867,1044.35,2856.6,1073.8,2845.75,1097.8,2835.35,1114.55,2819.5,1126.25,2798.7,1129
5-175,Uninfected,No_comment,Polygon,17,2834.9,1116.45,2836.25,1137.6,2854.35,1160.7,2883.3,1183.3,2905.05,1191,2919.05,1186.45,2935.8,1179.25,2946.65,1166.55,2957.95,1149.35,2958.4,1126.7,2955.7,1100.5,2944.85,1079.25,2923.15,1068.85,2895.5,1058.4,2869.75,1057.1,2844.85,1072.55,2833.55,1096.05
5-176,Uninfected,No_comment,Polygon,28,2751.2,1159.3,2753.45,1177.85,2757.05,1201.85,2769.3,1223.55,2781.5,1232.15,2791.45,1242.95,2801.4,1257,2814.1,1276.95,2822.25,1283.75,2835.8,1283.3,2845.75,1278.3,2865.2,1276,2874.7,1277.85,2888.3,1279.15,2899.6,1273.8,2908.65,1266.05,2917.25,1237.1,2915.45,1216.25,2899.6,1204.1,2879.7,1195.05,2861.6,1178.75,2846.65,1161.1,2839.85,1147.55,2829.9,1143,2811.8,1143.85,2798.25,1147.1,2778.8,1146.6,2768.4,1146.6
5-177,Uninfected,No_comment,Polygon,25,2540.3,1095.5,2553.85,1089.15,2571.95,1084.15,2582.3,1079.7,2591.35,1073.8,2598.65,1068.35,2600,1081.9,2600,1102.75,2603.65,1125.8,2612.25,1147.5,2620.8,1166.15,2629.85,1181.45,2637.05,1200,2636.2,1214.55,2627.15,1232.15,2613.45,1243.4,2592.65,1252.9,2568.35,1262,2546.05,1260.55,2534.35,1230.25,2526.25,1210.45,2521.15,1178.75,2516.15,1153.8,2525.2,1115,2529.3,1103.25
5-178,Uninfected,No_comment,Polygon,19,2625.85,1053.85,2622.65,1071.5,2620.4,1100.45,2620.85,1134.4,2629,1161.55,2642.1,1185.95,2665.65,1196.8,2688.3,1196.35,2710,1192.75,2728.1,1186.4,2739.85,1180.1,2748.45,1166.95,2754.8,1143.45,2751.2,1115.35,2738.55,1084.25,2715.9,1056.55,2701.4,1050.2,2668.35,1044.8,2646.2,1047.95
5-179,Uninfected,No_comment,Polygon,19,2917.7,1216.75,2924.05,1202.3,2934,1179.75,2948.9,1169.7,2973.8,1166.5,3001.85,1171,3022.2,1180.05,3039.85,1201.4,3052.1,1221.25,3057.95,1242.95,3054.35,1273.35,3034,1300.95,3011.45,1311.35,2980.6,1318.1,2956.15,1315.35,2935.8,1295.95,2923.1,1279.6,2916.35,1260.2,2917.25,1239.35
5-180,Uninfected,No_comment,Polygon,20,2753,1358.85,2744.85,1377.4,2747.55,1412.25,2755.25,1439.4,2767,1465.15,2779.2,1484.65,2809.1,1510.9,2835.8,1519.95,2854.35,1519.45,2862.5,1514.1,2878.75,1504.1,2885.55,1481.95,2890.1,1452.95,2881.05,1430.35,2863.85,1415.85,2832.6,1390.95,2819.5,1364.3,2802.75,1346.6,2783.3,1339.8,2763.85,1349.35
5-181,Uninfected,No_comment,Polygon,22,2667.9,1486,2672.45,1496.85,2679.7,1513.6,2690.1,1534.85,2705.45,1573.75,2714.5,1586.9,2736.7,1598.65,2758.4,1605.45,2788.3,1594.6,2807.3,1576.05,2814.5,1567,2815.45,1543,2809.55,1519,2793.25,1499.55,2764.3,1471.95,2752.55,1439.85,2745.3,1448.45,2728.1,1462,2707.75,1471.95,2693.25,1475.6,2674.7,1476.95,2666.55,1476.95
5-182,Uninfected,No_comment,Polygon,18,2623.55,1372.4,2620.85,1387.35,2617.35,1413.75,2623.1,1444.35,2642.55,1463.8,2666.1,1472.85,2681.9,1475.6,2717.25,1464.7,2738.45,1454.8,2752,1440.35,2756.15,1421.25,2744.85,1373.3,2740.75,1355.2,2718.15,1341.65,2695.05,1331.7,2662,1340.75,2638.95,1352.95,2629.45,1364.25
5-183,Uninfected,No_comment,Polygon,18,2454.8,1654.35,2457.5,1631.7,2463.85,1602.75,2476.5,1578.25,2501.85,1567.45,2526.75,1571.5,2570.2,1598.2,2580.6,1608.15,2600.05,1637.55,2603.2,1663.4,2592.8,1686.4,2575.15,1701.8,2554.8,1711.35,2527.65,1716.75,2507.3,1710.4,2488.3,1701.8,2472.45,1691.85,2459.75,1669.2
5-184,Uninfected,No_comment,Polygon,19,2345.75,1523.5,2338.95,1537.55,2332.15,1560.6,2331.7,1581.95,2338.5,1604.1,2350.25,1622.65,2372.9,1647.55,2391.45,1655.2,2407.75,1652.5,2426.3,1647.05,2441.2,1636.25,2456.15,1618.15,2462.5,1597.3,2456.15,1568.35,2450.05,1539.15,2438.95,1527.2,2418.6,1514.05,2394.15,1514.45,2359.75,1514.9
5-185,Uninfected,No_comment,Polygon,18,2304.55,1581.5,2323.1,1591.85,2353,1622.5,2366.1,1651.1,2375.6,1690.55,2368.8,1724.9,2354.8,1743.45,2334,1754.75,2305,1762.95,2281.95,1756.1,2262.95,1737.1,2248.9,1717.25,2243.5,1695.9,2242.55,1669.2,2247.1,1647.05,2255.25,1625.35,2266.1,1604.95,2281.05,1590.55
5-186,Uninfected,No_comment,Polygon,21,2382.4,1683.25,2397.35,1666.1,2413.6,1666.55,2444.4,1672.9,2454.8,1675.6,2467.9,1688.7,2484.2,1706.35,2494.6,1714.9,2502.75,1726.3,2500.95,1748,2487.35,1772,2478.3,1788.25,2458.4,1798.7,2436.25,1795.45,2414.95,1786.4,2394.15,1780.1,2379.25,1771.05,2368.35,1756.6,2362.95,1740.3,2366.5,1720.4,2371.5,1702.3
5-187,Uninfected,No_comment,Polygon,21,2427.2,1940.25,2430.8,1915.4,2437.15,1895,2436.25,1878.75,2427.2,1850.7,2422.2,1826.25,2427.2,1806.35,2430.8,1799.55,2444.4,1800.9,2462.05,1804.5,2476.5,1810.4,2492.8,1821.25,2523.6,1851.6,2535.35,1876.9,2534.55,1911.7,2524.05,1947.5,2511.35,1965.6,2485.1,1976.95,2462.05,1976.45,2442.15,1968.8,2433.1,1957
5-188,Uninfected,No_comment,Polygon,17,2350.25,1939.8,2341.2,1928.5,2323.1,1901.8,2319.05,1870.15,2329.95,1836.45,2340.75,1818.1,2360.2,1805,2381.95,1804.5,2397.8,1814.5,2412.7,1827.15,2424.5,1844.8,2433.1,1872.85,2433.1,1901.35,2422.2,1928.95,2405.95,1941.2,2389.65,1947.95,2367.45,1949.3
5-189,Uninfected,No_comment,Polygon,21,2496.45,1785.05,2499.15,1771.05,2505,1749.75,2519.5,1738,2529.9,1725.8,2545.75,1718.55,2558.85,1714.95,2584.2,1722.15,2603.65,1731.2,2623.15,1751.15,2634,1783.7,2634,1809.05,2620.4,1821.7,2597.9,1833,2577.05,1842.95,2555.7,1848.85,2531.7,1851.6,2519.05,1843.9,2505.95,1831.65,2496.9,1821.7,2495.95,1804.05
5-190,Uninfected,No_comment,Polygon,20,2162.45,1928.1,2156.15,1949.35,2155.25,1967.05,2159.75,1988.7,2169.25,2014.5,2194.6,2043,2214.05,2049.8,2228.55,2039.4,2254.15,2021.35,2270.4,2005.05,2279.65,1986.45,2284.2,1966.1,2279.65,1948.45,2263.85,1934.4,2246.75,1922.95,2226.75,1906.8,2215.85,1890.5,2200.95,1901.85,2187.35,1908.6,2177.4,1913.6
5-191,Uninfected,No_comment,Polygon,17,2065.2,1958.85,2048.45,1953.4,2033.95,1942.1,2017.65,1927.6,2006.1,1899.7,2013.6,1872.4,2029.9,1849.8,2058.4,1833.05,2071.05,1827.15,2091.9,1826.7,2124.65,1837.85,2136.4,1858.15,2144.35,1890.5,2141.2,1914.05,2127.2,1938.5,2110,1948,2088.7,1957.5
5-192,Uninfected,No_comment,Polygon,30,2054.8,1978.75,2056.15,1989.6,2064.3,2003.65,2069.25,2017.65,2070.6,2043.45,2068.35,2065.2,2057.05,2092.35,2066.1,2092.35,2073.35,2086.9,2086.9,2085.55,2098.65,2089.15,2117.65,2098.65,2128.1,2108.6,2135.75,2120.85,2146.2,2129.45,2156.15,2129.45,2179.2,2092.35,2191,2082.85,2201.85,2063.35,2197.3,2048.45,2182.8,2030.35,2162,2005.45,2156.6,1983.3,2152.05,1975.15,2134.4,1970.15,2115.4,1964.75,2100.05,1970.15,2086,1972.4,2075.15,1972.85,2064.3,1974.7
5-193,Uninfected,No_comment,Polygon,23,1919,2150.25,1928.5,2137.55,1943.05,2115.4,1953.4,2104.1,1959.25,2084.2,1961.6,2060.65,1967.85,2034.85,1986.9,2011.8,2002.7,1997.3,2021.25,1982.35,2033.55,1979.2,2046.15,1981.9,2058.8,1997.3,2067.4,2027.6,2068.8,2064.7,2056.6,2099.55,2035.75,2119.45,2016.75,2151.6,1996.85,2164.25,1968.3,2172.4,1949.3,2179.65,1932.6,2173.3,1925.85,2162
5-194,Uninfected,No_comment,Polygon,16,2012.65,2157.5,2015.9,2172.85,2018.55,2190.95,2032.6,2214.5,2052.1,2228.5,2069.75,2234.85,2098.65,2226.7,2110,2216.75,2124.05,2200,2140.75,2177.4,2143.45,2146.15,2135.3,2116.75,2111.3,2091.4,2079.65,2082.35,2040.7,2100.95,2024,2128.55
5-195,Uninfected,No_comment,Polygon,19,1854.75,2131.25,1830.75,2120.4,1815.4,2111.35,1798.7,2092.3,1796.35,2058.4,1813.1,2035.3,1827.15,2026.7,1855.65,2024,1874.2,2026.7,1900.45,2019,1923.55,2014.05,1935.75,2018.55,1952.1,2026.7,1959.75,2038,1961.95,2075.2,1953.35,2108.2,1933.5,2126.25,1916.35,2136.65,1883.25,2135.75
5-196,Uninfected,No_comment,Polygon,24,2129.9,2198.65,2134,2221.3,2131.7,2244.35,2156.6,2234.4,2172.45,2222.2,2192.35,2209.05,2216.35,2192.3,2231.7,2174.65,2248.9,2161.1,2257.5,2148.9,2255.25,2135.75,2246.65,2117.65,2243.5,2091.85,2241.2,2063.8,2242.1,2043.9,2234.9,2046.6,2223.55,2057.5,2210.9,2080.55,2179.7,2098.2,2166.55,2121.3,2155.25,2132.6,2147.55,2148,2135.25,2177.85,2130.25,2189.6
5-197,Uninfected,No_comment,Polygon,21,2166.55,2230.35,2163.4,2248.9,2158.4,2266.05,2162.95,2286.45,2171.55,2299.55,2177.4,2313.15,2191.45,2321.75,2212.25,2318.55,2231.25,2313.15,2260.25,2299.55,2273.35,2277.85,2284.2,2258.85,2292.8,2242.1,2292.35,2219.9,2288.3,2192.75,2273.35,2171.5,2254.8,2159.3,2240.25,2165.6,2223.5,2176.95,2198.7,2191.85,2179.65,2211.7
5-198,Uninfected,No_comment,Polygon,22,2389.65,2079.2,2381.05,2098.2,2369.75,2122.2,2341.2,2142.55,2329.9,2157.95,2326.3,2179.2,2330.35,2202.7,2345.75,2228.95,2372.45,2239.85,2394.6,2241.65,2408.2,2240.3,2434,2234.85,2446.2,2229.4,2455.25,2218.1,2466.1,2189.15,2476.95,2165.6,2474.25,2139.85,2460.25,2113.6,2448.45,2096.4,2426.3,2083.7,2413.15,2075.1,2401.4,2069.7
5-199,Uninfected,No_comment,Polygon,18,2490.1,2157.1,2484.2,2181.5,2476.5,2200.05,2481.5,2232.6,2498.25,2254.8,2517.25,2266.55,2551.2,2263.85,2565.65,2260.2,2580.15,2253.4,2599.15,2244.35,2619.05,2218.15,2626.75,2182.4,2616.35,2152.1,2605.5,2133.5,2585.1,2126.25,2549.7,2132.45,2527.2,2147.1,2505.05,2152.5
5-200,Uninfected,No_comment,Polygon,28,2575.15,2293.25,2574.25,2276.5,2584.65,2255.7,2603.2,2246.2,2615,2236.25,2624.5,2217.7,2628.1,2195.05,2634.9,2188.7,2640.8,2197.35,2655.7,2209.55,2683.75,2216.3,2701.4,2218.15,2713.2,2218.15,2717.7,2221.75,2726.75,2250.25,2726.75,2271.5,2735.35,2297.3,2742.15,2319.5,2740.8,2332.15,2726.3,2344.85,2709.55,2343.9,2685.55,2327.2,2661.3,2331,2632.2,2333.5,2619.05,2340.3,2606.4,2343,2588.3,2330.8,2580.6,2317.05
5-201,Uninfected,No_comment,Polygon,27,2721.75,2219.05,2729.45,2243.45,2739.4,2267,2745.3,2293.7,2743.5,2309.1,2746.2,2337.6,2738.5,2355.25,2749.85,2354.8,2763.4,2346.2,2783.3,2334.85,2793.25,2320.4,2805.5,2300.95,2814.55,2275.6,2820.85,2248,2830.35,2234.85,2834,2245.3,2844.85,2237.15,2842.6,2221.75,2834.45,2197.75,2825.4,2183.3,2811.35,2170.2,2791,2161.55,2776.05,2159.75,2762.95,2167.45,2755.7,2176.5,2747.1,2190.55,2735.35,2204.1
5-202,Uninfected,No_comment,Polygon,20,2830.4,2246.2,2828.55,2255.25,2823.15,2273.35,2808.15,2297.35,2797.8,2328.55,2796.45,2350.75,2810.9,2377.4,2849.4,2384.6,2874.25,2385.1,2887.85,2380.1,2913.65,2374.25,2927.65,2363.85,2938.05,2346.65,2945.3,2327.2,2944.85,2304.55,2936.7,2281,2924.5,2264.75,2905.5,2247.1,2883.75,2236.7,2855.7,2232.15
5-203,Uninfected,No_comment,Polygon,23,2822.7,2100.05,2818.6,2124,2823.6,2144.35,2836.25,2176.5,2850.75,2213.6,2875.15,2229,2892.35,2236.7,2908.65,2245.75,2919.95,2251.2,2934.9,2250.7,2944.85,2246.2,2955.25,2237.6,2964.3,2221.75,2964.3,2203.15,2960.7,2186,2949.85,2161.6,2937.6,2145.75,2916.8,2132.6,2886.95,2114.95,2867.95,2105.9,2857.05,2095.05,2848,2082.4,2840.8,2085.05
5-204,Uninfected,No_comment,Polygon,19,2944.4,2143.95,2947.1,2124.5,2952.1,2103.15,2971.1,2086.9,2993.3,2078.3,3009.1,2070.65,3027.2,2076.95,3043.05,2088.3,3052.1,2099.55,3060.7,2121.7,3061.6,2142.6,3063.4,2172.45,3055.25,2192.8,3036.7,2204.1,3019.5,2215.45,2999.15,2210.9,2975.2,2202.3,2962.05,2190.05,2950.8,2167.9
5-205,Uninfected,No_comment,Polygon,24,2843.95,2086.5,2841.65,2070.6,2851.2,2057.05,2867,2043.45,2873.8,2027.6,2883.3,2005.45,2896.9,1994.15,2917.25,1992.75,2940.45,1988.85,2952.25,1988.85,2961.15,1994.6,2971.55,2009.5,2980.6,2021.75,3005.05,2038.5,3023.15,2044.8,3015,2058.4,3005.5,2074.25,2984.2,2080.1,2953.45,2096.4,2942.15,2147.1,2922.65,2138.05,2894.6,2123.1,2872,2111.35,2856.15,2092.35
5-206,Uninfected,No_comment,Polygon,16,3214.55,2063.35,3210,2042.1,3209.55,2007.7,3222.2,1984.15,3246.2,1960.65,3271.05,1948.9,3295.5,1949.35,3319.55,1958.85,3337.65,1985.55,3351.2,2020.35,3338.95,2057.5,3320,2091.4,3299.6,2101.8,3273.85,2105,3240,2096.95,3222.35,2082.05
5-207,Uninfected,No_comment,Polygon,19,3326.75,2096.85,3330.8,2074.6,3339.4,2055.2,3352.5,2038.95,3363.4,2027.15,3390.1,2020.85,3405.05,2032.6,3429.05,2073.75,3437.2,2102.75,3436.75,2132.6,3428.15,2161.55,3429.05,2181.45,3416.75,2198.65,3406.35,2211.35,3386.5,2205.9,3368.35,2185.7,3353.4,2159.9,3339.35,2128.2,3330.3,2107
5-208,Uninfected,No_comment,Polygon,25,3314.1,1950.25,3317.7,1932.15,3329.5,1919.9,3349.35,1912.7,3361.55,1914.95,3386.15,1924.6,3401.9,1937.55,3431.25,1950.25,3448.45,1947.5,3457.05,1954.3,3475.6,1988.25,3480.1,2016.75,3479.65,2036.2,3466.55,2062.45,3450.3,2081,3439.85,2104.55,3428.15,2086.95,3415.4,2052.1,3394.6,2027.65,3376.5,2021.3,3358.4,2031.3,3348.45,2019.45,3337.65,1990.5,3320.85,1973.75,3311.8,1962.45
5-209,Uninfected,No_comment,Polygon,19,3468.85,2251.15,3454.35,2246.6,3433.1,2237.55,3420.9,2213.15,3431.3,2179.65,3437.2,2148.4,3456.2,2128.05,3476.1,2116.3,3497.35,2114.05,3521.8,2124.45,3539.45,2152.05,3562.95,2176.95,3587.85,2206.35,3591.05,2223.1,3585.15,2238.9,3566.15,2252.5,3542.6,2261.55,3516.8,2257.5,3485.6,2249.8
5-210,Uninfected,No_comment,Polygon,23,3461.6,2118.1,3459.35,2095.95,3472.9,2070.6,3485.6,2057.9,3500.55,2044.8,3527.3,2038.8,3565.35,2048.75,3590.1,2057.9,3601.45,2076,3615.9,2100.9,3631.75,2109.5,3613.2,2121.75,3602.35,2146.6,3596.9,2161.1,3591.5,2181,3585.15,2190.95,3571.5,2189.65,3549.8,2168.4,3529.9,2138.5,3513.6,2123.15,3496.9,2117.25,3476.95,2123.15,3467.5,2122.7
5-211,Uninfected,No_comment,Polygon,23,3128.7,1836.75,3130.95,1830,3143.05,1821.05,3151.55,1815.2,3160.1,1786.05,3167.25,1783.85,3180.7,1801.3,3209.4,1823.75,3222.85,1853.35,3235.9,1894.15,3240.8,1928.2,3230.05,1956.9,3216.15,1976.2,3192.4,1990.55,3176.25,1994.6,3157.85,1988.3,3132.75,1976.65,3121.55,1949.75,3130.5,1937.2,3140.35,1914.75,3141.25,1889.65,3135.9,1866.8,3128.25,1845.7
5-212,Uninfected,No_comment,Polygon,19,2438.25,2667.8,2446.05,2648.15,2460.8,2632.9,2482.95,2623.5,2503.45,2623.5,2521.85,2630.85,2543.2,2646.45,2556.7,2667.35,2563.65,2696.9,2559.6,2728.4,2559.6,2747.7,2553.85,2766.6,2532.55,2780.05,2481.7,2782.5,2460.8,2783.75,2430.35,2755.8,2420.55,2730.35,2420.2,2710.8,2428.4,2689.9
5-213,Uninfected,No_comment,Polygon,19,2161.7,2469.7,2167.45,2445.05,2179.4,2421.7,2189.1,2401,2204.5,2376.75,2219.45,2370.6,2231.35,2377.2,2244.15,2386.9,2258.2,2418.15,2275.45,2474.1,2278.05,2497.05,2265.25,2533.15,2241,2564.45,2216.85,2574.55,2196.45,2577.2,2175.4,2557.4,2165.75,2532.7,2159.55,2506.2,2160.9,2483.3
5-214,Uninfected,No_comment,Polygon,20,1698.45,1919.75,1688.9,1931.45,1686.25,1955.4,1676.65,1983.05,1664.4,2005.9,1671.35,2037.3,1681.45,2062.85,1718.15,2099.55,1740.5,2097.95,1760.7,2090.5,1775.05,2082,1785.15,2064.45,1793.7,2039.95,1798.45,2008.6,1791.55,1980.4,1778.25,1967.6,1759.65,1946.35,1747.7,1918.85,1733.6,1913.9,1711.25,1912.85
5-215,Uninfected,No_comment,Polygon,19,1471.1,1286.9,1464.55,1263.95,1480.4,1239.35,1504.95,1220.2,1518.65,1200.05,1539.9,1170.5,1568.95,1131.7,1570.5,1125.15,1585.8,1137.2,1602.8,1153.6,1616.5,1186.35,1616.95,1203.85,1608.3,1232.25,1587.5,1261.25,1576.6,1288,1554.2,1317.5,1525.75,1338.3,1502.8,1331.2,1482,1316.45
5-216,Uninfected,No_comment,Polygon,20,1308.8,1350.85,1298.35,1334.45,1293.5,1309.85,1291.85,1270,1293.5,1254.7,1313.2,1236.6,1323.55,1215.35,1336.15,1204.35,1349.2,1204.9,1359.1,1214.8,1368.3,1231.7,1382.6,1251.35,1397.35,1269.45,1413.2,1281.45,1420.3,1307.15,1413.75,1345.35,1402.25,1360.1,1389.15,1370.55,1365.05,1377.1,1338.85,1370.55
5-217,Uninfected,No_comment,Polygon,18,1460.2,1401.15,1458.5,1380.35,1472.2,1357.95,1490.25,1341,1509.85,1332.2,1534.4,1325.65,1554.65,1331.2,1574.9,1343.2,1583.1,1362.35,1588.05,1389.1,1582,1420.25,1570.05,1431.15,1546,1443.75,1531.7,1465.6,1511.55,1472.2,1494.05,1467.8,1474.35,1451.4,1463.45,1431.75
5-218,Uninfected,No_comment,Polygon,19,1415.9,1282.5,1442.65,1280.35,1455.25,1275.4,1464.55,1266.1,1470.55,1248.1,1468.95,1223.55,1463.45,1200.05,1455.25,1174.3,1443.8,1164.5,1430.15,1163.4,1395.65,1162.85,1379.3,1161.75,1350.9,1163.95,1342.7,1181.95,1343.25,1193.45,1347,1207.15,1354.65,1220.2,1365.6,1242.1,1395.6,1274.3
5-219,Uninfected,No_comment,Polygon,21,1360.15,1147.05,1348.7,1129.05,1340.5,1100.05,1335.1,1070.55,1341.6,1049.25,1351.95,1030.65,1369.5,1021.35,1380.95,1029.55,1389.75,1037.75,1401.2,1042.15,1413.25,1042.7,1425.25,1036.1,1442.7,1016.45,1458,1011,1476.55,1020.3,1488.05,1031.2,1487,1074.9,1459.15,1141.05,1443.25,1158.55,1416.5,1159.65,1373.9,1157.45
5-220,Uninfected,No_comment,Polygon,17,1290.2,1244.9,1282,1225.2,1274.35,1209.35,1268.4,1176.55,1261.85,1143.8,1258.5,1108.8,1270,1076.55,1281.55,1054.7,1309.9,1014.25,1319.25,1033.95,1333.4,1053.05,1339.45,1083.1,1352,1130.1,1350.95,1159.1,1338.35,1196.25,1318.65,1225.75,1291.9,1252
5-221,Uninfected,No_comment,Polygon,17,1268.4,1213.2,1248.7,1223,1223.55,1227.4,1196.75,1219.2,1168.9,1200.05,1156.4,1172.75,1149.75,1139.4,1156.4,1106.05,1172.25,1079.3,1186.95,1064.55,1202.85,1056.35,1232.3,1059.6,1262.9,1068.35,1274.4,1084.25,1283.65,1114.85,1286.4,1152.05,1273.35,1193
5-222,Uninfected,No_comment,Polygon,23,1530.2,901.15,1526.85,919.2,1523.55,945.4,1514.8,983.1,1517.05,1007.15,1529.1,1013.7,1542.15,1021.9,1556.4,1044.85,1567.9,1078.2,1569.45,1106.6,1577.65,1113.7,1601.7,1112.1,1625.2,1107.15,1635.6,1098.95,1641.05,1086.95,1642.2,1056.35,1647.6,1017.55,1646.05,979.85,1637.85,944.85,1619.25,919.7,1601.15,891.3,1585.3,882,1549.3,888.05
5-223,Uninfected,No_comment,Polygon,18,1479.25,1023,1501.75,1011.55,1518.15,1009.9,1538.9,1020.3,1557.55,1048.7,1567.4,1091.85,1571.7,1123,1541.55,1169.95,1500.05,1220.3,1477.65,1246.45,1467.3,1243.2,1464,1203.3,1449.8,1167.25,1444.85,1156.85,1464.55,1133.4,1469.4,1108.8,1471.6,1081.5,1479.8,1059.1
5-224,Uninfected,No_comment,Polygon,19,1745.95,856.35,1755.8,841.05,1780.95,829,1800.6,828.45,1823.55,831.75,1844.9,844.85,1873.3,873.8,1888.05,900.05,1890.25,931.75,1876.6,970.55,1853.1,988.05,1831.75,995.15,1805,990.75,1772.2,980.95,1754.7,953.6,1750.9,940.5,1756.35,922.45,1749.25,901.15,1742.7,877.65
5-225,Uninfected,No_comment,Polygon,22,1932.85,760.15,1917,766.7,1911.55,777.1,1906.65,794.6,1900.6,814.25,1892.95,839.4,1898.45,872.8,1903.35,890.75,1918.1,909.9,1933.95,922.45,1958.55,929.55,1973.85,931.75,1990.25,930.7,2010.45,923.55,2023.05,911,2032.35,891.85,2032.35,862.9,2025.05,836.7,2002.05,803.4,1987.85,782.6,1956.7,764.05,1943.25,756.9
5-226,Uninfected,No_comment,Polygon,23,1573.85,662.3,1565.1,647,1558,627.3,1566.75,607.1,1582.05,595.65,1605.55,586.9,1629.6,594,1647.6,606.55,1659.1,621.3,1672.2,643.2,1682.05,662.3,1679.85,683.6,1665.65,696.2,1653.6,706.55,1641.6,731.15,1631.75,758.5,1620.85,771.05,1594.6,767.2,1572.75,756.85,1566.2,747.55,1565.1,730.05,1570,709.3,1575.5,695.1
5-227,Uninfected,No_comment,Polygon,21,1562.9,657.95,1555.8,647.55,1544.35,632.8,1530.1,622.9,1513.7,619.7,1477.1,625.15,1460.15,637.7,1451.4,650.3,1440.5,677.6,1441.05,694.55,1456.9,726.8,1467.8,739.9,1492.4,754.1,1506.05,758.5,1523.55,758.5,1541.6,753.55,1554.15,745.9,1565.15,737.15,1571.7,719.1,1575.5,692.3,1573.85,672.65
5-228,Uninfected,No_comment,Polygon,19,1625.2,772.7,1631.2,795.65,1660.7,814.8,1682.05,830.1,1705,843.2,1721.95,850.85,1744.35,853.05,1770.5,841.05,1782.55,831.2,1785.85,815.35,1785.85,783.1,1773.3,742.65,1756.35,716.4,1733.4,700.55,1688.05,690.2,1668.9,697.85,1652.5,709.25,1635.05,724,1626.85,751.35
5-229,Uninfected,No_comment,Polygon,20,1600.65,889.7,1604.45,874.35,1615.9,855.2,1626.3,841,1643.25,830.1,1655.25,827.9,1676,837.2,1700.05,848.65,1712.65,855.2,1724.1,864.5,1735.6,875.45,1748.65,897.85,1755.8,930.65,1750.9,953.05,1738.3,966.7,1713.75,974.35,1679.85,976.55,1647.6,962.9,1625.25,942.1,1607.2,914.25
5-230,Uninfected,No_comment,Polygon,18,1771.65,721.9,1779.3,694.55,1789.15,673.8,1818.1,653.55,1833.4,648.1,1849.25,655.75,1868.4,667.8,1890.8,694.55,1905.55,724.6,1905,762.3,1896.8,798.4,1885.35,823.55,1862.9,832.25,1837.8,833.9,1812.65,821.9,1794.6,801.1,1783.15,777.05,1774.4,751.4
5-231,Uninfected,No_comment,Polygon,18,1386.95,819.15,1389.15,856.85,1389.7,886.35,1401.2,935.55,1411.55,954.65,1433.4,978.7,1458,993.5,1485.35,1004.4,1505.55,1007.15,1509.4,998.4,1519.2,946.5,1517.6,915.85,1515.4,889.1,1500.65,856.85,1483.7,833.9,1461.3,820.75,1437.8,811.5,1405.55,811.5
5-232,Uninfected,No_comment,Polygon,17,1278.2,952.5,1273.3,925.15,1283.7,874.35,1296.25,851.9,1321.4,839.35,1344.9,830.6,1363.45,835,1376.6,848.65,1389.1,886.85,1402.2,919.7,1402.25,956.3,1392.45,979.75,1376.6,995.6,1365.1,1008.8,1349.25,1018.05,1321.4,1015.3,1298.45,996.2
5-233,Uninfected,No_comment,Polygon,14,1789.15,1082.55,1788,1063.45,1798.45,1024.65,1809.4,1003.9,1835,998.95,1864.6,1009.9,1896.75,1034.5,1911.05,1073.3,1915.9,1109.9,1899,1139.4,1879.9,1152.5,1849.3,1155.8,1815.9,1142.15,1789.7,1097.35
5-234,Uninfected,No_comment,Polygon,24,1869.5,1006.05,1868.95,992.4,1886.45,977.65,1893.5,955.75,1904.95,937.2,1930.15,933.85,1950.95,943.2,1973.35,944.3,1995.75,945.9,2009.4,953.05,2007.75,974.9,2000.65,997.85,1997.85,1023.55,2010.45,1051.4,2020.9,1065.6,2004.5,1074.9,1971.65,1082.55,1941.1,1098.4,1924.1,1109.35,1914.25,1104.9,1906.6,1084.15,1904.5,1050.85,1886.95,1031.75,1874.9,1019.7
5-235,Uninfected,No_comment,Polygon,18,1901.15,1167.25,1906.1,1148.7,1926.35,1120.25,1950.95,1106.05,1986.4,1092.95,2013.25,1094.05,2031.25,1103.85,2043.85,1126.3,2046,1143.2,2034.55,1161.8,2015.4,1172.2,2000.65,1178.65,1982.55,1191.85,1970.6,1207.15,1961.3,1215.9,1937.8,1214.8,1922.5,1206.6,1907.2,1185.3
5-236,Uninfected,No_comment,Polygon,25,1635.6,1108.25,1644.85,1114.25,1657.45,1109.9,1678.8,1112.05,1693,1114.8,1708.3,1107.15,1720.85,1096.75,1731.8,1088.55,1756.95,1080.35,1771.7,1080.9,1782.05,1075.45,1782.6,1058.5,1788,1037.2,1791.35,1016.45,1773.85,984.7,1737.25,970.55,1711.55,986.9,1688.6,989.1,1663.95,989.1,1653.05,994.55,1647.15,1009.85,1646.05,1035,1639.5,1048.15,1638.4,1089.65,1634,1098.95
5-237,Uninfected,No_comment,Polygon,24,1580.4,1344.9,1601.75,1346.55,1629.05,1329.05,1637.8,1313.2,1656.9,1305,1682.6,1302.8,1693,1293.5,1706.1,1266.2,1716.5,1248.7,1709.4,1220.85,1682.6,1179.85,1676,1164,1645.4,1169.45,1623.05,1179.85,1618.1,1195.1,1612.6,1217.5,1604.4,1236.1,1592.95,1250.3,1577.1,1276.55,1570.05,1301.15,1548.15,1323.5,1545.45,1326.85,1558.55,1335.6,1576.05,1344.9
5-238,Uninfected,No_comment,Polygon,26,1587.5,1423.6,1611.55,1431.8,1625.75,1450.9,1635.6,1485.35,1632.35,1494.1,1648.95,1485.85,1661.55,1473.3,1671.15,1454.75,1675.25,1442.15,1687,1431.25,1707.75,1421.95,1714.3,1418.65,1716.5,1402.8,1709.35,1386.15,1694.6,1359.35,1689.65,1328.8,1687.55,1306.1,1671.65,1301.75,1642.1,1307.8,1626.25,1331.3,1605.5,1343.85,1589.7,1348.15,1578.8,1347.65,1584.8,1367.85,1585.9,1400.15,1581.5,1423.05
5-239,Uninfected,No_comment,Polygon,22,1285.3,1421.95,1267.25,1435.05,1240.5,1472.75,1236.65,1502.3,1239.4,1531.8,1253.65,1566.75,1286.4,1602.3,1314.25,1607.2,1338.35,1607.75,1351.95,1599,1360.15,1589.15,1365.1,1576.6,1366.8,1553.65,1380.4,1531.25,1394.6,1517.6,1411,1501.75,1413.6,1481.6,1407.15,1455.3,1390.3,1437.25,1357.45,1423.05,1329.55,1416.5,1309.35,1414.3
5-240,Uninfected,No_comment,Polygon,22,1365.65,1570.6,1379.85,1585.35,1393.55,1593.55,1417.55,1589.15,1430.1,1583.7,1440,1573.85,1448.2,1561.3,1449.25,1532.35,1448.7,1502.3,1440.55,1469.5,1425.75,1434.5,1413.8,1416.5,1402.25,1403.9,1385.9,1402.25,1367.8,1409.4,1346.55,1415.4,1331.7,1430.15,1321.9,1443.8,1321.35,1476.6,1333.4,1511.55,1338.85,1525.25,1347,1542.15
5-241,Uninfected,No_comment,Polygon,21,1515.35,1476.6,1512.1,1487.5,1513.2,1504.45,1524.1,1520.3,1528.5,1535.05,1530.2,1561.3,1539.4,1580.95,1551.45,1590.25,1567.3,1589.15,1578.75,1580.95,1588.1,1569.5,1597.9,1554.75,1619.75,1545.45,1628.5,1532.35,1631,1505.5,1628.5,1480.4,1617.55,1447.1,1606.7,1432.9,1584.85,1423.6,1561.8,1431.75,1535.6,1458.5
5-242,Uninfected,No_comment,Polygon,22,2023.6,1430.1,2033.95,1414.25,2047.1,1400.65,2063.5,1391.85,2094.1,1384.75,2121.4,1393.55,2142.7,1416.5,2154.2,1437.2,2160.05,1463.9,2164.95,1510.3,2167.3,1535.05,2162.4,1542.7,2144.35,1535.6,2129.05,1521.4,2113.75,1514.8,2095.2,1522.45,2068.95,1520.3,2050.35,1513.2,2039.45,1497.9,2026.85,1487.55,2018.1,1461.8,2019.2,1449.25
5-243,Uninfected,No_comment,Polygon,21,1774.95,1394.6,1773.85,1409.4,1786.95,1432.35,1799.55,1456.9,1811,1480.4,1825.2,1509.4,1837.8,1520.85,1859.1,1526.35,1883.7,1520.3,1897.35,1506.65,1915.95,1479.9,1925.75,1450.9,1933.95,1419.75,1920.3,1386.95,1893.5,1363.45,1860.2,1354.2,1830.7,1347.1,1816.45,1354.75,1807.2,1371.15,1797.35,1381.5,1784.75,1388.05
5-244,Uninfected,No_comment,Polygon,20,1915.4,1642.2,1904.45,1631.75,1888.6,1599.55,1880.4,1575.5,1877.15,1549.3,1889.7,1529.6,1900.65,1513.2,1925.75,1490.25,1936.15,1468.9,1955.3,1455.85,1982.6,1445.95,2005,1439.45,2011,1458.55,2011,1499,2008.85,1537.8,1988.6,1561.25,1961.3,1581.5,1941.05,1623.05,1931.25,1642.75,1923.05,1652
5-245,Uninfected,No_comment,Polygon,22,2065.65,1521.95,2052,1537.8,2047.1,1558,2049.25,1578.2,2054.2,1597.9,2058,1621.4,2070.6,1647.6,2082.05,1668.4,2088.6,1672.8,2118.15,1664.55,2134,1655.25,2154.2,1643.8,2165.65,1626.35,2177.15,1606.1,2182.6,1584.75,2175.5,1565.65,2159.1,1547.05,2148.2,1535,2130.15,1520.8,2110.5,1518.15,2089.15,1524.65,2076.05,1523
5-246,Uninfected,No_comment,Polygon,21,1922.5,1652.65,1925.75,1668.4,1930.7,1688.1,1947.65,1711,1958.55,1726.9,1974.95,1733.4,1989.7,1729.05,2000.65,1720.85,2006.1,1699,2014.85,1684.25,2031.25,1652.55,2043.8,1635.6,2051.45,1628.5,2048.75,1607.75,2042.7,1580.45,2037.25,1561.25,2020.85,1551.45,1997.35,1562.35,1972.75,1581,1954.2,1606.65,1944.35,1623.05
5-247,Uninfected,No_comment,Polygon,17,2050.9,1627,2015.4,1684.3,1997.35,1719.3,1991.9,1749.85,1999,1770.05,2006.1,1789.2,2019.2,1801.75,2041.1,1820.35,2056.4,1824.7,2073.85,1813.8,2086.45,1793.55,2100.1,1764.05,2108.85,1737.8,2103.4,1708.3,2088.55,1670,2070.55,1646.5,2060.2,1632.9
5-248,Uninfected,No_comment,Polygon,24,1872.75,1700.1,1899.55,1692.45,1921.95,1687.55,1933.95,1697.9,1941.6,1712.7,1952.55,1736.2,1960.75,1755.3,1960.75,1782.65,1958,1796.85,1948.4,1817.95,1936.4,1843.65,1922.5,1856.4,1894.1,1868.4,1893,1879.9,1882.05,1880.45,1871.1,1869.5,1858.55,1847.65,1845.45,1821.95,1843.95,1799.55,1853.1,1783.7,1855.8,1764.6,1861.85,1750.4,1868,1735.65,1868.4,1701.2
5-249,Uninfected,No_comment,Polygon,20,1794.55,520.6,1798.45,494.45,1808.45,470,1830.1,448.4,1848.45,445,1859.6,446.45,1877.85,477.25,1893.45,511.15,1905.65,535.6,1911.75,572.3,1913.45,606.7,1907.9,636.7,1900.65,648.35,1889.55,652.3,1860.1,647.3,1837.3,637.3,1822.85,623.35,1807.3,596.15,1796.75,570.6,1788.45,537.85
5-250,Uninfected,No_comment,Polygon,21,1751.2,653.35,1722.3,633.9,1702.3,628.35,1680.1,612.85,1661.2,600.05,1642.3,576.7,1635.65,551.7,1635.65,528.4,1657.85,514.45,1675.1,497.25,1682.3,479.45,1684.55,470,1691.2,478.4,1714.55,499.45,1740.1,503.4,1768.4,531.15,1778.4,559.45,1774,590.05,1766.75,611.15,1761.75,640.6,1764,660.05
5-251,Uninfected,No_comment,Polygon,20,1756.2,276.05,1751.75,293.35,1746.15,313.9,1729.55,333.35,1721.15,365.5,1722.85,408.9,1733.4,427.8,1744.5,447.2,1772.3,463.35,1792.3,467.2,1822.3,463.95,1836.25,439.4,1851.85,420.35,1857.95,382.6,1858.4,352.2,1853.4,325.5,1847.85,298.9,1827.3,276.65,1801.25,264.95,1777.85,266.65
5-252,Uninfected,No_comment,Polygon,23,2133.4,159.4,2131.75,172.75,2137.85,191.65,2152.85,216.1,2158.5,250.1,2162.85,302.75,2184.75,298.55,2196.2,285.55,2212.3,278.3,2238.4,282.2,2264.55,283.3,2300.1,277.75,2322.85,267.75,2322.3,256.1,2312.85,244.4,2292.3,227.75,2281.2,196.65,2270.65,172.75,2248.95,161.65,2218.95,162.75,2196.75,157.75,2173.95,154.4,2145.1,155.55
5-253,Uninfected,No_comment,Polygon,20,2272.3,164.4,2271.75,150.55,2278.95,129.95,2281.2,118.3,2293.4,110.5,2310.65,107.75,2340.65,110.5,2366.2,108.85,2385.65,117.75,2399,127.75,2412.85,153.85,2410.65,174.95,2396.05,192.25,2367.85,205.55,2340.65,228.85,2326.75,245.55,2312.85,240.55,2297.3,228.3,2287.85,205.55,2275.1,173.3
5-254,Uninfected,No_comment,Polygon,20,2422.3,166.1,2430.65,146.65,2444.55,126.65,2466.2,104.4,2480.65,86.65,2519.55,58.3,2526.2,55.5,2543.45,67.75,2559.55,94.95,2572.9,137.2,2565.65,158.85,2550.1,175.55,2522.3,188.3,2502.3,211.1,2491.2,242.75,2482.85,252.75,2472.3,244.4,2458.45,227.2,2444.55,207.2,2430.65,186.65
5-255,Uninfected,No_comment,Polygon,17,2880.65,592.2,2864.6,586.1,2840.65,567.2,2827.9,549.45,2814.05,522.2,2812.9,480.55,2837.35,447.2,2847.9,437.75,2861.25,430,2879.05,430.55,2903.5,451.65,2924.6,480.55,2939.6,513.3,2937.35,546.65,2929.6,561.65,2917.35,578.85,2905.7,588.85
5-256,Uninfected,No_comment,Polygon,18,2988.5,512.75,2994.6,482.2,3000.7,468.85,3025.15,458.85,3045.7,453.85,3060.15,458.85,3075.15,468.85,3094.05,499.45,3109.05,538.85,3110.15,571.1,3099.6,605,3074.05,618.9,3052.4,625.55,3022.95,613.9,3001.8,603.3,2988.5,581.1,2979.6,555.55,2989.05,527.2
5-257,Uninfected,No_comment,Polygon,20,3123.5,545.55,3129.6,530,3140.7,510.55,3154,497.2,3177.95,487.2,3199.05,482.75,3207.95,487.75,3221.3,501.1,3231.3,516.65,3245.7,542.2,3245.15,572.2,3235.15,595.55,3227.4,620.55,3206.85,637.2,3191.85,642.75,3159.6,639.45,3136.85,629.45,3124.6,614.45,3119.05,587.75,3120.7,571.65
5-258,Uninfected,No_comment,Polygon,16,3111.25,393.85,3114.05,376.65,3125.15,352.2,3143.5,346.1,3166.25,351.1,3197.4,364.4,3215.15,375.55,3226.85,390.55,3230.15,417.2,3223.5,448.3,3211.3,466.1,3183.5,475.55,3145.7,476.65,3119.6,470.55,3114.05,444.4,3107.4,420
5-259,Uninfected,No_comment,Polygon,23,3251.3,460.55,3256.3,472.2,3262.4,490,3260.7,538.85,3259.6,560.55,3263.45,574.45,3277.4,590,3294.05,611.1,3312.4,624.45,3331.3,638.3,3344.05,646.1,3364.6,648.9,3376.3,638.9,3388.5,616.65,3391.85,606.65,3386.85,576.1,3379.05,558.3,3366.85,529.45,3344.6,498.85,3322.95,481.1,3295.75,467.2,3270.15,455.55,3251.3,452.2
5-260,Uninfected,No_comment,Polygon,18,3227.4,278.35,3236.85,267.75,3257.95,263.9,3300.75,273.35,3323.5,286.1,3354.65,312.2,3363.5,329.45,3363.5,356.65,3362.95,378.9,3349.65,397.8,3326.3,410.55,3287.95,413.35,3260.75,403.9,3240.75,391.15,3229.6,378.9,3218.5,355.55,3214.6,332.8,3223.5,301.7
5-261,Uninfected,No_comment,Polygon,20,3362.95,425.55,3360.75,445,3360.2,474.4,3360.75,498.35,3369.1,528.35,3384.1,553.85,3400.75,567.8,3422.95,579.45,3456.85,583.85,3473.55,573.3,3484.1,561.1,3485.75,541.1,3479.65,517.25,3467.95,490.6,3448.55,476.1,3442.95,447.8,3439.1,419.4,3429.1,407.2,3400.2,397.2,3387.95,405.55
5-262,Uninfected,No_comment,Polygon,20,3465.2,358.9,3464.1,378.9,3459.65,403.9,3456.85,431.65,3469.1,462.8,3474.1,475.6,3476.85,500.6,3489.1,523.85,3507.4,537.25,3533,547.25,3543.55,549.45,3552.4,543.35,3559.1,525.6,3555.75,491.65,3553.55,467.25,3541.85,433.35,3528.55,397.2,3508.55,363.35,3499.1,349.95,3490.2,345.55
5-263,Uninfected,No_comment,Polygon,21,3547.45,1065.05,3548.25,1044.8,3559.95,1019.8,3575.45,1003.45,3594.35,993.1,3606.5,986.6,3628.5,989.65,3642.25,998.7,3662.95,1025,3671.55,1046.1,3677.15,1080.15,3673.75,1099.55,3659.95,1112.5,3643.1,1123.7,3627.15,1133.15,3610.35,1136.6,3591.35,1132.3,3576.3,1123.7,3564.2,1114.65,3555.6,1103,3548.7,1090.05
5-264,Uninfected,No_comment,Polygon,22,3462.55,1005.15,3448.25,993.95,3434.1,973.7,3426.75,959.45,3422.45,939.65,3424.6,909.05,3431.5,893.5,3442.7,881.45,3464.25,872.8,3503.85,868.1,3517.25,870.25,3531.05,877.55,3534.1,896.1,3535.35,909.05,3544.35,925.85,3553.5,947.8,3556.5,959.9,3556.05,978.85,3545.25,998.25,3528.05,1008.6,3512.95,1017.2,3494.8,1014.65
5-265,Uninfected,No_comment,Polygon,23,3628.5,987.5,3624.15,971.55,3623.7,953.45,3630.2,939.65,3639.65,931.45,3648.7,918.95,3659.5,895.65,3666,885.75,3689.65,878,3710.3,883.15,3732.35,896.55,3750.9,912.9,3760.75,926.25,3770.7,941.8,3774.6,974.55,3768.55,999.1,3756.95,1025.4,3736.65,1038.35,3717.25,1047.4,3690.55,1043.95,3676.7,1035.35,3656.05,1011.6,3637.95,993.95
5-266,Uninfected,No_comment,Polygon,23,3771.1,930.15,3775.45,922.8,3784.95,915.95,3803.05,912.9,3822.45,913.75,3834.05,919.4,3847,932.3,3857.8,948.7,3866.85,974.55,3874.15,1002.55,3877.2,1026.7,3871.1,1055.15,3864.7,1089.2,3860.8,1104.3,3852.6,1113.35,3826.7,1104.3,3815.1,1088.35,3801.25,1072.85,3790.1,1044.4,3781.95,1023.25,3776.7,1000.4,3774.15,980.65,3769,940.1
5-267,Uninfected,No_comment,Polygon,31,3575.45,697.85,3571.15,712.05,3567.25,734.9,3557.35,756.45,3547.4,776.7,3544.4,785.35,3544.4,806.9,3549.6,819.4,3554.3,831.9,3564.25,837,3572.85,834.5,3589.65,833.55,3608.65,837.45,3620.25,838.8,3639.25,838.8,3648.3,842.6,3656.5,838.35,3662.95,831.45,3666.8,819.4,3667.25,800.85,3673.7,778.4,3680.2,762.05,3689.25,746.5,3690.1,725.4,3681.5,712.45,3668.1,705.55,3652.15,704.3,3637.95,700.85,3611.2,697,3595.7,690.1,3584.5,685.75
5-268,Uninfected,No_comment,Polygon,26,3400.45,740.1,3402.15,719.8,3426.75,711.2,3456.9,710.35,3469,717.25,3477.6,727.6,3487.1,743.55,3499.6,758.2,3513.8,777.15,3523.7,786.2,3535.8,797.85,3546.2,809.05,3550.9,823.25,3544.85,844.8,3531.9,859.05,3517.7,863.35,3496.15,863.35,3478.05,865.1,3450,868.1,3424.15,864.65,3411.65,859.05,3398.7,836.2,3393.55,817.6,3394.85,794.4,3397.85,771.5,3401.3,755.6
5-269,Uninfected,No_comment,Polygon,22,3682.4,866.8,3669.45,837.45,3669.45,823.7,3672.05,796.1,3682.8,766.35,3696.15,739.65,3700.5,732.3,3723.35,735.3,3740.15,743.95,3759.1,746.1,3776.8,752.55,3798.75,771.1,3808.25,798.7,3811.7,825.4,3811.7,855.6,3808.25,875.85,3797.45,890.05,3777.65,897.8,3759.55,895.65,3737.1,893.1,3716.45,884.05,3697.05,872.8
5-270,Uninfected,No_comment,Polygon,17,3533.25,878.85,3537.55,860.75,3553.05,843.95,3571.6,835.75,3590.15,835.75,3631.1,844.35,3641.45,850.4,3655.65,869.8,3662.5,890.55,3656.9,908.65,3646.55,935.35,3628.9,947.85,3609.1,955.6,3579.8,951.7,3556.95,943.95,3541.4,928.9,3533.2,906.05
5-271,Uninfected,No_comment,Polygon,23,3704.35,594.4,3700.9,611.65,3695.75,632.75,3693.6,652.6,3686.7,665.1,3683.7,672.85,3688.4,690.5,3696.2,704.3,3705.65,713.8,3715.95,720.25,3728.45,724.15,3749.65,728.85,3769.05,727.15,3784.5,720.25,3794.85,712.95,3809.1,699.55,3818.6,684.05,3813.8,664.2,3802.65,629.3,3781.9,605.6,3768.6,596.5,3742.3,591.8,3720.3,592.25
5-272,Uninfected,No_comment,Polygon,19,3580.25,665.1,3570.3,654.3,3564.25,633.2,3559.95,617.25,3561.25,589.65,3562.15,570.7,3563.4,557.75,3575.9,552.6,3608.25,557.3,3636.25,567.25,3669.4,582.75,3690.6,605.6,3692.3,644.85,3686.3,669.4,3676.75,689.2,3660.8,697.85,3635,693.95,3603.9,687.95,3590.15,675.85
5-273,Uninfected,No_comment,Polygon,20,3407.8,709.5,3401.35,697.85,3391.85,684.9,3379.8,671.1,3369.45,653.45,3379.75,627.75,3397.9,603,3409.5,592.65,3434.05,585.35,3465.6,587.05,3497.9,597.85,3512.5,619.4,3519.85,640.95,3523.3,666.35,3511.25,693.55,3493.55,710.8,3478.1,718.1,3461.25,713.4,3444,705.6,3425.45,709.95
5-274,Uninfected,No_comment,Polygon,18,3284.1,757.75,3288.85,727.6,3300.5,705.1,3314.7,696.95,3334.95,693.05,3353.05,690.95,3378.05,703,3389.3,717.25,3398.75,737.45,3402.6,760.35,3397.05,789.15,3387.1,815.5,3375.5,831.9,3349.6,836.65,3329.8,834,3310.4,824.95,3295.3,811.2,3284.55,788.8
5-275,Uninfected,No_comment,Polygon,23,3247.45,575,3240.15,589.15,3236.25,609.45,3223.05,626.15,3206.65,637.3,3197.45,648.65,3193.6,668.05,3200.9,689.15,3214.25,705.1,3238,704.3,3247.45,699.95,3264.3,702.1,3287.55,708.55,3298.35,705.1,3315.1,698.2,3335.4,683.6,3342.3,667.25,3342.3,650.4,3334.9,640.25,3306.9,620.4,3284.9,599.75,3266.45,580.15,3255.65,571.5
5-276,Uninfected,No_comment,Polygon,23,3002.1,758.15,3003.9,744.8,3009.5,730.6,3011.15,709.9,3014.6,691.35,3009.9,673.25,3012.95,658.6,3017.25,648.7,3013.35,634.05,3046.55,629.7,3067.7,637.05,3095.7,639.2,3113.35,651.25,3124.6,663.35,3133.65,680.6,3141.4,706.85,3137.9,731.45,3128.9,756,3115.5,767.2,3091.8,778,3065.5,781.45,3032.8,775,3012.05,769.35
5-277,Uninfected,No_comment,Polygon,20,2906.05,802.15,2894.85,796.95,2885.8,784.9,2879.7,774.1,2878.9,743.1,2877.15,721.95,2890.5,698.7,2901.3,682.3,2918.95,662.45,2943.5,649.55,2950.45,644.8,2969.85,656.85,2984.9,671.55,2997,703,3001.75,738.75,2992.7,775.4,2982.7,790.05,2965.95,808.15,2946.15,811.6,2931,810.75
5-278,Uninfected,No_comment,Polygon,16,2984.3,1106.05,2970.5,1095.4,2961.9,1070.05,2968.5,1035.5,2980.15,1010.15,3002.55,989.85,3029.45,976.65,3062.45,983.25,3081.7,1005.55,3088.3,1023.35,3089,1060.75,3083.7,1085.75,3069.55,1109.6,3043.15,1121.3,3011.2,1118.25,2999.5,1115.7
5-279,Uninfected,No_comment,Polygon,18,3237,1237.55,3224.4,1222.8,3212.2,1209.1,3207.05,1179.7,3215.2,1151.75,3226.4,1130.95,3249.7,1115.2,3269.05,1110.15,3292.9,1121.3,3329.9,1138.05,3339.6,1150.25,3345.7,1172.55,3352.8,1194.9,3350.2,1212.15,3340.05,1227.9,3320.7,1240.5,3287.2,1244.5,3255.85,1245.15
5-280,Uninfected,No_comment,Polygon,21,3397.65,1251.3,3383.5,1241.95,3375.15,1222.45,3375.7,1191.7,3387.85,1170.75,3398.65,1161.45,3426.9,1152.25,3447.9,1146.35,3467.9,1140.5,3482,1133.2,3502.95,1138.55,3522.5,1149.75,3534.75,1168.8,3532.8,1191.25,3522,1221.95,3512.25,1247.35,3494.75,1263.4,3471.7,1271.7,3457.65,1262.45,3429.3,1249.75,3403.35,1254.2
5-281,Uninfected,No_comment,Polygon,18,3377.65,1136.1,3358.1,1122.95,3348.85,1103.9,3345.9,1083.4,3349.85,1057.1,3361,1038.55,3378.1,1026.35,3418.1,1011.7,3447.35,1013.65,3479.6,1026.85,3492.8,1041.45,3504.45,1058.55,3505.9,1078.55,3496.15,1104.9,3480.05,1120.5,3445.9,1133.2,3415.15,1140,3394.2,1136.6
5-282,Uninfected,No_comment,Polygon,20,3501,1259.15,3502.95,1282.45,3506.4,1298.55,3517.1,1334.15,3534.2,1355.15,3559.6,1361,3585,1353.3,3601.05,1331.35,3611.8,1296.1,3619.05,1266.85,3613.2,1233.65,3607.35,1208.35,3597.1,1190.3,3580.05,1171.25,3566.9,1160.5,3556.7,1165.85,3540.05,1178.55,3525.45,1202.55,3511.3,1230.9,3501.55,1243.5
5-283,Uninfected,No_comment,Polygon,17,3664,1285.85,3655.15,1261.45,3652.25,1242.45,3656.7,1214.6,3664.45,1184.4,3678.65,1161.45,3704.45,1161.45,3725,1169.75,3748.35,1184.4,3775.15,1200.5,3784.45,1222.9,3786.4,1260,3771.8,1287.8,3745.4,1318.05,3725.95,1325.85,3702.1,1316.7,3673.8,1300.6
5-284,Uninfected,No_comment,Polygon,19,3741.5,1319,3742.5,1340,3741.1,1366.8,3751.25,1396.1,3763.4,1414.65,3802.45,1438.95,3829.3,1450.25,3844.45,1456.1,3855.65,1451.2,3861.5,1435.6,3867.35,1405.35,3874.25,1369.75,3860.55,1322.9,3846.95,1297.05,3809.3,1271.2,3795.7,1262.9,3773.2,1261,3755.7,1278.1,3744.45,1307.3
5-285,Uninfected,No_comment,Polygon,19,3762.5,1182.45,3766.4,1165.35,3767.35,1141.95,3775.15,1113.65,3783.45,1099,3804.45,1100.45,3826.75,1103.8,3839.4,1107.7,3860.1,1116.55,3878.6,1136.55,3891.25,1167.8,3896.2,1202.9,3878.15,1232.2,3864,1245.35,3840.1,1254.6,3813.2,1252.2,3790.85,1242.45,3778.15,1221.5,3767.35,1196.6
5-286,Uninfected,No_comment,Polygon,19,3929.6,1687.05,3933.45,1716.9,3930.7,1745.2,3925.8,1773.45,3927.95,1805.5,3955.7,1816.4,3982.3,1813.15,4002.45,1797.9,4016,1783.25,4029.65,1760.95,4037.75,1736.5,4038.3,1706.05,4038.3,1675.05,4028.5,1648.45,4017.65,1633.75,3993.75,1623.45,3972.55,1635.4,3951.9,1648.45,3937.2,1671.8
5-287,Uninfected,No_comment,Polygon,21,3748.6,1815.85,3774.7,1821.8,3802.95,1823.45,3838.3,1816.95,3867.1,1813.65,3895.35,1805.5,3907.3,1802.25,3912.75,1795.75,3918.2,1776.7,3919.8,1750.6,3916.6,1723.45,3911.65,1715.85,3898.6,1717.45,3870.4,1729.95,3857.3,1728.9,3847,1721.8,3793.7,1729.95,3782.35,1738.65,3766.55,1758.25,3756.2,1777.8,3750.25,1796.3
5-288,Uninfected,No_comment,Polygon,23,3718.7,1645.2,3713.85,1620.7,3722.5,1591.9,3737.2,1569.65,3759.55,1565.3,3776.4,1566.9,3811.7,1554.4,3827.4,1551.15,3838.85,1558.2,3848.6,1566.35,3854.6,1592.45,3852.4,1614.75,3858.95,1632.7,3847,1647.35,3836.1,1660.95,3838.3,1677.8,3841.05,1694.1,3815.45,1712.05,3791.55,1715.85,3774.4,1705.45,3760.85,1681,3744,1665.8,3730.4,1655.5
5-289,Uninfected,No_comment,Polygon,19,3861.1,1596.25,3860.6,1572.9,3861.65,1550.6,3881.3,1532.15,3905.7,1519.1,3920.95,1514.75,3939.4,1520.7,3956.8,1539.2,3966,1554.4,3975.3,1587.55,3975.8,1618,3964.9,1640.35,3948.05,1657.75,3935.55,1677.85,3920.35,1689.75,3905.15,1684.3,3892.1,1666.9,3880.15,1643.55,3868.2,1624
5-290,Uninfected,No_comment,Polygon,21,2894.4,1431.2,2913.15,1421.5,2936,1391.65,2949.95,1383.3,2965.85,1390.25,2977,1413.15,2990.2,1437.45,3005.5,1453.45,3013.15,1475.65,3007.55,1497.2,3003.35,1525.65,2986,1542.35,2966.55,1551.35,2934.6,1549.95,2898.5,1543.7,2884.6,1529.15,2882.6,1508.3,2892.25,1492.35,2896.45,1474.95,2892.25,1455.55,2892.25,1438.15
5-291,Uninfected,No_comment,Polygon,18,2881.9,1424.3,2899.95,1418.7,2918.7,1408.3,2933.25,1394.4,2947.8,1374.95,2962.45,1343.05,2951.3,1318.05,2939.85,1298,2913.15,1284,2883.15,1275.2,2845.75,1282.6,2815.9,1299.95,2798.4,1329,2798.8,1349.15,2812,1367.15,2826.6,1387.3,2843.25,1401.15,2861.3,1417.85