273,5312,2988
2-1,Uninfected,No_comment,Polygon,23,2377.85,1797.9,2385.55,1799.45,2394.85,1802,2407.2,1807.15,2418.55,1816.95,2425.75,1827.8,2429.35,1839.65,2428.85,1853.55,2423.7,1869.05,2417.5,1883.95,2409.25,1896.35,2391.25,1905.6,2367,1907.15,2348.95,1905.1,2329.35,1894.3,2317.5,1884.5,2309.25,1869.55,2305.15,1851,2305.15,1833.45,2314.95,1813.35,2328.85,1802,2341.25,1797.4,2355.15,1795.85
2-2,Uninfected,No_comment,Polygon,28,2337.6,1920.55,2344.85,1920.05,2356.65,1920.05,2368.55,1922.65,2378.85,1927.25,2383,1932.45,2388.15,1942.75,2394.85,1954.05,2400,1965.4,2403.6,1979.3,2407.15,1992.2,2403.1,2004.05,2392.25,2013.3,2379.9,2021.05,2369.1,2027.65,2358.75,2039.15,2348.4,2044.3,2331.95,2047.9,2315.95,2047.9,2301.6,2042.2,2287.1,2032.45,2277.85,2019.55,2271.1,2004.05,2271.7,1988.05,2276.35,1971.55,2288.2,1955.55,2304.7,1938.05,2317.05,1928.8
2-3,Uninfected,No_comment,Polygon,33,2464.95,1866.45,2472.15,1865.95,2481.95,1867.45,2494.3,1872.65,2504.1,1880.3,2509.8,1888.05,2515.45,1896.8,2521.1,1906.65,2526.3,1923.15,2525.25,1932.95,2522.15,1942.2,2514.4,1949.95,2504.15,1951,2494.85,1955.15,2485.1,1963.4,2477.9,1973.15,2472.75,1985.5,2467.55,1996.9,2464.45,2005.05,2453.15,2010.2,2441.3,2012.25,2429.4,2008.7,2423.2,2002.5,2418.6,1991.2,2414.95,1978.75,2408.3,1964.9,2402.1,1953.5,2399.55,1938.55,2405.2,1922.05,2413.45,1906.65,2423.2,1893.7,2432.45,1878.25,2443.35,1870
2-4,Uninfected,No_comment,Polygon,27,2535.55,1948.9,2544.8,1949.4,2553.55,1951.95,2568.05,1956.65,2574.7,1962.9,2581.9,1971.05,2588.6,1980.9,2592.7,1989.15,2595.3,2000.4,2595.3,2012.25,2591.2,2026.7,2586.55,2036.5,2579.85,2049.4,2568.55,2058.15,2556.15,2063.8,2532.45,2068.45,2515.45,2066.9,2499.5,2059.7,2490.2,2051.45,2481.95,2038.55,2477.3,2021.55,2474.75,2006.65,2475.75,1991.15,2483.5,1978.25,2491.75,1966.9,2505.15,1958.15,2516.5,1951.45
2-5,Uninfected,No_comment,Polygon,24,2251,1852.6,2259.25,1853.1,2272.65,1858.25,2282.95,1866,2290.2,1879.4,2293.8,1887.65,2295.35,1898.45,2295.85,1908.75,2292.25,1928.35,2285.05,1943.3,2277.3,1956.7,2265.45,1968.05,2248.95,1973.2,2225.75,1971.65,2211.3,1967,2196.35,1956.2,2189.65,1945.35,2186.05,1926.3,2184.5,1905.65,2188.1,1887.1,2200,1865.45,2219.55,1855.15,2229.85,1851.55,2238.1,1851.05
2-6,Uninfected,No_comment,Polygon,26,2273.7,1680.4,2291.75,1677.3,2303.05,1676.8,2313.4,1677.3,2319.55,1678.85,2323.2,1688.65,2326.35,1701.45,2326.35,1714.3,2328.35,1727.8,2327.8,1739.65,2327.3,1751.5,2326.25,1762.3,2324.7,1777.25,2319.05,1789.65,2313.9,1798.4,2306.7,1805.15,2294.3,1807.7,2281.4,1806.15,2262.4,1799.95,2251.55,1792.2,2237.15,1778.8,2232.45,1763.4,2227.85,1745.3,2229.4,1726.25,2238.7,1707.15,2252.1,1690.65
2-7,Uninfected,No_comment,Polygon,26,2384.5,1688.15,2400.5,1689.15,2415.9,1693.75,2428.3,1701,2439.65,1713.4,2448.9,1727.8,2453.55,1745.9,2456.15,1757.15,2456.65,1771.65,2451.5,1782.45,2440.15,1794.8,2426.8,1800.45,2414.9,1801,2400.5,1795.3,2388.15,1790.65,2377.85,1789.15,2358.75,1789.65,2344.35,1783.95,2338.7,1771.65,2336.6,1759.75,2335.1,1743.75,2334,1729.9,2339.2,1717.5,2345.35,1704.65,2357.7,1693.75,2373.2,1688.65
2-8,Uninfected,No_comment,Polygon,25,2157.7,1519.6,2172.1,1521.6,2183.45,1524.1,2193.75,1529.35,2203.5,1539.6,2211.75,1553.1,2217.95,1567.5,2222.1,1579.85,2225.75,1592.25,2226.2,1605.6,2222.1,1617,2214.35,1628.35,2202.5,1637.1,2189.6,1638.6,2173.2,1633.85,2157.7,1633,2144.9,1631.35,2128.9,1623.6,2114.4,1609.85,2109.7,1598.5,2105.65,1579.85,2107.7,1559.8,2113.4,1539.6,2124.7,1526.1,2140.7,1519.1
2-9,Uninfected,No_comment,Polygon,25,2043.25,1592.25,2053.05,1592.25,2067.5,1594.4,2078.3,1602.7,2085,1608.75,2091.65,1618.5,2096.9,1626.75,2103.55,1641.75,2103.55,1654.05,2099.4,1665.45,2095.3,1672.7,2091.15,1685,2088.65,1694.3,2079.3,1707.2,2065.4,1712.3,2048.9,1714.45,2034,1710.25,2019.55,1703.05,2006.7,1689.7,1994.8,1672.7,1989.7,1655.15,1987.6,1633,1995.35,1610.25,2011.3,1596.4,2026.75,1592.25
2-10,Uninfected,No_comment,Polygon,21,2174.2,1644.8,2180.9,1644.8,2192.75,1649.95,2208.2,1665.45,2214.9,1677.8,2218.5,1691.7,2219.05,1706.65,2215.95,1719.55,2209.75,1734.55,2203.05,1747.85,2186.55,1756.15,2162.35,1760.8,2142.3,1756.2,2126.8,1750.5,2115.95,1739.65,2104.6,1721.15,2101.55,1695.8,2107.2,1670.55,2119.55,1655.65,2138.65,1646.95,2157.2,1643.8
2-11,Uninfected,No_comment,Polygon,26,2264.9,1468,2277.3,1469.05,2288.6,1469.05,2304.55,1471.6,2318.5,1486.55,2325.75,1501,2328.8,1517.05,2329.35,1529.85,2322.65,1548.95,2312.8,1555.65,2302.55,1566.45,2293.25,1577.85,2285,1588.7,2279.85,1596.35,2271.1,1603.05,2261.25,1604.6,2249.95,1603.65,2242.25,1599.95,2235.55,1590.2,2232.9,1575.75,2222.65,1555.15,2213.35,1540.7,2208.7,1525.75,2210.25,1504.6,2222.65,1480.9,2239.6,1470.6
2-12,Uninfected,No_comment,Polygon,24,2347.85,1557.7,2359.25,1554.6,2372.65,1554.1,2384.45,1557.7,2395.3,1565.95,2401.5,1571.15,2407.15,1580.4,2411.8,1592.25,2412.8,1604.6,2412.35,1619.55,2406.15,1635,2396.85,1648.4,2381.9,1660.35,2362.8,1665.95,2343.25,1669.05,2321.1,1669.55,2306.15,1664.45,2290.7,1650.5,2285.55,1639.65,2280.3,1621.6,2281.9,1603.05,2294.3,1585,2314.4,1568,2333.45,1559.75
2-13,Uninfected,No_comment,Polygon,21,2005.65,1263.4,2026.75,1264.45,2042.75,1268.55,2059.75,1281.95,2067.95,1294.85,2073.65,1313.4,2072.65,1327.3,2069.05,1344.35,2061.25,1359.25,2046.3,1371.65,2029.35,1381.45,2013.85,1386.1,1994.3,1388.65,1976.75,1383.5,1959.25,1369.6,1949.95,1356.7,1944.8,1343.3,1945.85,1319.6,1953.55,1297.95,1964.4,1279.9,1978.3,1268.05
2-14,Uninfected,No_comment,Polygon,22,2085,1367.5,2095.85,1367.5,2112.8,1371.65,2126.75,1379.9,2135.5,1392.25,2142.75,1403.6,2146.85,1415.95,2148.4,1428.85,2144.8,1443.8,2136.55,1460.8,2125.2,1473.7,2112.35,1483,2088.6,1487.1,2071.1,1486.1,2049.45,1478.35,2036.05,1465.95,2026.2,1447.4,2023.15,1423.7,2025.75,1404.1,2036.05,1389.15,2058.2,1374.2,2072.1,1368.55
2-15,Uninfected,No_comment,Polygon,19,1931.35,1436.1,1944.3,1436.1,1963.35,1438.6,1974.6,1443.3,1986.05,1454.15,1990.2,1468.5,1991.1,1478.35,1991.1,1493.3,1986.05,1506.65,1972.1,1527.75,1951.5,1540.1,1927.35,1547.35,1908.3,1543.8,1895.35,1536.6,1887.1,1523.65,1881.95,1497.9,1884.6,1473.65,1894.35,1450.5,1908.3,1440.15
2-16,Uninfected,No_comment,Polygon,21,1853.55,1319.05,1872.1,1320.6,1892.75,1326.3,1905.1,1337.6,1915.35,1352.05,1923.15,1375.25,1923.65,1393.8,1920.6,1409.8,1911.8,1424.2,1895.3,1436.1,1877.8,1442.25,1860.25,1443.8,1838.6,1437.6,1826.2,1427.3,1811.25,1414.45,1802.55,1400,1799.95,1380.4,1801.5,1357.2,1811.25,1337.1,1826.75,1323.7,1840.7,1319.05
2-17,Uninfected,No_comment,Polygon,21,1679.85,1470.6,1690.7,1471.15,1703.6,1475.75,1714.9,1482.95,1727.85,1496.35,1732.95,1510.35,1736.55,1529.35,1737.05,1546.9,1730.4,1565.45,1716,1582.95,1696.9,1592.8,1679.4,1596.95,1658.7,1596.95,1645.35,1590.2,1628.8,1576.25,1621.6,1558.75,1618,1532.95,1622.7,1514.4,1636.1,1484.55,1654.6,1473.7,1663.4,1470.05
2-18,Uninfected,No_comment,Polygon,21,1806.2,1453.05,1817,1453.05,1834.55,1457.2,1851.5,1468,1862.85,1485,1867,1502.05,1868.55,1514.9,1867,1533.5,1861.3,1546.9,1845.9,1561.3,1826.25,1569.05,1799.5,1573.7,1780.4,1572.65,1764.45,1564.9,1756.7,1552.55,1753.05,1536.55,1749.5,1517.5,1749.5,1495.85,1760.3,1475.3,1773.7,1461.3,1787.65,1455.1
2-19,Uninfected,No_comment,Polygon,21,1868,1573.7,1880.4,1574.7,1895.35,1580.4,1908.2,1588.1,1919.05,1601,1923.15,1614.9,1927.85,1630.4,1927.85,1646.35,1918,1663.9,1903.05,1679.35,1890.2,1685.55,1866,1688.1,1841.2,1684.55,1820.55,1676.75,1805.15,1663.9,1795.35,1648.95,1788.65,1634,1790.7,1609.75,1804.1,1589.65,1822.7,1582.95,1848.45,1575.3
2-20,Uninfected,No_comment,Polygon,24,1541.75,1581.4,1555.6,1582,1570.55,1584.55,1585.5,1586.55,1595.9,1598.4,1603.6,1612.35,1604.6,1634.55,1602.6,1645.4,1596.35,1661.3,1586.1,1674.2,1572.1,1682.95,1559.75,1685,1539.65,1686.55,1516,1694.3,1506.2,1696.35,1487.65,1692.8,1475.25,1680.4,1470.1,1662.9,1470.1,1641.7,1471.15,1618,1480.4,1599.5,1494.8,1585.55,1513.4,1579.35,1527.85,1577.85
2-21,Uninfected,No_comment,Polygon,27,1558.7,1432.95,1570.1,1430.4,1594.35,1433.5,1607.75,1441.7,1614.9,1453.65,1621.15,1463.35,1622.7,1480.9,1615.4,1497.4,1610.3,1508.75,1605.6,1527.3,1605.6,1542.8,1605.6,1561.3,1604.1,1570.6,1594.35,1576.25,1582.95,1576.25,1569.05,1572.15,1555.6,1567.05,1536.1,1562.35,1525.25,1556.65,1519.55,1542.25,1517.55,1522.65,1512.35,1505.65,1507.75,1492.8,1505.15,1475.3,1511.3,1452.05,1526.8,1437.6,1536.55,1434.55
2-22,Uninfected,No_comment,Polygon,20,1644.4,1253.05,1651.55,1251.5,1667.05,1252,1685.55,1259.75,1704.65,1274.7,1716.05,1295.85,1719.05,1312.35,1716.05,1332.95,1709.8,1347.4,1695.95,1365.95,1673.7,1377.3,1654.15,1381.9,1632.5,1378.85,1609.8,1371.1,1595.4,1357.2,1588.7,1338.1,1586.15,1316.45,1588.7,1289.15,1600.5,1270.6,1622.15,1258.2
2-23,Uninfected,No_comment,Polygon,20,1571.2,1140.15,1593.3,1137.6,1610.35,1142.25,1629.45,1154.6,1638.7,1165.95,1644.85,1180.35,1646.95,1196.35,1645.95,1216.95,1635.55,1233.45,1620.6,1243.25,1601.55,1251.5,1582,1253.05,1561.9,1247.4,1550,1236.05,1538.15,1215.95,1532.5,1199.45,1528.85,1178.3,1532,1161.3,1543.8,1148.4,1555.65,1142.75
2-24,Uninfected,No_comment,Polygon,19,1487.1,1211.3,1503.1,1211.8,1519.6,1219.05,1531.45,1228.85,1538.7,1238.6,1542.85,1248.95,1545.95,1261.8,1543.3,1285,1539.2,1297.4,1526.3,1313.35,1513.4,1322.15,1494.4,1325.75,1474.3,1320.6,1454.65,1308.2,1446.4,1292.75,1440.25,1269.05,1445.4,1240.7,1463.9,1214.4,1476.85,1210.25
2-25,Uninfected,No_comment,Polygon,21,1421.2,1108.7,1439.2,1107.7,1459.35,1107.7,1476.3,1114.4,1489.2,1123.65,1496.4,1140.7,1498.5,1157.7,1496.4,1173.15,1485.05,1185,1469.05,1197.4,1453.1,1209.25,1434.55,1218,1412.9,1220.6,1395.4,1218.5,1381,1209.25,1368.6,1197.4,1363.9,1181.9,1363.9,1160.25,1369.6,1145.85,1379.9,1127.8,1400.5,1114.4
2-26,Uninfected,No_comment,Polygon,18,1466.1,967.75,1486.1,973.85,1501.1,985.5,1517.15,999.95,1526.1,1016.1,1530,1045.5,1528.35,1066.65,1518.35,1075.5,1495,1089.4,1478.9,1092.25,1450,1091.65,1429.4,1083.85,1410.55,1069.4,1399.4,1051.1,1395.55,1026.65,1400.55,998.85,1418.35,975.5,1449.4,966.65
2-27,Uninfected,No_comment,Polygon,21,1298.9,971.1,1317.2,971.65,1338.3,979.95,1353.9,988.3,1365,1004.95,1371.1,1017.75,1372.75,1032.25,1370,1046.65,1361.1,1062.75,1349.4,1073.85,1332.15,1077.75,1312.75,1077.75,1295.55,1074.4,1274.45,1067.75,1256.65,1060.5,1243.9,1049.4,1237.2,1026.65,1239.45,1006.65,1248.3,987.2,1266.1,973.85,1283.9,970.5
2-28,Uninfected,No_comment,Polygon,20,1243.9,1080.5,1257.2,1081.1,1277.2,1083.85,1300.55,1091.1,1312.2,1097.25,1320.55,1113.3,1325,1128.3,1325.55,1143.3,1321.65,1160.5,1309.45,1181.1,1291.65,1195.5,1271.1,1200.5,1248.9,1200,1227.2,1192.75,1207.2,1181.1,1192.2,1165.5,1187.2,1142.25,1193.9,1110.5,1212.75,1088.85,1227.75,1080.5
2-29,Uninfected,No_comment,Polygon,20,1653.9,829.4,1673.35,828.25,1686.65,829.4,1700.55,840.5,1707.25,850.5,1715.55,871.05,1720,887.75,1720,903.25,1713.9,920.5,1701.1,933.85,1677.8,946.65,1653.9,948.25,1630,942.2,1613.35,932.2,1599.45,919.4,1592.2,897.75,1591.1,872.75,1600,848.25,1616.1,831.65,1636.1,828.8
2-30,Uninfected,No_comment,Polygon,19,1621.65,957.2,1635.55,960.5,1657.8,970.5,1671.1,982.7,1680.55,999.4,1687.25,1019.4,1683.35,1041.1,1675,1064.95,1658.9,1076.1,1635.55,1081.65,1612.8,1079.4,1595,1071.65,1582.8,1057.7,1571.65,1040.5,1566.65,1020.5,1566.65,990.5,1577.2,969.4,1596.1,957.2,1608.35,956.1
2-31,Uninfected,No_comment,Polygon,21,1652.2,712.25,1666,715,1681.7,718.85,1693.85,728.35,1704.95,741.1,1713.75,756.1,1711.65,783.35,1701,801.1,1690.45,810,1673.2,815.5,1656.7,817.25,1629.95,818.85,1606.7,821.1,1590.55,812.75,1574.95,796.1,1569.45,774.45,1568.9,755.5,1574.45,740.5,1589.95,727.75,1613.3,717.25,1633.3,712.25
2-32,Uninfected,No_comment,Polygon,22,1811.65,646.1,1819.95,648.35,1832.7,653.35,1844.4,663.85,1853.8,673.35,1862.7,687.2,1865.5,706.6,1864.4,720.5,1858.8,735.5,1846.05,753.35,1832.2,765.6,1813.25,774.95,1791.65,778.85,1768.85,772.2,1755,757.75,1738.85,734.45,1734.4,716.1,1735.55,695.5,1746.1,671.1,1759.4,657.75,1776.65,649.45,1793.85,645.55
2-33,Uninfected,No_comment,Polygon,22,1549.45,603.35,1569.45,607.75,1584.45,613.35,1601.1,625,1616.65,643.9,1624.45,657.75,1626.65,670.55,1622.8,683.35,1613.35,696.65,1603.35,707.2,1585.55,716.65,1566.65,724.45,1544.45,728.9,1526.65,725,1506.65,713.9,1492.25,696.65,1483.35,673.9,1482.25,657.75,1482.25,642.2,1492.25,625,1508.9,613.35,1523.9,607.2
2-34,Uninfected,No_comment,Polygon,21,1748.3,512.75,1765,515,1786.15,520.55,1803.9,531.1,1816.65,550,1823.9,561.1,1827.2,577.75,1823.3,596.65,1815.55,612.75,1804.4,626.1,1788.3,635,1767.2,641.65,1750,643.3,1731.15,638.3,1717.75,627.75,1704.45,610,1698.85,589.45,1698.85,563.9,1703.3,536.65,1720,520,1731.65,513.9
2-35,Uninfected,No_comment,Polygon,20,1929.45,585.55,1937.2,585.55,1947.2,587.75,1966.15,597.75,1981.65,608.9,1990,618.9,1997.2,632.2,1998.9,649.45,1993.9,666.65,1987.75,683.9,1974.45,700,1955.55,710,1934.45,711.1,1910,707.75,1893.3,692.75,1883.9,676.1,1877.75,654.45,1881.65,624.45,1894.4,598.9,1908.9,586.65
2-36,Uninfected,No_comment,Polygon,19,2021.65,497.75,2036.15,498.3,2055.55,504.45,2070,517.2,2080.55,530,2087.2,546.65,2087.75,566.1,2082.75,581.1,2068.9,598.3,2047.2,606.1,2021.65,610,2007.2,607.2,1990,596.65,1974.45,579.45,1965.55,565,1965.55,542.75,1971.15,524.45,1986.15,504.45,2001.15,498.9
2-37,Uninfected,No_comment,Polygon,24,2069.45,621.1,2080.55,621.65,2100,628.9,2113.35,640,2126.1,655,2132.2,668.9,2131.65,686.1,2127.75,703.3,2119.45,716.65,2110,727.75,2089.45,735,2069.45,733.9,2048.9,737.75,2033.3,743.9,2020.55,742.75,2007.75,735,1996.65,723.3,1992.75,706.65,1998.3,693.3,2008.3,672.75,2011.65,654.45,2022.75,634.45,2038.9,625,2054.45,621.1
2-38,Uninfected,No_comment,Polygon,20,1842.2,401.1,1862.2,404.45,1880,420,1888.3,435.55,1893.9,452.2,1896.15,473.35,1890.55,494.45,1881.15,511.1,1861.65,525,1840.55,530.55,1813.3,523.9,1792.75,511.65,1774.4,492.2,1767.2,467.75,1766.65,446.65,1772.2,422.75,1785,409.45,1798.3,401.1,1818.3,400,1828.3,399.45
2-39,Uninfected,No_comment,Polygon,20,1802.2,258.9,1818.3,260.55,1830.55,266.65,1842.2,278.9,1851.65,296.65,1856.15,312.75,1863.9,326.1,1868.9,344.45,1860.55,363.35,1847.2,376.1,1827.2,386.1,1803.3,383.9,1784.4,374.45,1771.15,357.75,1762.2,341.65,1758.3,324.45,1758.3,307.75,1761.65,285.55,1771.65,268.35,1786.15,260
2-40,Uninfected,No_comment,Polygon,22,1689.45,306.65,1699.45,307.2,1715.55,309.45,1736.15,318.35,1745,327.75,1751.65,342.2,1756.65,359.45,1764.4,375,1773.3,383.9,1775.55,395,1767.2,405.55,1752.2,415,1730.55,423.9,1708.3,427.2,1689.45,422.75,1671.15,412.2,1655.55,396.1,1652.2,379.45,1651.1,353.9,1655,333.9,1662.75,316.65,1673.3,309.45
2-41,Uninfected,No_comment,Polygon,20,1931.15,322.2,1941.15,322.75,1955.55,325.55,1970.55,333.35,1985,353.9,1991.65,366.65,1996.65,380,1995.55,399.45,1986.65,425,1973.9,436.1,1950.55,444.45,1933.9,443.9,1913.9,437.2,1900,425.55,1887.75,410.55,1885,391.1,1881.65,367.2,1887.75,346.1,1898.9,331.1,1911.15,325
2-42,Uninfected,No_comment,Polygon,18,2100.6,313.8,2116.65,316.6,2138.35,322.2,2153.35,328.8,2164.45,341.05,2167.2,353.8,2165,372.75,2156.65,389.35,2134.45,409.95,2111.65,418.8,2080.6,422.75,2057.2,419.35,2033.9,403.8,2031.15,387.75,2030.6,360.5,2037.75,339.95,2058.9,318.8,2082.2,311.6
2-43,Uninfected,No_comment,Polygon,21,2155.6,189.9,2168.35,193.8,2189.45,200.5,2203.9,210.5,2213.9,221.6,2224.45,233.3,2230.6,246.05,2230.6,268.3,2228.9,284.35,2218.35,301.05,2201.65,311.6,2180,320.5,2163.9,319.95,2143.35,312.2,2125.6,303.8,2108.35,292.75,2095.6,271.6,2097.2,247.2,2103.35,224.35,2116.65,203.3,2133.35,192.15
2-44,Uninfected,No_comment,Polygon,23,2016.15,93.3,2031.15,92.75,2050.6,95.5,2072.75,106.1,2085,122.15,2094.45,138.3,2101.65,155.5,2103.85,173.85,2097.2,195.5,2083.35,217.2,2070.6,229.35,2046.15,239.95,2016.15,244.35,1996.15,240.5,1977.2,229.35,1963.35,213.8,1957.75,192.15,1957.75,175.5,1952.75,156.6,1953.35,138.3,1965,114.9,1978.9,99.9,2000,94.35
2-45,Uninfected,No_comment,Polygon,19,2248.35,103.3,2257.75,103.8,2276.1,116.05,2287.75,127.65,2297.15,147.1,2301.65,157.15,2305.6,178.3,2300.6,197.15,2288.85,213.85,2269.4,220.5,2245,222.15,2231.7,218.8,2216.7,206.55,2203.35,189.3,2197.2,174.9,2201.1,144.85,2212.2,122.65,2226.7,106.55,2236.7,104.3
2-46,Uninfected,No_comment,Polygon,21,2347.8,34.35,2360.55,35.5,2377.25,40.5,2391.1,53.3,2400,71.1,2407.8,86.1,2412.25,104.35,2410.55,122.2,2405,139.95,2393.35,156.6,2375,167.2,2357.25,170.5,2342.8,168.3,2329.45,159.95,2317.8,145.5,2305.55,122.75,2300.55,102.75,2298.9,76.6,2305.55,51.6,2322.25,34.9,2336.1,32.75
2-47,Uninfected,No_comment,Polygon,21,2416.65,197.2,2428.9,196.6,2442.25,200.5,2462.8,211.05,2476.65,222.75,2485,234.95,2492.75,251.05,2492.75,273.8,2490,288.3,2483.35,304.35,2463.9,316.05,2436.65,318.8,2418.9,317.2,2399.45,306.6,2385.55,293.8,2377.8,281.05,2366.65,261.6,2363.35,239.95,2368.9,221.05,2385.55,203.8,2402.25,194.95
2-48,Uninfected,No_comment,Polygon,20,2507.75,4.9,2520,14.9,2526.1,28.85,2532.25,39.9,2536.1,62.15,2533.9,78.3,2525.5,99.9,2513.9,113.3,2494.45,122.75,2474.45,125.5,2456.1,119.9,2443.9,110.5,2432.8,96.1,2426.65,78.3,2425.55,61.1,2428.35,42.15,2438.9,19.35,2450,3.85,2479.45,1.1,2496.7,2.15
2-49,Uninfected,No_comment,Polygon,20,2608.9,29.35,2621.7,30.5,2641.1,38.85,2651.1,47.75,2660,58.3,2667.75,76.6,2667.75,96.6,2660.5,114.35,2648.9,133.3,2635,144.35,2611.7,152.75,2584.45,156.6,2568.35,152.75,2556.1,142.2,2545,127.2,2540,108.3,2542.75,81.1,2557.25,59.35,2579.45,39.9,2590.5,29.9
2-50,Uninfected,No_comment,Polygon,21,2558.35,234.45,2573,233.9,2587.15,240.65,2597.9,252.5,2605.3,266.65,2604.65,285.85,2599,301.7,2594.5,314.1,2592.25,332.75,2592.25,348,2584.9,363.85,2569.65,378.5,2547.6,384.75,2532.35,383.05,2518.2,375.7,2504.1,366.65,2498.45,353.1,2496.2,323.15,2501.25,300.55,2516,262.15,2536.3,241.2
2-51,Uninfected,No_comment,Polygon,20,2343.7,283.6,2352.65,285.3,2366.8,292.05,2380.9,304.5,2392.2,316.95,2401.25,328.25,2408.65,348.55,2405.2,368.35,2397.85,385.85,2385.45,397.75,2369.1,406.2,2345.4,410.15,2327.8,407.9,2306.95,399.4,2287.7,381.35,2278.7,360.45,2278.7,332.75,2283.75,311.3,2299,290.4,2322.15,284.75
2-52,Uninfected,No_comment,Polygon,18,2651,278.5,2660.6,278.5,2683.75,284.75,2701.85,299.4,2711.45,314.65,2710.9,334.45,2707.5,357.05,2701.35,375.7,2691.65,393.75,2674.2,397.75,2646.45,398.3,2631.8,393.75,2619.4,383.05,2606.4,366.65,2601.25,347.45,2604.1,325.95,2614.25,298.3,2628.4,283.6
2-53,Uninfected,No_comment,Polygon,19,2626.15,413.55,2637.45,413.55,2651.6,417.5,2667.45,425.4,2679.85,437.3,2685.5,452.55,2689.4,467.2,2687.7,483.6,2681.55,502.8,2668.55,521.45,2641.4,537.85,2614.25,542.95,2589.45,537.3,2575.3,527.7,2559.45,506.75,2554.45,482.5,2560.6,453.1,2579.85,431.65,2603.55,416.35
2-54,Uninfected,No_comment,Polygon,18,2197.3,437.3,2209.15,438.4,2226.75,448,2239.15,459.3,2247.65,473.4,2253.3,493.2,2252.65,509.6,2243.05,527.7,2226.1,541.8,2210.9,547.45,2184.35,547.45,2167.9,541.8,2152.7,528.8,2139.65,507.3,2140.8,486.4,2148.15,462.1,2165.7,444.65,2182.65,438.4
2-55,Uninfected,No_comment,Polygon,18,2272.45,572.3,2281.55,571.15,2296.15,571.75,2317.15,577.4,2332.4,587,2342.55,605.05,2347.6,624.3,2346.5,638.45,2341.35,656.5,2321.1,672.85,2303,680.2,2280.4,683.05,2257.2,675.15,2244.2,665,2235.2,648.55,2230.7,625.95,2236.35,602.25,2254.35,580.25
2-56,Uninfected,No_comment,Polygon,22,2456.05,528.25,2465.65,529.9,2479.25,538.4,2488.25,548.05,2497.95,565.5,2501.85,577.4,2504.1,602.25,2500.75,620.3,2490.55,637.85,2475.85,651.95,2457.2,660.45,2434.6,661.05,2412,651.95,2399.55,642.9,2389.4,627.15,2383.75,606.8,2383.25,587,2387.75,564.4,2397.85,544.65,2415.4,531.1,2432.95,526.55,2442.55,525.95
2-57,Uninfected,No_comment,Polygon,22,2351.55,445.15,2359.5,446.85,2375.25,454.25,2388.9,471.2,2395.6,487,2398.45,508.5,2395.6,520.3,2391.1,533.9,2386.05,544.65,2379.8,556.5,2370.2,570.05,2357.8,577.95,2345.4,579.1,2330.65,575.7,2322.15,567.8,2310.3,554.8,2299.55,533.9,2296.75,515.8,2295.65,496.6,2299,475.1,2310.3,455.35,2326.1,446.35
2-58,Uninfected,No_comment,Polygon,23,2548.15,618.1,2561.7,619.8,2582.05,626.55,2591.65,632.2,2604.65,645.8,2609.15,655.9,2614.25,672.35,2614.25,696.1,2609.75,721.5,2598.45,740.15,2581.5,754.25,2561.7,761.6,2530.65,766.15,2513.7,761.6,2496.75,751.45,2486.55,735.65,2479.2,723.7,2474.7,705.65,2474.7,686.45,2477.55,668.4,2491.1,650.25,2508.05,632.2,2523.85,621.5
2-59,Uninfected,No_comment,Polygon,27,2773.6,516.95,2780.95,517.5,2795.05,523.75,2809.2,533.9,2819.9,546.35,2828.4,560.5,2835.75,575.15,2840.25,589.85,2840.8,602.85,2839.15,614.7,2825.55,625.45,2812.55,631.65,2803.55,637.85,2788.85,645.8,2771.9,648.05,2755.5,646.9,2740.25,641.25,2726.15,631.1,2714.85,618.65,2708.6,605.05,2704.65,585.9,2704.65,567.8,2711.45,549.75,2720.5,532.25,2734.6,520.3,2748.15,513.55,2758.35,513
2-60,Uninfected,No_comment,Polygon,20,2745.35,365,2754.4,364.4,2770.75,365,2783.75,374,2791.1,384.2,2796.75,396.6,2799,408.5,2798.5,423.75,2795.65,437.85,2786,455.95,2769.05,466.65,2749.3,471.75,2732.9,471.25,2714.85,459.35,2704.1,446.35,2699,427.7,2698.45,406.8,2704.1,389.3,2717.1,374,2727.25,368.35
2-61,Uninfected,No_comment,Polygon,24,2871.35,448.65,2885.45,448.65,2904.1,456.5,2915.95,468.95,2926.7,480.8,2941.4,497.2,2947.05,511.3,2948.75,527.15,2946.5,544.1,2939.75,558.2,2926.15,572.95,2910.9,584.25,2890.55,590.95,2870.75,588.7,2852.15,579.65,2841.95,566.1,2832.9,550.85,2826.75,540.75,2818.8,528.8,2813.15,509.05,2814.25,492.65,2824.45,472.9,2840.25,454.8,2854.4,449.15
2-62,Uninfected,No_comment,Polygon,29,2808.6,277.4,2827.25,275.15,2841.4,277.95,2856.1,283.05,2862.3,289.25,2862.85,300,2856.1,311.3,2856.65,322.05,2857.8,342.95,2860.65,355.95,2866.8,369.55,2871.95,381.35,2871.95,394.35,2869.65,405.65,2860.05,416.4,2849.35,424.3,2835.2,426.55,2822.2,425.45,2814.25,416.4,2808.6,399.45,2807.5,386.5,2796.75,374.6,2787.2,368.35,2778.1,359.35,2771.35,342.4,2771.9,326,2775.9,307.4,2786,290.95,2794.5,282.5
2-63,Uninfected,No_comment,Polygon,25,2925.6,237.85,2935.75,239,2951.05,242.4,2967.4,251.4,2977.55,262.2,2986.05,275.15,2992.8,288.7,2996.2,300,2997.9,318.1,2994.5,335.65,2987.75,348.6,2977,361.6,2956.7,372.35,2936.3,381.9,2919.35,385.9,2901.3,387.55,2889.4,383.05,2877.6,373.45,2871.35,359.9,2864.55,334.45,2867.4,307.9,2873.05,285.9,2883.25,261.6,2897.35,246.9,2907.5,241.25
2-64,Uninfected,No_comment,Polygon,25,2991.1,365.55,3001.3,366.1,3014.85,368.35,3028.95,375.7,3036.9,385.9,3043.65,394.95,3048.75,409.1,3053.25,425.45,3051,440.7,3045.35,454.3,3033.5,474.05,3022.2,483.6,3002.4,492.65,2983.75,494.35,2961.15,493.25,2949.85,485.9,2939.75,474.05,2930.1,462.15,2921.05,444.65,2921.6,425.45,2926.7,411.9,2936.9,401.7,2954.4,388.15,2969.65,378,2980.4,369.55
2-65,Uninfected,No_comment,Polygon,28,3060.05,201.65,3070.2,202.25,3084.35,207.3,3096.2,220.85,3106.35,237.8,3112.6,250.25,3116,266.65,3115.4,283,3116,298.3,3112.6,327.1,3113.15,342.9,3108.05,355.35,3094.5,372.3,3078.1,379.65,3057.8,379.05,3040.25,375.1,3029.55,366.1,3018.8,354.8,3014.85,336.15,3014.85,318.05,3009.2,299.4,3001.3,282.45,2997.9,269.45,2997.35,253.65,3003.55,238.4,3013.15,222,3029.55,207.9,3044.2,202.25
2-66,Uninfected,No_comment,Polygon,25,3196.2,210.7,3201.3,210.15,3213.7,212.4,3227.85,222,3238,231.6,3246.5,241.2,3251.6,251.4,3250.45,264.95,3248.75,278.5,3246.5,292.05,3240.85,306.75,3227.3,318.6,3212.6,331.05,3197.9,339.5,3176.45,345.15,3157.2,344.6,3141.4,338.95,3126.15,327.65,3121.65,310.15,3122.75,289.8,3130.1,267.2,3137.45,243.45,3149.9,226.5,3162.85,216.35,3179.8,211.85
2-67,Uninfected,No_comment,Polygon,24,3144.25,366.65,3153.25,363.8,3166.85,362.1,3178.7,361.55,3187.15,364.95,3190.55,374,3194.5,385.3,3199.05,394.9,3202.4,408.45,3199.6,430.5,3190,451.4,3182.1,463.25,3170.2,475.1,3154.4,483.6,3126.15,492.65,3110.35,490.95,3092.25,484.15,3080.95,473.45,3075.3,455.35,3073.6,436.7,3077.55,416.35,3091.7,393.2,3114.3,375.1,3125.6,368.9
2-68,Uninfected,No_comment,Polygon,22,3279.85,326.55,3286.6,326.55,3301.85,326.55,3315.4,336.15,3326.15,348.55,3333.5,359.85,3338.6,376.25,3340.85,396.6,3339.15,412.4,3329,428.25,3310.35,448,3287.15,458.75,3261.2,459.3,3247.05,454.2,3229,445.2,3219.35,433.3,3212.6,416.35,3212.6,392.65,3219.95,367.75,3229.55,348.55,3247.05,336.7,3262.3,328.8
2-69,Uninfected,No_comment,Polygon,21,3196.8,482.5,3210.9,484.75,3224.45,493.8,3232.4,507.35,3238.05,526,3240.3,541.25,3237.45,562.15,3227.3,585.9,3213.75,598.85,3195.1,606.2,3175.3,606.8,3154.95,602.85,3137.45,597.75,3123.35,586.45,3113.8,568.95,3113.15,548.6,3117.7,529.95,3127.3,514.1,3143.65,504.5,3164,490.95,3179.85,483.6
2-70,Uninfected,No_comment,Polygon,25,3134.65,608.5,3147.65,610.75,3169.05,616.35,3186.05,620.35,3193.45,626.95,3196.15,635,3191.65,655.95,3188.8,666.1,3185.45,686.45,3184.4,705.6,3183.15,719.75,3174.15,737.85,3157.2,754.75,3131.85,762.7,3103,763.25,3086.6,758.75,3071.4,751.35,3056.1,737.25,3049.35,717.5,3045.35,693.75,3053.25,669.5,3062.85,638.85,3077.65,620.85,3099.1,607.9,3118.25,605.65
2-71,Uninfected,No_comment,Polygon,27,3312.6,495.45,3321.6,495.45,3335.75,495.45,3351.55,501.1,3365.7,511.3,3374.75,521.45,3380.4,536.15,3381.5,548,3379.25,562.7,3372.45,576.85,3362.85,590.95,3354.95,602.25,3347.6,613,3343.65,620.35,3332.9,624.85,3321.05,625.4,3309.2,622.05,3298.45,612.45,3284.9,600.55,3270.75,593.8,3257.2,582.5,3252.15,563.25,3253.8,543.5,3260.05,527.1,3270.75,510.75,3287.7,498.85,3301.3,494.35
2-72,Uninfected,No_comment,Polygon,22,3256.1,605.1,3262.3,605.65,3277,610.75,3293.35,619.2,3302.4,627.7,3308.05,639.55,3312,654.25,3315.95,670.05,3312.6,689.25,3307.5,705.65,3298.45,719.8,3280.4,734.45,3261.75,741.8,3234.6,745.75,3218.25,740.7,3204.65,729.4,3195.65,711.3,3195.05,690.95,3202.95,658.75,3208.05,636.15,3219.9,616.4,3232.35,608.45
2-73,Uninfected,No_comment,Polygon,24,3401.85,587.55,3414.3,588.15,3432.35,594.9,3444.25,606.8,3453.85,619.2,3458.9,634.45,3457.8,650.85,3454.95,666.65,3448.75,677.4,3436.3,686.45,3422.75,696.6,3406.95,699.45,3390.55,701.7,3373.6,705.65,3357.2,705.1,3340.25,698.3,3332.35,685.3,3327.85,671.2,3326.7,650.85,3334.05,635.05,3345.35,625.4,3362.85,609.6,3374.15,599.45,3387.75,592.1
2-74,Uninfected,No_comment,Polygon,22,3443.65,396.05,3454.4,397.15,3468.5,400,3482.65,407.35,3490.55,418.05,3497.35,429.35,3500.15,442.95,3502.4,459.3,3501.85,479.1,3493.95,502.25,3480.95,519.2,3465.7,528.25,3443.65,534.45,3422.75,535.6,3403,529.35,3389.4,516.4,3380.4,499.45,3377,482.5,3379.8,453.65,3391.7,428.8,3406.35,410.7,3421.05,400
2-75,Uninfected,No_comment,Polygon,19,2857.8,626.55,2863.95,626.55,2877.55,629.4,2893.4,639.6,2903.55,655.4,2907.55,672.85,2906.3,693.25,2899.05,711.3,2890.55,730,2875.3,739.55,2847.6,739,2826.7,739.45,2806.4,728.2,2795.05,711.3,2791.1,685.85,2796.75,665.55,2808.7,647.45,2830.65,634.5,2844.2,628.85
2-76,Uninfected,No_comment,Polygon,19,2966.25,670.65,2976.45,671.2,2990.55,675.15,3004.1,684.15,3013.15,696.65,3022.75,712.4,3029.05,732.2,3032.35,751.45,3020.55,774.55,3007.5,789.3,2990,801.15,2968,805.65,2940.85,798.85,2926.15,791,2912,772.9,2908.65,747.5,2914.3,715.25,2924.5,693.25,2941.45,676.85
2-77,Uninfected,No_comment,Polygon,20,2850.45,754.25,2862.35,754.25,2874.15,755.4,2891.7,771.75,2899.1,784.75,2902.4,801.7,2902.4,819.25,2897.35,840.7,2886.05,856.55,2869.65,870.1,2849.35,872.9,2829.55,869.5,2805.25,862.2,2792.25,848,2787.2,829.4,2786.1,810.15,2786.1,790.4,2799,771.2,2816.55,757.6,2832.4,755.4
2-78,Uninfected,No_comment,Polygon,20,2530.1,863.85,2540.8,863.85,2553.25,865.55,2572.5,876.3,2581.5,886.45,2589.95,905.1,2594.5,922.6,2592.8,940.7,2584.9,961.05,2570.2,975.75,2552.1,983.65,2526.7,987.05,2507.5,981.95,2490.55,968.95,2477.55,952.55,2469.6,934.5,2466.8,919.25,2470.8,896.65,2485.45,875.75,2505.2,866.7
2-79,Uninfected,No_comment,Polygon,21,2713.75,821.5,2728.4,823.2,2738.55,823.2,2755.5,831.65,2770.75,848.6,2777,859.35,2782.65,872.9,2784.35,890.4,2779.8,902.3,2774.15,918.1,2765.1,933.35,2751.55,945.2,2732.35,948.6,2708.6,947.5,2689.4,935.6,2678.1,923.75,2666.8,908.5,2662.3,884.2,2667.35,857.65,2683.75,835.6,2700.7,824.9
2-80,Uninfected,No_comment,Polygon,20,2840.85,886.45,2849.35,885.9,2864,889.3,2881.5,904,2892.8,918.65,2897.35,937.9,2896.2,955.95,2890.55,972.9,2878.7,992.7,2861.15,1004,2841.4,1009.65,2820.5,1009.05,2800.7,1004,2789.4,991,2779.8,974.6,2774.15,951.45,2778.1,927.15,2795.05,902.3,2813.15,888.7,2826.15,887.05
2-81,Uninfected,No_comment,Polygon,18,2716.55,996.05,2728.4,995.5,2745.9,1003.4,2763.4,1015.3,2769.05,1024.3,2774.15,1037.3,2775.9,1055.95,2773.05,1074.6,2758.95,1094.95,2743.1,1105.7,2721.6,1110.2,2701.25,1107.4,2683.75,1096.1,2673.6,1078.55,2670.75,1057.1,2674.2,1034.5,2686.6,1007.95,2700.7,997.75
2-82,Uninfected,No_comment,Polygon,22,2370.7,1015.35,2382.6,1015.85,2402.35,1022.1,2415.35,1031.7,2426.65,1043,2431.2,1054.3,2434,1074.05,2432.85,1091.6,2428.9,1107.95,2420.45,1122.7,2404.6,1131.7,2383.7,1133.4,2370.7,1130,2357.15,1120.4,2341.9,1114.75,2328.9,1110.2,2317.6,1102.3,2309.15,1083.15,2306.9,1052.05,2319.3,1031.7,2332.3,1019.8,2357.15,1013.05
2-83,Uninfected,No_comment,Polygon,19,2516.5,1045.25,2524.4,1045.25,2539.65,1049.25,2553.2,1059.35,2563.95,1071.85,2571.3,1090.45,2572.45,1109.1,2567.35,1126.05,2555.5,1144.7,2535.7,1159.4,2506.3,1166.15,2480.9,1159.4,2461.7,1146.95,2449.8,1129.45,2445.3,1106.25,2449.25,1076.3,2463.95,1061.05,2483.7,1048.65,2499.55,1043.6
2-84,Uninfected,No_comment,Polygon,19,2309.7,1124.35,2327.2,1122.7,2346.45,1124.9,2362.25,1135.65,2374.7,1146.95,2380.9,1157.1,2385.4,1175.2,2380.35,1192.7,2365.65,1209.65,2347,1223.2,2327.8,1229.45,2309.7,1229.45,2287.65,1223.2,2272.4,1208.5,2264.5,1189.9,2262.8,1170.1,2266.75,1147.5,2275.8,1133.4,2288.8,1127.75
2-85,Uninfected,No_comment,Polygon,21,2152.65,1152.6,2167.9,1153.75,2185.4,1159.95,2206.3,1172.95,2213.65,1184.25,2219.85,1198.35,2219.3,1213.1,2214.2,1228.85,2206.85,1244.15,2195,1254.35,2177.5,1267.3,2156,1276.95,2127.75,1273.5,2111.95,1265.65,2102.9,1253.7,2092.2,1236.75,2089.9,1217.55,2093.85,1192.7,2110.25,1165.05,2132.85,1153.75,2141.35,1152.6
2-86,Uninfected,No_comment,Polygon,21,2196.15,945.25,2208,946.35,2225.5,949.2,2236.25,956,2244.75,967.3,2256.05,984.25,2262.25,994.95,2266.75,1010.8,2264.5,1028.85,2258.3,1044.7,2241.35,1056.55,2221,1063.9,2193.9,1066.2,2178.6,1061.65,2160.55,1052.05,2150.35,1038.45,2144.7,1019.8,2144.15,997.8,2149.8,979.15,2157.15,965,2172.95,953.2
2-87,Uninfected,No_comment,Polygon,19,2231.2,1252.6,2241.35,1252.6,2255.5,1258.8,2267.4,1269.55,2274.75,1281.95,2278.7,1297.2,2279.8,1311.9,2276.4,1328.85,2263.95,1345.25,2246.5,1355.4,2227.25,1359.95,2209.8,1361.05,2190,1354.85,2178.7,1343,2169.05,1314.75,2170.25,1298.35,2182.05,1274.05,2200.7,1260.5,2215.45,1253.15
2-88,Uninfected,No_comment,Polygon,18,2390.6,1229.4,2404.7,1230,2424.5,1234.5,2436.9,1243.55,2448.2,1261.05,2449.3,1281.95,2444.75,1302.85,2427.8,1322.1,2409.15,1333.95,2380.9,1342.4,2357.8,1336.2,2344.2,1325.45,2331.75,1309.1,2328.45,1291.55,2330.05,1271.8,2338.05,1254.85,2348.7,1241.3,2368,1231.1
2-89,Uninfected,No_comment,Polygon,18,2326.1,1359.35,2335.7,1358.25,2353.85,1361.65,2365.15,1368.95,2375.85,1380.85,2382.6,1393.85,2385.45,1411.35,2385.45,1431.7,2376.95,1446.4,2360.65,1461.65,2344.2,1467.3,2322.15,1469.55,2302.4,1461.65,2284.85,1446.4,2276.4,1423.2,2278.7,1402.85,2288.25,1380.25,2303.5,1366.15
2-90,Uninfected,No_comment,Polygon,18,2473.6,1349.75,2484.3,1347.5,2500.75,1353.15,2515.4,1364.45,2523.85,1379.15,2526.7,1390.45,2525.55,1406.85,2515.4,1424.9,2500.75,1438.45,2481.5,1448.65,2462.3,1454.3,2444.75,1452.05,2431.75,1445.25,2423.85,1432.25,2418.2,1412.5,2422.8,1389.3,2435.15,1365.6,2453.85,1353.7
2-91,Uninfected,No_comment,Polygon,17,2509.25,1186.5,2516.5,1188.75,2532.95,1196.1,2549.9,1208.5,2558.35,1227.7,2560.6,1246.35,2553.8,1265.6,2538.6,1282.55,2521.05,1295.5,2493.9,1299.5,2479.25,1291,2466.25,1277.45,2458.4,1261.05,2453.85,1239.6,2457.2,1220.4,2473,1199.45,2489.45,1191
2-92,Uninfected,No_comment,Polygon,16,2573,1289.3,2586.6,1285.9,2604.1,1291,2611.45,1300.6,2619.4,1311.9,2622.25,1324.9,2624.45,1343,2617.1,1365,2604.1,1380.85,2586.6,1389.3,2561.2,1392.15,2544.25,1385.9,2527.8,1367.3,2520.55,1338.45,2534.65,1305.7,2552.7,1292.7
2-93,Uninfected,No_comment,Polygon,18,2645.9,1187.05,2663.4,1187.05,2679.8,1196.65,2696.15,1210.8,2699.55,1226.6,2700.7,1246.95,2691.65,1267.3,2682.05,1286.5,2670.2,1297.2,2648.15,1305.7,2630.05,1304.55,2617.65,1293.25,2598.4,1279.15,2587.1,1271.8,2582.05,1247.5,2588.8,1220.95,2606.9,1199.5,2626.1,1188.2
2-94,Uninfected,No_comment,Polygon,19,2691.65,1300.05,2702.95,1300.6,2717.65,1307.4,2731.75,1318.7,2742.5,1336.2,2743.65,1346.4,2741.95,1367.3,2735.15,1381.4,2718.2,1398.9,2696.75,1412.5,2676.4,1414.75,2658.9,1410.8,2645.3,1402.9,2631.2,1384.25,2628.95,1369.55,2631.75,1344.7,2642.5,1324.35,2661.15,1311.9,2676.4,1304.55
2-95,Uninfected,No_comment,Polygon,18,2759.45,1424.35,2775.25,1425.5,2792.8,1430.55,2810.3,1440.75,2819.35,1460.5,2822.15,1479.15,2821.05,1500.6,2809.15,1520.95,2788.25,1535.1,2764.55,1541.3,2744.2,1541.3,2729.5,1533.4,2715.95,1520.4,2706.9,1506.25,2700.1,1487.65,2702.95,1463.9,2715.95,1439.05,2737.4,1427.15
2-96,Uninfected,No_comment,Polygon,22,2877.55,1333.4,2888.85,1334.5,2913.7,1343.55,2927.25,1352.6,2934.6,1367.3,2938,1384.25,2936.85,1400.05,2929.5,1410.8,2918.8,1419.25,2906.9,1426.05,2893.9,1437.35,2884.3,1448.65,2869.6,1456.55,2849.85,1457.1,2826.7,1447.5,2814.8,1431.7,2805.8,1413.6,2803.5,1394.4,2807.45,1375.2,2818.75,1353.15,2838,1342.4,2860,1334.5
2-97,Uninfected,No_comment,Polygon,18,2943.05,1422.1,2953.8,1421.5,2973.6,1427.15,2987.7,1441.85,2995.05,1456.55,2995.05,1476.9,2994.5,1494.4,2985.45,1514.75,2969.65,1527.2,2947.05,1535.1,2926.7,1535.1,2905.8,1527.75,2895.6,1515.3,2886.55,1497.25,2885.45,1480.3,2891.1,1456,2908.6,1432.8,2926.1,1424.35
2-98,Uninfected,No_comment,Polygon,20,2983.2,1128.85,2995.05,1131.1,3016.5,1136.75,3028.4,1146.9,3040.25,1161.6,3044.2,1175.75,3047.05,1192.7,3045.35,1213.6,3038,1230.55,3021.05,1245.25,3005.2,1254.25,2982.6,1258.8,2962.85,1255.4,2941.4,1246.35,2927.8,1233.35,2918.8,1210.75,2917.1,1180.8,2928.95,1153.15,2948.7,1135.6,2962.85,1133.35
2-99,Uninfected,No_comment,Polygon,19,3134.05,1202.3,3144.2,1205.7,3160.6,1213.6,3173.05,1224.9,3178.1,1242.95,3178.7,1261.6,3174.7,1279.15,3164.55,1296.65,3156.1,1309.1,3140.25,1323.75,3119.9,1330,3094.5,1326.6,3077,1311.35,3068.5,1295.5,3060.05,1276.85,3060.6,1250.3,3071.35,1226.6,3091.65,1209.65,3107.5,1201.15
2-100,Uninfected,No_comment,Polygon,20,3223.3,1270.6,3232.3,1274.6,3246.45,1280.85,3256.6,1295.5,3265.05,1310.2,3270.7,1328.3,3267.35,1347.5,3261.7,1369.55,3250.95,1383.1,3236.3,1394.4,3212,1400.6,3190.55,1402.3,3167.4,1394.95,3154.4,1377.45,3145.9,1352,3151,1333.95,3164.55,1314.15,3178.1,1294.95,3191.65,1278,3209.75,1271.75
2-101,Uninfected,No_comment,Polygon,17,3093.95,1373.5,3107.5,1376.9,3127.25,1383.65,3139.15,1393.85,3147.6,1409.1,3151,1427.15,3149.85,1456,3141.4,1471.8,3122.2,1489.9,3091.65,1494.95,3071.35,1484.25,3057.75,1470.65,3048.75,1452,3044.2,1422.1,3051.55,1401.75,3067.35,1382.55,3078.65,1376.3
2-102,Uninfected,No_comment,Polygon,26,3008.6,1332.25,3020.5,1321.5,3032.35,1312.45,3043.65,1304,3051.55,1294.4,3060.05,1294.95,3067.35,1309.65,3074.15,1322.05,3086,1330,3099.6,1336.2,3107.5,1342.4,3108.05,1355.4,3103.55,1369.55,3088.9,1382.55,3070.8,1398.35,3060.65,1410.2,3049.9,1420.95,3038,1430,3024.45,1433.95,3008.6,1431.1,2993.9,1420.95,2982.6,1409.1,2978.65,1394.4,2982.6,1375.2,2989.4,1354.85,2997.3,1343.55
2-103,Uninfected,No_comment,Polygon,21,2989.4,958.8,2995.65,958.8,3012.6,967.25,3029.55,980.8,3039.7,997.75,3040.25,1016.45,3041.95,1034.5,3040.25,1054.85,3031.2,1073.5,3014.85,1087.05,2995.05,1096.65,2975.3,1096.1,2953.8,1089.9,2939.7,1078.6,2929.5,1062.75,2921.6,1044.7,2919.35,1019.8,2923.85,997.75,2936.3,973.5,2956.65,960.5,2977,959.35
2-104,Uninfected,No_comment,Polygon,17,3057.2,861.6,3071.35,863.85,3084.35,867.2,3101.3,881.35,3112,898.35,3115.4,920.35,3109.65,941.8,3096.65,960.4,3078.7,971.2,3050.45,974.6,3030.7,968.95,3009.2,953.7,2999.05,933.35,2998.45,909.6,3006.95,886.45,3020.55,869.5,3034.1,862.1
2-105,Uninfected,No_comment,Polygon,18,3126.15,1035.05,3137.95,1034.55,3156.05,1039.05,3170.8,1050.8,3179.8,1066.7,3183.7,1088.75,3181.45,1109.6,3170.8,1130.55,3156.05,1142.35,3133.45,1152.55,3110.9,1153.1,3088.85,1146.95,3075.85,1136.2,3067.4,1118.1,3064.6,1091.55,3072.5,1065,3092.8,1044,3109.7,1035.65
2-106,Uninfected,No_comment,Polygon,19,3165.15,788.15,3176.45,787.55,3195.7,791,3211.45,804,3222.2,821.45,3226.15,839,3226.75,859.3,3223.35,885.35,3215.5,898.85,3199.05,913.6,3177,920.95,3153.35,917,3137.45,910.15,3122.25,893.2,3116,875.15,3112.05,851.45,3117.1,827.1,3127.9,806.8,3142.05,791.5
2-107,Uninfected,No_comment,Polygon,19,3317.15,807.95,3330.1,809.65,3351.6,821.45,3363.45,833.9,3369.65,853.15,3370.85,870.6,3369.1,888.2,3360.05,905.7,3345.4,918.65,3324.45,925.45,3304.15,925.45,3287.2,918.65,3272.5,907.95,3261.75,894.4,3256.65,871.25,3262.9,845.2,3274.2,827.1,3290.55,813.6,3303.05,808.45
2-108,Uninfected,No_comment,Polygon,21,3258.95,943.55,3270.8,944.05,3284.35,946.35,3303.55,955.35,3316.55,966.65,3323.35,976.3,3329,990.95,3327.3,1009.65,3324.45,1024.85,3316.55,1037.35,3303.55,1044.1,3281.55,1050.9,3261.75,1057.05,3244.8,1059.35,3223.95,1050.9,3210.9,1032.25,3203.55,1008.5,3205.8,984.2,3213.15,966.65,3223.35,957.05,3244.25,944.65
2-109,Uninfected,No_comment,Polygon,19,3396.8,709.05,3407.55,707.4,3422.8,709.6,3437.45,714.1,3452.75,727.7,3458.4,748.6,3458.95,763.9,3449.35,794.95,3436.9,810.75,3416.05,823.2,3388.9,825.4,3367.4,820.95,3351.05,808.45,3340.3,791.5,3335.2,771.2,3338.05,751.45,3343.7,736.2,3358.95,720.9,3371.95,713.05
2-110,Uninfected,No_comment,Polygon,19,3306.95,1054.9,3314.85,1053.7,3333.5,1054.9,3355,1069,3360.05,1076.9,3365.7,1093.85,3366.3,1116.45,3358.95,1136.8,3345.95,1155.4,3329.55,1169.6,3306.4,1171.25,3280.95,1166.15,3262.9,1151.45,3253.3,1138.45,3246.55,1120.4,3247.05,1102.9,3255.55,1084.8,3270.25,1067.85,3285,1061.05
2-111,Uninfected,No_comment,Polygon,20,3391.7,976.9,3401.9,973.5,3415.45,974.05,3430.7,980.85,3446,990.45,3453.85,1005.15,3458.95,1024.35,3459.5,1043,3457.3,1061.65,3447.1,1080.3,3424.5,1092.15,3404.15,1089.9,3384.95,1084.8,3371.95,1074.65,3360.65,1061.65,3352.15,1048.65,3350.45,1029.45,3354.4,1008.5,3364.1,996.1,3373.05,981.95
2-112,Uninfected,No_comment,Polygon,20,3541.45,967.85,3553.35,965,3572.5,968.4,3584.95,975.2,3600.2,987.6,3610.35,1006.25,3613.2,1031.7,3609.85,1046.4,3598.55,1069.55,3581,1083.65,3539.25,1090.45,3519.45,1089.3,3496.85,1083.15,3483.85,1071.85,3473.65,1048.05,3469.7,1028.85,3477.6,1011.35,3488.9,992.75,3503.6,981.45,3523.9,970.65
2-113,Uninfected,No_comment,Polygon,20,3516,1098.9,3524.5,1098.35,3536.4,1098.35,3554.45,1103.45,3571.4,1114.2,3578.8,1130.05,3580.4,1155.4,3576.45,1171.8,3567.5,1184.25,3555,1197.2,3544.25,1207.45,3525.6,1213.1,3508.15,1211.35,3488.4,1205.7,3473.05,1191,3466.3,1179.7,3461.75,1151.45,3465.8,1131.15,3477.1,1108.55,3491.7,1101.2
2-114,Uninfected,No_comment,Polygon,20,3716,689.3,3726.75,688.75,3747.05,696.05,3758.8,708.65,3764.6,719.75,3767.4,741.3,3766.3,757.6,3761.75,774.55,3752.15,789.3,3736.9,799.45,3719.4,801.15,3705.25,800.6,3687.2,793.2,3672.5,783.05,3662.95,766.1,3656.7,743.5,3663.45,724.35,3672.5,709.6,3691.2,696.1,3700.75,691
2-115,Uninfected,No_comment,Polygon,20,3696.25,842.35,3708.1,843.55,3727.85,848,3744.8,857.1,3753.3,870.6,3759.5,886.45,3761.2,905.7,3757.8,926.6,3752.15,943.55,3740.3,955.35,3717.7,965,3695.65,967.25,3673.05,961.6,3654.4,952.6,3644.8,939,3634.1,918.7,3634.65,899.5,3640.85,873.45,3653.3,857.65,3667.4,845.8
2-116,Uninfected,No_comment,Polygon,19,3848.2,810.75,3858.95,812.45,3874.2,819.75,3891.7,831.05,3898.5,852,3904.7,874.05,3903,888.2,3894,909.05,3879.85,924.35,3856.15,937.3,3835.8,940.7,3818.25,936.75,3794,927.1,3782.7,913.6,3771.95,885.9,3776.45,858.8,3791.15,835.6,3808.65,819.75,3826.75,811.3
2-117,Uninfected,No_comment,Polygon,21,3846.5,670.65,3862.9,672.35,3886.05,678.5,3900.75,690.45,3912.65,706.25,3918.85,723.7,3919.95,748,3913.75,767.8,3900.2,785.85,3882.1,798.35,3851.05,802.3,3831.85,801.15,3810.35,796.05,3795.1,788.15,3784.35,768.4,3780.4,748.6,3780.4,727.15,3785.5,706.25,3796.25,686.45,3814.3,675.15,3825.6,671.75
2-118,Uninfected,No_comment,Polygon,19,3980.45,785.35,3993.4,785.85,4008.7,794.35,4023.95,805.1,4034.65,822.05,4038.6,841.25,4039.2,868.95,4031.85,887.55,4017.15,910.75,3993.4,920.35,3964.6,922.65,3943.15,914.7,3927.9,901.15,3922.25,880.25,3918.85,856.5,3922.8,827.1,3933.55,807.95,3948.2,792.15,3966.85,787.55
2-119,Uninfected,No_comment,Polygon,20,4140.9,767.25,4149.95,768.4,4164.6,774.05,4181,783.05,4187.8,805.1,4187.2,825.45,4182.15,843.55,4174.8,855.4,4160.1,870.1,4143.15,881.4,4127.35,883.1,4102.45,881.95,4085.5,875.75,4070.85,861.05,4064.05,838.45,4066.3,817.55,4074.8,794.35,4091.75,777.4,4112.1,768.4,4127.35,766.1
2-120,Uninfected,No_comment,Polygon,22,4074.8,653.7,4083.25,646.9,4100.8,643.55,4115.45,642.95,4123.4,645.2,4133.55,655.95,4140.35,671.8,4147.1,685.35,4153.3,695.5,4158.4,709.6,4157.85,724.3,4151.65,739,4136.95,751.45,4116.05,758.2,4098.5,759.35,4079.3,752.55,4061.25,742.4,4051.6,725.45,4043.15,707.95,4043.7,693.8,4053.3,670.65,4063.5,658.75
2-121,Uninfected,No_comment,Polygon,24,3640.3,1049.2,3651.6,1039.05,3662.9,1033.4,3678.7,1023.75,3689.45,1019.25,3697.9,1025.5,3705.85,1040.15,3711.5,1054.85,3716.55,1071.25,3713.75,1095.55,3713.75,1117,3710.35,1135.1,3699.6,1149.2,3680.95,1164.45,3666.3,1168.45,3648.2,1167.85,3628.45,1164.45,3613.75,1158.8,3602.45,1145.25,3591.7,1128.9,3588.9,1107.4,3597.35,1087.65,3609.8,1066.15,3622.8,1057.1
2-122,Uninfected,No_comment,Polygon,20,3792.3,1024.35,3808.65,1026.05,3823.35,1025.5,3842,1033.4,3853.85,1044.7,3861.75,1057.65,3863.45,1075.2,3862.35,1095,3855,1112.5,3843.7,1127.75,3830.15,1140.75,3811.5,1147.5,3786.05,1152.6,3769.1,1154.85,3752.15,1146.4,3736.9,1130.55,3729,1109.1,3733.5,1075.2,3748.2,1050.9,3767.4,1031.15
2-123,Uninfected,No_comment,Polygon,21,3831.85,1160.5,3846.5,1159.35,3865.15,1164.45,3877.05,1169,3889.45,1179.15,3897.95,1193.3,3902.45,1212.5,3901.9,1230.6,3897.35,1249.2,3886.05,1266.75,3871.4,1279.15,3851.05,1291.05,3829,1292.75,3804.15,1283.7,3781.55,1271.25,3772.5,1256.55,3761.75,1233.95,3762.35,1208.55,3770.8,1185.95,3784.35,1169.55,3805.25,1163.9
2-124,Uninfected,No_comment,Polygon,22,3985.5,1111.35,3992.3,1113.05,4009.25,1116.45,4030.7,1131.1,4040.3,1142.4,4044.25,1159.35,4042,1180.85,4035.25,1199.5,4029,1214.75,4015.45,1230.6,3999.65,1240.75,3976.45,1250.9,3955.55,1250.9,3936.9,1245.85,3924.5,1236.25,3916,1217.6,3909.8,1196.1,3908.65,1174.65,3916.6,1148.05,3932.4,1127.75,3952.75,1115.3,3969.7,1110.25
2-125,Uninfected,No_comment,Polygon,19,4055,953.7,4069.15,953.15,4083.25,958.2,4096.25,970.1,4103.6,983.65,4106.45,999.45,4103.05,1019.8,4096.25,1035.6,4085.55,1054.25,4073.15,1063.85,4054.45,1068.95,4038.05,1070.1,4017.15,1063.3,4007,1053.15,3995.7,1026,3996.85,997.2,4011,975.15,4026.2,962.15,4039.75,955.4
2-126,Uninfected,No_comment,Polygon,20,4190.6,1013.6,4201.85,1015.2,4222.2,1019.2,4236.95,1033.9,4244.85,1049.2,4248.75,1077.3,4244.7,1095.95,4237.95,1113.5,4223.9,1128.75,4209.2,1139.5,4181.6,1145.7,4150.5,1143.45,4125.7,1136.2,4112.1,1124.2,4097.45,1103.4,4095.8,1075.7,4106.5,1049.7,4123.45,1027.7,4146,1015.85,4164.05,1011.9
2-127,Uninfected,No_comment,Polygon,20,3839.75,1302.85,3854.5,1302.85,3868.65,1307.95,3882.15,1318.15,3893.45,1333.4,3900.2,1350.85,3900.2,1372.35,3896.9,1389.3,3883.9,1407.95,3863.5,1419.25,3838.05,1423.2,3813.75,1420.35,3795.7,1414.2,3779.85,1400.6,3769.15,1384.25,3761.8,1360.5,3762.9,1340.15,3775.9,1320.95,3796.3,1309.65,3822.25,1305.65
2-128,Uninfected,No_comment,Polygon,20,4034.7,1253.15,4047.1,1257.65,4062.35,1268.95,4075.35,1280.25,4087.25,1296.65,4091.2,1316.95,4085.55,1340.15,4074.25,1360.5,4058.4,1370.1,4039.75,1372.95,4021.7,1369.5,4003.6,1361.05,3987.8,1349.2,3974.3,1328.85,3967.5,1308.5,3964.05,1286.5,3972.55,1271.25,3990.1,1259.35,4008.15,1252.6,4022.3,1250.35
2-129,Uninfected,No_comment,Polygon,20,4089.5,1384.25,4098.55,1391,4113.2,1400.05,4127.9,1415.3,4137,1431.15,4139.2,1457.1,4136.4,1476.85,4126.2,1494.4,4109.85,1506.25,4087.25,1511.35,4071.4,1511.95,4052.75,1506.8,4035.8,1496.1,4022.8,1482.5,4015.55,1464.45,4012.7,1442.45,4016.65,1419.25,4029.05,1396.05,4051.65,1383.65,4069.7,1382.55
2-130,Uninfected,No_comment,Polygon,21,3880.45,1457.1,3895.7,1453.15,3917.15,1456.55,3937.55,1466.7,3948.85,1479.7,3959.55,1494.95,3961.85,1510.25,3963.5,1526.6,3961.25,1539.6,3954.5,1552,3945.4,1570.7,3927.35,1588.15,3911,1595.5,3883.25,1596.7,3859.55,1590.45,3844.35,1580.85,3836.35,1561.6,3826.75,1535.65,3822.8,1501.15,3836.35,1478,3856.7,1462.75
2-131,Uninfected,No_comment,Polygon,20,3772.6,1518.1,3785,1518.7,3800.2,1524.35,3815.45,1540.2,3821.1,1557.65,3827.9,1571.2,3834.1,1583.1,3830.2,1599.45,3822.25,1611.95,3811.5,1617.6,3793.5,1619.3,3771.4,1624.35,3753.95,1625.45,3728.5,1616.4,3718.3,1607.4,3708.1,1592.15,3705.9,1567.85,3710.95,1545.25,3729,1529.4,3748.3,1520.35
2-132,Uninfected,No_comment,Polygon,22,3796.8,1630.6,3809.8,1628.35,3832.95,1629.45,3850.5,1634.55,3861.8,1645.3,3866.3,1657.15,3861.8,1672.95,3855,1692.75,3845.95,1705.75,3830.15,1715.35,3811.5,1718.15,3790,1717.65,3771.4,1716.45,3745.95,1721.55,3735.8,1715.9,3727.85,1708,3719.4,1690.5,3719.4,1676.9,3724.5,1659.95,3744.8,1647.55,3761.75,1637.35,3779.3,1632.9
2-133,Uninfected,No_comment,Polygon,23,4018.85,1550.95,4031.85,1554.3,4054.45,1562.8,4066.3,1575.2,4073.65,1592.75,4075.35,1615.35,4070.85,1630.6,4053.9,1653.2,4036.95,1671.25,4019.4,1680.9,3995.7,1684.25,3980.45,1678.6,3962.35,1670.15,3943.15,1667.9,3921.1,1654.3,3916,1637.95,3913.75,1622.7,3920.55,1609.1,3932.4,1599,3952.2,1580.3,3966.85,1565.6,3988.35,1556.6,4001.35,1553.2
2-134,Uninfected,No_comment,Polygon,20,3951.6,1678.1,3969.15,1682.55,3988.9,1691.6,4001.35,1704.6,4009.8,1719.85,4014.9,1737.95,4008.7,1757.7,3999.65,1773.55,3990.05,1781.5,3973.1,1791.6,3951.05,1795.55,3929.6,1791.6,3905.3,1782,3890.05,1771.3,3880.4,1756,3876.45,1731.15,3881.55,1709.15,3894,1687.65,3910.95,1674.1,3933.55,1672.95
2-135,Uninfected,No_comment,Polygon,19,4099.65,1659.4,4114.35,1659.95,4130.15,1666.8,4147.65,1678.6,4156.7,1695.55,4158.4,1710.8,4156.15,1731.15,4144.3,1751.55,4121.7,1772.4,4100.75,1783.7,4076.5,1788.8,4060.1,1784.25,4038.05,1767.3,4026.2,1753.25,4025.65,1730.05,4029,1702.9,4043.7,1680.3,4066.85,1663.95,4083.25,1658.85
2-136,Uninfected,No_comment,Polygon,19,3773.05,1731.15,3787.75,1732.85,3804.7,1738.5,3822.8,1748.7,3829.55,1765.65,3835.2,1779.2,3830.7,1798.45,3821.65,1821.55,3810.35,1834,3792.85,1838.5,3769.7,1844.15,3751.05,1840.75,3734.1,1832.35,3721.1,1815.9,3713.75,1793.9,3713.2,1765.65,3723.9,1746.4,3740.3,1733.4,3757.25,1730.05
2-137,Uninfected,No_comment,Polygon,19,3410.9,1591.05,3430.7,1595,3444.8,1601.15,3458.95,1616.45,3465.8,1636.75,3466.3,1658.85,3463.45,1675.8,3450.45,1696.7,3436.9,1706.3,3413.75,1711.95,3392.35,1710.8,3371.95,1702.35,3360.05,1689.9,3349.35,1674.1,3344.3,1652.65,3345.4,1629.4,3357.25,1610.25,3371.95,1596.7,3390,1590.5
2-138,Uninfected,No_comment,Polygon,20,3487.2,1493.8,3505.35,1491.6,3524.5,1497.25,3539.25,1506.3,3550.55,1517.6,3555,1536.2,3553.85,1553.75,3546.5,1567.25,3536.4,1578.05,3518.85,1584.85,3499.7,1589.85,3488.4,1597.2,3470.8,1601.15,3456.1,1597.2,3440.85,1589.35,3427.35,1578.55,3417.75,1562.25,3422.8,1538.5,3438.65,1517.6,3456.1,1500.65
2-139,Uninfected,No_comment,Polygon,20,3537.5,1588.75,3547.1,1589.35,3564.05,1591.55,3582.1,1604,3590.6,1616.45,3595.75,1631.7,3597.35,1651.5,3594.55,1666.75,3586.05,1681.45,3570.8,1696.7,3551.65,1704.05,3532.95,1707.4,3513.8,1705.75,3487.2,1688.75,3477.6,1671.8,3475.9,1644.15,3479.9,1619.8,3496.25,1602.85,3513.8,1595.5,3523.9,1590.5
2-140,Uninfected,No_comment,Polygon,18,3478.2,1709.7,3497.35,1715.25,3511,1723.2,3524.5,1737.25,3533.45,1752,3533.5,1774.6,3525,1802.15,3509.75,1815.75,3495.1,1821.45,3471.95,1824.35,3447.15,1818.1,3431.95,1810.75,3417.2,1788.2,3412.15,1768.95,3418.3,1744.7,3430.7,1720.95,3449.45,1712.45,3465.2,1711.25
2-141,Uninfected,No_comment,Polygon,21,3369.1,1437.35,3375.9,1436.8,3393.95,1442.45,3409.8,1453.75,3415.45,1463.35,3422.8,1480.3,3422.2,1509.1,3417.75,1524.9,3409.3,1537.35,3395.15,1549.8,3377,1557.7,3356.7,1556,3344.8,1553.15,3331.3,1545.8,3321.1,1534.5,3312.6,1516.45,3308.1,1498.95,3316.55,1469,3328.45,1448.65,3345.4,1439.05,3357.8,1436.2
2-142,Uninfected,No_comment,Polygon,20,3248.25,1404.55,3257.85,1403.45,3270.85,1404.55,3283.8,1410.8,3295.65,1421.5,3303.05,1439.05,3306.4,1455.4,3304.75,1475.2,3296.3,1496.65,3280.95,1514.75,3261.75,1519.25,3243.1,1520.95,3226.75,1513.05,3214.35,1504,3201.85,1484.8,3195.7,1463.9,3195.7,1443.55,3204.7,1420.95,3221.65,1409.1,3232.95,1405.15
2-143,Uninfected,No_comment,Polygon,21,3240.3,1709.1,3246.55,1709.65,3259.55,1710.8,3276.5,1717,3287.2,1726.6,3293.95,1740.75,3298.5,1755.45,3296.8,1771.8,3293.95,1788.2,3286.6,1802.9,3271.35,1815.35,3250.45,1823.8,3229.6,1823.8,3208.1,1818.7,3195.7,1810.25,3187.75,1795.55,3180.95,1778.6,3183.3,1757.15,3191.75,1732.85,3203.55,1717.6,3222.2,1709.65
2-144,Uninfected,No_comment,Polygon,21,2740.25,2620.85,2748.6,2625.7,2759.7,2634.7,2768.7,2645.85,2777.05,2660.4,2785.4,2678.45,2783.3,2697.9,2776.35,2709.05,2767.35,2720.85,2754.85,2728.45,2731.9,2730.55,2715.95,2727.8,2697.2,2722.9,2680.55,2717.35,2672.2,2707.65,2665.95,2690.95,2665.25,2671.55,2669.4,2647.2,2681.2,2629.85,2701.3,2620.15,2720.05,2618.75
2-145,Uninfected,No_comment,Polygon,23,2676.3,2743.05,2689.55,2745.85,2702.75,2750.7,2715.95,2764.6,2722.9,2779.85,2730.55,2795.85,2734,2810.4,2738.15,2829.85,2740.25,2851.4,2732.6,2864.6,2719.4,2877.1,2702.75,2883.35,2681.9,2881.95,2665.25,2872.2,2650.65,2860.4,2634,2851.4,2624.3,2844.45,2615.25,2825.7,2615.95,2806.2,2618.75,2786.8,2627.05,2767.35,2640.95,2753.45,2652.05,2746.55
2-146,Uninfected,No_comment,Polygon,21,2574.3,2668.7,2584.7,2663.9,2604.15,2663.9,2620.8,2670.85,2628.45,2679.85,2629.85,2694.45,2625.65,2712.45,2622.9,2730.55,2617.35,2752.1,2612.5,2771.55,2609,2786.1,2594.4,2796.55,2572.2,2800.7,2555.55,2796.55,2542.35,2787.45,2535.4,2771.55,2527.05,2761.1,2526.3,2742.35,2531.25,2717.35,2540.25,2695.85,2553.45,2678.45
2-147,Uninfected,No_comment,Polygon,21,2621.5,2857.65,2632.55,2863.9,2656.9,2881.2,2667.35,2896.55,2675.65,2913.9,2670.8,2937.45,2665.25,2952.8,2659,2966.65,2650.65,2977.1,2641.65,2981.25,2630.55,2984.7,2612.5,2986.1,2598.6,2984.05,2579.15,2973.6,2567.35,2956.95,2560.4,2940.3,2559,2920.15,2561.8,2899.3,2571.5,2875.7,2588.8,2856.95,2605.55,2854.85
2-148,Uninfected,No_comment,Polygon,19,2939.5,2688.2,2952.75,2688.2,2973.6,2693.05,2987.45,2707.65,2996.5,2729.85,2998.6,2752.1,2995.75,2773.6,2983.25,2793.7,2970.1,2806.95,2943.05,2818.7,2920.1,2819.45,2899.95,2815.95,2880.55,2803.45,2869.4,2785.4,2867.35,2758.35,2869.4,2737.45,2882.6,2710.4,2897.2,2696.55,2917.35,2688.9
2-149,Uninfected,No_comment,Polygon,19,2948.6,2559.05,2962.45,2563.2,2982.6,2572.2,2994.4,2586.1,3000.65,2608.35,3000.65,2627.8,2995.1,2649.3,2979.15,2664.6,2962.45,2672.9,2940.25,2674.3,2924.95,2672.2,2904.15,2658.35,2890.95,2646.55,2887.45,2631.95,2887.45,2603.45,2892.35,2584.05,2900.65,2568.75,2920.75,2557.65,2932.6,2556.95
2-150,Uninfected,No_comment,Polygon,18,3049.95,2773.6,3060.4,2773.6,3079.15,2778.45,3098.6,2794.45,3108.25,2808.35,3111.1,2830.55,3109,2850.7,3099.3,2873.6,3088.85,2893.05,3069.4,2911.1,3046.5,2915.95,3013.85,2910.4,2996.5,2900.7,2982.6,2879.85,2979.85,2854.85,2984,2821.55,2999.3,2791.65,3018.7,2777.8
2-151,Uninfected,No_comment,Polygon,18,2131.85,2465.3,2151.3,2468.05,2164.55,2477.8,2176.3,2490.3,2186.75,2504.2,2190.95,2525,2189.55,2548.65,2177.75,2567.4,2163.8,2580.55,2142.35,2588.9,2116.65,2591,2091.65,2586.15,2070.05,2575.7,2059,2558.35,2055.5,2536.15,2061.75,2504.9,2079.15,2486.8,2106.2,2467.4
2-152,Uninfected,No_comment,Polygon,20,2284.7,2465.3,2300.65,2466.7,2314.55,2475.7,2328.45,2499.3,2331.2,2516.7,2331.2,2530.55,2322.2,2543.8,2310.4,2559.05,2295.05,2569.45,2277.75,2584.05,2263.8,2595.15,2244.4,2597.95,2226.3,2594.45,2211.1,2581.3,2204.15,2566.7,2205.5,2536.15,2206.85,2509.75,2224.95,2484.75,2254.85,2464.6,2274.95,2462.5
2-153,Uninfected,No_comment,Polygon,21,2162.45,2607.65,2174.25,2609.75,2195.8,2626.4,2206.85,2641,2218,2661.15,2222.9,2681.25,2220.8,2701.4,2215.95,2716.7,2204.15,2731.25,2187.45,2737.5,2170.8,2740.3,2154.15,2737.5,2138.8,2724.3,2124.25,2716,2111.1,2704.9,2101.3,2691,2095.8,2668.75,2096.5,2648.65,2103.45,2625.7,2120.8,2613.2,2136.1,2607.65
2-154,Uninfected,No_comment,Polygon,18,2406.9,2398.65,2426.3,2402.8,2440.95,2413.9,2454.15,2428.5,2461.75,2452.8,2460.4,2475,2454.15,2495.85,2438.8,2516,2418,2529.9,2396.5,2532.65,2374.25,2530.55,2359.7,2521.55,2347.9,2506.25,2341.65,2481.25,2343,2451.4,2356.2,2420.15,2372.9,2403.5,2388.15,2397.25
2-155,Uninfected,No_comment,Polygon,17,2470.8,2536.8,2485.4,2539.6,2508.3,2552.8,2516.65,2563.2,2524.95,2581.95,2523.6,2604.9,2517.35,2627.1,2501.3,2644.45,2472.9,2652.8,2452.05,2652.8,2432.55,2647.25,2419.4,2638.2,2409,2616.7,2403.45,2593.8,2406.9,2566.7,2427.05,2545.15,2440.95,2538.2
2-156,Uninfected,No_comment,Polygon,22,2352.05,2555.55,2361.1,2561.8,2374.95,2572.95,2382.55,2593.05,2386.75,2614.6,2386.1,2636.8,2377.05,2654.2,2362.45,2669.45,2343.7,2681.95,2320.05,2687.5,2296.5,2684.75,2281.2,2675.7,2268,2659.75,2259,2637.55,2261.75,2621.55,2270.05,2605.55,2287.45,2591,2302.75,2582.65,2318,2570.85,2326.3,2559.05,2331.9,2552.1,2342.35,2552.1
2-157,Uninfected,No_comment,Polygon,20,2325.7,2733.35,2336.8,2736.8,2354.15,2747.25,2365.3,2761.8,2370.15,2779.9,2372.9,2800.7,2368.8,2830.55,2355.55,2849.3,2336.8,2860.45,2318.05,2866,2290.95,2863.9,2275.05,2857.65,2263.2,2844.45,2256.95,2828.5,2251.4,2810.45,2251.4,2787.5,2257.65,2763.9,2273.6,2747.25,2293.8,2734.05,2307.65,2732.65
2-158,Uninfected,No_comment,Polygon,21,1967.35,2615.3,1977.1,2612.5,1990.3,2612.5,2009.05,2615.3,2022.9,2622.9,2036.1,2641.65,2040.3,2656.9,2040.3,2675.65,2036.1,2695.1,2024.3,2713.85,2010.4,2722.2,1989.6,2727.05,1969.45,2727.75,1945.15,2723.6,1925.75,2716.65,1917.35,2697.9,1916.7,2676.35,1922.25,2659.05,1932,2640.3,1941.7,2627.05,1952.85,2618.05
2-159,Uninfected,No_comment,Polygon,23,1965.95,2745.85,1975.05,2745.85,1987.55,2750.7,2000.05,2757.65,2010.4,2774.3,2016.65,2791.7,2022.9,2811.15,2024.3,2829.2,2018.8,2845.15,2006.95,2859.05,1988.9,2873.65,1974.3,2880.55,1950.05,2881.25,1930.55,2879.9,1913.2,2870.85,1901.4,2857.65,1894.45,2847.95,1888.9,2829.2,1890.95,2801.4,1897.9,2780.55,1910.4,2763.2,1925.7,2754.2,1948.6,2743.05
2-160,Uninfected,No_comment,Polygon,19,2093.8,2718.75,2109.7,2722.95,2122.2,2731.25,2134.05,2743.75,2141.65,2757.65,2142.35,2776.4,2137.55,2804.2,2124.3,2822.95,2105.55,2835.45,2088.9,2839.6,2067.35,2836.15,2052.8,2831.25,2042.35,2816.7,2035.4,2797.95,2032.65,2778.5,2033.35,2764.6,2038.2,2747.25,2052.1,2732.65,2070.85,2721.55
2-161,Uninfected,No_comment,Polygon,22,2201.4,2779.9,2209.7,2783.35,2223.6,2791.7,2234.05,2806.95,2241.65,2822.95,2245.15,2845.85,2243.05,2867.4,2237.55,2884.05,2227.1,2905.55,2213.9,2916,2195.15,2923.65,2177.8,2923.65,2159.05,2916.7,2146.55,2905.55,2138.9,2889.6,2133.35,2872.25,2131.3,2850.7,2138.2,2831.95,2150.7,2810.45,2160.4,2792.4,2172.9,2782.65,2185.4,2780.55
2-162,Uninfected,No_comment,Polygon,22,2068.8,2845.85,2075.7,2846.55,2088.9,2847.95,2100.7,2848.65,2113.9,2858.35,2120.85,2874.3,2124.3,2888.9,2128.45,2902.1,2128.45,2922.25,2121.55,2940.3,2107.65,2956.25,2088.9,2963.9,2064.6,2968.05,2047.2,2965.3,2029.15,2955.55,2020.15,2941.7,2015.95,2919.45,2015.3,2902.1,2022.2,2883.35,2032.65,2868.75,2040.95,2860.45,2052.8,2851.4
2-163,Uninfected,No_comment,Polygon,21,1582.65,2466.6,1590.25,2465.95,1605.6,2470.05,1618.1,2478.45,1626.4,2489.55,1630.6,2508.3,1630.6,2529.8,1627.75,2547.85,1613.9,2563.2,1597.9,2572.85,1581.25,2575.7,1556.95,2577.05,1544.45,2574.25,1529.15,2565.25,1520.15,2553.45,1516.65,2534.7,1519.45,2518.75,1525.7,2498.55,1536.1,2483.3,1552.1,2473.55,1563.2,2467.3
2-164,Uninfected,No_comment,Polygon,22,1688.2,2434,1697.9,2431.25,1711.1,2430.5,1720.85,2431.95,1737.5,2445.05,1749.35,2458.3,1758.35,2473.55,1761.1,2492.3,1755.6,2507.55,1747.2,2514.55,1730.6,2522.85,1714.6,2526.3,1696.5,2531.25,1682.65,2534,1662.5,2527.75,1651.4,2518,1643.75,2502.05,1641.65,2484,1643.75,2465.95,1652.75,2452.75,1663.2,2444.45,1671.5,2438.8
2-165,Uninfected,No_comment,Polygon,22,1722.9,2537.5,1741.65,2535.35,1759.7,2538.2,1776.4,2547.2,1784.7,2557.55,1792.35,2572.2,1796.5,2586.75,1796.5,2606.25,1790.25,2622.2,1774.35,2639.55,1759,2646.5,1739.6,2653.45,1722.9,2656.25,1703.45,2651.3,1682.65,2640.25,1668.1,2627.75,1662.5,2609.7,1657.65,2593.75,1660.4,2576.3,1668.1,2562.5,1679.85,2550,1697.2,2543.75
2-166,Uninfected,No_comment,Polygon,21,1813.9,2352.75,1827.1,2352.75,1844.45,2359,1859,2375.7,1863.9,2392.3,1866.65,2404.1,1867.35,2420.05,1860.4,2435.35,1847.2,2448.55,1834,2460.35,1816.65,2470.8,1800.7,2475,1778.45,2472.85,1771.5,2465.95,1758.35,2452.75,1750.7,2436.75,1750.7,2413.2,1754.15,2393,1770.15,2368.75,1786.1,2358.3,1797.9,2354.1
2-167,Uninfected,No_comment,Polygon,21,1888.2,2446.5,1895.85,2446.5,1918.05,2452.05,1929.85,2461.05,1943.05,2477.05,1945.15,2495.05,1946.5,2511.75,1940.25,2536.05,1929.85,2552.75,1911.8,2565.25,1891.65,2574.25,1875,2575,1856.25,2572.2,1841.65,2565.25,1827.75,2552.75,1815.25,2531.95,1813.9,2509.7,1822.9,2488.2,1834.7,2474.25,1848.6,2460.35,1867.35,2448.55
2-168,Uninfected,No_comment,Polygon,20,1543.1,2292.3,1555.6,2290.95,1581.25,2296.5,1598.6,2313.8,1602.75,2330.5,1604.85,2349.25,1602.75,2372.2,1597.2,2386.05,1581.25,2404.1,1563.9,2409.7,1541.65,2411.75,1525,2411.05,1504.15,2406.25,1493.75,2397.2,1481.25,2378.45,1477.75,2363.2,1479.85,2340.95,1488.2,2320.05,1502.75,2304.1,1518.1,2293.75
2-169,Uninfected,No_comment,Polygon,20,1473.55,2189.55,1485.35,2190.25,1502.75,2200,1519.35,2217.3,1527.05,2236.05,1527.75,2254.8,1522.85,2271.5,1508.3,2288.2,1489.55,2299.25,1467.95,2306.25,1446.5,2308.3,1429.1,2300,1414.55,2286.75,1406.15,2268,1399.9,2248.55,1400.6,2229.8,1406.85,2211.75,1416.6,2197.9,1434.7,2189.55,1455.45,2188.9
2-170,Uninfected,No_comment,Polygon,18,1607.6,2128.45,1626.35,2131.25,1654.1,2139.55,1668,2159,1673.55,2179.8,1672.2,2202.75,1661.75,2222.9,1648.55,2235.4,1624.2,2240.25,1593.65,2241.65,1573.55,2239.55,1552.75,2231.25,1538.85,2213.2,1538.85,2190.25,1546.5,2168,1559.7,2150,1577.75,2137.5,1587.4,2132.65
2-171,Uninfected,No_comment,Polygon,18,1780.5,2227.05,1795.8,2228.45,1815.95,2238.2,1827.05,2258.3,1829.1,2274.25,1831.85,2294.45,1824.25,2315.25,1810.35,2329.8,1797.2,2338.9,1775.6,2343,1749.25,2338.9,1734.7,2329.15,1724.25,2311.75,1721.5,2290.25,1724.25,2273.55,1732.6,2253.45,1745.1,2236.75,1761.75,2228.45
2-172,Uninfected,No_comment,Polygon,18,1693,2039.55,1702.75,2039.55,1725.6,2043,1744.35,2052.05,1756.15,2066.65,1763.1,2084,1765.95,2106.25,1756.85,2127.05,1745.1,2143,1725.6,2154.15,1702.05,2157.65,1681.85,2150.7,1661.75,2140.25,1647.85,2127.75,1641.6,2111.05,1639.55,2082.65,1650.6,2063.2,1666.6,2047.2
2-173,Uninfected,No_comment,Polygon,19,1842.3,2018.75,1854.1,2018.75,1874.9,2021.5,1887.4,2031.95,1897.2,2048.55,1900.6,2067.3,1897.2,2090.25,1886.05,2116.65,1871.5,2127.75,1847.85,2137.5,1826.35,2140.25,1806.15,2134.7,1790.95,2123.55,1783.3,2109.7,1777.05,2084,1776.35,2064.55,1784.7,2047.2,1806.15,2029.15,1822.85,2021.5
2-174,Uninfected,No_comment,Polygon,17,1343.05,1863.2,1354.8,1874.3,1370.1,1889.6,1380.55,1910.4,1383.3,1930.55,1377.05,1949.3,1362.4,1965.3,1349.9,1970.85,1328.45,1970.15,1310.4,1961.1,1294.35,1949.3,1279.1,1934.05,1273.55,1911.1,1276.35,1883.35,1290.95,1867.35,1300.6,1861.8,1321.5,1859.7
2-175,Uninfected,No_comment,Polygon,17,1406.85,1745.15,1433.3,1748.6,1446.5,1755.55,1465.25,1775.7,1469.35,1800.7,1462.4,1834.7,1452.05,1849.3,1431.85,1865.3,1408.3,1874.3,1388.1,1874.3,1366.65,1861.1,1352.75,1845.85,1342.3,1823.6,1342.3,1800.7,1352.75,1776.4,1366.65,1756.95,1386.05,1748.6
2-176,Uninfected,No_comment,Polygon,19,1554.15,1701.4,1570.8,1699.3,1588.85,1699.3,1599.3,1700,1611.8,1711.8,1617.3,1723.6,1613.1,1757.65,1607.6,1777.8,1591.65,1795.15,1568.7,1809.7,1547.2,1814.6,1527.05,1816.65,1509,1807.65,1497.9,1791.65,1489.55,1769.45,1487.4,1747.2,1493.05,1728.45,1506.85,1714.6,1529.15,1705.55
2-177,Uninfected,No_comment,Polygon,19,1628.45,1800.7,1639.55,1800.7,1648.55,1803.45,1661.05,1816.65,1668.7,1829.85,1670.8,1849.3,1669.35,1872.9,1663.1,1893.05,1647.2,1909.05,1616.65,1921.55,1593.7,1920.85,1572.2,1911.1,1557.6,1895.15,1546.5,1877.1,1548.55,1850,1555.55,1835.4,1569.35,1824.3,1593.7,1809.05,1612.45,1801.4
2-178,Uninfected,No_comment,Polygon,20,1670.1,1921.55,1681.85,1927.1,1697.9,1934.05,1710.4,1947.2,1719.35,1963.9,1720.8,1977.1,1714.55,1997.2,1699.95,2013.9,1681.2,2027.1,1664.55,2033.35,1642.3,2034.05,1624.3,2026.4,1606.85,2011.8,1597.2,1996.55,1596.5,1977.8,1599.3,1954.85,1610.4,1938.2,1624.3,1929.15,1640.25,1922.2,1653.45,1920.85
2-179,Uninfected,No_comment,Polygon,22,1823.55,1859.05,1831.85,1863.9,1843.7,1875.7,1854.8,1892.35,1862.45,1904.85,1867.3,1922.9,1865.25,1950,1853.45,1963.2,1834.7,1965.95,1811.75,1964.6,1784,1959.05,1764.55,1951.4,1746.5,1936.1,1728.45,1918.75,1725.6,1904.15,1725.6,1885.4,1741.65,1863.9,1756.2,1858.35,1777.75,1847.2,1788.1,1845.85,1806.2,1850.7,1813.1,1854.85
2-180,Uninfected,No_comment,Polygon,19,1281.95,1405.5,1303.45,1408.3,1320.1,1418,1329.15,1430.5,1336.1,1444.4,1338.85,1463.9,1333.3,1483.3,1322.2,1499.95,1305.55,1509,1284.7,1512.45,1268.05,1511.1,1244.45,1504.15,1231.95,1492.35,1216.65,1472.9,1215.25,1459,1217.35,1438.9,1227.05,1423.6,1245.1,1410.4,1261.8,1406.9
2-181,Uninfected,No_comment,Polygon,20,1405.55,1337.45,1414.55,1336.75,1443.05,1345.8,1453.45,1353.45,1463.2,1368,1467.35,1384.7,1467.35,1404.15,1461.1,1422.2,1445.1,1436.1,1426.35,1445.8,1403.45,1450.65,1380.55,1456.9,1365.25,1454.85,1349.3,1440.25,1338.85,1420.15,1333.3,1400.65,1334,1376.4,1350.7,1351.4,1369.45,1338.9,1386.1,1336.1
2-182,Uninfected,No_comment,Polygon,19,1436.1,1461.75,1453.45,1462.45,1469.45,1469.4,1490.25,1482.65,1499.3,1506.9,1504.15,1524.95,1503.45,1543.7,1493.05,1564.55,1475,1577.05,1450.7,1581.9,1431.25,1578.45,1411.8,1568.7,1398.6,1559.7,1384,1539.55,1379.85,1517.35,1381.25,1494.4,1387.5,1477.75,1404.85,1465.25,1413.2,1462.45
2-183,Uninfected,No_comment,Polygon,19,1270.1,1599.25,1281.95,1597.2,1296.5,1598.6,1315.95,1604.85,1328.45,1614.55,1334,1631.2,1335.4,1654.85,1334,1674.95,1334,1702.1,1325.7,1723.6,1307.6,1736.75,1285.4,1742.35,1268.05,1736.75,1256.25,1725.65,1248.6,1706.9,1236.8,1684.7,1231.25,1659.7,1236.1,1623.6,1248.6,1606.9
2-184,Uninfected,No_comment,Polygon,19,1380.55,1608.3,1386.1,1602.75,1400.7,1595.15,1415.25,1590.25,1429.15,1593,1442.35,1603.45,1451.35,1620.8,1456.25,1644.4,1454.85,1668.7,1450.7,1688.15,1440.25,1703.45,1415.95,1718.7,1395.8,1725.65,1375.7,1722.9,1356.95,1714.6,1346.5,1696.5,1343.05,1670.8,1351.35,1642.35,1364.55,1618.7
2-185,Uninfected,No_comment,Polygon,17,1270.1,1234,1289.55,1238.9,1308.3,1249.25,1318.75,1265.25,1328.35,1286.05,1327.1,1309,1318.05,1329.75,1302.75,1343.75,1275.7,1354.9,1243.15,1352.7,1224.35,1337.5,1204.2,1312.5,1197.95,1286.75,1200.1,1263.2,1216.1,1245.15,1237.6,1232.75,1254.85,1233.35
2-186,Uninfected,No_comment,Polygon,18,1979.15,878.45,1993,883.3,2015.25,895.8,2030.5,915.25,2034.7,936.8,2030.5,961.8,2015.25,981.95,1997.2,1001.35,1976.35,1004.1,1946.5,1004.1,1926.35,994.45,1918,982.6,1906.15,965.25,1903.45,944.45,1907.6,911.8,1919.35,889.55,1936.75,879.1,1957.6,875
2-187,Uninfected,No_comment,Polygon,17,2061.75,980.55,2086.75,986.05,2104.15,1002.05,2114.55,1024.3,2118,1042.3,2112.45,1071.5,2097.2,1089.55,2073.55,1102.75,2053.45,1105.55,2029.15,1100,2015.95,1090.25,2000.6,1074.3,1994.35,1054.1,1996.5,1025,2010.4,1000,2033.3,984.7,2046.5,981.95
2-188,Uninfected,No_comment,Polygon,20,1876.35,1103.45,1893.65,1111.05,1910.4,1119.45,1928.45,1134.7,1936.05,1152.05,1939.55,1166.6,1942.3,1186.05,1936.75,1208.3,1924.9,1227.75,1912.4,1238.85,1896.5,1244.45,1878.45,1241.65,1856.85,1233.3,1835.4,1222.2,1820.1,1202.75,1811.75,1179.1,1811.05,1155.55,1817.3,1129.8,1838.1,1109.7,1853.45,1104.8
2-189,Uninfected,No_comment,Polygon,18,2077.75,749.3,2093.05,748.6,2114.55,753.45,2131.95,765.95,2140.95,785.4,2144.45,806.25,2140.95,831.95,2131.25,855.55,2113.2,870.15,2090.25,875,2069.45,876.4,2043.75,863.9,2028.45,851.4,2019.45,836.1,2012.5,809,2014.55,782.65,2030.55,763.2,2053.45,751.4
2-190,Uninfected,No_comment,Polygon,20,2217.35,795.15,2230.55,798.6,2251.4,809,2264.55,825,2269.45,835.4,2273.6,854.85,2272.2,875.7,2265.25,894.45,2250,913.2,2226.4,926.4,2208.3,927.75,2189.55,923.6,2170.8,915.25,2156.25,900.7,2149.3,877.75,2149.3,852.75,2154.15,835.4,2164.55,813.9,2181.25,800.7,2200.7,795.15
2-191,Uninfected,No_comment,Polygon,20,2318.05,883.35,2327.75,884.7,2353.45,893.05,2367.35,906.25,2376.4,927.1,2381.25,943.05,2377.75,970.85,2367.35,989.6,2352.05,998.6,2334,1006.95,2315.25,1010.4,2296.5,1009,2280.55,1000,2268.75,986.1,2261.8,970.85,2256.95,948.6,2260.4,927.1,2275.7,902.1,2289.55,887.5,2302.05,883.35
2-192,Uninfected,No_comment,Polygon,17,3662.5,1764.55,3668.05,1768.7,3691.65,1779.15,3701.4,1799.95,3707.65,1817.35,3705.55,1845.8,3690.3,1862.45,3669.45,1872.2,3643.75,1876.4,3622.9,1871.5,3609.7,1859,3599.3,1829.85,3592.35,1809.7,3594.45,1790.95,3614.6,1777.75,3634.7,1767.35,3645.85,1765.95
2-193,Uninfected,No_comment,Polygon,20,3455.55,1838.15,3468.7,1838.9,3495.1,1843.65,3511.8,1851.9,3524.3,1872.15,3527.05,1889.4,3527.8,1905.4,3522.85,1923.55,3509.6,1935.4,3488.1,1947.15,3468.7,1958.15,3449.4,1970.15,3432,1969.95,3417.4,1954.65,3409.75,1934.55,3398.75,1914.55,3395.25,1892.15,3404.9,1863.15,3424.4,1847.9,3442.4,1840.15
2-194,Uninfected,No_comment,Polygon,19,3345.9,1906.9,3357.7,1907.65,3371.55,1914.6,3390.3,1927.8,3407,1948.6,3417.4,1970.15,3424.4,1988.15,3416.7,2018.8,3399.4,2036.1,3376.45,2042.35,3354.9,2039.6,3345.2,2032.6,3333.4,2015.3,3320.9,2000.05,3310.45,1986.1,3297.95,1968.05,3296.55,1943.05,3306.25,1922.2,3320.2,1909.7
2-195,Uninfected,No_comment,Polygon,22,3517.4,1951.4,3534.05,1954.15,3549.4,1959.05,3561.15,1969.4,3570.9,1981.3,3575,1996.55,3577.8,2016.65,3570.9,2032.6,3559.05,2043.8,3552.8,2053.45,3542.4,2067.35,3527.8,2077.1,3504.9,2082.6,3486.9,2081.9,3465.3,2072.2,3454.2,2061.1,3444.5,2045.1,3438.95,2025.05,3441.7,1999.3,3456.25,1976.4,3479.9,1963.9,3496.55,1955.55
2-196,Uninfected,No_comment,Polygon,18,3665.3,1980.55,3672.95,1981.9,3689.65,1990.95,3702.15,2002.1,3708.4,2019.4,3712.5,2034.7,3708.4,2054.85,3698.65,2078.45,3684.05,2091.65,3661.9,2097.9,3638.95,2096.55,3613.2,2081.3,3600.7,2067.35,3591.7,2047.2,3592.4,2019.4,3604.9,1995.85,3621.55,1984.7,3645.9,1979.15
2-197,Uninfected,No_comment,Polygon,18,2974.3,1956.25,2985.4,1954.85,3006.95,1959.05,3020.75,1969.45,3034.7,1984.05,3040.25,2002.8,3040.95,2025,3031.95,2051.4,3016.65,2070.85,2996.5,2084.05,2970.1,2088.2,2942.35,2083.35,2916.65,2066,2911.1,2048.6,2907.55,2019.45,2913.8,1986.1,2930.55,1967.35,2947.2,1956.95
2-198,Uninfected,No_comment,Polygon,18,2874.95,2091.65,2893.7,2099.3,2912.45,2108.35,2927,2128.5,2933.25,2147.25,2934,2165.3,2931.95,2185.4,2919.45,2200,2901.3,2208.35,2869.45,2211.1,2840.95,2211.8,2818.7,2198.6,2806.2,2175.7,2797.9,2150,2795.8,2120.85,2806.2,2104.15,2830.55,2097.25,2849.95,2093.75
2-199,Uninfected,No_comment,Polygon,18,2878.45,2216,2893.7,2216.65,2908.25,2215.3,2923.6,2223.6,2933.25,2237.5,2935.4,2254.85,2931.2,2276.4,2921.5,2292.35,2904.85,2309.05,2880.55,2317.35,2856.95,2318.75,2838.2,2314.6,2828.45,2302.1,2824.3,2281.25,2826.3,2260.4,2836.8,2241.65,2847.2,2227.8,2857.55,2220.85
2-200,Uninfected,No_comment,Polygon,16,3018.7,2118.05,3033.25,2120.15,3058.25,2135.4,3067.35,2150,3069.45,2172.25,3065.25,2192.35,3056.2,2211.8,3041.65,2226.4,3018.05,2231.95,2995.75,2229.85,2974.95,2221.55,2958.25,2202.1,2954.15,2179.85,2957.6,2152.1,2970.1,2131.25,2989.5,2119.45
2-201,Uninfected,No_comment,Polygon,18,2817.35,1968.75,2834.7,1967.35,2857.55,1974.3,2876.3,1989.6,2884,2016,2886.8,2034.05,2879.15,2057.65,2867.35,2075,2845.05,2081.95,2818.05,2091,2799.95,2095.85,2777.05,2088.9,2759.7,2069.45,2753.45,2050.7,2756.2,2020.85,2768.05,1993.75,2781.2,1979.15,2795.05,1970.15
2-202,Uninfected,No_comment,Polygon,19,2671.5,1970.85,2687.45,1970.15,2704.15,1972.25,2726.3,1984.05,2736.1,1993.75,2740.95,2013.9,2742.35,2035.4,2740.25,2056.25,2728.45,2071.55,2704.85,2083.35,2685.4,2084.75,2663.8,2081.95,2647.2,2076.4,2632.55,2059.75,2622.9,2044.45,2619.45,2025.7,2627.05,2002.8,2640.95,1987.5,2651.3,1977.8
2-203,Uninfected,No_comment,Polygon,22,2625.6,1868.05,2632.55,1863.9,2647.2,1860.45,2665.25,1859.05,2675.6,1858.35,2684,1866,2692.35,1879.2,2694.35,1900.7,2693.7,1920.85,2688.1,1941.7,2678.45,1952.8,2659.7,1966,2644.35,1976.4,2630.5,1987.5,2618.7,1994.45,2605.5,1991,2595.05,1977.1,2586.75,1962.5,2577.75,1943.75,2578.45,1922.25,2590.95,1893.75,2605.5,1877.1
2-204,Uninfected,No_comment,Polygon,18,2487.5,1458.3,2506.85,1459,2521.5,1461.8,2536.1,1471.5,2546.5,1485.35,2551.3,1501.35,2553.45,1520.8,2549.25,1547.15,2538.1,1565.25,2518,1579.1,2495.05,1583.3,2472.9,1579.8,2454.85,1570.1,2438.1,1553.4,2431.85,1527.75,2434,1501.35,2445.05,1481.25,2460.4,1467.3
2-205,Uninfected,No_comment,Polygon,19,2547.2,1580.55,2559,1581.85,2573.6,1588.85,2588.15,1601.35,2595.8,1613.85,2600,1631.25,2599.25,1650.6,2591.65,1665.9,2577.75,1679.1,2562.5,1684,2540.25,1681.85,2518.75,1679.1,2504.15,1670.1,2491.65,1653.4,2485.4,1629.8,2490.95,1609,2505.5,1595.1,2520.05,1586.8,2531.25,1582.6
2-206,Uninfected,No_comment,Polygon,16,2516.65,1687.5,2533.3,1690.25,2551.3,1699.3,2562.5,1709,2572.9,1724.3,2573.6,1742.3,2566.65,1767.3,2550,1784.65,2527.05,1793.75,2504.85,1793.75,2484,1786.05,2472.2,1775.6,2461.75,1754.8,2464.55,1728.4,2477.75,1706.25,2497.2,1692.3
2-207,Uninfected,No_comment,Polygon,18,2784.7,1597.85,2793.7,1600,2805.5,1604.1,2820.05,1618.05,2829.85,1632.6,2833.25,1647.85,2833.25,1667.3,2824.95,1685.35,2811.1,1699.3,2793,1710.35,2779.15,1710.35,2752.75,1700.6,2739.55,1688.85,2729.85,1670.1,2725.65,1648.55,2731.9,1628.4,2743.7,1609.65,2765.25,1600
2-208,Uninfected,No_comment,Polygon,20,2878.45,1550,2892.35,1552.75,2907.55,1556.25,2933.25,1577,2943,1602.75,2944.4,1619.3,2944.4,1640.25,2936.7,1659,2925.65,1669.35,2913.85,1681.85,2890.95,1694.3,2865.3,1690.25,2850.7,1679.05,2844.45,1663.8,2841.7,1644.3,2836.8,1627.75,2827.8,1606.8,2830.55,1581.25,2843.05,1561.75,2856.95,1552
2-209,Uninfected,No_comment,Polygon,17,3141.65,1536.75,3158.35,1544.4,3172.9,1556.2,3181.25,1576.4,3184.05,1594.4,3181.25,1615.25,3172.25,1634,3154.85,1647.2,3130.55,1654.15,3105.55,1648.6,3084.75,1640.25,3070.85,1617.35,3063.9,1586.75,3068.75,1557.65,3082.65,1543.7,3102.1,1534,3122.25,1532.65
2-210,Uninfected,No_comment,Polygon,17,2979.15,1661.1,3008.35,1668.7,3024.3,1684,3031.25,1695.8,3035.4,1712.45,3034.75,1737.45,3025.75,1758.3,3009.75,1772.9,2984.05,1779.85,2952.8,1778.45,2931.25,1768.7,2920.85,1754.85,2911.1,1735.4,2910.4,1706.9,2920.85,1681.2,2938.9,1671.5,2956.25,1662.45
2-211,Uninfected,No_comment,Polygon,18,3111.1,1671.5,3126.35,1675.65,3143.7,1682.65,3157.6,1694.4,3166.6,1708.9,3170.1,1724.9,3171.55,1749.15,3162.45,1767.9,3143.7,1784.65,3127.05,1789.45,3107,1790.15,3078.5,1774.85,3060.4,1766.65,3048.65,1749.9,3044.5,1724.9,3054.15,1700.65,3071.55,1683.9,3087.5,1675.65
2-212,Uninfected,No_comment,Polygon,16,3164.6,1829.85,3181.25,1829.85,3203.5,1840.95,3217.35,1852.05,3223.6,1872.2,3226.4,1895.85,3218.05,1920.15,3210.4,1936.1,3191.65,1953.45,3164.6,1961.75,3135.45,1957.65,3117.35,1940.25,3103.55,1918,3104.95,1879.85,3115.4,1852.75,3142.35,1832.65
2-213,Uninfected,No_comment,Polygon,17,3082.55,2285.4,3095.05,2293.75,3107.55,2304.15,3111.75,2327.1,3111.1,2345.85,3102,2366.65,3088.1,2381.95,3063.8,2390.25,3038.8,2386.8,3024.25,2380.55,3006.85,2362.5,2997.2,2342.35,2997.9,2315.25,3006.2,2289.6,3022.2,2277.1,3040.95,2270.85,3056.85,2272.2
2-214,Uninfected,No_comment,Polygon,20,3131.2,2181.25,3145.75,2184,3160.4,2186.1,3180.5,2193,3188.8,2204.15,3194.4,2212.5,3195.75,2231.25,3190.25,2250,3172.9,2265.25,3155.5,2277.75,3137.45,2283.35,3118,2286.1,3100.6,2280.5,3079.85,2269.45,3065.95,2256.25,3061.75,2238.2,3065.25,2218.75,3074.95,2203.45,3090.25,2189.6,3102.75,2185.4
2-215,Uninfected,No_comment,Polygon,21,3165.95,2070.85,3188.15,2077.1,3204.15,2089.6,3220.05,2113.2,3229.85,2125,3240.95,2141.65,3247.2,2159,3243.7,2175.7,3234.7,2188.9,3220.05,2197.9,3204.15,2196.5,3189.5,2188.9,3162.45,2179.15,3141.65,2174.25,3122.9,2172.9,3111.1,2161.75,3100.6,2140.95,3102.75,2104.15,3116.65,2082.65,3139.5,2070.85,3151.3,2069.45
2-216,Uninfected,No_comment,Polygon,19,3367.35,2182.65,3377,2184,3394.4,2187.5,3418,2201.4,3424.25,2212.5,3431.2,2229.85,3434.7,2252.75,3433.25,2272.9,3428.45,2293,3411.75,2304.15,3386.75,2313.2,3359.7,2314.6,3340.95,2306.95,3321.5,2293,3310.4,2273.6,3307.55,2247.2,3313.15,2222.2,3324.25,2201.4,3341.65,2186.1
2-217,Uninfected,No_comment,Polygon,17,3234,2247.9,3243,2247.9,3255.5,2257.65,3267.35,2271.5,3274.25,2283.35,3278.45,2306.25,3277,2333.35,3266.65,2356.25,3242.35,2370.85,3216.65,2375.7,3188.8,2365.95,3174.25,2350,3165.25,2326.4,3166.65,2298.6,3181.2,2277.75,3202.75,2257.65,3215.95,2247.9
2-218,Uninfected,No_comment,Polygon,18,3362.45,2329.15,3374.25,2334,3394.4,2352.1,3405.5,2372.2,3409,2398.6,3410.4,2422.2,3402.75,2441.65,3386.1,2454.85,3365.95,2461.8,3338.8,2459,3318,2445.15,3306.2,2429.85,3297.2,2409,3294.4,2371.5,3302,2348.6,3318.7,2330.5,3338.8,2325.7,3350.65,2326.4
2-219,Uninfected,No_comment,Polygon,22,3303.45,1993.75,3311.75,2006.95,3324.25,2019.45,3336.75,2036.75,3344.4,2047.9,3345.05,2072.9,3338.8,2097.2,3324.95,2121.5,3307.55,2134,3285.4,2140.95,3267.35,2142.35,3252.75,2135.4,3242.35,2123.6,3226.3,2099.25,3220.75,2081.95,3217.35,2059.7,3222.2,2034,3227.75,2004.15,3252,1986.75,3265.95,1978.45,3281.2,1977.1,3292.35,1982.65
2-220,Uninfected,No_comment,Polygon,19,3495.85,2104.85,3506.95,2109.7,3522.25,2121.55,3532.65,2137.55,3536.1,2151.35,3540.3,2170.85,3535.4,2189.6,3519.45,2210.4,3499.3,2220.85,3475,2227.1,3457,2225.65,3443.75,2216.65,3423.6,2198.6,3413.9,2177.8,3412.5,2154.15,3422.25,2127.8,3442.35,2108.35,3468.05,2102.8,3482,2100.65
2-221,Uninfected,No_comment,Polygon,19,3536.1,2234.05,3552.8,2236.8,3572.9,2241.6,3591,2250.05,3603.5,2262.55,3615.3,2279.1,3617.35,2294.35,3611.1,2319.35,3600.65,2339.55,3581.9,2352.05,3554.15,2358.3,3523.6,2355.55,3503.55,2346.55,3484.8,2327.8,3472.3,2304.8,3473,2284.05,3478.55,2261.85,3498.65,2246.45,3513.2,2239.6
2-222,Uninfected,No_comment,Polygon,17,3679.85,2198.6,3695.15,2204.85,3716.65,2213.85,3732.65,2228.4,3743.05,2242.35,3747.95,2260.4,3744.5,2281.3,3727.8,2296.55,3710.4,2311.8,3687.5,2315.3,3659.1,2309.65,3638.2,2297.15,3621.6,2272.9,3619.45,2250.05,3624.35,2225.05,3647.3,2207.6,3663.2,2198.6
2-223,Uninfected,No_comment,Polygon,18,3782.65,2293.05,3795.85,2293.8,3818.05,2303.45,3829.85,2313.85,3836.8,2330.55,3841,2350.65,3834.05,2374.3,3820.15,2394.4,3806.25,2403.45,3780.55,2409.7,3752.1,2406.3,3733.35,2396.55,3718.75,2379.15,3712.5,2355.55,3716.65,2329.15,3732.65,2305.55,3750.7,2295.1,3761.8,2292.35
2-224,Uninfected,No_comment,Polygon,18,3489.6,2388.85,3506.95,2393.05,3525.7,2401.35,3539.6,2409.7,3552.8,2427.1,3559.05,2444.4,3557.65,2464.6,3547.9,2484.75,3530.55,2495.1,3515.3,2498.6,3492.35,2497.9,3466.65,2496.55,3448.6,2487.55,3436.8,2472.25,3433.35,2451.35,3438.25,2421.55,3451.4,2402.8,3468.75,2391.65
2-225,Uninfected,No_comment,Polygon,17,3818.05,2421.5,3830.55,2422.9,3848.6,2433.35,3864.5,2459,3870.75,2478.45,3868.7,2504.85,3856.9,2523.6,3838.15,2536.8,3813.15,2540.95,3788.15,2534.7,3772.2,2522.2,3761.8,2505.55,3755.55,2482.6,3756.9,2456.9,3766.65,2436.1,3785.4,2424.3,3798.6,2420.1
2-226,Uninfected,No_comment,Polygon,20,3861.1,2131.2,3873.6,2130.55,3888.85,2132.6,3906.9,2139.6,3918.7,2151.35,3925.65,2163.15,3931.9,2174.95,3933.95,2193.7,3933.25,2211.1,3924.3,2231.9,3902.7,2249.3,3879.15,2258.35,3854.85,2259,3833.25,2253.45,3813.15,2238.85,3803.45,2217.35,3797.9,2192.35,3804.15,2170.1,3821.45,2147.2,3838.85,2134.7
2-227,Uninfected,No_comment,Polygon,18,3912.5,1925.65,3924.3,1925.65,3945.15,1931.2,3956.95,1940.25,3962.5,1952.1,3965.95,1970.85,3959.7,1997.9,3944.45,2015.25,3919.45,2025.65,3897.9,2022.9,3872.9,2015.95,3850,2004.15,3841.65,1984.7,3838.9,1959.7,3852.1,1941.65,3867.35,1929.15,3882.65,1926.4,3893.75,1924.95
2-228,Uninfected,No_comment,Polygon,17,3908.35,1815.25,3922.9,1815.95,3938.9,1824.3,3953.45,1834,3962.5,1849.3,3965.95,1863.9,3963.2,1885.4,3953.45,1897.2,3939.6,1906.9,3914.6,1911.8,3894.45,1909.7,3872.2,1904.15,3860.4,1889.6,3851.4,1873.6,3851.4,1852.75,3861.8,1830.55,3884.7,1818.7
2-229,Uninfected,No_comment,Polygon,19,4052.1,1866.65,4066.65,1867.35,4094.45,1881.9,4102.1,1892.35,4111.8,1908.35,4115.3,1929.15,4104.15,1951.4,4088.2,1966.65,4068.05,1970.85,4052.1,1974.95,4036.8,1977.75,4015.95,1974.3,3995.85,1963.9,3988.2,1947.9,3982.65,1922.2,3989.6,1890.95,4002.1,1873.6,4018.05,1862.45,4035.4,1860.4
2-230,Uninfected,No_comment,Polygon,18,4072.9,1985.4,4087.5,1987.45,4107.65,1995.85,4120.15,2004.85,4132.65,2026.35,4135.4,2043.05,4134.05,2065.25,4122.2,2081.9,4095.85,2099.3,4074.3,2102.1,4047.9,2100.65,4026.4,2090.25,4013.9,2074.95,4006.25,2053.45,4006.95,2024.3,4018.05,2003.45,4035.4,1988.9,4050.7,1984.7
2-231,Uninfected,No_comment,Polygon,19,4115.95,2105.5,4122.9,2106.9,4143.05,2109.7,4158.35,2118.05,4167.35,2129.8,4173.6,2147.9,4172.9,2162.4,4171.55,2181.15,4159.7,2197.15,4141.65,2208.3,4120.15,2211.8,4091,2209.65,4071.6,2206.9,4052.85,2188.15,4043.1,2165.9,4050.05,2140.9,4061.85,2121.45,4082,2111.8,4103.45,2108.3
2-232,Uninfected,No_comment,Polygon,21,3736.1,2038.9,3740.2,2032.65,3754.85,2025,3770.75,2013.9,3788.8,2010.4,3800.65,2017.35,3818.7,2030.5,3828.45,2046.5,3837.45,2061.75,3843.05,2090.95,3841.65,2114.6,3829.85,2126.4,3809.7,2140.95,3790.2,2150,3768.7,2152.75,3747.9,2148.6,3733.95,2137.5,3723.6,2123.6,3715.2,2104.15,3715.95,2073.6,3724.3,2051.4
2-233,Uninfected,No_comment,Polygon,17,4104.85,2223.6,4137.45,2232.6,4158.25,2246.5,4169.4,2272.9,4170.75,2292.35,4161.8,2311.1,4141.65,2328.45,4124.3,2338.15,4105.55,2348.6,4080.55,2348.6,4054.15,2335.4,4039.5,2318.7,4030.55,2298.6,4029.15,2272.2,4035.4,2249.3,4051.35,2231.9,4074.95,2223.6
2-234,Uninfected,No_comment,Polygon,20,3319.45,2505.55,3328.45,2505.55,3345.75,2514.6,3362.45,2527.8,3371.5,2538.15,3380.55,2550.65,3386.1,2573.6,3383.25,2596.55,3371.5,2618.8,3357.6,2630.55,3332.6,2638.85,3305.55,2643.8,3286.1,2643.8,3265.25,2631.9,3251.3,2617.35,3240.25,2591.65,3243.7,2566.65,3249.3,2543.8,3268.7,2525.05,3290.25,2510.4
2-235,Uninfected,No_comment,Polygon,17,3504.15,2511.1,3520.1,2516.65,3540.95,2528.45,3554.15,2545.1,3557.6,2559.7,3558.25,2576.35,3546.5,2602.8,3524.3,2614.6,3495.1,2620.1,3473.6,2615.3,3457.6,2604.85,3446.5,2588.15,3438.85,2568.8,3439.5,2538.15,3452,2522.9,3472.2,2512.55,3487.45,2511.8
2-236,Uninfected,No_comment,Polygon,20,3648.6,2641.65,3662.45,2646.55,3676.35,2651.35,3691.65,2661.1,3697.9,2668.05,3707.6,2685.4,3713.15,2706.25,3713.15,2729.85,3702.7,2744.4,3687.45,2755.55,3668.7,2759.7,3640.25,2759.05,3615.25,2752.1,3598.6,2740.3,3585.4,2719.4,3581.2,2697.2,3583.25,2672.9,3600.65,2652.8,3614.5,2643.8,3632.6,2640.95
2-237,Uninfected,No_comment,Polygon,22,3274.95,2654.15,3286.1,2652.1,3304.15,2648.6,3315.95,2649.3,3331.95,2661.1,3336.8,2671.55,3336.8,2690.95,3330.55,2708.35,3331.2,2728.45,3334,2740.95,3326.3,2763.15,3309,2780.55,3290.25,2787.5,3270.75,2782.6,3256.95,2775,3247.9,2762.5,3241.65,2740.3,3236.8,2718.05,3232.55,2702.1,3238.2,2681.25,3249.3,2661.8,3256.2,2656.9
2-238,Uninfected,No_comment,Polygon,19,3388.2,2659.05,3397.2,2659.7,3411.8,2672.9,3422.2,2684.7,3431.2,2699.3,3434,2711.8,3434,2732.6,3430.55,2750.65,3420.75,2765.3,3400.7,2775.65,3382.6,2777.1,3362.45,2772.25,3350.7,2761.1,3345.1,2743.75,3343.05,2722.2,3344.45,2704.15,3349.3,2685.4,3359.7,2666.65,3370.75,2659.05
2-239,Uninfected,No_comment,Polygon,21,3488.2,2689.6,3502,2689.6,3519.4,2700,3536.8,2715.3,3548.6,2729.15,3552.75,2748.6,3553.45,2766,3550.65,2786.1,3540.95,2803.5,3526.35,2816.65,3505.55,2823.6,3482.6,2824.3,3461.1,2813.85,3447.9,2800.65,3443.7,2781.25,3443.7,2763.15,3450.7,2740.95,3450.7,2723.6,3451.35,2702.8,3459.7,2690.95,3471.5,2689.6
2-240,Uninfected,No_comment,Polygon,18,3161.8,2683.35,3175.7,2681.9,3194.45,2686.1,3210.4,2694.4,3220.05,2709.7,3223.6,2722.2,3227,2743.75,3223.6,2761.1,3211.8,2772.9,3185.4,2782.6,3160.4,2786.8,3142.35,2784.05,3124.3,2775,3117.35,2763.85,3113.2,2747.2,3115.25,2721.55,3124.95,2698.6,3136.8,2687.5
2-241,Uninfected,No_comment,Polygon,20,3131.2,2578.45,3156.2,2577.1,3174.95,2583.35,3188.8,2600.05,3195.75,2616.65,3196.5,2634.05,3189.5,2654.85,3178.45,2666.65,3164.5,2670.85,3149.3,2672.2,3131.95,2681.9,3119.45,2688.15,3099.95,2681.9,3085.4,2669.4,3079.15,2652.1,3073.6,2627.8,3074.95,2608.35,3086.75,2590.95,3102,2584.7,3112.45,2581.3
2-242,Uninfected,No_comment,Polygon,19,3126.3,2455.55,3141.6,2453.5,3165.85,2459.05,3181.1,2469.35,3198.5,2488.15,3202.7,2506.3,3197.85,2531.2,3186.7,2553.35,3174.85,2561.05,3152.7,2565.85,3135.35,2566.6,3110.35,2573.65,3087.5,2569.35,3079.9,2554.8,3081.25,2530.55,3084.75,2510.35,3088.25,2491.6,3101.3,2462.55,3111.75,2459.6
2-243,Uninfected,No_comment,Polygon,18,2995.75,2442.35,3015.25,2438.85,3034,2443.05,3054.8,2455.55,3067.3,2468.8,3073.55,2488.15,3075.65,2509.05,3069.4,2531.9,3059,2551.35,3043.65,2565.3,3018,2570.1,2991.7,2565.3,2974.95,2556.3,2963.85,2541.65,2957.6,2518.8,2958.25,2496.55,2965.25,2473.6,2976.35,2454.85
2-244,Uninfected,No_comment,Polygon,21,3179,2832.25,3187.55,2838.8,3199.55,2850.35,3208.15,2864.95,3215.1,2887.05,3213.65,2910.65,3206.65,2931.75,3191.55,2952.35,3177,2959.9,3161.4,2965.95,3141.8,2968.45,3122.7,2963.9,3110.1,2956.4,3101.1,2937.8,3097.1,2911.65,3099.1,2894.05,3107.15,2870.45,3116.7,2855.9,3132.25,2843.3,3150.85,2833.75,3161.9,2830.25
2-245,Uninfected,No_comment,Polygon,20,3404.65,2791.05,3420.2,2795.6,3432.7,2801.6,3442.3,2812.65,3451.85,2824.7,3457.4,2843.8,3459.4,2861.4,3454.4,2882.5,3443.25,2896.1,3425.25,2904.65,3403.05,2906.15,3383.95,2902.1,3365.95,2892.55,3355.9,2880,3349.85,2862.9,3351.85,2844.3,3358.35,2821.2,3368.9,2806.65,3381.5,2795.05,3393,2791.55
2-246,Uninfected,No_comment,Polygon,21,3632.8,2769.4,3644.35,2770.4,3663.45,2777.45,3676,2789.5,3686.05,2805.1,3691.1,2823.15,3687.05,2843.8,3675.5,2859.85,3661.45,2869.9,3643.85,2878.45,3623.25,2882.45,3602.65,2883.5,3585.05,2876.45,3571.45,2863.9,3562.45,2847.3,3556.4,2827.7,3558.9,2801.55,3569.95,2783.95,3586.05,2773.9,3606.15,2767.9,3616.7,2767.9
2-247,Uninfected,No_comment,Polygon,22,3772.5,2631.2,3787.05,2634.7,3807.65,2639.75,3823.75,2651.3,3833.3,2672.9,3837.3,2689,3839.8,2705.6,3840.35,2728.2,3834.8,2743.75,3826.25,2749.8,3805.15,2753.3,3784.55,2751.8,3767.95,2754.85,3749.85,2757.85,3734.8,2750.3,3729.25,2733.7,3727.25,2714.6,3723.25,2695.05,3722.25,2679.95,3722.25,2660.85,3738.8,2643.75,3749.85,2634.2
2-248,Uninfected,No_comment,Polygon,20,4264.45,1946.75,4276.5,1952.3,4295.6,1965.85,4306.65,1982.5,4310.65,1996,4310.15,2010.6,4304.65,2028.7,4297.6,2046.8,4280.5,2058.35,4249.85,2064.35,4222.25,2061.35,4203.65,2053.8,4190.05,2040.25,4182.5,2021.15,4181,1991.5,4187.05,1968.9,4205.65,1951.8,4224.75,1944.75,4243.85,1943.75,4253.4,1944.25
2-249,Uninfected,No_comment,Polygon,21,4301.6,1747.25,4319.7,1750.8,4334.3,1755.3,4347.85,1767.85,4353.9,1777.4,4358.4,1787.45,4357.4,1806.05,4355.9,1818.1,4354.4,1831.7,4345.85,1845.75,4333.8,1857.8,4317.2,1864.85,4294.1,1867.85,4275,1864.35,4255.9,1853.85,4243.35,1840.25,4234.8,1816.1,4234.3,1789.05,4244.85,1766.35,4260.9,1752.8,4282.05,1746.75
2-250,Uninfected,No_comment,Polygon,24,4185.05,1768.9,4189.05,1775.4,4197.6,1784.95,4207.65,1803.6,4215.7,1816.1,4220.7,1829.7,4222.75,1843.3,4217.2,1863.4,4205.65,1880.95,4189.55,1891,4167.95,1896,4148.35,1894,4130.25,1885.95,4116.7,1874.9,4109.65,1861.85,4105.15,1845.75,4104.15,1827.65,4106.65,1808.6,4118.7,1790.5,4134.8,1779.5,4148.85,1768.9,4162.95,1758.85,4171.95,1759.85,4179.5,1763.9
2-251,Uninfected,No_comment,Polygon,22,4251.45,1345.25,4263.95,1347.75,4275.05,1355.3,4289.65,1366.35,4296.15,1374.9,4304.15,1390,4306.2,1409.6,4305.7,1430.2,4298.1,1456.3,4289.05,1467.9,4274,1475.9,4250.95,1477.95,4230.35,1474.9,4210.25,1467.4,4198.1,1458.35,4185.05,1443.75,4179,1426.65,4179,1406.05,4187.1,1387.45,4203.15,1368.9,4216.25,1355.8,4234.85,1347.75
2-252,Uninfected,No_comment,Polygon,21,4313.7,1514.6,4334.35,1520.65,4351.4,1528.2,4366.45,1537.25,4380.1,1548.3,4382.05,1560.35,4380.6,1574.4,4379.6,1587.5,4371.5,1601.55,4353.4,1616.15,4327.75,1623.15,4299.7,1622.65,4283.05,1617.65,4266.95,1609.6,4256.9,1598.05,4248.85,1583.95,4244.9,1566.35,4249.35,1544.75,4260,1529.2,4277.5,1521.15,4296.6,1514.1
2-253,Uninfected,No_comment,Polygon,21,4244.85,1189.4,4256.95,1191.5,4274.5,1198.95,4290.1,1209,4298.15,1223.15,4301.15,1233.65,4303.15,1253.3,4297.65,1273.35,4281.05,1295.5,4259.95,1308.05,4225.25,1310.6,4200.65,1303.5,4181.05,1296,4170,1284.9,4160.45,1266.35,4157.4,1242.75,4171.5,1220.05,4185.05,1208.55,4202.15,1198,4218.25,1193.5,4229.8,1190.4
2-254,Uninfected,No_comment,Polygon,21,3672,285.85,3690.1,286.95,3707.15,295.4,3716.2,308.05,3723.25,323.1,3726.25,343.7,3724.75,367.35,3718.75,385.4,3703.15,405.55,3682.05,414.5,3656.4,419.1,3636.3,416.6,3617.2,409.05,3602.65,391.95,3597.1,368.85,3597.6,350.75,3602.65,329.65,3612.7,311.55,3623.25,300.45,3637.8,292.95,3656.4,286.45
2-255,Uninfected,No_comment,Polygon,23,3595.1,462.3,3609.15,460.8,3621.25,462.3,3635.8,468.85,3644.85,476.4,3651.4,488.45,3656.9,501.5,3656.9,523.1,3653.4,544.2,3641.35,563.3,3624.75,578.9,3606.15,589.45,3584.55,588.95,3562.45,584.95,3549.35,577.4,3541.85,566.85,3534.8,553.25,3532.8,531.65,3535.8,504.5,3546.35,485.45,3560.45,470.85,3574.5,466.85,3580.05,463.8
2-256,Uninfected,No_comment,Polygon,22,3817.75,453.75,3829.8,456.8,3840.35,463.3,3850.9,474.9,3859.95,490.95,3863.45,503.95,3866.45,523.6,3862.45,542.7,3854.4,558.3,3841.85,571.85,3821.75,578.35,3802.15,580.9,3775.5,577.9,3761.45,569.85,3745.35,551.75,3738.85,535.2,3737.8,514,3740.35,498.95,3753.9,475.9,3774,459.8,3792.1,453.25,3804.15,451.25
2-257,Uninfected,No_comment,Polygon,21,3365.4,172.35,3376.45,176.35,3389.05,186.4,3399.1,196.95,3406.1,212.05,3409.65,224.1,3408.65,246.2,3402.65,264.8,3388.1,281.9,3366.9,294.95,3345.3,300.45,3327.8,299.95,3306.6,287.4,3300.6,277.85,3290.05,260.25,3287.55,243.7,3290.05,224.1,3303.15,201.45,3315.15,184.4,3328.3,173.85,3343.8,170.3
2-258,Uninfected,No_comment,Polygon,24,3260.9,94.95,3272.45,93.95,3282,94.45,3294.05,100.45,3301.6,111,3307.7,121.55,3311.15,135.15,3312.15,151.2,3306.1,171.3,3297.05,184.4,3287.55,194.95,3284,207.5,3280,219.05,3268,223.6,3253.4,223.6,3241.3,216.55,3232.75,208.5,3216.65,195.95,3211.65,178.35,3209.65,156.75,3214.2,135.15,3224.25,113.55,3237.25,98.45,3248.4,94.95
2-259,Uninfected,No_comment,Polygon,24,3435.25,65.3,3446.9,72.3,3458.4,83.9,3472.95,93.95,3483.5,105,3488.05,120.05,3490.55,137.65,3489.05,154.75,3483.5,169.8,3469.45,182.9,3454.85,189.9,3441.85,193.95,3425.7,195.45,3408.65,186.4,3393.55,173.35,3378.5,160.25,3370.95,146.2,3367.5,128.1,3367.5,112,3372.5,92.95,3383.05,79.35,3393.55,71.3,3406.6,68.3,3416.15,66.3
2-260,Uninfected,No_comment,Polygon,20,2804.1,74.35,2820.75,75.9,2838.75,86.95,2850.4,103,2857.85,116.1,2865.45,133.15,2859.35,161.8,2852.35,178.9,2837.75,192.45,2820.15,201,2802.15,204,2778.45,202,2758.85,189.45,2746.35,173.85,2740.25,157.3,2739.25,128.65,2746.85,106.05,2759.35,86.95,2773.95,76.9,2785,73.35
2-261,Uninfected,No_comment,Polygon,18,2418.4,2021.25,2429.75,2024.1,2440.4,2026.95,2453.85,2039.7,2461.65,2059.55,2463.8,2081.55,2456.7,2102.8,2435.4,2116.3,2420.55,2121.25,2400.65,2122.7,2384.35,2114.9,2365.9,2101.4,2357.4,2085.1,2356,2065.95,2360.95,2050.35,2373,2034.75,2393.6,2023.4,2404.2,2019.85
2-262,Uninfected,No_comment,Polygon,21,2472.3,2130.5,2474.45,2130.5,2487.2,2124.8,2504.2,2121.25,2518.4,2121.25,2543.95,2132.6,2548.9,2141.85,2548.9,2156.7,2546.05,2178,2540.4,2192.9,2529.75,2207.1,2515.55,2214.15,2495.7,2219.15,2475.85,2226.95,2454.55,2229.05,2434.7,2220.55,2420.55,2207.1,2420.55,2189.35,2430.45,2163.8,2447.5,2143.95,2456.7,2137.55
2-263,Uninfected,No_comment,Polygon,18,2506.4,2229.75,2517.7,2231.2,2529.75,2237.55,2539.7,2248.2,2546.75,2263.1,2549.6,2278.7,2549.6,2298.55,2541.1,2317,2524.8,2334.75,2503.5,2341.1,2481.5,2340.4,2458.85,2327.65,2444.65,2309.9,2440.4,2288.65,2441.8,2267.35,2453.85,2248.9,2465.9,2238.3,2483.65,2231.9
2-264,Uninfected,No_comment,Polygon,18,2271.65,2206.35,2285.05,2205.65,2302.8,2216.3,2317.75,2229.75,2327.6,2249.65,2329.75,2263.1,2328.35,2282.25,2319.1,2302.8,2305.65,2317.7,2286.5,2328.35,2265.2,2331.9,2241.8,2324.8,2226.2,2313.45,2216.25,2293.6,2213.45,2268.8,2220.55,2235.45,2233.3,2221.25,2253.15,2208.5
2-265,Uninfected,No_comment,Polygon,19,2131.15,2236.15,2155.3,2235.45,2171.65,2240.4,2185.8,2249.65,2194.3,2263.8,2199.25,2279.4,2197.85,2297.85,2192.85,2316.3,2178.7,2336.15,2164.5,2341.1,2138.95,2344.65,2122.65,2342.55,2108.45,2336.15,2093.6,2325.5,2085.05,2310.6,2078.7,2280.15,2087.9,2254.6,2101.4,2244.65,2112.75,2238.3
2-266,Uninfected,No_comment,Polygon,19,2018.6,2220.5,2029.45,2227.6,2045.55,2239.6,2055.75,2258.2,2064.15,2280.3,2066.5,2299.45,2062.35,2319.25,2045.55,2338.4,2024.6,2349.15,2001.9,2350.35,1983.3,2346.2,1967.7,2337.8,1959.35,2324.6,1955.75,2301.25,1952.75,2282.15,1952.75,2259.4,1962.9,2233.05,1980.3,2222.2,1997.65,2217.45
2-267,Uninfected,No_comment,Polygon,18,2045.55,2093.45,2062.35,2095.25,2083.3,2101.9,2096.45,2114.45,2103.7,2138.4,2100.65,2156.4,2096.45,2174.9,2087.5,2191.1,2070.1,2200.65,2050.35,2206.7,2024.6,2206.7,1999.5,2194.75,1986.9,2177.9,1979.7,2155.8,1982.7,2134.8,1989.25,2116.85,2009.05,2097.65,2020.4,2094.05
2-268,Uninfected,No_comment,Polygon,17,2076.15,1990.55,2086.9,1991.05,2104.3,1997.05,2118.55,2007.85,2125.8,2025.25,2128.8,2043.75,2123.95,2071.9,2114.4,2083.3,2097.65,2090.5,2082.65,2090.5,2061.15,2083.9,2041.95,2077.3,2024,2062.9,2018.6,2033,2025.25,2013.8,2038.4,1999.5,2054.6,1991.65
2-269,Uninfected,No_comment,Polygon,22,1967.75,1917.4,1977.95,1918.6,1993.5,1921,2003.7,1929.4,2012.65,1940.75,2019.25,1950.95,2020.45,1970.1,2021.05,1986.25,2013.85,2007.85,2001.9,2024,1983.9,2035.4,1965.35,2035.4,1938.45,2030,1922.25,2019.8,1911.45,2007.85,1903.7,1992.25,1900.7,1975.5,1901.3,1955.75,1907.25,1941.35,1920.45,1932.4,1936.6,1924.6,1949.2,1919.8
2-270,Uninfected,No_comment,Polygon,21,1945.6,1796.45,1957.55,1799.45,1971.95,1806,1983.9,1822.2,1989.95,1832.35,1992.9,1853.95,1989.95,1871.9,1982.7,1889.25,1970.15,1899.45,1949.2,1909,1925.85,1918,1909.65,1923.4,1894.7,1922.8,1878.55,1911.4,1871.35,1900.05,1862.95,1881.5,1859.35,1857.5,1864.75,1834.15,1882.7,1812,1907.85,1797.65,1925.85,1793.45
2-271,Uninfected,No_comment,Polygon,20,2755.2,2448,2764.8,2449.15,2777.35,2458.8,2786.35,2470.15,2794.7,2484.55,2799.5,2501.9,2798.9,2518.65,2792.9,2537.25,2779.15,2551.55,2763.6,2564.15,2739.65,2569.55,2719.85,2567.75,2702.5,2558.2,2691.7,2540.2,2682.75,2522.25,2683.35,2495.3,2694.7,2466.55,2713.9,2453.4,2728.25,2448,2742,2446.2
2-272,Uninfected,No_comment,Polygon,21,2902.5,2383.95,2912.1,2383.95,2928.25,2389.3,2945.05,2406.7,2951,2417.45,2954.6,2431.25,2956.4,2447.4,2954.6,2467.15,2948,2485.75,2938.45,2507.3,2921.65,2517.45,2896.5,2521.65,2876.15,2518.05,2858.8,2507.3,2845.6,2492.3,2842.05,2469.55,2840.85,2434.85,2848,2413.25,2863.6,2395.3,2879.75,2385.7,2887.55,2382.75
2-273,Uninfected,No_comment,Polygon,21,2061.7,2371.05,2075.45,2374.9,2087.55,2381.5,2095.25,2391.4,2099.6,2402.95,2101.8,2422.15,2100.7,2436.45,2090.85,2454.05,2074.9,2471.05,2056.75,2482.05,2037,2490.3,2018.3,2489.75,2001.8,2484.25,1990.25,2471.05,1983.15,2455.15,1981.5,2433.15,1987,2409,2000.15,2389.2,2018.3,2376.55,2035.35,2370.5,2046.3,2368.85