254,5312,2988
3-1,White_Blood_Cell,No_comment,Polygon,31,1263.1,1338.65,1271,1315.05,1284.35,1289.85,1307.2,1274.85,1337.1,1267.8,1361.55,1268.55,1383.6,1270.95,1410.35,1283.55,1430.05,1301.65,1445.8,1330,1454.45,1352.05,1469.4,1372.5,1480.45,1391.4,1477.3,1410.3,1475.7,1437.9,1466.25,1462.3,1449.75,1470.95,1448.95,1487.5,1441.05,1504.75,1429.25,1516.6,1414.3,1521.35,1378.05,1532.35,1344.2,1530.8,1316.65,1529.2,1306.4,1526.05,1288.3,1510.3,1271,1481.2,1263.9,1448.9,1263.1,1417.4,1267.85,1381.2,1264.7,1364.65
3-2,Uninfected,No_comment,Polygon,20,2604.15,1803.5,2615.35,1803.5,2631.15,1810.7,2642.4,1819.95,2650.9,1835.05,2657.5,1849.5,2660.75,1877.85,2653.5,1900.85,2638.4,1921.2,2618,1931.15,2594.3,1936.35,2574.6,1933.05,2556.8,1922.55,2545.65,1906.8,2536.4,1886.35,2535.1,1863.3,2540.35,1831.75,2555.55,1812.65,2567.35,1804.75,2580.55,1802.1
3-3,Uninfected,No_comment,Polygon,25,2440.95,1880.55,2449.55,1883.4,2461.05,1887.45,2474.25,1896.05,2489.2,1908.7,2496.1,1919.6,2501.85,1934,2502.45,1948.35,2500.15,1966.15,2490.35,1986.3,2480.6,1996.05,2463.9,2006.4,2447.25,2010.45,2426.55,2008.15,2415.65,1999.5,2401.85,1985.15,2391.5,1975.95,2382.9,1967.3,2374.25,1948.35,2374.85,1929.4,2377.7,1911.55,2390.35,1896.65,2404.15,1886.85,2412.2,1882.85,2426.55,1879.4
3-4,Uninfected,No_comment,Polygon,23,2578.85,1961.55,2581.15,1965,2592.1,1975.35,2601.85,1984.55,2608.2,1997.2,2611.05,2015.6,2607.6,2039.75,2601.3,2059.3,2593.25,2073.1,2572.55,2084,2553.6,2086.85,2532.9,2081.7,2515.05,2073.65,2501.85,2059.85,2495.55,2047.8,2489.2,2029.95,2488.65,2012.75,2494.95,1998.95,2505.85,1983.4,2518.5,1967.9,2531.75,1958.7,2553.6,1955.25,2564.5,1957
3-5,Uninfected,No_comment,Polygon,19,2361.05,1977.1,2377.15,1982.25,2388.05,1988,2403.55,2001.8,2410.45,2013.9,2415.65,2029.4,2417.35,2054.7,2405.3,2084,2381.15,2098.95,2359.3,2103.55,2331.75,2098.35,2307.6,2087.45,2292.65,2071.35,2284.6,2050.1,2285.75,2021.9,2300.1,2001.8,2312.2,1991.45,2331.75,1980.55,2346.1,1977.65
3-6,Uninfected,No_comment,Polygon,31,2480.6,1785.7,2489.2,1786.85,2499,1788.6,2514.5,1799.5,2520.25,1808.1,2522.55,1816.15,2523.7,1829.95,2520.8,1844.9,2519.1,1854.1,2520.8,1871.9,2520.8,1888,2524.85,1898.35,2530.6,1907.55,2530,1918.45,2520.25,1928.25,2507.6,1926.5,2499.55,1918.45,2493.25,1904.65,2480,1892.6,2470.8,1882.85,2457,1873.65,2436.9,1869.05,2423.7,1861,2417.35,1846.05,2414.5,1832.85,2417.35,1816.75,2427.15,1804.1,2439.2,1797.2,2453,1791.45,2459.9,1788,2469.1,1786.3
3-7,Uninfected,No_comment,Polygon,25,2299.55,1874.2,2305.3,1875.35,2317.35,1882.85,2326,1892.6,2333.45,1905.8,2336.3,1921.9,2337.45,1936.85,2332.3,1952.95,2324.85,1964.45,2309.3,1973.65,2298.95,1981.7,2292.65,1990.3,2281.15,1998.95,2267.95,1999.5,2255.85,1998.35,2244.35,1990.9,2240.9,1978.8,2238.6,1960.4,2233.45,1942.05,2232.3,1921.9,2238.6,1911,2251.85,1893.75,2267.35,1882.85,2283.45,1873.05,2291.5,1871.9
3-8,Uninfected,No_comment,Polygon,20,2287.9,1726.3,2294.95,1725,2316.75,1729.5,2332.75,1742.95,2343,1757.7,2349.45,1772.45,2351.35,1788.5,2345.6,1812.85,2330.85,1835.3,2310.35,1845.55,2287.25,1849.4,2270.6,1845.55,2254.55,1832.7,2245.6,1819.9,2234.7,1800.05,2227.65,1779.5,2231.5,1758.35,2243.65,1742.95,2258.4,1734,2272.5,1727.6
3-9,Uninfected,No_comment,Polygon,21,2162.25,1897.45,2179.55,1900.05,2196.85,1906.45,2205.85,1912.2,2211.6,1920.55,2218,1935.3,2221.2,1954.5,2227,1978.25,2223.15,2001.3,2208.4,2022.45,2189.15,2033.35,2166.75,2037.85,2146.2,2034,2131.5,2026.3,2119.3,2010.95,2110.3,1992.35,2105.2,1966.7,2107.75,1942.35,2114.15,1922.45,2126.35,1906.45,2143,1899.4
3-10,Uninfected,No_comment,Polygon,21,2134,1679.6,2155.8,1686.65,2166.05,1696.2,2178.25,1712.25,2186.6,1725.05,2188.55,1741.1,2184.65,1759.65,2169.25,1778.95,2154.55,1791.75,2140.45,1799.4,2120.6,1803.9,2099.4,1798.15,2087.2,1785.95,2080.8,1771.9,2076.95,1757.8,2069.9,1742.35,2069.25,1723.15,2077.65,1704.6,2088.55,1691.1,2107.75,1682.8,2118.65,1678.25
3-11,Uninfected,No_comment,Polygon,22,2251.35,1607.8,2269.3,1612.25,2285.35,1622.5,2294.3,1636,2301.35,1650.75,2303.9,1666.1,2298.75,1689.85,2289.8,1704.6,2276.95,1712.9,2256.45,1719.95,2243.65,1727,2230.15,1730.85,2210.95,1725.75,2197.5,1714.15,2187.85,1701.35,2175.7,1684.05,2172.5,1663.5,2176.95,1645.55,2185.95,1626.35,2200.7,1616.1,2217.4,1609.65,2231.5,1606.45
3-12,Uninfected,No_comment,Polygon,22,2012.2,1717.35,2023.1,1716.1,2035.95,1719.3,2049.4,1728.95,2055.15,1739.85,2060.3,1758.4,2064.8,1766.1,2067.35,1783.45,2064.15,1802,2051.3,1821.9,2034.7,1832.8,2012.85,1840.5,1993,1839.85,1970.55,1831.45,1956.45,1819.95,1948.8,1806.45,1944.25,1780.2,1947.45,1760.95,1962.2,1738.5,1976.95,1727,1989.15,1720.55,1998.1,1718.7
3-13,Uninfected,No_comment,Polygon,21,2419.9,1679.6,2430.8,1679.6,2443.65,1685.3,2455.8,1693.05,2464.8,1703.25,2469.3,1718.05,2470.55,1734.65,2466.7,1757.8,2448.75,1777.6,2431.45,1787.9,2419.3,1792.35,2399.4,1792.35,2384.65,1789.15,2370.55,1780.2,2361.6,1766.75,2355.8,1750.75,2354.55,1732.8,2360.95,1711.65,2372.5,1694.3,2390.45,1683.4,2402.6,1680.2
3-14,Uninfected,No_comment,Polygon,24,1930.15,1905.85,1944.95,1907.75,1959.65,1912.9,1973.8,1922.55,1985.3,1936.65,1993.65,1951.4,1996.2,1962.9,1993,1978.9,1987.2,1992.4,1983.35,2010.35,1981.45,2025.05,1975.7,2039.8,1959,2051.4,1940.4,2050.05,1916.05,2045.6,1895.55,2037.9,1876.3,2021.2,1869.25,2002.65,1863.5,1978.9,1864.75,1959.05,1875.65,1938.55,1888.5,1922.55,1899.4,1910.3,1912.9,1905.25
3-15,Uninfected,No_comment,Polygon,21,2034,1967.4,2044.25,1966.75,2059,1966.75,2081.45,1974.45,2094.25,1982.75,2099.4,1994.95,2104.55,2009.7,2109,2020.6,2108.35,2037.9,2101.3,2054.55,2088.55,2068,2072.45,2078.9,2057.1,2085.35,2034.7,2086.6,2008.35,2077.05,1994.25,2059.1,1989.15,2041.75,1989.8,2018.65,1997.45,1998.8,2010.3,1979.6,2019.25,1971.85
3-16,Uninfected,No_comment,Polygon,21,1837.15,1800.75,1850.7,1803.9,1867.35,1810.95,1880.8,1832.8,1884.65,1851.4,1883.4,1869.95,1876.35,1890.5,1862.15,1904.6,1842.95,1919.35,1826.35,1925.05,1800,1928.25,1780.8,1921.2,1766.05,1910.3,1753.9,1900.05,1747.5,1882.8,1750.7,1860.3,1759.65,1838.5,1766.7,1825.75,1786.6,1812.9,1801.25,1802.6,1817.95,1800.05
3-17,Uninfected,No_comment,Polygon,20,1846.15,1670.55,1873.75,1684.05,1897.5,1703.25,1904.55,1721.2,1907.05,1742.35,1897.5,1770.55,1883.4,1781.45,1867.35,1787.9,1848.05,1787.25,1825,1780.85,1809,1772.55,1792.95,1753.25,1786.6,1737.25,1782.75,1717.35,1785.9,1700.75,1789.1,1687.25,1798.75,1678.25,1808.4,1671.2,1825,1668.7,1832.75,1668.7
3-18,Uninfected,No_comment,Polygon,21,1779.55,1556.45,1798.1,1562.85,1806.45,1569.9,1820.55,1584.65,1823.75,1598.75,1823.05,1625.1,1816.05,1644.3,1800,1660.3,1778.2,1669.95,1752.6,1673.15,1734.65,1669.3,1717.3,1658.4,1706.4,1646.2,1698.75,1626.35,1694.9,1607.15,1698.1,1587.25,1707.05,1572.5,1719.9,1562.85,1733.3,1555.2,1752.6,1551.95,1761.6,1551.95
3-19,Uninfected,No_comment,Polygon,20,1967.95,1600.1,1978.25,1607.8,1994.3,1619.9,2003.85,1634.05,2009.05,1648.15,2007.7,1672.5,1999.4,1696.2,1985.9,1709.65,1966,1719.3,1944.9,1721.2,1925,1716.1,1912.25,1705.2,1898.75,1688.5,1890.45,1671.2,1887.85,1645.55,1891,1623.75,1898.75,1607.8,1913.5,1598.15,1926.35,1594.3,1946.8,1594.9
3-20,Uninfected,No_comment,Polygon,22,1673.75,1802,1681.4,1802.6,1696.15,1809.05,1706.4,1818.7,1716.7,1829.6,1721.15,1844.95,1724.35,1864.8,1722.5,1883.45,1714.1,1905.2,1701.95,1917.35,1677.6,1928.25,1651.95,1929.6,1632.75,1923.15,1613.45,1909.05,1603.9,1893.7,1600.7,1873.8,1603.2,1845.55,1606.4,1828.25,1617.3,1812.9,1633.35,1804.6,1651.95,1800.05,1662.2,1799.4
3-21,Uninfected,No_comment,Polygon,23,1521.8,1792.9,1542.25,1794.1,1559.75,1800.7,1572.4,1810.95,1580.85,1822.35,1585.65,1839.8,1588.05,1854.95,1589.85,1871.15,1592.25,1892.3,1589.25,1908.55,1576,1921.8,1561.55,1928.45,1540.45,1928.45,1521.8,1918.75,1501.3,1903.15,1489.85,1892.85,1473.6,1877.75,1462.75,1857.9,1463.95,1828.35,1474.2,1813.35,1486.85,1801.85,1497.1,1795.25,1508.55,1792.3
3-22,Uninfected,No_comment,Polygon,23,1474.2,1898.9,1483.85,1904.35,1507.95,1921.8,1523.6,1931.4,1532.05,1944.65,1535.65,1968.75,1531.45,1983.85,1520,2004.9,1505.5,2016.35,1488.05,2026.65,1471.2,2030.2,1454.9,2028.4,1435.05,2024.15,1415.75,2016.35,1406.7,2001.95,1395.85,1980.8,1395.25,1966.95,1401.3,1945.9,1409.75,1924.2,1421.8,1908.55,1434.45,1899.5,1453.1,1894.65,1459.75,1894.65
3-23,Uninfected,No_comment,Polygon,22,1324.2,1867,1330.8,1865.8,1348.9,1868.15,1364.55,1874.8,1373,1882,1382.6,1891.7,1387.45,1907.9,1388.05,1929.05,1385.65,1947.1,1377.8,1966.95,1366.95,1980.2,1348.3,1985.65,1319.95,1987.4,1301.3,1986.2,1280.8,1978.45,1267.55,1967.55,1256.1,1948.9,1256.7,1930.2,1264.55,1907.9,1274.8,1889.8,1286.85,1877.75,1303.1,1869.35
3-24,Uninfected,No_comment,Polygon,21,1423,1651.3,1433.85,1652.5,1448.3,1662.7,1459.75,1673.55,1465.75,1686.8,1470,1700.1,1470.6,1713.95,1463.95,1733.8,1454.3,1752.5,1441.05,1763.95,1424.2,1768.2,1403.7,1766.9,1383.8,1759.7,1374.2,1749.5,1362.15,1730.15,1358.5,1709.1,1358.5,1683.85,1366.95,1668.1,1384.45,1653.7,1397.7,1650.05,1409.75,1649.45
3-25,Uninfected,No_comment,Polygon,28,1233.2,1842.9,1242.2,1842.9,1256.05,1842.9,1263.3,1846.4,1270.5,1854.3,1272.3,1866.4,1265.7,1883.75,1256.7,1894,1250.7,1907.25,1248.2,1924.7,1247,1946.45,1248.8,1960.3,1247.65,1978.4,1234.4,1992.2,1214.55,1995.25,1187.45,1995.25,1171.75,1991,1152.5,1982,1139.85,1969.3,1132,1949.4,1135,1927.2,1139.85,1916.4,1153.1,1913.25,1174.2,1907.25,1186.2,1897.05,1199.45,1880.2,1208.5,1856.65,1215.75,1845.8
3-26,Uninfected,No_comment,Polygon,22,1193.05,1661.15,1208.7,1668.75,1222.75,1680.1,1228.7,1692,1231.95,1707.1,1231.4,1724.4,1226,1743.85,1215.75,1757.4,1202.2,1766.05,1182.2,1769.3,1161.15,1767.1,1142.75,1766.05,1123.85,1758.45,1113.55,1746.05,1107.6,1731.45,1108.7,1708.2,1114.1,1689.3,1126.05,1676.3,1144.4,1668.2,1155.75,1664.95,1172,1661.15,1180.05,1660.6
3-27,Uninfected,No_comment,Polygon,24,1166.55,1539.55,1175.75,1540.6,1193.05,1544.4,1213.05,1555.2,1223.3,1564.4,1229.3,1577.4,1231.4,1595.2,1227.1,1610.9,1216.8,1627.1,1206,1636.3,1186.55,1643.35,1172.5,1646.55,1151.4,1650.9,1132.5,1655.2,1111.4,1653.05,1087.05,1639.55,1078.95,1626.55,1074.1,1611.45,1074.65,1587.1,1084.4,1571.45,1102.75,1556.85,1118.45,1547.1,1143.85,1540.6,1154.1,1537.9
3-28,Uninfected,No_comment,Polygon,25,1315.2,1543.85,1327.65,1548.2,1343.85,1555.75,1357.35,1566.55,1365.5,1576.85,1369.85,1588.2,1370.35,1608.75,1366.55,1623.3,1353.05,1636.85,1336.85,1644.4,1319,1648.75,1304.95,1650.35,1286,1645.5,1274.1,1630.9,1263.9,1614.7,1253.05,1596.3,1244.4,1575.75,1235.75,1561.15,1227.6,1549.8,1231.4,1546.55,1242.25,1546,1256.25,1545.5,1280.6,1539,1295.25,1536.85,1306,1540.6
3-29,Uninfected,No_comment,Polygon,27,1189.3,1409.8,1206.55,1408.2,1223.85,1409.8,1239.5,1413.05,1245.45,1424.4,1249.25,1442.25,1249.8,1457.9,1253.6,1473.05,1260.6,1481.7,1267.65,1497.9,1272.5,1509.8,1275.25,1522.25,1274.1,1530.9,1263.3,1533.05,1245.45,1533.6,1230.35,1534.15,1210.35,1532.5,1193.05,1528.2,1179,1527.1,1162.75,1526.55,1157.35,1516.85,1153,1490.35,1148.15,1471.95,1148.15,1451.95,1153.55,1435.75,1163.35,1420.6,1173.55,1414.65
3-30,Uninfected,No_comment,Polygon,27,1615.2,1250.3,1622.75,1254.1,1636.3,1262.75,1647.1,1274.1,1653.05,1286.5,1658.45,1301.1,1660.05,1315.7,1658.45,1336.25,1651.95,1351.4,1641.7,1362.2,1630.9,1374.65,1617.9,1384.35,1602.25,1390.3,1588.7,1390.3,1573.6,1384.9,1558.45,1378.4,1546.55,1371.95,1534.65,1363.3,1526.55,1350.85,1522.25,1334.65,1521.7,1311.9,1532.5,1287.6,1547.65,1269.75,1561.15,1254.6,1580.6,1248.7,1595.75,1247.6,1603.3,1247.6
3-31,Uninfected,No_comment,Polygon,22,1551.4,1391.95,1563.3,1395.15,1574.1,1401.1,1583.3,1410.85,1593.05,1420.05,1597.9,1434.1,1600.6,1447.6,1600.05,1464.35,1593.05,1480.05,1582.75,1493,1570.9,1501.65,1556.3,1505.45,1538.45,1502.2,1521.15,1493.55,1507.1,1483.8,1494.65,1472.45,1487.65,1456.25,1489.8,1434.1,1495.75,1412.45,1506.55,1401.65,1520.6,1393.55,1535.2,1390.85
3-32,Uninfected,No_comment,Polygon,21,1843.85,1287.05,1855.2,1295.15,1863.85,1304.35,1873.05,1319.5,1878.45,1332.45,1879,1357.85,1875.2,1382.2,1867.1,1396.8,1851.45,1411.95,1830.9,1422.2,1810.35,1426.5,1794.15,1423.8,1772.5,1410.3,1755.75,1391.4,1747.65,1374.1,1747.65,1341.65,1756.3,1316.8,1770.9,1295.15,1788.2,1284.9,1806.55,1280.55,1822.25,1282.2
3-33,Uninfected,No_comment,Polygon,19,1819,1442.75,1831.8,1446.5,1844.8,1451.8,1856.25,1463.2,1862.25,1476.25,1865.5,1489.75,1862.25,1514.65,1851.95,1534.65,1831.95,1550.4,1802.5,1551.95,1776.3,1543.25,1761.25,1534.65,1751,1516.75,1747.1,1498.4,1748.75,1476.25,1758.5,1458.4,1778,1443.75,1794.25,1440.6,1805.5,1440.6
3-34,Uninfected,No_comment,Polygon,24,2021.7,1341.7,2030.35,1341.15,2041.75,1342.8,2053.1,1348.7,2061.75,1357.35,2068.25,1370.9,2069.85,1389.8,2065.55,1407.1,2055.25,1418.45,2037.35,1428.75,2023.3,1435.2,2008.7,1446.05,1997.35,1455.2,1985,1458.45,1962.3,1456.85,1943.9,1447.1,1934.7,1432.5,1928.7,1413.05,1928.7,1396.3,1936.85,1371.45,1952.55,1358.45,1969.85,1353.6,1992,1346.55,2006,1342.8
3-35,Uninfected,No_comment,Polygon,20,2079.6,1434.15,2091.45,1434.65,2113.6,1446.55,2124.95,1461.15,2131.5,1472.5,2131.95,1489.25,2126.55,1507.65,2111.5,1527.1,2095.25,1539.55,2073.6,1544.95,2051.45,1545.5,2033.1,1541.15,2016.9,1530.35,2005,1514.15,1999,1497.4,1999,1477.9,2004.45,1463.3,2020.1,1451.45,2040.1,1439.55,2062.8,1433.6
3-36,Uninfected,No_comment,Polygon,22,2147.15,1322.25,2157.4,1321.7,2176.35,1325.5,2190.9,1334.15,2199.55,1344.95,2203.85,1359,2204.45,1377.9,2199.55,1395.75,2188.2,1411.45,2178.5,1422.8,2165,1441.7,2154.2,1450.9,2138.5,1451.95,2124.95,1445.5,2110.9,1434.65,2099.05,1418.45,2093.1,1400.1,2091.45,1381.15,2094.65,1359.55,2106.6,1337.9,2122.25,1328.7,2134.2,1323.85
3-37,Uninfected,No_comment,Polygon,21,2218.5,1422.25,2226.1,1420.1,2245.5,1423.85,2258.5,1429.25,2268.25,1439,2275.25,1456.3,2277.95,1470.9,2277.45,1490.35,2270.95,1510.35,2265,1523.35,2252.5,1534.15,2235.2,1538.45,2212,1539,2189.85,1530.9,2175.2,1518.45,2165.55,1502.8,2160.15,1481.15,2163.9,1458.45,2173.65,1439,2189.85,1426.55,2202.3,1423.3
3-38,Uninfected,No_comment,Polygon,20,2079.6,1211.95,2088.25,1210.9,2106.05,1210.9,2122.25,1216.8,2133.6,1226.55,2144.45,1238.45,2148.8,1252.5,2150.4,1272.5,2146.55,1287.1,2137.4,1304.4,2124.45,1314.15,2103.9,1320.05,2080.6,1318.45,2058.5,1308.7,2043.9,1295.2,2035.8,1280.05,2034.65,1251.4,2041.2,1233.6,2049.3,1222.75,2064.95,1213.6
3-39,Uninfected,No_comment,Polygon,22,1957.95,1229.8,1976.85,1233.05,1998.5,1241.15,2008.25,1247.65,2016.9,1260.6,2023.9,1272.5,2025.55,1290.9,2025.55,1305.5,2021.2,1318.45,2009.85,1327.1,1989.85,1334.15,1967.7,1339.55,1949.85,1340.05,1930.9,1332.5,1915.75,1319,1908.2,1305.5,1900.65,1283.85,1900.1,1267.65,1906.05,1249.25,1917.95,1237.9,1932,1231.95,1942.75,1228.2
3-40,Uninfected,No_comment,Polygon,20,2266.05,1193.55,2280.1,1195.2,2296.85,1201.6,2310.9,1211.35,2316.35,1222.2,2321.2,1237.9,2323.35,1255.65,2323.35,1276.2,2316.35,1295.7,2301.75,1308.15,2288.2,1317.35,2269.85,1320.55,2254.15,1318.45,2236.85,1309.8,2224.45,1297.3,2216.85,1278.45,2213.1,1249.8,2217.4,1227.55,2232.55,1207,2246.05,1196.8
3-41,Uninfected,No_comment,Polygon,21,2395.8,1200,2413.1,1204.3,2429.3,1212.95,2444.45,1222.2,2450.4,1234.6,2453.1,1246.55,2453.65,1260,2448.75,1275.2,2437.95,1291.9,2425,1305.45,2402.8,1316.2,2382.3,1315.7,2362.25,1311.4,2349.85,1302.2,2340.1,1287.55,2335.8,1263.85,2335.25,1241.6,2339.55,1218.9,2353.1,1200,2372,1195.65,2383.35,1196.8
3-42,Uninfected,No_comment,Polygon,26,2419.05,1070.8,2429.85,1070.8,2448.75,1074.65,2464.45,1085.4,2476.9,1098.95,2482.3,1122.2,2485.55,1146.55,2492.55,1162.2,2497.4,1172.45,2496.9,1187,2488.75,1205.45,2478.5,1211.9,2462.3,1215.65,2445.5,1210.25,2429.3,1200,2414.7,1193.55,2391.45,1187,2377.95,1185.95,2365,1177.3,2353.65,1158.35,2349.3,1138.95,2349.85,1121.05,2354.7,1099.45,2369.85,1083.3,2392,1071.95,2406.05,1069.7
3-43,Uninfected,No_comment,Polygon,27,2292.55,1105.4,2312,1115.1,2323.35,1128.15,2331.45,1142.2,2337.95,1155.65,2342.25,1169.7,2345,1184.3,2339.55,1197.9,2327.15,1203.25,2312,1203.25,2298.5,1196.25,2284.45,1189.7,2269.85,1187,2256.85,1189.25,2243.35,1192.45,2231.45,1197.9,2217.95,1197.9,2203.9,1191.35,2195.25,1183.25,2188.2,1168.15,2186.6,1154.6,2190.35,1135.65,2198.5,1117.3,2214.7,1105.4,2239,1097.35,2260.65,1097.35,2276.3,1100
3-44,Uninfected,No_comment,Polygon,21,2560.1,1062.7,2565.55,1062.2,2577.95,1066,2592,1073.55,2604.45,1089.2,2608.8,1097.85,2613.1,1113.55,2612.55,1138.95,2608.25,1154.6,2597.4,1172.95,2580.15,1187.6,2565,1190.85,2537.95,1191.35,2516.9,1182.7,2503.9,1166.55,2499.6,1144.3,2497.95,1121.05,2500.1,1096.75,2509.85,1077.35,2526.05,1066.45,2541.2,1063.3
3-45,Uninfected,No_comment,Polygon,22,2103.3,1086.75,2111.5,1090.9,2120.65,1098.25,2128.4,1106.4,2133.9,1118.25,2138.45,1130.15,2139.35,1146.15,2138,1158,2131.6,1174.9,2121.1,1185.9,2099.15,1194.6,2081.35,1196.35,2067.65,1194.1,2050.3,1187.75,2039.35,1177.65,2030.7,1162.55,2024.3,1145.2,2025.2,1122.45,2033.4,1101.4,2056.7,1085.4,2076.35,1081.75,2088.2,1082.7
3-46,Uninfected,No_comment,Polygon,21,2066.3,938.4,2077.25,943.85,2090.05,951.6,2101,960.75,2110.15,972.15,2111.95,990,2113.8,1010.05,2111.5,1028.75,2103.3,1045.65,2088.2,1054.35,2069.05,1060.75,2054.9,1061.65,2037.05,1057.55,2022.45,1050.3,2008.75,1035.6,2001,1021,1995.95,995.45,1999.6,969.85,2013.3,951.6,2031.6,941.1,2048.05,938.4
3-47,Uninfected,No_comment,Polygon,23,2199.2,942.45,2206.5,946.1,2218.35,956.6,2232.5,969.85,2240.3,984.5,2243,1006.85,2240.3,1026.95,2233.45,1042,2222.45,1055.3,2210.15,1061.65,2191.85,1069.4,2171.8,1069.85,2154.45,1066.2,2138,1052.5,2130.2,1037.95,2127.5,1019.25,2127.05,1000,2132.5,976.3,2137.05,958.95,2146.2,947.1,2157.6,940.65,2175.9,938.4,2185,938.4
3-48,Uninfected,No_comment,Polygon,25,1890.95,1089.55,1901.45,1089.05,1915.6,1093.15,1927.95,1099.55,1938,1106.4,1945.75,1121,1948.95,1131.95,1952.15,1143.85,1953.5,1157.55,1949.4,1175.4,1940.7,1194.6,1925.65,1207.3,1902.35,1214.65,1879.05,1214.15,1865.85,1210.05,1848.45,1202.75,1839.8,1193.15,1832.95,1178.55,1830.65,1163.05,1829.3,1148,1833.4,1127.85,1843.9,1110.95,1856.7,1098.65,1868.55,1094.05,1878.6,1089.95
3-49,Uninfected,No_comment,Polygon,23,1869.95,953.45,1874.95,947.95,1886.4,945.25,1906,952.5,1920.6,961.65,1943,975.35,1959.9,988.6,1969.5,1006.4,1974.05,1018.75,1975.4,1031.1,1971.3,1051.6,1960.8,1064.85,1945.75,1072.6,1927.45,1077.2,1910.1,1077.7,1888.2,1070.35,1870.85,1056.65,1861.25,1041.1,1853.05,1026.5,1848.45,1011.9,1848.45,989.5,1852.6,973.05,1858.5,961.65
3-50,Uninfected,No_comment,Polygon,23,1764.85,1034.1,1780.25,1035.1,1795.2,1037.5,1811,1050,1820.65,1060.1,1828.85,1075.95,1834.6,1085.55,1833.15,1100,1825.95,1123.55,1817.75,1142.75,1802.35,1159.6,1787.5,1165.85,1767.75,1167.3,1744.15,1162,1728.85,1150,1718.25,1137,1708.6,1123.05,1701.9,1103.85,1702.8,1086.5,1711.5,1068.25,1725,1052.4,1736.5,1044.2,1750,1036.5
3-51,Uninfected,No_comment,Polygon,23,1668.25,887.5,1688.4,889.9,1707.7,899,1718.25,906.7,1728.35,918.25,1737,929.8,1739.85,945.65,1741.35,959.6,1736.5,975.45,1724,992.3,1712,1000,1688.95,1007.7,1673,1009.6,1655.75,1007.2,1642.25,998.55,1627.8,987.95,1620.2,975.45,1616.35,960.1,1613.4,942.75,1613.95,923.55,1621.1,906.25,1635.1,895.2,1645.2,890.35
3-52,Uninfected,No_comment,Polygon,25,1223.35,877.65,1231.9,877.1,1246.8,878.15,1276.05,887.2,1290.95,896.8,1301.55,906.35,1310.6,921.8,1317.5,939.35,1321.25,958.5,1323.4,975,1318.05,993.05,1305.3,1010.6,1289.35,1020.75,1274.5,1027.1,1256.9,1030.3,1238.8,1029.75,1219.65,1022.85,1202.65,1004.75,1190.95,989.85,1181.9,970.7,1179.2,952.1,1180.35,928.15,1186.65,905.3,1195.75,890.4,1210.1,880.85
3-53,Uninfected,No_comment,Polygon,23,1396.25,851.55,1404.75,849.45,1421.8,848.9,1436.7,853.7,1445.2,860.1,1451.1,876.05,1453.2,885.1,1448.9,906.35,1443.6,927.1,1434.05,948.9,1425.5,963.8,1413.25,978.7,1394.65,987.75,1374.95,986.7,1356.35,980.3,1344.65,970.7,1334.55,953.15,1330.3,927.1,1333.5,906.9,1338.8,888.3,1354.75,870.7,1368.65,860.6,1380.3,853.7
3-54,Uninfected,No_comment,Polygon,22,1512.75,856.9,1522.85,859,1543.6,866.45,1558.5,876.05,1571.8,892.55,1580.85,906.35,1583.5,922.3,1576.1,948.4,1565.4,974.45,1551.1,990.95,1529.75,1004.75,1509.55,1008.5,1483.5,1004.75,1467.55,997.85,1456.35,985.6,1449.95,966.45,1452.65,941.45,1454.75,918.6,1460.6,902.65,1469.65,884.55,1481.35,865.95,1493.6,857.4
3-55,Uninfected,No_comment,Polygon,22,1336.15,734,1353.7,734,1374.95,738.8,1392,749.45,1404.25,770.2,1411.15,781.35,1421.25,792,1426.05,806.9,1421.8,822.3,1409.55,831.35,1390.95,838.3,1369.65,843.6,1344.65,846.25,1322.85,842,1305.3,828.7,1294.1,817,1287.75,800.5,1285.6,780.3,1288.8,762.75,1296.8,750.5,1309.55,738.8,1320.2,734
3-56,Uninfected,No_comment,Polygon,21,1495.25,660.65,1506.4,665.45,1520.25,675.05,1530.3,686.15,1541,704.25,1548.4,715.95,1552.1,742.55,1550,760.65,1534.55,784.05,1520.75,800.05,1494.65,808.5,1461.7,807.5,1442.55,797.35,1428.2,779.8,1414.4,757.5,1406.35,738.35,1407.95,716.5,1416,687.75,1437.8,668.1,1455.85,661.75,1469.65,658.5
3-57,Uninfected,No_comment,Polygon,22,1545.2,505.25,1553.2,505.25,1568.05,506.9,1584.5,515.95,1596.25,530.85,1602.05,541.5,1605.8,555.25,1605.25,569.7,1597.8,591.5,1585.15,603.2,1570.75,613.25,1555.8,615.45,1535.2,610.6,1514.45,606.85,1502.1,596.75,1496.85,580.25,1494.2,559.5,1494.7,540.95,1502.1,527.1,1512.75,514.35,1522.35,508.5,1533,505.8
3-58,Uninfected,No_comment,Polygon,25,1628.7,612.75,1632.95,614.9,1642.55,624.45,1650.55,633.5,1657.95,643.6,1667,656.4,1673.45,673.95,1675,687.25,1675,702.65,1669.15,725.55,1661.15,740.45,1647.3,749.45,1630.85,753.75,1608.55,754.8,1588.3,751.05,1577.7,743.1,1570.25,726.6,1564.9,711.15,1560.15,695.75,1556.9,678.7,1561.15,654.8,1571.25,635.1,1589.9,617.6,1603.15,612.25,1614.4,610.65
3-59,Uninfected,No_comment,Polygon,23,1756.9,666.5,1770.2,668.6,1785.15,675.55,1798.45,686.75,1806.4,705.9,1809.55,718.1,1807.45,733.5,1797.85,744.7,1786.75,755.9,1780.85,768.1,1771.85,783,1759.55,793.6,1736.75,797.85,1719.15,797.35,1698.45,789.35,1684.05,775.05,1675,756.9,1679.3,735.65,1688.85,708,1698.95,689.9,1719.15,673.4,1731.4,667,1747.35,665.45
3-60,Uninfected,No_comment,Polygon,20,1855.3,740.45,1871.3,745.2,1891,757.5,1897.85,773.95,1903.7,787.75,1906.4,805.3,1908,818.6,1905.3,836.15,1894.7,856.9,1877.65,870.2,1847.85,873.4,1819.15,866.5,1801.05,854.8,1789.35,837.25,1784.05,821.3,1780.3,800.05,1788.85,776.6,1800.55,759.05,1820.2,744.2,1835.65,739.35
3-61,Uninfected,No_comment,Polygon,30,1745.1,813.6,1755.55,820.95,1765,829.85,1777.05,839.8,1790.15,855.5,1799.55,865.45,1811.05,877.5,1816.3,894.25,1817.35,908.4,1814.75,922,1804.8,934.05,1785.95,940.35,1768.65,939.8,1758.2,935.1,1746.65,923.55,1738.3,906.3,1723.1,892.15,1707.95,885.35,1687,879.6,1670.25,874.9,1650.85,867.55,1640.9,855.5,1636.7,838.75,1639.85,817.8,1646.65,805.75,1660.3,796.35,1674.95,794.25,1697.45,799.5,1717.85,804.7,1731.5,807.85
3-62,Uninfected,No_comment,Polygon,25,1934.65,883.25,1946.15,886.4,1960.8,894.25,1975.45,903.15,1986.45,916.3,1992.25,929.85,1990.15,946.65,1984.4,963.9,1977.05,975.95,1967.1,985.35,1944.8,983.3,1923.35,974.4,1907.65,964.45,1888.8,951.45,1878.6,945.1,1864.45,944.6,1849.8,946.1,1836.2,938.75,1831.5,924.7,1833.05,913.1,1839.35,895.85,1864.45,884.3,1893.8,880.2,1909.5,881.2,1927.3,882.25
3-63,Uninfected,No_comment,Polygon,24,1988.05,727.75,1994.3,728.8,2012.65,739.35,2020.5,748.25,2030.95,766,2035.15,780.65,2034.65,801.05,2032.55,816.25,2025.2,833.6,2013.7,846.6,1999.55,854.5,1976,860.3,1956.6,858.65,1940.4,853.45,1927.85,841.45,1922.05,824.7,1921,805.3,1917.35,792.7,1915.8,773.3,1919.45,752.4,1929.9,735.6,1943.55,726.2,1959.25,724.1,1976,724.1
3-64,Uninfected,No_comment,Polygon,21,2258.2,669.15,2273.35,675.9,2282.85,680.5,2292.75,689.5,2300.1,700.5,2303.25,713.1,2303.75,730.9,2304.25,753.4,2298,773.85,2288.6,787.4,2270.25,795.85,2244.65,795.25,2221.15,782.75,2203.8,763.35,2194.9,737.65,2192.3,713.1,2193.4,693.15,2198.05,676.4,2210.15,663.4,2234.2,662.55,2247.9,666.15
3-65,Uninfected,No_comment,Polygon,22,2360.85,709.95,2372.35,714.65,2383.35,725.15,2392.25,739.8,2402.7,753.4,2409.55,776.45,2414.25,788.5,2416.85,800,2417.4,814.15,2412.65,837.2,2401.7,846.6,2379.7,852.9,2361.9,849.75,2339.9,837.7,2326.3,822.55,2316.85,797.9,2315.8,775.95,2315.8,754.45,2315.8,736.15,2327.35,717.8,2340.95,711.55,2349.85,709.45
3-66,Uninfected,No_comment,Polygon,21,2327.85,856.55,2338.85,859.15,2358.75,869.65,2370.25,888.5,2373.95,900,2377.1,915.2,2376.05,929.85,2369.25,952.35,2358.25,967.05,2340.95,977.5,2324.7,982.2,2301.7,984.85,2283.9,983.25,2267.15,973.85,2256.15,960.75,2249.3,945.55,2247.25,922,2251.95,894.75,2266.1,871.75,2282.3,861.25,2307.95,856.55
3-67,Uninfected,No_comment,Polygon,24,2520.55,806.8,2529.95,810.45,2542.55,818.85,2553,828.8,2561.9,847.65,2565.05,861.25,2566.6,874.9,2564,887.45,2555.1,905.75,2544.1,914.65,2524.2,925.15,2506.95,927.25,2487.05,924.6,2471.35,918.35,2455.1,907.85,2446.2,895.8,2439.9,877.5,2439.9,859.15,2440.45,839.25,2450.9,824.6,2464.5,812.55,2483.35,804.2,2498.05,801.05,2508.5,801.55
3-68,Uninfected,No_comment,Polygon,24,2448.8,664.45,2466.1,667.05,2476,668.6,2490.15,678.55,2499.6,690.6,2505.85,704.75,2512.6,721.55,2513.7,739.85,2511.1,758.7,2504.8,776,2496.45,786.45,2479.15,793.75,2464,800.55,2444.1,801.6,2432.05,793.75,2425.25,780.15,2419.5,765.45,2413.2,748.75,2404.8,730.95,2404.3,702.7,2405.85,683.3,2410.5,671.2,2421.05,667.05,2433.6,665
3-69,Uninfected,No_comment,Polygon,24,2596.4,752.9,2612.15,764.4,2625.75,772.25,2643,781.7,2652.4,790.05,2662.4,802.1,2668.2,816.25,2668.7,836.15,2665.05,852.45,2652.4,870.75,2635.2,884.85,2620,888.05,2602.75,886.4,2588.05,880.2,2579.15,866,2572.9,849.75,2568.2,829.85,2566.1,808.9,2566.6,786.45,2567.15,763.35,2566.6,747.7,2569.75,742.95,2580.2,745.55,2587.5,748.25
3-70,Uninfected,No_comment,Polygon,27,2616.85,619.95,2623.7,618.9,2636.75,617.3,2652.95,618.4,2666.6,626.2,2672.35,634.55,2680.7,651.85,2688.6,661.8,2699.6,679.05,2703.8,689.55,2700.65,709.45,2694.35,716.75,2688.1,737.2,2687.55,749.3,2684.4,762.85,2671.3,770.7,2658.25,776,2643.55,770.2,2628.4,758.7,2617.9,748.75,2608.5,733.55,2598.55,709.95,2596.4,687.95,2593.3,663.35,2590.7,646.15,2598,628.85,2604.3,624.6
3-71,Uninfected,No_comment,Polygon,25,2741.5,690.6,2753.55,689,2770.3,687.95,2790.7,687.45,2802.2,688.5,2816.35,696.35,2826.3,705.25,2831,721,2832.6,738.25,2827.9,757.65,2819.45,773.3,2801.1,787,2777.1,799.5,2762.45,811.55,2745.65,817.3,2718.95,815.25,2704.3,804.8,2693.3,792.15,2690.15,773.3,2692.8,760.25,2699.05,744.5,2703.8,726.7,2711.65,711.05,2722.1,697.4,2729.45,692.75
3-72,Uninfected,No_comment,Polygon,21,2519,467.55,2531.05,469.15,2545.7,473.3,2563.5,484.85,2571.85,495.85,2576.6,507.9,2580.75,523.6,2580.3,541.9,2576.05,564.45,2567.15,584.85,2550.4,602.15,2524.75,607.35,2504.9,606.85,2478.2,592.7,2468.7,577.5,2459.35,559.7,2456.7,543.5,2458.3,515.2,2468.25,492.7,2489.15,474.9,2503.8,469.15
3-73,Uninfected,No_comment,Polygon,27,2635.8,461.3,2649.9,464.95,2664.55,472.25,2677.65,482.2,2687.6,499,2691.3,513.65,2692.3,530.9,2688.65,549.75,2680.25,571.25,2670.85,588,2662.45,599,2652,605.8,2635.25,608.95,2620.55,608.95,2604.35,612.6,2589.65,612.6,2579.75,604.75,2578.7,591.15,2581.3,578.55,2589.65,561.8,2591.75,546.1,2589.65,527.25,2587.05,506.3,2588.1,482.75,2598.1,470.7,2612.2,462.35,2623.7,460.75
3-74,Uninfected,No_comment,Polygon,23,2430.55,321.5,2443.05,321.5,2458.85,327.75,2469.75,335.1,2479.2,344.5,2487.55,358.15,2495.45,382.75,2501.2,402.65,2503.3,416.75,2498.05,437.7,2486,448.7,2468.25,458.15,2454.05,458.65,2427.9,456.05,2408.5,449.25,2391.75,437.7,2378.15,426.2,2369.25,408.9,2365.6,389.55,2369.25,365.45,2380.25,345.05,2399.6,328.3,2412.75,322
3-75,Uninfected,No_comment,Polygon,24,2298.55,421.5,2306.4,421.5,2321.6,425.15,2340.95,431.95,2355.65,443.5,2365.6,459.2,2371.85,480.15,2372.4,502.65,2370.3,523.6,2360.85,543.5,2350.4,555,2337.3,557.6,2315.85,556.55,2300.15,549.75,2283.9,538.75,2269.25,530.9,2250.4,522,2240.95,509.95,2235.8,495.3,2234.7,477,2244.1,455.5,2260.35,439.8,2277.6,426.7,2284.95,422.55
3-76,Uninfected,No_comment,Polygon,24,2260.85,542.95,2270.8,548.7,2287.05,556.05,2301.2,565.45,2313.2,575.95,2323.15,590.6,2326.85,609.45,2325.25,627.25,2318.45,641.9,2302.75,655,2286.5,658.65,2268.2,658.15,2243.05,656.05,2226.85,651.35,2206.4,636.15,2197,625.7,2186.5,613.65,2180.25,593.2,2184.95,564.45,2191.2,550.3,2200.65,538.75,2215.85,532.5,2234.7,531.95,2245.65,535.1
3-77,Uninfected,No_comment,Polygon,26,2398.55,534.6,2400.65,525.7,2405.35,513.1,2410.6,498.45,2419,489.55,2434.15,491.1,2442,494.25,2447.8,505.8,2447.25,523.05,2447.8,548.2,2454.6,569.65,2465.6,586.95,2479.7,601.6,2493.35,614.7,2496.45,631.95,2491.75,642.45,2478.65,649.75,2462.95,652.9,2433.65,652.4,2410.1,647.15,2393.35,636.7,2381.3,617.85,2376.55,599,2378.65,571.25,2381.8,559.7,2388.1,545.6
3-78,Uninfected,No_comment,Polygon,25,2588.65,271.7,2595.45,275.45,2606.45,282.7,2615.35,296.35,2621.1,309.4,2628.4,327.2,2631.05,345.55,2631.55,367.05,2625.3,384.8,2615.35,403.15,2603.3,413.65,2588.65,421.45,2566.65,425.15,2544.1,421.45,2528.95,413.1,2516.35,398.95,2509.05,385.35,2502.75,367.05,2499.1,342.95,2501.2,321,2510.1,295.3,2526.3,279.05,2545.7,269.6,2567.15,267.55,2576.6,268.05
3-79,Uninfected,No_comment,Polygon,24,2221.05,321.5,2228.9,325.15,2245.1,332,2260.3,344,2269.2,357.05,2273.9,371.2,2276,385.35,2274.45,403.7,2262.95,415.75,2247.75,428.8,2235.2,446.1,2223.15,457.1,2201.65,459.7,2185.45,456.05,2170.25,444.55,2158.2,433.05,2150.9,416.8,2148.25,401.55,2149.85,378.05,2155.05,358.7,2165.55,340.35,2183.35,328.8,2201.15,322.55,2210.55,320.45
3-80,Uninfected,No_comment,Polygon,21,1837.25,331.4,1845.6,330.35,1860.75,332.95,1874.95,343.45,1887.95,360.7,1893.8,379.55,1897.9,403.15,1898.45,423.55,1890.6,443.95,1877.55,457.6,1851.3,465.95,1828.35,463.35,1808.45,455.5,1796.85,445.55,1787.45,433,1779.65,417.8,1775.9,401.05,1774.95,378,1783.85,355.5,1799.55,337.7,1818.4,331.95
3-81,Uninfected,No_comment,Polygon,21,1981.15,333.5,1994.3,339.25,2010.5,350.25,2024.15,374.85,2027.75,388.45,2029.9,404.7,2027.25,425.1,2021,438.2,2003.75,453.4,1985.95,460.2,1962.85,462.3,1946.1,456,1928.35,445,1917.8,431.4,1913.7,414.15,1911.05,396.35,1910,370.65,1918.35,346.6,1934.55,333.5,1952.9,330.35,1967.1,329.85
3-82,Uninfected,No_comment,Polygon,21,1945.05,508.4,1958.7,511.5,1979.65,521.45,1992.15,533.5,2003.75,545.55,2008.4,560.75,2011,579.05,2008.9,600.55,2001.05,623.55,1986.45,635.1,1962.3,645.55,1932.55,647.15,1907.85,637.7,1896.35,627.25,1883.3,603.15,1879.05,583.75,1880.1,563.35,1886.45,541.9,1896.35,520.4,1914.2,511,1931.5,507.35
3-83,Uninfected,No_comment,Polygon,25,2316.95,34.45,2323.7,36.45,2334.4,40.75,2350.9,49.05,2356.75,55.8,2365,68,2371.3,77.25,2375.65,93.7,2377.1,112.6,2372.75,131.05,2361.1,149,2346.05,160.2,2324.7,168,2305.3,169.4,2282.95,160.65,2262.55,147.15,2251.4,133.5,2246.55,121.85,2244.1,95.15,2247.5,75.25,2255.75,59.75,2267.4,47.15,2283.9,36.45,2297.05,32.5,2306.75,32.05
3-84,Uninfected,No_comment,Polygon,22,2882.45,262.1,2889.8,263.05,2901.85,267.45,2908.65,275.7,2920.3,290.75,2927.6,309.2,2931,323.75,2930.55,343.65,2925.7,361.15,2910.1,382,2893.6,393.15,2867.95,401.4,2850.45,398.5,2834.4,388.3,2826.15,378.1,2816.9,358.2,2812.1,340.75,2814.05,318.4,2822.75,295.6,2831.95,279.6,2845.05,267.95,2860.1,264.05
3-85,Uninfected,No_comment,Polygon,24,3023.75,262.1,3036.4,264.55,3049,271.35,3062.55,282,3070.35,289.75,3078.1,305.8,3083,321.8,3081.95,342.7,3071.35,367.45,3058.7,380.55,3043.15,393.65,3031.5,401.4,3009.7,399.5,2992.2,389.3,2976.6,379.1,2958.65,370.35,2951.45,361.15,2943.15,340.75,2942.2,323.75,2948.05,295.6,2961.6,280.55,2976.6,268.4,2993.15,262.1,3012.1,260.15
3-86,Uninfected,No_comment,Polygon,27,3188.25,249.5,3199,250.95,3214.55,255.3,3226.6,261.6,3233.95,271.35,3238.25,281.05,3240.7,292.2,3243.15,304.8,3244.65,317.95,3246.05,335.9,3243.15,353.35,3234.85,368.9,3225.7,381.05,3206.7,393.15,3193.65,397.05,3178.55,397.05,3163.5,391.7,3151.85,384.9,3139.75,376.2,3129.05,366.45,3119.35,348,3115.95,326.65,3114.95,305.8,3125.15,283.45,3142.2,265,3158.7,255.8,3169.85,250.95
3-87,Uninfected,No_comment,Polygon,25,3100.9,380.05,3120.8,382.5,3132.45,387.35,3144.1,393.15,3152.9,402.4,3159.15,408.2,3164.95,420.35,3167.4,432.95,3167.4,450.95,3160.65,473.25,3150.45,490.25,3133.95,507.25,3120.35,513.55,3102.4,514.05,3083.95,506.75,3071.35,498.5,3059.15,488.3,3046.55,474.7,3040.2,459.2,3037.8,440.75,3041.65,421.3,3049.9,407.25,3061.6,395.1,3074.75,385.9,3085.85,382
3-88,Uninfected,No_comment,Polygon,25,2964.05,382.5,2969.85,384.9,2979.6,391.25,2992.2,399.5,2999.95,407.75,3007.25,417.95,3012.1,429.1,3014.05,443.15,3013.5,456.75,3007.7,476.2,2992.2,495.1,2979.6,506.3,2959.7,511.6,2942.2,509.65,2923.25,498,2911.6,485.4,2902.85,473.75,2898.05,461.6,2893.15,445.6,2892.65,422.8,2899.45,407.75,2909.15,395.1,2923.75,383.45,2936.4,379.1,2947.05,379.6
3-89,Uninfected,No_comment,Polygon,26,2861.1,465.05,2868.85,467.05,2883.4,472.85,2897.5,486.9,2907.7,496.6,2916.45,507.25,2922.75,514.6,2927.6,522.3,2930.5,535.5,2928.55,547.15,2922.75,556.35,2911.6,563.1,2898,566.5,2884.9,568,2864.45,573.85,2852.35,577.65,2836.8,581.05,2821.3,578.15,2809.15,565.55,2798.45,552.95,2794.1,535.5,2796.95,512.6,2806.2,495.15,2820.8,481.55,2834.4,471.85,2845.05,467.05
3-90,Uninfected,No_comment,Polygon,20,2892.15,574.75,2917.9,574.25,2932.95,580.55,2944.6,597.15,2947.5,607.25,2948.95,630.1,2943.55,648.55,2932.95,667.05,2915.95,681.55,2894.6,691.75,2872.25,696.6,2849.4,692.7,2834.9,683,2825.65,668.9,2823.65,650.55,2826.65,630.1,2836.35,604.85,2848.45,589.3,2865.45,583.05,2880,578.7
3-91,Uninfected,No_comment,Polygon,31,2735.3,537.9,2748,538.35,2760.1,542.25,2773.65,553.4,2787.3,568,2797.5,578.15,2805.75,585.9,2812.55,596.6,2813.05,610.2,2813.05,622.3,2811.6,640.75,2812,653.4,2813.05,668,2808.6,679.1,2795.05,683.5,2781.5,681.55,2765.45,680.1,2751.85,683,2737.3,686.95,2725.65,688.85,2714,687.35,2706.75,678.7,2698.95,664.6,2691.15,653.4,2682.45,636.95,2679.05,619.9,2681.5,601.45,2689.25,581.05,2696.55,568,2704.8,549.55,2722.25,540.75
3-92,Uninfected,No_comment,Polygon,25,3038.3,492.2,3044.65,493.65,3056.3,500.95,3069.35,509.7,3081.95,518.9,3093.2,526.65,3099.45,539.8,3101.85,552.9,3099,567.45,3094.65,583,3084.9,602.9,3071.35,615,3047.05,624.75,3020.85,629.1,2995.6,625.2,2976.15,614.55,2962.6,600.95,2955.25,584.9,2953.35,565.5,2958.25,549,2964.05,536.4,2976.15,520.35,2988.3,509.7,3004.85,498.5,3020.3,493.2
3-93,Uninfected,No_comment,Polygon,25,3245.05,400.95,3253.85,403.85,3270.85,414.55,3276.65,426.65,3281,445.6,3282,465,3279.1,485.9,3273.75,508.25,3269.35,528.6,3261.15,544.65,3249,554.85,3233,557.75,3212.55,557.25,3195.05,555.3,3177.15,548.5,3166.5,537.85,3161.1,524.25,3160.1,505.8,3165.95,489.3,3173.25,473.3,3177.15,454.85,3184.4,431.55,3197.05,415.5,3215.5,402.4,3229.1,400.45
3-94,Uninfected,No_comment,Polygon,26,3352.4,335.45,3361.6,329.1,3374.75,324.25,3386.8,325.7,3393.65,336.9,3400.45,352.95,3406.3,377.15,3411.6,391.75,3416.95,412.1,3420.35,434.45,3422.3,453.85,3427.15,479.6,3425.7,493.2,3414.95,503.85,3401.85,503.4,3386.8,495.6,3365.5,486.9,3343.15,478.15,3331,464.6,3320.8,447.55,3315.95,427.65,3314.05,403.4,3316.5,384.45,3321.75,363.1,3332.45,347.55,3342.2,341.75
3-95,Uninfected,No_comment,Polygon,22,3523.75,386.4,3535.85,390.3,3551.4,400,3562.1,416.5,3567.95,431.05,3567.95,451.95,3562.55,470.4,3550.9,486.9,3536.4,502,3511.6,512.1,3488.8,515.05,3470.35,514.05,3453.3,507.75,3442.2,497.1,3436.4,481.55,3438.3,462.6,3443.15,441.75,3453.3,417.45,3465.5,400.45,3483,390.75,3499.9,385.9,3510.65,385.45
3-96,Uninfected,No_comment,Polygon,21,3363.5,497.55,3372.8,500.95,3388.3,508.25,3402.9,519.9,3407.25,534.5,3406.7,554.85,3400.45,572.85,3385.85,589.3,3367.45,600.45,3346.05,604.85,3325.15,606.3,3307.7,602,3294.65,593.2,3284.9,583.5,3281,571.35,3280.55,552.4,3290.2,529.1,3302.9,513.6,3317.45,503.4,3331,496.6,3344.15,496.1
3-97,Uninfected,No_comment,Polygon,24,3499.9,525.7,3508.2,524.75,3523.75,525.25,3543.15,528.7,3549,534.95,3553.85,548.05,3557.25,565.5,3555.3,583.5,3549.9,603.85,3544.1,621.85,3532,641.25,3516.95,649.5,3502.35,652.9,3480.55,655.3,3461.6,650,3446.55,640.3,3433.45,627.15,3429.55,609.7,3431,583.5,3434.4,566,3442.2,551.45,3455.75,538.8,3474.2,530.55,3486.85,527.15
3-98,Uninfected,No_comment,Polygon,24,3627.15,557.25,3633.95,556.8,3646.05,563.1,3656.25,573.75,3663.05,585.4,3668.9,601.95,3672.3,618.45,3673.25,643.2,3669.85,663.6,3664.5,684.45,3649.45,699,3628.1,704.85,3609.65,706.3,3594.6,704.35,3579.05,697.05,3562.1,684.45,3554.3,666,3552.85,646.15,3558.7,625.7,3566.45,605.8,3578.1,587.35,3591.2,571.85,3602.35,560.65,3613.55,555.3
3-99,Uninfected,No_comment,Polygon,24,3361.1,638.8,3375.65,637.35,3394.6,644.6,3406.75,652.85,3415.45,663.05,3423.25,677.15,3427.1,695.6,3426.65,712.1,3418.85,730.95,3412.05,748,3403.35,762.1,3384.4,772.75,3363.55,778.1,3346.05,776.15,3323.7,766.95,3313.55,756.25,3304.8,736.8,3295.55,721.3,3291.2,700.45,3293.65,682.45,3302.35,664.95,3317.4,651.9,3338.75,643.15,3345.55,640.75
3-100,Uninfected,No_comment,Polygon,24,3494.1,674.7,3516.45,677.55,3526.65,684.4,3540.7,698.45,3547,712.5,3551.4,729.05,3551.4,745.05,3545.1,763.05,3537.8,782.4,3529.05,802.35,3517.4,815.9,3497.5,824.15,3477.1,823.75,3460.6,820.35,3443.15,813.55,3432.45,803.3,3425.2,789.75,3421.3,771.75,3422.25,752.4,3429.55,734.9,3438.75,716.45,3451.9,693.65,3463.55,684.4,3476.15,677.55
3-101,Uninfected,No_comment,Polygon,22,3245.55,708.7,3253.35,708.7,3268.85,714.05,3280.05,723.75,3291.7,737.35,3298,751.9,3300.9,769.3,3296.05,792.2,3286.35,812.1,3270.35,823.75,3246.05,831.5,3228.6,832.95,3202.85,825.7,3190.25,814.05,3182.45,798,3180.5,780,3181,760.1,3188.3,742.2,3198.5,726.15,3211.1,716.45,3223.7,710.1,3232,708.7
3-102,Uninfected,No_comment,Polygon,22,3620.8,731.55,3634.9,729.6,3655.25,734.45,3672.25,750.45,3681.95,772.8,3684.4,787.85,3681.95,802.9,3671.3,813.55,3656.25,820.85,3637.8,828.6,3625.15,841.7,3614.5,849.95,3593.6,852.4,3572.25,848.05,3551.85,834.45,3545.1,812.1,3545.55,793.65,3552.35,774.75,3561.1,759.2,3579.05,745.1,3596.55,736.4,3608.2,732.5
3-103,Uninfected,No_comment,Polygon,23,3757.7,667.45,3773.7,663.1,3792.15,661.6,3816.9,665,3826.15,673.3,3836.35,690.25,3839.75,706.3,3836.8,728.6,3829.05,744.15,3817.4,760.65,3801.4,773.75,3782.95,783.45,3758.65,790.75,3732.95,792.7,3717.9,791.25,3705.75,783.45,3696.55,766.5,3689.75,747.05,3688.75,724.75,3694.1,700.95,3705.25,690.25,3721.3,681.55,3742.15,671.35
3-104,Uninfected,No_comment,Polygon,24,3682.95,831.55,3694.1,830.05,3708.65,833,3722.25,844.15,3730.05,856.3,3733.45,866.95,3736.8,881.05,3737.8,899.95,3731.95,918.4,3721.8,936.85,3705.75,947.05,3680.05,954.85,3650.4,956.75,3627.6,951.9,3613.5,944.15,3601.85,931.05,3596.55,913.55,3597,889.3,3602.35,872.8,3614,861.6,3629.55,850.45,3642.65,841.7,3659.15,834.45,3671.3,833.45
3-105,Uninfected,No_comment,Polygon,22,3858.2,509.7,3869.85,510.1,3884.45,514.5,3897.05,526.2,3905.8,542.2,3910.2,556.25,3909.2,575.2,3904.35,589.75,3895.6,613,3883.5,628.1,3866.45,639.25,3849.55,643.65,3833.95,641.7,3817.95,633.45,3809.2,621.35,3801.45,599.5,3796.2,570.35,3801.95,547.5,3809.2,533,3824.3,515.5,3839.3,509.7,3848.6,509.2
3-106,Uninfected,No_comment,Polygon,21,3915.5,631.05,3928.05,631.05,3943.15,632,3960.65,642.2,3975.65,654.35,3988.8,669.85,3994.15,685.4,3993.15,699,3987.3,716.45,3972.3,733.95,3954.8,745.1,3937.8,749.95,3912.6,749.95,3887.35,741.25,3871.35,731.05,3861.2,716.95,3852.45,696.55,3859.2,665.5,3876.7,649.95,3894.2,637.85,3904.35,634.45
3-107,Uninfected,No_comment,Polygon,32,3711.6,562.1,3716.95,554.35,3724.7,540.25,3734.4,527.15,3744.1,516,3753.35,510.65,3764,515,3773.25,526.2,3778.1,541.25,3782,557.75,3784.9,575.7,3788.8,593.15,3794.6,612.1,3800.45,626.2,3804.3,639.75,3799.95,648.5,3785.4,651.9,3770.8,651.9,3755.3,654.8,3745.1,659.7,3734.9,664.05,3723.75,673.25,3711.6,681.05,3699.95,684.45,3691.2,683,3685.4,676.65,3684.4,663.05,3685.85,647.05,3689.75,622.8,3689.75,604.35,3694.6,581.5,3704.3,568.9
3-108,Uninfected,No_comment,Polygon,33,3999.45,514.55,4004.8,509.7,4016.45,501.9,4026.65,496.1,4042.65,490.25,4055.3,488.3,4067.4,496.1,4078.6,505.8,4087.8,514.05,4098.5,525.2,4102.35,539.75,4097,551.9,4085.35,557.75,4067.4,567.45,4049.95,586.4,4033.9,606.3,4031,617.95,4032.95,630.55,4034.4,642.2,4032.45,653.35,4023.25,662.1,4011.6,664.55,3999.95,660.65,3991.2,650.95,3983.9,639.75,3971.8,628.6,3964,612.6,3960.6,593.15,3960.6,579.1,3961.6,560.65,3965,545.6,3974.2,529.6,3987.3,519.85
3-109,Uninfected,No_comment,Polygon,21,4106.25,548.05,4120.35,550,4132.95,554.85,4143.65,566.95,4151.9,581.05,4154.35,597.05,4151.4,618.45,4147.05,635.4,4132.5,655.3,4114.5,666.5,4094.15,671.8,4075.25,671.8,4056.8,666,4042.2,651.45,4037.8,634.95,4038.8,614.05,4044.6,596.1,4060.15,573.35,4069.35,563.1,4083.45,552.9,4097,548.5
3-110,Uninfected,No_comment,Polygon,24,3846.1,374.2,3861.55,377.55,3871.8,380.95,3886.35,393.65,3896.1,409.65,3901.9,423.25,3903.85,437.8,3901.9,455.8,3893.15,475.7,3884.85,483.95,3870.35,490.75,3849.5,495.6,3828.6,497.05,3811.15,496,3795.6,491.2,3781.05,480.55,3769.85,466.95,3763.55,450.45,3761.15,431.5,3767.95,410.65,3785.4,394.15,3803.3,380.95,3816.95,373.75,3828.6,372.7
3-111,Uninfected,No_comment,Polygon,25,3714.05,302.4,3729.05,300.85,3744.65,303.85,3758.7,310.1,3770.35,322.7,3775.2,332,3778.6,343.65,3778.6,361.05,3773.2,375.7,3764.55,386.35,3757.25,399,3750.9,413.05,3741.25,429.55,3725.2,439.2,3707.25,445.6,3684.45,445.05,3667.95,436.8,3657.25,426.15,3645.6,410.1,3643.15,385.85,3644.65,362.5,3652.4,342.2,3670.35,322.3,3686.85,309.65,3699.5,304.8
3-112,Uninfected,No_comment,Polygon,27,3416.9,67.45,3434.9,67.45,3449.45,71.85,3461.6,83,3470.3,97.55,3476.15,111.15,3479.05,132,3477.6,152.4,3473.7,160.2,3465,168.9,3452.85,174.75,3437.8,182.5,3424.2,191.25,3411.6,200.45,3401.4,210.2,3389.75,215.05,3375.65,214.05,3364,207.75,3357.7,193.65,3353.35,183.5,3346.05,167.95,3340.25,150.95,3344.1,124.25,3355.75,100.95,3372.25,84.95,3390.7,74.25,3402.85,69.9
3-113,Uninfected,No_comment,Polygon,24,3468.4,188.8,3473.25,188.35,3486.35,190.75,3497,197.55,3507.7,209.7,3517.9,224.75,3523.25,235.9,3526.65,256.8,3525.2,273.75,3515,291.75,3503.8,302.9,3482.95,314.55,3464.5,318.9,3443.15,316.95,3429.55,312.1,3412.55,301.45,3399.95,287.85,3394.1,276.2,3390.7,254.85,3396.55,231.55,3412.55,216,3429.55,202.9,3450.4,191.75,3459.15,189.8
3-114,Uninfected,No_comment,Polygon,22,3289.75,149.5,3301.9,150,3320.8,156.8,3332.45,169.9,3342.15,187.85,3350.4,210.2,3354.8,225.25,3352.35,239.3,3341.7,259.2,3329.05,272.3,3310.15,281.05,3289.25,285.9,3265.45,282.5,3250.9,273.3,3239.75,262.1,3231.95,248.55,3226.15,228.65,3227.1,203.4,3231,184.45,3243.15,166.5,3257.2,156.8,3274.7,150.45
3-115,Uninfected,No_comment,Polygon,23,3148,7.75,3160.65,10.15,3174.7,19.85,3185.85,32.95,3197.5,51.4,3208.7,69.85,3212.1,84.45,3213.05,106.25,3206.75,125.7,3196.55,138.8,3185.4,148,3159.15,154.8,3138.8,152.8,3122.3,146.1,3108.7,133.95,3099,122.3,3091.2,104.8,3089.75,83.45,3095.6,60.15,3104.3,43.65,3114.05,31.5,3124.7,19.4,3134.4,11.15
3-116,Uninfected,No_comment,Polygon,21,2576.7,919.85,2585.4,921.8,2597.6,931.5,2606.3,938.8,2617.5,949.95,2623.75,966.45,2622.35,990.75,2613.55,1009.65,2598.5,1024.7,2580.6,1033.45,2563.55,1035.4,2550,1033.95,2534,1026.65,2523.3,1017.45,2515.5,1006.25,2509.25,988.3,2510.15,966,2519.95,947.55,2535.4,932.95,2550.45,923.75,2562.6,920.85
3-117,Uninfected,No_comment,Polygon,26,2903.8,835.9,2910.6,835.9,2925.65,841.7,2932.45,850.45,2939.25,861.6,2941.2,873.25,2940.25,890.25,2941.2,905.3,2945.55,918.9,2950.9,936.85,2952.35,954.3,2947.05,971.3,2930.05,986.35,2910.15,993.15,2884.9,990.25,2866.95,982.5,2855.3,970.35,2846.05,954.8,2841.7,932,2843.15,915,2851.4,899.95,2862.05,879.1,2871.3,856.75,2879.05,839.75,2888.75,834.9,2894.1,833.95
3-118,Uninfected,No_comment,Polygon,21,2998.5,833.45,3008.2,832.95,3024.7,835.9,3045.1,846.05,3055.3,855.8,3065,870.35,3068.4,886.35,3066.95,906.75,3060.6,920.35,3048,932,3032.95,940.75,3018.85,949.95,2995.55,955.3,2975.2,951.4,2962.05,940.75,2954.3,919.85,2950.4,893.65,2951.9,871.8,2959.65,853.85,2975.65,839.75,2983.9,836.85
3-119,Uninfected,No_comment,Polygon,26,2825.65,785.4,2832,785.4,2843.15,788.3,2853.8,795.1,2861.1,803.85,2865.95,813.05,2869.35,824.25,2868.85,834.9,2865,847.05,2859.65,858.7,2847.5,884.4,2839.25,899.45,2828.1,910.1,2813.05,916.95,2789.25,919.35,2770.35,914.05,2756.75,904.8,2744.1,889.25,2740.25,873.75,2742.15,851.9,2746.55,834.9,2755.3,825.7,2768.85,817.45,2785.4,807.7,2799.45,798.5,2810.15,791.7
3-120,Uninfected,No_comment,Polygon,21,3065.95,939.3,3078.1,939.3,3091.7,942.7,3103.8,952.9,3116.95,965,3121.3,977.15,3122.75,995.6,3118.4,1014.55,3107.7,1036.35,3091.7,1050.45,3062.05,1058.2,3030.05,1055.3,3012.1,1043.65,3002.35,1024.7,2999.95,1003.35,3001.4,984.45,3007.7,969.85,3018.4,961.15,3032.45,951.9,3043.65,944.65,3051.4,942.2
3-121,Uninfected,No_comment,Polygon,23,3072.3,709.2,3084.9,712.1,3106.75,722.8,3120.85,734.9,3130.05,748.5,3137.8,768.4,3141.2,781.05,3140.25,799.5,3135.4,817.45,3124.2,837.35,3106.25,849,3088.3,850.95,3066.95,845.1,3046.55,834.45,3030.05,811.15,3021.8,788.8,3018.9,761.15,3019.35,737.85,3021.8,724.25,3024.7,710.15,3030.05,704.8,3044.6,703.85,3061.6,708.2
3-122,Uninfected,No_comment,Polygon,23,3328.6,946.55,3338.3,951.4,3354.85,962.6,3369.85,977.65,3372.85,991.7,3372.85,1012.1,3371.8,1027.65,3366,1041.7,3355.8,1049.95,3341.3,1053.35,3325.7,1055.3,3304.85,1060.15,3289.8,1063.05,3273.25,1062.6,3259.7,1056.25,3244.15,1040.75,3234.45,1019.85,3235.45,1000.45,3240.75,977.15,3260.7,953.85,3279.1,945.6,3298.5,940.25,3310.7,940.25
3-123,Uninfected,No_comment,Polygon,26,3168.4,1009.2,3178.6,1011.15,3189.3,1016,3196.1,1024.25,3201.9,1034.45,3207.75,1047.05,3211.6,1060.65,3210.15,1074.25,3202.4,1093.65,3193.7,1110.65,3184.45,1126.65,3171.8,1144.15,3160.15,1152.4,3141.7,1155.8,3122.35,1153.35,3106.35,1147.05,3095.1,1138.3,3086.85,1124.7,3079.65,1106.25,3077.65,1093.15,3082.5,1077.65,3095.65,1061.6,3114.05,1044.6,3124.75,1024.25,3141.7,1009.65,3157.75,1005.8
3-124,Uninfected,No_comment,Polygon,23,3261.6,1077.15,3269.85,1076.65,3283,1080.05,3299.95,1086.85,3307.3,1096.55,3311.6,1114.05,3308.2,1135.4,3302.4,1148.5,3290.75,1162.6,3277.65,1177.65,3267.45,1187.8,3255.8,1194.6,3242.25,1199.45,3226.65,1200.45,3209.2,1196.1,3196.1,1185.9,3190.25,1168.9,3190.25,1153.85,3194.7,1131.05,3204.35,1106.75,3219.4,1088.8,3234,1081.05,3245.1,1076.15
3-125,Uninfected,No_comment,Polygon,21,3399.55,1100.95,3411.2,1099,3427.2,1099.95,3443.15,1107.75,3456.3,1122.8,3464.6,1135.9,3465.55,1156.75,3461.2,1178.6,3453.35,1195.1,3439.8,1208.2,3421.8,1215,3394.65,1222.8,3374.25,1218.4,3359.2,1209.65,3353.35,1196.1,3347.55,1182.5,3344.15,1155.3,3348.05,1141.7,3360.15,1124.7,3370.85,1113.55,3382.05,1106.25
3-126,Uninfected,No_comment,Polygon,23,3015.95,1238.3,3027.6,1240.25,3038.8,1245.6,3052.85,1256.75,3063.05,1269.85,3069.85,1285.4,3076.15,1306.3,3075.2,1326.2,3073.75,1343.65,3064.05,1365.5,3051.9,1374.7,3036.85,1380.55,3019.85,1381.5,2999.95,1374.25,2980.05,1360.15,2965.5,1348,2950.9,1333.45,2944.6,1320.35,2937.8,1297.55,2941.7,1275.2,2956.75,1252.9,2980.55,1239.3,2997.05,1235.4
3-127,Uninfected,No_comment,Polygon,27,3140.25,1206.75,3148,1206.75,3163.55,1214.05,3171.3,1221.8,3177.15,1232.5,3177.6,1253.35,3172.75,1266,3165.5,1279.1,3157.7,1296.1,3150.9,1311.6,3142.65,1328.6,3142.65,1342.7,3137.8,1353.85,3121.8,1365,3100.9,1377.15,3088.8,1377.65,3081.5,1367.45,3080.55,1351.9,3084.9,1337.35,3088.3,1319.4,3084.4,1299,3075.2,1279.1,3074.2,1258.7,3082.45,1237.35,3097.05,1218.9,3114.05,1210.15,3128.1,1206.3
3-128,Uninfected,No_comment,Polygon,24,3235.4,1263.55,3247.5,1265,3267.9,1270.85,3282,1286.85,3289.75,1301.9,3291.2,1315,3289.75,1328.1,3282.45,1341.7,3265.95,1356.75,3252.85,1368.4,3235.85,1378.1,3223.25,1382.5,3208.7,1383.45,3195.6,1378.1,3181.5,1369.4,3161.6,1361.15,3151.9,1350.95,3147.5,1335.9,3153.85,1321.3,3165.5,1301.9,3174.2,1278.1,3181.5,1268.4,3197.05,1263.55,3211.1,1262.6
3-129,Uninfected,No_comment,Polygon,20,2880.5,1115.5,2889.25,1115.5,2910.6,1126.65,2921.3,1140.75,2929.55,1157.7,2930.05,1175.7,2925.65,1197.05,2918.4,1217.9,2903.8,1234.4,2882.45,1244.6,2862.55,1248.5,2844.6,1244.6,2829.55,1234.9,2820.35,1222.75,2812.1,1198,2809.15,1179.55,2812.1,1155.8,2828.6,1129.55,2848,1119.4,2866.95,1115.5
3-130,Uninfected,No_comment,Polygon,20,2726.15,1124.7,2742.15,1124.25,2758.2,1126.15,2776.65,1135.9,2786.85,1144.6,2794.1,1157.7,2798,1169.85,2799.95,1193.65,2795.55,1218.4,2783.45,1237.35,2767.4,1249,2749.45,1254.35,2726.65,1253.35,2706.25,1246.05,2688.8,1232.95,2676.65,1216,2672.25,1187.8,2676.15,1160.65,2689.75,1140.75,2703.8,1129.55
3-131,Uninfected,No_comment,Polygon,21,2822.25,1239.75,2833.9,1249,2846.55,1263.05,2854.3,1275.2,2861.6,1289.3,2866.95,1302.4,2867.9,1319.85,2864.5,1339.75,2859.15,1355.8,2847.05,1367.9,2829.55,1376.65,2816.45,1377.65,2798.95,1371.3,2782.95,1359.2,2772.25,1339.3,2766.95,1313.55,2768.4,1287.8,2777.6,1262.6,2788.75,1248.5,2803.35,1239.75,2813.05,1237.8
3-132,Uninfected,No_comment,Polygon,23,2951.9,1346.55,2965.5,1359.65,2979.55,1369.85,2996.55,1381.05,3008.7,1388.3,3019.85,1401.4,3020.35,1417.45,3015.5,1427.15,3004.8,1437.35,2990.25,1445.1,2970.35,1455.3,2949.45,1461.1,2931.5,1462.6,2913.05,1458.7,2890.7,1447.55,2880.5,1432,2872.75,1414.05,2871.3,1384.9,2882,1360.65,2896.55,1347.55,2913.05,1341.2,2925.2,1339.75,2936.35,1340.25
3-133,Uninfected,No_comment,Polygon,19,3021.3,1444.15,3035.4,1444.15,3051.4,1451.4,3062.55,1459.2,3072.25,1474.7,3076.65,1494.6,3079.55,1517.9,3072.25,1542.7,3060.15,1561.1,3040.7,1572.75,3023.25,1575.2,3003.8,1570.85,2986.85,1554.35,2976.15,1530.55,2971.8,1503.85,2974.7,1478.1,2987.8,1456.75,3000.9,1449,3011.6,1445.1
3-134,Uninfected,No_comment,Polygon,22,2929.55,1551.9,2938.3,1549.95,2953.85,1550.95,2971.8,1555.8,2990.7,1571.3,2998.95,1585.4,3005.75,1599.45,3005.3,1613.55,3003.35,1626.65,2998.95,1640.25,2985.4,1651.4,2965.5,1656.75,2949.95,1661.6,2933.9,1662.1,2915.5,1655.8,2900.45,1646.05,2886.85,1631.5,2881,1613.55,2880.05,1595.1,2885.4,1578.1,2896.05,1560.65,2912.1,1554.8
3-135,Uninfected,No_comment,Polygon,22,2779.55,1443.15,2794.6,1442.7,2816.45,1447.55,2834.9,1456.75,2846.05,1466,2853.85,1481.05,2859.65,1498,2859.15,1521.8,2849.45,1541.7,2837.8,1558.7,2819.85,1568.4,2800.9,1572.75,2783.45,1574.25,2763.55,1569.85,2746.55,1559.65,2736.85,1544.6,2730.55,1524.25,2728.1,1501.4,2732,1481.05,2740.7,1465,2754.8,1452.85,2766.95,1448
3-136,Uninfected,No_comment,Polygon,19,2657.3,1458.7,2667.95,1460.15,2683.05,1464.05,2700,1471.8,2711.15,1487.85,2716.95,1505.3,2718.4,1524.25,2713.55,1546.1,2702.45,1564.05,2682.5,1577.65,2652.9,1582.5,2632,1578.6,2614.1,1567.9,2602.9,1551.4,2599.5,1525.2,2601.9,1499.5,2613.55,1479.55,2630.05,1466,2640.25,1461.6
3-137,Uninfected,No_comment,Polygon,29,2570.85,1429.1,2581.05,1431.05,2595.65,1435.4,2604.35,1443.65,2610.15,1451.4,2610.7,1467.45,2605.3,1481.05,2600.95,1489.3,2594.65,1500.95,2590.8,1517.45,2590.8,1535.9,2596.1,1552.85,2602.9,1566.45,2606.75,1572.3,2604.85,1586.35,2598.5,1599.5,2582.55,1613.05,2562.1,1617.9,2537.85,1614.05,2521.8,1603.35,2515.05,1586.35,2510.7,1565,2508.7,1542.7,2507.3,1516.95,2508.7,1493.15,2517.95,1471.8,2531.55,1451.9,2545.65,1439.75,2558.7,1432.5
3-138,Uninfected,No_comment,Polygon,19,2444.2,1504.8,2455.85,1505.3,2470.9,1510.15,2487.4,1522.8,2499.5,1541.7,2502.45,1561.6,2500.45,1585.9,2490.8,1603.35,2472.35,1616,2450,1621.8,2426.7,1617.9,2411.65,1606.25,2393.25,1589.3,2387.85,1566.45,2390.25,1546.1,2396.6,1526.2,2406.75,1515.5,2419.4,1508.7,2432.55,1506.75
3-139,Uninfected,No_comment,Polygon,20,2333.45,1481.5,2344.2,1481.05,2359.25,1484.45,2373.3,1492.7,2381.05,1504.8,2384,1517.45,2384.45,1532,2378.2,1549.5,2381.05,1565,2379.6,1579.55,2368.95,1593.65,2348.05,1600.95,2326.2,1602.4,2305.85,1596.1,2287.4,1581.05,2277.65,1557.75,2277.65,1534.9,2285.4,1517.45,2301.9,1499.5,2316,1488.3
3-140,Uninfected,No_comment,Polygon,19,3153.85,1366.5,3165,1368.45,3188.8,1380.55,3204.8,1392.7,3214.5,1412.65,3211.1,1436.85,3200.9,1452.4,3191.2,1468.45,3177.6,1479.1,3150.9,1482,3126.15,1475.2,3107.7,1462.6,3096.05,1447.6,3092.65,1428.6,3093.65,1407.75,3099.95,1391.25,3111.1,1379.6,3126.65,1371.35,3139.75,1366.95
3-141,Uninfected,No_comment,Polygon,26,3339.75,1330.55,3349.45,1332.5,3360.65,1342.2,3367.9,1356.3,3375.2,1368.9,3379.05,1387.35,3376.15,1407.25,3368.4,1422.3,3355.75,1433.95,3342.2,1437.85,3325.65,1437.85,3313.05,1431.55,3298.5,1422.8,3282.45,1420.9,3267.4,1421.8,3251.9,1423.75,3233.45,1416.95,3229.05,1403.45,3232.45,1392.2,3241.2,1383.95,3260.15,1373.3,3276.65,1361.65,3290.7,1349.5,3305.75,1333.5,3320.8,1326.2,3329.55,1326.75
3-142,Uninfected,No_comment,Polygon,23,3267.4,1428.7,3271.3,1428.55,3285.4,1430.5,3306.7,1439.25,3316.4,1445.55,3324.15,1456.25,3327.55,1472.25,3330.55,1486.4,3333.4,1506.25,3329.05,1521.3,3315.9,1538.4,3299.9,1550,3278.05,1559.2,3246.6,1555.25,3229.1,1546.55,3211.6,1534.45,3201.9,1517.45,3198,1496.55,3200.45,1473.25,3209.15,1454.8,3224.2,1438.4,3242.65,1430.5,3258.2,1428.15
3-143,Uninfected,No_comment,Polygon,23,3436.8,1444.15,3444.6,1445.1,3457.2,1449,3467.9,1458.2,3479.05,1472.3,3484.9,1491.2,3484.9,1510.15,3483.4,1531,3474.7,1553.35,3460.1,1570.35,3440.7,1580.55,3418.85,1583.45,3398,1580.55,3377.1,1572.75,3362.55,1561.6,3351.85,1547.55,3343.6,1526.65,3342.65,1508.2,3346.55,1483.45,3359.15,1464.05,3382.45,1449,3403.8,1442.65,3419.85,1443.15
3-144,Uninfected,No_comment,Polygon,27,3285.45,1191.2,3289.75,1182,3298,1171.3,3306.3,1159.2,3316.45,1155.3,3328.1,1154.35,3332.95,1161.1,3335.9,1180.55,3342.7,1194.6,3355.35,1214.05,3363.55,1220.85,3369.35,1229.1,3369.85,1242.2,3363.05,1255.3,3359.65,1272.75,3357.25,1287.8,3351.9,1299,3338.3,1306.25,3320.85,1306.75,3308.2,1301.9,3297.1,1293.15,3289.3,1279.1,3282.05,1264.5,3275.7,1247.55,3270.4,1227.15,3273.25,1205.3,3281.5,1196.1
3-145,Uninfected,No_comment,Polygon,25,3537.85,1156.25,3551.95,1157.25,3567,1162.6,3582.5,1170.85,3593.7,1182.5,3598,1198,3596.1,1217.9,3591.2,1242.7,3585.4,1257.75,3579.1,1273.25,3572.3,1284.9,3557.7,1291.2,3541.2,1294.15,3525.7,1299.45,3512.1,1303.85,3503.35,1299.95,3495.6,1283.95,3495.1,1263.55,3491.7,1245.1,3481.5,1228.6,3471.8,1211.1,3474.7,1186.35,3486.85,1167.9,3507.7,1156.25,3522.3,1154.35
3-146,Uninfected,No_comment,Polygon,21,3403.35,1232.95,3416,1227.15,3426.65,1223.75,3441.25,1217.9,3459.2,1212.1,3471.8,1218.9,3478.1,1235.9,3481,1250.95,3485.9,1264.05,3487.85,1280.55,3483.95,1298.5,3473.75,1319.4,3458.2,1332,3434.4,1338.8,3405.8,1335.9,3390.75,1329.55,3375.2,1316.95,3368.4,1299.45,3368.4,1275.2,3374.25,1253.85,3390.75,1237.35
3-147,Uninfected,No_comment,Polygon,21,3567.9,1299,3584.45,1297.55,3598.5,1301.4,3612.6,1311.1,3626.65,1330.55,3632,1344.15,3634.45,1361.1,3629.55,1378.6,3620.35,1393.15,3607.25,1401.9,3587.85,1409.2,3568.4,1410.15,3547.55,1407.7,3526.65,1399,3510.65,1383.45,3501.95,1367.9,3498.5,1346.05,3504.35,1324.25,3522.3,1307.25,3544.15,1302.4,3554.8,1299.95
3-148,Uninfected,No_comment,Polygon,20,3753.35,1255.3,3772.25,1259.15,3788.3,1268.9,3804.3,1288.3,3806.25,1313.05,3800.4,1330.05,3790.2,1349,3776.15,1366.95,3754.3,1377.6,3736.85,1375.7,3721.3,1368.4,3698.95,1362.55,3685.85,1355.3,3674.7,1337.8,3672.75,1319.35,3679.05,1299,3691.7,1278.1,3703.35,1266.95,3720.8,1257.7,3734.9,1254.3
3-149,Uninfected,No_comment,Polygon,27,3655.75,1190.25,3668.4,1186.85,3689.75,1188.8,3702.85,1195.1,3709.65,1200.9,3717.4,1219.85,3717.4,1236.85,3711.6,1249.45,3699.95,1257.25,3691.2,1262.55,3681.5,1272.75,3669.85,1290.25,3665,1310.15,3663.05,1323.75,3660.6,1334.9,3651.85,1342.65,3641.7,1340.75,3632.95,1328.6,3625.2,1315,3612.55,1302.85,3599.95,1296.55,3593.15,1280.05,3594.1,1262.55,3606.25,1235.4,3616.9,1214.5,3630.05,1199.45,3641.7,1193.65
3-150,Uninfected,No_comment,Polygon,22,3712.55,1377.15,3725.65,1381,3739.25,1383.95,3751.4,1385.4,3762.05,1394.15,3770.8,1407.7,3774.7,1421.8,3771.8,1437.8,3762.05,1457.25,3742.65,1475.2,3721.8,1487.8,3700.9,1493.15,3675.65,1494.6,3659.15,1488.8,3646.05,1470.35,3633.45,1455.3,3631.5,1434.9,3632.45,1406.25,3643.6,1388.8,3657.2,1374.7,3675.65,1370.35,3695.55,1372.75
3-151,Uninfected,No_comment,Polygon,23,3865,1293.15,3877.1,1291.2,3893.15,1293.15,3904.8,1298,3919.35,1306.75,3932.45,1324.2,3935.35,1339.25,3934.9,1360.65,3929.55,1373.25,3918.85,1392.2,3902.35,1405.3,3885.85,1412.1,3863.5,1417.45,3845.1,1417.45,3826.65,1409.65,3812.55,1398.5,3802.35,1380.55,3801.4,1364.5,3805.25,1345.1,3810.6,1328.1,3823.7,1310.15,3835.85,1298.5,3851.4,1294.15
3-152,Uninfected,No_comment,Polygon,22,3939.75,1404.75,3958.2,1408.7,3976.65,1417.9,3984.9,1431,3989.75,1445.1,3990.7,1463.95,3989.25,1481.45,3983.9,1496.5,3973.25,1505.7,3954.8,1518.4,3938.3,1525.2,3924.2,1528.6,3912.55,1523.75,3897,1515.95,3881.5,1510.15,3865.45,1500.9,3852.85,1483.45,3850.4,1457.7,3856.75,1441.7,3874.7,1427.6,3901.4,1418.4,3920.8,1408.7
3-153,Uninfected,No_comment,Polygon,18,3865.95,1524.65,3877.6,1522.75,3900.9,1531,3915.45,1538.25,3924.2,1554.3,3930.05,1571.3,3931.5,1595.1,3927.1,1610.55,3918.4,1629.55,3903.8,1638.75,3873.25,1644.1,3850.9,1637.25,3830.5,1627.6,3819.35,1613,3815.95,1584.4,3819.85,1562.1,3831,1540.65,3848,1526.15
3-154,Uninfected,No_comment,Polygon,22,4009.15,1516.95,4031.5,1521.8,4048.45,1531,4065,1549.9,4066.9,1572.2,4061.6,1591.2,4059.15,1610.15,4058.2,1626.65,4048,1644.6,4030.05,1656.25,4005.25,1663,3986.35,1661.1,3969.85,1653.8,3954.3,1645.5,3947.5,1633.85,3943.15,1613,3945.1,1595.1,3944.6,1575.6,3943.15,1558.7,3955.75,1535.4,3975.15,1522.75,3991.7,1518.4
3-155,Uninfected,No_comment,Polygon,22,3786.35,1473.75,3799.45,1475.6,3817.9,1481.45,3825.65,1494.05,3829.55,1506.25,3828.1,1518.4,3820.8,1534.4,3811.1,1547.05,3806.25,1568.4,3799.95,1584.85,3787.3,1596.5,3768.85,1602.85,3751.4,1602.3,3734.9,1595.1,3726.65,1584.4,3715.45,1565.45,3711.6,1551.35,3711.6,1524.2,3725.65,1504.3,3745.55,1492.65,3764,1476.6,3774.7,1472.75
3-156,Uninfected,No_comment,Polygon,21,3647.5,1537.8,3661.1,1538.8,3677.1,1542.15,3688.75,1550.9,3698.95,1565,3705.25,1579,3714.5,1599.45,3713.05,1618.8,3704.8,1636.3,3690.25,1646.5,3671.3,1654.3,3651.4,1654.3,3635.85,1649.45,3622.75,1639.25,3610.6,1621.3,3601.9,1604.75,3599.95,1579,3607.2,1558.15,3615.45,1548,3628.6,1540.25,3636.85,1538.25
3-157,Uninfected,No_comment,Polygon,18,3549.45,1601.9,3561.1,1601.9,3577.1,1606.75,3592.65,1617.5,3604.3,1631.55,3612.55,1652.9,3612.55,1670.85,3604.8,1691.25,3589.75,1712.1,3568.85,1721.35,3537.8,1723.35,3518.35,1712.6,3499.45,1688.8,3489.25,1671.8,3486.8,1646.6,3495.55,1622.8,3512.55,1610.65,3531,1603.85
3-158,Uninfected,No_comment,Polygon,22,3457.2,1664.55,3471.75,1672.3,3481,1683.45,3490.7,1697.05,3498.95,1707.75,3508.2,1720.35,3513.5,1733.45,3511.6,1754.35,3503.8,1768.4,3490.7,1781.05,3473.25,1786.85,3450.9,1786.4,3430.5,1781.55,3413.5,1772.8,3398.95,1761.15,3390.7,1744.65,3384.9,1724.75,3385.85,1706.3,3392.15,1686.85,3415.45,1666.95,3430.5,1662.1,3444.6,1662.1
3-159,Uninfected,No_comment,Polygon,19,3295.55,1661.7,3307.7,1664.55,3320.3,1671.8,3330.5,1689.3,3335.35,1711.65,3333.4,1726.2,3326.15,1746.65,3313.5,1764.05,3296.55,1774.75,3269.35,1782.5,3244.1,1781.55,3225.15,1772.3,3215.45,1758.7,3206.25,1737.85,3207.7,1711.15,3221.75,1680.05,3241.2,1664.05,3263.05,1659.2,3281,1657.75
3-160,Uninfected,No_comment,Polygon,21,3559.3,1778.95,3573.2,1784.7,3592.85,1796.15,3602.9,1807.65,3608.15,1825.85,3605.3,1848.85,3592.85,1865.6,3582.3,1877.05,3571.8,1895.7,3560.8,1907.2,3534.9,1914.35,3519.65,1909.55,3503.35,1896.2,3495.25,1878.45,3489,1854.05,3487.05,1830.65,3488.55,1805.75,3502.4,1787.05,3517.65,1779.45,3530.65,1777,3542.6,1776.1
3-161,Uninfected,No_comment,Polygon,21,3651.65,1860.3,3665.5,1865.6,3679.4,1872.75,3689.95,1885.15,3697.15,1899.05,3699.55,1917.25,3697.15,1944,3689.45,1964.1,3673.7,1979,3648.3,1991.4,3629.7,1990.4,3609.1,1983.25,3596.2,1973.7,3583.25,1962.65,3572.7,1945,3570.85,1924.85,3575.15,1903.8,3583.75,1889,3599.05,1874.15,3615.8,1864.1,3637.35,1859.8
3-162,Uninfected,No_comment,Polygon,22,3568.45,1968.45,3583.75,1975.65,3598.1,1984.2,3610.05,1993.75,3617.7,2008.15,3621.55,2023.95,3619.15,2042.6,3610.05,2061.3,3599.05,2079.4,3581.85,2094.75,3561.75,2100.05,3541.6,2095.2,3527.3,2091.4,3512.45,2078.5,3502.9,2062.65,3495.7,2047.4,3494.75,2025.35,3497.6,2004.3,3508.65,1984.2,3523.95,1969.35,3538.75,1966,3554.55,1965.1
3-163,Uninfected,No_comment,Polygon,26,3439.75,1799.05,3449.25,1800.05,3461.25,1804.3,3469.85,1811.45,3474.65,1829.65,3477.55,1850.7,3480.9,1866,3483.2,1882.8,3484.25,1898.1,3478.95,1914.35,3466,1926.3,3448.35,1932.55,3432.55,1929.65,3418.15,1918.65,3411.45,1901.9,3403.8,1879.45,3389.95,1867.45,3375.15,1859.3,3366,1851.7,3362.2,1829.2,3365.55,1809.1,3375.15,1798.1,3390.4,1790.9,3406.25,1789,3421,1791.4,3429.7,1793.35
3-164,Uninfected,No_comment,Polygon,23,3341.15,1857.4,3349.25,1858.9,3363.65,1862.25,3378,1873.2,3388.55,1885.15,3397.6,1897.6,3404.8,1910.1,3408.15,1922.5,3408.65,1939.25,3398.6,1959.8,3388.55,1970.8,3369.4,1982.35,3353.6,1987.1,3335.35,1988.5,3317.25,1983.75,3303.85,1974.65,3290.4,1959.8,3281.85,1942.6,3272.25,1922.95,3273.15,1899.55,3283.7,1876.55,3308.1,1861.25,3327.75,1856.45
3-165,Uninfected,No_comment,Polygon,23,2683.6,2713.75,2698.65,2717.6,2711.75,2723.9,2721.95,2734.6,2727.3,2746.75,2730.2,2763.25,2733.6,2775.85,2738.95,2788,2737.5,2804.5,2729.75,2823.95,2719.05,2840.45,2698.15,2850.15,2677.3,2853.55,2654,2851.6,2634.1,2839.95,2624.85,2824.9,2615.15,2801.1,2610.8,2774.9,2616.15,2745.75,2632.15,2727.8,2648.15,2716.65,2663.2,2712.75,2672.45,2712.25
3-166,Uninfected,No_comment,Polygon,24,2554,2590.4,2564.2,2591.9,2574.4,2593.35,2591.85,2604,2601.55,2615.2,2609.8,2625.85,2615.15,2640.9,2619.55,2659.35,2622.45,2683.15,2616.15,2698.7,2603.5,2717.15,2586.05,2729.25,2565.15,2733.15,2543.8,2734.6,2523.4,2728.3,2507.85,2713.75,2496.7,2695.3,2491.85,2671.5,2491.35,2647.7,2495.25,2625.85,2501.1,2613.7,2511.75,2602.55,2526.3,2594.8,2539.45,2590.4
3-167,Uninfected,No_comment,Polygon,22,2481.65,2747.7,2494.75,2748.7,2512.25,2757.9,2523.4,2770.05,2534.55,2779.25,2539.45,2802.1,2540.9,2820.55,2536.5,2845.8,2527.3,2863.25,2507.85,2876.35,2488.45,2886.55,2473.9,2889,2450.6,2887.05,2432.65,2877.35,2418.05,2863.25,2410.8,2845.8,2406.9,2825.85,2405.95,2814.7,2413.7,2792.35,2432.15,2770.05,2449.15,2755.95,2463.7,2750.6
3-168,Uninfected,No_comment,Polygon,24,2610.3,2853.55,2623.9,2855.45,2636.05,2858.4,2649.6,2867.1,2658.35,2879.75,2668.55,2902.55,2669.05,2921.5,2666.15,2944.3,2654.5,2966.15,2643.3,2977.3,2628.75,2984.1,2611.25,2986.05,2593.8,2985.55,2577.3,2984.6,2559.8,2977.8,2544.75,2967.15,2536.05,2950.15,2534.1,2928.3,2534.1,2905.45,2539.9,2885.1,2553.5,2867.6,2570,2859.85,2585.05,2852.05,2598.15,2851.6
3-169,Uninfected,No_comment,Polygon,20,2794.3,2674.85,2808.4,2674.85,2829.25,2677.85,2842.35,2688,2853.55,2704.55,2860.35,2721.45,2861.8,2739.9,2861.8,2763.75,2853.1,2783.6,2835.6,2797.7,2813.75,2807.95,2793.35,2808.35,2769.6,2800.1,2754,2786.05,2741.95,2764.2,2737.5,2738.45,2741.4,2713.2,2750.6,2696.3,2761.8,2681.25,2775.85,2675.85
3-170,Uninfected,No_comment,Polygon,21,2974.95,2757.4,2982.65,2758.9,3001.1,2766.6,3015.2,2776.8,3022.5,2793.85,3028.35,2812.3,3025.9,2831.25,3018.6,2849.7,3008.4,2863.25,2994.3,2873.4,2977.35,2879.25,2955.5,2876.8,2939.45,2870,2926.4,2857.45,2914.75,2839.95,2909.85,2822.45,2912.3,2797.25,2922,2774.4,2934.6,2763.75,2954.05,2757.95,2962.35,2757.4
3-171,Uninfected,No_comment,Polygon,22,2883.6,2461.75,2903.05,2468.55,2920.5,2480.2,2934.6,2494.25,2939.45,2510.3,2942.85,2527.75,2944.3,2545.8,2941.9,2564.65,2933.15,2585.1,2918.55,2602.05,2901.1,2613.2,2877.3,2618.05,2853.05,2616.1,2834.6,2606.4,2821,2588.95,2812.75,2567.6,2811.75,2537,2818.55,2511.75,2829.75,2487,2845.25,2465.7,2859.35,2461.25,2877.8,2461.25
3-172,Uninfected,No_comment,Polygon,20,2663.2,2281.2,2681.65,2279.2,2695.25,2282.6,2705.45,2291.85,2710.3,2306.9,2711.3,2327.75,2709.8,2350.65,2706.9,2372.45,2704.5,2392.4,2695.35,2406.55,2678.75,2413.25,2645.8,2411.75,2628.3,2404.45,2613.7,2389.95,2606.45,2370,2605.45,2350.65,2611.8,2320.55,2624.45,2296.7,2640.45,2284.6,2652.1,2282.2
3-173,Uninfected,No_comment,Polygon,22,2766.6,2284.6,2782.65,2285.05,2793.3,2288.95,2809.35,2298.7,2817.1,2313.75,2819.05,2331.65,2819.55,2352.5,2818.1,2376.35,2815.15,2398.2,2806.45,2417.55,2790.4,2426.8,2769.55,2429.75,2752.05,2428.3,2735.05,2419.1,2724.4,2407.4,2720,2386,2721,2359.85,2723.4,2344.25,2722.95,2325.8,2729.7,2307.35,2740.4,2293.85,2754.5,2286
3-174,Uninfected,No_comment,Polygon,24,2885.55,2293.3,2895.75,2297.65,2908.35,2306.9,2916.15,2315.15,2923.4,2329.2,2926.8,2347.65,2926.35,2368.1,2927.8,2389,2925.35,2410.3,2916.15,2427.75,2903.5,2439.4,2883.6,2445.25,2865.15,2445.25,2847.7,2439.4,2836.55,2427.35,2827.8,2411.75,2827.3,2395.25,2827.8,2377.35,2831.65,2351.05,2832.65,2336,2837.5,2317.15,2850.1,2297.65,2868.55,2290.45,2876.8,2290.85
3-175,Uninfected,No_comment,Polygon,22,2565.65,2381.65,2576.8,2384.55,2594.3,2392.4,2606.9,2404.45,2616.6,2420,2619.05,2440.4,2619.05,2465.15,2611.25,2483.15,2597.7,2500.15,2578.25,2510.3,2561.25,2514.25,2537,2512.25,2518.05,2501.6,2502.05,2486.55,2492.35,2473.45,2488.45,2450.1,2487.95,2432.6,2491.85,2415.7,2505.95,2400.1,2516.6,2388,2530.7,2384.1,2546.7,2380.7
3-176,Uninfected,No_comment,Polygon,23,2672.9,2141.35,2682.15,2144.75,2695.75,2151.55,2708.35,2163.2,2716.6,2175.3,2723.4,2197.15,2724.85,2214.65,2720.5,2229.2,2708.35,2248.7,2691.35,2264.15,2674.85,2268.05,2651.55,2270.45,2631.65,2268.05,2611.25,2259.3,2599.6,2246.7,2593.3,2232.1,2591.35,2214.65,2590.9,2193.75,2594.75,2172.9,2608.85,2155.4,2625.35,2145.7,2643.8,2140.9,2657.4,2138.9
3-177,Uninfected,No_comment,Polygon,23,2520.5,2119,2532.6,2119,2545.75,2120.45,2558.85,2126.8,2570,2136.05,2578.25,2148.15,2581.15,2160.75,2581.15,2175.3,2579.25,2193.75,2576.8,2214.65,2570.5,2229.7,2557.85,2242.3,2541.85,2246.7,2521.95,2246.25,2504.95,2240.4,2496.2,2232.6,2487,2217.05,2485.55,2202.5,2482.15,2182.65,2479.2,2158.4,2484.1,2141.35,2493.8,2131.15,2502.5,2123.85
3-178,Uninfected,No_comment,Polygon,22,2438.45,2255.45,2450.6,2252.05,2464.65,2251.55,2481.65,2255.9,2495.75,2267.1,2503,2276.8,2506.4,2292.3,2505.9,2307.9,2502.5,2332.15,2493.3,2346.25,2476.3,2357.35,2457.4,2359.8,2435.05,2360.3,2414.65,2352.5,2401.55,2341.4,2391.85,2330.2,2384.55,2312.7,2382.6,2290.4,2384.55,2273.4,2391.35,2261.3,2412.25,2259.3,2429.2,2257.35
3-179,Uninfected,No_comment,Polygon,24,2380.65,2126.3,2386.5,2126.3,2394.25,2129.25,2406.9,2142.3,2420.5,2153.95,2435.05,2163.2,2449.6,2166.6,2462.25,2172.9,2470.5,2191.35,2472.9,2205.4,2470.5,2223.85,2460.3,2234.05,2446.7,2239.45,2430.2,2243.75,2408.85,2245.7,2388.45,2245.3,2366.6,2238.45,2353.95,2227.8,2341.35,2209.8,2337.95,2188.9,2336,2172.9,2338.9,2149.1,2354.95,2134.05,2365.6,2128.25
3-180,Uninfected,No_comment,Polygon,23,2746.25,1892.8,2753.5,1894.25,2761.8,1896.2,2778.75,1904.95,2791.4,1913.2,2799.65,1922.45,2805,1933.6,2805.95,1947.65,2806.9,1968.05,2801.1,1982.15,2787.5,1996.2,2770.05,2005.95,2748.65,2008.35,2725.85,2002.55,2712.25,1993.8,2700.6,1977.75,2693.8,1964.65,2690.4,1950.6,2690.4,1932.6,2694.35,1917.55,2709.85,1902.5,2723.9,1894.75,2734.1,1891.35
3-181,Uninfected,No_comment,Polygon,26,2791.4,1801.05,2803.05,1804.95,2812.25,1807.85,2822.95,1814.15,2830.25,1822.4,2836.55,1836,2844.3,1848.15,2849.65,1865.65,2851.1,1881.15,2848.2,1893.3,2837.5,1906.4,2825.4,1911.25,2807.9,1912.7,2798.7,1908.85,2785.1,1898.15,2770.05,1891.35,2757.4,1888.45,2743.35,1885.05,2730.7,1872.9,2722.45,1855.45,2720.5,1836,2723.4,1821.45,2734.1,1806.9,2745.3,1800.6,2759.35,1798.65,2771,1798.15
3-182,Uninfected,No_comment,Polygon,31,2882.65,1907.4,2899.15,1905.9,2913.25,1908.35,2924.4,1915.15,2933.65,1923.4,2941.45,1934.1,2947.2,1943.3,2957.4,1953.5,2964.7,1959.3,2969.05,1968.05,2968.6,1983.6,2962.3,1990.9,2953.55,1991.85,2941.45,1987.95,2928.3,1987,2913.25,1993.3,2899.7,2001.55,2890.4,2009.8,2881.2,2020,2875.35,2027.75,2859.35,2030.2,2839.45,2028.25,2828.3,2019.5,2821.5,2010.3,2814.7,1993.3,2812.25,1978.25,2818.6,1959.3,2829.25,1937.95,2841.4,1920.95,2855,1911.75,2864.2,1907.85
3-183,Uninfected,No_comment,Polygon,22,2906.95,1761.75,2923.45,1763.2,2943.8,1770.95,2955,1780.65,2963.75,1793.8,2966.65,1810.75,2965.65,1828.25,2960.35,1842.8,2951.1,1858.85,2940.45,1869.5,2919.05,1879.7,2900.15,1882.15,2882.2,1877.75,2869.05,1869.5,2855.5,1851.05,2850.15,1840.4,2844.3,1822.9,2843.35,1803,2851.1,1782.15,2863.25,1770,2877.8,1764.15,2890.9,1761.25
3-184,Uninfected,No_comment,Polygon,28,3007.4,1866.6,3017.15,1874.35,3029.75,1881.65,3043.35,1886.5,3050.65,1891.85,3056.95,1905.45,3058.4,1918.55,3056.95,1934.55,3051.1,1945.25,3040.9,1959.8,3026.35,1968.55,3001.1,1973.4,2988.5,1969.05,2973.45,1956.4,2963.25,1944.75,2948.2,1927.75,2944.3,1912.7,2942.85,1893.8,2946.25,1877.75,2951.6,1869.05,2964.2,1854,2968.6,1843.8,2973.45,1837,2982.2,1835.05,2988.95,1836,2993.35,1842.8,2998.25,1852.05,3002.55,1860.3
3-185,Uninfected,No_comment,Polygon,21,2888.45,2164.65,2900.1,2169.95,2907.9,2178.7,2914.2,2190.85,2918.55,2203,2921.95,2216.1,2919.55,2239.85,2910.3,2254.9,2891.4,2268.5,2871.95,2273.35,2850.6,2273.85,2831.65,2269,2817.1,2256.85,2804,2241.35,2796.7,2221.45,2798.65,2204.9,2811.3,2182.1,2825.35,2167.55,2842.35,2161.7,2857.4,2161.25,2871.95,2161.25
3-186,Uninfected,No_comment,Polygon,23,2939.95,1999.1,2952.05,1998.6,2969.05,2003.45,2979.75,2010.75,2990.4,2022.85,2994.8,2035,2996.25,2055.4,2991.4,2078.2,2982.65,2098.6,2966.65,2111.25,2949.15,2115.6,2926.8,2117.05,2915.15,2114.15,2896.7,2101.05,2888.95,2086.45,2882.15,2070.95,2880.7,2055.4,2883.6,2038.4,2889.95,2023.85,2903.05,2010.75,2912.75,2003.45,2921.95,2000.05,2929.75,1998.6
3-187,Uninfected,No_comment,Polygon,26,3101.6,2115.6,3113.25,2117.1,3127.8,2121.45,3140.9,2127.75,3150.15,2137.95,3155,2150.6,3162.3,2164.1,3169.05,2184.55,3171,2201.55,3165.65,2218.55,3156.45,2233.1,3141.9,2247.2,3121.5,2258.85,3103.05,2262.25,3082.15,2257.85,3064.2,2250.6,3049.65,2238.95,3037.5,2224.85,3032.15,2208.3,3028.3,2187.4,3028.3,2167.55,3038.95,2145.25,3054,2129.7,3067.1,2121.45,3079.25,2116.6,3091.9,2114.65
3-188,Uninfected,No_comment,Polygon,27,3232.2,2078.25,3241.4,2080.2,3256.45,2087.95,3267.6,2100.55,3274.4,2111.25,3279.25,2121.45,3282.65,2137.95,3284.15,2154.45,3283.65,2172.4,3277.8,2188.95,3266.15,2204.95,3249.15,2214.65,3230.75,2218.55,3214.2,2217.1,3201.6,2213.2,3188,2203.5,3179.25,2186.5,3173.95,2169.5,3169.55,2153.95,3163.75,2142.8,3159.35,2131.65,3158.9,2113.7,3167.6,2095.65,3178.3,2086,3193.35,2079.7,3210.35,2077.2,3221.5,2077.75
3-189,Uninfected,No_comment,Polygon,24,3371,2248.15,3385.6,2254.95,3400.15,2264.2,3410.8,2278.75,3417.15,2288.45,3421,2311.25,3419.55,2324.35,3415.65,2339.9,3407.9,2351.55,3389.45,2362.75,3371.5,2368.55,3355.95,2369.5,3339.45,2368.05,3320.5,2357.4,3308.4,2346.2,3297.7,2329.7,3294.3,2314.65,3294.8,2298.65,3300.15,2280.7,3306.45,2268.05,3320.05,2254.95,3338.5,2247.2,3355,2245.75,3360.8,2245.75
3-190,Uninfected,No_comment,Polygon,22,3121.5,2339.4,3134.1,2340.9,3150.6,2345.25,3171,2358.35,3181.7,2371,3188.95,2384.1,3192.35,2403,3191.9,2420.5,3185.55,2444.3,3174.4,2455.95,3158.85,2466.6,3140.4,2472.45,3118.55,2472.95,3098.2,2471.45,3084.1,2463.7,3070.5,2448.65,3064.2,2435.05,3058.85,2417.6,3059.35,2396.7,3068.55,2373.9,3086.05,2353,3103.5,2344.3
3-191,Uninfected,No_comment,Polygon,25,2981.2,2309.8,2992.35,2313.2,3006.45,2321,3018.55,2333.1,3025.35,2346.7,3033.15,2359.35,3038,2372.45,3038.45,2387.5,3038,2405.45,3030.2,2419.55,3012.75,2433.6,2999.15,2437,2976.8,2436.5,2960.8,2430.7,2948.15,2421.45,2940.4,2411.75,2934.1,2395.25,2937.5,2377.8,2937.5,2356.4,2935.55,2333.6,2937,2319.05,2944.3,2304.45,2951.1,2302.55,2964.2,2303.5,2970.5,2305.45
3-192,Uninfected,No_comment,Polygon,24,3195.25,2477.3,3215.15,2484.1,3228.75,2490.9,3239.45,2501.1,3249.65,2517.6,3255,2535.05,3255.95,2553.05,3252.05,2575.35,3242.35,2586.55,3223.9,2596.25,3200.1,2601.6,3183.6,2603.5,3164.2,2597.7,3148.2,2584.6,3134.6,2575.85,3119.95,2566.15,3108.85,2550.6,3107.4,2530.2,3111.3,2511.75,3123.4,2496.25,3135.05,2488,3153.05,2481.2,3168.1,2475.35,3179.75,2474.9
3-193,Uninfected,No_comment,Polygon,23,3381.7,2497.2,3391.4,2498.2,3410.8,2504,3422.95,2518.1,3437.5,2536.05,3442.35,2555,3437.5,2572.45,3429.75,2588.45,3419.55,2599.65,3405.95,2606.45,3382.15,2609.35,3360.3,2607.4,3339.45,2605.45,3321.95,2603.05,3305.95,2592.35,3298.2,2575.85,3294.8,2555.95,3297.7,2535.05,3306.45,2519.55,3316.15,2506.45,3331.2,2497.2,3347.2,2494.3,3365.2,2494.3
3-194,Uninfected,No_comment,Polygon,23,3363.7,2613.7,3379.25,2616.65,3392.35,2619.55,3410.8,2628.75,3419.05,2639.95,3429.75,2655.45,3431.7,2675.35,3428.75,2690.9,3424.9,2708.85,3415.2,2725.85,3396.25,2737.05,3371.95,2743.35,3350.15,2742.35,3331.7,2733.15,3318.55,2721,3306.9,2705,3302.05,2687,3300.6,2665.65,3304.45,2645.25,3311.3,2627.8,3322.95,2621,3338,2616.15,3349.65,2614.7
3-195,Uninfected,No_comment,Polygon,24,3229.75,2603.05,3244.3,2598.65,3257.9,2599.15,3269.55,2604.5,3282.15,2616.15,3287.5,2625.85,3291.85,2638.95,3291.85,2662.75,3287,2677.3,3276.35,2691.9,3267.6,2705,3258.35,2722.45,3253.05,2736.55,3239.45,2744.8,3220.5,2746.25,3199.65,2741.4,3188,2733.15,3177.8,2717.1,3174.4,2700.6,3180.2,2673.9,3182.15,2649.15,3183.6,2633.15,3194.25,2619.55,3217.1,2607.4
3-196,Uninfected,No_comment,Polygon,22,3111.75,2578.3,3121.95,2580.7,3138,2591.4,3151.1,2603.5,3161.7,2614.2,3167.55,2624.4,3169.55,2640.4,3169.55,2660.3,3164.7,2684.6,3158.85,2699.65,3144.8,2712.75,3130.2,2720.5,3111.3,2722,3091.85,2715.65,3070,2704,3055.95,2681.7,3049.65,2661.8,3049.15,2626.35,3057.35,2607.4,3070,2590.4,3092.35,2578.75,3103.05,2577.8
3-197,Uninfected,No_comment,Polygon,22,3559.85,2302.55,3571.5,2302.55,3586.1,2302.55,3598.2,2308.85,3609.4,2320.5,3618.1,2339.45,3624.9,2353,3633.15,2365.65,3637.5,2383.6,3630.7,2405.95,3618.65,2422.45,3597.75,2432.65,3576.9,2436.5,3555.45,2432.15,3537,2421.45,3517.65,2405.45,3508.45,2385.55,3505.45,2362.25,3508.45,2335.55,3519.1,2318.05,3529.3,2308.85,3540.95,2304.45
3-198,Uninfected,No_comment,Polygon,21,3685.6,2254.95,3694.8,2257.4,3715.65,2267.6,3726.85,2275.35,3736.1,2289.45,3741.45,2303,3744.85,2319.5,3739.5,2340.9,3728.3,2355.95,3712.3,2368.55,3694.35,2374.4,3673,2375.85,3655,2371.45,3640.95,2357.9,3632.15,2342.35,3623,2325.85,3617.65,2307.85,3620.1,2284.1,3631.25,2267.6,3649.7,2258.85,3665.65,2254.95
3-199,Uninfected,No_comment,Polygon,26,3893.35,2293.3,3905.5,2298.15,3924.45,2307.85,3940.45,2315.65,3948.2,2327.7,3954.55,2340.85,3954.05,2355.45,3947.25,2376.3,3928.8,2400.1,3908.4,2410.25,3885.1,2415.65,3858.4,2415.15,3836.55,2409.8,3811.8,2398.15,3795.3,2386.5,3781.2,2370.95,3775.4,2349.15,3772.5,2327.3,3774.4,2307.85,3781.2,2291.8,3794.35,2275.35,3811.3,2267.1,3831.2,2262.7,3850.15,2262.7,3865.7,2269.5,3875.4,2278.75
3-200,Uninfected,No_comment,Polygon,23,3930.75,2163.15,3944.35,2164.1,3965.7,2171.95,3978.8,2185.55,3989.95,2198.65,4006.45,2211.25,4016.2,2222.9,4020.05,2236.5,4020.55,2254,4013.25,2271.45,4000.65,2285.95,3980.75,2297.6,3963.25,2301.55,3932.7,2297.2,3912.3,2285.95,3892.9,2273.35,3871.05,2254.95,3860.85,2229.15,3864.25,2204.45,3873.45,2187.95,3887.05,2175.75,3902.6,2166.55,3914.25,2164.1
3-201,Uninfected,No_comment,Polygon,19,4144.85,2042.25,4158.45,2042.25,4181.75,2053,4194.85,2067.55,4205.05,2081.65,4209.4,2097.65,4207.95,2113.15,4205.05,2130.65,4190.5,2151.05,4169.6,2165.15,4150.7,2173.4,4127.85,2170.95,4110.4,2160.3,4098.25,2140.4,4083.2,2112.7,4076.4,2084.55,4089.05,2057.35,4110.85,2042.25,4126.4,2039.9
3-202,Uninfected,No_comment,Polygon,22,4025.45,2083.05,4033.7,2084.05,4048.75,2089.9,4061.85,2098.65,4069.6,2111.75,4076.4,2133.1,4089.05,2151.55,4094.35,2165.15,4094.85,2186,4087.1,2202.05,4071.05,2212.25,4053.6,2216.6,4033.2,2217.5,4020.6,2211.7,4004.55,2193.8,3987.1,2174.85,3973.95,2162.25,3963.3,2143.8,3964.75,2117.55,3976.9,2098.65,3993.9,2086.45,4011.85,2083.05
3-203,Uninfected,No_comment,Polygon,21,4108.5,2227.75,4120.15,2230.2,4136.1,2236,4150.25,2246.2,4160.9,2257.4,4176.4,2277.75,4182.25,2287.5,4184.65,2307.4,4177.85,2326.3,4166.2,2339.9,4151.15,2348.6,4131.25,2353.5,4112.8,2352.05,4088.55,2340.9,4070.6,2326.3,4062.35,2310.3,4057,2285.05,4058.95,2259.25,4069.6,2240.85,4084.65,2229.15,4096.85,2227.3
3-204,Uninfected,No_comment,Polygon,20,3653.55,2523.4,3664.25,2523.9,3684.65,2530.75,3697.75,2540.4,3711.35,2554.45,3718.6,2573.45,3719.6,2594.75,3715.2,2614.25,3702.6,2631.15,3684.15,2644.3,3664.25,2649.15,3642.4,2646.75,3623,2637.95,3601.6,2618.55,3594.35,2591.35,3592.4,2567.6,3599.7,2546.7,3614.25,2531.15,3625.9,2523.9,3636.55,2522.45
3-205,Uninfected,No_comment,Polygon,20,3806.5,2600.15,3819.6,2602.6,3841.45,2611.8,3857.95,2622.9,3867.15,2637.5,3874.45,2654,3873.95,2677.8,3868.6,2697.2,3858.45,2710.8,3835.15,2724.85,3810.85,2724.45,3791.9,2717.1,3776.85,2701.1,3759.9,2684.1,3749.2,2674.4,3740.95,2652.05,3743.35,2625.35,3757.45,2607.4,3772.5,2603,3785.6,2598.65
3-206,Uninfected,No_comment,Polygon,21,3688.5,2689.9,3698.25,2684.1,3712.3,2680.25,3731.25,2682.7,3742.4,2687.5,3760.35,2702.55,3772,2713.7,3783.2,2730.7,3789.5,2752.55,3785.6,2772.95,3775.4,2790.9,3763.3,2803.5,3747.75,2809.35,3725.9,2810.8,3702.1,2806.9,3679.8,2793.3,3667.65,2772.95,3662.8,2752.55,3660.85,2731.2,3664.25,2714.2,3671.55,2699.6
3-207,Uninfected,No_comment,Polygon,23,2303.7,2612.45,2312.9,2618.55,2322.6,2632.35,2327.7,2644.05,2332.8,2660.9,2332.8,2679.8,2329.75,2701.2,2323.05,2716.5,2309.85,2732.85,2288.9,2740,2270.55,2743.05,2253.7,2740,2241.45,2733.35,2234.3,2721.65,2232.8,2709.4,2231.25,2692.05,2230.25,2677.25,2229.7,2655.3,2235.35,2630.3,2250.65,2613.95,2265.95,2606.8,2281.75,2606.8,2289.35,2607.35
3-208,Uninfected,No_comment,Polygon,25,2412.9,2663.95,2425.1,2665.5,2443,2671.6,2452.7,2678.75,2460.35,2693.05,2462.9,2706.3,2463.4,2722.65,2458.8,2738.45,2449.15,2746.65,2434.85,2752.75,2422.6,2765.5,2412.4,2781.85,2403.2,2795.6,2393,2804.8,2380.75,2803.8,2370.55,2790.5,2360.3,2777.25,2352.2,2762.95,2344,2750.7,2337.9,2734.4,2339.45,2713.45,2349.65,2688.45,2361.9,2672.15,2379.25,2665,2392.5,2662.95
3-209,Uninfected,No_comment,Polygon,22,2302.2,2749.7,2310.85,2748.15,2321.05,2749.2,2332.3,2758.35,2339.45,2766,2349.1,2779.8,2357.8,2791.55,2364.95,2806.85,2367.95,2822.15,2363.9,2839.5,2355.75,2860.4,2342,2871.65,2322.6,2878.25,2302.2,2879.3,2280.7,2870.1,2266.45,2853.25,2254.2,2837.45,2249.1,2820.1,2247.6,2802.25,2253.7,2783.9,2266.95,2762.95,2281.75,2753.75
3-210,Uninfected,No_comment,Polygon,22,2163.9,2624.7,2176.1,2626.7,2183.8,2629.25,2199.1,2640,2205.25,2649.15,2209.3,2663.95,2213.9,2685.9,2214.4,2704.3,2213.4,2722.65,2206.25,2740.5,2194.5,2753.75,2172.05,2761.95,2155.25,2762.95,2137.9,2757.85,2124.6,2748.15,2113.85,2730.3,2107.25,2709.4,2107.8,2686.4,2108.3,2666.5,2114.9,2649.15,2123.6,2638.95,2141.45,2630.8
3-211,Uninfected,No_comment,Polygon,21,2114.4,2775.7,2126.15,2777.75,2138.9,2784.9,2151.1,2799.7,2157.25,2817.05,2159.8,2834.4,2159.8,2850.7,2154.2,2870.1,2141.45,2884.9,2124.6,2893.6,2101.15,2897.15,2081.25,2894.6,2067.45,2888.5,2051.6,2873.15,2041.45,2858.35,2037.35,2842.05,2038.9,2824.7,2049.05,2812.95,2063.4,2796.65,2076.15,2786.95,2096.05,2778.75
3-212,Uninfected,No_comment,Polygon,19,2052.65,2636.95,2064.4,2637.95,2078.7,2642.55,2092.45,2658.85,2095.55,2672.15,2097.55,2689.5,2098.6,2710.9,2097.55,2729.8,2091.95,2749.2,2076.15,2764.5,2053.7,2768.55,2033.8,2763.45,2016.95,2748.65,2008.3,2730.3,2004.7,2715.5,2004.7,2688.95,2010.3,2668.55,2025.1,2650.2,2038.4,2641
3-213,Uninfected,No_comment,Polygon,19,2080.75,2510.95,2091.9,2509.9,2107.8,2510.95,2124.55,2513.45,2137.3,2522.1,2149.55,2540.5,2154.65,2561.4,2154.15,2580.3,2145.55,2601.7,2132.25,2616,2110.8,2626.7,2089.9,2627.75,2062.85,2620.1,2049.6,2607.85,2037.8,2587.95,2036.35,2561.4,2043.5,2534.35,2055.2,2523.15,2066.95,2516
3-214,Uninfected,No_comment,Polygon,20,2251.7,2369.1,2266.5,2369.55,2283.85,2376.25,2298.15,2387.5,2303.25,2402.75,2305.8,2429.25,2302.7,2453.75,2298.65,2475.2,2286.9,2491.05,2266.5,2500.75,2240.45,2507.35,2221.6,2505.85,2203.75,2493.6,2192.5,2478.3,2186.4,2458.85,2185.95,2434.95,2192.5,2409.95,2207.8,2392,2220.6,2380.3,2230.85,2373.7
3-215,Uninfected,No_comment,Polygon,21,2381.8,2372.1,2403.8,2375.25,2419.55,2382.4,2437.5,2398.7,2447.65,2414.45,2451.25,2432.85,2443.05,2460.4,2433.35,2477.3,2415.5,2493.05,2397.7,2505.85,2380.3,2512.45,2358.35,2509.9,2334.85,2497.2,2324.2,2485.95,2316,2461.95,2317,2443.6,2318.55,2425.2,2327.8,2400.7,2341,2386.45,2354.75,2376.7,2367.55,2372.7
3-216,Uninfected,No_comment,Polygon,19,2471.6,2485.4,2480.3,2486.4,2495.6,2498.2,2509.35,2509.45,2521.6,2520.65,2529.25,2535.4,2532.35,2554.8,2523.65,2574.25,2507.35,2590.55,2483.35,2600.7,2456.8,2603.25,2432.85,2597.65,2415.05,2587,2403.25,2569.6,2399.65,2550.2,2402.2,2527.25,2415.5,2507.35,2434.95,2493.05,2453.75,2485.4
3-217,Uninfected,No_comment,Polygon,19,3194.6,2782.85,3210.95,2786.95,3227.25,2796.1,3240.55,2812.95,3248.7,2831.85,3251.75,2854.3,3249.2,2876.2,3241.55,2892.05,3229.3,2909.4,3209.9,2921.1,3182.9,2922.15,3158.4,2914,3137.45,2890,3129.8,2871.65,3128.8,2840.5,3135.95,2808.35,3153.8,2788.45,3171.15,2781.85,3182.9,2780.3
3-218,Uninfected,No_comment,Polygon,23,3315.05,2855.8,3333.4,2861.4,3349.2,2869.1,3362.5,2882.35,3372.2,2893.05,3380.35,2910.9,3380.85,2928.25,3377.8,2944.1,3373.7,2956.35,3363.5,2968.05,3345.65,2974.7,3332.4,2982.85,3315.55,2984.9,3299.75,2985.9,3289,2979.8,3269.1,2972.15,3252.8,2966,3239.5,2946.65,3239.5,2923.65,3252.25,2893.05,3267.6,2871.1,3282.4,2859.9,3295.65,2856.85
3-219,Uninfected,No_comment,Polygon,18,1899.45,2760.75,1920.9,2769.15,1933.5,2782.25,1942.9,2802.65,1946.05,2825.75,1942.9,2842.95,1929.8,2862.35,1907.85,2874.4,1884.8,2881.2,1860.7,2880.15,1838.7,2869.15,1830.85,2854.5,1826.7,2835.65,1826.7,2807.9,1840.3,2783.3,1858.1,2768.1,1875.35,2760.75,1889,2759.7
3-220,Uninfected,No_comment,Polygon,18,1898.7,2485.55,1909.7,2495.6,1919.75,2508.35,1926.1,2529.4,1925.7,2548.55,1918.4,2571.4,1899.65,2592.85,1872.65,2602,1857.15,2601.55,1838.4,2596.95,1822.05,2585.1,1813.35,2564.55,1813.35,2538.5,1820.65,2516.6,1834.75,2495.6,1853.95,2483.7,1874.5,2480.05,1889.15,2480.5
3-221,Uninfected,No_comment,Polygon,21,1902.4,2332.55,1922.9,2336.1,1940.15,2345.3,1947.9,2355.35,1954.4,2372.3,1955.3,2392.35,1953.4,2417.85,1948.4,2439.35,1933.85,2454.45,1914.2,2464.45,1891.45,2467.15,1871.9,2463.1,1847.65,2451.7,1835.25,2432.55,1829.75,2411.95,1828.9,2389.1,1831.15,2370.85,1837.65,2352.1,1852.65,2341.2,1871.9,2333.85,1885,2331.25
3-222,Uninfected,No_comment,Polygon,22,1750.05,2052.45,1762.2,2054.9,1776.75,2064.1,1787.4,2080.1,1792.75,2094.2,1795.2,2110.2,1794.2,2127.7,1786.95,2142.75,1780.65,2157.3,1773.35,2173.35,1766.55,2186.9,1752,2194.7,1735.95,2196.15,1714.1,2193.25,1700.05,2186.9,1692.25,2164.6,1687.95,2138.85,1684,2125.25,1682.55,2096.65,1696.2,2068.95,1713.65,2052.95,1730.15,2050
3-223,Uninfected,No_comment,Polygon,21,1855.85,2111.2,1877.7,2115.05,1896.65,2124.8,1908.3,2137.4,1918,2151.5,1921.9,2167.5,1922.4,2186.45,1914.1,2208.3,1897.6,2221.4,1878.7,2232.55,1862.65,2240.8,1839.35,2245.65,1817.5,2242.75,1799.55,2232.05,1788.9,2218,1779.7,2201.5,1783.05,2177.7,1790.35,2153.9,1801.5,2133.5,1816.55,2120.4,1832.55,2111.7
3-224,Uninfected,No_comment,Polygon,21,1727.25,2208.75,1737.95,2207.8,1754.9,2209.25,1771.9,2213.6,1787.4,2230.15,1796.65,2241.8,1803,2257.8,1802,2280.15,1792.3,2295.65,1778.2,2310.7,1753.45,2319.45,1736.95,2322.35,1718.95,2318.5,1702.05,2309.25,1686.45,2299.05,1672.35,2284.5,1669.5,2266.55,1672.35,2241.8,1684,2218.45,1700.55,2210.7,1713.15,2208.75
3-225,Uninfected,No_comment,Polygon,21,1516.55,2188.85,1528.7,2188.85,1548.65,2197.6,1564.6,2211.2,1576.75,2226.25,1582.1,2245.65,1577.75,2269.45,1565.1,2291.8,1546.15,2303.9,1528.7,2308.3,1508.3,2310.2,1486.45,2304.4,1465.55,2293.7,1451.5,2281.6,1442.25,2263.15,1441.85,2242.75,1444.7,2218,1455.85,2202.95,1472.35,2191.75,1490.8,2187.4,1499.55,2187.4
3-226,Uninfected,No_comment,Polygon,20,1616.55,2104.4,1625.35,2102.95,1643.25,2104.4,1657.3,2111.7,1667.1,2122.85,1676.3,2138.85,1682.55,2156.8,1681.6,2182.05,1675.35,2201.5,1657.3,2218.95,1642.25,2226.75,1611.7,2228.65,1589.35,2220.4,1577.2,2208.75,1568,2193.7,1562.15,2180.6,1560.7,2157.8,1569.5,2136.45,1581.15,2119.45,1598.65,2109.25
3-227,Uninfected,No_comment,Polygon,27,1935.95,2054.85,1947.6,2053.4,1966.05,2055.85,1979.15,2060.7,1993.7,2071.35,2008.25,2083.5,2018.45,2089.35,2019.9,2103.85,2018.95,2121.35,2011.2,2138.85,1998.55,2151,1979.15,2163.1,1962.65,2166.05,1945.65,2165.55,1934,2157.25,1923.3,2140.3,1917,2129.6,1901.95,2116.45,1887.85,2110.7,1875.25,2107.25,1867,2097.6,1862.65,2078.1,1866.05,2067.5,1878.15,2057.25,1893.7,2051.95,1910.7,2051.95,1923.3,2054.4
3-228,Uninfected,No_comment,Polygon,22,1381,2091.3,1397.85,2095.1,1420.65,2104.9,1432.6,2123.9,1439.7,2138.6,1442.95,2158.15,1442.4,2178.8,1435.9,2200.55,1425.55,2213.05,1408.7,2217.9,1391.85,2214.1,1372.85,2200.55,1357.05,2190.2,1340.15,2191.5,1326.65,2190.75,1311.4,2183.7,1300,2164.65,1300,2142.4,1304.35,2120.1,1321.75,2100.55,1341.85,2092.4,1361.4,2089.1
3-229,Uninfected,No_comment,Polygon,23,2157.85,1526.4,2173.9,1530.75,2188.5,1536.6,2200.9,1543.9,2208.95,1562.9,2207.45,1584.05,2195.05,1597.95,2173.15,1614.7,2152,1629.3,2122.8,1637.35,2095.8,1631.5,2073.9,1622,2048.35,1605.25,2032.25,1592.8,2019.15,1574.55,2016.95,1564.35,2026.45,1562.15,2049.8,1562.15,2075.35,1558.5,2094.3,1551.2,2114.75,1540.25,2128.65,1531.5,2138.85,1526.4
3-230,Uninfected,No_comment,Polygon,20,2569.55,1247.6,2587.1,1255.6,2600.3,1264.35,2610.45,1276.8,2617,1296.5,2619.25,1315.45,2617,1339.55,2611.95,1351.95,2593,1370.2,2572.5,1375.35,2550.6,1370.2,2530.95,1356.3,2517.75,1338.05,2506.8,1322.05,2500.2,1298.7,2499.5,1277.5,2508.3,1257.05,2523.6,1247.6,2539.65,1243.15,2553.55,1243.95
3-231,Uninfected,No_comment,Polygon,27,2521.4,1360.75,2539.65,1370.2,2550.6,1384.1,2549.9,1400.9,2539.65,1419.15,2524.35,1431.55,2501,1442.5,2481.95,1443.2,2454.25,1440.25,2438.95,1426.45,2427.2,1401.6,2418.5,1378.2,2419.2,1351.25,2426.5,1328.6,2438.95,1313.3,2446.95,1303.05,2453.55,1291.4,2459.35,1277.5,2464.5,1273.85,2476.9,1276,2482.75,1278.25,2490.75,1284.1,2492.9,1297.9,2493.7,1312.5,2499.5,1329.35,2511.95,1344.65,2514.8,1351.95
3-232,Uninfected,No_comment,Polygon,19,3211.7,1828.45,3224.55,1831.2,3240.15,1839.3,3250.9,1852.1,3261.1,1870.35,3262.45,1889.95,3258.4,1914.3,3246.85,1931.85,3224.55,1945.35,3202.25,1948.75,3171.9,1942,3157.65,1929.85,3141.45,1906.85,3138.05,1887.25,3141.45,1864.95,3152.25,1846.7,3165.1,1833.2,3180.65,1827.8,3193.5,1826.45
3-233,Uninfected,No_comment,Polygon,20,3075.95,1763.6,3090.1,1770.35,3102.95,1780.5,3111.7,1798.05,3115.75,1812.95,3111.7,1839.95,3104.95,1854.15,3090.1,1870.35,3071.85,1875.75,3055.65,1879.15,3034,1874.4,3017.1,1864.95,3006.35,1848.75,2994.8,1831.2,2994.8,1813.6,2998.2,1790.65,3014.4,1774.4,3031.35,1764.3,3051.55,1759.55,3062.4,1759.55
3-234,Uninfected,No_comment,Polygon,20,2988.75,1664.25,3007,1666.95,3026.55,1679.15,3035.35,1691.3,3040.75,1706.15,3041.45,1723.75,3036.7,1739.3,3025.9,1752.1,3010.35,1762.95,2997.5,1772.4,2981.95,1777.8,2959.05,1771.05,2946.15,1762.25,2929.25,1752.8,2918.45,1735.2,2915.8,1714.95,2921.15,1694.7,2931.95,1679.8,2949.55,1671.7,2964.4,1666.95
3-235,Uninfected,No_comment,Polygon,19,2790.75,1612.25,2798.2,1612.25,2817.1,1620.35,2825.9,1630.5,2836,1646.7,2840.05,1665.6,2834.65,1691.3,2821.85,1709.55,2798.2,1722.4,2770.45,1725.1,2752.95,1723.05,2738.05,1713.6,2730.65,1702.1,2723.85,1677.1,2723.85,1659.55,2734.65,1636.55,2750.9,1621.7,2765.75,1613.6,2775.9,1612.25
3-236,Uninfected,No_comment,Polygon,20,3679.95,965.45,3694.5,964.8,3711.05,966.15,3728.95,980.65,3735.85,999.25,3738.6,1019.25,3734.5,1042.7,3724.15,1064.8,3705.5,1081.35,3684.8,1088.9,3662.75,1091.7,3637.25,1085.45,3619.95,1072.35,3608.95,1053.05,3606.2,1031,3608.25,1011.7,3618.6,993.75,3634.5,980.65,3650.35,970.3,3665.5,966.15
3-237,Uninfected,No_comment,Polygon,18,3995.15,794.45,4013.1,797.2,4034.5,811,4042.75,826.85,4046.2,844.1,4047.6,868.9,4041.35,893.75,4030.35,909.6,4008.95,922,3978.6,926.85,3946.9,919.25,3924.15,901.35,3915.15,874.45,3914.5,851,3921.35,826.85,3933.1,806.85,3957.25,795.15,3973.8,793.75
3-238,Uninfected,No_comment,Polygon,19,4212.95,792.5,4236.85,793.1,4253.85,802.55,4266.4,815.7,4271.45,833.35,4270.8,855.4,4261.4,874.9,4251.95,894.4,4238.75,908.85,4215.45,915.15,4192.8,917.6,4170.8,913.2,4155.7,903.8,4138.1,881.15,4136.2,858.5,4145,830.8,4160.1,813.85,4171.45,803.75,4192.8,795
3-239,Uninfected,No_comment,Polygon,20,4051.3,1070.5,4064.5,1073,4080.25,1082.45,4099.1,1093.75,4107.25,1112,4107.25,1128.35,4104.15,1152.9,4092.8,1174.9,4077.1,1189.95,4053.2,1200.05,4029.3,1203.2,4004.75,1195.65,3990.3,1179.95,3981.45,1162.95,3974.55,1142.85,3974.55,1120.8,3983.35,1103.15,3995.95,1088.1,4017.35,1072.4,4031.8,1069.85
3-240,Uninfected,No_comment,Polygon,20,4134.3,966.1,4153.8,969.85,4168.9,979.9,4179.6,994.4,4192.2,1017.65,4194.05,1042.2,4185.25,1068,4172.05,1082.45,4149.4,1093.75,4131.8,1094.35,4112.3,1087.5,4094.05,1076.8,4084,1066.7,4072.7,1054.75,4067,1038.4,4066.4,1017.65,4074.55,993.75,4090.9,978.65,4109.15,968.55,4117.35,966.1
3-241,Uninfected,No_comment,Polygon,18,4220.5,926.4,4231.15,926.4,4247.4,929,4255.1,935.25,4265.8,952.85,4273.9,972.95,4275.15,991.25,4266.35,1010.1,4255.65,1021.45,4235.6,1024.55,4219.9,1020.75,4205.4,1008.75,4193.45,991.25,4184,976.75,4178.4,957.85,4181.5,942.2,4192.2,933.4,4205.4,928.95
3-242,Uninfected,No_comment,Polygon,21,4134.95,1551.7,4145,1550.45,4160.75,1555.5,4174.6,1565.55,4186.55,1576.85,4197.25,1590.7,4198.5,1607.05,4195.95,1630.95,4184,1654.25,4163.25,1670.6,4141.25,1676.85,4111.05,1673.1,4092.8,1661.15,4080.25,1649.2,4073.95,1632.2,4073.3,1616.5,4076.45,1591.95,4085.25,1571.85,4099.1,1559.25,4111.7,1555.5,4121.1,1553.6
3-243,Uninfected,No_comment,Polygon,22,4289.05,1390.05,4299.75,1389.4,4323.65,1394.45,4333.7,1400.1,4340.65,1408.9,4341.9,1424,4341.9,1439.1,4334.35,1452.3,4324.3,1461.75,4318,1473.1,4308.55,1485.65,4294.1,1497,4277.1,1501.4,4262,1496.35,4240,1482.5,4229.3,1466.8,4224.25,1446.65,4227.4,1429.05,4235.6,1414.6,4247.55,1403.25,4262,1393.2,4269.55,1390.7
3-244,Uninfected,No_comment,Polygon,22,4369.55,1451.05,4385.95,1453.6,4396,1456.1,4409.2,1461.15,4418,1468.05,4424.9,1476.85,4431.2,1488.8,4431.2,1510.8,4426.8,1525.3,4416.75,1544.8,4401.65,1557.35,4379.65,1568.7,4359.5,1569.95,4340,1566.15,4322.4,1552.35,4307.95,1530.3,4304.15,1515.85,4309.8,1497.6,4318.6,1482.5,4331.85,1468.65,4346.95,1454.85,4357,1451.05
3-245,Uninfected,No_comment,Polygon,21,1606.4,2385.8,1619.5,2387.7,1641.4,2397.7,1651.4,2413.95,1657.65,2425.2,1662,2444.55,1657,2465.2,1653.25,2482.7,1638.9,2497.7,1610.15,2509.6,1588.9,2518.35,1568.25,2521.45,1548.9,2518.35,1528.25,2505.2,1518.9,2489.6,1518.9,2467.7,1528.9,2438.95,1539.5,2417.05,1550.15,2401.45,1568.9,2388.3,1586.4,2385.2
3-246,Uninfected,No_comment,Polygon,22,1632,2517.1,1646.4,2512.7,1665.75,2513.35,1686.4,2522.1,1697,2535.85,1701.4,2561.45,1700.75,2576.45,1694.5,2596.45,1682.65,2613.35,1667,2620.2,1648.25,2622.7,1631.4,2622.7,1613.9,2625.85,1600.75,2627.7,1579.5,2620.2,1565.75,2608.95,1557.65,2591.45,1557,2570.2,1562,2552.1,1577,2536.45,1598.9,2528.95,1611.4,2524.6
3-247,Uninfected,No_comment,Polygon,22,1478.25,2345.2,1500.75,2349.55,1512.6,2355.2,1522.65,2367.05,1528.9,2382.7,1528.25,2401.45,1523.9,2418.3,1517.65,2432.05,1510.75,2447.7,1503.85,2461.45,1490.1,2476.45,1472,2478.95,1455.1,2477.7,1439.5,2469.55,1422.6,2450.8,1415.1,2434.55,1414.5,2413.3,1418.85,2393.3,1428.25,2372.7,1439.5,2360.2,1452,2350.2,1463.85,2346.45
3-248,Uninfected,No_comment,Polygon,20,3966.35,1813.25,3978.85,1814.8,3995.2,1824.15,4010.1,1841.35,4021,1857,4025.7,1876.5,4021,1905.4,4005.35,1929.65,3988.2,1943.7,3964.75,1954.65,3928.85,1958.55,3902.25,1953.1,3882.7,1939,3867.9,1917.9,3862.35,1896.05,3863.95,1864,3873.35,1839.8,3893.65,1821.85,3915.55,1812.45,3940.55,1810.9
3-249,Uninfected,No_comment,Polygon,17,4147.5,1795.25,4162.4,1798.4,4181.15,1803.85,4199.1,1821.05,4210.85,1847.6,4207.75,1872.6,4197.5,1897.6,4172.5,1919.5,4148.35,1927.3,4120.25,1927.3,4096,1916.35,4075.7,1886.65,4071,1853.85,4078.85,1827.3,4090.55,1810.1,4109.3,1801.5,4118.65,1796.85
3-250,Uninfected,No_comment,Polygon,17,4268.65,1717.9,4281.15,1717.9,4303.05,1718.7,4328.75,1727.3,4340.55,1739.8,4346,1766.35,4341.25,1784.35,4317.85,1805.4,4298.35,1815.6,4269.45,1825.75,4239,1832,4214.75,1820.25,4201.5,1795.25,4198.35,1770.25,4206.95,1745.25,4224.9,1728.85,4237.4,1721.85
3-251,Uninfected,No_comment,Polygon,18,4274.9,1841.35,4292.85,1832.75,4315.55,1822.6,4335.85,1817.15,4351.5,1816.35,4373.35,1830.4,4382.75,1848.4,4384.3,1868.7,4378.75,1891.35,4368.65,1913.25,4349.9,1932,4323.35,1945.25,4303.05,1947.6,4276.5,1939.8,4256.95,1925.75,4242.1,1908.55,4235,1878.85,4248.35,1856.2
3-252,Uninfected,No_comment,Polygon,19,1549.25,1121.35,1561.35,1124.95,1579.25,1134.25,1593.5,1153.5,1601.35,1179.25,1601.35,1197.1,1592.1,1224.25,1579.25,1235.65,1554.25,1249.95,1524.95,1255.65,1501.35,1249.95,1478.5,1236.35,1467.1,1214.25,1464.25,1194.25,1464.25,1164.95,1473.5,1144.95,1492.8,1127.8,1510.65,1119.25,1532.1,1118.5
3-253,Uninfected,No_comment,Polygon,18,1247.1,1097.1,1264.25,1093.5,1288.5,1095.65,1309.95,1106.35,1319.95,1121.35,1327.8,1139.95,1333.5,1163.5,1328.5,1185.65,1319.25,1207.8,1302.1,1221.35,1276.35,1227.1,1252.1,1222.8,1229.95,1209.95,1216.35,1190.65,1210.65,1166.35,1210.65,1141.35,1216.35,1121.35,1229.95,1104.25
3-254,Uninfected,No_comment,Polygon,25,2163.3,1803,2169.4,1796.15,2183.1,1784.7,2196.85,1780.9,2210.65,1783.15,2219.75,1791.55,2226.65,1808.35,2237.3,1828.2,2246.5,1838.15,2260.2,1848.8,2264.85,1861.05,2254.9,1877.8,2245.7,1888.5,2235.85,1900.75,2225.85,1907.6,2212.15,1904.55,2199.2,1895.4,2189.25,1885.45,2172.45,1882.4,2159.45,1878.6,2145.7,1863.3,2140.4,1848.8,2140.4,1829.75,2145,1815.25,2150.35,1809.1