219,5312,2988
3-1,White_Blood_Cell,No_comment,Polygon,21,2788.25,1725.1,2790.25,1762.15,2803.25,1789.15,2837.2,1811.15,2874.2,1823.15,2904.25,1824.15,2938.25,1817.15,2967.25,1790.15,2989.25,1760.15,2999.25,1731.1,2992.25,1682.1,2982.25,1651.1,2956.25,1622.1,2913.25,1603.1,2882.2,1595.1,2853.2,1605.1,2834.2,1628.1,2814.2,1661.1,2815.2,1680.1,2813.2,1695.1,2800.25,1709.1
3-2,Uninfected,No_comment,Polygon,14,3461.8,1467.75,3437.55,1461.7,3409.65,1456.85,3383,1424.2,3379.35,1399.95,3389.05,1369.65,3413.3,1346.55,3440,1339.35,3473.9,1345.35,3492.1,1364.8,3506.65,1402.3,3506.65,1430.2,3492.1,1449.65,3475.15,1461.7
3-3,Uninfected,No_comment,Polygon,11,3601.2,1431.4,3576.95,1426.55,3552.7,1418.05,3534.5,1389.05,3540.6,1351.4,3561.2,1328.45,3595.15,1317.45,3633.9,1339.35,3649.65,1364.8,3638.75,1395.05,3625.45,1425.35
3-4,Uninfected,No_comment,Polygon,46,3699.35,1407.15,3687.25,1401.1,3680,1395.05,3673.9,1389.05,3663,1382.9,3667.85,1370.8,3669.05,1363.6,3670.3,1352.6,3670.3,1351.4,3667.85,1340.5,3667.85,1327.15,3673.9,1322.3,3682.4,1316.25,3692.1,1316.25,3692.1,1299.35,3694.5,1298.05,3710.3,1298.05,3705.45,1299.35,3710.3,1304.2,3710.3,1305.35,3716.35,1302.9,3716.35,1298.05,3722.4,1296.85,3729.65,1296.85,3734.5,1302.9,3734.45,1302.9,3735.75,1305.35,3752.7,1309.05,3752.7,1309.05,3752.7,1315.05,3755.15,1321.1,3753.9,1327.15,3753.9,1328.45,3758.75,1333.2,3770.9,1335.65,3764.8,1345.35,3764.8,1352.6,3764.8,1363.6,3764.8,1369.65,3764.8,1369.65,3764.8,1375.65,3764.8,1381.7,3753.9,1384.2,3752.7,1384.2,3746.65,1396.25,3746.65,1408.45
3-5,Uninfected,No_comment,Polygon,13,3819.35,1304.2,3784.2,1293.2,3764.8,1273.9,3759.95,1248.45,3779.35,1220.5,3809.65,1208.45,3843.6,1213.3,3870.3,1231.4,3886.05,1249.65,3888.45,1272.6,3886.05,1284.8,3861.8,1298.05,3850.9,1309.05
3-6,Uninfected,No_comment,Polygon,12,3970.9,1322.3,3940.6,1315.05,3916.35,1287.15,3911.5,1266.55,3924.8,1236.25,3946.65,1220.5,3976.95,1213.3,4001.2,1224.2,4025.45,1243.6,4031.5,1275.05,4025.45,1298.05,4008.45,1316.25
3-7,Uninfected,No_comment,Polygon,14,3886.05,1195.05,3858.15,1195.05,3837.55,1190.2,3814.5,1181.7,3808.45,1158.75,3807.25,1134.5,3825.45,1116.25,3849.65,1099.35,3879.95,1098.05,3906.65,1096.85,3934.5,1128.45,3928.45,1152.6,3922.4,1175.65,3906.65,1182.9
3-8,Uninfected,No_comment,Polygon,15,3801.2,1187.75,3825.45,1175.7,3837.55,1152.6,3837.55,1139.35,3831.5,1116.25,3819.35,1110.2,3796.35,1093.3,3778.15,1085.95,3758.75,1085.95,3734.5,1092,3717.55,1109.05,3710.3,1128.45,3716.35,1157.45,3740.6,1181.7,3770.9,1190.2
3-9,Uninfected,No_comment,Polygon,14,3631.5,1218.05,3607.25,1231.4,3570.9,1232.6,3546.65,1219.35,3529.65,1193.9,3528.45,1159.9,3543,1128.45,3566.05,1111.4,3595.15,1109.05,3613.3,1110.2,3632.7,1128.45,3643.6,1147.75,3646.05,1175.65,3643.6,1205.95
3-10,Uninfected,No_comment,Polygon,14,3989.8,944.7,4019,944.7,4031.7,951.05,4050.75,963.75,4057.1,984.15,4063.45,1004.45,4063.45,1015.8,4052,1034.85,4038.05,1041.2,4001.25,1041.2,3961.85,1041.2,3949.15,1017.15,3942.8,989.15,3958.05,965.1
3-11,Uninfected,No_comment,Polygon,14,3853.95,1078.1,3817.1,1072.95,3803.15,1066.6,3784.1,1046.3,3784.1,1022.15,3793,984.15,3822.2,963.75,3853.95,957.4,3879.3,970.1,3904.7,985.4,3911.05,1010.8,3911.05,1041.2,3898.35,1060.25,3892,1071.75
3-12,Uninfected,No_comment,Polygon,11,3677.4,1034.85,3644.4,1027.25,3620.3,995.5,3625.35,958.75,3657.1,934.55,3688.85,927,3714.25,938.35,3733.3,958.75,3739.65,977.8,3726.95,1010.8,3709.15,1033.6
3-13,Uninfected,No_comment,Polygon,12,3473,1047.55,3434.9,1028.5,3428.55,998.1,3434.9,970.1,3450.1,953.6,3479.35,939.7,3498.4,939.7,3523.75,952.4,3531.4,984.15,3532.65,1015.8,3517.4,1039.95,3499.65,1047.55
3-14,Uninfected,No_comment,Polygon,12,3354.9,1192.4,3328.2,1192.4,3310.45,1182.15,3295.2,1161.85,3290.1,1128.9,3301.55,1104.7,3326.95,1084.45,3358.7,1084.45,3390.45,1098.35,3403.15,1123.75,3403.15,1155.5,3390.45,1180.9
3-15,Uninfected,No_comment,Polygon,18,3309.15,1085.65,3295.2,1085.65,3266,1074.3,3250.75,1053.9,3253.3,1027.25,3263.45,1014.55,3276.15,996.85,3295.2,984.15,3309.15,979,3339.65,977.8,3366.3,991.75,3371.4,989.15,3377.75,990.5,3385.35,1008.2,3390.45,1028.5,3377.75,1053.9,3353.6,1067.95,3333.3,1074.3
3-16,Uninfected,No_comment,Polygon,13,3201.25,1015.8,3163.15,996.85,3149.15,971.45,3149.15,944.7,3161.85,912.95,3180.9,893.9,3212.65,893.9,3234.25,895.25,3257.1,915.5,3264.75,938.35,3264.75,970.1,3245.7,996.85,3220.3,1010.8
3-17,Uninfected,No_comment,Polygon,14,3079.35,976.45,3043.8,963.75,3022.2,938.35,3015.85,912.95,3022.2,893.9,3034.9,868.5,3069.15,858.35,3104.75,863.5,3130.1,882.55,3136.45,920.65,3118.7,952.4,3117.45,957.4,3117.45,965.1,3100.9,972.65
3-18,Uninfected,No_comment,Polygon,21,3142.8,1053.9,3130.1,1059.05,3106,1061.6,3079.35,1066.6,3047.6,1066.6,3028.55,1053.9,3003.15,1039.95,2979,1028.5,2958.7,1015.8,2946,1001.85,2946,991.75,2979,991.75,2999.35,991.75,3017.1,990.5,3034.9,990.5,3050.15,990.5,3066.65,995.5,3092.05,1003.2,3111.1,1020.9,3130.1,1033.6,3142.8,1046.3
3-19,Uninfected,No_comment,Polygon,20,2954.9,1010.7,2973.95,1003.2,2985.35,998.05,2990.45,989.15,2977.75,982.8,2961.25,958.75,2940.9,947.25,2923.15,944.7,2901.55,939.7,2882.5,938.35,2863.45,938.35,2850.75,938.35,2839.35,938.35,2839.35,944.7,2845.7,971.45,2858.4,995.5,2876.15,1022.15,2904.1,1039.95,2926.95,1039.95,2952.35,1027.25
3-20,Uninfected,No_comment,Polygon,11,2700.9,1136.45,2644.35,1142.55,2622.2,1141.6,2596.8,1136.45,2585.35,1130.1,2539.65,1093.35,2542.2,1084.45,2603.15,1074.3,2636.15,1084.45,2667.9,1097.15,2681.85,1104.7
3-21,Uninfected,No_comment,Polygon,23,2723.8,1239.3,2694.55,1239.3,2679.35,1231.75,2679.35,1225.4,2666.65,1224.15,2656.5,1213.9,2653.95,1211.45,2648.85,1187.25,2660.3,1168.2,2666.65,1160.65,2685.7,1155.5,2704.75,1154.3,2723.8,1142.8,2736.5,1141.6,2750.45,1142.8,2768.2,1155.5,2769.5,1173.35,2769.5,1186.05,2769.5,1198.75,2768.2,1205.1,2764.4,1211.45,2761.85,1224.15,2750.45,1231.75
3-22,Uninfected,No_comment,Polygon,31,2819,1206.3,2813.95,1188.5,2802.5,1180.9,2802.5,1168.2,2812.65,1155.5,2812.65,1147.95,2821.55,1131.45,2827.9,1128.9,2838.05,1117.4,2838.05,1112.4,2850.75,1118.75,2853.3,1118.75,2866,1116.2,2876.15,1116.2,2882.5,1123.75,2895.2,1130.1,2904.1,1136.45,2904.1,1142.8,2904.1,1154.3,2910.45,1155.5,2914.25,1167,2901.55,1173.35,2901.55,1187.25,2901.55,1201.2,2891.4,1206.3,2885.05,1207.55,2882.5,1212.7,2863.45,1224.15,2844.4,1220.25,2834.25,1211.45,2825.35,1211.45
3-23,Uninfected,No_comment,Polygon,11,2986.65,1182.15,2946,1168.2,2933.3,1144.15,2926.95,1116.2,2948.55,1084.45,2977.75,1078.1,3004.4,1078.1,3037.45,1099.7,3047.6,1136.45,3047.6,1154.3,3024.75,1173.35
3-24,Uninfected,No_comment,Polygon,13,3104.75,1238.1,3079.35,1219.05,3074.25,1192.4,3074.25,1161.85,3085.7,1141.6,3117.45,1125.1,3142.8,1117.4,3174.55,1128.9,3193.6,1142.8,3196.15,1174.55,3194.9,1206.3,3168.2,1231.75,3142.8,1239.3
3-25,Uninfected,No_comment,Polygon,17,3996.15,1130.1,3963.15,1141.6,3955.5,1130.1,3955.5,1099.7,3968.2,1072.95,3983.45,1066.6,3996.15,1071.75,4025.35,1066.6,4057.1,1065.4,4076.15,1078.1,4088.85,1098.35,4082.5,1123.75,4069.8,1147.95,4057.1,1155.5,4031.7,1161.85,4008.85,1156.85,4002.5,1142.8
3-26,Uninfected,No_comment,Polygon,13,4159.95,1243.1,4139.65,1250.8,4107.9,1250.8,4088.85,1230.5,4078.7,1192.4,4101.55,1160.65,4133.3,1147.95,4165.05,1149.15,4184.1,1156.85,4196.8,1174.55,4203.15,1193.6,4203.15,1211.45,4196.8,1232.95
3-27,Uninfected,No_comment,Polygon,16,4167.6,1385.4,4180.3,1365.1,4172.65,1351.05,4159.95,1338.35,4140.9,1334.55,4120.6,1333.35,4091.4,1327,4069.8,1334.55,4057.1,1351.05,4050.75,1365.1,4053.3,1396.75,4076.15,1415.8,4095.2,1428.5,4116.8,1428.5,4146,1422.15,4165.05,1414.55
3-28,Uninfected,No_comment,Polygon,16,4205.65,1377.8,4190.45,1371.45,4172.65,1358.75,4158.7,1349.85,4152.35,1334.55,4152.35,1319.3,4161.25,1283.75,4196.8,1268.5,4222.2,1263.5,4243.75,1276.2,4266.6,1296.45,4266.6,1321.85,4260.25,1357.4,4250.1,1376.45,4236.15,1391.75,4222.2,1395.5
3-29,Uninfected,No_comment,Polygon,13,3295.2,1365.1,3272.35,1352.4,3257.1,1333.35,3257.1,1306.6,3263.45,1276.2,3295.2,1268.5,3320.6,1262.15,3352.35,1274.85,3366.3,1307.95,3365.05,1327,3354.9,1352.4,3346,1365.1,3328.2,1370.1
3-30,Uninfected,No_comment,Polygon,15,3194.9,1382.8,3168.2,1377.8,3149.15,1370.1,3139,1353.6,3123.8,1344.7,3123.8,1319.3,3130.1,1295.25,3137.75,1287.55,3174.55,1281.2,3193.6,1281.2,3212.65,1290.1,3225.35,1312.95,3231.7,1327,3231.7,1352.4,3225.35,1370.1
3-31,Uninfected,No_comment,Polygon,18,3193.6,1484.45,3174.55,1480.65,3164.4,1490.8,3145.35,1497.15,3130.1,1497.15,3098.4,1490.8,3079.35,1466.6,3073,1447.55,3073,1404.45,3093.3,1395.5,3136.45,1384.05,3155.5,1385.4,3168.2,1398.1,3194.9,1404.45,3206.3,1408.2,3213.95,1427.25,3225.35,1447.55,3225.35,1459.05
3-32,Uninfected,No_comment,Polygon,16,2940.9,1522.55,2923.15,1530.1,2901.55,1536.45,2876.15,1544.05,2863.45,1541.6,2858.4,1523.75,2857.1,1504.7,2850.75,1485.65,2853.3,1452.7,2876.15,1433.65,2907.9,1427.25,2933.3,1427.25,2954.9,1453.9,2965.05,1478.1,2965.05,1498.35,2952.35,1517.4
3-33,Uninfected,No_comment,Polygon,18,2863.45,1598.75,2838.05,1600,2821.55,1593.65,2812.65,1580.9,2801.25,1568.2,2796.15,1554.3,2801.25,1530.1,2806.3,1506.05,2819,1490.8,2819,1490.8,2850.75,1497.15,2869.8,1492.05,2882.5,1495.9,2896.55,1508.6,2904.1,1523.8,2904.1,1542.8,2902.8,1556.75,2902.8,1580.9
3-34,Uninfected,No_comment,Polygon,18,2680.6,1639.3,2666.65,1631.75,2650.15,1625.4,2637.45,1611.35,2634.9,1601.2,2641.25,1586.05,2647.6,1579.7,2648.85,1568.2,2662.85,1544.05,2680.6,1536.45,2704.75,1536.45,2739,1547.95,2742.85,1563.1,2750.45,1587.3,2751.7,1598.75,2742.85,1625.4,2726.3,1639.3,2704.75,1643.1
3-35,Uninfected,No_comment,Polygon,21,2609.5,1644.45,2624.75,1630.4,2634.9,1619.05,2647.6,1606.3,2647.6,1592.3,2641.25,1574.55,2622.2,1561.85,2603.15,1554.3,2591.7,1550.4,2577.75,1549.15,2566.3,1549.15,2558.7,1560.65,2548.55,1567,2539.65,1575.8,2533.3,1598.75,2528.2,1606.35,2533.3,1624.05,2546,1644.45,2565.05,1657.15,2585.35,1662.15,2609.5,1650.8
3-36,Uninfected,No_comment,Polygon,19,2504.1,1561.85,2523.15,1567,2546,1568.2,2558.8,1567,2572.65,1553,2580.3,1547.95,2590.45,1541.6,2590.45,1531.45,2584.1,1523.75,2579,1512.4,2573.95,1503.5,2565.05,1484.45,2546,1478.1,2526.95,1471.75,2501.55,1478.1,2485.05,1492,2478.7,1504.7,2477.45,1522.55,2483.8,1542.8
3-37,Uninfected,No_comment,Polygon,13,2713.6,1509.85,2685.7,1504.7,2660.3,1484.45,2648.85,1447.55,2660.3,1427.25,2679.35,1410.8,2713.6,1409.45,2739,1415.8,2755.5,1427.25,2761.85,1447.55,2768.2,1467.95,2763.15,1492,2749.2,1504.7
3-38,Uninfected,No_comment,Polygon,14,3970.75,1535.25,3945.35,1536.45,3917.4,1522.55,3898.35,1490.8,3904.7,1453.9,3919.95,1434.85,3949.15,1427.25,3980.9,1427.25,4012.65,1447.55,4021.55,1471.75,4025.35,1498.35,4019,1516.2,4008.85,1525.1,3996.15,1530.1
3-39,Uninfected,No_comment,Polygon,21,4167.6,1574.55,4139.65,1563.1,4116.8,1547.95,4107.9,1525.1,4101.55,1504.7,4109.15,1479.3,4128.2,1452.7,4152.35,1441.2,4165.05,1440,4190.45,1441.2,4203.15,1448.9,4209.5,1460.25,4212,1479.3,4209.5,1492,4204.4,1509.85,4191.7,1518.75,4184.1,1535.25,4184.1,1544.05,4184.1,1550.4,4184.1,1568.2,4177.75,1573.35
3-40,Uninfected,No_comment,Polygon,15,4228.55,1479.3,4223.45,1498.35,4209.5,1523.75,4205.65,1541.6,4203.15,1561.85,4209.5,1587.3,4223.45,1605.1,4255.2,1611.35,4274.25,1605.1,4298.35,1587.3,4304.7,1561.85,4304.7,1542.8,4294.55,1523.75,4279.3,1504.7,4260.25,1497.15
3-41,Uninfected,No_comment,Polygon,36,2780.9,1365.1,2761.85,1358.75,2749.2,1357.4,2742.85,1346.05,2737.75,1339.7,2736.5,1332,2730.15,1312.95,2736.5,1306.6,2736.5,1295.25,2737.75,1287.55,2744.1,1268.5,2755.5,1268.5,2758.05,1250.8,2768.2,1249.45,2770.75,1249.45,2780.9,1239.3,2793.6,1236.75,2801.25,1238.1,2819,1249.45,2825.35,1249.45,2825.35,1258.35,2838.05,1269.85,2839.35,1281.2,2839.35,1282.55,2850.75,1287.55,2853.3,1300.25,2844.4,1301.6,2844.4,1307.95,2844.4,1315.5,2844.4,1328.2,2838.05,1338.35,2833,1344.7,2825.35,1351.05,2819,1353.6,2806.3,1357.4,2796.15,1370.1
3-42,Uninfected,No_comment,Polygon,22,2680.6,1371.45,2666.65,1370.1,2653.95,1366.35,2641.25,1357.4,2636.15,1347.25,2628.55,1333.35,2622.2,1332,2609.5,1321.85,2604.4,1296.45,2605.7,1268.5,2624.75,1250.8,2641.25,1243.1,2662.85,1243.1,2679.35,1255.8,2693.3,1268.5,2704.75,1276.2,2718.7,1281.2,2712.35,1312.95,2712.35,1314.3,2711.1,1332,2711.1,1352.4,2698.4,1360
3-43,Uninfected,No_comment,Polygon,25,2571.4,1447.55,2546,1441.2,2539.65,1433.65,2529.5,1415.8,2521.9,1409.45,2516.8,1396.75,2520.6,1385.4,2526.95,1372.7,2533.3,1360,2533.3,1351.05,2539.65,1344.7,2558.7,1327,2579,1327,2596.8,1332,2599.35,1346.05,2609.5,1353.6,2615.85,1360,2622.2,1372.7,2624.75,1385.4,2624.75,1401.85,2624.75,1414.55,2617.1,1427.25,2610.75,1433.65,2610.75,1434.85,2598.05,1441.2
3-44,Uninfected,No_comment,Polygon,21,3047.6,1668.5,3024.75,1663.5,3015.85,1649.45,3009.5,1638.1,2998.05,1624.05,2998.05,1605.1,2999.35,1587.3,3009.5,1575.8,3028.55,1568.2,3042.5,1563.1,3060.3,1560.65,3079.35,1561.85,3092.05,1569.45,3099.65,1580.9,3113.6,1594.85,3112.35,1607.55,3106,1624.05,3098.4,1643.1,3085.7,1650.8,3080.6,1657.15,3062.8,1668.5
3-45,Uninfected,No_comment,Polygon,24,2984.1,1645.65,2977.75,1631.75,2965.05,1619.05,2952.35,1613.9,2942.2,1606.35,2933.3,1606.35,2926.95,1605.1,2926.95,1586.05,2929.5,1567,2946,1547.95,2965.05,1535.25,2980.3,1530.1,2996.8,1530.1,3012.05,1541.6,3022.2,1550.4,3023.45,1560.65,3023.45,1563.1,3028.6,1573.25,3034.95,1587.25,3036.15,1601.2,3036.15,1618.95,3028.6,1630.4,3012.1,1639.3,2998.05,1645.65
3-46,Uninfected,No_comment,Polygon,16,3189.8,1624.05,3168.2,1619.05,3155.5,1606.35,3142.8,1592.4,3144.1,1550.4,3161.85,1517.4,3180.9,1506.05,3202.5,1504.7,3225.35,1506.05,3240.6,1530.1,3244.4,1537.7,3244.4,1560.65,3244.4,1579.7,3238.05,1600,3225.35,1620.25,3220.3,1625.4
3-47,Uninfected,No_comment,Polygon,19,3307.9,1644.45,3288.85,1638.1,3276.15,1631.75,3264.75,1619.05,3257.1,1601.2,3257.1,1579.7,3263.45,1560.65,3266,1547.95,3263.45,1535.25,3276.15,1536.45,3290.1,1530.1,3310.45,1528.9,3333.3,1531.45,3352.35,1549.15,3359.95,1561.85,3371.4,1588.5,3365.05,1612.7,3346,1630.4,3334.55,1638.1
3-48,Uninfected,No_comment,Polygon,15,3409.5,1598.75,3398.05,1586.05,3386.65,1567,3379,1549.15,3390.45,1535.25,3403.15,1504.7,3431.05,1503.5,3450.1,1506.05,3473,1516.2,3492.05,1530.1,3499.65,1554.3,3504.7,1580.9,3498.4,1611.35,3462.8,1617.7,3428.55,1611.35
3-49,Uninfected,No_comment,Polygon,21,3758.7,1579.7,3746,1598.75,3733.3,1612.7,3707.9,1605.1,3688.85,1588.5,3688.85,1575.8,3676.15,1568.2,3657.1,1560.65,3650.75,1547.95,3645.7,1516.2,3663.45,1490.8,3690.1,1474.3,3710.45,1474.3,3729.5,1478.1,3735.85,1487,3752.35,1492,3759.95,1498.35,3767.6,1504.7,3771.4,1525.1,3777.75,1544.05,3767.6,1567
3-50,Uninfected,No_comment,Polygon,22,3772.65,1631.75,3765.05,1624.05,3753.6,1611.35,3739.7,1600,3729.55,1593.65,3721.85,1594.95,3708,1600,3695.2,1606.35,3685.05,1619.05,3682.5,1630.4,3677.4,1638.1,3669.8,1650.8,3666,1663.5,3677.4,1677.4,3688.85,1701.6,3701.55,1714.3,3720.6,1714.3,3746,1715.5,3771.4,1709.15,3784.1,1696.45,3784.1,1674.85,3784.1,1650.8
3-51,Uninfected,No_comment,Polygon,19,3828.55,1663.5,3804.4,1655.8,3796.8,1638.1,3790.45,1625.4,3786.65,1612.7,3780.3,1592.4,3793,1560.65,3809.5,1536.45,3834.9,1530.1,3860.3,1530.1,3880.6,1541.6,3892,1549.15,3898.35,1579.7,3898.35,1598.75,3888.2,1611.35,3874.25,1625.4,3869.15,1638.1,3866.65,1645.65,3855.2,1662.15
3-52,Uninfected,No_comment,Polygon,17,4008.85,1671.05,3999.95,1688.9,3989.8,1700.25,3974.55,1712.95,3956.8,1714.3,3931.4,1714.3,3913.6,1707.95,3892,1695.25,3888.2,1681.2,3888.2,1662.15,3904.7,1639.3,3919.95,1625.4,3942.8,1611.35,3964.4,1611.35,3987.25,1617.7,4002.5,1630.4,4006.3,1644.45
3-53,Uninfected,No_comment,Polygon,20,4045.65,1706.6,4025.35,1695.25,4002.5,1688.9,3987.25,1693.8,3968.2,1695.15,3945.35,1696.35,3931.4,1701.5,3936.45,1712.85,3942.8,1720.65,3949.15,1751.05,3958.05,1765,3977.1,1779.05,3993.6,1790.4,4007.6,1798.1,4031.7,1801.85,4057.1,1801.85,4069.8,1776.45,4071.05,1765,4069.8,1757.4,4069.8,1734.6
3-54,Uninfected,No_comment,Polygon,15,4109.15,1693.9,4088.85,1688.9,4063.45,1681.2,4046.95,1657.15,4038.05,1644.45,4038.05,1619.05,4044.4,1593.65,4064.7,1574.55,4088.85,1569.45,4114.25,1574.55,4140.9,1586.05,4148.55,1611.35,4154.9,1636.75,4152.35,1657.15,4139.65,1681.2
3-55,Uninfected,No_comment,Polygon,16,4336.45,1796.75,4332.65,1814.6,4311.05,1833.65,4294.55,1841.2,4279.3,1840,4247.6,1828.5,4223.45,1814.6,4205.65,1796.75,4199.3,1771.35,4199.3,1752.4,4217.1,1738.35,4243.75,1720.65,4260.25,1720.65,4306,1744.7,4325.05,1758.65,4336.45,1782.8
3-56,Uninfected,No_comment,Polygon,16,4330.1,1973.35,4298.35,1967,4279.3,1947.95,4261.55,1930.1,4256.45,1909.85,4255.2,1879.3,4272.95,1853.9,4298.35,1846.35,4332.65,1847.55,4361.85,1855.25,4382.2,1874.3,4387.25,1892,4393.6,1917.4,4387.25,1936.45,4380.9,1961.9,4361.85,1969.45
3-57,Uninfected,No_comment,Polygon,16,3898.35,1785.4,3923.75,1796.75,3949.15,1822.15,3961.85,1840,3964.4,1855.25,3955.5,1871.75,3936.45,1885.65,3923.75,1892,3898.35,1897.15,3869.15,1897.15,3843.75,1890.8,3822.2,1872.95,3818.35,1827.3,3834.9,1801.85,3856.45,1785.4,3874.25,1784.05
3-58,Uninfected,No_comment,Polygon,14,3639.35,1815.8,3606.3,1815.8,3577.1,1785.4,3568.2,1758.65,3568.2,1727,3587.25,1702.8,3625.35,1687.55,3657.1,1700.25,3671.05,1712.95,3685.05,1733.35,3695.2,1752.4,3691.4,1770.1,3682.5,1784.05,3676.15,1808.2
3-59,Uninfected,No_comment,Polygon,19,3511.05,1871.75,3498.4,1865.4,3481.85,1853.9,3466.65,1853.9,3453.95,1840,3448.85,1820.95,3453.95,1798.1,3460.3,1782.8,3473,1770.1,3485.7,1757.4,3488.2,1753.65,3530.1,1763.75,3549.15,1772.7,3568.2,1789.15,3574.55,1810.8,3575.85,1827.3,3574.55,1847.55,3556.8,1878.1,3536.45,1878.1
3-60,Uninfected,No_comment,Polygon,19,3342.2,1885.65,3329.5,1880.65,3314.25,1872.95,3288.85,1867.95,3278.7,1846.35,3276.15,1817.15,3282.5,1803.1,3288.85,1796.75,3290.1,1784.05,3295.2,1777.7,3326.95,1771.35,3361.25,1770.1,3384.1,1784.05,3391.7,1801.85,3393,1814.6,3391.7,1834.85,3390.45,1853.9,3371.4,1867.95,3359.95,1878.1
3-61,Uninfected,No_comment,Polygon,18,3187.25,1664.7,3201.25,1683.75,3207.6,1700.25,3206.25,1713.5,3196.15,1732,3180.9,1746.05,3161.85,1751.05,3130.1,1751.05,3104.75,1738.35,3092.05,1719.3,3092.05,1695.25,3104.75,1674.85,3119.95,1652,3130.1,1643.1,3136.45,1631.75,3155.5,1638.1,3168.2,1644.45,3187.25,1662.15
3-62,Uninfected,No_comment,Polygon,18,3212.65,1804.45,3180.9,1796.75,3174.55,1777.7,3174.55,1758.65,3170.75,1745.95,3161.85,1728.1,3163.15,1709.05,3180.9,1700.15,3193.55,1687.45,3212.65,1688.9,3233,1693.9,3250.75,1702.8,3259.65,1712.95,3269.8,1738.35,3271.1,1752.4,3269.8,1777.7,3263.45,1789.15,3240.6,1803.1
3-63,Uninfected,No_comment,Polygon,16,3060.3,1853.9,3029.8,1840,3015.85,1822.15,3009.5,1803.1,3005.7,1777.7,3028.55,1757.4,3041.25,1751.05,3066.65,1747.3,3092.05,1757.4,3104.75,1776.45,3117.45,1779.05,3130.1,1796.75,3130.1,1810.8,3123.8,1834.85,3117.45,1846.35,3092.05,1847.55
3-64,Uninfected,No_comment,Polygon,14,2685.7,1777.7,2673,1776.45,2648.85,1772.7,2628.55,1763.75,2618.4,1746.05,2615.85,1732,2617.1,1707.95,2643.8,1695.25,2666.65,1687.55,2699.65,1687.55,2726.3,1701.6,2742.85,1732,2718.7,1757.4,2698.4,1772.7
3-65,Uninfected,No_comment,Polygon,10,2502.85,1771.35,2469.8,1770.1,2450.75,1740.95,2446.95,1702.8,2472.35,1676.2,2497.75,1669.85,2529.5,1682.55,2552.35,1700.25,2552.35,1738.35,2534.55,1765
3-66,Uninfected,No_comment,Polygon,17,2561.25,1872.95,2533.3,1879.3,2507.9,1887,2488.85,1878.1,2485.05,1853.9,2477.45,1828.5,2483.8,1809.45,2509.2,1789.15,2528.2,1777.7,2558.7,1772.7,2579,1776.45,2579,1789.15,2590.45,1789.15,2596.8,1790.4,2596.8,1809.45,2591.7,1833.65,2591.7,1847.55
3-67,Uninfected,No_comment,Polygon,15,2482.55,1884.4,2491.5,1872.9,2501.6,1866.65,2516.8,1871.65,2527,1889.5,2529.45,1902.2,2540.95,1927.6,2546,1947.9,2529.45,1968.2,2504.05,1986,2469.85,1991.1,2440.65,1979.65,2419.05,1953,2434.3,1902.2,2463.5,1892.05
3-68,Uninfected,No_comment,Polygon,14,2361.9,2035.5,2339.05,2030.45,2312.35,2010.15,2306.05,1966.95,2311.05,1933.95,2326.35,1908.55,2355.55,1903.45,2380.95,1908.55,2389.85,1930.15,2401.2,1946.65,2402.55,1965.7,2412.7,1998.7,2412.7,2019,2393.65,2029.15
3-69,Uninfected,No_comment,Polygon,14,3963.1,1946.65,3932.7,1935.2,3918.65,1914.9,3911.1,1889.5,3912.35,1864.1,3930.15,1838.7,3939.05,1828.55,3968.25,1822.2,3987.3,1819.65,4019.05,1832.35,4038.1,1857.75,4038.1,1889.5,4021.5,1914.9,4001.25,1935.2
3-70,Uninfected,No_comment,Polygon,14,4107.85,2016.5,4082.45,2011.4,4057.1,1998.7,4039.35,1966.95,4045.7,1930.15,4076.1,1897.1,4104.05,1897.1,4126.9,1897.1,4145.95,1904.75,4154.9,1922.5,4158.65,1949.2,4160,1972.05,4153.65,1992.35,4145.95,2005.05
3-71,Uninfected,No_comment,Polygon,13,4253.95,2087.6,4212.05,2081.25,4177.7,2041.85,4167.6,2011.4,4179.05,1986,4203.05,1972.05,4234.9,1966.95,4266.65,1968.2,4292.05,1986,4304.75,2010.15,4304.75,2036.8,4298.4,2055.85,4281.9,2074.9
3-72,Uninfected,No_comment,Polygon,14,4253.95,2232.35,4228.55,2222.2,4212.05,2215.85,4193,2215.85,4173.95,2208.2,4161.25,2189.15,4153.65,2151.1,4177.7,2113,4198.05,2106.65,4228.55,2107.9,4253.95,2132.05,4269.2,2163.8,4273,2189.15,4269.2,2209.5
3-73,Uninfected,No_comment,Polygon,13,4069.8,2190.45,4044.4,2189.15,4026.65,2163.8,4012.7,2132.05,4019.05,2093.95,4034.2,2068.55,4063.45,2067.25,4109.2,2086.3,4115.55,2105.35,4121.9,2118.05,4121.9,2143.45,4116.75,2157.45,4107.85,2181.55
3-74,Uninfected,No_comment,Polygon,14,3951.75,2087.6,3923.8,2079.95,3893.25,2062.2,3885.7,2031.7,3900.95,1992.35,3931.35,1973.3,3961.9,1968.2,3987.3,1973.3,4006.35,1986,4012.7,2010.15,4015.15,2035.5,4013.95,2054.55,4006.35,2073.6,3987.3,2079.95
3-75,Uninfected,No_comment,Polygon,14,3955.55,2232.35,3917.45,2232.35,3885.7,2209.5,3873,2189.15,3873,2162.5,3892.05,2137.1,3917.45,2114.25,3945.4,2114.25,3970.75,2124.4,3994.9,2137.1,4007.6,2163.8,4012.7,2181.55,4001.25,2206.95,3993.65,2226
3-76,Uninfected,No_comment,Polygon,15,3726.9,2029.15,3691.35,2024.1,3663.45,1999.95,3646.9,1978.4,3650.8,1947.9,3650.8,1927.6,3663.45,1914.9,3704.05,1911.1,3728.25,1911.1,3752.3,1922.5,3765,1936.5,3772.7,1960.6,3773.95,1986,3771.35,2005.05,3758.65,2017.75
3-77,Uninfected,No_comment,Polygon,16,3550.4,2041.85,3523.8,2025.35,3507.3,2010.15,3498.4,1984.75,3498.4,1965.7,3499.6,1949.2,3523.8,1935.2,3549.2,1933.95,3570.8,1933.95,3588.5,1935.2,3602.5,1949.2,3612.7,1972.05,3613.85,1998.7,3602.5,2017.75,3594.8,2035.5,3582.15,2038.05
3-78,Uninfected,No_comment,Polygon,12,3428.5,1961.85,3399.35,1936.5,3390.4,1914.9,3405.7,1864.1,3460.2,1860.3,3481.9,1871.7,3511.1,1889.5,3512.3,1933.95,3512.3,1949.25,3494.6,1960.6,3481.9,1966.95,3460.2,1966.95
3-79,Uninfected,No_comment,Polygon,17,3053.9,1954.25,3031.1,1942.85,3015.8,1928.85,3015.8,1902.2,3036.2,1871.7,3060.25,1865.35,3072.9,1865.35,3085.6,1873,3099.6,1873,3107.3,1890.75,3117.45,1897.1,3117.45,1909.8,3117.45,1917.45,3111.1,1928.85,3105.95,1936.5,3099.6,1947.9,3092.05,1953
3-80,Uninfected,No_comment,Polygon,16,3113.65,2086.3,3066.55,2067.25,3041.2,2048.2,3037.45,2017.75,3034.85,1998.7,3029.85,1991.1,3047.55,1991.1,3080.6,1979.65,3104.75,1972.05,3130.15,1972.05,3136.5,1973.3,3149.2,1991.1,3156.75,2016.5,3164.45,2036.8,3156.75,2060.9,3149.2,2074.9
3-81,Uninfected,No_comment,Polygon,16,3212.7,2024.1,3187.3,2011.4,3168.25,1991.1,3161.9,1979.65,3144.05,1973.3,3170.8,1954.25,3201.2,1940.3,3221.55,1933.95,3257.15,1941.55,3269.85,1953,3282.55,1973.3,3310.4,2017.75,3309.2,2025.35,3301.55,2025.35,3259.6,2031.7,3212.7,2029.15
3-82,Uninfected,No_comment,Polygon,13,2902.85,2041.85,2876.2,2036.8,2850.8,2010.15,2844.45,1978.4,2863.5,1953,2895.25,1928.85,2926.95,1940.3,2939.65,1953,2958.65,1972.05,2961.2,1997.45,2958.65,2012.65,2940.95,2025.35,2928.25,2038.05
3-83,Uninfected,No_comment,Polygon,11,2707.3,2106.65,2685.65,2106.65,2648.9,2086.3,2641.2,2049.5,2660.25,2005.05,2691.95,1997.45,2718.65,1992.35,2749.2,2011.4,2755.55,2049.5,2750.4,2081.25,2731.35,2100.3
3-84,Uninfected,No_comment,Polygon,11,2552.35,2111.7,2514.3,2106.65,2501.6,2074.9,2495.25,2031.7,2510.4,2011.4,2548.5,1998.7,2567.55,2006.3,2590.4,2017.75,2591.75,2055.85,2592.95,2074.9,2590.4,2092.65
3-85,Uninfected,No_comment,Polygon,17,2370.8,2151.1,2342.85,2132.05,2336.5,2100.3,2351.75,2079.95,2380.95,2055.85,2425.4,2067.25,2438.1,2087.6,2438.1,2106.65,2438.1,2125.7,2425.4,2139.65,2412.7,2149.8,2401.2,2138.4,2393.65,2138.4,2387.3,2138.4,2387.3,2144.75,2387.3,2149.8,2387.3,2157.45
3-86,Uninfected,No_comment,Polygon,10,2763.1,2276.8,2717.45,2259,2704.65,2214.55,2718.65,2181.55,2742.85,2168.85,2782.15,2163.8,2813.9,2194.25,2819.05,2227.25,2808.9,2251.4,2801.2,2265.35
3-87,Uninfected,No_comment,Polygon,12,2834.3,2158.7,2812.7,2156.15,2793.65,2144.75,2775.8,2137.1,2768.25,2105.35,2774.6,2074.9,2800,2054.55,2825.4,2050.75,2850.8,2055.85,2872.3,2082.5,2869.85,2107.9,2866,2137.1
3-88,Uninfected,No_comment,Polygon,13,2921.9,2228.55,2901.6,2226,2888.9,2208.2,2877.45,2194.25,2877.45,2158.7,2882.55,2138.4,2910.4,2120.6,2933.3,2118.05,2961.2,2132.05,2973.9,2151.1,2971.35,2189.15,2960,2213.3,2942.15,2227.25
3-89,Uninfected,No_comment,Polygon,20,3062.85,2252.65,3047.55,2251.4,3034.85,2239.95,3017.15,2227.25,3009.45,2226,2999.25,2189.15,3009.45,2144.75,3023.5,2126.95,3041.2,2118.05,3066.55,2118.05,3092.05,2124.4,3100.95,2138.4,3104.75,2165.05,3104.75,2168.85,3099.6,2176.45,3098.4,2189.15,3098.4,2201.85,3088.25,2219.65,3088.25,2233.6,3081.9,2251.4
3-90,Uninfected,No_comment,Polygon,20,3136.5,2265.35,3111.1,2245.05,3107.3,2233.6,3105.95,2219.65,3107.3,2206.95,3098.4,2200.6,3098.4,2189.25,3093.3,2182.9,3105.95,2181.55,3113.65,2177.75,3120,2168.85,3126.35,2157.45,3136.5,2151.1,3170.8,2149.8,3200,2163.8,3207.55,2190.45,3207.55,2214.55,3207.55,2246.3,3194.85,2270.45,3163.1,2276.8
3-91,Uninfected,No_comment,Polygon,13,3358.65,2253.95,3339.6,2276.8,3314.25,2285.7,3288.85,2289.5,3263.5,2271.7,3234.25,2245.05,3232.9,2220.9,3234.25,2195.5,3269.85,2177.75,3290.15,2171.4,3326.9,2195.5,3345.95,2213.3,3352.3,2227.25
3-92,Uninfected,No_comment,Polygon,15,3390.4,2340.3,3365,2321.25,3352.3,2295.85,3352.3,2278.05,3361.2,2257.75,3371.35,2238.7,3390.4,2232.35,3410.8,2227.25,3436.2,2227.25,3461.55,2247.6,3473,2276.8,3474.2,2289.5,3466.65,2316.15,3447.5,2335.2,3424.75,2340.3
3-93,Uninfected,No_comment,Polygon,13,3282.55,2422.8,3257.15,2422.8,3227.9,2392.35,3225.4,2359.35,3231.75,2335.2,3265.95,2314.9,3295.2,2314.9,3314.25,2316.15,3326.9,2336.45,3333.25,2360.6,3333.25,2380.9,3323.1,2399.95,3314.25,2422.8
3-94,Uninfected,No_comment,Polygon,12,3442.5,2486.3,3410.8,2481.25,3380.2,2450.75,3377.7,2422.8,3390.4,2386,3424.75,2372.05,3453.85,2373.3,3479.35,2380.9,3488.25,2406.3,3494.6,2435.5,3485.7,2455.85,3474.2,2474.9
3-95,Uninfected,No_comment,Polygon,12,3396.75,2176.45,3366.35,2168.85,3345.95,2143.45,3334.6,2111.7,3354.85,2086.3,3373.85,2067.25,3410.8,2060.9,3431.1,2062.2,3448.85,2092.65,3453.85,2113,3448.85,2139.65,3441.2,2162.5
3-96,Uninfected,No_comment,Polygon,13,3619.05,2214.55,3583.5,2209.5,3556.75,2168.85,3563.1,2139.65,3577.15,2124.4,3600,2118.05,3638.1,2119.35,3682.5,2143.45,3688.85,2168.85,3688.85,2177.75,3678.65,2200.6,3669.8,2213.3,3644.45,2219.65
3-97,Uninfected,No_comment,Polygon,16,3728.25,2340.3,3707.85,2340.3,3682.5,2333.95,3663.45,2314.9,3657.15,2295.85,3652.05,2264.1,3663.45,2245.05,3682.5,2228.55,3704.05,2222.2,3739.6,2226,3758.65,2241.25,3777.7,2257.75,3779.05,2283.15,3779.05,2308.55,3773.95,2322.5,3742.15,2341.55
3-98,Uninfected,No_comment,Polygon,15,3645.7,2455.85,3620.3,2460.9,3593.65,2449.5,3574.6,2419,3568.25,2391.1,3570.8,2360.6,3587.3,2347.9,3608.85,2340.3,3644.45,2340.3,3663.45,2346.65,3682.5,2366.95,3690.15,2392.35,3690.15,2411.4,3682.5,2425.35,3676.15,2443.15
3-99,Uninfected,No_comment,Polygon,17,3968.25,2462.2,3950.4,2463.45,3931.35,2460.9,3917.45,2448.2,3899.6,2430.45,3885.7,2411.4,3874.2,2386,3881.9,2361.85,3899.6,2346.65,3920,2341.55,3939.05,2340.3,3974.6,2355.5,3988.45,2384.75,3993.65,2405.05,3996.1,2431.7,3993.65,2443.15,3987.3,2462.2
3-100,Uninfected,No_comment,Polygon,19,4120.55,2455.85,4102.85,2467.25,4069.8,2479.95,4057.1,2479.95,4027.85,2463.45,4019.05,2448.2,4015.15,2424.1,4019.05,2398.7,4025.4,2378.4,4033,2355.5,4058.4,2346.65,4082.45,2347.9,4101.5,2359.35,4109.2,2374.55,4133.25,2379.65,4147.3,2384.75,4145.95,2410.1,4139.6,2430.45,4134.6,2444.4
3-101,Uninfected,No_comment,Polygon,19,4171.35,2366.95,4152.3,2360.6,4139.6,2349.15,4120.55,2335.2,4109.2,2311.1,4114.2,2284.4,4121.9,2265.35,4133.25,2257.75,4172.7,2247.6,4203.05,2246.3,4231.1,2252.65,4250.15,2265.35,4253.95,2283.15,4248.8,2298.4,4237.45,2303.45,4228.55,2321.25,4222.2,2328.85,4217.1,2354.25,4203.05,2359.35
3-102,Uninfected,No_comment,Polygon,16,4203.05,2549.8,4191.7,2570.1,4177.7,2589.15,4158.65,2606.95,4135.75,2608.2,4120.55,2608.2,4101.5,2600.6,4088.8,2582.8,4077.45,2563.75,4076.1,2524.4,4082.45,2499,4120.55,2487.6,4147.3,2486.3,4172.7,2495.2,4196.7,2514.25,4203.05,2533.3
3-103,Uninfected,No_comment,Polygon,13,4001.25,2652.65,3987.3,2647.6,3968.25,2641.25,3949.2,2627.25,3942.85,2601.85,3942.85,2575.2,3944.05,2551.1,3956.75,2525.7,3993.65,2524.4,4012.7,2524.4,4044.4,2557.4,4050.75,2601.85,4038.1,2638.7
3-104,Uninfected,No_comment,Polygon,11,3862.85,2568.85,3841.25,2562.5,3812.05,2533.3,3803.1,2500.3,3809.45,2468.55,3847.6,2441.85,3879.35,2450.75,3911.1,2473.6,3932.7,2506.65,3923.8,2539.65,3904.75,2563.75
3-105,Uninfected,No_comment,Polygon,15,3752.3,2646.3,3709.2,2628.55,3683.8,2600.6,3701.5,2557.4,3726.9,2538.4,3753.65,2537.1,3771.35,2538.4,3786.65,2552.35,3810.8,2576.45,3828.45,2601.85,3828.45,2619.65,3822.1,2639.95,3803.1,2652.65,3790.4,2659,3771.35,2660.3
3-106,Uninfected,No_comment,Polygon,12,3555.55,2646.3,3530.15,2645.05,3504.75,2633.6,3479.35,2608.2,3475.55,2570.1,3504.75,2533.3,3549.2,2532.05,3568.25,2533.3,3587.3,2556.15,3601.15,2576.45,3606.35,2606.95,3600,2626
3-107,Uninfected,No_comment,Polygon,11,3409.45,2703.45,3367.5,2697.1,3340.95,2670.45,3339.6,2634.9,3347.3,2601.85,3390.4,2582.8,3415.8,2589.15,3428.5,2601.85,3436.2,2622.2,3447.5,2657.75,3441.2,2683.15
3-108,Uninfected,No_comment,Polygon,16,3189.85,2741.55,3169.45,2728.85,3161.9,2709.8,3161.9,2685.7,3156.75,2665.35,3168.25,2638.7,3187.3,2609.5,3212.7,2608.2,3246.9,2614.55,3258.4,2628.55,3269.85,2652.65,3271.1,2678.05,3257.15,2690.75,3238.1,2708.55,3231.75,2717.4,3225.4,2728.85
3-109,Uninfected,No_comment,Polygon,11,3079.25,2455.85,3053.9,2467.25,2996.75,2443.15,2984.05,2417.75,3005.6,2379.65,3055.25,2353,3074.25,2353,3111.1,2365.7,3125,2393.6,3118.65,2431.7,3104.75,2454.55
3-110,Uninfected,No_comment,Polygon,11,2945.95,2467.25,2914.25,2457.1,2882.55,2460.9,2846.95,2430.45,2850.8,2392.35,2869.85,2365.7,2907.95,2354.25,2939.65,2368.2,2958.65,2392.35,2967.55,2429.15,2971.35,2455.85
3-111,Uninfected,No_comment,Polygon,10,2920.6,2577.75,2882.55,2575.2,2857.15,2558.7,2832.95,2538.4,2812.7,2473.6,2877.45,2473.6,2940.95,2492.65,2961.2,2506.65,2965,2537.1,2958.65,2557.4
3-112,Uninfected,No_comment,Polygon,11,3080.6,2645.05,3041.2,2646.3,3023.5,2634.9,3003.1,2608.2,2996.75,2584.1,3003.1,2562.5,3015.8,2538.4,3034.85,2513,3098.4,2546,3117.45,2589.15,3113.65,2626
3-113,Uninfected,No_comment,Polygon,10,3003.1,2353,2958.65,2340.3,2926.95,2314.9,2920.6,2283.15,2954.85,2247.6,2977.7,2241.25,3022.15,2246.3,3047.55,2278.05,3042.55,2321.25,3031.1,2341.55
3-114,Uninfected,No_comment,Polygon,15,2882.55,2652.65,2845.6,2652.65,2812.7,2647.6,2800,2614.55,2793.65,2594.25,2806.35,2565.05,2813.9,2551.1,2845.7,2544.75,2863.55,2546,2883.8,2562.5,2888.9,2577.75,2883.8,2590.45,2897.7,2603.15,2907.95,2614.55,2907.95,2632.35
3-115,Uninfected,No_comment,Polygon,13,2780.95,2581.55,2819.1,2609.5,2847.05,2646.3,2858.3,2657.75,2844.45,2671.7,2821.6,2690.75,2806.35,2702.2,2770.8,2703.45,2742.85,2690.75,2723.8,2676.8,2711,2646.3,2711,2606.95,2742.85,2582.8
3-116,Uninfected,No_comment,Polygon,25,2628.5,2347.9,2605.65,2330.1,2596.75,2303.45,2590.4,2289.5,2585.4,2271.7,2592.95,2265.35,2596.75,2264.1,2598.1,2251.4,2609.45,2239.95,2618.3,2239.95,2631,2233.6,2641.2,2232.35,2661.6,2233.6,2675.55,2234.9,2679.3,2251.4,2693.3,2264.1,2700.95,2276.8,2698.3,2285.7,2698.3,2302.2,2691.95,2309.8,2685.65,2317.45,2679.3,2335.2,2666.6,2340.3,2660.25,2346.65,2647.55,2346.65
3-117,Uninfected,No_comment,Polygon,11,2647.55,2462.2,2605.65,2454.55,2590.4,2399.95,2609.45,2366.95,2631,2365.7,2662.85,2360.6,2685.65,2378.4,2698.3,2397.45,2698.3,2416.45,2691.95,2436.8,2680.65,2449.5
3-118,Uninfected,No_comment,Polygon,13,2529.45,2435.5,2495.25,2422.8,2476.2,2405.05,2476.2,2374.55,2469.85,2365.7,2469.85,2347.9,2478.7,2328.85,2495.25,2314.9,2521.9,2304.75,2565.05,2317.45,2573.9,2353,2577.7,2387.25,2561.2,2424.1
3-119,Uninfected,No_comment,Polygon,17,2445.65,2289.5,2469.85,2322.5,2478.7,2333.95,2482.45,2353,2478.7,2365.75,2463.5,2384.75,2457.15,2392.35,2444.45,2406.3,2438.1,2411.4,2401.2,2416.45,2383.5,2411.4,2368.25,2398.7,2361.9,2373.3,2361.9,2327.6,2380.95,2297.1,2407.55,2283.15,2421.6,2283.15
3-120,Uninfected,No_comment,Polygon,11,2490.15,2627.25,2469.85,2626,2444.45,2606.95,2438.1,2576.45,2450.8,2537.1,2478.7,2519.35,2510.4,2519.35,2533.35,2538.4,2539.65,2565.05,2539.65,2589.15,2527,2613.3
3-121,Uninfected,No_comment,Polygon,12,2516.75,2773.3,2501.6,2773.3,2466,2760.6,2452,2735.2,2457.15,2692.05,2478.7,2664.1,2509.2,2657.75,2539.65,2657.75,2558.7,2678.05,2566.35,2711.05,2565.05,2730.1,2548.5,2755.5
3-122,Uninfected,No_comment,Polygon,18,2287,2627.25,2336.5,2666.65,2358.1,2671.7,2380.95,2676.8,2412.7,2676.8,2431.75,2665.35,2447,2657.75,2438.1,2645.05,2427.95,2619.65,2396.2,2596.8,2368.25,2584.1,2331.4,2582.8,2304.7,2581.55,2304.7,2589.15,2311.05,2595.5,2307.3,2606.95,2299.7,2615.85,2298.35,2620.9
3-123,Uninfected,No_comment,Polygon,11,3994.9,2815.2,3950.35,2807.6,3930.15,2770.75,3917.45,2742.8,3917.45,2704.7,3963.05,2680.6,3988.45,2680.6,4024,2699.65,4049.4,2723.75,4049.4,2761.85,4036.7,2799.95
3-124,Uninfected,No_comment,Polygon,15,3861.5,2850.75,3842.45,2838.05,3822.1,2833,3801.9,2813.95,3798.05,2799.95,3814.6,2768.2,3827.3,2749.15,3853.95,2744.1,3878.05,2744.1,3893.25,2758.05,3909.75,2787.25,3916.1,2807.6,3922.45,2825.35,3905.95,2845.65,3893.25,2858.35
3-125,Uninfected,No_comment,Polygon,13,3776.5,2958.7,3751.1,2942.2,3732.05,2914.25,3738.4,2883.75,3763.8,2858.35,3789.2,2852,3820.95,2863.45,3840,2871.05,3852.65,2890.1,3852.65,2907.9,3842.45,2933.3,3833.65,2952.35,3814.6,2959.95
3-126,Uninfected,No_comment,Polygon,13,3714.2,2794.9,3687.5,2780.9,3674.8,2755.5,3674.8,2725.05,3696.5,2694.55,3725.7,2681.85,3753.65,2681.85,3776.5,2699.65,3795.55,2717.4,3785.35,2749.15,3770.15,2775.85,3758.65,2788.55,3747.3,2793.6
3-127,Uninfected,No_comment,Polygon,15,3626.65,2904.1,3592.3,2896.45,3574.6,2882.5,3556.7,2863.45,3544.05,2838.05,3544.05,2819,3566.9,2813.95,3585.95,2802.5,3613.85,2793.6,3638.05,2788.55,3662.1,2802.5,3681.15,2820.3,3681.15,2844.4,3674.8,2864.7,3663.4,2888.85
3-128,Uninfected,No_comment,Polygon,13,3466.65,2833,3442.45,2820.3,3429.8,2799.95,3422.1,2775.85,3427.3,2750.45,3440,2723.75,3466.65,2712.35,3504.75,2717.4,3528.8,2737.75,3541.5,2756.8,3547.85,2770.75,3518.65,2821.55,3484.4,2833
3-129,Uninfected,No_comment,Polygon,14,3300.2,2825.35,3274.8,2820.3,3244.45,2799.95,3243.1,2775.85,3236.75,2755.5,3252.05,2725.05,3274.8,2712.35,3296.5,2711.05,3321.9,2718.7,3333.25,2731.4,3344.75,2755.5,3345.95,2775.85,3344.75,2794.9,3338.4,2812.65
3-130,Uninfected,No_comment,Polygon,16,3111.1,2935.85,3086.9,2926.95,3067.85,2901.55,3065.4,2876.15,3078.1,2838.05,3103.45,2820.3,3136.5,2813.95,3166.9,2831.7,3179.6,2853.3,3180.95,2882.5,3179.6,2901.55,3173.25,2914.25,3154.2,2920.6,3154.2,2920.6,3147.85,2933.3,3135.15,2946
3-131,Uninfected,No_comment,Polygon,12,3055.15,2758.05,3059.05,2787.25,3059.05,2806.3,3059.05,2827.9,3046.35,2839.3,3027.3,2852,3004.45,2853.3,2976.5,2840.6,2963.8,2806.3,2976.5,2769.5,2995.55,2756.8,3029.8,2756.8
3-132,Uninfected,No_comment,Polygon,18,3122.5,2782.2,3097.1,2787.25,3074.2,2782.2,3047.5,2769.5,3039.9,2756.8,3033.65,2737.75,3033.65,2717.4,3029.8,2700.9,3020.95,2686.95,3033.65,2686.95,3059.05,2680.6,3078.1,2674.25,3092.05,2673,3123.8,2681.85,3141.5,2711.05,3147.85,2732.65,3147.85,2755.5,3141.5,2768.2
3-133,Uninfected,No_comment,Polygon,15,2900.2,2812.65,2868.5,2807.6,2850.8,2782.2,2839.25,2755.5,2839.25,2726.3,2844.45,2704.7,2863.5,2693.3,2895.2,2685.65,2925.6,2698.35,2938.4,2711.05,2944.75,2742.8,2940.95,2768.2,2931.95,2787.25,2931.95,2794.9,2925.6,2807.6
3-134,Uninfected,No_comment,Polygon,13,2868.5,2977.75,2836.75,2959.95,2811.35,2939.65,2811.35,2901.55,2830.4,2876.15,2843.1,2871.05,2876.15,2871.05,2893.85,2883.75,2912.9,2901.55,2912.9,2920.6,2915.55,2939.65,2914.2,2947.25,2896.5,2966.3
3-135,Uninfected,No_comment,Polygon,12,2773.25,2845.65,2742.85,2833,2723.8,2813.95,2717.45,2789.8,2717.45,2758.05,2760.55,2737.75,2779.6,2736.45,2798.65,2742.8,2817.7,2769.5,2824.05,2794.9,2826.55,2815.2,2813.85,2831.7
3-136,Uninfected,No_comment,Polygon,12,2591.75,2934.55,2563.8,2933.3,2538.3,2920.6,2526.9,2890.1,2525.6,2852,2566.35,2825.35,2595.55,2815.2,2627.3,2825.35,2642.55,2858.35,2646.35,2885.05,2642.55,2907.9,2628.5,2921.85
3-137,Uninfected,No_comment,Polygon,13,2436.75,2984.1,2411.35,2984.1,2392.3,2972.65,2385.95,2942.2,2392.3,2895.2,2424.05,2864.7,2451.95,2859.65,2474.85,2864.7,2493.9,2888.85,2500.2,2907.9,2500.2,2940.9,2500.2,2959.95,2481.2,2979
3-138,Uninfected,No_comment,Polygon,11,2064.65,2984.1,2036.75,2961.25,2043.1,2928.2,2055.8,2895.2,2087.55,2882.5,2115.55,2888.85,2144.65,2901.55,2146,2921.85,2151,2947.25,2144.65,2972.65,2131.95,2984.1
3-139,Uninfected,No_comment,Polygon,10,2163.7,2769.5,2131.95,2755.5,2112.95,2717.4,2125.6,2666.65,2157.35,2642.5,2198.1,2648.85,2229.85,2669.15,2240,2712.35,2227.3,2742.8,2208.25,2764.4
3-140,Uninfected,No_comment,Polygon,12,1884.45,2825.35,1846.35,2820.3,1828.5,2806.3,1827.3,2751.7,1903.5,2736.45,1909.85,2717.4,1909.85,2706,1935.25,2711.05,1967,2725.05,1967,2769.5,1947.95,2793.6,1916.2,2815.2
3-141,Uninfected,No_comment,Polygon,10,1808.15,2723.75,1770.05,2706,1746,2688.2,1752.35,2641.25,1828.5,2603.15,1865.4,2618.35,1878.1,2637.4,1878.1,2692,1860.25,2711.05,1853.9,2718.7
3-142,Uninfected,No_comment,Polygon,12,2036.75,2623.45,2006.35,2617.1,1986,2591.7,1986,2559.95,1992.35,2533.3,2036.75,2509.15,2071,2514.25,2093.9,2528.2,2096.4,2542.2,2096.4,2565.05,2090.05,2591.7,2071,2610.75
3-143,Uninfected,No_comment,Polygon,12,2233.65,2636.15,2196.75,2622.2,2177.7,2599.35,2177.7,2566.3,2191.75,2534.55,2220.95,2526.95,2252.7,2516.8,2279.25,2520.6,2293.3,2547.25,2284.45,2579,2278.1,2604.4,2259.05,2628.55
3-144,Uninfected,No_comment,Polygon,15,2335.25,2445.7,2328.9,2476.15,2303.5,2491.4,2278.1,2495.2,2246.35,2495.2,2229.85,2483.75,2214.6,2469.8,2204.45,2459.65,2195.55,2452.05,2198.1,2444.4,2215.8,2425.35,2240,2402.5,2260.25,2388.55,2293.3,2393.6,2328.9,2407.6
3-145,Uninfected,No_comment,Polygon,13,2297.15,2363.15,2271.75,2356.8,2233.65,2342.8,2227.3,2313.6,2227.3,2285.7,2228.5,2266.65,2265.4,2262.8,2290.8,2261.55,2328.9,2285.7,2335.25,2306,2341.6,2331.4,2335.25,2350.45,2331.35,2361.85
3-146,Uninfected,No_comment,Polygon,15,2182.75,2387.25,2208.25,2401.25,2222.2,2426.7,2220.95,2453.3,2214.6,2472.35,2208.25,2490.1,2189.2,2507.9,2171.35,2520.6,2144.65,2520.6,2112.95,2488.85,2106.6,2438.05,2128.25,2421.55,2144.65,2419,2157.35,2413.95,2157.35,2396.15
3-147,Uninfected,No_comment,Polygon,12,2157.35,2363.15,2138.3,2380.9,2107.95,2387.25,2081.2,2393.6,2049.45,2361.85,2049.45,2336.45,2063.5,2299.65,2100.25,2285.7,2126.95,2280.6,2157.35,2292.05,2176.4,2313.6,2176.4,2337.75
3-148,Uninfected,No_comment,Polygon,14,1963.1,2482.5,1942.75,2482.5,1922.55,2469.8,1903.5,2469.8,1892,2469.8,1880.65,2471.05,1884.45,2444.4,1897.15,2419,1909.85,2399.95,1950.4,2380.9,1982.15,2393.6,2000,2413.95,2005,2445.7,1994.85,2466
3-149,Uninfected,No_comment,Polygon,15,1909.85,2586.65,1872.95,2584.1,1846.35,2572.65,1829.85,2554.9,1822.15,2534.55,1827.3,2510.45,1829.85,2495.2,1842.55,2471.05,1874.3,2464.7,1892,2464.7,1911,2488.85,1935.25,2501.55,1944.05,2521.85,1942.75,2552.35,1935.25,2577.75
3-150,Uninfected,No_comment,Polygon,16,1808.15,2496.45,1827.3,2515.5,1833.7,2534.55,1833.7,2548.55,1820.95,2573.95,1791.75,2590.45,1770.05,2596.8,1757.35,2604.4,1728.15,2609.5,1709.1,2591.7,1712.95,2566.3,1714.3,2540.9,1725.65,2509.15,1744.7,2483.75,1770.05,2478.7,1795.45,2478.7
3-151,Uninfected,No_comment,Polygon,15,2349.2,2199.35,2336.5,2215.85,2322.55,2234.9,2297.15,2236.15,2265.4,2241.25,2242.55,2241.25,2227.3,2223.45,2222.15,2204.4,2220.95,2184.1,2246.35,2153.6,2265.4,2139.65,2290.8,2133.3,2322.55,2140.9,2342.85,2159.95,2354.25,2185.35
3-152,Uninfected,No_comment,Polygon,13,2011.35,2313.6,1975.8,2300.9,1960.65,2286.95,1947.95,2250.1,1967,2217.1,1986,2191.7,2007.55,2190.45,2036.75,2190.45,2049.45,2204.4,2058.3,2222.2,2062.15,2242.5,2062.15,2266.65,2049.45,2298.4
3-153,Uninfected,No_comment,Polygon,13,1860.25,2275.5,1827.3,2261.55,1809.45,2241.25,1801.8,2217.1,1808.15,2196.8,1823.5,2180.3,1860.25,2172.65,1884.45,2166.3,1903.5,2173.95,1912.35,2193,1916.2,2217.1,1912.35,2241.25,1897.15,2273
3-154,Uninfected,No_comment,Polygon,10,2095.25,2179,2049.45,2167.6,2019.05,2126.95,2024.05,2082.5,2049.45,2066,2069.85,2052.05,2100.25,2063.45,2126.95,2090.1,2131.95,2129.5,2125.6,2165.05
3-155,Uninfected,No_comment,Polygon,17,1645.7,2617.2,1626.65,2615.95,1602.6,2604.5,1601.25,2586.75,1595,2560.05,1577.15,2553.75,1572.05,2533.4,1588.65,2497.85,1607.6,2477.55,1634.35,2466.1,1660.95,2469.9,1690.15,2483.9,1696.5,2514.35,1696.5,2534.7,1691.5,2560.05,1686.35,2591.8,1677.45,2609.6
3-156,Uninfected,No_comment,Polygon,12,1864.15,2130.75,1850.2,2154.95,1824.8,2166.4,1800.6,2174,1766.3,2172.75,1740.9,2153.7,1734.55,2115.6,1748.6,2090.2,1774,2072.35,1798.05,2077.5,1810.75,2080.05,1804.4,2104.1
3-157,Uninfected,No_comment,Polygon,9,1569.55,2168.85,1532.65,2166.4,1512.4,2135.9,1513.6,2086.4,1550.5,2059.65,1588.6,2053.3,1620.35,2071.15,1635.5,2110.45,1620.35,2154.95
3-158,Uninfected,No_comment,Polygon,10,1664.8,2045.75,1622.8,2040.6,1607.65,2014,1608.9,1996.15,1640.65,1944.15,1690.2,1939,1716.85,1956.85,1724.4,1989.8,1716.85,2014,1696.55,2035.6
3-159,Uninfected,No_comment,Polygon,10,1880.6,1937.8,1870.5,1970.75,1842.5,1996.15,1804.4,1989.8,1772.65,1970.75,1761.3,1932.65,1762.5,1900.9,1794.25,1876.85,1836.15,1875.6,1861.55,1881.95
3-160,Uninfected,No_comment,Polygon,11,1894.65,2111.8,1867.9,2104.1,1838.75,2097.75,1829.8,2085.05,1824.8,2059.65,1855.2,2021.55,1880.6,2015.2,1906,2015.2,1932.65,2026.7,1937.8,2052.1,1932.65,2078.7
3-161,Uninfected,No_comment,Polygon,12,2223.55,2102.9,2186.7,2102.9,2160.05,2080.05,2147.35,2053.3,2147.35,2021.55,2166.4,2001.3,2191.8,1988.6,2219.65,1988.6,2243.85,1994.95,2255.2,2021.55,2257.75,2040.6,2255.2,2071.15
3-162,Uninfected,No_comment,Polygon,15,2250.2,1926.3,2229.8,1925.1,2206.95,1913.6,2194.25,1899.65,2191.8,1862.9,2210.85,1836.15,2238.7,1818.45,2264.1,1829.8,2286.95,1832.4,2294.65,1850.2,2299.65,1864.15,2295.85,1881.95,2293.3,1907.25,2280.6,1908.6,2267.9,1918.75
3-163,Uninfected,No_comment,Polygon,12,2045.75,2034.25,2022.9,2034.25,1996.15,2010.2,1989.8,1983.45,2016.55,1956.85,2029.25,1939,2059.65,1937.8,2080.05,1944.15,2091.4,1958.05,2097.75,1982.25,2096.55,1996.15,2080.05,2014
3-164,Uninfected,No_comment,Polygon,13,1956.85,1925.1,1927.65,1925.1,1906,1913.6,1886.95,1886.95,1893.3,1831.15,1925.1,1807,1946.7,1805.75,1972.1,1812.1,1994.95,1823.45,2002.5,1831.15,2003.85,1862.9,1996.15,1888.3,1988.6,1907.25
3-165,Uninfected,No_comment,Polygon,12,2058.45,1851.45,2033.05,1855.2,2007.65,1850.2,1984.8,1832.4,1982.25,1810.75,1982.25,1786.7,1994.95,1762.5,2014,1748.6,2045.75,1748.6,2072.35,1759.95,2086.4,1785.35,2085.05,1831.15
3-166,Uninfected,No_comment,Polygon,11,1556.85,1951.7,1527.65,1958.05,1495.9,1950.5,1470.5,1939,1457.8,1921.3,1467.95,1889.55,1499.7,1867.9,1537.8,1850.2,1563.2,1864.15,1582.25,1893.3,1588.6,1912.4
3-167,Uninfected,No_comment,Polygon,8,1704.15,1734.55,1658.45,1723.2,1645.75,1653.35,1686.3,1620.35,1728.2,1621.6,1742.25,1640.65,1747.25,1704.15,1730.75,1728.2
3-168,Uninfected,No_comment,Polygon,14,1488.2,1671.15,1457.8,1666.05,1442.55,1647,1413.35,1621.6,1404.45,1603.75,1410.8,1583.45,1424.7,1575.9,1450.1,1556.85,1474.3,1556.85,1499.7,1563.2,1518.75,1589.8,1525.1,1608.9,1525.1,1635.5,1518.75,1654.55
3-169,Uninfected,No_comment,Polygon,12,2121.95,1728.2,2090.2,1729.55,2052.1,1729.55,2026.7,1715.5,2010.2,1683.85,2020.35,1647,2041.95,1621.6,2071.15,1622.8,2090.2,1627.95,2109.25,1645.75,2115.6,1664.8,2128.3,1690.1
3-170,Uninfected,No_comment,Polygon,15,2236.15,1804.4,2212.1,1805.75,2198.15,1818.45,2172.75,1823.45,2141,1810.75,2123.2,1779,2124.4,1748.6,2135.9,1724.4,2160.05,1704.15,2199.4,1702.8,2224.8,1702.8,2248.85,1721.85,2264.1,1747.25,2267.9,1766.3,2261.55,1785.35
3-171,Uninfected,No_comment,Polygon,12,2394.9,1799.4,2365.75,1798.05,2345.45,1785.35,2318.7,1767.65,2320.05,1730.75,2350.45,1705.35,2378.45,1696.45,2407.6,1702.8,2421.65,1715.5,2433,1734.55,2433,1761.3,2415.3,1779
3-172,Uninfected,No_comment,Polygon,12,2242.5,1640.65,2218.45,1666.05,2198.15,1677.5,2172.75,1677.5,2141,1659.7,2121.95,1639.4,2121.95,1614,2134.65,1588.6,2160.05,1577.1,2194.25,1582.25,2217.2,1589.8,2231.15,1603.75
3-173,Uninfected,No_comment,Polygon,14,2261.55,1518.75,2242.5,1546.7,2219.65,1556.85,2198.15,1558.05,2172.75,1551.7,2160.05,1540.35,2153.7,1521.3,2156.15,1499.7,2172.75,1469.15,2185.45,1445.1,2205.75,1442.55,2237.5,1438.75,2255.2,1450.1,2261.55,1475.5
3-174,Uninfected,No_comment,Polygon,15,2198.15,1487.1,2179.1,1493.45,2161.25,1506.15,2135.9,1521.3,2105.45,1531.45,2067.35,1518.75,2054.65,1499.7,2052.1,1464.15,2071.15,1436.2,2097.75,1423.5,2134.65,1423.5,2160.05,1443.75,2172.75,1451.45,2187.9,1462.9,2198.15,1469.25
3-175,Uninfected,No_comment,Polygon,17,2356.8,1539,2326.4,1537.8,2306,1525.1,2281.95,1512.4,2280.6,1499.7,2280.6,1474.3,2274.25,1448.9,2294.65,1431.05,2321.25,1423.5,2353.05,1431.05,2369.5,1437.4,2382.2,1448.9,2383.55,1464.15,2388.55,1487,2388.55,1493.35,2388.55,1512.4,2377.2,1526.3
3-176,Uninfected,No_comment,Polygon,12,1855.2,1591.05,1818.45,1589.8,1786.7,1564.4,1779,1532.65,1798.05,1483.2,1829.8,1475.5,1855.2,1469.15,1881.95,1475.5,1901,1502.25,1906,1532.65,1894.65,1563.2,1886.95,1583.45
3-177,Uninfected,No_comment,Polygon,11,1667.25,1500.9,1639.4,1499.7,1614,1488.2,1591.05,1456.45,1601.3,1417.15,1608.9,1407,1639.4,1391.75,1671.15,1387.95,1697.8,1404.45,1710.5,1437.4,1696.55,1469.15
3-178,Uninfected,No_comment,Polygon,13,1531.45,1413.35,1493.35,1404.45,1480.65,1379,1474.3,1354.95,1488.2,1334.55,1518.75,1321.85,1546.7,1323.2,1569.55,1334.55,1584.8,1347.25,1591.05,1373.9,1589.8,1392.95,1569.55,1410.8,1556.85,1417.15
3-179,Uninfected,No_comment,Polygon,13,1677.5,1292.7,1652.1,1304.15,1626.7,1309.15,1607.65,1285.1,1594.95,1264.7,1591.05,1239.3,1603.75,1215.25,1626.7,1196.2,1648.2,1194.85,1677.5,1207.55,1696.55,1226.6,1696.55,1252,1696.55,1266.05
3-180,Uninfected,No_comment,Polygon,12,1918.75,1442.55,1893.3,1456.45,1861.55,1450.1,1824.8,1429.85,1819.7,1410.8,1818.45,1381.6,1829.8,1359.95,1856.55,1340.9,1889.55,1348.6,1912.4,1367.65,1925.1,1391.75,1926.3,1412
3-181,Uninfected,No_comment,Polygon,16,2003.85,1436.2,1975.9,1431.05,1956.85,1418.35,1950.5,1398.1,1946.7,1379,1959.4,1348.6,1978.45,1321.85,2003.85,1315.5,2026.7,1311.75,2052.1,1328.2,2058.45,1353.6,2059.65,1379,2053.3,1398.1,2039.4,1407,2033.05,1423.5,2020.35,1429.85
3-182,Uninfected,No_comment,Polygon,14,2333.95,1379,2321.25,1385.4,2307.35,1392.95,2286.95,1399.3,2251.4,1405.65,2229.8,1405.65,2210.85,1404.45,2162.5,1372.65,2185.45,1340.9,2218.45,1323.2,2248.85,1323.2,2270.45,1329.55,2337.75,1362.55,2345.45,1368.9
3-183,Uninfected,No_comment,Polygon,19,2382.2,1410.8,2356.8,1412,2339.1,1405.65,2331.4,1392.95,2325.05,1372.65,2321.25,1359.95,2314.9,1337.15,2312.35,1329.55,2312.35,1310.5,2325.05,1297.8,2350.45,1290.1,2359.4,1286.35,2388.55,1291.45,2397.5,1296.45,2407.6,1318.1,2407.6,1329.55,2407.6,1356.2,2407.6,1372.65,2401.25,1399.3
3-184,Uninfected,No_comment,Polygon,21,2421.65,1451.45,2407.6,1431.05,2408.95,1413.35,2416.55,1399.3,2426.65,1386.6,2426.65,1368.9,2439.35,1353.6,2452.1,1337.15,2471.15,1334.55,2486.4,1330.8,2509.25,1340.9,2521.95,1349.85,2524.5,1367.65,2521.9,1387.9,2523.15,1398.05,2521.95,1413.35,2509.25,1429.85,2496.55,1443.75,2483.85,1456.45,2464.8,1462.8,2445.75,1462.8
3-185,Uninfected,No_comment,Polygon,14,2356.8,1222.8,2344.1,1227.95,2344.1,1240.65,2337.75,1259.7,2314.9,1283.75,2293.3,1286.35,2257.75,1285.1,2232.35,1252,2226,1227.95,2242.5,1201.2,2269.25,1191.05,2299.65,1189.85,2325.05,1194.85,2337.75,1208.9
3-186,Uninfected,No_comment,Polygon,13,2433,1271.05,2408.95,1271.05,2377.2,1260.9,2369.5,1226.6,2375.85,1202.55,2388.55,1177.15,2413.95,1169.45,2439.35,1175.8,2454.65,1188.5,2471.15,1207.55,2472.35,1226.6,2472.35,1245.65,2464.8,1258.35
3-187,Uninfected,No_comment,Polygon,16,1795.7,1153,1786.55,1183.15,1760.3,1198.9,1734.05,1202.85,1707.85,1197.6,1684.2,1177.9,1671.1,1159.55,1671.1,1117.55,1701.25,1097.9,1727.5,1091.35,1749.8,1093.95,1753.75,1107.1,1760.3,1124.15,1773.4,1133.3,1787.85,1138.55,1793.1,1143.8
3-188,Uninfected,No_comment,Polygon,13,1825.9,1107.1,1793.1,1099.2,1766.85,1091.35,1766.85,1052,1787.85,1013.95,1820.65,1002.15,1865.25,1019.2,1887.55,1053.3,1887.55,1071.65,1884.9,1084.8,1871.8,1091.35,1858.65,1092.65,1841.6,1104.45
3-189,Uninfected,No_comment,Polygon,16,2022.65,1256.6,1989.85,1257.95,1963.6,1242.2,1958.35,1205.45,1970.15,1179.2,1978.05,1170.05,1996.4,1151.7,2010.85,1150.35,2029.2,1150.35,2048.85,1156.95,2062,1163.5,2068.55,1176.6,2088.2,1205.45,2075.1,1236.95,2063.3,1250.05,2042.3,1261.85
3-190,Uninfected,No_comment,Polygon,12,1891.45,1210.7,1858.65,1185.8,1853.45,1164.8,1860,1138.55,1878.35,1117.55,1904.6,1111,1937.4,1111,1950.5,1120.2,1957.05,1143.8,1957.05,1166.1,1943.95,1191.05,1924.25,1205.45
3-191,Uninfected,No_comment,Polygon,13,2199.7,1184.45,2166.9,1177.9,2147.25,1137.25,2143.3,1111,2161.65,1091.35,2180.05,1079.55,2214.15,1079.55,2232.5,1087.4,2241.7,1099.2,2245.6,1125.45,2245.6,1146.45,2241.7,1164.8,2239.05,1179.2
3-192,Uninfected,No_comment,Polygon,11,2094.8,1084.8,2044.95,1073,2022.65,1034.95,2025.25,995.6,2048.85,961.5,2094.8,949.7,2134.15,960.15,2155.1,981.15,2163,1012.65,2153.8,1046.75,2134.15,1065.1
3-193,Uninfected,No_comment,Polygon,10,2261.35,992.95,2215.45,981.15,2193.15,948.35,2199.7,910.35,2219.4,884.1,2239.05,877.55,2271.85,882.8,2284.95,895.9,2292.85,935.25,2284.95,962.8
3-194,Uninfected,No_comment,Polygon,38,2391.2,956.25,2363.7,966.75,2358.45,960.15,2358.45,953.6,2350.55,949.7,2340.05,949.7,2337.45,948.35,2338.75,940.5,2337.45,927.4,2326.95,920.8,2325.65,914.25,2332.2,907.7,2340.05,902.45,2344,888.05,2346.6,868.35,2351.85,874.9,2357.1,874.9,2363.7,874.9,2363.7,861.8,2376.8,863.1,2376.8,868.35,2397.8,850,2397.8,868.35,2404.35,868.35,2412.2,861.8,2416.15,869.65,2422.7,876.2,2431.9,884.1,2438.45,889.35,2435.8,909,2435.8,920.8,2437.15,922.15,2448.95,923.45,2435.8,933.95,2418.75,936.55,2417.45,948.35,2405.65,960.15,2383.35,953.6
3-195,Uninfected,No_comment,Polygon,12,2287.6,848.7,2258.75,850,2215.45,817.2,2206.25,779.15,2212.85,751.6,2232.5,733.25,2248.25,733.25,2265.3,738.5,2286.3,743.75,2317.75,766.05,2320.4,810.65,2311.2,836.85
3-196,Uninfected,No_comment,Polygon,12,2147.25,739.8,2117.1,731.95,2102.65,705.7,2097.4,684.7,2123.65,646.7,2147.25,627,2173.5,619.15,2199.7,627,2219.4,654.55,2220.7,684.7,2212.85,724.05,2180.05,731.95
3-197,Uninfected,No_comment,Polygon,11,2317.75,691.25,2278.4,697.85,2239.05,666.35,2235.15,620.45,2253.5,581.1,2278.4,567.95,2311.2,573.2,2340.05,592.9,2357.1,621.75,2357.1,651.9,2346.6,667.65
3-198,Uninfected,No_comment,Polygon,13,2450.25,562.75,2416.45,567.55,2376.8,548.3,2363.7,528.6,2363.7,501.1,2363.7,469.6,2389.9,451.25,2422.7,443.35,2437.15,455.15,2456.8,468.3,2475.15,487.95,2471.25,520.75,2462.05,553.55
3-199,Uninfected,No_comment,Polygon,15,2681.1,515.5,2666.7,533.85,2641.75,541.75,2619.45,543.05,2593.2,529.95,2576.15,514.2,2563.05,490.6,2567,468.3,2567,436.8,2599.8,431.55,2627.35,443.35,2645.7,455.15,2652.25,469.6,2660.1,489.25,2673.25,502.4
3-200,Uninfected,No_comment,Polygon,14,2744.05,535.2,2720.45,533.85,2700.8,516.8,2686.35,497.15,2685.05,476.15,2691.6,448.6,2707.35,418.45,2733.55,410.55,2750.65,410.55,2770.3,423.7,2784.75,448.6,2790,474.85,2790,507.65,2758.5,533.85
3-201,Uninfected,No_comment,Polygon,15,2858.2,613.9,2829.35,602.1,2803.1,587.65,2790,567.95,2776.85,547,2779.5,536.5,2796.55,536.5,2803.1,520.75,2835.9,510.25,2864.75,514.2,2888.35,520.75,2901.45,540.45,2904.1,566.65,2901.45,586.35,2888.35,595.5
3-202,Uninfected,No_comment,Polygon,14,2902.8,487.95,2843.75,484.05,2829.35,456.5,2829.35,428.95,2838.5,402.7,2868.7,371.2,2888.35,369.9,2929,376.45,2953.95,384.35,2960.5,390.9,2960.5,409.25,2955.25,425,2940.8,449.9,2927.7,476.15
3-203,Uninfected,No_comment,Polygon,13,3137.6,543.05,3104.8,541.75,3065.45,516.8,3058.85,484.05,3065.45,455.15,3081.15,422.4,3081.15,410.55,3106.1,411.9,3133.65,423.7,3158.55,449.9,3165.1,477.45,3170.35,502.4,3158.55,527.3
3-204,Uninfected,No_comment,Polygon,12,2490.9,1137.25,2448.95,1139.85,2422.7,1137.25,2403.05,1099.2,2399.1,1061.15,2416.15,1038.85,2445,1038.85,2464.7,1040.2,2489.6,1048.05,2507.95,1073,2514.5,1087.4,2514.5,1105.75
3-205,Uninfected,No_comment,Polygon,17,2626,1058.55,2573.55,1058.55,2542.05,1038.85,2540.75,989.05,2543.4,986.4,2555.2,986.4,2580.1,966.75,2601.1,956.25,2619.45,956.25,2633.9,962.8,2645.7,973.3,2648.3,981.15,2660.1,994.3,2665.35,1006.1,2658.8,1019.2,2658.8,1034.95,2652.25,1045.45
3-206,Uninfected,No_comment,Polygon,14,2528.95,953.6,2497.45,928.7,2488.3,907.7,2496.15,861.8,2514.5,843.45,2535.5,843.45,2547.3,851.3,2556.5,843.45,2573.55,838.2,2593.2,844.75,2606.35,881.45,2601.1,920.8,2582.75,941.8,2561.75,948.35
3-207,Uninfected,No_comment,Polygon,10,2523.7,680.8,2543.4,718.8,2561.75,751.6,2606.35,776.55,2647,783.1,2671.9,766.05,2668,745.05,2661.45,726.7,2626,699.15,2580.1,684.7
3-208,Uninfected,No_comment,Polygon,11,2875.25,699.15,2825.4,726.7,2776.85,724.05,2750.65,704.4,2732.25,658.5,2763.75,619.15,2786.05,612.55,2816.2,620.45,2831.95,633.55,2849,646.7,2862.1,659.8
3-209,Uninfected,No_comment,Polygon,16,2809.65,805.4,2792.6,825.05,2770.3,843.45,2750.65,856.55,2717.85,857.85,2700.8,844.75,2686.35,822.45,2685.05,802.75,2692.9,766.05,2711.3,743.75,2725.7,730.6,2745.4,739.8,2763.75,745.05,2783.4,758.15,2790,770,2796.55,785.7
3-210,Uninfected,No_comment,Polygon,12,2829.35,922.15,2796.55,910.35,2791.3,874.9,2797.85,836.85,2816.2,817.2,2849,802.75,2875.25,804.1,2897.55,836.85,2901.45,863.1,2894.9,894.6,2881.8,920.8,2845.05,928.7
3-211,Uninfected,No_comment,Polygon,13,3060.2,687.35,3078.55,710.95,3091.65,724.05,3078.55,743.75,3053.65,756.85,3035.25,783.1,3002.45,784.4,2967.05,764.75,2953.95,743.75,2953.95,712.25,2980.15,672.9,3012.95,665.05,3035.25,665.05
3-212,Uninfected,No_comment,Polygon,16,3124.45,805.4,3104.8,798.85,3074.6,784.4,3072,758.15,3066.75,738.4,3078.55,712.25,3107.4,691.25,3127.1,691.25,3150.7,691.25,3166.45,697.85,3176.95,707,3190.05,724.05,3190.05,750.3,3184.8,771.3,3170.35,783.1,3150.7,796.2
3-213,Uninfected,No_comment,Polygon,11,3176.95,674.2,3145.45,667.65,3127.1,666.35,3104.8,640.1,3113.95,582.4,3137.6,567.95,3163.8,560.1,3203.15,567.95,3211.05,594.2,3217.6,638.8,3196.6,666.35
3-214,Uninfected,No_comment,Polygon,10,3419.6,724.05,3380.25,718.8,3355.3,687.35,3348.75,634.85,3389.4,602.1,3432.7,595.5,3465.5,619.15,3472.05,653.25,3473.35,684.7,3458.95,699.15
3-215,Uninfected,No_comment,Polygon,9,3507.45,916.9,3460.25,907.7,3440.6,864.4,3460.25,817.2,3504.85,802.75,3544.2,809.35,3558.65,855.25,3544.2,888.05,3527.15,914.25
3-216,Uninfected,No_comment,Polygon,15,3491.75,771.3,3472.05,743.75,3493.05,699.15,3517.95,679.45,3550.75,678.15,3577,680.8,3586.2,699.15,3583.55,712.25,3577,731.95,3583.55,745.05,3583.55,756.85,3584.85,783.1,3557.3,790.95,3524.55,783.1,3514.05,777.85
3-217,Uninfected,No_comment,Polygon,16,3552.05,651.9,3514.05,645.35,3491.75,627,3481.25,594.2,3481.25,567.95,3499.6,547,3531.1,535.2,3570.45,541.75,3583.55,549.6,3604.55,560.1,3609.8,579.8,3609.8,595.5,3599.3,608.65,3596.65,625.7,3596.65,638.8,3583.55,646.7
3-218,Uninfected,No_comment,Polygon,14,3750.15,784.4,3716.05,815.9,3688.5,822.45,3651.75,809.35,3642.6,784.4,3643.9,766.05,3650.45,750.3,3650.45,731.95,3668.8,717.5,3695.05,705.7,3716.05,704.4,3747.5,713.55,3755.4,738.5,3760.65,758.15
3-219,Uninfected,No_comment,Polygon,11,3743.6,941.8,3714.7,914.25,3702.9,876.2,3723.9,836.85,3768.5,817.2,3806.55,829,3828.85,857.85,3832.8,888.05,3826.2,903.75,3813.1,933.95,3788.2,947.05