192,5312,2988
4-1,White_Blood_Cell,No_comment,Polygon,25,2028.6,2388.2,2022.9,2337.8,2028.6,2298.1,2042.8,2269,2059.1,2244.9,2086.05,2220.8,2107.3,2205.9,2134.3,2200.2,2169.05,2202.35,2198.1,2210.15,2225.05,2224.35,2242.1,2245.6,2261.25,2272.55,2273.25,2308.05,2277.6,2343.5,2276.15,2373.3,2266.9,2403.8,2251.3,2422.25,2228.6,2441.4,2196,2458.4,2150.6,2466.9,2116.55,2463.35,2082.45,2445.65,2056.95,2429.3,2032.15,2403.8
4-2,White_Blood_Cell,No_comment,Polygon,34,3950.35,1497.95,3965.3,1522.45,3982.25,1529.9,4001.4,1552.25,4012.05,1604.35,4024.8,1651.25,4045.1,1699.05,4064.25,1738.4,4087.6,1762.9,4119.5,1770.35,4136.55,1760.75,4162.05,1743.75,4197.2,1721.4,4250.4,1691.6,4284.4,1667.15,4315.3,1628.85,4328.05,1596.9,4329.1,1568.2,4314.2,1534.15,4300.4,1517.2,4271.65,1509.75,4244.05,1504.35,4220.65,1488.4,4208.9,1474.55,4182.3,1462.85,4166.35,1434.15,4141.85,1412.85,4104.6,1417.1,4051.4,1438.4,4021.65,1446.9,4003.55,1442.65,3973.75,1447.95,3951.4,1461.8,3949.3,1473.5
4-3,Uninfected,No_comment,Polygon,14,2662.9,1606.3,2642.3,1622.85,2632,1653.2,2632,1682.85,2653.15,1704,2673.15,1712,2700,1710.85,2714.3,1702.85,2722.9,1688.6,2733.75,1671.4,2741.2,1654.3,2736.6,1620.55,2713.75,1598.85,2686.9,1597.15
4-4,Uninfected,No_comment,Polygon,11,3696.4,868.3,3666.2,869.7,3633.4,855.25,3607.2,822.45,3611.15,776.55,3643.9,746.4,3670.15,743.75,3702.95,763.45,3722.6,789.6,3731.8,823.7,3718.7,855.25
4-5,Uninfected,No_comment,Polygon,11,3586.2,961.5,3558.65,956.25,3532.4,928.7,3525.85,881.5,3539,856.5,3565.2,843.45,3587.5,844.75,3619,855.25,3633.4,884.1,3637.35,909.05,3630.8,940.45
4-6,Uninfected,No_comment,Polygon,13,3664.9,1066.45,3637.35,1065.15,3611.15,1048.1,3598,1025.8,3598,999.55,3607.2,974.55,3640,956.25,3659.65,954.95,3685.9,961.5,3705.55,979.8,3712.15,1006.1,3712.15,1021.85,3709.5,1045.45
4-7,Uninfected,No_comment,Polygon,13,3814.45,1040.2,3784.25,1032.35,3750.15,1012.65,3723.95,987.75,3722.6,968.05,3751.5,929.95,3777.7,928.7,3821,940.45,3866.9,987.75,3873.45,995.6,3868.2,1012.65,3860.35,1025.8,3843.3,1032.35
4-8,Uninfected,No_comment,Polygon,16,3965.3,1092.6,3935.1,1100.55,3912.8,1117.6,3880,1112.35,3860.35,1094,3860.35,1061.2,3873.45,1041.45,3886.6,1038.9,3893.15,1025.8,3906.25,1008.75,3925.95,1000.85,3945.6,999.55,3958.75,1006.1,3978.4,1027.1,3984.95,1046.7,3978.4,1059.9
4-9,Uninfected,No_comment,Polygon,11,3499.65,915.6,3453.7,962.75,3434.05,962.75,3420.95,953.65,3375,923.4,3357.95,876.25,3375,861.75,3402.55,856.5,3436.65,856.5,3468.15,869.7,3493.05,894.6
4-10,Uninfected,No_comment,Polygon,15,3427.5,828.95,3376.35,828.95,3355.35,828.95,3337,809.35,3331.75,783.1,3335.65,763.45,3344.85,733.2,3371.1,718.85,3388.15,717.55,3410.45,724.1,3420.95,730.65,3430.1,737.2,3447.15,756.9,3447.15,776.55,3441.9,797.55
4-11,Uninfected,No_comment,Polygon,12,3191.4,835.6,3165.15,823.7,3153.35,797.55,3153.35,759.5,3179.55,730.65,3212.35,712.3,3251.7,725.4,3270.1,756.9,3271.4,779.2,3263.5,805.4,3256.95,817.15,3237.3,830.35
4-12,Uninfected,No_comment,Polygon,13,3428.8,1071.7,3415.7,1079.55,3389.45,1074.3,3361.9,1066.45,3348.8,1046.7,3335.65,1019.15,3335.65,987.75,3351.4,973.3,3384.2,966.75,3420.95,979.8,3440.6,999.55,3443.25,1032.35,3447.15,1065.15
4-13,Uninfected,No_comment,Polygon,14,3284.5,1073,3259.6,1073,3237.3,1059.9,3224.15,1045.45,3211.05,1025.8,3205.8,995.6,3230.75,956.25,3250.4,948.4,3271.4,954.95,3298.95,973.3,3305.5,1000.85,3309.45,1019.15,3312.05,1038.9,3305.5,1058.5
4-14,Uninfected,No_comment,Polygon,12,3132.35,1045.45,3106.1,1045.45,3075.95,1015.3,3073.35,994.3,3102.2,940.45,3132.35,928.7,3152.05,927.4,3171.7,940.45,3184.8,961.5,3191.4,986.45,3178.25,1019.15,3165.15,1034.95
4-15,Uninfected,No_comment,Polygon,15,3061.5,941.85,3027.4,981.2,3001.2,973.3,2961.85,947,2950,927.4,2948.7,909.05,2961.85,876.25,2974.95,876.25,2984.15,874.95,3001.2,874.95,3010.35,874.95,3023.5,876.25,3043.15,894.6,3062.85,920.85,3066.75,935.2
4-16,Uninfected,No_comment,Polygon,12,2870,940.45,2850.35,936.6,2826.7,927.4,2817.55,909.05,2807.05,882.8,2825.4,848.7,2859.5,831.65,2870,828.95,2909.35,843.45,2923.8,881.5,2910.65,914.3,2896.25,933.95
4-17,Uninfected,No_comment,Polygon,10,3016.9,848.7,2976.25,855.25,2915.9,822.45,2922.5,779.2,2955.25,752.95,2976.25,745,2994.6,746.4,3014.3,756.9,3028.75,784.35,3035.3,828.95
4-18,Uninfected,No_comment,Polygon,12,2859.5,770,2837.2,815.9,2817.55,823.7,2792.6,818.55,2765.05,804.1,2745.4,783.1,2738.85,751.65,2758.5,724.1,2779.5,718.85,2804.45,718.85,2824.1,730.65,2843.8,743.75
4-19,Uninfected,No_comment,Polygon,12,2666.7,843.45,2660.15,903.8,2654.9,920.85,2627.35,922.15,2603.75,927.4,2577.5,902.5,2561.75,874.95,2561.75,831.65,2581.45,810.65,2614.25,809.35,2635.2,810.65,2656.2,830.35
4-20,Uninfected,No_comment,Polygon,14,2509.3,960.2,2484.35,962.75,2450.25,954.95,2425.35,933.95,2407,910.35,2407,895.85,2424.05,868.3,2446.35,848.7,2472.55,848.7,2496.15,856.5,2515.85,877.55,2535.55,903.8,2535.55,920.85,2535.55,941.85
4-21,Uninfected,No_comment,Polygon,15,2404.35,935.2,2397.8,960.2,2380.75,961.5,2361.05,961.5,2345.35,953.65,2313.85,920.85,2319.1,881.5,2328.3,851.25,2345.35,848.7,2361.05,848.7,2371.55,861.75,2379.45,863.15,2391.25,864.45,2397.8,876.25,2400.4,889.35
4-22,Uninfected,No_comment,Polygon,16,2570.95,792.3,2548.65,804.1,2536.85,817.15,2510.6,822.45,2489.6,818.55,2472.55,805.4,2463.4,791,2471.25,731.95,2483.05,718.85,2511.9,712.3,2536.85,712.3,2561.75,712.3,2577.5,713.6,2588,731.95,2590.6,756.9,2588,772.55
4-23,Uninfected,No_comment,Polygon,10,2233.85,922.15,2273.2,920.85,2346.65,981.2,2354.5,1008.75,2351.9,1020.55,2338.75,1038.9,2325.65,1045.45,2240.4,993,2229.9,973.3,2227.25,940.45
4-24,Uninfected,No_comment,Polygon,10,2358.45,1204.1,2312.55,1189.75,2306,1143.85,2320.4,1097.85,2351.9,1092.6,2378.1,1094,2410.9,1126.8,2412.25,1163.5,2404.35,1196.3,2379.45,1204.1
4-25,Uninfected,No_comment,Polygon,12,2515.85,1170,2476.5,1153,2451.6,1130.65,2456.8,1079.55,2476.5,1046.7,2497.5,1040.2,2515.85,1040.2,2536.85,1053.25,2548.65,1078.25,2551.25,1111.05,2551.25,1137.2,2538.15,1158.25
4-26,Uninfected,No_comment,Polygon,12,2807.05,1079.55,2765.05,1100.55,2728.35,1099.25,2700.8,1079.55,2681.15,1046.7,2679.8,1013.9,2712.6,986.45,2751.95,982.5,2778.2,993,2797.85,1015.3,2807.05,1048.1,2812.3,1074.3
4-27,Uninfected,No_comment,Polygon,11,2839.85,1250.1,2812.3,1243.45,2771.65,1189.75,2784.75,1145.15,2818.85,1120.15,2843.8,1124.15,2864.75,1143.85,2889.7,1177.95,2891,1204.1,2877.9,1229.1,2866.1,1248.7
4-28,Uninfected,No_comment,Polygon,12,2745.4,1320.9,2721.8,1317,2706.05,1307.8,2666.7,1250.1,2679.8,1196.3,2699.5,1189.75,2713.9,1189.75,2727.05,1191.05,2745.4,1209.35,2784.75,1261.9,2778.2,1294.7,2766.4,1315.6
4-29,Uninfected,No_comment,Polygon,14,2661.45,1393.05,2633.9,1389.05,2609,1379.95,2601.1,1353.7,2588,1334.05,2581.45,1320.9,2588,1290.75,2609,1268.45,2627.35,1256.65,2653.6,1271,2674.55,1303.85,2692.95,1327.4,2694.25,1349.7,2686.35,1379.95
4-30,Uninfected,No_comment,Polygon,11,2563.05,1432.4,2535.55,1433.65,2502.75,1419.3,2485.7,1399.55,2484.35,1362.9,2515.85,1334.05,2544.7,1328.8,2569.65,1340.6,2584.05,1366.75,2588,1389.05,2589.3,1408.8
4-31,Uninfected,No_comment,Polygon,12,2424.05,1356.35,2391.25,1347.15,2378.1,1317,2386,1281.55,2404.35,1255.35,2437.15,1242.2,2463.4,1242.2,2472.55,1263.2,2489.6,1289.45,2489.6,1307.8,2469.95,1336.65,2456.8,1356.35
4-32,Uninfected,No_comment,Polygon,15,2476.5,1530.8,2450.25,1537.35,2412.25,1524.25,2392.55,1504.55,2384.7,1467.75,2387.3,1427.15,2397.8,1407.5,2445,1406.1,2458.15,1408.8,2476.5,1420.6,2496.15,1445.45,2509.3,1448.15,2511.9,1461.2,2511.9,1491.45,2502.75,1512.35
4-33,Uninfected,No_comment,Polygon,14,2581.45,1551.7,2548.65,1537.35,2528.95,1505.85,2535.55,1478.25,2543.4,1465.2,2556.5,1459.95,2574.9,1458.65,2589.3,1453.4,2601.1,1454.7,2627.35,1466.5,2633.9,1492.75,2633.9,1512.35,2627.35,1537.35,2614.25,1543.9
4-34,Uninfected,No_comment,Polygon,12,2883.15,1629.15,2863.45,1630.4,2850.35,1642.3,2820.15,1643.6,2797.85,1625.25,2784.75,1585.9,2791.3,1553.1,2818.85,1543.9,2839.85,1538.65,2876.55,1551.7,2892.3,1585.9,2896.25,1610.8
4-35,Uninfected,No_comment,Polygon,11,2988.05,1366.75,2948.7,1399.55,2931.65,1395.7,2909.35,1382.55,2883.15,1366.75,2870,1347.15,2876.55,1320.9,2883.15,1294.7,2918.55,1296,2956.6,1309.1,2981.5,1347.15
4-36,Uninfected,No_comment,Polygon,15,2957.9,1275,2929.05,1261.9,2912,1236.95,2910.65,1218.6,2915.9,1198.85,2915.9,1189.75,2929.05,1164.75,2956.6,1150.4,2981.5,1150.4,2995.95,1159.5,3015.6,1177.95,3023.5,1196.3,3027.4,1222.55,3015.6,1243.45,3001.2,1256.65
4-37,Uninfected,No_comment,Polygon,11,3014.3,1361.5,2981.5,1303.85,2994.6,1276.3,3027.4,1268.45,3066.75,1282.8,3082.5,1307.8,3099.55,1327.4,3099.55,1349.7,3087.75,1366.75,3053.65,1379.95,3033.95,1379.95
4-38,Uninfected,No_comment,Polygon,13,3220.25,1159.5,3174.35,1177.95,3158.6,1176.55,3107.45,1133.35,3093,1112.35,3093,1084.8,3100.85,1073,3114,1061.2,3138.9,1059.9,3152.05,1065.15,3211.05,1113.65,3224.15,1132.05,3224.15,1150.4
4-39,Uninfected,No_comment,Polygon,15,3351.4,1215.9,3316,1225.15,3289.75,1218.6,3256.95,1204.1,3245.15,1184.5,3243.85,1159.5,3243.85,1143.85,3250.4,1107.1,3250.4,1094,3271.4,1099.25,3298.95,1099.25,3322.55,1111.05,3335.65,1120.15,3351.4,1153,3361.9,1176.55
4-40,Uninfected,No_comment,Polygon,12,3397.3,1334.05,3361.9,1328.8,3337,1302.55,3330.4,1276.3,3329.1,1257.95,3355.35,1236.95,3394.7,1229.1,3420.95,1231.65,3443.25,1256.65,3453.7,1277.55,3447.15,1309.1,3427.5,1327.4
4-41,Uninfected,No_comment,Polygon,14,3525.85,1297.3,3460.3,1231.65,3460.3,1198.85,3468.15,1184.5,3473.4,1176.55,3493.05,1176.55,3512.75,1177.95,3539,1179.25,3558.65,1191.05,3571.75,1210.75,3578.35,1243.45,3580.95,1261.9,3571.75,1282.8,3561.3,1294.7
4-42,Uninfected,No_comment,Polygon,14,3670.15,1256.65,3650.5,1255.35,3626.85,1242.2,3611.15,1229.1,3611.15,1209.35,3611.15,1184.5,3617.7,1166.15,3637.35,1153,3658.35,1151.7,3692.45,1151.7,3725.25,1183.2,3722.6,1215.9,3710.8,1243.45,3691.15,1256.65
4-43,Uninfected,No_comment,Polygon,13,3866.9,1223.85,3781.65,1210.75,3768.55,1191.05,3755.4,1170,3755.4,1158.25,3768.55,1132.05,3801.3,1125.4,3827.55,1120.15,3856.4,1130.65,3874.8,1153,3887.9,1171.4,3893.15,1196.3,3880,1212.05
4-44,Uninfected,No_comment,Polygon,17,4038.25,1165.8,4017.75,1172.7,4005.95,1189.75,3998.1,1192.3,3971.85,1202.85,3958.75,1197.6,3935.1,1189.75,3919.4,1172.7,3915.45,1164.75,3919.4,1150.4,3932.5,1118.9,3965.3,1117.6,3984.95,1117.6,3992.85,1125.4,4004.65,1137.2,4011.2,1139.9,4032.2,1150.4
4-45,Uninfected,No_comment,Polygon,15,4040.05,1215.9,4019.05,1196.3,4008.1,1178.9,4012,1154,4013.35,1140.9,4030.85,1118.9,4051.85,1113.65,4083.35,1117.6,4099.1,1124.15,4109.55,1143.85,4116.15,1171.4,4109.55,1191.05,4096.45,1209.35,4076.8,1218.6,4057.1,1218.6
4-46,Uninfected,No_comment,Polygon,11,4125.3,1105.8,4066.3,1092.6,4040.05,1071.7,4044,1046.7,4057.1,1019.15,4112.2,995.6,4137.1,999.55,4158.1,1007.4,4168.6,1040.2,4169.9,1074.3,4151.55,1099.25
4-47,Uninfected,No_comment,Polygon,17,4122.75,1355.25,4122.7,1379.95,4110.9,1400.95,4091.2,1414.05,4059.75,1421.9,4044,1427.15,4011.2,1427.15,3998.1,1408.8,3986.25,1389.05,3991.5,1373.4,3998.1,1360.25,3998.1,1353.7,3999.4,1343.2,4037.45,1334.05,4072.85,1320.9,4103,1320.9,4122.7,1328.8
4-48,Uninfected,No_comment,Polygon,17,4103,1284.2,4076.8,1296,4058.4,1317,4058.5,1340.85,4063.75,1361.75,4076.95,1381.5,4096.55,1394.55,4116.15,1400.95,4143.7,1402.25,4164.65,1395.7,4183.05,1362.9,4181.7,1341.9,4176.45,1328.8,4168.6,1314.35,4156.8,1302.55,4138.45,1289.45,4124,1281.55
4-49,Uninfected,No_comment,Polygon,15,3952.15,1381.25,3925.95,1387.8,3907.55,1393.05,3893.15,1386.5,3882.65,1373.4,3876.1,1353.7,3886.6,1330.1,3899.7,1309.1,3925.95,1296,3945.6,1296,3958.75,1301.25,3978.4,1310.35,3984.95,1336.65,3984.95,1349.7,3978.4,1368.15
4-50,Uninfected,No_comment,Polygon,14,3807.9,1556.95,3761.95,1551.7,3748.85,1543.9,3735.75,1512.35,3742.3,1486.2,3769.85,1466.5,3794.75,1461.2,3814.45,1459.95,3834.1,1467.75,3849.85,1486.2,3847.25,1505.85,3847.25,1519,3836.75,1530.8,3827.55,1538.65
4-51,Uninfected,No_comment,Polygon,18,3919.4,1623.85,3902.3,1635.65,3893.15,1635.65,3873.45,1629.15,3853.8,1617.35,3840.65,1605.55,3836.75,1584.5,3847.25,1558.35,3862.95,1538.65,3881.35,1524.25,3899.7,1520.3,3919.4,1520.3,3935.1,1525.55,3952.15,1543.9,3971.85,1564.9,3966.6,1585.9,3958.75,1605.55,3952.15,1616.05
4-52,Uninfected,No_comment,Polygon,20,3932.5,1638.35,3912.8,1657.95,3899.7,1677.7,3899.7,1694.75,3902.3,1715.75,3927.25,1735.4,3945.6,1743.3,3965.3,1748.55,3986.25,1748.55,4004.65,1741.9,4011.2,1723.6,4012.5,1707.8,4013.8,1682.95,4011.2,1669.85,3999.4,1650.15,3992.85,1637.05,3971.85,1631.8,3958.75,1629.15,3945.6,1622.6,3932.5,1610.7
4-53,Uninfected,No_comment,Polygon,20,4024.3,1839.05,3984.95,1835.1,3965.3,1819.35,3952.15,1799.7,3932.5,1794.45,3932.5,1781.25,3946.9,1776,3952.15,1769.45,3954.8,1760.35,3958.75,1748.55,3967.9,1740.65,3978.4,1728.85,3991.5,1723.6,4011.2,1723.6,4044,1730.1,4057.1,1747.15,4070.2,1781.25,4063.65,1799.7,4053.15,1822,4044,1827.25
4-54,Uninfected,No_comment,Polygon,13,3338.3,1492.75,3322.55,1512.35,3296.3,1517.6,3270.1,1513.75,3217.6,1445.45,3224.15,1419.3,3243.85,1402.25,3258.3,1394.3,3277.95,1399.55,3309.45,1414.05,3322.55,1427.15,3335.65,1440.3,3338.3,1471.75
4-55,Uninfected,No_comment,Polygon,17,3376.35,1650.15,3355.35,1648.85,3329.1,1635.65,3316,1617.35,3309.45,1602.95,3309.45,1583.25,3310.75,1563.6,3329.1,1543.9,3348.8,1525.55,3355.35,1525.55,3388.15,1525.55,3401.25,1537.35,3414.35,1553.1,3420.95,1578,3420.95,1604.25,3415.7,1622.6,3401.25,1643.6
4-56,Uninfected,No_comment,Polygon,15,3296.3,1707.8,3276.65,1714.35,3251.7,1714.35,3230.75,1707.8,3213.7,1694.75,3199.25,1671.15,3197.95,1655.4,3197.95,1637.05,3211.05,1616.05,3243.85,1605.55,3284.5,1610.8,3297.65,1630.4,3309.45,1655.4,3316,1675,3309.45,1689.5
4-57,Uninfected,No_comment,Polygon,11,3220.25,1498,3205.8,1517.6,3165.15,1524.25,3128.4,1517.6,3086.45,1478.25,3086.45,1466.5,3099.55,1433.65,3125.8,1419.3,3158.6,1419.3,3178.25,1433.65,3200.55,1458.65
4-58,Uninfected,No_comment,Polygon,16,2961.85,1525.55,2929.05,1511.1,2909.35,1491.45,2904.1,1466.5,2909.35,1438.9,2922.5,1427.15,2936.9,1425.85,2944.8,1420.6,2957.9,1415.35,2988.05,1415.35,3001.2,1425.85,3014.3,1445.45,3016.9,1473,3016.9,1499.3,3001.2,1512.35,2988.05,1525.55
4-59,Uninfected,No_comment,Polygon,14,3060.2,1702.55,3014.3,1734.1,2990.7,1741.9,2963.15,1727.55,2955.25,1697.3,2955.25,1681.65,2963.15,1656.7,2982.8,1637.05,3002.5,1618.6,3014.3,1617.35,3040.55,1623.85,3061.5,1631.8,3066.75,1656.7,3069.4,1675
4-60,Uninfected,No_comment,Polygon,14,2879.2,1768.2,2856.9,1762.95,2837.2,1743.3,2820.15,1727.55,2824.1,1689.5,2850.35,1661.95,2864.75,1651.45,2883.15,1651.45,2910.65,1663.2,2925.1,1681.65,2935.6,1702.55,2931.65,1723.6,2922.5,1748.55,2902.8,1761.65
4-61,Uninfected,No_comment,Polygon,14,2410.9,1735.4,2378.1,1748.55,2361.05,1743.3,2351.9,1734.1,2312.55,1668.45,2319.1,1644.9,2326.95,1629.15,2347.95,1617.35,2374.2,1617.35,2397.8,1618.6,2424.05,1642.3,2426.65,1663.2,2424.05,1677.7,2417.45,1703.95
4-62,Uninfected,No_comment,Polygon,14,2273.2,1651.45,2260.05,1669.85,2240.4,1682.95,2202.35,1682.95,2182.7,1676.4,2168.25,1668.45,2164.3,1651.45,2168.25,1631.8,2163,1602.95,2174.8,1585.9,2201.05,1585.9,2229.9,1596.3,2248.25,1616.05,2266.65,1631.8
4-63,Uninfected,No_comment,Polygon,13,3487.8,1753.7,3453.7,1755.1,3427.5,1741.9,3415.7,1727.55,3407.8,1709.2,3407.8,1682.95,3420.95,1656.7,3440.6,1642.3,3486.5,1650.15,3506.2,1663.2,3514.05,1682.95,3525.85,1710.5,3512.75,1734.1
4-64,Uninfected,No_comment,Polygon,14,3579.65,1629.15,3567.85,1637.05,3546.85,1635.65,3479.95,1572.75,3460.3,1556.95,3466.85,1530.8,3479.95,1511.1,3494.4,1498,3521.95,1494.05,3548.15,1507.1,3565.2,1526.85,3578.35,1556.95,3591.45,1578,3580.95,1635.65
4-65,Uninfected,No_comment,Polygon,14,3716.05,1602.95,3697.7,1610.8,3678,1622.6,3663.6,1622.6,3646.55,1612.1,3633.4,1597.7,3624.25,1584.5,3624.25,1559.65,3638.65,1530.8,3658.35,1519,3676.7,1513.75,3691.15,1525.55,3709.5,1539.9,3717.35,1566.2
4-66,Uninfected,No_comment,Polygon,17,3821,1703.95,3794.75,1714.35,3768.55,1703.95,3742.3,1690.8,3716.05,1668.45,3716.05,1644.9,3722.6,1622.6,3729.2,1610.8,3729.2,1596.3,3729.2,1583.25,3731.8,1576.7,3761.95,1579.25,3781.65,1584.5,3796.1,1596.3,3821,1618.6,3827.55,1656.7,3828.85,1681.65
4-67,Uninfected,No_comment,Polygon,14,2538.15,1764.2,2510.6,1776,2489.6,1777.4,2469.9,1774.75,2445,1756.4,2426.65,1728.85,2425.35,1698.7,2439.75,1676.4,2456.8,1652.7,2489.6,1663.2,2510.6,1677.7,2528.95,1696.05,2542.05,1723.6,2544.7,1756.4
4-68,Uninfected,No_comment,Polygon,18,2673.25,1781.25,2666.7,1801,2653.55,1808.8,2629.95,1827.15,2607.65,1827.15,2581.4,1815.35,2564.35,1803.55,2555.2,1790.5,2555.2,1769.45,2561.75,1756.4,2561.75,1743.2,2561.75,1730.1,2582.75,1717.05,2602.4,1709.1,2622.1,1715.75,2643.05,1728.85,2673.25,1755.1,2673.25,1781.25
4-69,Uninfected,No_comment,Polygon,13,3270.05,1875.75,3232,1882.25,3191.35,1854.7,3184.8,1827.15,3184.8,1810.1,3178.25,1794.45,3191.35,1770.75,3224.15,1744.6,3256.95,1761.65,3283.2,1777.4,3296.3,1802.3,3302.85,1829.85,3296.3,1853.4
4-70,Uninfected,No_comment,Polygon,19,3106.1,1866.6,3086.45,1859.95,3049.7,1823.3,3047.05,1802.3,3054.95,1787.8,3066.75,1781.25,3079.85,1776,3094.3,1761.65,3106.1,1749.85,3115.3,1731.4,3138.9,1736.65,3158.55,1761.65,3158.55,1776,3158.55,1789.2,3158.55,1807.55,3171.7,1820.6,3167.75,1846.9,3152,1861.35,3132.35,1867.9
4-71,Uninfected,No_comment,Polygon,14,3427.45,1907.25,3397.3,1912.5,3376.3,1905.95,3351.4,1892.75,3335.65,1869.2,3331.7,1841.65,3342.2,1814.1,3361.9,1790.5,3382.8,1783.95,3417,1783.95,3440.6,1802.3,3453.7,1828.55,3456.35,1861.35,3449.75,1892.75
4-72,Uninfected,No_comment,Polygon,14,3578.3,1932.1,3565.2,1960.95,3546.85,1974.15,3525.85,1974.15,3512.75,1971.45,3493.05,1958.4,3473.4,1946.6,3460.25,1926.85,3466.75,1899.3,3474.7,1874.45,3493.05,1859.95,3506.1,1854.7,3520.6,1854.7,3545.5,1856.1
4-73,Uninfected,No_comment,Polygon,16,3676.7,1947.9,3659.65,1938.65,3638.65,1933.4,3624.2,1925.6,3613.75,1913.8,3565.2,1848.15,3598,1776,3598,1762.95,3612.4,1776,3617.65,1787.8,3638.65,1797.05,3657,1815.35,3670.15,1835.1,3683.25,1859.95,3684.55,1875.75,3683.25,1908.55
4-74,Uninfected,No_comment,Polygon,23,3836.65,1854.7,3807.85,1854.7,3769.8,1862.65,3742.3,1861.35,3723.9,1856.1,3702.95,1841.65,3689.8,1808.8,3679.3,1787.8,3670.15,1762.95,3664.9,1748.45,3663.6,1738.05,3678,1743.2,3692.45,1748.45,3722.6,1756.4,3743.6,1762.95,3756.7,1769.45,3777.7,1790.5,3788.2,1807.55,3801.3,1823.3,3814.4,1828.55,3834.1,1833.8,3847.2,1840.35,3847.2,1849.45
4-75,Uninfected,No_comment,Polygon,17,3899.7,1887.5,3868.2,1879.7,3847.2,1866.6,3827.45,1849.45,3823.5,1833.7,3823.6,1815.35,3827.55,1794.45,3847.2,1776,3866.9,1768.2,3901,1768.2,3920.6,1777.4,3939.05,1802.3,3939.05,1820.6,3945.6,1840.35,3941.65,1853.4,3932.5,1867.9,3919.35,1886.25
4-76,Uninfected,No_comment,Polygon,16,4378.45,1879.7,4360.1,1886.25,4335.1,1887.5,4306.3,1886.25,4289.25,1874.45,4280.1,1849.45,4273.5,1823.3,4282.7,1797.05,4306.3,1776,4333.85,1769.45,4361.4,1776,4379.75,1790.5,4391.55,1808.8,4392.9,1823.3,4391.55,1846.9,4386.35,1867.9
4-77,Uninfected,No_comment,Polygon,23,4385,2024,4381.1,2024,4361.4,2031.85,4339.1,2037.1,4319.45,2037.1,4302.4,2025.3,4287.95,2006.95,4280.1,1992.5,4274.85,1966.2,4268.25,1945.3,4260.4,1933.4,4253.85,1925.6,4280.1,1920.35,4299.75,1920.35,4328.6,1919.05,4352.2,1919.05,4367.95,1919.05,4391.55,1932.1,4392.9,1945.3,4392.9,1959.7,4398.15,1984.65,4398.15,1999,4394.2,2018.75
4-78,Uninfected,No_comment,Polygon,18,4242.05,2017.35,4234.15,2031.85,4215.8,2037.1,4194.8,2037.1,4168.6,2037.1,4156.8,2026.6,4148.9,2013.5,4137.1,1992.5,4129.25,1971.45,4129.25,1946.6,4138.4,1925.6,4162,1905.95,4183,1900.7,4207.95,1907.25,4223.7,1925.6,4247.3,1951.85,4253.85,1974.15,4253.85,1997.75
4-79,Uninfected,No_comment,Polygon,18,4092.5,1907.25,4116.1,1921.6,4135.85,1932.1,4151.6,1947.8,4170,1967.6,4175.2,1979.3,4175.2,1999,4168.65,2013.4,4156.8,2031.85,4135.8,2038.35,4104.3,2037.1,4076.75,2025.3,4050.55,2013.5,4030.85,2000.3,4026.9,1978,4030.85,1945.3,4046.6,1921.6,4070.2,1915.05
4-80,Uninfected,No_comment,Polygon,16,3906.25,1999,3876.05,2039.65,3860.35,2050.15,3840.65,2046.3,3814.4,2037.1,3794.75,2024,3769.8,1997.75,3768.5,1978,3768.5,1945.3,3775,1921.6,3788.2,1919.05,3821,1913.8,3860.35,1925.6,3873.45,1934.8,3881.3,1958.4,3893.1,1979.4
4-81,Uninfected,No_comment,Polygon,13,3946.9,2222.05,3940.35,2253.55,3927.25,2262.65,3899.7,2254.85,3797.3,2155.15,3794.75,2138.1,3801.3,2122.3,3815.75,2110.55,3830.15,2110.55,3853.75,2115.8,3876.05,2130.25,3902.3,2157.7,3927.25,2187.95
4-82,Uninfected,No_comment,Polygon,14,3723.9,2195.75,3699,2194.5,3670.15,2181.4,3650.45,2156.4,3643.9,2130.25,3657,2102.7,3670.15,2083,3705.55,2071.2,3725.25,2076.45,3755.4,2110.55,3764.6,2131.55,3764.6,2151.15,3758,2170.9,3748.85,2187.95
4-83,Uninfected,No_comment,Polygon,11,4176.45,2109.25,4142.35,2157.7,4109.55,2156.4,4089.9,2144.65,4066.2,2128.85,4045.3,2110.55,4025.6,2069.9,4037.4,2058.1,4076.75,2056.7,4109.55,2056.7,4137.1,2069.9
4-84,Uninfected,No_comment,Polygon,13,4078.1,2292.9,4050.55,2287.65,4024.3,2266.65,4012.5,2233.85,4019.05,2202.3,4043.9,2169.6,4076.75,2162.95,4097.75,2168.2,4122.65,2182.7,4135.8,2214.2,4138.4,2241.65,4118.75,2273.2,4104.3,2286.25
4-85,Uninfected,No_comment,Polygon,14,4274.85,2333.55,4247.3,2327,4227.6,2308.55,4214.5,2287.65,4214.5,2273.2,4223.7,2246.9,4242.05,2223.3,4269.6,2220.75,4294.5,2223.3,4332.55,2241.65,4345.65,2261.4,4347,2286.25,4341.75,2308.55,4327.3,2325.6
4-86,Uninfected,No_comment,Polygon,13,4201.4,2490.95,4171.2,2485.7,4137.1,2464.65,4129.25,2443.75,4129.25,2412.25,4142.35,2380.7,4168.6,2358.4,4194.8,2353.15,4234.15,2366.35,4247.3,2404.3,4243.35,2438.5,4247.3,2469.9,4234.15,2483.1
4-87,Uninfected,No_comment,Polygon,14,4070.2,2489.65,4037.4,2477.85,4013.8,2464.65,3999.35,2424.05,4004.6,2392.5,4017.75,2367.65,4032.15,2353.15,4053.15,2358.4,4089.9,2371.6,4097.75,2380.7,4109.55,2412.25,4110.85,2445.05,4103,2471.2,4085.95,2489.65
4-88,Uninfected,No_comment,Polygon,45,3919.35,2346.6,3906.25,2353.15,3901,2361.1,3901,2366.35,3901,2372.9,3881.3,2378.15,3873.45,2374.2,3873.45,2379.45,3853.75,2378.15,3849.85,2371.6,3840.65,2372.9,3830.15,2372.9,3827.55,2364.95,3828.85,2359.8,3817.05,2353.15,3814.4,2351.9,3807.85,2341.35,3807.85,2333.55,3794.75,2332.25,3794.75,2320.45,3796.05,2308.55,3801.3,2295.5,3801.3,2287.65,3801.3,2281,3803.95,2274.45,3814.4,2281,3821,2274.45,3827.55,2260.1,3834.1,2260.1,3836.65,2266.65,3847.2,2260.1,3860.35,2249.6,3866.9,2249.6,3873.45,2261.4,3880,2266.65,3889.2,2266.65,3899.7,2267.9,3906.25,2274.45,3906.25,2292.9,3906.25,2299.45,3919.35,2306,3925.9,2313.8,3919.35,2320.45,3915.4,2327,3927.25,2345.35
4-89,Uninfected,No_comment,Polygon,11,3777.7,2338.8,3761.95,2361.1,3704.25,2332.25,3639.95,2256.15,3637.35,2223.3,3646.5,2220.75,3659.65,2220.75,3683.25,2235.1,3735.7,2253.55,3755.4,2274.45,3769.8,2295.5
4-90,Uninfected,No_comment,Polygon,14,3650.45,2325.6,3643.9,2359.8,3612.4,2364.95,3579.65,2364.95,3552.1,2351.9,3532.4,2333.55,3506.1,2307.25,3489.1,2275.85,3489.1,2266.65,3495.7,2254.85,3527.15,2253.55,3565.2,2249.6,3611.1,2279.7,3637.35,2299.45
4-91,Uninfected,No_comment,Polygon,12,3862.95,2597.2,3874.75,2633.85,3868.2,2674.6,3853.75,2694.2,3823.6,2706,3775,2706,3751.45,2627.3,3768.5,2614.25,3796.05,2601.15,3807.85,2569.65,3828.85,2564.4,3847.2,2570.9
4-92,Uninfected,No_comment,Polygon,15,3696.35,2688.95,3663.6,2687.7,3645.2,2673.2,3637.35,2648.35,3637.35,2615.5,3632.1,2584.1,3664.9,2551.3,3676.7,2548.6,3699,2555.15,3710.8,2568.35,3717.35,2582.7,3722.6,2609,3729.15,2641.8,3723.9,2668.05,3709.5,2686.4
4-93,Uninfected,No_comment,Polygon,14,3651.7,2498.75,3630.8,2504,3607.15,2496.2,3592.75,2477.85,3591.45,2458.15,3598,2425.3,3607.15,2410.95,3630.8,2391.2,3657,2391.2,3684.55,2397.75,3704.25,2425.3,3709.5,2446.35,3697.7,2476.45,3689.8,2489.65
4-94,Uninfected,No_comment,Polygon,17,3493.05,2515.8,3474.7,2504,3453.7,2498.75,3441.9,2483.1,3420.9,2471.2,3417,2439.8,3423.55,2404.3,3447.15,2385.95,3469.45,2378.15,3486.5,2384.7,3514.05,2392.5,3525.85,2412.25,3527.15,2437.1,3527.15,2456.85,3514.05,2476.45,3499.6,2485.7,3494.35,2498.75
4-95,Uninfected,No_comment,Polygon,14,3397.3,2522.45,3381.55,2542.1,3355.35,2542.1,3329.1,2538.1,3309.4,2523.75,3296.3,2498.75,3289.75,2471.2,3315.95,2431.85,3342.2,2430.55,3361.9,2431.85,3381.55,2443.75,3401.25,2463.4,3402.55,2483.1,3407.8,2509.25
4-96,Uninfected,No_comment,Polygon,12,3335.65,2391.2,3289.75,2418.8,3271.4,2424.05,3246.45,2418.8,3230.7,2397.75,3225.45,2379.45,3225.45,2351.9,3243.85,2325.6,3270.05,2315.2,3302.85,2313.8,3329.1,2332.25,3348.75,2364.95
4-97,Uninfected,No_comment,Polygon,12,3381.55,2269.2,3351.4,2281,3322.55,2286.25,3292.35,2266.65,3276.6,2233.85,3270.05,2197.15,3289.75,2174.85,3323.85,2157.7,3348.75,2157.7,3381.55,2183.95,3394.7,2220.75,3394.7,2246.9
4-98,Uninfected,No_comment,Polygon,14,3434.05,2156.4,3410.4,2161.65,3384.2,2156.4,3356.65,2136.8,3342.2,2122.3,3322.55,2089.5,3315.95,2069.9,3329.1,2058.1,3355.35,2058.1,3381.55,2063.35,3401.25,2071.2,3427.45,2102.7,3436.65,2117.05,3443.2,2142.05
4-99,Uninfected,No_comment,Polygon,15,3552.1,2071.2,3508.8,2090.9,3487.8,2084.25,3461.55,2071.2,3441.9,2056.7,3423.55,2031.85,3414.35,2004.3,3414.35,1974.15,3434.05,1959.7,3462.9,1966.2,3486.5,1979.4,3499.6,1987.25,3521.9,2012.1,3540.3,2031.85,3548.15,2069.9
4-100,Uninfected,No_comment,Polygon,16,3323.85,2018.75,3302.85,2025.3,3279.25,2024,3250.4,2012.1,3230.7,1985.95,3217.6,1966.2,3200.55,1945.3,3199.25,1920.35,3225.45,1907.25,3256.95,1899.3,3276.6,1899.3,3302.85,1912.5,3317.3,1920.35,3335.65,1945.3,3350.1,1967.6,3355.35,1984.65
4-101,Uninfected,No_comment,Polygon,12,3243.85,2131.55,3218.9,2135.4,3184.8,2117.05,3165.15,2084.25,3184.8,2037.1,3217.6,2024,3237.2,2020.05,3263.5,2033.1,3276.6,2046.3,3289.75,2076.45,3291.05,2102.7,3270.05,2128.85
4-102,Uninfected,No_comment,Polygon,13,3243.85,2469.9,3230.7,2496.2,3191.35,2515.8,3145.45,2504,3125.8,2490.95,3113.9,2476.45,3106.1,2439.8,3112.65,2412.25,3138.9,2399.15,3166.45,2397.75,3186.1,2393.9,3217.6,2417.5,3243.85,2439.8
4-103,Uninfected,No_comment,Polygon,14,3146.75,2351.9,3138.9,2372.9,3132.35,2374.2,3112.65,2384.7,3074.6,2379.45,3043.15,2361.1,3033.95,2333.55,3028.7,2312.55,3041.85,2286.25,3060.2,2273.2,3087.75,2273.2,3108.7,2281,3134.95,2287.65,3145.45,2319.05
4-104,Uninfected,No_comment,Polygon,13,2977.55,2430.55,2955.25,2433.25,2928.95,2424.05,2910.65,2405.7,2905.4,2379.45,2905.4,2340.1,2915.9,2313.8,2948.7,2306,2976.25,2306,3001.15,2325.6,3020.85,2353.15,3022.15,2384.7,3010.35,2410.95
4-105,Uninfected,No_comment,Polygon,14,2876.55,2471.2,2838.5,2464.65,2805.7,2450.3,2792.6,2426.6,2791.3,2397.75,2797.85,2372.9,2813.6,2354.55,2845,2359.8,2863.45,2367.65,2877.85,2384.7,2892.3,2397.75,2898.85,2424.05,2902.8,2431.85,2898.85,2456.85
4-106,Uninfected,No_comment,Polygon,14,2843.75,2622.05,2825.4,2602.45,2810.95,2587.95,2784.75,2568.35,2771.6,2544.75,2771.6,2522.45,2784.75,2497.5,2805.7,2496.2,2850.3,2496.2,2876.55,2504,2896.25,2530.3,2897.55,2568.35,2896.25,2594.5,2879.2,2620.8
4-107,Uninfected,No_comment,Polygon,15,2689,2471.2,2706.05,2458.15,2706.05,2430.55,2692.9,2385.95,2673.25,2351.9,2647,2340.1,2628.65,2341.35,2620.75,2351.9,2616.85,2358.4,2607.65,2366.35,2607.65,2391.2,2623.4,2445.05,2633.9,2469.9,2669.3,2484.4,2689,2483.1
4-108,Uninfected,No_comment,Polygon,13,2859.5,2306,2831.95,2294.2,2820.15,2267.9,2817.55,2240.35,2810.95,2223.3,2824.1,2214.2,2850.3,2181.4,2891,2174.85,2910.65,2181.4,2925.1,2228.6,2928.95,2266.65,2902.8,2287.65,2884.4,2300.75
4-109,Uninfected,No_comment,Polygon,14,2923.75,2085.65,2905.4,2089.5,2884.4,2085.65,2864.75,2079,2850.3,2063.35,2837.2,2025.3,2851.65,1992.5,2870,1978,2902.8,1971.45,2918.55,1972.75,2948.7,1997.75,2961.8,2025.3,2961.8,2051.55,2948.7,2069.9
4-110,Uninfected,No_comment,Polygon,17,2751.95,2090.9,2732.25,2085.65,2708.65,2069.9,2692.9,2044.9,2692.9,2030.55,2699.4,2005.55,2712.6,1991.2,2738.8,1972.75,2765.05,1972.75,2784.75,1978,2797.85,1991.2,2810.95,2012.1,2817.55,2030.55,2818.85,2051.55,2817.55,2077.7,2800.45,2083,2774.25,2090.9
4-111,Uninfected,No_comment,Polygon,12,2786.05,2286.25,2746.7,2275.85,2733.6,2267.9,2707.35,2240.35,2686.35,2215.5,2686.35,2182.7,2692.9,2161.65,2712.6,2156.4,2738.8,2161.65,2778.15,2208.95,2800.45,2248.3,2799.15,2273.2
4-112,Uninfected,No_comment,Polygon,12,2620.75,2334.85,2581.4,2340.1,2549.95,2320.45,2535.5,2299.45,2535.5,2262.65,2555.2,2233.85,2574.85,2220.75,2614.2,2228.6,2635.2,2253.55,2643.05,2279.7,2647,2302,2640.45,2320.45
4-113,Uninfected,No_comment,Polygon,11,2614.2,2653.6,2582.75,2647.05,2561.75,2630,2548.65,2607.7,2543.4,2556.55,2568.3,2529,2588,2523.75,2633.9,2536.85,2656.2,2577.45,2653.55,2614.25,2641.75,2633.85
4-114,Uninfected,No_comment,Polygon,11,2496.15,2641.8,2439.75,2648.35,2397.8,2614.25,2391.15,2582.7,2397.8,2557.85,2417.45,2529,2446.3,2517.2,2469.9,2523.75,2509.25,2551.3,2518.45,2584.1,2522.4,2607.7
4-115,Uninfected,No_comment,Polygon,21,2371.55,2456.85,2384.65,2438.5,2393.85,2424.05,2397.8,2405.7,2399.1,2378.15,2387.3,2347.9,2372.85,2340.1,2345.3,2338.8,2312.5,2346.6,2294.15,2364.95,2292.85,2379.45,2288.9,2391.2,2279.75,2397.75,2273.15,2413.55,2273.15,2430.55,2279.75,2443.75,2287.6,2450.3,2305.95,2451.6,2319.1,2463.4,2334.8,2469.9,2358.45,2471.2
4-116,Uninfected,No_comment,Polygon,20,2446.3,2410.95,2433.2,2417.5,2410.9,2424.05,2393.85,2424.15,2378.1,2412.35,2365.05,2404.4,2351.85,2397.8,2346.7,2378.2,2345.3,2365,2353.25,2351.9,2365.05,2341.4,2378.1,2325.6,2387.3,2312.55,2425.35,2306,2439.75,2307.25,2456.8,2320.45,2463.35,2327,2472.55,2353.15,2472.55,2371.6,2469.9,2391.2
4-117,Uninfected,No_comment,Polygon,18,2774.25,1920.35,2754.55,1933.4,2719.15,1940.05,2699.4,1928.25,2679.8,1892.75,2675.85,1874.45,2673.25,1849.45,2666.7,1828.55,2674.55,1827.15,2686.35,1828.55,2706.05,1828.55,2725.7,1828.55,2745.4,1829.85,2758.5,1836.4,2766.35,1848.15,2778.15,1861.35,2779.5,1886.25,2780.8,1899.3
4-118,Uninfected,No_comment,Polygon,11,2692.9,1985.95,2653.55,2004.3,2640.45,1999,2601.1,1972.75,2576.1,1932.1,2576.1,1907.25,2594.55,1899.3,2614.2,1899.3,2640.45,1913.8,2661.45,1934.8,2679.8,1958.4
4-119,Uninfected,No_comment,Polygon,17,2595.85,2092.2,2590.6,2102.7,2582.75,2110.55,2570.9,2111.8,2561.75,2105.3,2535.5,2092.2,2502.7,2069.9,2483.05,2044.9,2483.05,2017.35,2483.05,1992.5,2504.05,1984.65,2522.4,1979.4,2536.8,1985.95,2555.2,2000.3,2568.3,2018.75,2588,2051.55,2595.85,2076.45
4-120,Uninfected,No_comment,Polygon,20,2446.3,2056.7,2431.9,2056.7,2412.2,2056.7,2391.15,2044.9,2379.4,2030.55,2372.85,2006.95,2372.85,1985.95,2374.15,1964.95,2385.95,1945.3,2410.9,1938.65,2439.75,1932.1,2450.25,1932.1,2464.7,1945.3,2476.5,1959.7,2476.5,1971.45,2476.5,1987.25,2471.25,2000.3,2469.9,2018.75,2469.9,2031.85,2466,2044.9
4-121,Uninfected,No_comment,Polygon,18,2439.75,2254.85,2410.9,2254.85,2378.1,2241.65,2361.05,2207.55,2361.05,2187.95,2359.75,2164.35,2354.5,2144.65,2345.3,2128.85,2346.6,2128.85,2361.05,2130.25,2384.65,2135.4,2397.8,2142.05,2413.5,2151.15,2431.9,2168.2,2450.25,2189.25,2456.8,2214.2,2459.45,2228.6,2456.8,2246.9
4-122,Uninfected,No_comment,Polygon,19,2410.9,2115.8,2397.8,2128.85,2380.75,2142.1,2351.85,2149.9,2325.65,2155.15,2295.45,2156.4,2266.6,2143.35,2262.65,2118.35,2267.85,2097.45,2275.8,2077.7,2282.35,2059.4,2299.4,2046.3,2325.65,2039.65,2341.4,2039.65,2359.75,2044.9,2379.4,2058.1,2397.8,2065.95,2410.9,2069.9,2417.45,2085.65
4-123,Uninfected,No_comment,Polygon,18,2266.6,2084.25,2236.45,2089.5,2207.6,2089.5,2194.45,2083,2183.9,2072.45,2181.35,2058.1,2174.8,2044.9,2174.8,2025.3,2176.1,2005.55,2201,1985.95,2222,1978,2253.5,1984.65,2267.85,1993.75,2279.75,2005.55,2286.3,2026.6,2288.9,2044.9,2288.9,2063.4,2286.35,2077.75
4-124,Uninfected,No_comment,Polygon,22,2201,2189.25,2181.35,2187.95,2155.1,2181.4,2142,2177.45,2117.05,2176.15,2109.2,2169.6,2102.65,2155.15,2103.95,2136.8,2109.2,2123.6,2128.9,2117.05,2142,2102.7,2148.55,2097.45,2163,2097.45,2187.9,2092.2,2201,2102.7,2207.6,2109.25,2215.45,2115.8,2227.25,2122.3,2233.8,2144.65,2233.8,2157.7,2228.55,2174.85,2220.7,2189.25
4-125,Uninfected,No_comment,Polygon,25,2117.05,2097.45,2109.2,2111.8,2102.65,2122.3,2079.05,2125,2056.75,2128.85,2030.5,2128.85,2023.95,2117.05,2017.4,2104,2000.35,2097.45,2000.35,2089.5,2005.6,2077.7,2004.25,2064.65,2005.6,2050.15,2020,2037.1,2023.95,2020.05,2030.5,2010.8,2043.6,2012.1,2051.5,2013.5,2069.85,2012.1,2076.4,2010.8,2085.6,2020.05,2102.65,2024,2111.85,2037.1,2122.25,2051.55,2122.25,2069.9
4-126,Uninfected,No_comment,Polygon,16,2256.1,2602.45,2228.55,2607.7,2208.9,2607.7,2194.45,2595.9,2170.85,2584.1,2168.25,2561.8,2168.25,2538.1,2187.9,2497.5,2228.55,2490.95,2253.5,2497.5,2269.25,2502.75,2279.75,2517.2,2281.05,2530.3,2282.35,2548.6,2282.35,2568.35,2279.75,2582.7
4-127,Uninfected,No_comment,Polygon,16,3990.2,2909.4,3969.2,2908,3937.7,2902.75,3918.05,2889.7,3904.95,2870.05,3906.25,2843.8,3918.05,2817.5,3932.5,2803.15,3965.25,2771.65,3988.9,2770.35,4024.3,2778.15,4041.35,2792.65,4047.9,2829.3,4047.9,2850.35,4041.35,2864.8,4028.25,2888.4
4-128,Uninfected,No_comment,Polygon,14,3864.25,2922.5,3839.35,2930.3,3818.35,2934.3,3798.7,2922.5,3785.55,2902.75,3779,2868.65,3785.55,2837.25,3805.25,2817.5,3834.1,2809.7,3852.45,2811,3877.4,2829.3,3890.5,2850.35,3891.8,2881.85,3890.5,2902.75
4-129,Uninfected,No_comment,Polygon,15,3767.2,2799.2,3742.3,2799.2,3720,2799.2,3689.8,2791.35,3670.15,2783.4,3642.6,2770.35,3629.45,2757.15,3628.15,2746.75,3634.7,2732.3,3667.5,2719.2,3695.05,2719.2,3721.3,2725.75,3746.2,2740.1,3765.9,2765.1,3775,2784.7
4-130,Uninfected,No_comment,Polygon,17,3641.3,2908,3616.35,2908,3595.35,2901.45,3557.35,2889.7,3536.35,2876.6,3516.65,2858.25,3504.85,2842.5,3504.85,2825.45,3525.85,2809.7,3549.45,2792.65,3582.25,2783.4,3595.35,2784.7,3621.6,2804.45,3642.6,2829.3,3654.4,2842.5,3655.7,2858.25,3650.45,2883.15
4-131,Uninfected,No_comment,Polygon,15,3506.1,2706,3486.5,2698.2,3457.65,2685.1,3444.45,2653.6,3437.95,2620.8,3458.95,2587.95,3483.85,2574.9,3510.1,2574.9,3529.8,2586.7,3544.2,2594.5,3558.65,2614.25,3569.15,2640.5,3570.45,2665.4,3556,2681.15,3538.95,2698.2
4-132,Uninfected,No_comment,Polygon,17,3375,2803.15,3339.6,2803.15,3313.35,2792.65,3287.1,2771.65,3280.55,2753.3,3276.6,2732.3,3276.6,2713.95,3287.1,2692.95,3288.45,2685.1,3289.75,2673.3,3314.65,2674.6,3339.6,2678.45,3354,2691.65,3365.8,2711.25,3378.95,2744.1,3385.5,2770.35,3385.5,2783.4
4-133,Uninfected,No_comment,Polygon,17,3241.2,2737.55,3221.55,2732.3,3195.3,2725.75,3175.55,2713.95,3169.05,2691.65,3163.8,2665.4,3163.8,2626.05,3170.35,2606.4,3188.75,2599.75,3203.15,2599.75,3228.1,2607.7,3249.1,2627.3,3260.9,2645.75,3262.2,2668.05,3262.2,2692.95,3260.9,2706,3247.75,2720.5
4-134,Uninfected,No_comment,Polygon,11,3169.05,2757.15,3131,2799.2,3103.5,2799.2,3065.45,2772.9,3040.5,2752,3040.5,2717.8,3044.45,2685.1,3070.7,2678.45,3093,2674.6,3125.8,2692.95,3162.5,2731
4-135,Uninfected,No_comment,Polygon,13,2939.5,2973.65,2922.45,2986.7,2875.25,2986.7,2841.15,2961.85,2828,2922.5,2828,2890.95,2841.15,2864.8,2867.3,2855.6,2896.25,2849.05,2919.85,2862.1,2942.15,2883.15,2946.05,2914.65,2946.05,2940.8
4-136,Uninfected,No_comment,Polygon,16,2719.15,2671.9,2744.05,2678.45,2758.5,2698.2,2775.55,2713.95,2801.8,2717.8,2828,2712.65,2837.2,2685.1,2841.15,2666.65,2821.45,2626.05,2790,2599.75,2769,2589.35,2750.65,2587.95,2732.25,2599.75,2711.3,2612.95,2709.95,2632.55,2709.95,2658.85
4-137,Uninfected,No_comment,Polygon,17,2709.95,2691.65,2762.45,2738.8,2775.55,2757.15,2775.55,2779.45,2775.55,2803.15,2775.55,2817.5,2758.5,2830.7,2749.3,2835.95,2729.65,2843.8,2709.95,2843.8,2683.75,2829.3,2666.7,2816.25,2658.8,2784.7,2657.5,2759.85,2657.5,2737.55,2664.05,2712.65,2683.75,2699.45
4-138,Uninfected,No_comment,Polygon,15,2611.6,2725.75,2598.4,2759.85,2586.65,2772.9,2565.7,2778.15,2539.45,2783.4,2513.2,2776.9,2489.6,2763.8,2480.4,2745.35,2480.4,2724.45,2483.05,2698.2,2500.1,2681.15,2528.95,2678.45,2559.1,2673.3,2580.1,2679.85,2598.4,2692.95
4-139,Uninfected,No_comment,Polygon,20,2572.25,2864.8,2565.7,2877.9,2555.2,2901.45,2540.75,2910.7,2519.75,2922.5,2500.1,2922.5,2480.4,2923.75,2460.75,2922.5,2441.05,2896.2,2435.8,2876.6,2434.5,2855.6,2443.7,2832,2469.9,2805.75,2488.3,2799.2,2509.25,2803.15,2539.45,2809.7,2548.65,2809.7,2561.75,2817.5,2572.25,2832,2573.55,2849.05
4-140,Uninfected,No_comment,Polygon,15,2304.65,2929,2284.95,2868.65,2264,2842.5,2231.2,2830.7,2198.4,2835.95,2178.7,2850.35,2173.5,2875.3,2185.3,2901.45,2204.95,2934.3,2218.1,2947.35,2237.75,2960.55,2257.45,2960.55,2270.55,2960.55,2283.65,2961.85,2305.95,2943.5
4-141,Uninfected,No_comment,Polygon,27,2086.9,2822.75,2062,2812.25,2054.1,2805.75,2048.85,2789.95,2041,2776.9,2043.6,2771.65,2047.55,2758.55,2041,2750.6,2047.55,2738.8,2054.1,2720.5,2067.25,2704.75,2093.45,2698.2,2126.25,2692.95,2128.9,2692.95,2145.95,2713.95,2159.05,2731,2165.6,2744.1,2160.35,2745.35,2165.6,2757.15,2165.6,2770.35,2165.6,2776.9,2159.05,2784.7,2152.5,2778.15,2152.5,2803.15,2145.95,2805.75,2128.9,2817.5,2099.95,2822.75
4-142,Uninfected,No_comment,Polygon,14,2001.65,2897.6,1971.45,2909.4,1938.7,2908,1929.5,2896.2,1922.95,2864.8,1929.5,2837.25,1945.25,2803.15,1962.3,2786.1,1991.15,2791.35,2021.3,2804.45,2027.9,2825.45,2034.95,2850.45,2034.45,2876.6,2017.4,2889.7
4-143,Uninfected,No_comment,Polygon,24,2042.3,2674.6,2041,2698.2,2034.45,2724.45,2023.95,2733.55,2002.95,2750.6,1983.3,2757.15,1962.3,2757.15,1949.2,2757.15,1930.8,2759.85,1909.8,2753.3,1905.9,2737.55,1909.8,2719.2,1916.4,2711.25,1916.4,2694.2,1929.5,2691.65,1936.05,2679.85,1937.35,2666.65,1942.6,2666.65,1962.3,2671.9,1963.6,2660.1,1975.4,2647.05,1995.1,2641.8,2022.65,2645.75,2035.75,2653.6
4-144,Uninfected,No_comment,Polygon,21,2054.1,2508,2021.3,2481.7,2001.65,2468.65,1983.3,2481.7,1971.45,2490.95,1962.3,2510.55,1950.5,2522.45,1938.7,2535.55,1932.1,2560.4,1942.6,2586.7,1968.85,2601.15,1995.1,2602.45,2008.2,2593.2,2008.2,2582.7,2014.75,2582.7,2034.45,2586.7,2054.1,2582.7,2060.6,2568.35,2067.25,2548.6,2069.85,2529,2060.6,2515.8
4-145,Uninfected,No_comment,Polygon,17,2069.85,2483.1,2056.75,2496.2,2041,2508,2021.3,2510.55,1991.15,2514.5,1970.15,2510.55,1955.75,2488.25,1957.05,2456.85,1962.3,2430.55,1968.85,2405.7,2001.65,2403,2027.9,2404.4,2034.45,2412.25,2041,2429.3,2054.1,2438.5,2063.3,2450.3,2068.55,2476.45
4-146,Uninfected,No_comment,Polygon,15,1936.05,2494.9,1929.5,2521.05,1909.8,2529,1883.6,2535.55,1850.8,2535.55,1827.2,2529,1818,2509.25,1811.45,2488.25,1814.05,2463.4,1832.45,2438.5,1850.8,2422.75,1871.8,2416.2,1904.6,2425.3,1929.5,2437.1,1936.05,2455.55
4-147,Uninfected,No_comment,Polygon,13,1811.45,2547.35,1785.2,2501.45,1772.1,2483.1,1745.85,2483.1,1726.2,2489.65,1702.55,2508,1686.85,2534.25,1680.3,2561.8,1681.6,2606.4,1713.05,2619.5,1752.4,2627.3,1781.3,2614.25,1806.2,2593.2
4-148,Uninfected,No_comment,Polygon,14,1714.4,2645.75,1741.95,2685.1,1745.85,2717.8,1745.85,2731,1735.35,2745.35,1707.75,2752,1663.2,2740.1,1640.9,2725.75,1623.85,2692.95,1623.85,2666.65,1635.7,2640.5,1650.1,2639.1,1680.3,2639.1,1701.25,2639.1
4-149,Uninfected,No_comment,Polygon,15,1896.7,2671.9,1896.7,2692.95,1896.7,2717.8,1877.05,2737.55,1857.35,2746.75,1832.45,2750.6,1804.9,2745.35,1786.5,2731,1781.3,2704.75,1778.65,2673.3,1791.7,2647.05,1811.45,2632.55,1837.7,2626.05,1858.65,2626.05,1877.05,2639.1
4-150,Uninfected,No_comment,Polygon,15,1863.9,2195.75,1890.15,2212.8,1903.25,2226,1912.45,2240.35,1912.45,2266.65,1909.8,2284.95,1883.6,2299.45,1870.45,2300.75,1852.1,2300.75,1831.1,2294.2,1812.75,2278.45,1811.45,2253.55,1812.75,2226,1824.55,2208.95,1839,2199.75
4-151,Uninfected,No_comment,Polygon,17,1745.85,2187.95,1759,2194.5,1785.2,2226,1793.1,2246.9,1791.7,2271.9,1772.1,2292.9,1752.4,2312.55,1732.75,2319.05,1699.95,2311.25,1673.7,2292.9,1647.5,2265.35,1634.35,2239.1,1630.45,2207.55,1640.9,2201,1673.7,2186.65,1693.4,2180,1719.65,2174.85
4-152,Uninfected,No_comment,Polygon,14,1627.85,2338.75,1657.95,2350.55,1679,2366.3,1685.5,2385.9,1684.25,2424,1667.2,2450.25,1644.9,2462.05,1605.55,2463.35,1580.6,2462.05,1566.2,2442.3,1560.95,2410.9,1568.75,2383.35,1587.2,2351.85,1605.55,2340.05
4-153,Uninfected,No_comment,Polygon,14,1592.45,2220.7,1585.8,2202.35,1566.2,2186.6,1536.05,2176.1,1513.75,2174.8,1494.05,2181.35,1475.7,2206.25,1474.4,2225.95,1483.55,2248.25,1500.55,2271.85,1513.75,2279.65,1546.45,2279.65,1588.5,2278.4,1599,2266.6
4-154,Uninfected,No_comment,Polygon,26,1962.35,2055.35,1985.95,2062,2000.3,2075.1,2019.95,2084.35,2025.2,2101.35,2013.5,2122.25,2005.55,2135.45,2001.7,2148.55,1982,2168.25,1972.8,2173.4,1954.4,2173.4,1947.9,2173.4,1933.45,2173.4,1920.35,2169.55,1913.8,2160.35,1907.25,2155.1,1894.05,2147.25,1895.45,2130.2,1894.05,2114.45,1894.05,2101.35,1900.7,2084.3,1902,2082.95,1915.05,2076.4,1921.6,2069.85,1942.65,2056.75,1953.15,2051.5
4-155,Uninfected,No_comment,Polygon,20,2222.05,1913.75,2222.05,1920.3,2208.95,1937.35,2205,1950.5,2191.9,1959.65,2176.15,1963.6,2164.35,1964.9,2149.9,1964.9,2123.6,1957.05,2105.3,1938.7,2090.9,1924.25,2097.45,1858.65,2100,1858.65,2104,1858.65,2132.85,1858.65,2149.9,1854.75,2162.95,1852.1,2178.7,1854.75,2195.75,1866.55,2208.95,1891.45
4-156,Uninfected,No_comment,Polygon,13,1717.05,2004.25,1730.1,2062,1749.85,2089.55,1776,2097.4,1808.8,2101.35,1831.1,2089.55,1844.3,2069.85,1842.9,2044.95,1835.1,2023.95,1818.05,2004.25,1782.65,1989.85,1744.6,1985.9,1730.1,1996.4
4-157,Uninfected,No_comment,Polygon,15,1895.45,1991.15,1867.9,2002.95,1848.15,1998.95,1822,1978.05,1808.8,1970.15,1802.3,1946.55,1798.3,1911.15,1808.8,1892.7,1848.15,1878.35,1877,1873.1,1907.25,1884.9,1920.35,1904.5,1926.85,1930.8,1928.25,1957.05,1916.35,1976.65
4-158,Uninfected,No_comment,Polygon,16,1606.85,1998.95,1592.45,2012.15,1572.75,2030.5,1555.7,2035.75,1533.4,2031.8,1513.75,2017.4,1507.1,1991.15,1494.05,1971.4,1483.55,1963.6,1496.65,1945.25,1513.75,1940,1547.85,1932.05,1566.2,1932.05,1605.55,1953.1,1612.1,1972.8,1612.1,1992.45
4-159,Uninfected,No_comment,Polygon,14,1756.4,1891.45,1736.65,1905.9,1706.55,1911.15,1684.25,1898,1654.1,1878.35,1651.45,1852.1,1657.95,1819.3,1677.7,1799.65,1703.9,1793.1,1723.6,1794.4,1751.15,1807.5,1776,1832.45,1770.75,1852.1,1769.45,1873.1
4-160,Uninfected,No_comment,Polygon,14,1946.6,1825.8,1923,1825.8,1894.05,1814.05,1877,1799.65,1867.9,1779.95,1862.65,1748.5,1875.75,1722.25,1900.7,1714.4,1933.45,1707.75,1966.2,1720.95,1988.5,1747.1,1999,1769.4,1987.25,1806.2,1966.2,1815.4
4-161,Uninfected,No_comment,Polygon,12,2149.9,1820.65,2159.1,1799.65,2159.1,1769.4,2151.15,1749.8,2130.25,1741.85,2098.75,1735.35,2077.7,1749.8,2054.15,1774.7,2064.65,1819.3,2085.65,1833.75,2113.2,1845.55,2138.1,1828.5
4-162,Uninfected,No_comment,Polygon,18,2315.2,1799.65,2333.55,1781.2,2346.6,1768.15,2346.6,1755.05,2334.85,1740.6,2320.45,1727.5,2300.75,1703.9,2282.4,1689.45,2264,1701.25,2248.3,1701.25,2231.25,1701.25,2210.25,1702.5,2203.7,1714.4,2208.95,1734.05,2222.05,1760.3,2237.8,1774.7,2274.45,1794.4,2300.75,1802.25
4-163,Uninfected,No_comment,Polygon,16,2151.15,1576.65,2143.35,1592.4,2143.35,1618.55,2143.35,1630.45,2138.1,1643.55,2125,1655.35,2097.45,1656.65,2059.4,1648.8,2051.55,1622.55,2044.9,1602.9,2044.9,1583.2,2051.55,1543.85,2079.05,1525.5,2117.05,1525.5,2136.8,1525.5,2149.9,1551.75
4-164,Uninfected,No_comment,Polygon,15,1946.6,1643.55,1929.55,1642.25,1900.7,1622.55,1900.7,1591.1,1902,1558.3,1933.45,1537.3,1959.7,1532.05,1972.8,1532.05,2005.55,1543.85,2014.8,1564.85,2018.75,1577.95,2018.75,1597.65,2018.75,1618.55,1999,1629.1,1974.15,1643.55
4-165,Uninfected,No_comment,Polygon,13,1861.35,1696,1841.65,1727.5,1823.3,1740.6,1798.3,1741.85,1776,1735.35,1762.95,1709.15,1756.4,1684.2,1757.7,1663.15,1770.75,1644.85,1790.5,1637,1822,1642.25,1841.65,1648.8,1854.7,1675.05
4-166,Uninfected,No_comment,Polygon,16,1644.9,1688.15,1631.8,1707.75,1612.1,1720.95,1588.5,1722.25,1560.95,1722.25,1539.9,1714.4,1513.75,1689.45,1487.5,1675.05,1487.5,1655.35,1490.05,1638.3,1513.75,1631.75,1542.6,1629.1,1568.75,1635.6,1593.75,1643.55,1614.75,1656.65,1638.35,1668.4
4-167,Uninfected,No_comment,Polygon,19,1588.5,1530.75,1599,1550.4,1605.55,1564.85,1619.95,1576.65,1631.8,1583.2,1625.15,1610.75,1608.1,1622.55,1592.45,1623.8,1579.25,1612.05,1562.2,1609.45,1549.15,1605.5,1539.9,1605.5,1520.3,1610.75,1507.1,1610.75,1490.05,1583.2,1494.05,1550.4,1520.3,1524.2,1547.85,1517.55,1568.75,1517.55
4-168,Uninfected,No_comment,Polygon,14,1679,1564.85,1654.1,1564.85,1625.15,1550.4,1613.35,1532.05,1612.1,1513.7,1618.6,1484.85,1634.4,1465.15,1664.55,1459.9,1692.05,1465.15,1710.5,1472.95,1717.05,1497.95,1717.05,1517.55,1711.8,1550.4,1703.9,1563.55
4-169,Uninfected,No_comment,Polygon,14,1568.75,1491.4,1539.9,1486.15,1513.75,1471.7,1500.55,1440.25,1515.05,1395.65,1559.65,1375.95,1599,1386.45,1626.55,1407.45,1626.55,1428.45,1627.85,1446.8,1619.95,1458.6,1605.55,1465.15,1605.55,1479.6,1599,1486.15
4-170,Uninfected,No_comment,Polygon,17,1831.1,1546.5,1789.2,1526.8,1770.75,1517.55,1769.45,1504.5,1772.15,1479.6,1795.75,1453.35,1816.75,1440.25,1841.65,1438.85,1861.35,1446.8,1881,1452.05,1902,1465.15,1913.8,1474.35,1913.8,1500.5,1907.25,1524.2,1896.75,1538.6,1874.45,1550.4,1854.7,1558.3
4-171,Uninfected,No_comment,Polygon,23,2182.7,1412.7,2208.95,1432.35,2222.05,1458.6,2223.3,1478.2,2222.05,1499.25,2208.95,1518.95,2195.75,1524.2,2176.15,1530.75,2149.9,1532.05,2130.25,1505.8,2132.85,1505.8,2131.55,1484.85,2125,1471.7,2139.35,1446.8,2139.35,1433.6,2149.9,1446.8,2156.4,1448.1,2169.6,1452.05,2170.9,1445.5,2176.15,1438.85,2182.7,1433.6,2182.7,1427.1,2182.7,1419.25
4-172,Uninfected,No_comment,Polygon,14,1898.05,1431.1,1878.3,1425.85,1852.15,1407.5,1841.65,1379.95,1852.15,1352.4,1871.7,1320.9,1913.8,1319.6,1932.05,1326.15,1943.85,1339.2,1951.75,1358.95,1957,1374.7,1951.75,1407.5,1933.35,1419.3,1924.2,1431.1
4-173,Uninfected,No_comment,Polygon,14,2037.1,1412.75,2010.75,1411.35,1989.8,1393.05,1972.7,1368.15,1977.95,1345.85,1984.55,1314.35,2016,1301.25,2029.15,1299.85,2061.9,1314.35,2068.5,1332.65,2083,1353.7,2088.25,1373.4,2071.2,1393.05,2056.65,1412.75
4-174,Uninfected,No_comment,Polygon,17,2168.15,1378.55,2147.2,1385.2,2134.05,1378.55,2114.4,1360.25,2101.25,1345.85,2094.7,1320.9,2094.7,1301.25,2107.85,1273.7,2128.8,1261.9,2148.55,1260.5,2186.55,1260.5,2195.7,1268.45,2208.85,1281.55,2208.85,1293.3,2225.9,1326.15,2207.5,1353.7,2186.55,1373.4
4-175,Uninfected,No_comment,Polygon,16,2232.5,1215.9,2219.3,1222.55,2199.75,1222.55,2173.4,1222.55,2153.75,1202.85,2147.2,1188.35,2143.35,1171.3,2149.9,1142.45,2162.9,1129.4,2186.55,1124.15,2206.3,1129.4,2227.3,1142.45,2239.1,1150.4,2246.85,1170,2248.2,1195,2246.85,1208.1
4-176,Uninfected,No_comment,Polygon,24,2299.35,1076.95,2298.05,1092.6,2287.55,1109.65,2291.45,1122.85,2278.45,1130.65,2258.65,1131.95,2245.55,1129.4,2239.1,1122.85,2227.3,1116.3,2206.3,1109.65,2186.55,1097.85,2173.4,1078.25,2173.4,1063.75,2174.75,1037.6,2189.25,1025.7,2202.25,1019.15,2219.3,1012.65,2235.05,1012.65,2239.1,1025.7,2252.1,1032.35,2265.25,1044.15,2274.4,1052,2284.9,1052,2291.45,1053.25
4-177,Uninfected,No_comment,Polygon,15,2141.95,991.6,2160.4,972,2160.4,958.9,2155.15,940.45,2143.35,927.4,2127.6,909.05,2107.85,894.6,2081.7,893.3,2061.9,893.3,2051.45,902.4,2048.9,915.6,2055.35,932.65,2075.05,960.2,2083,974.55,2104,987.75
4-178,Uninfected,No_comment,Polygon,16,2010.75,973.3,1989.8,999.55,1963.6,1004.8,1937.4,991.6,1924.2,978.55,1907.15,965.45,1891.5,953.65,1887.45,939.2,1886.25,909.05,1900.6,901.1,1930.85,895.85,1943.85,894.6,1966.15,895.85,1985.85,901.1,2004.3,914.3,2010.75,945.75
4-179,Uninfected,No_comment,Polygon,14,1656.7,1235.65,1630.35,1234.35,1610.75,1209.35,1598.9,1188.35,1602.8,1156.95,1615.95,1129.4,1630.35,1116.3,1668.4,1112.35,1694.7,1125.4,1707.75,1150.4,1710.4,1176.55,1709.05,1196.3,1694.7,1221.15,1681.5,1235.65
4-180,Uninfected,No_comment,Polygon,13,1786.45,1112.35,1806.15,1073,1806.15,1050.7,1799.6,1037.6,1780,1013.9,1747.1,1004.8,1722.2,1011.35,1697.25,1030.95,1694.7,1057.25,1694.7,1079.55,1702.5,1104.5,1730.05,1125.4,1773.45,1130.65
4-181,Uninfected,No_comment,Polygon,15,2010.75,768.7,2048.9,788.35,2061.9,814.6,2064.6,835.6,2061.9,860.5,2042.35,881.5,2016,882.8,1979.3,881.5,1951.75,867.05,1939.95,842.15,1932.05,815.9,1933.35,794.85,1943.85,775.25,1959.7,771.3,1983.2,771.3
4-182,Uninfected,No_comment,Polygon,14,2051.45,742.45,2030.45,749,2005.5,743.75,1970.2,725.4,1951.75,704.4,1951.75,676.85,1957,653.25,1977.95,640.15,2016,637.5,2042.35,644,2058,658.5,2069.8,684.75,2075.05,710.9,2064.6,737.2
4-183,Uninfected,No_comment,Polygon,35,2219.3,856.5,2214.1,861.75,2199.75,868.3,2195.7,873.55,2193.1,874.95,2179.95,873.55,2168.15,874.95,2166.95,876.25,2149.9,873.55,2147.2,868.3,2141.95,873.55,2140.6,874.95,2134.05,861.75,2128.8,850,2121.05,848.7,2114.4,840.75,2114.4,834.2,2117,822.45,2117,814.6,2121.05,804.1,2127.6,797.55,2135.35,771.3,2140.6,776.55,2143.35,775.25,2153.75,763.45,2162.9,764.75,2199.75,770,2206.3,775.25,2212.75,791,2225.9,804.1,2222.05,815.9,2225.9,828.95,2228.6,834.2,2215.4,835.6,2219.3,836.9
4-184,Uninfected,No_comment,Polygon,17,2431.8,750.25,2412.25,771.3,2389.95,776.55,2371.5,776.55,2353.1,776.55,2343.95,768.7,2320.35,749,2300.75,729.35,2292.8,712.3,2292.8,690,2300.75,672.85,2324.25,666.3,2338.7,666.3,2370.15,670.3,2391.15,671.55,2425.25,704.4,2435.85,724.1
4-185,Uninfected,No_comment,Polygon,17,2580.1,679.5,2553.8,684.75,2527.55,684.75,2501.4,676.85,2484.3,657.2,2481.65,638.75,2476.4,617.85,2481.65,587.6,2494.8,571.85,2514.45,566.7,2534.15,565.3,2560.35,566.7,2576.1,585.05,2595.8,612.6,2599.7,637.5,2599.7,650.55,2594.45,672.85
4-186,Uninfected,No_comment,Polygon,14,2593.15,528.65,2573.5,540.45,2553.8,535.2,2530.3,520.7,2521,506.35,2515.75,482.75,2515.75,448.55,2534.15,427.65,2566.95,421.1,2593.15,427.65,2612.85,435.5,2622,456.5,2626.05,486.6,2620.8,499.8
4-187,Uninfected,No_comment,Polygon,12,3022.1,717.45,2993.25,722.7,2960.45,704.4,2940.75,683.35,2935.5,658.5,2956.6,630.95,2982.75,620.45,3013,625.7,3032.6,637.5,3045.8,658.5,3045.8,684.75,3045.8,696.55
4-188,Uninfected,No_comment,Polygon,14,3296.25,697.85,3268.7,696.55,3229.35,663.75,3216.2,638.75,3216.2,613.9,3236,592.85,3255.55,585.05,3289.7,598.15,3308.1,604.65,3315.9,620.45,3322.45,645.4,3323.8,665.05,3321.15,678.1,3308.1,691.3
4-189,Uninfected,No_comment,Polygon,16,3476.85,710.85,3445.35,710.85,3417.8,703,3391.6,689.85,3385.05,658.4,3394.2,630.85,3413.9,619.05,3459.8,617.75,3483.4,617.75,3503.05,630.85,3505.7,653.15,3505.7,659.7,3510.95,666.25,3512.25,685.95,3503.05,699.05,3489.95,705.6
4-190,Uninfected,No_comment,Polygon,18,3589.6,704.3,3568.65,696.45,3542.4,685.95,3535.85,664.95,3535.85,651.85,3525.35,638.7,3529.3,619.05,3542.4,594.15,3556.85,579.7,3588.3,573.15,3609.3,579.7,3627.65,591.5,3634.2,599.4,3647.35,632.15,3648.65,657.1,3640.75,679.4,3627.65,691.2,3604.05,703
4-191,Uninfected,No_comment,Polygon,14,3758.8,769.9,3732.6,756.75,3712.9,748.9,3706.35,735.8,3699.8,704.3,3702.4,689.85,3739.15,671.5,3765.35,670.2,3778.5,671.5,3811.25,704.3,3812.6,730.55,3813.9,750.2,3804.7,763.3,3785.05,776.45
4-192,Uninfected,No_comment,Polygon,12,3450.6,594.15,3419.15,587.6,3404.7,600.7,3371.9,613.8,3339.1,612.5,3308.95,573.15,3319.45,545.6,3339.1,515.45,3365.35,506.25,3411.25,508.9,3430.95,522,3437.5,553.5