221,5312,2988
5-1,Uninfected,No_comment,Polygon,14,1285.4,1284.45,1258.95,1265.85,1218.75,1258.95,1188.35,1269.7,1176.55,1296.2,1179.5,1321.7,1195.15,1354.05,1226.6,1371.7,1252.05,1374.65,1275.55,1367.75,1288.35,1353.05,1295.2,1334.45,1296.2,1320.7,1296.2,1310.95
5-2,Uninfected,No_comment,Polygon,16,1200.05,1378.55,1164.8,1357,1133.45,1357.95,1116.75,1363.9,1103.05,1390.3,1103.05,1416.8,1108.9,1449.15,1122.65,1464.85,1143.25,1475.65,1172.65,1482.5,1195.15,1472.7,1206.95,1460.9,1213.85,1448.15,1215.8,1430.5,1219.7,1411.9,1216.75,1397.2
5-3,Uninfected,No_comment,Polygon,18,1299.15,1402.1,1279.5,1407.95,1259.9,1417.8,1242.25,1427.6,1231.5,1444.3,1230.5,1458.95,1237.35,1491.3,1249.15,1505.05,1266.8,1511.9,1305,1508.95,1325.6,1498.2,1337.35,1478.55,1349.15,1469.75,1355.95,1454.05,1357.95,1429.55,1355.95,1420.7,1351.05,1416.8,1348.15,1414.85
5-4,Uninfected,No_comment,Polygon,16,1317.75,1521.7,1291.3,1520.75,1262.85,1542.35,1247.15,1558.95,1236.4,1588.4,1248.15,1623.7,1267.75,1646.25,1291.3,1655.05,1321.7,1657,1342.25,1647.2,1355.95,1633.5,1366.8,1615.85,1367.75,1595.25,1369.75,1568.75,1365.8,1551.1,1355.95,1538.4
5-5,Uninfected,No_comment,Polygon,16,1453.05,1436.4,1416.8,1439.35,1398.15,1454.05,1381.5,1469.75,1377.55,1499.15,1382.45,1527.6,1390.3,1548.2,1407,1561.9,1433.45,1567.8,1455.05,1566.8,1471.65,1560,1495.25,1545.25,1508.95,1504.05,1496.2,1464.85,1484.45,1448.15,1479.55,1446.2
5-6,Uninfected,No_comment,Polygon,14,1565.85,1576.6,1532.5,1570.75,1502.1,1589.35,1488.35,1619.75,1493.25,1642.3,1508.95,1664.85,1515.8,1673.7,1539.35,1679.55,1558.95,1678.6,1576.6,1668.8,1589.35,1658.05,1593.3,1650.15,1598.2,1625.65,1596.2,1611.9
5-7,Uninfected,No_comment,Polygon,16,1685.45,1474.65,1694.25,1449.15,1701.15,1432.5,1699.2,1412.85,1680.55,1389.35,1670.75,1379.55,1661.9,1373.65,1621.7,1376.6,1597.2,1391.3,1584.45,1405.05,1577.6,1423.65,1580.55,1444.3,1588.4,1465.8,1599.15,1482.5,1616.8,1492.3,1662.9,1497.2
5-8,Uninfected,No_comment,Polygon,16,1529.5,1279.55,1488.35,1292.25,1460.9,1309.9,1454,1344.25,1458.95,1370.7,1463.85,1383.45,1475.6,1395.2,1500.15,1404.1,1517.8,1407,1547.2,1400.15,1574.6,1379.55,1589.35,1366.8,1599.15,1344.25,1605.05,1329.55,1589.35,1303.05,1582.5,1290.3
5-9,Uninfected,No_comment,Polygon,15,1519.75,1087.4,1497.2,1065.8,1472.7,1060.9,1448.15,1083.45,1431.45,1126.55,1450.15,1171.65,1452.1,1190.35,1466.8,1197.15,1497.2,1201.1,1514.85,1194.2,1525.65,1177.55,1529.5,1164.8,1531.5,1155,1531.5,1135.4,1530.55,1117.75
5-10,Uninfected,No_comment,Polygon,13,1672.65,1110.85,1658,1079.45,1636.4,1067.75,1597.15,1055.95,1558.9,1073.6,1542.3,1096.15,1546.15,1133.4,1555,1160.85,1585.4,1183.4,1620.7,1193.25,1654.05,1175.6,1672.65,1158.9,1680.55,1142.2
5-11,Uninfected,No_comment,Polygon,19,1770.7,1040.25,1751.1,1035.35,1722.65,1038.3,1709.9,1047.15,1699.15,1054,1687.35,1070.65,1683.45,1089.3,1695.2,1119.65,1699.15,1130.5,1716.8,1140.3,1732.45,1143.2,1754.05,1144.2,1766.8,1140.3,1784.45,1134.4,1794.25,1122.65,1799.15,1106.9,1799.15,1078.5,1799.05,1078.45,1791.3,1056.9
5-12,Uninfected,No_comment,Polygon,15,1727.55,1173.6,1706.95,1171.65,1674.6,1176.55,1658.95,1195.15,1651.1,1212.8,1650.1,1244.2,1661.85,1268.75,1678.55,1283.45,1710.9,1285.35,1738.4,1280.45,1751.1,1258.9,1757.95,1245.15,1759.9,1224.6,1755,1196.15,1751.1,1191.25
5-13,Uninfected,No_comment,Polygon,13,1871.7,1192.25,1852.1,1177.5,1813.9,1175.6,1792.3,1187.35,1779.55,1219.7,1785.4,1255,1799.15,1278.55,1822.65,1294.2,1848.15,1295.2,1869.75,1285.35,1886.4,1268.75,1891.3,1243.25,1891.3,1221.65
5-14,Uninfected,No_comment,Polygon,11,1758.95,1431.45,1733.45,1435.4,1711.9,1455,1695.2,1487.4,1710.9,1524.65,1738.4,1545.25,1769.75,1548.15,1798.15,1535.4,1808.95,1515.8,1811.9,1481.45,1801.15,1457.95
5-15,Uninfected,No_comment,Polygon,16,1890.35,1356.95,1863.85,1359.9,1843.25,1369.7,1828.55,1385.4,1820.7,1416.8,1832.5,1446.2,1838.35,1468.75,1875.6,1488.35,1900.15,1493.25,1920.7,1482.5,1938.35,1469.75,1943.25,1452.1,1951.1,1434.45,1953.1,1407,1941.3,1386.4,1930.55,1377.55
5-16,Uninfected,No_comment,Polygon,17,2010,1245.15,1971.7,1255,1965.8,1267.75,1957.05,1292.25,1963.85,1321.65,1976.6,1345.2,1994.25,1360.85,2023.65,1371.7,2047.2,1368.75,2063.85,1353.05,2077.65,1335.4,2079.55,1310.9,2075.65,1284.4,2064.85,1268.75,2052.1,1257.9,2032.55,1246.2,2031.55,1246.1
5-17,Uninfected,No_comment,Polygon,10,1996.2,1434.45,1975.65,1427.55,1963.85,1437.35,1951.1,1480.5,1966.8,1533.45,1992.35,1555.05,2019.8,1554.05,2035.45,1536.4,2029.55,1498.15,2012.9,1461.9
5-18,Uninfected,No_comment,Polygon,14,2112.95,1340.3,2081.5,1352.05,2067.8,1379.5,2069.75,1406,2075.65,1429.55,2092.3,1453.05,2125.65,1467.75,2142.3,1463.85,2161.9,1449.1,2173.7,1427.55,2174.65,1402.05,2168.8,1380.5,2154.1,1355.95,2146.25,1348.15
5-19,Uninfected,No_comment,Polygon,13,2278.6,1220.7,2255.05,1219.7,2231.55,1228.55,2220.75,1250.1,2208,1282.45,2220.75,1306,2251.2,1331.5,2286.5,1333.4,2310,1324.6,2321.75,1307.95,2327.65,1280.45,2326.7,1267.75,2308,1238.35
5-20,Uninfected,No_comment,Polygon,14,1999.15,1104,1970.75,1106.9,1929.55,1131.45,1911.95,1179.5,1911.95,1214.8,1930.55,1226.55,1954.05,1235.35,1996.2,1229.5,2028.6,1216.75,2042.3,1193.25,2048.2,1158.9,2038.4,1136.35,2026.6,1120.65,2023.65,1118.7
5-21,Uninfected,No_comment,Polygon,16,2176.65,974.5,2151.15,986.75,2136.9,1010.2,2130.7,1044.9,2150.1,1074.5,2175.6,1097.95,2210.3,1087.8,2230.7,1077.55,2239.9,1056.1,2239.9,1037.8,2242.95,1024.5,2248.05,1013.25,2241.95,994.9,2230.7,982.65,2224.6,975.55,2221.6,972.45
5-22,Uninfected,No_comment,Polygon,14,2014.4,946.95,2001.1,939.8,1978.65,944.9,1960.3,960.2,1941.95,985.7,1940.9,1026.55,1954.2,1044.9,1985.8,1053.05,2017.5,1055.1,2034.85,1041.85,2050.1,1025.55,2054.2,1007.15,2054.2,990.8,2047.05,974.5
5-23,Uninfected,No_comment,Polygon,15,2365.45,1107.15,2335.85,1109.2,2316.5,1132.7,2309.3,1146.95,2303.2,1174.5,2315.4,1201.05,2332.75,1221.45,2352.15,1225.5,2383.85,1224.5,2411.35,1195.95,2418.55,1186.75,2421.55,1170.4,2422.55,1158.15,2413.4,1137.75,2406.3,1129.6
5-24,Uninfected,No_comment,Polygon,15,2256.25,1354.1,2220.5,1357.15,2204.25,1378.6,2200.1,1399,2200.1,1426.6,2211.35,1446.95,2247.05,1460.25,2267.45,1448,2282.75,1436.8,2292.95,1424.5,2295,1413.3,2294.05,1401.05,2287.85,1385.75,2280.75,1372.45,2279.7,1369.45
5-25,Uninfected,No_comment,Polygon,17,2190.95,1646,2187.85,1622.5,2186.9,1606.2,2172.55,1593.9,2152.15,1583.75,2124.65,1585.75,2099.1,1608.2,2084.85,1630.65,2080.7,1677.6,2088.9,1699,2102.2,1716.35,2130.7,1728.6,2158.25,1731.7,2178.7,1714.35,2189.9,1701.05,2192,1688.8,2189.9,1673.55
5-26,Uninfected,No_comment,Polygon,14,2018.45,1604.1,1981.75,1606.2,1961.3,1614.3,1946,1638.8,1942.95,1666.35,1951.1,1713.35,1969.5,1725.55,2014.4,1729.65,2035.8,1713.35,2051.1,1697,2057.3,1673.55,2052.2,1654.1,2048.05,1635.75,2040.9,1620.45
5-27,Uninfected,No_comment,Polygon,16,1756.2,1611.3,1721.5,1617.4,1699.05,1631.65,1690.95,1655.15,1691.9,1679.65,1707.2,1700.05,1729.65,1717.4,1759.25,1724.55,1791.9,1727.6,1810.3,1725.55,1815.45,1705.15,1824.6,1680.65,1835.8,1664.35,1814.35,1627.6,1799.05,1616.35,1783.75,1613.3
5-28,Uninfected,No_comment,Polygon,15,1255.15,1814.35,1210.25,1827.65,1192.9,1847,1187.8,1869.45,1185.75,1892.9,1189.85,1918.45,1207.2,1924.55,1223.55,1922.55,1242.9,1923.55,1266.4,1925.55,1279.65,1920.45,1293.95,1902.1,1300.05,1869.45,1301.1,1847,1283.75,1824.55
5-29,Uninfected,No_comment,Polygon,16,1322.5,1870.5,1310.25,1893.95,1310.25,1916.4,1321.5,1937.8,1336.8,1961.3,1371.5,1967.45,1396,1963.35,1423.55,1949.05,1441.85,1929.7,1446,1902.1,1431.7,1870.5,1414.35,1855.2,1393.95,1846,1380.7,1841.9,1364.35,1845,1347,1850.1
5-30,Uninfected,No_comment,Polygon,15,1252.1,1947,1226.6,1952.15,1203.1,1961.3,1192.9,2006.2,1197,2033.75,1228.65,2062.35,1254.15,2060.3,1284.75,2057.25,1301.1,2041.95,1312.25,2022.5,1314.35,2009.25,1313.35,1988.85,1309.25,1972.55,1301.1,1960.25,1289.8,1949.05
5-31,Uninfected,No_comment,Polygon,13,1526.55,1771.5,1501.1,1765.4,1461.3,1777.65,1440.9,1799.05,1431.7,1825.6,1451.1,1873.55,1493.95,1888.85,1519.45,1880.65,1534.75,1868.45,1547,1854.15,1551.1,1837.85,1551.1,1814.35,1548.05,1802.1
5-32,Uninfected,No_comment,Polygon,14,1610.3,1751.05,1589.9,1764.35,1578.65,1773.5,1571.45,1802.1,1573.55,1843.95,1585.8,1865.4,1609.25,1877.65,1640.9,1873.55,1662.35,1862.3,1675.6,1846,1679.7,1828.65,1679.7,1792.95,1667.45,1776.6,1652.15,1759.25
5-33,Uninfected,No_comment,Polygon,14,1690.9,1882.75,1649.05,1886.8,1626.6,1904.15,1620.5,1928.65,1623.55,1951.1,1638.85,1977.65,1669.5,1996,1703.15,2006.2,1732.75,1996,1751.1,1979.7,1762.35,1948,1757.25,1920.45,1735.8,1899.05,1723.5,1889.9
5-34,Uninfected,No_comment,Polygon,11,1634.8,2009.25,1580.7,2026.6,1568.45,2047.05,1558.25,2074.6,1581.7,2121.5,1619.45,2136.85,1656.15,2134.75,1684.8,2107.25,1693.95,2080.7,1687.85,2052.15,1676.6,2033.75
5-35,Uninfected,No_comment,Polygon,13,1429.65,2047.05,1392.95,2056.2,1363.35,2062.35,1341.9,2087.85,1349.05,2129.7,1366.4,2162.3,1406.2,2171.55,1438.85,2166.45,1457.2,2160.3,1475.6,2133.75,1482.75,2103.15,1470.5,2078.65,1461.3,2067.4
5-36,Uninfected,No_comment,Polygon,13,1365.35,2192.95,1320.45,2190.9,1289.8,2196,1270.45,2218.45,1266.4,2249.1,1273.55,2275.6,1285.8,2290.9,1314.35,2310.3,1357.15,2300.1,1376.6,2282.75,1386.8,2261.35,1387.85,2239.9,1388.85,2221.55
5-37,Uninfected,No_comment,Polygon,16,1503.15,2287.85,1503.15,2263.35,1494.95,2244,1486.75,2228.65,1463.35,2217.45,1433.75,2227.65,1416.4,2235.8,1410.3,2257.25,1403.15,2291.9,1412.3,2313.35,1422.5,2341.95,1433.75,2358.25,1442.95,2360.3,1463.35,2342.95,1479.65,2327.65,1498.05,2306.25
5-38,Uninfected,No_comment,Polygon,15,1569.45,2184.75,1548.05,2194,1531.7,2203.15,1519.45,2223.55,1515.4,2255.2,1535.8,2287.85,1552.1,2301.15,1578.65,2303.15,1602.1,2301.15,1620.5,2289.9,1636.8,2272.55,1639.9,2254.2,1639.9,2223.55,1631.7,2206.2,1621.5,2192.95
5-39,Uninfected,No_comment,Polygon,15,2041.95,2163.35,2011.35,2169.5,1992.95,2180.7,1974.6,2205.2,1971.55,2229.65,1974.6,2256.25,2006.25,2280.7,2033.8,2285.8,2055.2,2281.7,2073.6,2274.6,2088.9,2261.35,2103.2,2242.95,2108.3,2220.5,2092.95,2182.75,2076.65,2164.4
5-40,Uninfected,No_comment,Polygon,16,1798.05,1838.85,1815.4,1824.55,1828.65,1803.15,1828.65,1781.7,1816.4,1766.4,1803.15,1755.2,1791.95,1749.05,1756.2,1747,1720.5,1763.3,1708.25,1794.95,1699.05,1821.5,1708.25,1858.2,1732.75,1876.6,1755.2,1875.55,1774.6,1863.35,1784.8,1851.1
5-41,Uninfected,No_comment,Polygon,17,1855.2,1829.65,1829.7,1833.75,1806.2,1853.1,1783.75,1873.55,1774.6,1893.95,1788.85,1932.75,1799.1,1945,1823.55,1954.15,1856.2,1952.15,1872.55,1940.9,1885.8,1928.65,1897.05,1914.35,1904.2,1897,1902.15,1880.65,1899.1,1865.4,1897.05,1852.1,1884.8,1838.85
5-42,Uninfected,No_comment,Polygon,15,1869.5,1678.6,1852.15,1687.8,1838.85,1702.1,1838.85,1747,1852.15,1786.8,1855.2,1798.05,1894,1813.3,1927.65,1793.95,1947.05,1767.4,1945,1740.9,1932.75,1718.45,1924.6,1703.15,1916.45,1693.95,1905.2,1686.8,1896,1681.7
5-43,Uninfected,No_comment,Polygon,16,2016.45,1832.75,1992.95,1836.8,1956.25,1845,1933.8,1883.75,1936.85,1906.2,1948.05,1926.6,1966.45,1942.9,1988.9,1943.95,2017.45,1952.15,2044,1936.8,2067.4,1928.65,2082.75,1910.3,2089.85,1882.75,2076.65,1864.35,2061.35,1846,2057.25,1845
5-44,Uninfected,No_comment,Polygon,13,2066.45,1950.1,2035.8,1959.25,2014.4,1971.5,1998.05,1990.9,1987.85,2018.45,1994,2064.4,2023.6,2081.75,2075.6,2082.75,2112.3,2057.25,2124.6,2035.8,2115.4,1973.55,2099.1,1956.2,2083.8,1951.1
5-45,Uninfected,No_comment,Polygon,14,2189.9,1773.5,2163.4,1773.5,2138.9,1780.7,2118.5,1799.05,2107.25,1823.55,2104.2,1856.2,2125.65,1883.75,2160.3,1907.25,2179.7,1905.2,2209.3,1882.75,2228.7,1862.3,2232.8,1832.75,2224.6,1810.3,2213.4,1790.85
5-46,Uninfected,No_comment,Polygon,13,2250.1,1964.35,2230.75,1954.15,2198.1,1957.25,2174.55,1971.5,2147.05,2000.1,2150.1,2035.8,2168.5,2051.1,2188.9,2057.25,2212.35,2059.3,2237.9,2051.1,2261.35,2034.8,2278.7,2013.35,2277.7,1989.9
5-47,Uninfected,No_comment,Polygon,13,2265.45,2085.8,2238.9,2084.8,2212.35,2100.05,2184.8,2128.65,2177.65,2183.75,2196.05,2206.2,2237.9,2216.45,2262.35,2203.15,2284.8,2183.75,2299.1,2154.2,2300.15,2133.75,2294,2110.3,2293,2099.05
5-48,Uninfected,No_comment,Polygon,12,2389.95,2065.4,2400.15,2039.9,2400.15,2012.35,2381.75,1976.6,2352.15,1958.25,2314.4,1968.45,2290.95,1997.05,2288.9,2039.9,2298.1,2069.5,2319.5,2084.8,2343,2090.9,2361.35,2084.8
5-49,Uninfected,No_comment,Polygon,14,2458.3,1978.65,2431.75,2002.15,2422.6,2031.7,2428.7,2062.35,2450.15,2089.85,2466.45,2099.05,2509.3,2105.2,2535.85,2089.85,2557.3,2073.55,2560.35,2053.15,2556.25,2021.5,2547.1,1998.05,2524.65,1978.65,2492,1969.45
5-50,Uninfected,No_comment,Polygon,12,2307.25,1661.25,2309.3,1637.8,2290.95,1590.9,2258.3,1583.75,2233.8,1582.7,2225.65,1599,2210.35,1612.3,2210.35,1649.05,2224.6,1682.7,2270.55,1703.15,2286.8,1687.8,2298.1,1674.55
5-51,Uninfected,No_comment,Polygon,12,2396.05,1696,2358.3,1696,2328.7,1720.5,2315.45,1750.05,2324.6,1781.7,2346.05,1809.25,2390.95,1816.4,2416.4,1798.05,2437.9,1774.55,2443,1749.05,2437.9,1721.5,2422.6,1708.25
5-52,Uninfected,No_comment,Polygon,13,2418.5,1574.55,2391.95,1583.75,2375.65,1612.3,2373.6,1638.8,2382.8,1666.35,2397.05,1681.7,2427.7,1687.8,2468.5,1688.8,2482.8,1666.35,2483.8,1651.1,2482.8,1631.7,2476.65,1603.1,2461.35,1589.85
5-53,Uninfected,No_comment,Polygon,14,2427.7,1394.95,2379.7,1404.15,2370.55,1429.6,2366.45,1458.2,2373.6,1480.65,2398.1,1516.4,2451.15,1532.7,2483.8,1512.3,2495.05,1493.95,2497.1,1470.45,2497.1,1463.3,2487.9,1449.05,2478.65,1429.6,2462.4,1408.2
5-54,Uninfected,No_comment,Polygon,13,2584.85,1486.75,2561.35,1474.55,2523.55,1489.85,2507.3,1503.1,2490.95,1542.9,2500.15,1589.85,2542,1609.25,2571.55,1602.1,2592,1586.8,2607.3,1567.4,2612.4,1544.95,2610.35,1525.55,2606.25,1511.3
5-55,Uninfected,No_comment,Polygon,17,1572.55,2412.4,1556.2,2401.2,1545,2396.1,1530.7,2396.1,1503.15,2401.2,1477.65,2425.65,1479.65,2463.45,1478.65,2483.8,1493.95,2505.25,1510.3,2515.5,1527.65,2520.6,1561.3,2516.45,1580.7,2500.15,1589.9,2483.8,1582.75,2462.4,1581.7,2443,1582.75,2427.7
5-56,Uninfected,No_comment,Polygon,18,1601.1,2338.95,1585.8,2349.1,1575.6,2366.5,1571.5,2383.85,1571.5,2401.2,1580.7,2419.5,1584.8,2435.9,1591.9,2452.2,1600.1,2459.3,1611.35,2461.35,1654.15,2460.35,1684.8,2435.9,1703.15,2401.2,1701.1,2367.5,1689.9,2343,1665.4,2327.7,1653.15,2326.65,1637.85,2326.65
5-57,Uninfected,No_comment,Polygon,17,1621.5,2502.2,1602.15,2514.4,1586.8,2530.8,1578.65,2550.15,1578.65,2577.7,1590.9,2599.1,1610.3,2616.45,1641.95,2622.65,1663.35,2615.5,1688.85,2585.85,1691.95,2569.55,1692.95,2549.1,1691.95,2528.7,1681.75,2511.35,1678.65,2505.25,1666.4,2498.15,1656.2,2495.05
5-58,Uninfected,No_comment,Polygon,12,1737.85,2562.4,1716.4,2574.65,1699.05,2600.2,1700.1,2647.1,1736.85,2675.65,1763.35,2677.75,1792.95,2667.55,1813.35,2647.1,1822.55,2624.65,1816.45,2579.75,1797.05,2564.45,1770.5,2563.4
5-59,Uninfected,No_comment,Polygon,15,1794,2424.6,1757.25,2430.8,1737.85,2461.35,1729.7,2485.9,1739.9,2520.6,1757.25,2536.85,1778.65,2542,1806.2,2547.1,1839.9,2547.1,1855.2,2530.8,1868.45,2513.45,1866.45,2493.05,1859.3,2467.5,1839.9,2438.9,1833.8,2434.85
5-60,Uninfected,No_comment,Polygon,15,1868.45,2642,1842.95,2658.3,1821.55,2675.65,1810.3,2692,1806.2,2720.55,1819.5,2760.35,1850.1,2778.75,1872.55,2772.65,1899.1,2767.55,1917.45,2753.2,1928.7,2735.85,1930.7,2701.15,1929.7,2688.95,1919.5,2673.6,1911.35,2659.35
5-61,Uninfected,No_comment,Polygon,13,1981.75,2798.1,1947.05,2810.35,1927.65,2830.75,1918.45,2857.35,1925.6,2893,1955.25,2926.75,1982.75,2924.7,2004.2,2912.4,2023.6,2891,2032.75,2864.5,2027.65,2832.8,2024.6,2819.6,2003.15,2798.1
5-62,Uninfected,No_comment,Polygon,14,2130.75,2816.5,2097.05,2808.3,2068.5,2827.7,2052.15,2853.2,2040.95,2887.9,2048.05,2917.5,2075.65,2942.05,2101.15,2946.1,2128.7,2938.95,2152.15,2925.65,2164.4,2906.3,2162.35,2883.85,2161.35,2851.2,2156.25,2841
5-63,Uninfected,No_comment,Polygon,11,2020.5,2441.95,1990.95,2444,1972.55,2453.25,1945,2476.65,1938.9,2521.55,1957.25,2553.25,1987.85,2564.45,2024.6,2558.35,2049.1,2539.95,2064.4,2504.2,2064.4,2472.6
5-64,Uninfected,No_comment,Polygon,17,2554.25,2240.95,2554.25,2218.5,2537.9,2189.9,2521.55,2172.55,2500.15,2167.45,2469.55,2169.55,2458.3,2188.9,2445.05,2215.45,2439.95,2238.95,2442,2257.25,2459.35,2283.85,2478.7,2301.2,2497.1,2307.25,2513.4,2301.2,2532.8,2289.9,2546.05,2274.6,2553.2,2258.3
5-65,Uninfected,No_comment,Polygon,16,2363.4,2323.65,2334.85,2318.5,2309.3,2324.6,2287.9,2338.95,2272.6,2361.4,2256.25,2391,2267.5,2447.05,2298.1,2455.25,2333.8,2455.25,2352.2,2443,2366.5,2429.75,2380.75,2413.45,2395.05,2396.1,2396.05,2376.65,2389.95,2350.15,2385.85,2338.95
5-66,Uninfected,No_comment,Polygon,13,2252.15,2315.45,2232.8,2291.95,2214.45,2284.8,2189.9,2288.95,2156.25,2317.45,2144,2337.9,2143,2377.7,2155.2,2398.1,2182.8,2407.25,2205.25,2396.1,2224.6,2389.95,2239.9,2373.65,2253.2,2356.3
5-67,Uninfected,No_comment,Polygon,14,2185.85,2514.4,2154.2,2496.1,2119.5,2493.05,2096.05,2507.3,2077.65,2529.75,2067.45,2557.3,2076.65,2606.25,2104.2,2619.55,2137.9,2620.6,2155.2,2607.3,2172.55,2589.95,2185.85,2576.65,2192,2560.4,2190.95,2537.95
5-68,Uninfected,No_comment,Polygon,14,2233.8,2552.2,2220.55,2564.45,2202.15,2581.8,2189.9,2607.3,2209.3,2649.15,2233.8,2665.5,2261.35,2666.45,2287.9,2653.2,2307.25,2631.8,2315.45,2611.35,2316.45,2584.85,2303.2,2562.4,2286.85,2546.05,2258.3,2534.85
5-69,Uninfected,No_comment,Polygon,15,2504.25,2491,2477.7,2500.15,2458.3,2509.8,2440.95,2526.65,2434.85,2557.3,2435.85,2598.15,2456.25,2627.75,2475.65,2640.95,2501.15,2629.75,2527.7,2620.6,2543,2603.25,2558.35,2559.35,2549.15,2531.75,2536.9,2508.35,2531.8,2501.15
5-70,Uninfected,No_comment,Polygon,12,2431.75,2651.15,2395.05,2637.95,2362.4,2646.05,2344.05,2663.4,2332.8,2692,2343,2734.9,2383.8,2760.35,2432.8,2768.5,2459.35,2746.05,2470.55,2719.55,2467.5,2690.95,2453.2,2666.45
5-71,Uninfected,No_comment,Polygon,18,2605.25,2724.65,2605.25,2706.25,2595.05,2682.85,2580.8,2665.5,2557.3,2653.2,2524.65,2669.55,2508.3,2682.85,2498.1,2700.2,2488.9,2734.9,2487.9,2762.45,2494,2781.8,2508.3,2797.15,2533.8,2806.3,2555.25,2809.35,2572.6,2804.25,2586.9,2790,2595.05,2763.4,2596.05,2748.1
5-72,Uninfected,No_comment,Polygon,19,2642,2708.3,2632.8,2717.55,2625.7,2736.9,2619.55,2760.35,2620.55,2778.75,2631.8,2800.2,2639.95,2811.4,2659.35,2819.6,2688.95,2815.45,2705.25,2813.4,2724.65,2794.05,2728.75,2776.7,2732.85,2759.35,2734.85,2746.05,2730.75,2733.85,2722.6,2717.55,2703.2,2697.1,2689.95,2690,2676.7,2687.95
5-73,Uninfected,No_comment,Polygon,15,2419.55,2837.9,2418.5,2813.4,2409.3,2790.95,2400.15,2782.8,2383.8,2790.95,2356.25,2807.35,2333.8,2843,2319.5,2876.7,2327.7,2933.85,2346.05,2957.3,2373.6,2963.45,2396.05,2946.1,2412.4,2934.85,2421.55,2906.3,2414.4,2883.85
5-74,Uninfected,No_comment,Polygon,15,2455.25,2829.8,2443,2841,2444,2869.6,2433.8,2900.15,2444,2943,2470.55,2962.4,2499.1,2965.45,2516.45,2958.35,2532.8,2943,2546.05,2915.45,2544,2883.85,2530.75,2849.15,2521.55,2831.8,2502.2,2817.55,2483.8,2816.5
5-75,Uninfected,No_comment,Polygon,12,3061.4,2646.05,3041,2667.55,3026.7,2692,3025.7,2735.85,3057.3,2775.65,3100.2,2790.95,3133.85,2770.55,3149.15,2745.1,3151.2,2713.4,3142,2681.8,3120.6,2653.2,3092,2649.15
5-76,Uninfected,No_comment,Polygon,13,3072.65,2544,3026.7,2503.25,2978.75,2506.25,2953.25,2529.75,2944.05,2559.35,2954.25,2590.95,2972.6,2624.65,2992.05,2635.85,3026.7,2642,3048.15,2629.75,3071.6,2612.4,3083.85,2589.95,3078.75,2564.45
5-77,Uninfected,No_comment,Polygon,14,2855.7,2445,2846,2425.55,2824.6,2415.8,2798.4,2411.95,2771.2,2415.8,2748.9,2466.3,2752.75,2487.65,2762.5,2504.2,2786.75,2522.65,2809.1,2528.45,2842.1,2529.4,2861.5,2499.3,2863.45,2481.9,2863.45,2469.2
5-78,Uninfected,No_comment,Polygon,15,2877.05,2230.35,2859.55,2217.75,2840.15,2210.95,2819.75,2205.1,2787.7,2221.6,2777.05,2252.75,2789.65,2277.95,2807.15,2302.2,2823.65,2308.05,2845,2314.85,2863.45,2314.85,2883.85,2305.1,2888.7,2283.75,2889.7,2265.3,2885.8,2251.7
5-79,Uninfected,No_comment,Polygon,16,2745,2161.4,2728.5,2150.75,2702.25,2145.9,2678,2145.9,2651.8,2169.2,2644,2196.35,2645.95,2223.55,2658.6,2240.05,2681.9,2253.65,2702.25,2260.45,2724.6,2255.6,2742.1,2242,2753.75,2230.35,2764.4,2215.85,2766.35,2197.4,2763.45,2184.7
5-80,Uninfected,No_comment,Polygon,13,2752.75,2008.95,2727.5,2013.8,2696.45,2035.2,2683.8,2068.2,2696.45,2112.85,2714.9,2130.4,2755.7,2125.55,2784.8,2109,2797.45,2088.65,2798.4,2065.3,2790.65,2043.9,2783.85,2027.4,2777.05,2019.65
5-81,Uninfected,No_comment,Polygon,15,2677.05,1945.85,2653.7,1930.3,2630.4,1928.4,2608.1,1936.2,2587.7,1948.75,2569.25,1979.9,2586.7,2025.5,2596.45,2041,2621.7,2054.6,2657.6,2049.75,2677.05,2035.2,2687.7,2023.55,2696.45,2002.15,2699.35,1979.9,2695.5,1971.1
5-82,Uninfected,No_comment,Polygon,16,2854.7,2055.6,2838.2,2071.1,2818.8,2099.25,2812,2135.2,2825.6,2168.2,2841.15,2182.8,2866.35,2187.65,2890.65,2185.75,2906.2,2176,2918.8,2156.55,2926.55,2141,2931.45,2124.5,2918.8,2099.25,2906.2,2083.75,2894.55,2071.1,2885.8,2061.4
5-83,Uninfected,No_comment,Polygon,14,3073.2,2257.6,3062.5,2213.85,3041.15,2187.65,2989.7,2178.95,2950.85,2199.3,2945,2222.6,2941.15,2243,2946.95,2264.4,2959.6,2285.7,2979,2304.15,2992.6,2307.05,3016.9,2308.05,3055.7,2300.25,3071.25,2280.85
5-84,Uninfected,No_comment,Polygon,14,3220,2319.95,3197.45,2305.25,3161.15,2298.35,3130.75,2313.1,3112.15,2340.55,3114.1,2380.75,3128.8,2404.25,3152.35,2419,3179.8,2421.9,3203.35,2413.1,3220,2396.4,3228.8,2382.7,3231.75,2366.95,3231.75,2352.25
5-85,Uninfected,No_comment,Polygon,16,3281.75,2353.3,3264.1,2361.15,3246.45,2377.8,3239.6,2400.35,3248.45,2432.65,3264.1,2445.4,3284.7,2453.3,3308.25,2458.2,3323.95,2446.45,3337.65,2434.65,3349.45,2419.9,3336.7,2381.7,3325.9,2371.9,3317.05,2366.95,3318,2366.1,3313.15,2363.1
5-86,Uninfected,No_comment,Polygon,22,3357.25,2570,3340.6,2579.8,3317.05,2595.45,3305.3,2625.85,3304.3,2648.4,3321,2678.8,3332.75,2686.65,3367.1,2693.5,3381.75,2693.5,3392.55,2691.55,3404.3,2684.7,3414.15,2670.95,3424.95,2654.25,3433.75,2646.4,3452.4,2638.6,3464.15,2631.7,3470.05,2613.1,3471,2597.45,3462.15,2586.65,3445.5,2574.9,3429.85,2572.9,3411.2,2573.9
5-87,Uninfected,No_comment,Polygon,15,3297.45,2692.55,3267.05,2684.7,3238.65,2701.35,3216.1,2728.8,3214.1,2777.85,3231.75,2803.35,3262.15,2821.95,3288.6,2821,3310.2,2806.3,3324.9,2788.65,3333.7,2772.95,3330.8,2747.4,3323.95,2729.75,3317.05,2713.15,3312.15,2706.25
5-88,Uninfected,No_comment,Polygon,17,3373,2859.2,3349.5,2847.4,3308.25,2857.25,3283.8,2889.6,3286.7,2946.45,3307.3,2964.1,3329.85,2963.1,3337.7,2978.8,3368.05,2977.85,3389.7,2978.8,3403.35,2965.1,3408.25,2951.3,3406.3,2938.6,3401.4,2923.9,3392.6,2906.25,3386.7,2892.55,3384.8,2881.75
5-89,Uninfected,No_comment,Polygon,17,3490.65,2783.7,3468.1,2791.55,3454.35,2804.3,3438.65,2846.45,3455.35,2896.45,3463.2,2916,3487.75,2921.95,3506.35,2907.25,3531.8,2898.35,3551.45,2886.65,3569.1,2872.9,3576,2864.1,3579.85,2844.5,3576,2816.05,3561.25,2803.3,3541.65,2791.55,3524.95,2783.7
5-90,Uninfected,No_comment,Polygon,15,3456.3,2651.3,3438.65,2660.15,3431.8,2671.85,3422,2700.35,3425,2727.8,3437.7,2748.4,3453.4,2756.25,3482.85,2762.1,3492.6,2762.1,3503.4,2759.15,3511.25,2752.3,3519.05,2730.75,3507.3,2687.6,3487.75,2660.15,3481.8,2656.2
5-91,Uninfected,No_comment,Polygon,16,3666.15,2650.35,3645.55,2668,3636.75,2677.8,3628.95,2706.25,3628.95,2742.5,3657.35,2764.1,3673,2770.95,3705.35,2769,3720.1,2759.15,3734.8,2747.35,3745.55,2730.75,3747.55,2711.15,3748.5,2696.4,3738.7,2668,3725,2654.2,3714.25,2647.4
5-92,Uninfected,No_comment,Polygon,16,3673,2497.35,3656.4,2487.55,3609.3,2481.7,3576.9,2509.15,3564.2,2560.15,3588.7,2599.35,3621.1,2617,3650.45,2621.9,3677.9,2610.15,3690.65,2597.4,3698.5,2584.65,3700.45,2571.9,3696.6,2549.35,3694.6,2534.65,3688.7,2523.85,3684.8,2516
5-93,Uninfected,No_comment,Polygon,13,3468.1,2441.5,3437.7,2431.7,3399.45,2446.4,3388.65,2481.7,3398.45,2520.85,3414.15,2542.5,3443.55,2558.15,3482.85,2558.15,3501.4,2547.4,3505.4,2529.75,3507.3,2492.45,3498.5,2470.9,3491.6,2463
5-94,Uninfected,No_comment,Polygon,16,3526.9,2255.2,3506.35,2261.05,3487.75,2269.9,3473,2305.2,3472,2345.4,3492.6,2372.85,3511.25,2384.6,3531.8,2388.55,3550.45,2385.6,3566.15,2376.75,3581.85,2358.15,3592.6,2339.5,3595.55,2318.9,3599.5,2300.3,3586.75,2280.7,3567.1,2266.95
5-95,Uninfected,No_comment,Polygon,16,3411.2,2248.3,3385.7,2244.4,3344.55,2259.05,3324.95,2296.35,3331.85,2338.55,3346.5,2369.85,3367.15,2385.6,3391.6,2386.6,3412.25,2387.5,3433.75,2380.7,3446.5,2362.05,3453.4,2337.55,3456.3,2312.05,3454.35,2287.55,3451.4,2276.7,3438.65,2260.1
5-96,Uninfected,No_comment,Polygon,15,3637.7,2337.55,3626.95,2344.4,3601.45,2362.05,3590.65,2403.25,3603.45,2431.7,3624,2436.6,3654.4,2441.5,3676.95,2435.6,3699.5,2423.85,3709.35,2402.25,3710.3,2390.5,3702.45,2366.95,3697.55,2359.1,3688.7,2351.3,3683.8,2348.35
5-97,Uninfected,No_comment,Polygon,14,3782.85,2508.15,3743.6,2514.05,3725,2543.45,3721.05,2584.65,3731.9,2627.8,3764.2,2648.35,3793.6,2647.4,3818.15,2635.65,3829.9,2616,3831.85,2590.5,3830.9,2563.05,3826,2542.5,3815.25,2524.85,3806.35,2517
5-98,Uninfected,No_comment,Polygon,15,3902.45,2520.85,3875,2532.65,3858.35,2562.1,3856.35,2613.1,3874,2633.65,3904.4,2647.4,3930.95,2645.45,3953.5,2632.7,3968.15,2621.9,3982.85,2594.45,3983.9,2570.9,3976.05,2556.15,3965.2,2542.5,3950.5,2530.7,3941.7,2523.85
5-99,Uninfected,No_comment,Polygon,13,3995.6,2276.7,3968.15,2286.55,3948.6,2316,3951.5,2349.3,3971.15,2381.65,4010.3,2388.55,4032.85,2383.65,4047.6,2369.85,4058.35,2344.4,4061.3,2329.7,4057.4,2307.15,4049.55,2297.35,4043.65,2292.45
5-100,Uninfected,No_comment,Polygon,11,3305.3,2130.6,3281.75,2111.05,3257.25,2112,3231.75,2130.6,3215.1,2179.65,3237.65,2233.6,3273.9,2239.5,3307.25,2224.75,3319.05,2187.5,3321.95,2162,3316.05,2151.25
5-101,Uninfected,No_comment,Polygon,13,3498.45,2066.9,3458.25,2045.35,3425.9,2048.25,3399.4,2063,3383.75,2092.4,3392.55,2149.25,3420,2167.9,3457.25,2173.8,3482.8,2162,3495.5,2151.25,3506.3,2124.75,3507.25,2089.45,3506.3,2086.5
5-102,Uninfected,No_comment,Polygon,15,3567.1,2044.35,3554.35,2054.15,3543.55,2065.9,3534.75,2090.4,3542.55,2128.7,3574.95,2149.25,3588.65,2150.25,3611.2,2141.4,3630.8,2130.6,3638.7,2115.95,3643.55,2093.4,3635.7,2074.75,3625.9,2061,3615.15,2051.2,3597.5,2045.35
5-103,Uninfected,No_comment,Polygon,13,3711.2,2162,3681.8,2177.7,3664.15,2217.9,3655.35,2252.2,3683.75,2296.35,3721.05,2308.1,3750.45,2310.05,3783.8,2288.5,3804.35,2263,3804.35,2195.35,3784.8,2170.8,3763.2,2159.05,3747.5,2158.1
5-104,Uninfected,No_comment,Polygon,16,3718.1,1943.35,3704.35,1927.65,3669.05,1913.95,3645.55,1921.75,3621.05,1927.65,3607.3,1958.05,3605.35,1986.5,3612.2,2016.9,3625.9,2029.65,3650.45,2040.45,3668.1,2041.4,3692.6,2036.5,3704.35,2025.7,3714.2,2013.95,3720.05,1993.35,3722,1979.6
5-105,Uninfected,No_comment,Polygon,16,3806.35,1923.75,3783.8,1939.4,3771.05,1957.05,3777.9,2001.2,3785.75,2023.75,3807.35,2044.35,3846.55,2054.15,3874.95,2054.15,3891.65,2037.45,3899.5,2012,3906.35,1995.35,3898.5,1974.75,3888.7,1961,3874.95,1943.35,3863.2,1936.5,3860.3,1936.5
5-106,Uninfected,No_comment,Polygon,15,3977.9,2058.1,3939.7,2068.85,3919.1,2086.5,3908.3,2118.85,3925.95,2153.2,3949.5,2177.7,3975,2179.65,3987.75,2175.75,4009.3,2166.9,4019.1,2155.15,4033.85,2132.6,4035.75,2119.85,4034.8,2101.2,4026.95,2081.6,4017.15,2066.9
5-107,Uninfected,No_comment,Polygon,13,4043.6,1923.75,4018.15,1928.65,3999.5,1951.2,3992.65,1986.5,4011.3,2043.35,4055.4,2045.35,4081.85,2032.55,4099.5,2015.9,4108.35,1996.3,4106.35,1966.9,4094.6,1946.3,4087.75,1936.5,4081.85,1931.6
5-108,Uninfected,No_comment,Polygon,13,4144.65,2215.95,4130.9,2195.35,4093.65,2187.5,4065.2,2191.45,4050.5,2212,4041.65,2250.25,4061.25,2280.65,4075,2291.45,4097.55,2295.35,4127,2284.6,4141.65,2270.85,4148.55,2258.1,4148.55,2243.4
5-109,Uninfected,No_comment,Polygon,16,4146.55,2066.9,4127,2072.75,4115.2,2078.65,4100.5,2093.4,4092.65,2112.95,4096.55,2139.45,4113.25,2162,4129.9,2177.7,4156.4,2179.65,4170.1,2175.75,4185.8,2161.05,4195.6,2140.45,4194.6,2115.95,4194.6,2105.15,4184.85,2091.4,4169.15,2071.8
5-110,Uninfected,No_comment,Polygon,13,4288.75,1935.5,4288.75,1898.25,4273.1,1860,4237.8,1835.5,4193.65,1844.35,4173.05,1861,4161.3,1908.05,4167.15,1951.2,4190.7,1972.75,4228.95,1985.5,4246.6,1977.7,4274.05,1960.05,4285.8,1943.35
5-111,Uninfected,No_comment,Polygon,13,4002.45,1827.65,4002.45,1792.35,3984.8,1762.95,3963.2,1750.2,3933.8,1753.1,3901.45,1761.95,3880.85,1810.95,3888.7,1850.2,3918.15,1875.7,3936.75,1877.65,3955.35,1875.7,3979.9,1861,3992.65,1848.25
5-112,Uninfected,No_comment,Polygon,14,4222.05,1672.75,4181.85,1677.6,4155.4,1691.35,4138.75,1714.9,4124,1757.05,4130.9,1793.3,4157.35,1818.85,4190.7,1820.8,4216.2,1810,4229.9,1795.3,4244.65,1776.65,4254.45,1750.2,4257.35,1721.75,4248.55,1699.2
5-113,Uninfected,No_comment,Polygon,13,4099.5,1546.25,4053.4,1548.2,4029.9,1561.95,4012.25,1577.6,3997.55,1605.1,3996.55,1639.4,4019.1,1674.7,4079.9,1684.5,4124,1663.9,4140.7,1629.6,4146.55,1601.15,4141.65,1579.6,4125,1563.9
5-114,Uninfected,No_comment,Polygon,11,3922.05,1574.7,3884.75,1551.15,3835.75,1552.15,3808.3,1577.6,3800.45,1598.2,3821.05,1646.25,3859.3,1659,3893.6,1660.95,3914.2,1648.2,3926.95,1616.85,3926.95,1602.1
5-115,Uninfected,No_comment,Polygon,10,3755.35,1643.3,3710.25,1639.4,3679.85,1664.85,3668.1,1693.3,3673,1754.1,3712.2,1788.4,3755.35,1779.6,3776.9,1737.45,3787.7,1700.15,3786.7,1682.5
5-116,Uninfected,No_comment,Polygon,11,3570.05,1716.85,3533.75,1739.4,3516.1,1759,3512.2,1788.4,3534.75,1827.65,3580.85,1836.5,3625.9,1828.6,3642.6,1808.05,3638.7,1758,3624.95,1739.4,3606.3,1731.55
5-117,Uninfected,No_comment,Polygon,12,3448.45,1719.8,3417.1,1709,3391.55,1716.85,3368.05,1727.65,3355.3,1760,3361.15,1800.2,3376.9,1817.85,3418.05,1815.9,3440.6,1803.15,3453.35,1780.6,3455.3,1756.1,3448.45,1737.45
5-118,Uninfected,No_comment,Polygon,12,3269,1782.55,3231.75,1786.45,3216.05,1799.2,3201.35,1818.85,3202.35,1862,3218,1895.3,3252.35,1903.15,3284.7,1896.3,3303.3,1882.55,3319.05,1844.35,3310.2,1812.95,3292.55,1795.3
5-119,Uninfected,No_comment,Polygon,12,3129.75,1927.65,3089.55,1911,3055.25,1912,3040.55,1945.3,3030.75,1975.7,3038.6,2006.1,3052.35,2024.75,3079.8,2032.55,3117,2026.7,3133.7,2003.15,3139.6,1974.75,3131.75,1938.45
5-120,Uninfected,No_comment,Polygon,11,3167.05,2037.45,3131.75,2040.45,3099.35,2061,3087.6,2103.2,3097.45,2132.6,3116.05,2156.15,3160.15,2163,3198.4,2157.1,3206.25,2103.2,3203.35,2070.85,3197.45,2061
5-121,Uninfected,No_comment,Polygon,12,3006.25,2003.15,2948.35,2007.1,2929.75,2027.7,2934.65,2060.05,2932.7,2089.45,2961.1,2113.95,2993.5,2124.75,3020.95,2124.75,3038.6,2094.35,3045.45,2063,3035.65,2039.45,3025.85,2020.8
5-122,Uninfected,No_comment,Polygon,14,2704.75,1676.2,2682,1650.1,2628.6,1631.9,2588.8,1658.05,2587.65,1693.25,2585.4,1722.8,2600.15,1750.1,2629.7,1760.3,2653.6,1764.85,2672.9,1758.05,2687.7,1743.25,2696.75,1722.8,2703.6,1711.45,2702.45,1705.75
5-123,Uninfected,No_comment,Polygon,17,2785.4,1680.75,2750.2,1680.75,2726.3,1697.8,2717.25,1725.1,2717.25,1748.95,2730.85,1770.55,2750.2,1780.75,2770.65,1779.65,2788.8,1773.95,2808.15,1768.25,2819.5,1758.05,2830.85,1744.4,2833.15,1729.65,2832,1719.4,2818.35,1698.95,2810.4,1691,2809.3,1690.95
5-124,Uninfected,No_comment,Polygon,17,2928.6,1486.45,2910.4,1480.75,2867.25,1479.6,2838.85,1525.05,2835.4,1544.4,2847.9,1569.4,2863.85,1592.1,2876.35,1601.2,2892.25,1601.2,2914.95,1595.55,2926.35,1591,2946.8,1576.2,2957,1561.45,2967.25,1541,2959.3,1518.25,2954.75,1511.45,2950.2,1506.9
5-125,Uninfected,No_comment,Polygon,14,3028.6,1626.2,3011.55,1637.6,2999.05,1671.65,2996.8,1710.3,3019.5,1746.65,3038.85,1763.7,3066.1,1773.95,3091.1,1768.25,3110.45,1742.15,3109.3,1721.65,3102.5,1689.85,3088.85,1658.05,3082,1644.4,3066.1,1635.3
5-126,Uninfected,No_comment,Polygon,12,2989.95,1745.55,2954.75,1737.6,2926.35,1758.05,2908.15,1780.75,2899.05,1820.55,2918.4,1868.25,2955.9,1872.8,2992.25,1864.85,3020.65,1838.7,3032,1811.45,3028.6,1783.05,3011.55,1763.7
5-127,Uninfected,No_comment,Polygon,12,2880.85,1810.3,2833.15,1791,2799.05,1794.4,2778.6,1843.25,2780.85,1873.95,2802.45,1889.85,2817.25,1897.8,2849.05,1910.3,2869.5,1897.8,2892.25,1869.4,2896.8,1846.7,2891.1,1827.35
5-128,Uninfected,No_comment,Polygon,15,3124.05,1744.4,3095.65,1744.3,3083.15,1762.55,3076.35,1814.85,3091.1,1841,3108.15,1859.2,3137.7,1870.55,3153.6,1868.25,3175.2,1854.65,3183.15,1827.35,3186.55,1804.65,3188.85,1780.75,3184.3,1766,3177.5,1754.65,3167.25,1746.65
5-129,Uninfected,No_comment,Polygon,12,3451.35,1606.9,3468.4,1579.6,3460.45,1548.95,3445.7,1518.25,3419.55,1497.8,3385.45,1497.8,3363.85,1519.4,3353.65,1545.55,3367.25,1579.6,3385.45,1605.75,3409.3,1616,3430.9,1617.1
5-130,Uninfected,No_comment,Polygon,14,3542.3,1561.45,3516.15,1563.7,3496.8,1575.05,3478.65,1597.8,3476.35,1628.5,3494.55,1654.6,3507.05,1666,3530.9,1673.95,3563.85,1673.95,3587.75,1660.3,3595.7,1617.1,3590,1594.4,3575.25,1572.8,3567.3,1567.1
5-131,Uninfected,No_comment,Polygon,16,3528.65,1398.95,3500.25,1402.35,3476.35,1414.85,3459.3,1431.9,3447.95,1461.45,3450.25,1487.55,3463.85,1506.9,3475.25,1521.65,3496.8,1534.15,3522.95,1546.65,3559.3,1528.5,3566.15,1500.05,3569.55,1463.7,3569.55,1452.35,3563.85,1434.15,3551.35,1414.85
5-132,Uninfected,No_comment,Polygon,12,3210.45,1504.6,3178.6,1518.25,3158.15,1546.65,3147.95,1586.45,3163.85,1623.95,3203.6,1637.6,3255.9,1633.05,3288.85,1593.25,3293.4,1555.75,3284.3,1525.05,3262.7,1506.9,3250.2,1498.95
5-133,Uninfected,No_comment,Polygon,14,3410.45,1353.45,3378.65,1352.35,3349.1,1363.7,3320.65,1380.75,3307.05,1417.1,3318.4,1458,3345.65,1472.8,3383.2,1468.25,3407.05,1461.45,3422.95,1439.85,3438.85,1422.8,3445.7,1393.25,3442.25,1378.45,3433.2,1363.7
5-134,Uninfected,No_comment,Polygon,13,3718.4,1475.05,3687.75,1473.95,3663.9,1489.85,3642.3,1527.35,3642.3,1567.1,3696.85,1584.15,3716.15,1577.35,3733.2,1569.4,3750.25,1555.75,3758.2,1529.6,3759.35,1509.15,3752.5,1493.25,3749.1,1488.7
5-135,Uninfected,No_comment,Polygon,18,4036.65,1445.5,4036.65,1427.35,4048,1410.3,4043.45,1386.4,4028.65,1370.5,4017.3,1360.3,3996.85,1359.15,3970.7,1354.55,3950.25,1360.3,3934.35,1372.8,3917.3,1389.85,3907.05,1426.2,3921.85,1455.75,3957.1,1478.5,3990.05,1484.15,4010.5,1473.95,4026.4,1464.85,4030.95,1454.6
5-136,Uninfected,No_comment,Polygon,14,4104.8,1398.95,4076.4,1406.9,4059.35,1428.45,4052.55,1463.7,4063.9,1497.8,4084.35,1514.85,4120.7,1514.85,4144.6,1502.35,4162.75,1487.55,4167.3,1472.8,4167.3,1444.4,4166.2,1427.35,4157.1,1414.85,4141.2,1400.05
5-137,Uninfected,No_comment,Polygon,16,4295.75,1408,4251.4,1417.1,4224.15,1417.1,4208.25,1435.3,4188.9,1462.55,4188.9,1488.7,4204.8,1519.4,4216.2,1526.2,4236.65,1530.75,4262.8,1530.75,4294.6,1530.75,4325.3,1521.65,4341.2,1493.25,4340.05,1461.45,4329.85,1444.4,4316.2,1433
5-138,Uninfected,No_comment,Polygon,13,4248,1217.1,4254.8,1184.15,4238.9,1161.4,4219.6,1152.3,4184.35,1153.45,4161.65,1158,4142.3,1172.8,4118.45,1201.2,4109.35,1242.1,4133.2,1285.3,4200.25,1281.85,4221.85,1269.35,4237.75,1252.35
5-139,Uninfected,No_comment,Polygon,13,4084.35,1283,4092.3,1242.1,4073,1210.3,4044.6,1205.75,4017.3,1201.2,3984.35,1223.9,3970.7,1252.35,3965.05,1292.1,3986.6,1318.25,4017.3,1329.6,4041.15,1329.6,4070.7,1312.55,4080.95,1296.65
5-140,Uninfected,No_comment,Polygon,11,3954.8,1134.15,3966.15,1092.1,3948,1063.7,3929.8,1046.65,3860.5,1048.9,3829.8,1080.7,3834.35,1125.05,3854.8,1155.75,3884.35,1165.95,3911.6,1165.95,3944.55,1152.3
5-141,Uninfected,No_comment,Polygon,11,3722.95,1315.95,3746.85,1288.7,3752.5,1264.85,3749.1,1233,3730.95,1210.3,3687.75,1194.35,3643.4,1218.25,3622.95,1250.05,3634.35,1303.45,3682.05,1330.75,3708.2,1322.8
5-142,Uninfected,No_comment,Polygon,12,3570.7,1285.3,3578.65,1253.45,3557.05,1210.3,3525.25,1200.05,3500.25,1192.1,3469.55,1202.3,3450.25,1229.6,3442.25,1252.35,3451.35,1290.95,3483.2,1319.35,3517.3,1318.25,3547.95,1306.85
5-143,Uninfected,No_comment,Polygon,14,3400.2,1252.35,3387.7,1230.75,3352.5,1220.5,3334.3,1223.9,3312.7,1240.95,3296.8,1256.85,3283.15,1279.6,3282.05,1320.5,3299.1,1348.9,3355.9,1351.2,3391.15,1333,3402.5,1322.8,3408.2,1300.05,3408.2,1267.1
5-144,Uninfected,No_comment,Polygon,13,3272.95,1239.8,3258.15,1204.6,3241.1,1194.35,3220.65,1195.5,3192.25,1207.95,3177.5,1222.8,3166.1,1244.35,3171.8,1264.85,3203.6,1288.7,3224.1,1297.8,3243.4,1289.85,3269.55,1273.9,3274.1,1256.85
5-145,Uninfected,No_comment,Polygon,12,3085.45,1222.8,3065,1212.55,3026.35,1226.2,3010.45,1245.5,3012.7,1286.4,3020.65,1300.05,3049.05,1308,3070.65,1304.6,3091.1,1287.55,3101.35,1273.9,3101.35,1259.15,3099.05,1242.1
5-146,Uninfected,No_comment,Polygon,14,3103.6,1322.8,3076.35,1321.65,3054.75,1335.3,3038.85,1354.55,3032,1377.35,3032,1410.3,3037.7,1431.9,3088.85,1450.05,3110.45,1444.4,3134.3,1415.95,3138.85,1400.05,3138.85,1380.75,3134.3,1350.05,3125.2,1331.9
5-147,Uninfected,No_comment,Polygon,15,3238.85,1315.95,3200.2,1310.3,3180.9,1323.9,3165,1340.95,3152.5,1369.4,3154.75,1420.5,3169.55,1438.7,3199.05,1444.4,3229.75,1438.7,3247.95,1429.6,3265,1415.95,3272.95,1403.45,3276.35,1383,3278.6,1364.85,3269.55,1345.5
5-148,Uninfected,No_comment,Polygon,20,2701.3,1445.5,2683.15,1435.3,2667.2,1425.05,2651.3,1406.9,2651.35,1406.9,2617.2,1397.8,2605.85,1396.65,2585.4,1410.3,2580.85,1428.45,2582,1447.8,2595.65,1470.5,2611.55,1479.6,2626.3,1505.75,2653.6,1520.5,2676.3,1517.1,2687.7,1511.45,2699.05,1500.05,2710.4,1487.55,2710.4,1473.95,2708.15,1456.9
5-149,Uninfected,No_comment,Polygon,14,2711.55,1304.6,2686.55,1315.95,2670.65,1330.75,2660.4,1359.15,2658.15,1393.25,2688.8,1423.95,2716.1,1433,2741.1,1430.75,2772.9,1402.35,2784.3,1384.15,2774.05,1344.4,2758.15,1320.5,2745.65,1310.3,2724.05,1306.85
5-150,Uninfected,No_comment,Polygon,13,2519.5,1255.75,2492.2,1247.8,2469.5,1261.4,2452.45,1279.6,2449.05,1323.9,2469.5,1345.5,2499.05,1360.3,2524.05,1358,2542.2,1346.65,2554.7,1319.35,2555.85,1304.6,2551.3,1280.75,2546.75,1271.65
5-151,Uninfected,No_comment,Polygon,13,2412.65,959.15,2371.75,976.15,2360.4,1023.9,2367.2,1063.7,2393.35,1095.5,2425.15,1098.9,2450.15,1090.95,2464.95,1078.45,2478.6,1061.35,2484.25,1039.8,2477.45,1017.1,2467.2,995.5,2455.85,975.05
5-152,Uninfected,No_comment,Polygon,13,2351.3,937.55,2325.15,910.25,2297.9,902.3,2266.05,921.6,2243.35,954.6,2231.15,994.85,2239.15,1015.3,2264.95,1026.2,2291.05,1031.85,2314.95,1028.45,2329.7,1014.8,2343.35,995.5,2353.55,969.35
5-153,Uninfected,No_comment,Polygon,16,2486.55,905.7,2478.6,921.6,2472.6,937.95,2474.05,979.6,2486.55,1006.85,2499.05,1026.2,2529.7,1035.25,2559.25,1019.35,2572.9,1008,2586.55,984.15,2591.1,954.6,2593.35,935.25,2584.25,915.95,2560.4,897.75,2525.15,889.8,2511.55,895.5
5-154,Uninfected,No_comment,Polygon,12,2643.35,955.7,2609.25,980.7,2601.3,1022.75,2600.15,1051.2,2627.45,1079.6,2650.2,1080.7,2671.75,1070.5,2689.95,1061.35,2701.3,1029.6,2702.45,1014.8,2684.25,977.3,2675.2,965.95
5-155,Uninfected,No_comment,Polygon,12,2746.75,1033,2707,1063.7,2708.15,1101.2,2720.65,1139.8,2771.8,1158,2807,1140.95,2829.75,1122.75,2834.3,1087.55,2820.65,1064.8,2808.15,1045.5,2794.5,1033,2782,1027.3
5-156,Uninfected,No_comment,Polygon,11,2901.35,1118.25,2869.5,1120.5,2842.25,1152.3,2832,1210.3,2877.45,1259.15,2925.2,1255.75,2949.05,1239.8,2954.75,1205.75,2949.05,1180.75,2937.7,1156.85,2922.9,1140.95
5-157,Uninfected,No_comment,Polygon,10,2850.2,1286.4,2808.15,1297.8,2794.5,1348.9,2814.95,1385.3,2835.4,1406.9,2900.2,1398.95,2925.2,1356.9,2908.15,1310.3,2901.35,1302.35,2883.15,1289.85
5-158,Uninfected,No_comment,Polygon,13,2787.7,795.5,2767.25,762.5,2745.65,752.3,2711.55,751.15,2679.7,800,2689.95,858,2701.3,883,2720.65,896.6,2737.7,897.75,2758.15,884.1,2772.9,869.35,2785.4,842.05,2785.4,814.8
5-159,Uninfected,No_comment,Polygon,16,2827.45,854.55,2811.55,877.3,2800.2,890.95,2799.05,913.65,2804.75,960.25,2842.25,981.85,2871.8,992.1,2894.5,975.05,2916.1,954.6,2922.9,927.3,2921.8,893.2,2908.15,870.5,2889.95,855.7,2872.9,847.75,2852.45,847.75,2845.65,847.75
5-160,Uninfected,No_comment,Polygon,11,2997.95,1065.95,2964.95,1065.95,2943.4,1084.15,2942.25,1126.2,2962.7,1168.25,2999.05,1170.5,3020.65,1155.75,3037.7,1138.7,3043.4,1118.25,3036.55,1097.75,3025.2,1080.7
5-161,Uninfected,No_comment,Polygon,14,3130.9,1106.85,3092.25,1114.8,3071.8,1129.6,3058.15,1165.95,3068.4,1193.25,3086.55,1204.6,3107,1219.35,3137.7,1234.15,3165,1205.75,3186.55,1192.1,3188.85,1177.3,3190,1155.75,3176.35,1139.8,3159.3,1120.5
5-162,Uninfected,No_comment,Polygon,12,3029.75,833,3004.75,839.8,2980.9,843.2,2966.1,872.75,2967.25,913.65,2975.2,936.4,3002.45,958,3053.6,945.5,3071.8,927.3,3076.35,901.15,3077.5,871.6,3061.55,846.6
5-163,Uninfected,No_comment,Polygon,18,3091.1,946.6,3072.95,959.15,3054.75,979.6,3053.6,1018.2,3057,1037.55,3069.5,1052.3,3093.4,1063.7,3115,1062.55,3133.15,1060.25,3141.1,1053.45,3153.6,1040.95,3165,1023.9,3165,1005.7,3160.45,985.25,3150.2,968.2,3141.1,959.15,3132,953.45,3121.8,950.05
5-164,Uninfected,No_comment,Polygon,16,3202.5,1028.45,3193.4,1038.7,3178.6,1055.7,3170.65,1073.9,3171.8,1098.9,3179.75,1129.6,3194.55,1145.5,3220.65,1171.65,3252.5,1162.55,3274.1,1147.75,3280.9,1131.85,3276.35,1105.75,3270.65,1078.45,3267.25,1056.85,3254.75,1042.1,3233.15,1029.6
5-165,Uninfected,No_comment,Polygon,12,3371.8,1023.9,3334.3,1019.35,3308.15,1043.2,3291.15,1076.2,3291.15,1111.4,3311.6,1137.55,3344.55,1152.3,3384.3,1128.45,3407.05,1108,3413.85,1084.15,3409.3,1060.25,3402.5,1043.2
5-166,Uninfected,No_comment,Polygon,15,3285.4,827.3,3266.1,800,3250.2,788.65,3228.6,783,3202.5,800,3185.45,825.05,3184.3,852.3,3196.8,876.15,3205.9,892.1,3211.6,900.05,3226.35,898.9,3246.8,895.5,3268.4,886.4,3279.75,876.15,3288.85,851.15
5-167,Uninfected,No_comment,Polygon,14,3367.25,682.95,3329.75,695.45,3310.45,712.5,3299.1,750,3315,787.5,3337.7,814.8,3370.7,817.05,3402.5,812.55,3419.55,797.75,3427.5,767.05,3432.05,745.5,3424.1,723.9,3411.6,705.7,3397.95,690.95
5-168,Uninfected,No_comment,Polygon,14,3294.55,612.5,3278.6,587.5,3268.4,580.7,3251.35,580.7,3234.3,588.65,3216.1,589.8,3217.25,602.3,3217.25,629.55,3205.9,645.45,3203.6,664.8,3230.9,673.9,3266.1,665.95,3284.3,654.55,3288.85,642.05
5-169,Uninfected,No_comment,Polygon,11,3761.6,1026.2,3713.9,1036.4,3694.55,1068.2,3691.15,1110.25,3700.25,1134.15,3726.4,1145.5,3767.3,1143.25,3790,1119.35,3802.5,1094.35,3801.4,1054.6,3787.75,1034.15
5-170,Uninfected,No_comment,Polygon,14,4037.75,945.5,4004.8,962.55,3974.1,975.05,3963.9,993.2,3965.05,1033,3977.55,1058,3998,1071.65,4023,1080.7,4058.2,1076.2,4086.65,1048.9,4094.6,1018.2,4092.3,983,4078.65,960.25,4065.05,947.75
5-171,Uninfected,No_comment,Polygon,14,4171.85,840.95,4141.2,840.95,4113.9,860.25,4095.7,878.45,4092.3,900.05,4099.15,939.8,4110.5,954.6,4135.5,971.65,4183.25,953.45,4215.05,938.65,4225.25,909.1,4221.85,875.05,4205.95,855.7,4194.6,844.35
5-172,Uninfected,No_comment,Polygon,12,3557.05,928.45,3536.6,894.35,3496.8,890.95,3478.65,888.65,3459.3,898.9,3428.65,919.35,3417.25,968.2,3438.85,1000.05,3477.5,1012.55,3515,1001.15,3542.3,986.4,3558.2,959.15
5-173,Uninfected,No_comment,Polygon,14,3617.3,942.1,3596.85,960.25,3592.3,983,3595.7,1009.15,3613.85,1035.25,3644.55,1051.2,3686.6,1038.7,3705.9,1022.75,3724.1,1004.6,3735.45,976.15,3727.5,937.55,3709.35,919.35,3688.9,913.65,3665,911.4
5-174,Uninfected,No_comment,Polygon,15,3769.55,627.3,3737.75,644.35,3717.3,675,3704.8,709.1,3719.55,744.35,3737.75,767.05,3771.85,772.75,3797.95,772.75,3823,755.7,3841.15,738.65,3855.95,711.4,3859.35,679.55,3850.25,651.15,3829.8,629.55,3816.15,619.35
5-175,Uninfected,No_comment,Polygon,14,4129.8,664.8,4092.3,671.6,4069.6,689.8,4052.55,710.25,4037.75,729.55,4040.05,765.95,4051.4,789.8,4080.95,800,4121.85,794.35,4149.15,775,4154.8,750,4159.35,722.75,4155.95,700,4145.7,688.6
5-176,Uninfected,No_comment,Polygon,12,3796.85,517.05,3794.55,486.35,3777.5,451.15,3727.5,444.3,3691.15,470.45,3678.65,489.8,3675.25,536.35,3701.4,577.3,3744.55,582.95,3768.45,575,3787.75,556.85,3797.95,543.2
5-177,Uninfected,No_comment,Polygon,12,3586.6,505.7,3578.65,484.1,3552.5,473.85,3510.45,488.65,3490,515.9,3476.35,560.25,3491.15,605.7,3524.1,622.75,3545.7,612.5,3576.35,590.9,3591.15,563.65,3595.7,539.8
5-178,Uninfected,No_comment,Polygon,13,3353.65,476.15,3332.05,469.3,3299.1,486.35,3274.1,517.05,3274.1,554.55,3308.15,584.1,3322.95,596.6,3351.35,595.45,3374.1,576.15,3390,555.7,3393.4,534.1,3388.85,497.75,3380.9,484.1
5-179,Uninfected,No_comment,Polygon,14,3279.75,461.35,3257.05,436.35,3228.6,422.75,3193.4,435.25,3163.85,454.55,3166.1,498.85,3180.9,532.95,3204.75,556.85,3236.6,552.3,3255.9,537.5,3262.7,517.05,3267.25,498.85,3278.6,485.25,3283.15,473.85
5-180,Uninfected,No_comment,Polygon,13,3149.05,509.1,3122.95,492.05,3102.5,487.5,3085.45,489.8,3068.4,513.65,3060.45,539.8,3074.05,575,3086.55,593.2,3112.7,607.95,3150.2,611.4,3163.85,596.6,3174.05,571.6,3175.2,544.35
5-181,Uninfected,No_comment,Polygon,13,3136.55,635.25,3096.8,627.3,3067.25,632.95,3045.65,650,3038.85,677.3,3058.15,703.45,3075.2,725,3107,743.2,3153.6,740.95,3175.2,720.45,3179.75,694.35,3172.95,669.35,3168.4,659.1
5-182,Uninfected,No_comment,Polygon,11,2987.7,502.3,2957,490.9,2918.4,497.75,2899.05,529.55,2889.95,575,2910.4,610.25,2938.85,626.15,2968.4,612.5,2995.65,590.9,3013.85,554.55,3001.35,518.2
5-183,Uninfected,No_comment,Polygon,15,2199,830.7,2160.35,836.4,2144.45,858,2129.7,887.55,2142.2,930.7,2154.7,945.5,2180.85,964.8,2217.2,946.6,2241.05,926.15,2255.85,912.55,2268.35,895.5,2268.35,869.35,2255.85,853.45,2244.45,837.55,2226.3,826.15
5-184,Uninfected,No_comment,Polygon,11,2249,696.6,2227.4,700,2201.3,725,2195.6,765.95,2210.4,796.6,2230.85,813.65,2256.95,815.95,2301.3,793.2,2306.95,755.7,2291.05,720.45,2280.85,706.85
5-185,Uninfected,No_comment,Polygon,12,2391.05,645.45,2361.5,657.95,2339.95,677.3,2321.75,719.35,2333.1,780.7,2333.1,780.65,2380.85,796.6,2422.9,777.3,2439.95,714.8,2426.3,686.4,2410.4,664.8,2405.85,656.85
5-186,Uninfected,No_comment,Polygon,11,2309.25,550,2287.65,530.7,2238.8,543.2,2217.2,572.75,2211.5,621.6,2225.15,656.85,2236.5,665.95,2274,662.5,2301.3,639.8,2318.35,614.8,2321.75,590.9
5-187,Uninfected,No_comment,Polygon,9,2468.35,452.3,2444.5,467.05,2430.85,514.8,2445.6,548.85,2468.35,565.9,2513.8,569.35,2551.3,529.55,2537.65,495.45,2518.35,461.35
5-188,Uninfected,No_comment,Polygon,11,2117.2,738.65,2077.4,713.65,2043.3,727.3,2021.75,753.45,2024,793.2,2026.3,833,2047.85,858,2097.85,855.7,2131.95,820.5,2137.65,789.8,2135.35,760.25
5-189,Uninfected,No_comment,Polygon,11,2076.3,551.15,2050.15,575,2046.75,627.3,2049,661.4,2068.3,665.95,2102.4,664.8,2119.45,648.9,2137.65,623.9,2143.35,609.1,2128.55,567.05,2109.25,553.4
5-190,Uninfected,No_comment,Polygon,12,2667.15,438.6,2659.2,400,2635.35,373.8,2600.1,368.15,2568.3,390.85,2545.6,435.2,2559.2,492.05,2580.8,502.25,2600.1,504.55,2634.2,501.1,2650.15,480.65,2663.75,456.75
5-191,Uninfected,No_comment,Polygon,12,2803.55,367,2791.05,330.65,2775.15,317,2746.7,319.25,2727.4,337.45,2711.5,360.2,2692.2,410.2,2717.2,436.3,2741.1,435.2,2768.3,421.55,2787.65,406.75,2794.45,393.15
5-192,Uninfected,No_comment,Polygon,16,2868.3,364.7,2852.4,376.1,2835.35,394.25,2821.75,425,2828.55,450,2843.3,476.1,2862.7,481.75,2875.2,487.45,2900.2,487.45,2928.55,474.95,2944.45,445.4,2946.8,418.15,2942.25,394.25,2929.75,371.55,2903.55,360.2,2901.3,360.2
5-193,Uninfected,No_comment,Polygon,16,2885.35,159.05,2894.45,126.05,2875.2,93.1,2859.25,80.6,2841.05,74.95,2819.45,74.95,2799,85.15,2781.95,97.65,2766.05,111.3,2759.25,152.2,2767.2,178.35,2783.15,202.2,2812.7,215.9,2849,219.25,2867.25,204.5,2877.4,186.35
5-194,Uninfected,No_comment,Polygon,16,2911.5,154.5,2900.2,172.65,2888.8,204.5,2891.05,229.5,2908.1,249.95,2918.35,260.15,2938.8,268.1,2968.35,268.1,2984.3,251.1,2996.8,228.4,3003.55,207.9,2996.8,186.35,2984.3,159.05,2972.9,146.55,2958.1,142,2935.35,143.1
5-195,Uninfected,No_comment,Polygon,10,3063.85,210.15,3045.6,228.4,3024,265.9,3045.6,311.3,3067.2,336.3,3128.55,324.95,3158.1,290.9,3161.5,252.2,3142.2,217,3113.85,203.35
5-196,Uninfected,No_comment,Polygon,11,3322.9,307.95,3272.95,312.45,3261.55,324.95,3243.35,359.05,3247.95,413.6,3285.4,436.3,3322.9,435.2,3347.9,417,3366.1,396.55,3369.55,357.95,3353.6,314.7
5-197,Uninfected,No_comment,Polygon,14,3209.25,79.5,3193.4,55.6,3167.2,47.65,3136.5,52.25,3112.65,64.75,3091.05,87.45,3075.15,123.8,3101.35,163.55,3138.8,168.1,3172.95,159.05,3191.05,140.85,3207,123.8,3214.95,110.15,3216.05,93.1
5-198,Uninfected,No_comment,Polygon,17,3338.8,5.6,3305.85,12.45,3290,36.3,3280.85,71.5,3284.25,98.8,3295.6,119.3,3309.25,136.3,3326.3,145.4,3358.15,149.95,3383.15,147.65,3397.9,130.6,3405.85,107.9,3407.05,90.85,3409.25,64.75,3401.3,48.8,3389.95,30.6,3375.15,13.55
5-199,Uninfected,No_comment,Polygon,14,2419.45,117,2409.2,88.55,2391,67,2371.7,56.75,2334.2,56.75,2309.2,82.9,2303.5,111.3,2305.85,137.45,2313.8,153.35,2330.85,160.15,2352.4,163.55,2377.4,163.55,2404.65,149.95,2416,139.7
5-200,Uninfected,No_comment,Polygon,12,2247.85,40.85,2221.75,20.4,2163.75,24.95,2141,44.25,2131.9,74.95,2144.4,113.55,2160.35,124.95,2200.1,132.9,2228.5,118.1,2253.5,103.35,2267.15,84,2262.6,61.3
5-201,Uninfected,No_comment,Polygon,13,1813.7,206.75,1787.6,211.35,1770.55,223.85,1758.05,262.45,1766,299.95,1788.7,328.35,1824,348.8,1853.55,331.75,1874,313.6,1886.45,290.9,1878.55,251.1,1872.8,220.4,1837.6,198.85
5-202,Uninfected,No_comment,Polygon,13,1938.7,237.45,1922.8,253.4,1906.9,296.55,1928.55,353.35,1961.45,365.85,2006.9,367,2031.9,345.45,2044.4,319.25,2044.4,280.6,2030.75,251.1,2020.6,237.45,1996.7,227.2,1976.2,227.2
5-203,Uninfected,No_comment,Polygon,13,2109.2,284.05,2070.55,306.75,2061.45,338.6,2059.2,365.85,2077.35,398.8,2095.55,417,2130.8,429.5,2156.9,422.7,2180.8,386.3,2184.25,363.6,2163.75,315.85,2159.25,309.05,2146.75,297.65
5-204,Uninfected,No_comment,Polygon,14,2237.6,248.8,2216,259.05,2198.95,279.5,2189.85,305.65,2201.3,343.15,2209.25,359.05,2245.55,377.2,2273.95,373.8,2293.35,353.35,2309.2,336.3,2317.15,319.25,2301.3,288.6,2289.9,273.8,2269.4,257.9
5-205,Uninfected,No_comment,Polygon,18,2395.55,168.1,2370.55,181.75,2353.5,201.05,2348.95,221.55,2346.7,245.4,2363.75,269.25,2373.95,277.2,2388.75,282.9,2410.4,278.4,2430.8,274.95,2455.8,263.6,2464.95,254.5,2468.3,239.7,2467.15,214.7,2459.2,196.55,2449,185.15,2436.5,176.05,2426.25,168.1
5-206,Uninfected,No_comment,Polygon,14,2464.95,285.15,2442.15,296.55,2421.7,318.15,2410.4,356.75,2420.55,403.35,2436.5,430.65,2471.7,432.9,2502.45,423.8,2524,402.2,2538.75,380.65,2534.2,339.7,2525.1,318.15,2504.65,295.45,2496.7,289.7
5-207,Uninfected,No_comment,Polygon,13,2344.45,345.45,2327.4,346.55,2304.65,365.85,2288.8,387.5,2294.4,421.55,2303.5,444.25,2322.85,460.2,2346.7,456.75,2377.4,447.7,2399,428.35,2402.4,388.6,2386.5,363.6,2364.9,354.5
5-208,Uninfected,No_comment,Polygon,12,2246.7,404.5,2201.3,420.4,2180.8,439.75,2170.55,477.25,2187.6,515.85,2212.6,529.55,2239.9,529.55,2262.6,517.05,2280.85,497.7,2287.6,467.05,2287.6,447.7,2272.85,430.65
5-209,Uninfected,No_comment,Polygon,13,2003.5,806.8,1992.15,769.3,1966,734.05,1927.35,732.95,1910.3,736.35,1904.65,742,1895.6,757.95,1885.3,779.5,1902.35,823.85,1950.1,852.3,1970.6,861.35,1989.85,851.1,2009.2,828.4
5-210,Uninfected,No_comment,Polygon,13,2019.4,606.8,2000.15,565.85,1946.7,548.8,1921.65,559.1,1910.3,578.35,1900.1,611.35,1925.1,647.7,1944.4,674.95,1963.7,681.8,1987.65,681.8,2014.85,676.15,2027.35,655.65,2027.35,618.15
5-211,Uninfected,No_comment,Polygon,14,1739.85,460.2,1692.1,452.25,1675.05,462.5,1661.45,478.35,1652.4,519.3,1669.4,562.45,1687.55,578.35,1727.35,589.75,1756.95,577.25,1775.05,560.2,1785.3,544.3,1787.6,522.7,1778.5,497.7,1768.25,485.2
5-212,Uninfected,No_comment,Polygon,12,1703.5,598.85,1638.7,601.15,1615.95,614.75,1613.7,649.95,1619.4,680.7,1642.1,710.2,1685.3,720.4,1719.45,695.4,1735.3,677.25,1738.7,661.35,1729.6,635.2,1721.65,618.15
5-213,Uninfected,No_comment,Polygon,12,1604.6,698.85,1552.35,704.5,1539.85,717,1527.35,736.35,1522.8,773.85,1550.05,821.55,1583,832.95,1619.4,819.3,1641,796.55,1648.95,757.95,1636.45,726.1,1617.1,711.35
5-214,Uninfected,No_comment,Polygon,16,1395.5,746.55,1356.85,765.9,1344.35,788.6,1342.15,802.25,1354.6,832.95,1362.55,854.5,1386.4,862.5,1409.2,875,1430.75,861.35,1448.9,840.9,1461.4,826.1,1470.5,801.1,1451.25,770.45,1448.9,767,1435.3,757.95,1408,753.4
5-215,Uninfected,No_comment,Polygon,12,1792.1,636.35,1772.8,645.4,1759.15,664.75,1748.95,686.35,1753.5,727.25,1769.45,749.95,1794.45,769.3,1820.55,769.3,1866.05,734.05,1877.35,696.55,1854.6,656.8,1837.6,638.65
5-216,Uninfected,No_comment,Polygon,12,1745.55,782.95,1709.15,784.05,1685.3,813.6,1686.45,856.8,1697.8,895.45,1728.5,915.9,1771.65,911.35,1801.2,897.7,1817.1,871.55,1816,840.9,1801.2,807.95,1775.05,779.5
5-217,Uninfected,No_comment,Polygon,14,1870.55,844.3,1851.2,868.15,1839.85,895.45,1838.7,918.15,1851.2,946.55,1885.3,968.15,1923.95,969.35,1954.65,945.45,1966,928.4,1970.6,912.5,1964.85,886.35,1945.6,865.9,1912.6,850,1903.55,845.45
5-218,Uninfected,No_comment,Polygon,11,1528.45,878.4,1492.1,863.6,1452.35,857.95,1429.6,898.85,1439.85,954.55,1455.8,984.1,1481.85,1000,1527.35,1006.8,1555.8,962.5,1556.9,930.65,1545.5,907.95
5-219,Uninfected,No_comment,Polygon,10,3789.75,346.7,3792.35,294.75,3768.9,266.2,3746.9,253.2,3702.65,276.65,3680.65,322,3693.65,361,3728.65,389.6,3763.7,377.85,3780.6,370.1
5-220,Uninfected,No_comment,Polygon,12,3653.3,310.35,3620.85,310.35,3593.65,319.45,3567.6,344.15,3553.3,368.8,3546.8,409.05,3565,440.25,3597.45,454.5,3646.8,453.2,3666.3,422.05,3683.25,387.05,3665,337.65
5-221,Uninfected,No_comment,Polygon,12,3859.8,361,3835.2,375.25,3811.75,401.25,3807.85,436.4,3820.85,467.5,3852,479.15,3896.25,472.7,3916.95,451.9,3935.15,427.2,3935.15,402.55,3919.55,377.85,3903.95,362.3