180,5312,2988
2-1,Uninfected,No_comment,Polygon,14,3732.95,834.15,3701.4,834.15,3676.55,843.35,3654.25,866.95,3641.05,894.5,3635.8,920.8,3647.6,952.2,3667.4,965.4,3709.25,965.4,3746.1,947.05,3760.5,920.8,3759.1,893.25,3759.1,861.7,3752.55,849.9
2-2,Uninfected,No_comment,Polygon,16,3923.05,810.55,3896.9,827.6,3877.15,842.1,3864.15,866.95,3858.8,889.25,3865.35,919.5,3890.35,945.65,3916.5,954.9,3949.3,954.9,3971.6,947.05,3988.65,933.85,4001.75,909,3997.9,886.7,3995.2,840.8,3983.4,829,3957.15,815.8
2-3,Uninfected,No_comment,Polygon,16,3721.15,978.45,3694.9,991.55,3673.85,1000.7,3668.6,1020.5,3667.4,1045.4,3673.85,1071.65,3693.6,1091.25,3726.3,1109.6,3759.1,1109.6,3780.1,1096.5,3793.2,1078.2,3798.45,1057.15,3798.45,1025.75,3786.65,1006.05,3773.6,992.95,3759.1,986.4
2-4,Uninfected,No_comment,Polygon,14,3550.55,973.2,3529.55,991.55,3524.4,1011.3,3529.55,1037.55,3538.75,1058.45,3565.05,1076.9,3595.15,1083.45,3614.9,1078.2,3629.25,1066.4,3634.5,1050.65,3629.25,1033.6,3621.45,987.7,3591.2,978.45,3568.9,971.95
2-5,Uninfected,No_comment,Polygon,14,3296.1,1019.1,3273.8,1037.55,3256.75,1057.15,3254.2,1091.25,3260.75,1122.8,3301.45,1151.65,3332.8,1156.9,3365.6,1156.9,3378.8,1148.95,3394.45,1117.55,3398.4,1091.25,3391.85,1053.2,3372.25,1025.75,3340.8,1017.8
2-6,Uninfected,No_comment,Polygon,15,3647.6,1189.7,3608.25,1204.05,3601.7,1229.05,3601.7,1255.2,3608.25,1280.2,3621.45,1299.8,3654.25,1314.3,3680.4,1322.1,3709.25,1322.1,3732.95,1306.35,3746.1,1288,3735.5,1249.95,3719.75,1209.3,3686.95,1201.5,3662.05,1196.25
2-7,Uninfected,No_comment,Polygon,17,3696.15,1352.35,3686.95,1332.55,3680.35,1307.75,3667.3,1294.6,3647.6,1288.05,3630.55,1294.6,3608.25,1302.5,3591.2,1314.3,3582.1,1340.45,3582.1,1358.9,3591.2,1386.45,3601.7,1417.85,3628.05,1433.65,3649,1437.6,3675.15,1438.9,3700.15,1417.85,3706.75,1386.45
2-8,Uninfected,No_comment,Polygon,16,4161.85,1333.9,4147.35,1307.75,4114.1,1299.95,4076.6,1301.1,4047.75,1319.55,4030.7,1340.45,4028,1371.9,4028,1394.3,4054.3,1431.05,4073.9,1440.15,4095,1440.15,4126.45,1433.65,4146.05,1424.4,4159.15,1411.25,4160.55,1386.45,4167.1,1366.7
2-9,Uninfected,No_comment,Polygon,14,3650.35,1550.4,3628.05,1562.2,3608.25,1576.55,3595.15,1602.75,3595.15,1629.1,3609.65,1661.9,3635.8,1681.45,3675.15,1680.25,3700.15,1667.15,3719.75,1642.1,3732.95,1609.35,3732.95,1588.45,3694.9,1555.65,3675.15,1551.7
2-10,Uninfected,No_comment,Polygon,16,3772.3,1640.9,3739.5,1648.7,3721.15,1675,3719.75,1702.55,3726.3,1740.6,3734.25,1765.5,3772.3,1772,3811.65,1768.05,3827.3,1761.5,3857.55,1753.7,3865.35,1726.15,3870.6,1696,3864.15,1675,3851,1655.25,3826,1648.7,3805,1640.9
2-11,Uninfected,No_comment,Polygon,14,3447,1516.3,3424.7,1529.3,3404.95,1549.1,3394.45,1570,3406.35,1621.15,3419.5,1642.1,3447,1660.5,3490.2,1661.9,3516.45,1648.7,3538.75,1630.4,3549.25,1601.55,3544,1545.15,3505.95,1517.6,3477.1,1509.75
2-12,Uninfected,No_comment,Polygon,14,3509.9,1667.15,3490.2,1686.8,3473.15,1707.8,3477.1,1740.6,3492.95,1768.05,3516.45,1778.55,3555.8,1779.95,3575.55,1773.3,3597.85,1754.95,3609.65,1727.4,3604.4,1696,3589.9,1667.15,3563.75,1655.25,3542.75,1653.95
2-13,Uninfected,No_comment,Polygon,15,3288.3,1588.45,3267.3,1595,3254.2,1596.3,3234.45,1595,3209.6,1584.5,3184.6,1563.4,3182.05,1549.1,3182.05,1524.05,3208.2,1491.3,3254.2,1473,3283.05,1470.4,3300.1,1478.25,3321,1504.5,3332.8,1542.45,3319.7,1568.75
2-14,Uninfected,No_comment,Polygon,14,3339.45,1701.25,3372.25,1693.3,3399.7,1689.35,3425.95,1714.35,3450.85,1752.4,3457.5,1773.3,3444.3,1793.05,3424.7,1819.3,3372.25,1820.6,3335.45,1819.3,3319.7,1786.5,3313.15,1753.7,3313.15,1726.15,3328.95,1707.8
2-15,Uninfected,No_comment,Polygon,12,3175.5,1799.5,3155.75,1819.3,3155.75,1837.65,3170.25,1863.8,3197.7,1878.2,3234.45,1898,3273.8,1890.05,3288.3,1865.2,3283.05,1837.65,3273.8,1804.85,3248.95,1791.75,3210.9,1786.5
2-16,Uninfected,No_comment,Polygon,12,3077.05,1733.95,3053.5,1745.85,3045.55,1772,3044.25,1798.3,3050.8,1824.55,3070.55,1845.45,3103.35,1840.2,3129.5,1825.85,3136.15,1807.4,3137.45,1786.5,3122.95,1758.95,3109.9,1747.15
2-17,Uninfected,No_comment,Polygon,14,3026,1522.85,2999.65,1537.2,2985.3,1556.95,2972.1,1581.8,2972.1,1609.35,2974.8,1634.35,3007.6,1656.65,3044.25,1668.45,3070.55,1653.95,3103.35,1622.55,3116.4,1588.45,3109.9,1556.95,3083.6,1525.4,3052.2,1517.6
2-18,Uninfected,No_comment,Polygon,16,3171.55,1374.65,3132.2,1378.5,3096.8,1393,3079.75,1407.35,3065.35,1424.4,3064,1445.4,3071.8,1470.4,3098.1,1491.3,3129.5,1504.5,3155.75,1503.1,3188.6,1489.95,3214.85,1463.75,3222.75,1444.15,3221.4,1412.6,3202.95,1393,3195.1,1381.2
2-19,Uninfected,No_comment,Polygon,15,2994.4,1354.95,2959,1371.9,2945.95,1398.25,2941.95,1420.55,2948.5,1451.95,2978.75,1483.5,3020.65,1486.05,3046.95,1483.5,3064,1470.4,3083.7,1452,3090.25,1431.05,3085,1404.8,3071.8,1379.8,3045.55,1365.45,3018.1,1354.95
2-20,Uninfected,No_comment,Polygon,14,2888.15,1417.85,2854.05,1417.85,2827.9,1438.9,2821.35,1457.2,2821.35,1483.5,2834.5,1511.05,2848.8,1542.45,2873.85,1545.15,2906.6,1549.1,2935.45,1543.85,2952.55,1503.1,2948.5,1470.4,2928.9,1438.9,2900.05,1419.15
2-21,Uninfected,No_comment,Polygon,16,2860.7,1387.75,2860.7,1414,2860.7,1433.55,2854.05,1453.15,2834.4,1466.35,2821.35,1473,2801.6,1473,2768.8,1470.4,2742.65,1451.95,2732.15,1424.4,2730.85,1393,2742.65,1360.2,2775.35,1347.1,2800.95,1340.7,2834.5,1353.65,2855.45,1373.25
2-22,Uninfected,No_comment,Polygon,14,2886.85,1235.6,2860.7,1253.85,2847.5,1280.2,2847.5,1314.3,2850.2,1345.7,2876.35,1366.7,2907.85,1373.25,2939.4,1365.45,2961.7,1347.1,2972.1,1327.35,2972.1,1301.1,2972.1,1276.15,2959,1249.95,2915.7,1230.35
2-23,Uninfected,No_comment,Polygon,15,2463.3,1492.7,2447.45,1504.5,2434.4,1530.65,2430.4,1551.7,2440.9,1583.2,2454,1604.1,2489.5,1621.15,2514.35,1621.15,2552.45,1596.3,2561.55,1570,2565.5,1543.85,2558.95,1522.85,2539.25,1497.85,2514.35,1484.75,2496.05,1484.75
2-24,Uninfected,No_comment,Polygon,13,2375.3,1812.65,2355.7,1837.65,2350.5,1866.5,2358.25,1890.05,2389.85,1911.1,2410.8,1917.55,2442.2,1918.9,2473.75,1898,2480.25,1871.75,2473.75,1840.2,2456.7,1819.3,2430.4,1812.65,2408.1,1804.85
2-25,Uninfected,No_comment,Polygon,16,2663.95,1575.25,2650.75,1597.55,2644.2,1622.55,2650.75,1655.25,2657.3,1681.45,2677.1,1707.8,2698.05,1714.35,2724.2,1719.6,2742.65,1709.1,2750.45,1699.85,2758.3,1676.25,2762.25,1655.25,2762.25,1627.8,2742.65,1583.2,2711.1,1562.2,2683.55,1562.2
2-26,Uninfected,No_comment,Polygon,14,2876.35,1589.75,2834.5,1597.55,2821.35,1622.55,2817.45,1648.7,2816.1,1680.25,2830.45,1709.1,2860.7,1719.6,2906.6,1719.6,2928.9,1709.1,2955.05,1689.35,2966.85,1656.65,2955.05,1622.55,2919.65,1589.75,2900.05,1584.5
2-27,Uninfected,No_comment,Polygon,15,2889.55,1765.5,2906.6,1733.95,2906.55,1707.8,2896.05,1681.55,2881.55,1667.15,2850.15,1660.55,2823.9,1667.15,2808.15,1675,2797.65,1693.3,2789.8,1732.65,2791.1,1760.15,2808.15,1786.5,2827.9,1804.85,2854.05,1800.85,2876.35,1786.5
2-28,Uninfected,No_comment,Polygon,14,2379.25,776.45,2356.95,784.4,2332.1,809.2,2330.8,836.85,2330.8,869.65,2346.45,901.05,2385.8,915.55,2429.15,914.25,2455.4,895.8,2477.7,864.4,2476.3,836.85,2468.5,810.55,2442.2,789.55,2409.5,776.45
2-29,Uninfected,No_comment,Polygon,14,2313.75,1261.75,2294.05,1269.7,2271.8,1277.5,2258.65,1289.3,2248.15,1315.5,2246.85,1348.4,2266.45,1382.5,2299.3,1394.3,2351.7,1368,2371.45,1341.85,2376.7,1323.4,2370.15,1301.1,2363.5,1287.95,2346.45,1269.7
2-30,Parasitized,No_comment,Polygon,24,4239.25,1032.3,4266.8,1013.85,4272.05,999.5,4272.05,979.75,4266.8,961.35,4261.55,949.65,4241.8,936.55,4239.25,935.15,4235.3,922,4228.75,916.75,4219.5,914.25,4202.45,914.25,4199.9,916.75,4193.35,916.75,4173.7,915.55,4150.05,935.15,4130.3,960.15,4127.75,974.5,4130.3,1002.05,4140.8,1040.05,4154,1047.95,4188.1,1054.6,4215.65,1053.2,4234,1047.95
2-31,Parasitized,No_comment,Polygon,28,3933.55,1146.4,3924.45,1166,3917.9,1183.05,3911.35,1191,3906.1,1205.35,3917.9,1215.85,3920.55,1223.8,3932.25,1244.7,3959.9,1256.5,3991.35,1256.5,4025.45,1255.2,4035.95,1243.4,4038.6,1235.6,4049.05,1230.35,4055.65,1223.8,4056.85,1209.25,4068.75,1184.45,4075.3,1169.9,4075.3,1150.35,4068.75,1126.65,4062.1,1111,4038.6,1111,4029.3,1104.35,4010.95,1093.95,3992.65,1099.2,3976.85,1111,3958.55,1120.1,3944.05,1143.7
2-32,Parasitized,No_comment,Polygon,22,4258.85,1302.5,4226.05,1309.05,4219.5,1316.85,4206.45,1328.65,4182.85,1348.4,4173.7,1360.2,4173.7,1379.8,4181.55,1387.75,4181.55,1393,4181.55,1407.35,4186.7,1425.8,4199.9,1445.35,4239.25,1446.7,4265.4,1446.7,4285.15,1448.1,4291.75,1434.9,4298.2,1412.6,4304.75,1406,4311.4,1379.8,4311.4,1354.95,4304.75,1335.2,4281.15,1315.5
2-33,Parasitized,No_comment,Polygon,16,4370.45,1524.05,4324.5,1518.8,4294.35,1526.8,4285.15,1552.95,4285.15,1576.55,4291.75,1584.5,4279.9,1605.4,4273.35,1622.55,4278.6,1648.7,4299.6,1657.95,4332.3,1650,4365.1,1635.65,4373.05,1617.3,4383.45,1591.05,4383.45,1558.15,4384.85,1543.85
2-34,Parasitized,No_comment,Polygon,19,4182.85,1644.75,4167.1,1668.45,4154,1681.45,4154,1720.8,4167.1,1747.15,4161.85,1748.45,4163.1,1754.9,4173.7,1766.75,4181.55,1768.05,4206.45,1766.75,4214.25,1760.15,4226.05,1760.15,4248.35,1748.45,4272.05,1728.7,4278.6,1702.55,4273.35,1676.2,4258.85,1651.4,4234,1643.45,4202.45,1644.75
2-35,Parasitized,No_comment,Polygon,23,4101.45,1487.45,4071.35,1484.7,4056.85,1484.7,4038.6,1473,4022.75,1480.8,4009.7,1492.6,4009.7,1505.8,3990.05,1507,3976.85,1524.05,3972.9,1545.15,3983.4,1579.25,3992.65,1602.75,4003.15,1618.6,4029.3,1618.6,4055.65,1618.6,4071.35,1609.35,4088.4,1609.35,4108,1604.1,4123.75,1591.05,4140.8,1570,4143.5,1552.95,4140.8,1530.65,4123.75,1505.8
2-36,Parasitized,No_comment,Polygon,24,4123.75,1656.65,4122.5,1642.1,4102.85,1629.1,4096.2,1618.6,4077.95,1617.3,4075.3,1615.9,4056.85,1610.65,4043.75,1615.9,4032,1618.6,4029.3,1622.55,4016.2,1625.05,4016.2,1642.1,4010.95,1650,3991.35,1656.65,3983.4,1677.55,3978.15,1696,3986.1,1723.45,4003.15,1748.45,4035.95,1754.9,4077.95,1749.7,4095,1747.15,4122.5,1733.95,4127.75,1709.1,4127.75,1681.45
2-37,Parasitized,No_comment,Polygon,13,3881.2,1622.55,3848.3,1609.35,3833.95,1585.7,3819.45,1545.15,3833.95,1517.6,3858.8,1505.8,3886.4,1505.8,3913.95,1512.35,3937.5,1546.35,3938.8,1570,3931,1597.5,3913.95,1612.05,3904.7,1618.6
2-38,Parasitized,No_comment,Polygon,23,3517.85,1120.1,3507.35,1117.55,3494.15,1120.1,3491.6,1130.55,3481.1,1137.15,3460.05,1158.1,3454.8,1183.05,3454.8,1202.8,3454.8,1215.85,3465.3,1236.8,3471.85,1243.4,3471.85,1263.15,3485.05,1269.7,3504.65,1274.95,3524.4,1263.15,3537.5,1256.5,3550.55,1255.2,3583.35,1222.4,3589.9,1198.8,3589.9,1177.8,3578.1,1156.9,3557.2,1138.55,3533.5,1126.65
2-39,Parasitized,No_comment,Polygon,27,3440.45,1268.4,3432.5,1282.75,3427.35,1295.85,3406.35,1302.5,3388,1309.05,3381.35,1314.3,3373.55,1322.1,3361.75,1335.2,3353.8,1333.9,3335.45,1315.5,3322.4,1303.8,3314.45,1289.3,3314.45,1274.95,3301.45,1263.15,3288.3,1249.95,3288.3,1229.05,3288.3,1209.25,3301.45,1196.25,3307.9,1189.7,3315.85,1179.2,3334.2,1177.8,3353.8,1172.65,3380.1,1172.65,3393.15,1179.2,3419.45,1191,3427.35,1215.85,3439.15,1242.15
2-40,Parasitized,No_comment,Polygon,17,3342,1400.8,3314.45,1407.35,3284.35,1407.35,3262.1,1386.45,3248.95,1360.2,3229.2,1348.4,3248.95,1333.9,3258.05,1314.3,3275.1,1302.5,3288.3,1290.7,3310.6,1282.75,3342.1,1282.8,3363.05,1284.1,3382.75,1303.8,3388,1333.9,3389.3,1360.2,3374.8,1381.2
2-41,Parasitized,No_comment,Polygon,15,3203.05,1284.05,3186,1268.4,3170.25,1256.5,3137.45,1256.5,3111.15,1264.45,3094.1,1282.75,3079.75,1301.1,3066.55,1316.85,3066.55,1335.2,3079.75,1361.45,3111.15,1369.4,3144.05,1362.75,3171.55,1348.4,3203.05,1327.3,3205.65,1302.5
2-42,Parasitized,No_comment,Polygon,26,3019.4,1092.55,3001.05,1111,2982.6,1133.3,2980.05,1156.9,2993.1,1183.05,2986.55,1185.75,2973.5,1185.75,2961.7,1185.75,2960.4,1197.45,2966.95,1215.85,2980.05,1217.15,2993.1,1229.05,2995.8,1235.6,3014.15,1236.8,3027.2,1236.8,3045.65,1236.8,3058.75,1236.8,3092.85,1229.05,3117.7,1217.15,3130.9,1202.8,3137.45,1176.5,3130.9,1145.1,3117.7,1117.55,3091.55,1099.2,3065.35,1097.8,3040.4,1092.55
2-43,Parasitized,No_comment,Polygon,15,3124.35,954.9,3146.65,969.25,3157.05,992.95,3157.05,1013.85,3157.05,1034.8,3137.45,1071.65,3100.65,1078.2,3054.75,1071.65,3028.6,1051.9,3026,1028.35,3026,1000.7,3040.4,969.25,3058.75,956.1,3078.35,949.65,3111.15,948.35
2-44,Parasitized,No_comment,Polygon,15,2888.25,901.05,2917.1,901.05,2953.75,920.8,2986.55,946.95,3001.05,967.95,3012.85,1002.05,2999.75,1025.65,2969.6,1034.8,2947.2,1034.8,2914.4,1025.65,2875.05,999.5,2848.9,981.15,2848.9,946.95,2855.45,914.25,2868.5,910.3
2-45,Parasitized,No_comment,Polygon,20,3001.05,803.95,2980.05,818.5,2961.7,836.85,2960.4,849.9,2953.75,868.25,2940.7,884,2940.7,890.55,2947.2,902.45,2953.75,910.3,2966.95,922,2986.55,928.6,3008.95,946.95,3026,936.55,3053.5,928.6,3067.95,915.55,3081.05,890.55,3081.05,856.45,3071.8,831.6,3045.65,811.85,3019.4,809.2
2-46,Parasitized,No_comment,Polygon,23,2796.35,1013.85,2779.3,1008.6,2763.65,1007.3,2750.45,1019.1,2746.6,1020.5,2738.7,1033.6,2719.05,1046.65,2711.1,1067.7,2711.1,1084.75,2717.65,1124.1,2746.6,1156.9,2738.7,1166,2757,1176.5,2759.7,1169.9,2763.65,1164.7,2783.3,1177.8,2816.1,1169.9,2831.85,1150.35,2855.45,1105.75,2851.55,1067.7,2837.1,1041.4,2816.1,1020.5,2805.6,1015.25
2-47,Parasitized,No_comment,Polygon,26,3248.95,1642.1,3248.95,1612.05,3243.8,1589.75,3230.6,1571.35,3217.5,1556.95,3192.65,1551.7,3170.25,1551.7,3166.3,1558.15,3158.45,1563.4,3144.05,1576.55,3126.95,1596.3,3130.9,1617.3,3137.45,1625.05,3130.9,1642.1,3125.65,1663.2,3132.2,1669.75,3157.05,1681.45,3159.75,1676.2,3163.7,1682.8,3163.7,1684.1,3176.8,1684.1,3186,1701.25,3222.75,1690.75,3243.7,1681.45,3243.7,1668.45,3248.95,1655.25
2-48,Parasitized,No_comment,Polygon,20,2757,1807.4,2776.75,1800.85,2784.55,1793.05,2789.8,1779.95,2784.55,1769.45,2770.2,1760.15,2758.4,1722.15,2743.95,1709.1,2738.7,1697.2,2719.05,1689.35,2700.7,1689.35,2679.7,1689.35,2652.15,1701.25,2645.6,1720.8,2635.1,1747.15,2648.2,1781.25,2665.25,1806.1,2698.05,1815.35,2726.9,1820.6,2750.45,1814.05
2-49,Parasitized,No_comment,Polygon,19,2595.75,1714.35,2586.55,1702.55,2566.9,1701.25,2553.7,1702.55,2547.2,1709.1,2535.4,1703.75,2522.3,1702.55,2520.9,1703.75,2507.85,1720.8,2503.85,1728.7,2494.75,1753.7,2496.05,1793.05,2515.65,1814.05,2549.85,1827.15,2589.2,1827.15,2612.8,1812.65,2625.9,1776,2621.9,1748.45,2614.1,1728.7
2-50,Parasitized,No_comment,Polygon,20,2442.2,1675,2418.6,1684.1,2399,1701.25,2392.45,1722.15,2396.3,1747.15,2409.5,1781.25,2455.4,1806.1,2484.25,1800.85,2522.3,1793.05,2542,1760.25,2542,1747.15,2535.4,1728.75,2528.95,1709.2,2522.3,1697.3,2523.6,1688.05,2523.6,1675,2523.6,1664.4,2494.75,1664.4,2477.7,1668.45,2464.5,1675
2-51,Parasitized,No_comment,Polygon,16,2574.75,1399.55,2553.7,1419.15,2548.45,1440.15,2547.2,1474.25,2560.25,1494,2586.55,1518.8,2614.1,1518.8,2652.15,1512.35,2667.9,1499.25,2678.3,1484.7,2679.7,1461.2,2687.55,1445.35,2678.3,1407.35,2648.2,1388.95,2614.1,1382.5,2599.6,1387.75
2-52,Parasitized,No_comment,Polygon,17,2606.25,1047.95,2580,1059.85,2562.95,1079.4,2560.25,1112.3,2573.45,1146.4,2593.05,1164.7,2614.1,1172.65,2661.25,1176.5,2691.5,1159.45,2681,1143.7,2691.5,1137.15,2700.6,1124.1,2698.05,1111,2694.05,1092.55,2684.95,1067.7,2658.7,1051.9,2632.4,1046.65
2-53,Parasitized,No_comment,Polygon,24,2536.65,920.8,2520.9,935.15,2515.65,953.6,2514.35,973.2,2514.35,992.95,2534.1,1013.85,2534.1,1027.05,2547.2,1027.05,2556.4,1027.05,2568.2,1028.35,2589.2,1032.3,2607.55,1032.3,2621.9,1027.05,2640.35,1027.05,2653.45,1025.65,2658.7,1013.85,2659.95,1012.6,2665.25,1008.6,2671.75,995.45,2658.7,973.2,2638.95,941.8,2615.35,916.75,2580,909,2548.45,910.3
2-54,Parasitized,No_comment,Polygon,17,2404.25,923.35,2392.3,900.95,2374,887.9,2354.35,882.6,2337.35,887.9,2330.8,894.5,2317.6,895.8,2298,903.75,2291.45,928.6,2287.5,962.7,2300.55,1000.7,2324.15,1025.65,2345.15,1032.3,2370.15,1032.3,2402.85,1015.25,2409.5,986.3,2416.05,940.4
2-55,Uninfected,No_comment,Polygon,13,2678.3,1189.7,2653.45,1198.8,2640.35,1215.85,2625.9,1242.15,2654.7,1282.75,2678.3,1295.85,2704.6,1301.1,2726.9,1289.3,2750.45,1274.95,2757,1243.4,2750.45,1210.6,2737.4,1191,2712.4,1184.45
2-56,Uninfected,No_comment,Polygon,14,3833.95,752.9,3786.65,750.3,3774.85,758.15,3760.5,776.45,3755.25,810.55,3767.05,848.55,3781.4,864.4,3812.95,869.65,3835.25,864.4,3853.55,844.65,3866.75,818.5,3872,796.2,3866.75,771.2,3858.8,763.4
2-57,Uninfected,No_comment,Polygon,14,4215.55,2075.05,4185.4,2088.1,4163.1,2081.55,4136.85,2075.05,4113.25,2048.75,4105.45,2018.65,4117.25,1989.8,4143.5,1963.5,4159.15,1951.7,4190.65,1951.7,4223.5,1970.05,4251.05,1999,4251.05,2022.6,4251.05,2050.15
2-58,Uninfected,No_comment,Polygon,15,4025.45,2030.4,4018.8,2075.05,4025.45,2101.3,4038.55,2120.9,4060.85,2141.95,4097.5,2147.2,4133,2140.65,4157.85,2114.4,4177.5,2082.95,4177.5,2061.95,4167.05,2037,4139.5,2010.8,4111.95,2002.9,4071.35,2002.85,4058.15,2012.1
2-59,Uninfected,No_comment,Polygon,19,3808.95,1859.95,3772.3,1873,3757.8,1899.3,3756.55,1920.3,3763.05,1951.7,3769.6,1972.75,3782.8,1997.6,3802.4,2004.25,3831.25,2004.15,3856.25,1996.35,3881.15,1972.75,3887.65,1953,3887.65,1943.9,3894.2,1925.55,3894.2,1907.1,3887.65,1884.8,3874.6,1871.75,3861.5,1859.95,3848.3,1859.95
2-60,Uninfected,No_comment,Polygon,15,3894.2,1963.5,3882.4,1945.2,3862.7,1938.65,3836.5,1937.35,3803.8,1943.9,3784.1,1959.65,3769.6,1985.8,3772.3,2005.55,3782.8,2035.7,3802.4,2051.45,3830,2058,3861.5,2061.95,3887.65,2050.15,3900.75,2023.9,3900.75,1991.05
2-61,Uninfected,No_comment,Polygon,15,3795.9,2090.8,3777.55,2114.4,3777.55,2128.85,3789.35,2169.5,3822.05,2194.35,3843.05,2200.9,3869.35,2200.9,3900.75,2200.9,3920.5,2186.55,3927,2160.25,3927,2140.65,3920.5,2117.05,3900.75,2096.05,3854.85,2081.55,3830,2084.25
2-62,Uninfected,No_comment,Polygon,13,3586.05,2094.75,3566.3,2114.4,3561.05,2134.1,3572.85,2166.8,3586.05,2182.55,3612.2,2195.75,3651.55,2194.35,3672.6,2180,3684.35,2155,3684.35,2128.85,3671.3,2101.3,3660.8,2088.1,3618.75,2081.55
2-63,Uninfected,No_comment,Polygon,14,3684.35,2383.3,3658.1,2402.9,3647.6,2437,3647.6,2469.8,3658.1,2502.65,3684.35,2522.35,3718.45,2523.65,3752.55,2523.65,3776.15,2484.3,3782.8,2455.45,3770.9,2425.2,3756.55,2404.3,3723.7,2385.85,3704.1,2384.6
2-64,Uninfected,No_comment,Polygon,15,3690.9,1873,3658.1,1886.2,3638.5,1904.55,3625.4,1930.7,3618.75,1953,3620.15,1985.8,3647.6,2009.4,3684.35,2017.35,3710.65,2005.55,3730.25,1989.8,3743.45,1959.65,3736.8,1925.55,3725,1899.3,3711.95,1887.5,3705.4,1880.95
2-65,Uninfected,No_comment,Polygon,12,3481.1,1892.75,3448.25,1904.55,3435.2,1925.55,3429.95,1951.7,3435.2,1997.6,3462.75,2017.35,3490.3,2023.9,3523,2012.1,3553.25,1992.35,3553.25,1956.95,3549.25,1920.3,3513.9,1898
2-66,Uninfected,No_comment,Polygon,15,3378.8,2392.5,3363.05,2409.55,3339.45,2410.85,3317.15,2410.85,3290.85,2404.3,3264.6,2389.85,3251.5,2363.55,3251.5,2338.7,3266,2304.6,3300.1,2287.55,3330.2,2284.85,3365.6,2286.25,3382.65,2300.6,3395.85,2337.4,3395.85,2370.2
2-67,Uninfected,No_comment,Polygon,13,3450.95,2534.15,3435.2,2556.45,3429.95,2580.05,3431.2,2601.05,3448.25,2639,3474.55,2646.95,3529.65,2652.2,3566.3,2627.2,3579.4,2602.35,3579.4,2563,3566.3,2528.9,3540.05,2514.4,3494.15,2510.55
2-68,Uninfected,No_comment,Polygon,14,3424.7,2665.3,3395.85,2666.55,3359.05,2685,3336.75,2711.15,3336.75,2732.2,3336.75,2753.2,3357.8,2783.35,3395.85,2796.4,3422,2797.8,3444.3,2796.4,3469.3,2776.8,3488.9,2746.55,3488.9,2719.1,3461.35,2681.05
2-69,Uninfected,No_comment,Polygon,39,2943.25,2523.65,2923.65,2514.4,2917.1,2522.35,2917.1,2528.9,2898.65,2530.2,2890.85,2542,2890.85,2560.3,2884.3,2574.8,2884.3,2593.1,2897.35,2607.6,2897.35,2615.4,2910.45,2619.4,2911.85,2620.7,2900.05,2633.75,2905.3,2640.4,2917.1,2640.4,2936.7,2640.4,2936.7,2646.95,2919.65,2648.25,2913.15,2653.5,2917.1,2665.3,2923.65,2666.55,2936.7,2667.85,2943.25,2673.1,2951.2,2678.35,2963,2679.75,2965.55,2679.75,2989.15,2678.35,2997.1,2671.8,3004.9,2666.55,3008.9,2660.05,3002.35,2641.7,3008.9,2632.45,3010.15,2615.4,3003.6,2608.9,3004.9,2593.1,2976.05,2540.7,2963,2535.45,2956.45,2520.95
2-70,Uninfected,No_comment,Polygon,13,2654.7,2536.7,2621.9,2566.95,2608.85,2586.6,2602.3,2608.9,2604.85,2639,2621.9,2666.55,2662.55,2685,2707.15,2673.1,2728.15,2660.05,2736,2633.75,2734.7,2612.85,2715.1,2568.25,2683.55,2548.5
2-71,Uninfected,No_comment,Polygon,27,2703.3,2371.5,2677.05,2371.5,2661.25,2372.8,2648.2,2391.1,2648.2,2402.9,2635.1,2405.6,2621.9,2422.65,2631.15,2429.2,2635.1,2437,2628.45,2450.2,2629.85,2468.55,2641.65,2475.05,2644.2,2481.6,2648.2,2496.1,2661.25,2502.65,2667.8,2503.9,2675.75,2514.4,2708.55,2515.7,2746.5,2502.65,2755.75,2488.25,2759.7,2458,2759.7,2425.2,2746.5,2402.9,2739.95,2397.65,2733.4,2383.3,2728.15,2379.3,2709.85,2376.75
2-72,Uninfected,No_comment,Polygon,14,3028.5,1904.55,3008.9,1887.5,2982.6,1880.95,2949.8,1880.95,2930.2,1892.75,2917.1,1907.1,2910.45,1937.35,2923.65,1983.25,2939.4,2009.4,2976.05,2010.8,3021.95,2005.55,3041.7,1991.05,3049.5,1964.9,3048.25,1932.1
2-73,Parasitized,No_comment,Polygon,32,2926.3,1749.7,2913.2,1761.5,2906.65,1774.7,2896.15,1789.05,2881.75,1807.4,2880.4,1828.4,2886.95,1849.45,2900.1,1866.5,2913.2,1867.75,2913.2,1875.7,2926.3,1882.25,2939.45,1880.95,2942.05,1875.7,2952.45,1886.15,2965.65,1892.8,2985.25,1895.35,2991.8,1892.8,2994.55,1879.55,2994.55,1874.3,3007.65,1873,3020.75,1862.5,3031.25,1849.45,3037.8,1834.95,3031.25,1816.55,3031.25,1808.8,3031.25,1789.05,3026,1770.75,3011.6,1757.65,2980.1,1749.7,2952.55,1741.9,2932.9,1741.9,2925,1749.7
2-74,Parasitized,No_comment,Polygon,17,4001.9,1926.85,3978.25,1925.45,3962.55,1925.45,3938.9,1934.6,3929.75,1958.25,3924.5,1980.55,3924.5,1999,3936.3,2017.35,3955.95,2036.95,3982.2,2038.35,4001.9,2038.35,4030.75,2006.85,4042.55,1984.55,4042.55,1971.45,4047.8,1946.45,4024.2,1933.4,4011.05,1932.1
2-75,Parasitized,No_comment,Polygon,13,3733,2266.45,3714.65,2299.35,3719.85,2332.15,3727.75,2351.75,3746.1,2371.5,3772.35,2385.85,3805.15,2391.1,3827.45,2371.5,3831.35,2345.15,3824.8,2292.8,3819.55,2267.8,3792,2256,3754,2253.45
2-76,Parasitized,No_comment,Polygon,18,3418.2,2351.75,3398.5,2354.45,3372.3,2354.45,3346.05,2345.25,3327.7,2333.45,3322.45,2313.75,3319.8,2300.65,3322.45,2274.35,3339.5,2260,3346.05,2246.9,3365.75,2241.65,3411.65,2246.9,3424.75,2254.75,3447.05,2266.45,3457.55,2287.55,3457.55,2305.8,3451,2332.15,3433.95,2346.5
2-77,Parasitized,No_comment,Polygon,18,3418.2,2392.4,3401.15,2380.6,3373.6,2365,3352.6,2365,3329,2371.5,3313.25,2397.65,3313.25,2423.95,3319.8,2450.2,3335.55,2465.95,3352.6,2471.1,3365.75,2472.5,3378.85,2483,3391.95,2496.1,3411.65,2509.15,3427.35,2490.85,3439.2,2471.1,3445.75,2446.25,3437.85,2417.4
2-78,Parasitized,No_comment,Polygon,20,3313.25,2721.7,3338.2,2734.8,3364.4,2745.3,3390.75,2740.05,3410.3,2725.65,3411.65,2721.7,3423.45,2708.6,3430,2694.15,3424.75,2682.35,3419.6,2673.15,3418.2,2660.05,3406.4,2640.4,3401.15,2633.75,3385.4,2620.7,3352.6,2608.9,3326.4,2608.9,3302.75,2621.95,3287.05,2640.4,3281.8,2660.05,3289.65,2687.6
2-79,Parasitized,No_comment,Polygon,18,3216.2,2528.9,3184.7,2528.9,3155.85,2551.2,3136.2,2574.8,3132.25,2607.6,3142.75,2641.7,3162.4,2646.95,3188.65,2661.3,3228,2649.5,3249,2635.15,3270,2633.75,3287.05,2627.2,3293.6,2610.15,3280.45,2603.65,3270,2597.1,3273.9,2577.35,3273.9,2561.7,3247.7,2542
2-80,Parasitized,No_comment,Polygon,20,3300.15,2253.45,3319.8,2240.25,3332.95,2210.15,3332.95,2189.1,3308,2162.95,3262.1,2155,3224.05,2161.55,3195.2,2177.3,3183.4,2207.55,3182.1,2227.1,3188.65,2261.25,3176.85,2275.75,3188.65,2282.3,3201.75,2292.8,3214.9,2287.55,3228,2286.25,3241.1,2281,3256.85,2287.55,3267.35,2281,3287.05,2269.2
2-81,Parasitized,No_comment,Polygon,24,3092.9,2220.65,3070.6,2236.4,3057.5,2260,3057.5,2287.55,3057.5,2305.8,3070.6,2320.35,3078.45,2338.7,3090.3,2347.9,3109.95,2346.5,3136.2,2345.15,3149.3,2339.95,3158.5,2328.2,3175.55,2325.6,3183.4,2318.95,3188.65,2301.9,3188.65,2287.55,3184.7,2279.6,3175.55,2273.05,3170.3,2262.55,3169,2249.5,3155.85,2236.4,3142.75,2227.1,3124.4,2215.4,3109.95,2214.1
2-82,Parasitized,No_comment,Polygon,19,3116.5,2312.45,3103.3,2320.35,3103.3,2332.15,3096.85,2346.55,3083.7,2353.05,3077.15,2372.8,3070.6,2391.1,3070.6,2410.85,3073.25,2430.45,3085.05,2444.95,3111.25,2464.55,3138.8,2464.55,3170.3,2451.5,3191.3,2418.6,3182.1,2372.8,3162.4,2346.5,3145.35,2345.15,3142.65,2326.9,3123.05,2312.45
2-83,Parasitized,No_comment,Polygon,12,2946,2371.5,2926.3,2392.4,2915.85,2417.4,2915.85,2450.2,2926.3,2477.75,2960.4,2492.1,2998.45,2490.85,3024.7,2469.8,3044.35,2438.4,3032.55,2385.85,3005,2366.25,2972.25,2361
2-84,Parasitized,No_comment,Polygon,20,2705.95,2713.85,2696.8,2694.05,2691.55,2687.6,2691.45,2666.45,2683.6,2641.6,2644.3,2602.25,2631.1,2602.25,2598.4,2649.5,2585.3,2669.25,2585.3,2688.85,2552.5,2720.4,2559.05,2734.75,2578.75,2745.25,2591.85,2746.55,2598.4,2761.05,2619.4,2774.1,2646.95,2784.6,2677.1,2772.75,2703.35,2751.8,2703.35,2738.75
2-85,Parasitized,No_comment,Polygon,17,2553.8,2759.75,2548.55,2732.2,2534.15,2712.45,2513.15,2699.4,2500.05,2694.05,2476.4,2687.6,2460.7,2687.6,2450.2,2699.4,2441,2713.85,2427.9,2732.2,2421.35,2761.05,2421.35,2787.3,2447.55,2825.25,2480.35,2825.25,2509.2,2818.7,2539.4,2800.4,2552.5,2779.35
2-86,Parasitized,No_comment,Polygon,17,2847.6,2155,2814.85,2169.5,2801.7,2189.1,2795.15,2220.65,2801.7,2240.25,2817.45,2260,2834.5,2281,2847.6,2281,2854.2,2275.75,2860.75,2275.75,2881.75,2275.75,2906.65,2267.8,2926.3,2246.9,2932.9,2207.55,2919.75,2177.3,2896.15,2161.55,2875.15,2155
2-87,Parasitized,No_comment,Polygon,24,2810.9,2026.45,2784.65,2026.45,2757.1,2046.2,2745.3,2058,2742.7,2082.85,2749.25,2115.65,2762.35,2128.85,2775.5,2149.75,2768.9,2155,2768.9,2162.95,2778.1,2169.5,2788.6,2169.5,2801.7,2161.55,2801.7,2149.75,2816.15,2141.95,2841.05,2136.7,2867.3,2135.4,2880.4,2128.85,2886.95,2117.05,2873.85,2103.85,2883.05,2092,2881.75,2059.25,2842.4,2036.95,2821.4,2030.35
2-88,Parasitized,No_comment,Polygon,28,2692.85,2071.05,2691.55,2082.85,2677.1,2090.8,2664,2096.05,2658.75,2103.85,2644.3,2109.05,2631.2,2128.85,2619.4,2148.4,2618.1,2164.25,2618.1,2187.75,2624.65,2187.75,2625.95,2189.1,2632.5,2202.3,2644.3,2215.4,2650.85,2214.1,2660.05,2216.65,2670.55,2223.2,2679.75,2223.2,2685,2228.45,2703.35,2235,2709.9,2235,2725.65,2227.1,2729.55,2214.1,2749.25,2207.55,2770.25,2181.3,2762.35,2164.25,2751.85,2136.7,2696.8,2071.05
2-89,Parasitized,No_comment,Polygon,18,2232.45,2005.55,2212.8,2017.35,2198.35,2038.35,2191.8,2058,2191.8,2071.05,2198.35,2097.35,2204.9,2117.05,2204.9,2131.35,2204.9,2136.7,2227.2,2137.95,2265.25,2131.35,2283.6,2128.85,2303.3,2110.4,2317.7,2084.25,2324.25,2051.45,2304.6,2018.65,2271.8,2004.15,2253.45,2004.15
2-90,Parasitized,No_comment,Polygon,25,2342.65,2437,2342.65,2431.75,2336.1,2423.95,2324.25,2423.95,2319,2425.2,2303.3,2423.95,2277.05,2425.2,2252.15,2439.7,2245.55,2456.75,2224.6,2464.55,2224.6,2477.75,2225.9,2490.85,2224.6,2515.7,2237.7,2536.65,2253.45,2549.8,2283.6,2551.2,2316.4,2542,2342.65,2518.4,2355.75,2517.1,2368.85,2511.85,2368.85,2502.65,2364.95,2492.1,2363.6,2477.75,2362.3,2463.3,2351.8,2450.2
2-91,Parasitized,No_comment,Polygon,25,2001.6,2131.35,1981.95,2149.75,1975.35,2162.95,1975.35,2183.85,1981.95,2215.4,1996.35,2233.7,2008.15,2248.2,2027.85,2248.2,2040.95,2246.9,2060.65,2246.9,2067.2,2241.65,2073.75,2241.65,2101.3,2246.9,2113.1,2233.7,2113.1,2216.65,2102.6,2197.05,2113.1,2181.3,2114.4,2155,2107.85,2130.15,2088.15,2117.05,2067.2,2105.15,2054.05,2103.85,2029.15,2102.6,2023.9,2110.4,2008.15,2117.05
2-92,Parasitized,No_comment,Polygon,19,1796.85,2294.1,1829.65,2312.45,1842.85,2334.75,1844.15,2353.1,1842.85,2385.9,1825.8,2412.15,1811.3,2433.1,1779.8,2438.35,1744.4,2438.35,1711.6,2423.95,1698.5,2393.75,1698.5,2353.1,1714.3,2334.75,1724.8,2308.5,1733.9,2288.85,1744.4,2286.2,1770.7,2286.2,1770.7,2287.55,1790.3,2292.75
2-93,Parasitized,No_comment,Polygon,17,1613.3,2031.75,1587,2050.1,1562.15,2052.75,1547.65,2059.3,1534.6,2076.35,1517.55,2096,1514.85,2117,1514.85,2151.1,1535.85,2176.05,1560.75,2190.45,1587,2190.45,1606.75,2189.15,1629.05,2176.05,1646.1,2156.35,1647.4,2122.25,1640.85,2090.8,1629.05,2051.45
2-94,Parasitized,No_comment,Polygon,20,1509.6,2044.85,1541.1,2025.2,1562.15,2005.5,1569.95,1977.95,1560.75,1947.8,1560.75,1938.65,1562.15,1926.8,1568.7,1913.7,1569.95,1901.9,1550.35,1899.3,1534.6,1900.6,1521.4,1915,1514.85,1915,1495.25,1913.7,1471.65,1921.55,1455.9,1945.2,1455.9,1977.95,1458.45,2013.4,1468.95,2037,1497.8,2046.2
2-95,Parasitized,No_comment,Polygon,25,1626.35,1926.8,1613.3,1958.3,1600.1,1977.95,1576.5,1991.1,1575.2,2005.5,1573.95,2012.1,1550.3,2012.15,1534.55,2010.75,1534.55,1992.4,1521.35,1984.55,1509.6,1984.55,1495.2,1972.8,1484.7,1960.9,1476.9,1953.05,1463.7,1941.25,1465,1921.55,1468.95,1912.4,1482.05,1908.45,1483.45,1892.7,1504.35,1874.35,1534.6,1853.35,1567.4,1848.1,1600.1,1856,1619.8,1879.6,1629.05,1900.6
2-96,Uninfected,No_comment,Polygon,13,3012.75,2030.45,2980.05,2050.1,2970.8,2076.35,2970.8,2105.2,2983.9,2143.25,3004.9,2149.8,3039,2149.8,3069.25,2148.5,3088.85,2128.8,3095.4,2103.9,3101.95,2064.55,3082.3,2043.55,3056.05,2030.45
2-97,Uninfected,No_comment,Polygon,18,3037.7,2772.85,3018,2797.75,3016.7,2818.75,3019.4,2839.75,3044.25,2863.35,3065.3,2864.65,3088.85,2877.75,3096.7,2883,3115.15,2879.1,3122.95,2859.4,3121.65,2845,3121.65,2826.6,3121.65,2810.9,3109.9,2800.4,3095.4,2797.75,3088.85,2778.1,3070.55,2771.55,3049.5,2771.55
2-98,Uninfected,No_comment,Polygon,14,2282.25,2734.8,2249.45,2740.05,2229.7,2766.3,2217.9,2792.5,2219.2,2812.2,2229.7,2845,2250.7,2863.35,2284.8,2863.35,2314.95,2856.8,2341.2,2830.55,2360.95,2804.3,2355.7,2772.85,2341.2,2746.6,2314.95,2738.75
2-99,Uninfected,No_comment,Polygon,15,2262.5,2667.9,2275.6,2707.25,2275.6,2732.2,2275.7,2764.95,2269.15,2791.2,2243,2799.05,2211.35,2799.05,2183.8,2785.95,2151,2759.7,2144.45,2725.6,2145.75,2686.25,2158.95,2661.35,2185.1,2633.8,2203.55,2633.8,2231.1,2640.35
2-100,Uninfected,No_comment,Polygon,17,2383.25,2528.85,2354.3,2536.75,2341.2,2562.95,2335.95,2587.9,2337.25,2620.7,2349.15,2648.25,2367.5,2656.1,2389.8,2656.1,2415.95,2654.8,2454,2635.1,2472.35,2615.45,2479,2576.1,2479,2556.4,2465.8,2528.85,2452.7,2511.8,2422.6,2509.2,2400.3,2515.75
2-101,Uninfected,No_comment,Polygon,15,2565.5,2476.4,2537.95,2485.6,2526.15,2498.7,2513.1,2523.6,2511.7,2555.1,2518.35,2581.35,2537.95,2608.9,2570.75,2603.65,2586.55,2582.65,2597.05,2568.2,2606.15,2562.95,2623.2,2543.3,2623.2,2523.6,2623.2,2490.85,2597.05,2479.05
2-102,Uninfected,No_comment,Polygon,15,2459.25,2405.55,2426.45,2431.8,2419.9,2471.15,2421.2,2498.7,2425.25,2523.6,2438.35,2551.1,2460.65,2562.9,2501.3,2556.4,2527.45,2535.45,2544.5,2510.45,2544.5,2476.4,2537.95,2450.15,2531.4,2423.95,2499.9,2406.9,2473.75,2404.25
2-103,Uninfected,No_comment,Polygon,14,2716.4,1932.05,2696.65,1941.25,2682.3,1966.15,2675.75,1992.4,2678.3,2017.3,2708.45,2052.75,2736,2076.35,2772.8,2084.15,2799.15,2073.65,2812.15,2052.65,2813.4,2023.9,2806.85,1985.85,2789.8,1960.9,2747.8,1933.4
2-104,Uninfected,No_comment,Polygon,14,2610.1,1840.25,2583.85,1861.25,2572.05,1875.65,2564.25,1900.6,2564.25,1933.4,2580,1954.35,2610.1,1958.3,2638.95,1941.25,2652.05,1925.5,2669.1,1908.45,2669.1,1892.7,2669.1,1867.8,2652.05,1846.8,2629.75,1840.25
2-105,Uninfected,No_comment,Polygon,14,2347.75,2071.1,2334.65,2089.45,2328.15,2109.15,2328.15,2123.55,2334.65,2155.05,2349.15,2174.7,2367.5,2183.9,2387.1,2187.85,2415.95,2174.7,2429.15,2149.8,2435.65,2123.55,2426.45,2089.45,2406.85,2064.55,2374,2063.25
2-106,Uninfected,No_comment,Polygon,14,2454,2169.5,2422.6,2181.3,2400.3,2202.25,2387.1,2228.5,2387.1,2261.3,2406.85,2295.4,2426.45,2305.9,2452.7,2305.9,2472.35,2294.1,2498.6,2275.7,2505.15,2248.2,2507.85,2215.4,2492.05,2183.9,2479,2176.05
2-107,Uninfected,No_comment,Polygon,16,2343.9,2249.5,2321.6,2248.2,2297.9,2253.4,2277,2260,2262.5,2280.95,2255.95,2307.2,2255.95,2332.1,2265.2,2359.65,2275.6,2391.15,2295.3,2392.45,2316.35,2392.45,2341.2,2378.05,2376.6,2353.1,2387.1,2326.9,2374,2287.55,2360.95,2261.3
2-108,Uninfected,No_comment,Polygon,15,2322.85,2214.05,2321.6,2235.05,2307.2,2256.05,2296.7,2275.7,2274.4,2280.95,2242.9,2280.95,2211.35,2267.85,2193.05,2248.2,2183.8,2221.95,2190.35,2189.15,2206.1,2161.6,2231.1,2149.8,2269.05,2148.5,2297.9,2149.8,2314.95,2170.8
2-109,Uninfected,No_comment,Polygon,19,1895.25,2109.15,1871.7,2124.9,1855.9,2149.8,1845.4,2174.7,1845.4,2200.95,1862.45,2246.85,1882.2,2266.55,1901.8,2269.15,1921.55,2269.15,1955.65,2246.85,1973.95,2228.5,1983.2,2216.6,1993.7,2196.95,2000.35,2175.85,1993.7,2156.3,1980.5,2143.25,1967.45,2128.8,1954.25,2117,1928.1,2109.15
2-110,Uninfected,No_comment,Polygon,20,1711.6,2168.15,1694.55,2182.6,1692,2202.25,1681.45,2228.5,1678.8,2249.5,1692,2274.4,1706.35,2292.75,1727.35,2300.65,1757.5,2305.9,1791.6,2294.1,1810.05,2279.65,1823.1,2266.55,1829.65,2246.85,1832.35,2215.4,1823.1,2203.6,1806.05,2181.3,1783.75,2169.5,1764.15,2162.9,1737.85,2161.6,1718.15,2162.9
2-111,Uninfected,No_comment,Polygon,16,1963.45,2267.85,1942.45,2287.55,1934.6,2315.05,1934.6,2338.7,1941.15,2366.25,1960.9,2384.6,1987.05,2393.75,2015.9,2393.75,2039.6,2385.9,2059.2,2378.05,2068.45,2358.35,2072.3,2332.1,2065.75,2301.95,2048.7,2275.7,2019.85,2261.3,1989.75,2260
2-112,Uninfected,No_comment,Polygon,17,2111.65,2248.2,2098.55,2256.05,2078.95,2262.6,2078.95,2287.55,2085.5,2313.75,2098.55,2338.7,2114.35,2351.8,2131.35,2366.25,2157.55,2366.25,2177.25,2364.9,2196.9,2346.55,2204.8,2320.3,2206.1,2287.55,2190.35,2266.55,2177.25,2248.2,2151,2235.05,2133.95,2233.75
2-113,Uninfected,No_comment,Polygon,13,2065.75,2437.05,2042.15,2456.75,2039.6,2484.25,2046.15,2515.75,2060.5,2536.75,2094.6,2555.1,2126.1,2555.1,2157.55,2548.55,2179.85,2517.05,2193.05,2489.5,2179.85,2444.9,2145.75,2418.7,2098.55,2418.7
2-114,Uninfected,No_comment,Polygon,13,1764.15,2084.2,1764.15,2058,1740.45,2018.65,1711.6,2012.1,1667,2012.1,1646.1,2031.75,1639.45,2050.1,1646.1,2082.9,1659.15,2131.45,1692,2148.5,1724.8,2136.7,1744.4,2115.7,1764.15,2096
2-115,Uninfected,No_comment,Polygon,16,1790.3,2059.3,1771.95,2082.9,1752.45,2090.8,1723.6,2095.95,1697.35,2095.95,1684.25,2082.9,1665.8,2059.3,1664.45,2039.6,1665.7,2006.85,1672.25,1979.3,1707.75,1947.8,1744.4,1945.2,1770.7,1947.8,1790.3,1966.15,1796.85,1997.65,1803.5,2018.65
2-116,Uninfected,No_comment,Polygon,12,2246.85,1785.15,2202.25,1810.1,2187.75,1856,2200.95,1891.4,2220.65,1915,2253.45,1921.55,2288.85,1921.55,2315.1,1897.95,2334.65,1869.1,2326.9,1829.75,2312.35,1803.5,2275.75,1786.45
2-117,Uninfected,No_comment,Polygon,12,2018.65,1726.15,1984.55,1732.7,1958.2,1747.1,1946.4,1790.4,1958.2,1824.5,1991,1862.55,2031.75,1869.1,2076.25,1849.45,2098.55,1804.85,2096.05,1770.75,2076.25,1740.55,2050.1,1724.8
2-118,Uninfected,No_comment,Polygon,12,1394.3,1574,1362.8,1594.95,1351,1614.65,1348.4,1642.2,1351,1680.2,1382.5,1705.15,1433.65,1711.7,1462.4,1685.45,1474.2,1654,1480.85,1619.9,1466.45,1589.7,1434.85,1575.3
2-119,Uninfected,No_comment,Polygon,13,1466.45,1530.7,1459.9,1549.05,1453.3,1570.05,1458.55,1606.7,1478.15,1621.2,1521.5,1634.3,1551.7,1626.45,1572.7,1601.5,1584.5,1574,1577.95,1541.2,1552.9,1511,1518.8,1503.15,1486.1,1516.25
2-120,Uninfected,No_comment,Polygon,13,1926.85,1278.85,1912.3,1301.15,1905.85,1331.3,1905.85,1351,1925.5,1378.55,1964.85,1391.65,1991,1378.55,2017.35,1357.55,2023.9,1331.3,2018.65,1301.15,2004.2,1278.85,1984.55,1265.75,1945.2,1265.75
2-121,Uninfected,No_comment,Polygon,14,1636.85,1180.5,1606.8,1194.9,1585.7,1214.6,1584.5,1247.4,1587.1,1273.6,1623.85,1291.95,1656.6,1298.55,1682.85,1299.85,1710.3,1293.3,1730.1,1267.05,1736.65,1239.5,1724.85,1206.7,1710.3,1181.8,1676.2,1175.25
2-122,Uninfected,No_comment,Polygon,12,1560.85,1082.1,1525.45,1103.1,1512.35,1128,1512.35,1160.8,1525.45,1173.9,1577.95,1188.35,1613.35,1175.25,1633,1155.55,1643.5,1128,1636.85,1103.1,1618.6,1090,1592.25,1082.1
2-123,Uninfected,No_comment,Polygon,16,1598.9,964.05,1585.7,985.05,1584.5,1009.95,1584.5,1037.5,1604.15,1069,1636.85,1083.4,1656.6,1095.2,1685.5,1096.55,1698.5,1078.15,1715.55,1051.95,1722.2,1023.1,1709.1,991.6,1695.95,965.35,1682.85,957.5,1646.15,952.25,1618.6,953.55
2-124,Uninfected,No_comment,Polygon,14,1617.25,826.35,1597.5,865.7,1597.5,891.9,1606.8,912.9,1625.05,924.7,1644.8,931.25,1669.75,932.6,1695.95,931.25,1711.7,924.7,1723.5,905.05,1730.1,878.8,1709.1,832.9,1676.2,809.3,1652.7,813.2
2-125,Uninfected,No_comment,Polygon,12,1761.55,881.4,1736.65,906.35,1728.75,933.9,1728.75,966.7,1748.45,986.35,1794.25,1004.7,1833.6,996.85,1859.95,978.5,1866.5,950.95,1861.25,907.65,1816.55,880.1,1800.9,878.8
2-126,Uninfected,No_comment,Polygon,13,1743.1,1030.95,1724.85,1063.75,1722.2,1090,1723.5,1130.65,1757.6,1160.8,1782.55,1163.45,1814,1162.1,1840.25,1149,1859.95,1121.45,1861.25,1095.2,1853.35,1063.75,1821.9,1024.4,1782.55,1017.85
2-127,Uninfected,No_comment,Polygon,14,2030.35,893.25,1992.4,920.75,1984.55,944.4,1984.55,970.6,1991,1009.95,2010.75,1037.5,2031.75,1037.5,2059.2,1029.65,2096.05,1004.7,2097.35,978.5,2102.6,947,2102.6,918.15,2079,899.8,2056.7,894.55
2-128,Parasitized,No_comment,Polygon,15,1820.6,1744.5,1794.25,1744.5,1769.45,1751.05,1754.9,1760.25,1748.45,1777.3,1737.85,1791.7,1735.3,1819.25,1748.45,1850.75,1774.65,1876.95,1820.6,1882.2,1846.8,1862.55,1872.95,1837.6,1874.35,1803.5,1866.5,1772.05,1849.45,1758.9
2-129,Parasitized,No_comment,Polygon,21,1854.7,1622.5,1833.6,1652.7,1833.6,1675,1840.25,1707.75,1866.5,1737.95,1886.15,1745.8,1925.5,1752.35,1938.65,1744.5,1954.35,1737.95,1966.2,1739.25,1971.4,1740.55,1992.4,1737.95,1998.95,1726.15,1997.55,1713,1997.55,1705.15,1987.15,1685.45,1987.15,1665.8,1978,1640.85,1964.85,1621.2,1925.5,1608.1,1886.15,1608.1
2-130,Parasitized,No_comment,Polygon,20,1446.75,1732.7,1420.55,1758.9,1420.55,1778.6,1427.1,1803.5,1434.85,1812.7,1446.75,1831.05,1459.9,1837.6,1473,1842.85,1480.85,1849.45,1492.65,1857.3,1513.55,1858.6,1525.45,1856,1538.6,1838.95,1552.9,1824.5,1558.15,1811.4,1564.8,1790.4,1564.8,1760.25,1547.75,1737.95,1518.8,1719.55,1486.1,1718.25
2-131,Parasitized,No_comment,Polygon,18,1413.95,1261.8,1382.5,1234.25,1362.8,1214.6,1348.4,1193.6,1335.25,1183.1,1328.7,1206.7,1318.2,1226.4,1309.05,1247.4,1295.9,1272.3,1302.5,1299.85,1323.45,1345.75,1343.15,1364.1,1374.6,1377.25,1396.9,1365.4,1423.05,1339.2,1440.1,1324.75,1440.1,1305.1,1433.65,1285.4
2-132,Parasitized,No_comment,Polygon,24,1442.8,1253.95,1427.1,1260.5,1410.05,1278.75,1400.85,1299.85,1402.25,1319.45,1407.5,1339.2,1427.1,1357.55,1433.65,1378.55,1446.75,1390.35,1466.45,1390.35,1486.1,1390.35,1505.8,1386.4,1521.5,1370.65,1525.45,1365.4,1532,1351,1532,1331.3,1534.65,1312.95,1532,1294.6,1518.8,1288.05,1514.95,1278.85,1499.25,1267.05,1487.4,1260.5,1473,1253.95,1459.9,1255.25
2-133,Parasitized,No_comment,Polygon,22,1676.2,1318.2,1630.4,1318.2,1610.7,1324.75,1591.05,1351,1587.1,1366.75,1577.95,1385.1,1571.35,1403.45,1567.45,1416.6,1591.05,1419.2,1612.05,1424.45,1617.25,1425.75,1617.25,1438.9,1630.4,1449.35,1663.2,1449.35,1695.95,1450.7,1728.75,1417.9,1731.4,1392.95,1735.3,1364.1,1735.3,1344.45,1722.2,1320.85,1710.3,1319.5,1695.95,1314.25
2-134,Parasitized,No_comment,Polygon,29,1892.7,965.35,1886.15,983.75,1880.9,990.3,1879.6,998.15,1866.5,998.15,1866.5,1036.2,1867.7,1050.65,1872.95,1057.2,1872.95,1075.55,1872.95,1082.1,1866.5,1083.4,1855.85,1091.3,1855.85,1095.15,1882.25,1103.1,1900.6,1114.9,1918.85,1116.2,1938.65,1114.9,1941.15,1116.2,1958.2,1116.2,1964.85,1096.55,1978,1075.55,1984.55,1051.95,1991,1030.95,1984.55,1019.15,1978,1009.95,1964.85,979.8,1945.2,971.95,1921.6,966.7,1900.6,965.35
2-135,Parasitized,No_comment,Polygon,15,2162.9,1345.75,2168.15,1337.9,2154.95,1324.75,2131.35,1331.3,2103.8,1324.75,2077.65,1332.65,2058,1351,2056.7,1377.25,2063.25,1410,2089.45,1436.25,2115.6,1442.8,2143.15,1432.3,2170.8,1416.6,2181.3,1390.35,2174.75,1353.6
2-136,Parasitized,No_comment,Polygon,19,2266.45,918.15,2262.6,944.4,2248.2,979.8,2240.3,990.3,2235.05,999.45,2227.1,1006.05,2210.15,1011.3,2197.05,1011.3,2190.45,1003.4,2182.5,992.9,2161.6,986.35,2148.4,958.8,2143.15,937.8,2154.95,906.35,2164.25,885.35,2189.15,865.7,2215.4,865.7,2253.45,878.8,2266.45,893.25
2-137,Parasitized,No_comment,Polygon,19,2019.85,869.6,2050.1,851.25,2050.1,830.25,2043.45,809.3,2036.9,790.9,2017.3,776.5,1991,764.7,1958.2,763.35,1932.05,764.7,1925.4,777.8,1907.05,779.1,1900.55,796.15,1900.55,810.6,1912.3,817.15,1912.3,836.8,1918.85,856.5,1932.05,874.85,1951.65,882.75,1991,889.3
2-138,Parasitized,No_comment,Polygon,19,1796.95,633.5,1800.8,620.4,1796.95,607.3,1777.2,594.15,1754.9,579.75,1723.5,566.6,1702.5,556.15,1684.15,566.6,1659.15,560.05,1638.15,574.5,1643.4,600.7,1652.65,613.85,1656.6,638.75,1669.7,665,1690.7,697.8,1731.35,704.35,1761.45,697.8,1800.8,678.1,1808.75,651.9
2-139,Parasitized,No_comment,Polygon,16,1636.85,632.2,1610.6,599.4,1591,581.05,1573.95,566.6,1559.45,566.6,1533.3,594.15,1528.05,620.4,1533.3,633.5,1538.55,659.75,1546.35,686,1559.45,717.45,1585.7,726.65,1617.25,726.65,1632.9,713.55,1649.95,684.65,1644.8,659.75
2-140,Parasitized,No_comment,Polygon,14,2110.35,487.9,2102.55,474.8,2056.65,487.9,2043.45,501.05,2023.85,522,2026.4,569.25,2063.2,599.4,2089.45,600.7,2122.15,592.85,2148.4,574.5,2161.5,549.55,2161.5,523.35,2136.65,497.1,2124.85,494.5
2-141,Parasitized,No_comment,Polygon,15,2371.45,305.6,2338.65,330.5,2326.85,346.25,2320.3,363.3,2318.9,372.5,2332.1,410.55,2346.45,423.65,2364.9,438.1,2371.45,449.9,2413.35,455.15,2431.7,443.35,2451.45,417.1,2450.15,364.65,2430.4,325.3,2404.25,313.45
2-142,Parasitized,No_comment,Polygon,19,2151.1,192.8,2122.15,212.45,2109.05,238.7,2109.05,272.8,2115.6,305.6,2128.8,323.95,2148.4,323.95,2162.9,330.5,2181.25,333.15,2215.35,323.95,2234.95,304.3,2259.95,274.1,2259.95,264.95,2249.45,259.7,2246.85,246.6,2233.65,225.6,2214.05,205.9,2189.05,200.65,2170.75,199.35
2-143,Parasitized,No_comment,Polygon,18,2240.2,192.8,2220.6,192.8,2197,192.8,2181.25,186.25,2168.15,179.7,2154.95,161.3,2135.35,148.2,2135.35,115.4,2148.4,102.3,2149.7,90.5,2177.25,61.65,2200.85,48.5,2234.95,44.6,2273,61.65,2279.55,83.95,2282.25,107.55,2282.25,154.75,2262.5,181
2-144,Parasitized,No_comment,Polygon,22,2463.25,10.5,2419.9,22.3,2400.3,24.9,2391.05,43.25,2385.8,56.4,2351.7,62.95,2351.7,82.6,2358.25,102.3,2359.65,115.4,2366.2,115.4,2374,110.15,2387.1,128.55,2391.05,148.2,2410.8,149.5,2423.9,153.45,2438.35,148.2,2451.45,140.35,2472.45,128.55,2482.95,116.7,2489.5,95.75,2496.05,70.8,2485.55,28.85
2-145,Parasitized,No_comment,Polygon,17,2633.7,259.7,2607.55,284.6,2594.35,317.4,2600.9,343.65,2615.35,371.2,2623.2,390.85,2627.15,398.75,2646.9,409.2,2666.5,409.2,2686.25,404,2705.85,390.85,2725.6,372.5,2732.15,350.2,2725.6,317.4,2705.85,278.05,2679.6,264.95,2654.7,259.7
2-146,Parasitized,No_comment,Polygon,15,2607.55,520.7,2576,520.7,2568.2,527.25,2568.2,556.15,2570.75,581.05,2583.85,615.15,2607.55,634.85,2635.1,640.05,2662.55,621.7,2686.25,599.4,2694.05,573.2,2692.8,541.7,2673.05,516.8,2646.9,508.9,2633.7,508.9
2-147,Parasitized,No_comment,Polygon,16,2784.55,674.2,2778.05,692.55,2758.3,700.4,2746.5,718.75,2745.2,738.45,2739.95,769.95,2746.5,797.45,2764.95,815.85,2791.1,823.7,2830.45,811.9,2850.2,796.15,2863.25,769.95,2856.75,725.35,2837,692.55,2804.3,671.55,2793.8,666.3
2-148,Parasitized,No_comment,Polygon,16,3213.45,396.1,3230.5,397.4,3237.15,402.65,3243.7,417.1,3237.15,424.95,3237.15,431.5,3245,443.35,3243.7,482.65,3223.95,515.45,3192.55,527.25,3158.45,522,3132.2,490.55,3132.2,448.55,3145.25,404,3171.55,389.55,3193.85,389.55
2-149,Parasitized,No_comment,Polygon,13,2948.5,202,2911.85,225.6,2902.6,259.7,2915.7,326.6,2936.7,343.65,2981.3,343.65,3003.6,325.3,3021.95,304.3,3027.2,271.5,3027.2,247.9,3020.65,225.6,2994.4,205.9,2968.25,199.35
2-150,Parasitized,No_comment,Polygon,15,3126.95,232.15,3105.9,220.35,3082.3,205.9,3079.75,167.9,3081.05,136.4,3094.1,101,3119.1,81.3,3146.55,81.3,3171.55,90.5,3191.15,107.55,3200.35,136.4,3197.8,167.9,3184.6,208.55,3159.75,225.6,3138.7,238.7
2-151,Parasitized,No_comment,Polygon,20,3487.6,103.6,3499.4,81.3,3525.7,74.75,3554.55,70.8,3578.1,76.05,3597.85,90.5,3600.4,114.1,3604.4,141.65,3599.15,160,3572.85,181,3565.05,186.25,3558.5,200.65,3533.5,202,3512.6,194.1,3492.9,179.7,3474.55,161.3,3474.55,136.4,3466.6,120.65,3466.6,108.85,3469.3,103.6
2-152,Parasitized,No_comment,Polygon,14,3513.9,207.25,3482.35,212.45,3453.55,221.65,3433.9,240,3429.95,271.5,3440.45,305.6,3466.6,320.05,3499.4,323.95,3541.45,317.4,3571.6,305.6,3584.65,274.1,3584.65,251.8,3571.6,226.9,3553.25,215.1
2-153,Parasitized,No_comment,Polygon,18,3449.55,468.25,3420.7,476.1,3403.65,495.8,3395.85,516.8,3387.9,546.95,3387.9,579.75,3390.6,605.95,3401.1,621.7,3415.45,632.2,3441.75,633.5,3460.05,626.95,3482.35,607.3,3494.15,588.9,3499.4,566.6,3500.7,528.6,3499.4,502.35,3486.35,482.65,3466.6,474.8
2-154,Parasitized,No_comment,Polygon,15,3584.65,494.5,3558.5,503.65,3534.8,520.7,3521.7,548.25,3519.15,574.5,3525.7,605.95,3551.85,626.95,3567.6,632.2,3610.95,628.25,3638.5,612.55,3650.3,592.85,3656.8,566.6,3656.8,529.9,3637.2,508.9,3624,502.35
2-155,Parasitized,No_comment,Polygon,22,3676.55,502.35,3658.1,482.65,3650.3,456.45,3650.3,436.75,3656.8,404,3666.05,376.45,3702.7,346.25,3715.9,339.7,3722.45,350.2,3735.5,352.8,3750,359.4,3755.25,369.85,3761.8,379.05,3764.35,392.15,3763.05,410.55,3763.05,422.35,3761.8,448.55,3755.25,461.7,3742.05,482.65,3722.45,497.1,3702.7,510.2,3690.9,515.45
2-156,Parasitized,No_comment,Polygon,15,3494.15,771.25,3479.8,751.55,3479.8,737.15,3475.85,705.65,3494.15,672.85,3519.15,651.9,3548,645.3,3584.65,645.3,3610.95,667.6,3617.45,691.25,3618.75,717.45,3604.4,738.45,3586.05,769.95,3545.3,785.65,3512.6,783.05
2-157,Uninfected,No_comment,Polygon,13,1800.8,777.8,1789,756.8,1787.75,726.65,1794.25,705.65,1814,679.4,1855.9,665,1894,678.1,1912.3,730.6,1907.05,751.55,1899.25,766,1872.95,785.65,1846.7,797.45,1815.3,784.35
2-158,Uninfected,No_comment,Polygon,18,2023.85,720.1,2050.1,712.2,2078.95,725.35,2096,737.15,2096,756.8,2089.45,772.55,2069.7,792.25,2050.1,802.7,2025.1,802.7,1979.25,784.35,1964.75,759.45,1951.65,745,1947.7,725.35,1951.65,704.35,1964.75,692.55,1979.25,692.55,1997.55,704.35,2005.5,712.2
2-159,Uninfected,No_comment,Polygon,14,1840.15,417.1,1849.4,397.4,1853.35,371.2,1840.15,339.7,1814,323.95,1782.5,317.4,1754.9,318.7,1711.6,372.5,1711.6,402.65,1716.85,428.9,1741.85,448.55,1775.95,456.45,1808.75,455.15,1829.65,442
2-160,Uninfected,No_comment,Polygon,16,1735.3,463,1711.6,477.45,1705.05,502.35,1715.55,520.7,1735.3,541.7,1768,553.5,1800.8,573.2,1833.6,574.5,1859.9,566.6,1872.95,541.7,1872.95,522,1859.9,501.05,1841.55,487.9,1816.55,474.8,1789,469.55,1768,469.55
2-161,Uninfected,No_comment,Polygon,18,2215.35,333.15,2194.3,356.75,2181.25,384.3,2182.5,402.65,2200.85,444.65,2210.1,457.75,2248.15,470.85,2279.55,470.85,2307.1,468.25,2333.4,442,2339.95,417.1,2341.3,396,2341.3,376.45,2326.95,358,2305.8,343.65,2275.7,330.5,2253.4,326.6,2233.65,330.5
2-162,Uninfected,No_comment,Polygon,15,2646.9,186.25,2662.55,166.55,2666.5,133.75,2648.2,102.3,2627.15,83.95,2590.5,76.05,2551.15,74.75,2518.35,87.85,2503.85,115.4,2502.6,148.2,2510.4,174.45,2522.3,188.85,2557.7,202,2581.3,205.9,2614.1,202
2-163,Uninfected,No_comment,Polygon,14,2705.85,114.1,2692.8,136.4,2675.75,161.3,2641.75,167.95,2615.4,162.7,2595.85,141.75,2582.65,116.7,2581.3,87.85,2582.55,51.15,2621.9,28.85,2641.65,28.85,2660,35.4,2682.3,49.85,2692.8,82.6
2-164,Uninfected,No_comment,Polygon,15,2778.05,94.4,2759.7,107.55,2758.3,128.55,2764.95,166.55,2784.55,194.1,2805.6,207.25,2837,213.8,2871.2,207.25,2897.35,187.55,2903.9,166.55,2903.9,140.35,2896.1,110.15,2865.95,90.5,2830.45,82.6,2810.85,82.6
2-165,Uninfected,No_comment,Polygon,14,2817.4,253.15,2784.55,271.5,2764.95,300.35,2764.95,333.15,2764.95,363.3,2780.6,389.55,2799.05,405.3,2839.7,410.55,2864.55,397.4,2890.85,377.75,2902.6,343.65,2896.1,312.15,2883,271.5,2858,253.15
2-166,Uninfected,No_comment,Polygon,13,2890.85,397.4,2863.25,422.35,2850.2,449.9,2850.2,469.55,2859.3,508.9,2871.2,522,2905.3,528.6,2928.9,523.35,2949.8,510.2,2970.8,474.8,2961.7,428.9,2931.45,398.75,2915.7,397.4
2-167,Uninfected,No_comment,Polygon,12,2482.95,797.45,2456.7,797.45,2425.15,776.5,2413.35,752.9,2412.1,724,2430.4,693.85,2459.25,684.65,2496.05,687.3,2522.3,700.4,2535.4,724,2541.95,758.1,2523.6,779.1
2-168,Uninfected,No_comment,Polygon,12,2490.8,667.6,2452.7,658.45,2430.4,641.4,2423.9,620.4,2443.6,581.05,2469.75,560.05,2509.1,561.35,2541.95,567.95,2556.4,588.9,2561.55,619.1,2556.4,640.05,2535.4,666.3
2-169,Uninfected,No_comment,Polygon,17,2725.6,548.25,2725.6,560.05,2712.4,586.3,2705.85,602.05,2695.35,632.2,2705.85,665,2725.6,680.75,2758.3,684.65,2797.65,665,2817.4,653.2,2830.45,633.5,2833.15,613.85,2830.45,586.3,2813.4,560.05,2791.1,548.25,2761,540.4,2747.9,541.7
2-170,Uninfected,No_comment,Polygon,13,3145.25,560.05,3115.15,579.75,3102.05,612.55,3099.35,651.9,3112.45,666.3,3147.95,684.65,3191.15,684.65,3217.4,671.55,3237.15,646.65,3237.15,608.6,3226.65,579.75,3210.9,567.95,3174.1,556.15
2-171,Uninfected,No_comment,Polygon,14,3250.25,528.6,3243.7,566.6,3251.5,600.7,3269.85,625.65,3302.65,633.5,3342,626.95,3361.75,608.6,3368.3,586.3,3368.3,556.15,3368.3,535.15,3356.5,510.2,3328.95,495.8,3296.1,494.5,3277.8,495.8
2-172,Uninfected,No_comment,Polygon,15,3178.05,253.15,3158.45,266.25,3151.8,297.75,3151.8,330.5,3171.55,352.8,3197.8,364.65,3220.1,364.65,3243.7,363.3,3259.45,338.4,3269.85,330.5,3276.5,310.85,3271.25,284.6,3245,253.15,3217.4,245.25,3193.85,246.6
2-173,Uninfected,No_comment,Polygon,15,3447,194.1,3420.7,219.05,3394.55,232.15,3361.75,233.45,3338,227.65,3323.7,213.8,3315.85,192.8,3310.6,166.55,3330.2,115.4,3381.35,83.95,3397.15,82.6,3420.7,89.2,3433.9,102.3,3447,127.2,3454.8,160
2-174,Uninfected,No_comment,Polygon,13,3403.65,285.95,3414.2,259.7,3408.9,225.6,3395.95,199.3,3369.6,179.7,3343.4,167.9,3315.95,167.9,3283.05,186.25,3271.25,212.45,3283.05,251.8,3311.9,293.8,3342,305.6,3369.55,305.6
2-175,Uninfected,No_comment,Polygon,14,3526.95,343.65,3499.4,392.15,3500.7,422.35,3513.9,448.55,3534.8,461.7,3567.6,468.25,3597.85,461.7,3624,442,3631.95,415.8,3637.2,376.45,3633.25,358.05,3605.65,338.4,3578.1,331.85,3559.8,333.15
2-176,Uninfected,No_comment,Polygon,21,2082.8,802.7,2056.65,818.45,2044.75,835.5,2038.2,851.25,2036.9,869.6,2043.45,890.6,2064.45,907.65,2085.45,914.2,2115.6,910.25,2135.35,897.15,2148.4,889.3,2161.5,876.15,2174.7,863.05,2181.25,843.4,2181.25,823.7,2181.25,804.05,2164.2,784.35,2149.7,772.55,2128.8,769.95,2103.8,771.25,2085.5,797.45
2-177,Uninfected,No_comment,Polygon,15,3928.4,751.6,3940.2,737.05,3945.45,724.05,3945.45,700.45,3927,658.35,3912.65,640.1,3862.8,619,3833.95,615.1,3827.4,641.3,3814.2,664.95,3814.2,684.7,3833.95,713.55,3860.1,737.05,3894.2,758.15,3912.65,763.4
2-178,Uninfected,No_comment,Polygon,14,3965.1,586.25,3919.2,594.2,3889.05,606,3864.1,628.35,3861.5,646.65,3881.2,692.55,3903.45,712.3,3920.55,718.85,3946.75,718.8,3980.85,704.3,3997.9,672.9,4012.25,640.1,4012.25,620.35,3997.9,592.8
2-179,Parasitized,No_comment,Polygon,16,4024.15,535.1,4018.9,481.4,4000.45,438,3965.1,428.85,3925.75,428.85,3899.45,444.55,3881.2,481.4,3882.4,515.5,3895.6,540.3,3919.2,553.45,3952,566.65,3958.55,567.85,3971.6,574.45,3984.8,562.6,3999.2,554.85,4017.5,546.9
2-180,Parasitized,No_comment,Polygon,20,4092.35,664.95,4076.6,661.1,4059.55,653.15,4050.3,666.25,4030.7,671.5,4012.25,691.15,4000.45,705.6,3992.65,730.5,3984.8,751.6,3984.8,763.4,3997.9,777.75,4013.65,783,4033.25,784.3,4063.5,790.95,4085.8,789.55,4102.85,771.2,4115.95,751.6,4118.5,730.5,4117.25,697.7,4109.4,678.15