130,5312,2988
3-1,White_Blood_Cell,No_comment,Polygon,31,1820.5,1876.95,1820.5,1864.85,1832.5,1854.7,1842.65,1852.85,1848.2,1852.85,1848.2,1863.95,1860.25,1861.2,1879.7,1863.05,1895.45,1858.4,1896.35,1865.8,1919.5,1878.8,1936.25,1901,1948.25,1938,1950.1,1960.25,1946.35,1979.7,1937.1,1991.75,1947.3,2001,1942.65,2008.4,1934.35,2016.75,1922.3,2011.2,1909.35,2021.4,1887.1,2033.45,1862.1,2039,1837.1,2034.35,1817.65,2024.15,1796.35,2002.85,1780.6,1978.8,1780.6,1937.1,1790.8,1914.95,1801.9,1894.55,1817.65,1881.55
3-2,Uninfected,No_comment,Polygon,25,2220.9,1987.3,2225.15,1986.85,2241.3,1990.7,2257.05,1997.9,2269.4,2009.4,2277.05,2022.6,2279.6,2035.35,2280.05,2056.2,2273.65,2080.9,2268.55,2092.4,2252.8,2110.25,2231.55,2121.75,2218.75,2123.9,2203.45,2121.75,2188.1,2117.5,2173.25,2110.7,2162.6,2101.35,2150.65,2083.45,2147.25,2064.75,2147.25,2046,2153.65,2023.9,2164.3,2009.85,2175.35,1998.75,2188.1,1991.95,2202.6,1988.55
3-3,Uninfected,No_comment,Polygon,25,2065.55,2049.85,2068.55,2049.4,2086.85,2050.7,2105.15,2057.9,2115.8,2067.3,2123.85,2078.8,2131.55,2093.25,2134.95,2108.55,2134.1,2127.7,2128.1,2146.85,2120.45,2157.5,2109.8,2170.25,2097.5,2176.2,2077.9,2180.9,2062.15,2182.2,2045.55,2177.95,2033.2,2171.1,2018.35,2157.95,2009.8,2142.6,2004.7,2121.35,2005.15,2101.35,2011.5,2081.75,2023,2066.45,2037.5,2057.05,2047.7,2052.8
3-4,Uninfected,No_comment,Polygon,23,2084.7,1898.35,2090.65,1898.75,2110.25,1903,2127.25,1912.4,2133.65,1920.45,2139.2,1931.55,2143.45,1943.05,2145.15,1956.65,2141.75,1980.9,2128.55,1999.6,2105.15,2014.1,2083.45,2014.95,2063.45,2011.1,2051.1,2004.3,2036.65,1994.1,2026.85,1980.9,2022.6,1962.2,2022.6,1942.15,2027.25,1924.75,2036.2,1914.1,2049.4,1906.45,2060.05,1901.75,2071.1,1898.75
3-5,Uninfected,No_comment,Polygon,22,2395.35,2106.45,2400.05,2108.55,2415.8,2119.2,2430.7,2134.1,2438.75,2145.6,2447.3,2167.7,2448.15,2186.85,2445.15,2205.6,2439.2,2222.2,2422.15,2238.35,2408.55,2244.75,2387.7,2248.15,2372.4,2246.85,2352.8,2235.8,2334.5,2214.1,2323.45,2189,2323.85,2166.85,2327.7,2139.65,2338.75,2119.2,2350.7,2109.4,2367.3,2104.75,2381.75,2104.75
3-6,Uninfected,No_comment,Polygon,25,2272.85,1829.85,2287.35,1831.2,2309.25,1839.95,2325.05,1851.8,2334.7,1864.05,2342.15,1878.1,2343.9,1894.35,2341.75,1910.55,2335.6,1922.4,2324.6,1934.25,2307.5,1939.95,2287.35,1943.45,2268.9,1942.15,2250.5,1935.15,2238.65,1929,2226.8,1920.2,2219.35,1909.25,2212.8,1895.2,2211.45,1880.75,2212.8,1865.85,2219.35,1850.9,2228.15,1839.95,2237.8,1834.7,2249.6,1832.95,2260.15,1831.6
3-7,Uninfected,No_comment,Polygon,23,2129,1676.35,2134.25,1675.9,2150.05,1675.05,2164.1,1676.8,2174.2,1682,2188.2,1691.7,2195.65,1702.25,2197.85,1716.25,2197.85,1733.35,2194.8,1750.45,2185.15,1769.75,2169.35,1778.55,2152.25,1784.7,2136.45,1788.2,2117.6,1787.3,2104.9,1782.5,2096.1,1775.45,2085.15,1764.5,2077.7,1750.05,2077.25,1727.65,2083.4,1707.9,2093.05,1693.9,2107.05,1683.8
3-8,Uninfected,No_comment,Polygon,22,2032.5,1743.9,2033.85,1743.9,2044.8,1746.6,2055.75,1753.45,2065.35,1766.25,2072.65,1776.3,2076.3,1794.55,2074.95,1806.9,2070.4,1821.45,2064,1832.45,2048.9,1840.25,2034.3,1844.8,2017.85,1844.35,2001.45,1838.85,1991.85,1831.55,1985,1821.05,1976.3,1806.9,1975.4,1786.35,1982.25,1764.85,1992.3,1752.55,2004.65,1745.65,2018.35,1742.95
3-9,Uninfected,No_comment,Polygon,25,2231.1,1561.2,2232.5,1561.2,2246.65,1562.6,2260.8,1569,2271.3,1576.75,2279.05,1587.7,2285,1603.7,2287.75,1614.65,2288.65,1632.45,2283.2,1649.8,2271.3,1666.65,2259.45,1674.45,2244.8,1682.7,2228.4,1686.8,2211.95,1684.95,2200.05,1680.85,2185.9,1673.1,2174.5,1661.25,2164.45,1641.1,2159.45,1621.9,2159.9,1604.6,2169.5,1584.95,2185.45,1571.75,2205.1,1563.45,2216.95,1561.7
3-10,Uninfected,No_comment,Polygon,19,2048.95,1461.7,2061.7,1462.15,2082.7,1469,2096.4,1483.15,2103.75,1499.6,2108.75,1515.1,2109.2,1534.75,2104.2,1550.7,2094.6,1566.7,2081.35,1578.1,2057.15,1582.65,2034.3,1580.4,2016.5,1574.45,2000.05,1561.2,1990.5,1537,1990,1508.7,1999.6,1484.95,2012.85,1473.1,2026.55,1464.85
3-11,Uninfected,No_comment,Polygon,20,1884.55,1391.8,1895.95,1392.7,1916.05,1397.3,1935.25,1410.1,1946.2,1425.15,1950.3,1442.5,1951.2,1456.65,1946.2,1478.55,1940.7,1491.8,1927,1505,1912.4,1512.8,1890.95,1515.1,1868.55,1512.35,1853.05,1503.7,1839.35,1486.3,1831.55,1470.35,1829.3,1448,1837.5,1423.8,1850.75,1407.8,1868.1,1397.3
3-12,Uninfected,No_comment,Polygon,25,2281.35,1416,2289.6,1419.15,2304.65,1425.15,2319.25,1432.45,2335.25,1441.55,2346.2,1450.7,2354.4,1470.75,2357.15,1485.9,2354.4,1507.8,2343,1526.5,2329.75,1537.5,2314.25,1546.15,2295.5,1548.45,2263.55,1545.7,2244.85,1540.7,2225.65,1532,2211.5,1519.2,2201.45,1504.15,2196.4,1481.3,2200.55,1455.3,2210.6,1433.8,2222,1420.6,2241.65,1414.15,2254.85,1412.3,2266.3,1413.25
3-13,Uninfected,No_comment,Polygon,20,1882.6,1142,1892.5,1144.35,1911.85,1156.15,1924.55,1169.8,1932.1,1184.9,1935.9,1204.75,1931.15,1225.5,1919.4,1242.45,1904.3,1256.6,1880.7,1265.6,1859,1263.7,1836.85,1257.55,1822.2,1247.65,1812.3,1230.65,1802.85,1208.5,1806.15,1180.65,1816.05,1159.9,1833.05,1147.65,1857.6,1141.5,1874.1,1141.05
3-14,Uninfected,No_comment,Polygon,21,2069.4,1138.7,2075.05,1138.7,2093.9,1147.2,2106.2,1155.65,2117.5,1171.7,2123.65,1184.45,2125.05,1202.35,2118.9,1221.25,2109.5,1234.9,2098.15,1244.8,2071.25,1252.35,2052.85,1252.85,2033.05,1248.15,2016.1,1236.35,2003.8,1219.35,2001.45,1201.45,2002.4,1182.1,2015.15,1156.15,2031.15,1142.95,2045.8,1138.2,2054.3,1137.75
3-15,Uninfected,No_comment,Polygon,22,2026.95,973.6,2034.95,973.6,2056.15,980.65,2072.7,992.45,2082.6,1007.55,2088.7,1026.9,2088.7,1042.95,2088.25,1062.25,2081.65,1080.2,2063.7,1098.1,2047.7,1103.8,2016.55,1109.9,1999.55,1103.8,1983.55,1094.35,1972.7,1078.3,1967,1058.95,1964.2,1039.65,1964.65,1021.25,1976,1000.5,1989.65,985.85,2001.45,977.85,2010.9,974.55
3-16,Uninfected,No_comment,Polygon,21,2158.05,1058.5,2166.1,1060.4,2176.95,1062.75,2189.65,1068.4,2201,1074.55,2210.9,1087.75,2217.5,1102.85,2219.85,1122.65,2213.75,1142.95,2206.2,1156.6,2195.35,1166.05,2182.1,1172.2,2159.5,1171.7,2143.45,1165.6,2128.35,1155.2,2119.4,1140.1,2114.65,1121.25,2114.65,1100.5,2120.35,1082.55,2131.2,1072.2,2142.5,1063.7
3-17,Uninfected,No_comment,Polygon,24,2281.2,1061.8,2288.25,1060.85,2302.4,1058.95,2318,1059.45,2335.45,1062.75,2352.4,1072.2,2362.3,1086.8,2368.45,1099.05,2372.2,1123.1,2366.55,1142.45,2359.95,1156.6,2348.15,1173.6,2332.6,1185.4,2312.8,1194.35,2291.55,1195.3,2269.85,1190.1,2257.1,1179.75,2245.35,1165.6,2238.75,1148.1,2236.85,1126.4,2236.85,1108.95,2247.7,1091.05,2258.05,1075.5,2269.85,1068.4
3-18,Uninfected,No_comment,Polygon,25,2354.75,944.8,2366.1,946.7,2390.15,954.25,2403.85,963.7,2412.3,971.7,2417.5,981.15,2424.1,993.85,2425.55,1024.55,2420.8,1041.05,2412.8,1054.25,2402.9,1064.65,2387.3,1072.2,2369.85,1075.95,2350.5,1077.35,2330.7,1072.2,2320.35,1064.65,2312.3,1050.95,2302.9,1033.95,2293.45,1010.85,2292.95,997.65,2297.2,975.95,2306.2,960.85,2315.6,950,2332.6,944.35,2343,942.95
3-19,Uninfected,No_comment,Polygon,26,1679.25,1017,1686.35,1017.95,1707.1,1023.6,1721.25,1030.65,1726.9,1039.15,1724.55,1051.9,1722.2,1063.7,1722.65,1081.6,1723.15,1098.1,1724.1,1111.8,1724.1,1125,1720.8,1136.8,1714.2,1141.5,1703.8,1142.45,1686.35,1138.7,1673.6,1134.9,1661.8,1130.65,1647.65,1125.5,1628.35,1113.7,1618.4,1092.95,1612.3,1073.6,1612.75,1052.35,1622.2,1035.85,1639.2,1025.5,1652.4,1019.8,1668.9,1019.35
3-20,Uninfected,No_comment,Polygon,21,2041.85,792.45,2051.85,796.2,2067.45,804.35,2081.2,816.2,2089.95,833.7,2094.95,852.45,2092.45,876.85,2081.2,903.1,2060.6,919.95,2045.6,926.85,2026.2,928.7,2005.6,923.1,1989.95,914.95,1974.95,899.35,1965.6,879.95,1959.95,854.35,1965.6,825.6,1978.1,806.2,1991.2,794.95,2009.95,788.1,2024.35,788.1
3-21,Uninfected,No_comment,Polygon,23,1523.1,934.95,1526.85,934.35,1543.1,931.2,1564.95,936.2,1577.45,943.7,1590.6,955.6,1601.85,967.45,1608.1,984.95,1608.7,1000.65,1607.45,1017.45,1597.45,1033.7,1588.1,1046.2,1573.7,1056.9,1553.7,1062.45,1536.2,1063.15,1515.6,1058.7,1495.6,1049.95,1480.6,1033.15,1469.35,1012.45,1469.35,986.2,1479.35,964.95,1496.85,948.7,1506.2,941.85
3-22,Uninfected,No_comment,Polygon,23,1618.6,742.9,1626.5,744.5,1645.55,751.9,1660.4,760.9,1672.55,773.05,1682.1,791.05,1683.65,807.45,1681.55,822.8,1678.9,838.15,1666.75,855.6,1650.35,868.3,1628.1,874.15,1611.15,875.7,1592.65,875.7,1576.25,870.45,1557.2,853.5,1547.7,836.05,1544.5,804.8,1549.25,782.6,1560.4,763.55,1573.6,752.45,1590,746.6,1602.7,743.45
3-23,Uninfected,No_comment,Polygon,21,1678.9,607.45,1691.05,606.4,1710.1,605.85,1729.7,612.2,1743.45,624.4,1754.05,639.2,1763.05,656.65,1766.2,686.8,1764.1,705.35,1753.5,724.9,1738.7,740.25,1713.3,751.35,1690.55,751.35,1664.6,743.95,1644.5,731.25,1630.75,713.8,1621.25,691.05,1620.7,661.4,1631.3,637.1,1645.05,621.75,1661.45,612.2
3-24,Uninfected,No_comment,Polygon,26,1838.75,427.25,1849.2,428.2,1867.4,431.35,1878.75,435.9,1889.65,448.65,1898.3,464.55,1902.4,480.45,1908.75,501.8,1912.4,525,1908.75,535.9,1897.85,554.55,1891.5,567.75,1884.25,576.35,1868.3,585.9,1852.45,588.2,1831.95,586.8,1819.2,580.9,1803.75,569.55,1791.95,554.55,1781.45,530.9,1776,502.25,1778.3,478.2,1786.95,455.45,1799.2,442.25,1816,433.2,1827.85,429.55
3-25,Uninfected,No_comment,Polygon,21,1980.6,450.45,1988.3,448.2,2003.8,448.2,2019.65,448.65,2037.85,458.65,2046.5,468.65,2055.15,480.9,2059.65,498.2,2060.6,522.75,2056.1,543.2,2048.75,558.65,2023.75,577.75,2000.1,583.2,1981.05,584.1,1961.05,577.75,1938.75,563.2,1928.75,544.55,1926.5,516.8,1932.4,485.9,1946.55,465.45,1961.55,456.35
3-26,Uninfected,No_comment,Polygon,23,2113.75,302.25,2124.2,301.35,2140.65,305,2156.95,314.55,2168.75,324.1,2177.85,340.9,2181.05,356.8,2182.45,376.8,2177.85,400.9,2169.7,415.45,2156.5,429.55,2136.5,438.65,2111.95,441.8,2092.4,434.55,2077.85,423.2,2068.35,409.1,2058.75,395.45,2050.1,376.8,2048.75,356.8,2056.1,333.65,2066.5,320.9,2087.9,309.1,2103.3,304.55
3-27,Uninfected,No_comment,Polygon,22,2022.85,292.7,2032.4,290.9,2053.35,290.45,2073.75,295,2090.15,305.9,2096.95,322.2,2102.4,338.1,2102.85,362.65,2097.85,383.6,2088.75,400.4,2078.3,414.5,2063.35,423.2,2039.65,422.25,2022.4,418.65,2000.6,410,1986.95,397.25,1978.3,384.55,1975.55,358.15,1980.1,336.8,1989.2,320,1997.85,305.45,2010.1,297.25
3-28,Uninfected,No_comment,Polygon,22,2218.3,429.55,2226.5,430,2244.75,438.2,2256.05,446.35,2268.3,466.35,2274.75,483.2,2273.8,502.25,2272,522.75,2266.5,537.3,2257,548.2,2237.85,556.35,2219.25,559.55,2204.7,560.45,2185.6,556.35,2169.2,547.3,2154.7,529.55,2146.95,505.45,2146.5,480.45,2153.3,456.35,2170.6,439.1,2186.05,433.2,2201.05,430
3-29,Uninfected,No_comment,Polygon,20,2351.55,451.8,2362.4,451.8,2386.1,463.65,2395.6,479.1,2401.1,494.1,2402.85,515,2399.7,533.65,2391.1,550,2373.8,569.1,2355.15,577.3,2337.85,578.65,2321.95,575,2306.05,563.65,2296.05,546.35,2290.15,520.45,2292,494.55,2301.5,475,2312.85,463.2,2323.8,455.9,2336.05,452.25
3-30,Uninfected,No_comment,Polygon,22,2235.25,577.3,2243.4,577.3,2261.8,586.5,2275.8,596.8,2285,612.45,2289.35,627.05,2289.35,647.05,2284.45,660.05,2278,672.45,2255.25,691.4,2242.25,697.85,2215.8,699.5,2196.85,697.85,2176.85,688.7,2166.1,677.85,2157.45,656.8,2156.85,634.65,2162.25,610.85,2176.3,591.4,2194.15,580.05,2214.15,576.8,2226.1,576.25
3-31,Uninfected,No_comment,Polygon,22,2765.95,83.95,2772.75,84.95,2794.1,97.55,2811.6,114.05,2819.85,131.55,2823.7,161.65,2822.75,181.05,2816.45,197.05,2806.25,212.1,2783.9,227.65,2754.8,236.4,2737.3,234.45,2717,224.75,2699.95,210.65,2687.8,195.6,2678.6,168.9,2681.5,147.05,2690.25,119.9,2702.85,101.45,2722.25,86.85,2737.3,83.95,2750.9,83.95
3-32,Uninfected,No_comment,Polygon,23,3240.75,126.2,3244.1,126.2,3263.05,129.1,3280,137.35,3292.65,148.05,3302.85,162.1,3307.7,182.5,3309.65,205.3,3307.25,224.25,3301.4,239.3,3287.8,253.35,3266.45,260.65,3244.1,266.45,3218.9,266.95,3202.85,259.2,3189.75,246.55,3181,230.05,3177.15,212.1,3174.15,188.8,3185.4,163.05,3195.6,145.6,3213.05,134.9,3224.7,129.6
3-33,Uninfected,No_comment,Polygon,21,3251.4,282.5,3265.95,277.65,3283.45,273.75,3304.3,277.65,3318.4,288.3,3330.55,302.9,3334.4,322.8,3337.8,339.75,3335.8,357.25,3326.6,380.05,3318.9,391.7,3299.45,405.8,3281.5,414.55,3261.1,414.55,3241.2,405.3,3225.7,393.65,3212.1,374.25,3209.15,344.6,3214.05,319.4,3227.15,299,3239.2,289.3
3-34,Uninfected,No_comment,Polygon,22,3375.2,110.15,3385.8,107.75,3402.85,106.75,3420.75,108.7,3441.7,126.2,3451.4,145.6,3456.75,160.15,3458.7,180.55,3458.7,194.65,3449.9,212.6,3434.4,233,3419.35,242.7,3399.45,249.5,3375.7,249.95,3356.75,241.25,3340.7,224.25,3330.05,204.8,3327.15,180.55,3332.95,155.3,3345.6,129.6,3356.25,118.4,3364.5,112.1
3-35,Uninfected,No_comment,Polygon,27,3546.5,324.05,3557.65,328.55,3572.3,333.4,3586.25,341.05,3596.05,348.6,3605.4,363.35,3611.65,378.95,3614.3,393.65,3614.3,412.85,3609,431.6,3599.65,447.7,3589.85,460.2,3576.8,470.5,3557.65,478.55,3540.7,483.85,3517.1,483.4,3498.35,478.55,3481.7,468.65,3467.1,452.6,3456.35,433.85,3455.45,409.35,3460.35,380.35,3471.95,357.55,3491.1,340.6,3508.1,332.1,3524.2,325.35,3534.45,323.65
3-36,Uninfected,No_comment,Polygon,27,3416.15,506.2,3423.3,504.9,3437.1,504.45,3458.1,509.8,3474.6,517.85,3487.95,529.45,3496.5,547.75,3500.05,567.85,3498.7,588.8,3492.45,606.65,3484.4,620.05,3469.7,638.35,3459,646.85,3444.7,654,3427.75,657.1,3408.55,657.55,3389.35,653.55,3371.45,644.15,3358.55,631.65,3350.95,616.5,3346.05,592.85,3346.45,574.55,3352.3,559.35,3364.35,539.7,3376.4,524.55,3389.35,515.6,3399.6,510.25
3-37,Uninfected,No_comment,Polygon,23,3743.35,447.3,3749.6,446.85,3764.3,446.85,3787.15,454.9,3805,464.25,3814.3,478.55,3820.55,500.85,3822.4,516.05,3816.6,543.3,3807.65,562.45,3795.55,578.1,3774.65,585.25,3749.6,591.05,3730,588.8,3710.75,581.65,3696.05,571.85,3685.3,554.45,3678.2,530.8,3681.75,504.9,3692.05,486.15,3704.05,467.4,3717,454,3729.5,448.65
3-38,Uninfected,No_comment,Polygon,25,3187.6,399.5,3198.3,401.8,3218.85,410.7,3237.15,422.25,3251.4,435.7,3259,448.65,3262.15,460.25,3263.45,473.65,3261.25,488.85,3251.85,498.2,3240.25,504.45,3224.65,506.65,3208.55,506.2,3192.95,505.35,3174.65,499.95,3156.75,492.85,3141.15,483.05,3121.5,465.15,3113.45,444.65,3114.8,425.45,3123.3,409.3,3134.9,401.8,3148.75,399.95,3163.9,397.75,3175.5,398.2
3-39,Uninfected,No_comment,Polygon,23,3655.05,637.95,3659.05,638.85,3676.5,642.4,3694.3,652.7,3704.2,664.75,3712.6,687.5,3714.45,704.9,3712.6,728.15,3709.5,746,3697,764.75,3668.85,779,3646.1,783.05,3625.1,781.25,3610,775,3592.95,765.2,3578.25,750.45,3570.2,730.35,3566.65,711.6,3572.9,686.6,3581.8,668.75,3594.8,654,3614.4,642.85,3633.15,639.3
3-40,Uninfected,No_comment,Polygon,23,3860.9,648.15,3872,642.85,3889.45,642.4,3911.75,642.4,3934.5,650,3946.6,660.65,3954.6,675,3956.4,695.05,3957.25,715.2,3952.85,733.5,3941.65,755.35,3925.1,772.75,3898.85,786.1,3865.3,794.65,3846.15,791.95,3829.15,784.85,3813.05,771,3804.65,751.8,3802.8,728.6,3807.7,702.25,3821.55,677.7,3833.2,663.35,3844.3,655.35
3-41,Uninfected,No_comment,Polygon,23,4092.05,809.45,4103.2,810.7,4126.45,820.1,4142.95,833.05,4150.55,849.6,4155.9,865.7,4155.9,887.55,4149.65,909,4134,929.9,4110.35,946.95,4090.25,953.65,4067.5,955.35,4047.4,949.55,4031.8,939.3,4017.05,925.5,4009,909,4006.35,885.3,4010.35,860.3,4019.75,839.8,4032.25,823.2,4046.5,814.8,4063.5,810.7,4075.1,809.45
3-42,Uninfected,No_comment,Polygon,23,2448.8,1588.2,2450.2,1588.2,2462.85,1591.35,2476.85,1599.5,2483.65,1605.8,2491.35,1618.5,2496.35,1629.8,2499.5,1645.2,2497.7,1662.4,2488.2,1681.4,2475.95,1694,2460.15,1703.1,2438.4,1709,2419.85,1705.8,2403.1,1697.25,2388.65,1681.4,2381.4,1668.7,2379.15,1649.7,2382.75,1626.65,2391.35,1610.35,2404.95,1598.15,2422.55,1592.7,2437.5,1589.1
3-43,Uninfected,No_comment,Polygon,20,2523.95,1687.7,2533.45,1685,2545.2,1681.95,2563.75,1682.3,2585.85,1689.45,2595.85,1694.95,2605.85,1705.7,2613.5,1726.95,2614.85,1747.8,2608.95,1770.45,2594.95,1790.75,2576.8,1799.45,2553.35,1801.7,2531.6,1798.15,2514.95,1787.7,2502.2,1769.45,2495.95,1749.2,2494.95,1723.45,2501.4,1709.9,2508.15,1698.45
3-44,Uninfected,No_comment,Polygon,22,2647,1574.15,2655.15,1574.15,2671.9,1576.4,2685.9,1582.25,2692.65,1589.5,2700.8,1603.05,2704.9,1622.5,2704.9,1646.95,2699,1673.2,2689.95,1686.75,2677.75,1699.45,2661.45,1709.35,2645.2,1711.65,2626.2,1708.5,2613.1,1698.15,2603.1,1681.8,2595.45,1665.5,2590.95,1644.7,2592.7,1619.8,2603.6,1595.8,2613.1,1584.5,2624.45,1577.25
3-45,Uninfected,No_comment,Polygon,22,2814.4,1391.35,2827.55,1393.15,2843.85,1398.6,2857.9,1406.3,2869.15,1418.05,2876.9,1436.15,2881.85,1454.25,2882.8,1477.3,2874.15,1501.75,2855.65,1517.6,2837.95,1524.4,2811.25,1523.95,2790.45,1515.35,2779.6,1509.45,2765.1,1496.8,2755.65,1476.85,2751.05,1457.85,2750.65,1438.85,2756.5,1418.95,2767.4,1405.4,2780.95,1396.8,2794.55,1393.6
3-46,Uninfected,No_comment,Polygon,23,2396,1172,2404,1169,2417,1169,2436,1170,2450,1174,2463,1180,2476,1196,2482,1217,2482,1238,2475,1255,2467,1269,2447,1287,2427,1298,2410,1301,2389,1299,2373,1291,2358,1277,2347,1258,2343,1239,2344,1218,2353,1200,2367,1186,2381,1179
3-47,Uninfected,No_comment,Polygon,22,2537,854,2548,854,2568,859,2582,864,2594,876,2603,889,2610,905,2610,926,2602,950,2590,964,2578,975,2559,982,2539,983,2522,979,2507,972,2494,961,2485,947,2478,926,2479,906,2485,885,2496,873,2515,861
3-48,Uninfected,No_comment,Polygon,25,2615,1068,2625,1068,2638,1067,2654,1069,2670,1074,2681,1082,2694,1095,2704,1114,2708,1131,2707,1148,2701,1166,2687,1181,2674,1195,2654,1204,2638,1207,2615,1204,2596,1196,2581,1184,2573,1170,2565,1149,2565,1121,2572,1100,2582,1086,2595,1077,2601,1072
3-49,Uninfected,No_comment,Polygon,36,2453,1357,2458,1357,2466,1358,2477,1360,2486,1361,2497,1367,2507,1374,2514,1381,2520,1391,2524,1400,2526,1415,2524,1425,2520,1435,2516,1442,2509,1455,2504,1464,2497,1470,2491,1475,2481,1482,2466,1485,2450,1487,2441,1487,2429,1486,2417,1480,2408,1473,2402,1462,2396,1447,2393,1437,2393,1422,2396,1404,2401,1391,2408,1378,2415,1368,2424,1360,2434,1358,2444,1358
3-50,Uninfected,No_comment,Polygon,23,2965.05,1697.8,2971.9,1697.8,2985.1,1697.8,3002,1704.65,3013.45,1714.25,3020.3,1724.75,3027.15,1739.35,3030.35,1762.2,3027.6,1776.8,3022.55,1790.95,3008.85,1805.1,2988.75,1817,2967.3,1819.75,2949.95,1817.45,2932.6,1809.7,2922.1,1797.35,2915.25,1785.95,2909.75,1771.3,2907.95,1753.05,2911.6,1737.05,2919.35,1719.7,2930.3,1708.75,2941.75,1702.35
3-51,Uninfected,No_comment,Polygon,22,2950.5,1365.85,2956.75,1365.3,2970.95,1365.3,2986.9,1372.1,2996.55,1380.65,3005.65,1397.1,3007.9,1409.05,3010.75,1427.8,3010.75,1440.85,3006.75,1455.65,2998.25,1467.55,2989.15,1479.5,2976.65,1486.3,2959.05,1490.85,2943.15,1492,2923.8,1483.5,2911.3,1476.1,2898.8,1450.5,2895.4,1433.5,2901.65,1405.65,2911.9,1386.3,2926.1,1373.25
3-52,Uninfected,No_comment,Polygon,23,3066.4,1344.85,3070.4,1344.85,3078.9,1343.15,3092,1343.15,3106.2,1348.25,3117.55,1355.65,3126.65,1365.3,3135.15,1379.5,3141.4,1395.4,3143.7,1409.6,3142.55,1424.95,3138,1438.6,3130.65,1451.65,3114.7,1467.55,3102.2,1471,3080.65,1473.25,3064.15,1468.7,3044.25,1459.05,3033.45,1443.15,3027.2,1422.1,3027.2,1391.45,3038.6,1364.75,3053.35,1349.95
3-53,Uninfected,No_comment,Polygon,21,3230.65,1448.8,3237.45,1448.8,3254.5,1447.1,3267.55,1447.1,3294.85,1457.9,3305.65,1471.55,3311.9,1482.9,3317,1501.65,3317,1517,3307.35,1543.15,3295.4,1559.6,3278.35,1571,3260.15,1580.05,3232.9,1581.2,3212.45,1573.25,3192,1557.35,3180.05,1534.05,3180.05,1498.8,3188,1474.4,3200.5,1462.45,3212.45,1454.5
3-54,Uninfected,No_comment,Polygon,23,3214.15,1184.05,3223.25,1185.2,3240.85,1195.4,3255.6,1205.65,3265.25,1226.65,3266.45,1241.45,3265.85,1257.9,3259.6,1273.8,3252.25,1289.15,3237.5,1302.8,3221.5,1310.2,3207.3,1315.3,3191.45,1317.55,3172.1,1315.3,3155.05,1307.9,3143.1,1297.7,3132.3,1277.8,3128.95,1256.8,3131.8,1234.05,3142.55,1213.05,3153.35,1198.25,3172.7,1189.15,3184,1184.6
3-55,Uninfected,No_comment,Polygon,25,3347.7,1076.1,3355.65,1075.55,3375,1077.8,3389.75,1081.2,3402.25,1088.05,3413.05,1098.8,3421.5,1111.3,3428.95,1137.45,3428.35,1155.05,3419.8,1174.95,3408.5,1190.3,3389.75,1201.65,3372.7,1208.5,3352.25,1213.05,3330.65,1209.05,3310.2,1198.8,3297.1,1185.75,3288.05,1171,3283.5,1152.25,3283.5,1129.5,3291.45,1106.8,3303.35,1091.45,3317.55,1082.9,3324.4,1079.5,3333.5,1076.65
3-56,Uninfected,No_comment,Polygon,23,3156.8,943.7,3164.75,943.7,3181.25,945.4,3205.6,952.25,3217.55,959.6,3226.05,974.4,3230.6,988.05,3231.8,1003.95,3227.75,1028.35,3219.3,1042,3206.8,1057.9,3195.4,1066.45,3180.05,1072.7,3159.6,1077.25,3142,1074.4,3123.8,1065.3,3107.3,1046,3100.55,1025.55,3100,1004.5,3105.05,977.8,3115.85,962.45,3130.05,952.8,3139.75,947.7
3-57,Uninfected,No_comment,Polygon,21,2926.1,1030.05,2936.3,1030.05,2952.8,1030.05,2969.85,1036.9,2982.35,1046,2991.4,1059.05,2998.8,1077.25,2998.8,1102.25,2991.4,1124.95,2978.35,1144.3,2961.9,1155.05,2947.65,1160.2,2923.8,1163.05,2902.8,1156.2,2884.6,1144.85,2873.25,1128.35,2864.7,1102.25,2869.25,1076.65,2880.05,1057.9,2894.85,1043.15,2910.15,1034.6
3-58,Uninfected,No_comment,Polygon,26,2740.85,1102.8,2751.65,1101.7,2772.65,1104.5,2786.9,1111.3,2797.65,1121,2802.15,1128.95,2811.2,1144.3,2813.5,1155.05,2814.05,1169.3,2812.9,1181.75,2807.8,1196.55,2797.55,1212.45,2782.9,1221,2773.8,1227.25,2760.75,1230.05,2744.85,1234.05,2727.2,1232.9,2713.05,1226.65,2698.85,1214.75,2688.6,1195.4,2683.2,1183.9,2680.95,1167.4,2684.85,1145.25,2695.1,1128.2,2707.95,1115.8,2723.3,1105.05
3-59,Parasitized,No_comment,Polygon,26,2805.1,1253.95,2812.55,1260.2,2822.15,1269.85,2827.8,1281.2,2832.35,1298.8,2832.95,1310.75,2832.35,1324.4,2828.4,1338.6,2821.05,1352.2,2809.65,1361.9,2793.15,1370.4,2777.8,1372.7,2761.9,1372.1,2747.75,1368.15,2733.55,1360.2,2723.85,1350.5,2713.1,1337.45,2704.55,1314.15,2705.65,1298.25,2712.55,1277.2,2720.45,1264.7,2730.1,1253.95,2746.55,1247.1,2764.8,1243.7,2780.65,1243.7,2792.6,1245.4
3-60,Uninfected,No_comment,Polygon,24,2440.4,687.4,2445.55,688.55,2458.8,693.75,2470.3,699.45,2481.2,709.8,2490.4,721.3,2497.3,738.55,2499.6,751.2,2500.75,769,2497.3,789.15,2490.95,801.2,2480.05,811.55,2461.65,815.55,2443.85,812.7,2425.45,806.95,2405.35,800.05,2389.25,789.15,2378.9,768.45,2375.45,742,2380.6,722.45,2390.4,706.35,2403.05,692.6,2417.95,687.4,2429.45,686.25
3-61,Uninfected,No_comment,Polygon,29,2289.8,685.1,2292.65,684.55,2303.55,681.1,2317.35,678.8,2333.45,678.8,2346.65,684.55,2356.45,692.6,2367.9,704,2375.95,714.95,2382.35,725.85,2384.15,737.85,2384.05,750.6,2381.2,764.95,2375.4,782.75,2369.65,793.7,2360.45,802.95,2348.4,812.7,2331.7,817.85,2315.05,817.25,2297.3,813.85,2285.2,807.5,2269.1,796.6,2258.75,782.2,2251.85,762.1,2250.7,742.6,2255.3,718.45,2261.65,707.45,2270.25,697.1,2278.3,690.85
3-62,Uninfected,No_comment,Polygon,24,2534.1,558.1,2543.85,559.25,2563.4,563.85,2577.75,572.45,2587.55,584.5,2594.4,595.45,2599.6,610.95,2600.75,628.2,2599,643.7,2595,659.25,2589.25,673.05,2578.9,684.55,2564.55,694.3,2540.4,697.75,2522,697.15,2503.6,689.7,2486.35,676.5,2472,654.65,2467.4,631.1,2469.15,608.1,2475.45,589.7,2489.25,571.9,2503.05,563.85,2512.25,559.25
3-63,Uninfected,No_comment,Polygon,23,2405.9,813.25,2421.45,817.3,2437.5,824.7,2451.9,836.2,2457.65,848.3,2463.95,869.6,2466.25,886.8,2462.8,907.5,2453.6,920.15,2442.1,931.1,2432.35,939.65,2413.4,942.6,2392.1,938.5,2373.15,932.8,2357.05,923.05,2345.55,905.8,2340.4,886.8,2339.25,866.15,2343.85,847.15,2354.2,830.45,2368.55,819.6,2384.05,814.4,2395,813.25
3-64,Uninfected,No_comment,Polygon,24,2771,524.1,2781.05,525.65,2798.15,530.65,2814.75,540.2,2821.25,551.25,2826.3,565.35,2829.3,577.9,2829.3,599.5,2826.3,609.55,2820.75,624.15,2814.75,637.2,2803.2,651.25,2784.6,661.3,2769,667.35,2747.9,668.85,2727.8,664.35,2709.2,653.35,2696.65,632.65,2693.1,610.55,2697.15,579.9,2707.2,560.3,2718.75,543.2,2737.85,530.15,2753.95,524.1
3-65,Uninfected,No_comment,Polygon,26,3700.2,1039.75,3706.75,1039.75,3726.35,1043.8,3739.9,1049.3,3750.45,1058.85,3757.5,1071.9,3762.05,1085,3764.55,1099.55,3762.05,1118.65,3758,1135.25,3749.95,1149.8,3737.4,1161.4,3726.85,1170.95,3708.25,1178.95,3689.15,1182,3660.5,1178.95,3640.9,1170.4,3626.85,1151.85,3621.8,1131.75,3621.8,1108.1,3628.85,1084.5,3638.4,1065.4,3652.5,1052.3,3665.55,1045.3,3680.6,1039.25,3690.65,1038.75
3-66,Uninfected,No_comment,Polygon,24,3824.35,1079.95,3836.9,1077.45,3855,1076.45,3877.1,1080.95,3895.7,1090.5,3904.75,1100.55,3910.8,1119.65,3913.25,1136.25,3909.8,1152.85,3903.7,1168.4,3892.2,1184,3876.1,1196.55,3859.55,1201.1,3841.45,1202.6,3821.85,1201.1,3804.7,1195.55,3788.65,1181,3780.05,1163.9,3777.6,1139.25,3781.15,1120.15,3789.15,1104.6,3796.7,1093.55,3805.25,1086,3811.8,1083
3-67,Uninfected,No_comment,Polygon,28,3825.85,1219.65,3839.35,1221.2,3856.5,1222.2,3879.05,1234.75,3888.15,1251.35,3893.2,1262.4,3897.7,1276.95,3898.65,1294.05,3897.2,1310.65,3894.7,1326.2,3888.15,1336.75,3876.1,1352.85,3865.05,1360.9,3853.5,1368.45,3835.9,1372.45,3823.35,1373.45,3808.75,1371.45,3791.2,1363.9,3777.1,1353.35,3767.55,1342.8,3759,1322.2,3756.5,1297.05,3759,1274.95,3767.05,1254.85,3781.15,1239.8,3792.7,1232.75,3802.75,1228.2,3812.8,1223.2
3-68,Uninfected,No_comment,Polygon,27,3989.7,1221.7,3996.2,1217.15,4008.8,1213.65,4021.8,1211.65,4037.45,1213.15,4055.5,1218.65,4067.1,1225.7,4080.65,1241.8,4086.7,1252.35,4088.7,1268.9,4083.15,1292.55,4073.6,1311.65,4065.05,1324.7,4054.5,1334.75,4036.85,1344.3,4019.35,1347.8,4004.25,1348.85,3988.2,1349.85,3967.5,1342.8,3954,1332.75,3943.95,1319.2,3938.4,1300.1,3938.95,1275.95,3946.95,1255.85,3955.5,1242.3,3969.1,1231.75,3982.15,1225.2
3-69,Uninfected,No_comment,Polygon,23,3612.7,914.15,3619.8,914.15,3641.4,915.6,3655,923.2,3666.05,935.2,3674.1,950.75,3679.1,963.9,3679.6,979.95,3677.55,994,3666.05,1015.6,3654.5,1028.25,3639.4,1037.75,3624.35,1042.25,3602.2,1043.25,3580.65,1037.25,3563.05,1025.65,3554.45,1010.1,3549.95,989,3549.95,970.4,3559.45,943.25,3572.1,931.2,3585.7,922.65,3599.7,916.1
3-70,Uninfected,No_comment,Polygon,30,3506.75,874.45,3512.3,878.9,3519.3,884.5,3527.85,895.05,3534.9,906.55,3540.45,921.65,3540.95,935.2,3538.9,950.3,3535.9,970.9,3530.4,984.45,3521.35,1000.05,3508.75,1011.1,3492.2,1017.7,3474.1,1020.65,3455,1018.2,3436.4,1013.6,3419.8,1003.1,3407.75,986.95,3401.7,970.4,3398.7,957.3,3398.7,939.3,3401.2,921.15,3408.75,900.55,3416.8,889,3425.85,879.5,3437.4,872.4,3453.5,865.85,3466.55,864.9,3479.1,864.9,3495.2,868.35
3-71,Uninfected,No_comment,Polygon,23,3413.25,1566.4,3426.85,1566.95,3442.4,1570.9,3464.05,1585,3474.1,1598.6,3478.6,1614.65,3482.1,1638.8,3478.6,1653.85,3469.05,1671.95,3458,1684,3440.4,1694.55,3418.8,1699.05,3397.2,1699.6,3377.6,1694.55,3358,1684.45,3343.4,1669.95,3334.85,1647.85,3330.35,1622.2,3335.9,1603.6,3347.45,1589.05,3363,1577,3383.1,1569.45,3395.7,1566.4
3-72,Uninfected,No_comment,Polygon,23,3555,1544.3,3560,1544.8,3578.6,1547.35,3597.2,1553.35,3607.25,1560.4,3618.3,1573.95,3622.85,1586.55,3626.35,1601.6,3625.35,1618.2,3621.85,1634.75,3614.8,1650.85,3603.25,1661.9,3586.15,1670.45,3570.55,1675.5,3549.45,1675.5,3532.9,1669.95,3516.3,1657.4,3501.7,1636.3,3497.7,1613.65,3503.25,1580,3511.75,1564.4,3524.85,1552.85,3539.9,1545.8
3-73,Uninfected,No_comment,Polygon,26,3620.3,1374.45,3626.85,1373.95,3638.9,1373.4,3655.5,1376.95,3666.05,1382.5,3676.1,1393.05,3682.15,1401.1,3688.15,1415.65,3689.15,1426.7,3686.65,1439.8,3681.65,1455.35,3672.6,1468.95,3665.05,1475.95,3648.95,1483,3629.85,1486,3615.3,1484.5,3601.75,1479,3588.65,1472.4,3577.1,1462.35,3572.6,1448.35,3571.55,1430.25,3575.1,1408.05,3582.65,1397.05,3591.65,1387.5,3601.2,1381.5,3608.75,1377.45
3-74,Uninfected,No_comment,Polygon,24,3439.4,1776.5,3448.95,1777.95,3462,1780.5,3482.1,1790.05,3493.65,1799.1,3499.65,1813.2,3505.75,1832.8,3506.25,1848.35,3502.7,1863.95,3493.15,1880,3479.55,1895.1,3469.5,1902.65,3452.95,1908.15,3433.85,1908.65,3418.8,1904.65,3401.2,1895.6,3387.65,1880.5,3380.1,1863.95,3377.1,1844.35,3380.55,1817.2,3391.65,1797.55,3402.2,1786.05,3414.75,1779.5,3424.8,1777.5
3-75,Uninfected,No_comment,Polygon,24,3666.05,1714.7,3669.55,1714.7,3684.65,1714.7,3704.25,1719.2,3716.25,1725.75,3723.35,1734.3,3728.35,1748.85,3731.3,1762.9,3730.35,1781.5,3727.85,1791.05,3718.8,1804.15,3708.25,1815.7,3694.7,1825.25,3679.1,1830.25,3664.05,1832.8,3646.9,1833.3,3631.85,1830.25,3615.3,1819.2,3607.25,1801.1,3606.75,1780.5,3611.25,1756.9,3621.8,1736.8,3633.9,1726.75,3645.95,1719.7
3-76,Uninfected,No_comment,Polygon,25,3774.1,1797.1,3780.05,1798.6,3790.6,1798.6,3811.3,1804.65,3821.85,1811.15,3830.4,1819.7,3838.9,1832.2,3842.95,1843.85,3843.45,1857.9,3840.95,1871.9,3831.9,1888.05,3815.8,1902.15,3795.15,1912.2,3777.6,1916.7,3758.5,1916.15,3737.9,1908.65,3724.85,1897.6,3715.3,1880.5,3709.75,1858.9,3711.7,1840.3,3716.25,1827.2,3727.35,1812.6,3743.95,1804.15,3757.5,1799.6,3765.5,1798.6
3-77,Uninfected,No_comment,Polygon,22,3455.35,1946.5,3463.7,1950.9,3475.8,1957,3486.85,1965.75,3495.75,1978,3501.85,1992.85,3505.15,2008.35,3502.9,2029.35,3494.1,2045.4,3476.35,2059.75,3465.3,2065.85,3442.65,2068.05,3423.9,2065.3,3404,2058.05,3384.7,2044.3,3371.95,2019.9,3369.8,1994.55,3375.3,1973,3386.9,1956.45,3400.65,1948.65,3422.8,1944.3,3437.7,1944.3
3-78,Uninfected,No_comment,Polygon,24,3600.15,1938.7,3608.4,1938.7,3625.55,1943.05,3638.8,1950.3,3652.05,1965.7,3660.9,1977.95,3664.8,1998.3,3664.15,2017.7,3658.15,2039.8,3650.4,2050.9,3632.7,2065.8,3616.15,2074.65,3592.4,2079.55,3570.9,2078.55,3553.7,2068.55,3538.85,2055.3,3526.7,2034.9,3520.6,2011.15,3525,1985.7,3538.35,1967.45,3552.6,1953.65,3565.9,1945.85,3577.5,1940.4,3585.75,1939.8
3-79,Uninfected,No_comment,Polygon,22,3430,2082.95,3447.1,2085.15,3465.3,2090.65,3482.45,2101.7,3489.65,2113.3,3494.65,2127.7,3496.85,2149.8,3494.65,2168,3487.4,2183.5,3474.75,2196.8,3458.15,2206.15,3439.95,2208.95,3412.85,2208.4,3387.4,2196.8,3368.65,2176.35,3359.8,2158.05,3359.8,2131.6,3363.15,2112.25,3374.75,2096.7,3390.2,2086.85,3402.35,2081.85,3419.5,2082.4
3-80,Uninfected,No_comment,Polygon,22,3273.05,2040.4,3277.45,2040.4,3289.6,2043.2,3302.35,2050.35,3313.4,2062.5,3321.65,2075.15,3322.2,2093.45,3319.5,2114.4,3310.6,2126.6,3297.95,2139.3,3283.55,2147,3263.7,2151.95,3239.9,2150.9,3225,2142.1,3209.55,2129.85,3199.6,2113.85,3197.95,2089.6,3201.2,2068.6,3211.2,2052.55,3227.2,2043.2,3241.05,2039.3,3259.25,2039.85
3-81,Uninfected,No_comment,Polygon,25,3755.95,1972.45,3769.8,1975.2,3788,1979.65,3807.35,1995.65,3817.8,2008.35,3824.5,2024.9,3828.3,2041.5,3828.3,2064.65,3822.8,2081.85,3810.1,2099.55,3793,2109.5,3773.6,2117.2,3757.05,2117.75,3737.75,2115.55,3719.5,2108.3,3704.05,2097.25,3687.45,2079.6,3681.4,2054.25,3680.25,2027.15,3686.9,2006.15,3695.7,1992.3,3709.55,1984.05,3721.7,1977.45,3733.85,1973.55,3742.15,1972.45
3-82,Uninfected,No_comment,Polygon,21,3142.9,1919.45,3153.65,1919,3180,1928.75,3190.75,1938.45,3200,1949.65,3210.75,1971.2,3213.65,1987.3,3212.2,2007.3,3203.4,2031.2,3182.45,2047.7,3164.4,2053.15,3144.85,2053.55,3125.85,2045.35,3108.3,2030.2,3098.05,2016.05,3089.25,1994.55,3087.8,1970.65,3092.2,1949.65,3102.45,1933.55,3112.7,1926.3,3122.9,1920.4
3-83,Uninfected,No_comment,Polygon,26,2897.5,2091.7,2903.4,2093.15,2917.05,2100,2928.25,2107.85,2938.45,2121.45,2942.9,2133.15,2946.75,2147.85,2947.3,2163.9,2944.35,2180.5,2936.5,2196.6,2923.9,2211.7,2907.75,2221,2884.8,2226.35,2868.7,2226.35,2849.7,2219,2831.65,2204.4,2816.5,2186.35,2809.25,2164.9,2809.25,2138.05,2814.15,2121.95,2824.8,2106.85,2832.2,2100,2844.8,2095.1,2858.05,2090.75,2871.65,2089.75,2882.9,2089.75
3-84,Uninfected,No_comment,Polygon,23,3230.25,2219,3243.4,2221,3258.05,2229.75,3269.7,2241.45,3279,2251.7,3287.3,2265.9,3288.7,2282.45,3286.75,2297.55,3285.8,2310.25,3277.5,2328.85,3267.75,2343.9,3250.65,2352.2,3231.2,2357.55,3211.2,2356.1,3192.2,2349.75,3171.2,2331.7,3160.95,2310.75,3157.05,2285.9,3160.45,2258.55,3174.15,2236.6,3188.25,2224.4,3200.95,2221,3213.6,2219.5
3-85,Uninfected,No_comment,Polygon,28,3088.7,2150.75,3098.45,2146.35,3113.6,2142.45,3127.75,2139,3131.7,2141.6,3133.55,2145.35,3132.2,2152.65,3131.65,2160.5,3136.5,2170.75,3142.9,2184.4,3147.75,2199,3145.35,2213.65,3140.45,2231.65,3140.45,2243.9,3142.9,2258.05,3143.9,2271.65,3140,2281.9,3128.25,2287.8,3110.65,2291.65,3092.6,2290.25,3078.1,2282.4,3064.85,2269.75,3052.2,2250.25,3044.4,2230.25,3044.4,2209.75,3051.7,2184.9,3065.85,2167.3,3073.65,2157.55
3-86,Uninfected,No_comment,Polygon,21,2545.85,2332.15,2559,2332.15,2571.65,2336.55,2582.9,2344.3,2592.65,2354.55,2600.9,2374.05,2600.9,2389.7,2597.05,2409.7,2590.25,2428.2,2578.55,2441.4,2554.65,2454.05,2539.05,2454.55,2519.55,2452.65,2501.95,2444.9,2488.8,2426.8,2483.95,2409.2,2482.45,2380.4,2493.2,2357.55,2507.85,2342.4,2522.95,2334.55,2532.2,2332.15
3-87,Uninfected,No_comment,Polygon,23,2485.85,2199.5,2489.25,2197.6,2499.5,2193.7,2509.25,2192.2,2520.5,2194.6,2532.65,2203.9,2540.5,2215.05,2545.85,2229.25,2552.15,2242.9,2557.55,2259,2562.9,2274.55,2565.35,2286.8,2560.5,2300.9,2548.3,2311.15,2534.15,2317.55,2513.15,2319.05,2491.65,2310.75,2474.7,2299.9,2462.45,2279.9,2460.05,2253.65,2462.95,2233.65,2469.3,2215.55,2475.1,2207.3
3-88,Uninfected,No_comment,Polygon,21,2736.6,2261.45,2746.35,2260.45,2767.3,2265.35,2784.4,2273.15,2796.6,2288.75,2803.9,2304.85,2804.85,2325.35,2803.9,2338.5,2794.65,2365.9,2777.55,2380.55,2755.1,2388.85,2733.2,2387.3,2710.7,2381.95,2687.85,2369.25,2675.6,2353.65,2669.3,2328.25,2673.2,2303.4,2682.45,2286.8,2694.7,2273.65,2711.2,2264.85,2720.95,2261.95
3-89,Uninfected,No_comment,Polygon,20,2826.35,2380.45,2840.5,2380.45,2859.5,2386.3,2876.6,2396.55,2883.9,2408.75,2888.75,2426.3,2891.15,2441.95,2887.3,2464.35,2880.9,2480.95,2864.4,2497.55,2847.3,2505.85,2827.3,2510.2,2806.35,2509.25,2783.45,2492.15,2771.2,2474.1,2761.95,2451.2,2764.45,2417.55,2776.1,2399.95,2791.2,2389.25,2809.8,2383.9
3-90,Uninfected,No_comment,Polygon,23,2639.5,2158.5,2649.75,2158.5,2665.8,2163.9,2679,2172.65,2686.3,2183.9,2691.25,2196.55,2694.65,2211.15,2695.25,2230.15,2691.3,2247.3,2681.9,2264.4,2666.4,2281.4,2643.9,2291.3,2623.95,2295.15,2606.85,2289.75,2588.25,2281.5,2573.6,2264.8,2566.85,2240.9,2569.25,2216.05,2578.1,2191.15,2591.7,2175.05,2604.85,2164.8,2618.1,2159.9,2625.35,2158.5
3-91,Uninfected,No_comment,Polygon,23,2118.1,2273.05,2124.6,2271.9,2148.5,2277.15,2161.95,2284.75,2170.15,2296.45,2176.6,2311.05,2179.5,2325.7,2178.35,2348.5,2167.8,2368.95,2160.2,2384.75,2143.25,2404.05,2123.95,2412.25,2105.8,2415.75,2087.1,2413.4,2069.6,2406.4,2051.45,2393.5,2042.65,2371.3,2044.4,2341.5,2049.7,2315.75,2060.8,2297.6,2073.05,2283,2088.85,2276.55,2101.15,2273.65
3-92,Uninfected,No_comment,Polygon,21,2235.05,2354.35,2240.3,2354.35,2259.55,2355.5,2278.85,2364.3,2287.65,2372.4,2301.1,2394.1,2305.2,2409.9,2301.7,2428.05,2294.75,2450.85,2281.85,2470.65,2266,2482.45,2245.55,2487.65,2225.7,2490,2199.95,2483,2180.65,2467.8,2168.4,2445.55,2167.2,2415.75,2175.4,2390.6,2189.45,2375.4,2207,2361.9,2219.25,2355.5
3-93,Uninfected,No_comment,Polygon,21,2362.55,2264.85,2369,2264.3,2385.35,2265.45,2401.75,2272.45,2413.4,2284.75,2421.6,2298.2,2423.95,2318.65,2424.6,2334.45,2417.5,2350.85,2408.75,2369.55,2393.55,2387.1,2373.65,2398.2,2354.95,2404.05,2334.5,2399.35,2312.85,2380.65,2302.9,2361.95,2299.95,2336.2,2306.4,2311.05,2318.7,2289.45,2335.65,2273.65,2345.6,2268.4
3-94,Uninfected,No_comment,Polygon,19,2390.05,2530.95,2393.55,2529.2,2415.1,2529.2,2433.3,2535.6,2447.8,2545.5,2458.2,2568.95,2461.3,2586.5,2456.1,2615.75,2449.6,2628,2436.85,2646.2,2420.35,2651.45,2401.7,2652.6,2382.5,2647.85,2361.4,2636.2,2348.5,2618.1,2343.25,2588.25,2349.75,2560.75,2360.8,2544.35,2371.3,2536.2
3-95,Uninfected,No_comment,Polygon,20,1910.5,2297.05,1921.05,2302.3,1935.05,2308.75,1947.35,2321,1957.85,2339.15,1961.95,2354.35,1959.05,2378.3,1946.75,2396.45,1934.5,2405.2,1915.2,2410.5,1892.35,2409.9,1873.05,2402.9,1857.85,2390,1844.4,2370.15,1839.15,2346.15,1846.75,2317.5,1856.1,2302.3,1873.05,2298.8,1887.7,2295.85,1897.05,2296.45
3-96,Uninfected,No_comment,Polygon,20,2021.05,2348.5,2025.05,2348.5,2039.15,2349.65,2050.8,2351.9,2066.15,2364.2,2075.4,2380.55,2080.65,2399.9,2082.4,2418.05,2076,2436.8,2067.15,2450.25,2052,2463.05,2029.8,2467.15,2007.05,2468.4,1981.3,2459.55,1969.6,2439.65,1964.3,2410.5,1970.2,2383.55,1983.05,2365.4,1998.25,2354.3,2007.05,2349.65
3-97,Uninfected,No_comment,Polygon,22,1960.8,2477.75,1967.8,2477.75,1980.05,2477.75,1999.4,2487.05,2009.9,2494.65,2018.7,2508.15,2025.05,2520.4,2029.15,2546.15,2018.7,2566.55,2004.7,2587.65,1985.95,2600.55,1961.4,2610.5,1936.8,2614,1911.2,2604.05,1891.25,2590,1883.6,2570.15,1883.6,2543.8,1891.8,2518.65,1904.05,2501.15,1917.55,2490.55,1936.8,2481.25,1946.2,2478.9
3-98,Uninfected,No_comment,Polygon,21,2324.3,2729.15,2335.45,2729.65,2353.3,2738.35,2367.8,2753.8,2379.9,2770.25,2382.8,2789.55,2381.35,2806.45,2378.45,2825.3,2371.2,2839.35,2356.2,2852.35,2337.85,2863,2323.35,2864.95,2302.6,2859.6,2290,2853.8,2275.05,2839.8,2263.95,2818.55,2261.05,2792,2268.3,2766.35,2280.85,2748,2294.85,2737.85,2306.95,2733.5
3-99,Uninfected,No_comment,Polygon,21,2222.85,2577.45,2234.95,2577.95,2251.85,2581.35,2267.3,2591.5,2276,2602.6,2283.25,2624.35,2284.2,2641.25,2281.3,2665.9,2268.3,2687.15,2248,2704.05,2232.05,2711.3,2210.3,2714.2,2188.1,2708.4,2177.95,2701.15,2165.35,2683.75,2159.55,2663.45,2161,2637.4,2172.15,2611.75,2185.2,2594.85,2201.6,2583.75,2211.25,2579.9
3-100,Uninfected,No_comment,Polygon,23,2452.35,2820.5,2459.6,2818.05,2475.05,2816.15,2497.3,2818.55,2513.7,2829.65,2520.95,2844.15,2523.85,2857.2,2525.3,2875.1,2521.9,2897.8,2515.65,2912.75,2504.55,2926.75,2496.3,2930.15,2480.35,2929.65,2467.8,2928.2,2450.9,2923.85,2437.85,2920.5,2429.15,2917.6,2422.4,2908.4,2416.6,2890.55,2416.1,2871.2,2418.55,2853.35,2428.7,2835.95,2438.35,2827.75
3-101,Uninfected,No_comment,Polygon,22,1698.9,1234.7,1705.65,1236.4,1720.75,1242.55,1736.95,1257.6,1745.9,1271.6,1749.8,1286.65,1746.95,1302.85,1740.8,1320.75,1727.4,1339.75,1711.25,1349.25,1692.2,1356.5,1669.35,1360.95,1650.3,1360.4,1635.8,1354.25,1619.05,1343.65,1605.6,1326.9,1600.6,1302.3,1605.1,1277.75,1618.45,1255.95,1639.15,1241.4,1662.65,1233.6,1683.3,1232.45
3-102,Uninfected,No_comment,Polygon,21,1527.45,1288.9,1541.35,1283.3,1559.3,1277.75,1576.05,1277.75,1592.25,1281.65,1606.1,1289.95,1617.85,1300.6,1621.2,1316.25,1618.4,1334.65,1612.9,1350.35,1605.1,1364.3,1588.35,1375.5,1571.55,1384.45,1545.85,1390.6,1524.1,1391.7,1504.5,1385.55,1487.75,1369.35,1479.95,1350.35,1482.75,1326.35,1497.8,1305.1,1514,1295.05
3-103,Uninfected,No_comment,Polygon,20,1426.3,1170.45,1430.2,1170.45,1458.1,1176.6,1475.45,1186.65,1484.4,1199.5,1492.8,1215.15,1496.65,1231.9,1496.65,1250.35,1486.6,1268.8,1470.45,1285,1453.7,1294.5,1431.9,1297.85,1412.35,1293.95,1392.8,1284.45,1376.6,1268.8,1367.1,1244.75,1367.1,1217.4,1373.25,1197.85,1386.65,1182.75,1406.2,1172.15
3-104,Uninfected,No_comment,Polygon,22,1535.8,1458.2,1539.15,1457.65,1555.35,1457.65,1576.55,1461,1591.7,1469.35,1605.6,1483.9,1610.1,1497.85,1612.9,1516.3,1611.25,1535.3,1606.2,1557.05,1589.4,1577.75,1569.9,1590.05,1548.05,1593.4,1524.1,1592.85,1499.45,1584.45,1483.8,1571.05,1472.1,1552.6,1465.95,1526.35,1476.05,1497.85,1491.1,1473.85,1507.3,1465.45,1519,1461
3-105,Uninfected,No_comment,Polygon,23,1397.25,1450.9,1407.85,1452.05,1427.4,1458.75,1440.25,1472.7,1448.65,1485.55,1454.75,1505.1,1453.1,1521.9,1452,1535.3,1446.4,1549.25,1431.9,1562.65,1409.5,1573.3,1387.15,1576.05,1372.1,1573.3,1352.55,1565.45,1338.05,1555.4,1335.25,1534.75,1334.1,1512.4,1335.25,1491.7,1334.7,1473.25,1342.45,1465.45,1353.1,1459.85,1366.55,1454.25,1381.6,1450.9
3-106,Uninfected,No_comment,Polygon,21,2775.9,2525.2,2787.7,2527,2803.7,2532.5,2817.9,2543.45,2825.65,2553.5,2829.7,2569.5,2834.25,2588.65,2831.95,2606,2822.9,2619.25,2809.2,2630.65,2787.7,2639.8,2770.85,2641.15,2751.25,2639.35,2731.6,2628.4,2718.35,2614.7,2708.75,2591.85,2710.2,2556.7,2721.1,2541.15,2736.6,2529.75,2753.5,2524.8,2762.65,2524.8
3-107,Uninfected,No_comment,Polygon,21,3028.85,2653.95,3036.2,2653.95,3048.95,2654.4,3065.4,2663.1,3075,2673.15,3082.75,2688.2,3085.5,2704.65,3082.75,2721.55,3074.6,2741.15,3063.55,2758.05,3047.6,2773.15,3030.25,2782.25,3003.3,2784.1,2979.1,2777.25,2964.95,2761.7,2956.25,2736.6,2959.9,2708.3,2971.35,2683.65,2985.95,2666.75,3004.2,2659,3013.35,2656.25
3-108,Uninfected,No_comment,Polygon,20,2836.15,2774.5,2843.45,2771.3,2855.8,2768.1,2871.85,2771.3,2884.55,2778.6,2892.4,2790.5,2898.75,2801.45,2901.45,2813.8,2898.25,2827.5,2884.55,2844.4,2867.2,2853.05,2848.95,2856.7,2828.4,2853.95,2811.55,2846.2,2796.9,2835.7,2786,2821.55,2790.05,2803.3,2802.85,2790.5,2816.05,2782.25,2823.4,2779.1
3-109,Uninfected,No_comment,Polygon,23,3177.1,2361.65,3185.65,2365.2,3196.05,2370.2,3211.45,2383.05,3218.95,2395.05,3227.35,2410.5,3229.9,2428.9,3228.9,2442.75,3222.95,2458.2,3210.95,2474.65,3193.6,2489.05,3178.15,2493,3151.75,2495.55,3133.4,2491.6,3114,2477.6,3099.05,2457.7,3094.6,2434.35,3093.6,2409,3101,2391.6,3114.5,2373.1,3128.9,2363.15,3145.35,2358.2,3161.2,2358.75
3-110,Uninfected,No_comment,Polygon,22,3359.7,2321.7,3362.85,2322.6,3376.45,2331.2,3389.55,2343.85,3396.35,2359.25,3399.5,2373.7,3401.75,2389.55,3399.5,2406.75,3391.35,2427.15,3377.35,2440.7,3357.9,2450.2,3330.3,2450.6,3309.9,2440.25,3295.45,2427.15,3280.95,2410.4,3276,2389.1,3278.25,2368.7,3284.1,2348.85,3296.35,2332.55,3308.1,2323.05,3323.5,2319,3340.7,2318.1
3-111,Uninfected,No_comment,Polygon,21,3477.35,2323.95,3481.85,2323.95,3500.85,2328.05,3519.85,2337.1,3533.45,2346.15,3544.75,2361.95,3550.65,2385.5,3549.75,2406.75,3542.05,2430.75,3526.65,2448.4,3505.4,2459.25,3483.2,2461.5,3463.75,2459.25,3444.75,2451.1,3430.3,2434.8,3418.05,2410.85,3417.6,2381.9,3425.75,2357.9,3431.65,2342.95,3443.4,2333,3454.7,2328.95
3-112,Uninfected,No_comment,Polygon,25,3587.75,2205.4,3593.6,2205.4,3617.6,2211.75,3631.2,2217.2,3642.95,2227.15,3653.35,2239.8,3661.5,2258.8,3663.3,2273.3,3661.05,2295,3656.95,2311.3,3643.4,2328.95,3622.15,2339.8,3600.4,2345.25,3580.5,2345.25,3563.3,2339.35,3546.1,2328.95,3532.55,2315.35,3523.5,2300,3519.85,2279.15,3519.85,2257.45,3527.1,2234.35,3538.4,2219.45,3549.3,2210.4,3564.2,2205.85,3573.25,2205.85
3-113,Uninfected,No_comment,Polygon,25,3671.9,2334.35,3674.15,2333.9,3686.85,2333,3698.15,2335.25,3711.25,2342.05,3719.4,2348.85,3728,2358.35,3733,2368.7,3736.15,2380.05,3737.05,2394.1,3734.35,2408.1,3727.55,2423.95,3720.3,2437.1,3707.65,2450.2,3687.75,2460.15,3665.1,2463.8,3642.05,2459.25,3628,2452.9,3615.8,2440.25,3610.35,2422.15,3612.65,2396.8,3623.5,2372.85,3635.25,2355.65,3647,2345.25,3656.05,2339.35
3-114,Uninfected,No_comment,Polygon,21,3822.85,2351.1,3830.95,2354.25,3848,2360.1,3862.8,2369.95,3872.2,2382.95,3874.9,2405.8,3874.45,2434.05,3863.25,2450.6,3848.45,2464.05,3822.4,2472.2,3800.9,2469.95,3785.65,2464.95,3774.9,2458.3,3764.55,2448,3752.9,2428.2,3750.2,2410.75,3752,2387.9,3763.25,2370.35,3776.7,2359.65,3792.8,2352.45,3809.85,2351.1
3-115,Uninfected,No_comment,Polygon,28,4004.05,2257.85,4010.75,2259.65,4026.45,2267.25,4041.25,2277.95,4048,2286.55,4053.8,2299.05,4060.1,2315.25,4061,2327.3,4055.6,2344.4,4049.35,2352.45,4041.7,2362.3,4035.45,2370.8,4026.9,2378,4010.75,2384.7,3991.95,2387,3977.6,2385.6,3963.7,2382.95,3944.4,2375.35,3931.4,2364.5,3923.3,2351.1,3919.3,2334.05,3917.5,2310.3,3923.75,2291.45,3935.85,2274,3951.1,2261,3965.3,2255.55,3980.05,2253.3,3992.4,2254.7
3-116,Uninfected,No_comment,Polygon,26,3908.9,2039.45,3913.9,2039.45,3933.15,2043.05,3950.2,2046.65,3965.45,2057.85,3973.5,2069.45,3981.1,2083.8,3987.85,2099.5,3990.1,2126,3987.4,2142.55,3978.45,2160.55,3963.2,2173.55,3945.65,2184.7,3924.65,2189.25,3905.35,2188.35,3884.3,2182.05,3869.05,2173.55,3855.15,2162.3,3843.9,2147.5,3835.85,2130.95,3832.7,2105.35,3838.5,2084.25,3847.5,2067.25,3860.45,2055.55,3876.2,2045.3,3888.7,2041.2
3-117,Uninfected,No_comment,Polygon,20,4029.5,1812.2,4041.75,1814.55,4066.15,1826.25,4080.25,1839.9,4089.6,1857.25,4094.35,1883.1,4090.55,1903.25,4078.8,1923.45,4058.2,1934.7,4029.5,1938.95,4001.8,1936.6,3982.1,1927.7,3962.85,1911.25,3950.65,1891.05,3945,1871.35,3949.25,1846.95,3960.05,1828.15,3975.55,1815.45,3993.35,1809.35,4007.45,1808.45
3-118,Uninfected,No_comment,Polygon,22,4152.55,1879.3,4160.5,1878.4,4177.45,1877.9,4196.2,1884.5,4204.15,1892.95,4213.6,1905.15,4221.55,1919.7,4224.85,1935.2,4223.9,1950.7,4211.7,1974.6,4195.7,1991.05,4178.35,2000,4155.35,2002.3,4137.5,1999.5,4122.5,1993.85,4111.2,1983.55,4099.45,1966.65,4096.2,1943.65,4102.3,1917.35,4113.1,1898.1,4126.7,1886.85,4137.95,1881.2
3-119,Uninfected,No_comment,Polygon,20,4247.5,1651.8,4256.8,1651.8,4279,1662.15,4297.75,1677.95,4305.6,1690.7,4309.05,1706.05,4308.5,1721.3,4298.65,1740.45,4284.85,1758.25,4273.05,1766.65,4249.45,1773.55,4231.65,1773.55,4211.45,1767.55,4193.8,1755.25,4181.4,1740.05,4177.05,1712.95,4185.4,1684.35,4197.7,1667.6,4218.35,1657.75,4230.75,1653.75
3-120,Uninfected,No_comment,Polygon,20,4137.15,1467.1,4145.95,1465.65,4163.75,1465.1,4183.95,1471.05,4203.65,1482.4,4212.95,1498.1,4218.35,1519.35,4216.9,1547.9,4208,1572.55,4186.35,1592.2,4164.25,1603.1,4140.1,1603.1,4122.35,1597.65,4104.1,1586.35,4091.25,1571.5,4083.95,1547.9,4084.9,1517.85,4091.8,1499.15,4102.6,1484.8,4115.45,1473.45
3-121,Uninfected,No_comment,Polygon,22,3981.45,1422.7,3993.75,1420.8,4010.95,1422.3,4032.2,1427.65,4047.9,1437.05,4057.75,1448.35,4066.7,1463.1,4072.55,1482.4,4069.6,1509.9,4062.7,1528.15,4048.45,1548.35,4016.45,1560.7,3996.2,1562.15,3976.55,1561.2,3957.25,1555.25,3940.5,1546.85,3924.25,1528.15,3919.35,1506.05,3923.35,1474.95,3935.6,1451.8,3945.95,1437.55,3963.7,1427.2
3-122,Uninfected,No_comment,Polygon,24,3871.5,1603.35,3880.75,1603.8,3901.6,1612.15,3914.55,1625.55,3924.75,1641.3,3928.9,1659.8,3927.5,1678.8,3924.25,1698.7,3913.15,1716.3,3895.55,1732.95,3880.75,1740.4,3857.6,1744.55,3837.25,1745.45,3819.65,1740.4,3804.8,1731.1,3793.7,1719.1,3783.5,1698.7,3778.9,1674.65,3782.15,1651,3790.45,1631.6,3803.9,1615.85,3826.1,1606.1,3844.15,1601.5,3858.55,1600.5
3-123,Uninfected,No_comment,Polygon,21,1874.75,761.8,1898.45,760.3,1911.35,763.35,1925.8,773.15,1938.65,786.05,1943.3,805.1,1947.45,821.1,1947.95,841.2,1942.3,862.35,1928.9,882.95,1910.85,895.35,1888.7,904.6,1866.5,905.65,1845.4,899.95,1832.5,889.65,1819.6,872.15,1814.95,845.85,1817.05,815.95,1828.9,790.7,1845.9,773.15,1858.25,765.95
3-124,Uninfected,No_comment,Polygon,21,1728.25,2020.4,1738.65,2022.35,1762.4,2033.75,1775.3,2044.65,1786.2,2057,1793.1,2080.8,1791.15,2103.05,1783.2,2118.9,1764.4,2134.25,1740.15,2141.65,1718.25,2144.5,1700.55,2140.2,1675.8,2126.8,1659.45,2111.95,1647.55,2095.15,1640.15,2068.4,1650.05,2047.1,1663.4,2032.25,1678.25,2025.85,1693.1,2021.85,1708.45,2020.9
3-125,Uninfected,No_comment,Polygon,23,1629.25,2127.8,1633.7,2116.45,1641.6,2106.05,1654,2097.1,1675.3,2098.1,1696.1,2102.05,1720.35,2108.5,1738.1,2116.45,1752.45,2124.85,1759.4,2132.25,1765.4,2145.65,1765.4,2168.4,1759.45,2183.25,1747.55,2200.6,1728.75,2213.95,1705,2218.4,1682.2,2216.45,1666.35,2212,1650.05,2204.55,1638.65,2194.65,1629.75,2181.8,1623.8,2162.45,1623.3,2143.65
3-126,Uninfected,No_comment,Polygon,22,1537,1751.8,1543.55,1750.3,1566.95,1751.3,1591.75,1755.8,1607.5,1763.95,1619.25,1778.7,1625.25,1790.8,1627.8,1808.15,1625.75,1829.4,1610,1850.3,1589.25,1864.45,1565.4,1871.05,1541.5,1871.55,1521.75,1867.05,1504.5,1860.9,1489.3,1849.2,1478.1,1830.45,1477.6,1807.05,1482.25,1784.8,1497.95,1767.5,1510.6,1759.95,1519.25,1756.9
3-127,Uninfected,No_comment,Polygon,24,2740.65,1987.15,2747.25,1987.6,2758.8,1991.15,2775.6,2000.85,2790.2,2015,2797.25,2026.15,2803.05,2043.85,2805.7,2058.85,2800.35,2081.4,2790.65,2098.65,2771.6,2113.7,2752.6,2123,2729.15,2124.8,2707,2121.2,2688.4,2112.8,2673.8,2101.3,2661.45,2081.85,2656.55,2060.15,2658.8,2035.8,2670.3,2014.6,2684.9,2000.4,2698.15,1992,2711.45,1987.6,2726.9,1986.7
3-128,Uninfected,No_comment,Polygon,21,3107,2527.7,3116.8,2528.55,3130.2,2534.65,3142.8,2544.75,3151.3,2553.75,3159.4,2569.95,3160.3,2589.1,3159,2606.6,3148.9,2624.45,3131.35,2637.45,3118,2643.15,3102.15,2645.2,3083.45,2643.15,3065.5,2636.3,3053.3,2621.25,3048.45,2601.7,3047.25,2578.1,3056.15,2552.9,3067.55,2539.5,3080.6,2531.8,3092.35,2528.95
3-129,Uninfected,No_comment,Polygon,18,1899.55,1677.25,1904.5,1652.5,1920.35,1631.7,1943.1,1616.85,1967.85,1608.9,1991.65,1607.95,2009.45,1614.35,2025.3,1624.75,2037.7,1641.6,2044.1,1666.3,2038.65,1692.6,2022.8,1713.8,2001.55,1727.75,1975.3,1741.1,1937.2,1742.1,1918.35,1732.7,1905,1721.25,1897.1,1701
3-130,Uninfected,No_comment,Polygon,16,1653.25,2391.65,1658.85,2367.05,1666.85,2350.4,1678.95,2338.85,1694.05,2329.8,1726.15,2329.3,1746.25,2340.85,1760.8,2358,1768.9,2381.05,1772.95,2404.65,1764.9,2424.25,1756.3,2439.85,1732.7,2449.4,1708.05,2454.9,1690.5,2452.4,1652.25,2407.7