174,5312,2988
4-1,Parasitized,No_comment,Polygon,12,1992.9,2537.5,1969.7,2567.85,1953.55,2609.05,1957.2,2648.3,1983.9,2673.3,2023.2,2676.8,2053.55,2659.05,2080.4,2630.35,2092.9,2580.35,2073.2,2537.5,2042.9,2528.65,2014.25,2530.35
4-2,Uninfected,No_comment,Polygon,12,1889.25,2492.85,1866.05,2505.35,1839.25,2535.8,1833.9,2573.3,1833.9,2573.25,1853.55,2610.8,1882.2,2621.55,1925.05,2619.65,1944.7,2598.3,1955.4,2551.9,1944.7,2517.85,1921.4,2498.3
4-3,Uninfected,No_comment,Polygon,11,1851.75,2351.9,1810.75,2375,1780.4,2410.7,1775.05,2448.2,1791.05,2478.65,1819.6,2491.15,1850.05,2485.8,1887.55,2467.85,1905.4,2437.5,1910.75,2400,1887.55,2366.15
4-4,Uninfected,No_comment,Polygon,12,2050.05,2362.5,2014.25,2376.9,1996.4,2416.15,1994.7,2446.5,2014.25,2476.9,2044.7,2494.65,2075.05,2498.3,2105.35,2485.8,2128.55,2457.15,2130.35,2405.35,2110.7,2375,2078.55,2364.4
4-5,Uninfected,No_comment,Polygon,10,2062.55,2659.05,2032.2,2685.8,2017.9,2728.7,2035.7,2764.3,2076.85,2787.5,2105.35,2782.15,2137.55,2760.8,2141.05,2723.3,2125.05,2675,2096.4,2662.5
4-6,Uninfected,No_comment,Polygon,11,2201.85,2610.8,2173.2,2635.8,2157.2,2682.15,2162.55,2719.65,2183.9,2737.5,2217.85,2744.65,2246.5,2739.3,2273.2,2709.05,2280.35,2662.5,2253.55,2619.65,2225.05,2609.05
4-7,Uninfected,No_comment,Polygon,10,2289.35,2466.15,2251.85,2496.55,2235.7,2537.5,2239.35,2582.15,2262.55,2603.65,2292.85,2598.3,2325,2566.15,2342.85,2521.55,2342.85,2485.8,2317.85,2464.4
4-8,Uninfected,No_comment,Polygon,12,2387.5,2776.8,2355.35,2789.3,2335.7,2825.1,2334,2862.6,2344.7,2891.2,2367.85,2912.6,2400,2923.35,2439.35,2923.35,2464.35,2894.65,2475,2846.45,2455.35,2798.3,2416.15,2780.45
4-9,Uninfected,No_comment,Polygon,9,2675,2534.05,2646.5,2559.05,2635.8,2605.35,2641.15,2641.2,2667.85,2667.95,2705.45,2666.5,2732.6,2632.6,2735.95,2580.05,2710.55,2539.35
4-10,Uninfected,No_comment,Polygon,10,2910.55,2547.8,2873.25,2556.3,2856.3,2602,2858,2652.9,2869.9,2681.75,2900.4,2693.6,2937.7,2681.75,2956.35,2651.2,2949.55,2600.35,2937.7,2558
4-11,Uninfected,No_comment,Polygon,9,3007.2,2590.2,2983.45,2608.85,2975,2646.15,2988.55,2678.35,3010.6,2695.3,3042.8,2695.3,3069.9,2668.2,3076.7,2625.8,3054.65,2586.8
4-12,Uninfected,No_comment,Polygon,10,2978.35,2712.25,2949.55,2742.7,2936,2785.15,2947.85,2824.15,2976.7,2841.1,3017.35,2841.1,3046.2,2812.2,3061.45,2764.8,3042.8,2729.2,3008.9,2708.8
4-13,Uninfected,No_comment,Polygon,10,3080.1,2819.05,3046.2,2841.1,3034.3,2880.05,3042.8,2929.25,3075,2961.45,3105.5,2966.5,3141.1,2951.2,3158.05,2907.2,3151.3,2856.35,3119.05,2822.45
4-14,Uninfected,No_comment,Polygon,11,3253,2788.55,3224.15,2800.4,3207.2,2837.7,3212.3,2876.7,3237.75,2902.1,3278.4,2915.6,3308.95,2907.2,3334.35,2885.15,3339.45,2841.1,3312.3,2802.1,3278.4,2793.55
4-15,Uninfected,No_comment,Polygon,11,3256.4,2646.15,3232.65,2661.4,3222.45,2695.3,3239.4,2737.7,3259.75,2766.5,3293.65,2774.95,3325.9,2766.5,3339.45,2737.7,3330.95,2693.6,3320.8,2663.1,3290.3,2642.75
4-16,Uninfected,No_comment,Polygon,11,3412.35,2537.65,3383.5,2546.15,3368.25,2581.7,3376.75,2620.65,3393.7,2652.9,3422.5,2674.95,3461.5,2674.95,3483.55,2652.9,3490.3,2618.95,3468.25,2569.85,3439.45,2544.45
4-17,Uninfected,No_comment,Polygon,11,3551.35,2624.1,3517.45,2641.05,3490.3,2680.05,3483.55,2712.25,3497.1,2747.85,3532.7,2764.8,3571.65,2756.3,3595.4,2734.3,3615.75,2697,3612.35,2656.25,3586.95,2624.1
4-18,Uninfected,No_comment,Polygon,11,2361.35,2290.15,2320.65,2305.35,2279.95,2330.85,2257.95,2368.15,2251.15,2407.1,2268.1,2425.75,2308.8,2434.25,2351.15,2424.1,2385.05,2390.15,2395.25,2352.9,2388.45,2310.5
4-19,Uninfected,No_comment,Polygon,10,2369.8,2229.15,2334.2,2249.5,2310.5,2278.3,2305.4,2310.5,2344.4,2337.6,2398.65,2340.95,2434.25,2317.3,2451.2,2276.6,2444.4,2239.3,2408.8,2227.45
4-20,Uninfected,No_comment,Polygon,11,2430.85,2359.1,2409.8,2367.55,2387.3,2411.2,2388.7,2447.75,2421.1,2481.55,2466.15,2487.25,2491.5,2470.35,2502.75,2440.7,2497.15,2409.8,2476,2377.4,2460.5,2364.65
4-21,Uninfected,No_comment,Polygon,10,2478.85,2298.45,2519.65,2284.45,2564.65,2302.75,2595.7,2339.3,2597.15,2383.05,2573.1,2419.65,2532.35,2428.1,2497,2414,2470.25,2380.2,2464.75,2328.1
4-22,Uninfected,No_comment,Polygon,11,2319.65,2166.15,2304.2,2145,2268.95,2150.65,2222.5,2168.95,2202.75,2209.8,2198.55,2260.5,2219.7,2287.25,2256.3,2301.35,2294.3,2287.25,2315.45,2243.6,2322.4,2192.9
4-23,Uninfected,No_comment,Polygon,11,2097.15,2132.35,2125.3,2111.2,2170.4,2101.35,2208.4,2119.65,2226.7,2157.7,2225.3,2201.35,2199.95,2236.55,2160.5,2254.85,2118.25,2242.2,2090.1,2206.9,2088.7,2167.55
4-24,Uninfected,No_comment,Polygon,12,2609.8,2254.85,2636.55,2228.1,2666.15,2218.25,2691.5,2232.25,2697.15,2267.55,2694.3,2311.2,2684.45,2354.85,2659.1,2371.75,2635.15,2371.75,2604.15,2349.15,2594.3,2304.15,2602.75,2270.35
4-25,Uninfected,No_comment,Polygon,11,2752.05,2254.85,2723.8,2268.95,2705.6,2298.45,2706.9,2339.3,2728.1,2364.65,2753.45,2373.1,2781.65,2373.1,2818.25,2356.2,2837.95,2325.3,2835.15,2292.9,2799.95,2264.65
4-26,Uninfected,No_comment,Polygon,10,2816.85,2381.55,2783.05,2392.9,2759.1,2422.4,2759.1,2464.65,2784.45,2487.25,2815.35,2494.3,2847.85,2481.55,2867.55,2446.4,2864.75,2413.95,2846.4,2387.25
4-27,Uninfected,No_comment,Polygon,10,2014.05,2076,1985.9,2091.5,1964.75,2130.85,1964.75,2171.7,1997.15,2205.5,2029.45,2205.5,2059.1,2187.25,2071.8,2153.45,2067.55,2109.8,2042.2,2087.25
4-28,Uninfected,No_comment,Polygon,11,1764.75,2206.9,1733.75,2213.95,1698.55,2239.3,1688.7,2277.4,1702.8,2311.2,1728.15,2326.7,1767.55,2330.85,1797.15,2321.05,1818.25,2285.85,1812.65,2240.7,1788.7,2215.35
4-29,Uninfected,No_comment,Polygon,12,3042.2,2330.85,3025.3,2323.8,2980.2,2332.25,2939.4,2354.85,2923.8,2388.65,2922.5,2423.8,2942.2,2446.4,2980.2,2457.6,3012.6,2446.4,3045,2416.85,3060.5,2377.4,3054.85,2345
4-30,Uninfected,No_comment,Polygon,11,3004.15,2180.15,2978.8,2191.5,2952.05,2230.85,2954.85,2267.55,2976,2299.95,3016.85,2308.4,3056.3,2301.35,3082.95,2270.35,3088.65,2230.85,3066.05,2197.05,3035.15,2183.05
4-31,Uninfected,No_comment,Polygon,11,1583.05,2074.55,1553.5,2104.2,1549.25,2142.15,1563.35,2167.5,1592.95,2190.05,1636.5,2197.1,1667.55,2188.65,1691.5,2163.3,1694.35,2126.65,1669,2087.3,1621.1,2070.4
4-32,Uninfected,No_comment,Polygon,11,1770.3,1956.25,1740.8,1969,1708.4,1999.9,1691.5,2040.75,1698.55,2075.95,1726.75,2094.35,1761.85,2094.35,1807,2080.2,1840.8,2043.55,1840.8,1998.5,1809.8,1964.7
4-33,Uninfected,No_comment,Polygon,10,1718.3,1856.25,1688.7,1860.55,1647.85,1888.65,1621.1,1929.5,1616.85,1970.4,1640.8,1999.9,1683.05,1992.85,1719.7,1964.7,1739.4,1921.05,1738,1877.45
4-34,Uninfected,No_comment,Polygon,10,2076,1942.15,2037.9,1947.8,2018.25,1974.55,2018.25,2019.7,2042.2,2046.4,2078.85,2057.65,2116.85,2047.8,2133.75,2016.8,2130.95,1977.45,2109.8,1949.2
4-35,Uninfected,No_comment,Polygon,11,2343.6,2029.5,2315.45,2033.7,2284.45,2064.7,2281.65,2094.35,2294.3,2122.45,2319.65,2137.95,2354.9,2153.5,2390.1,2150.6,2412.65,2122.45,2413.95,2081.6,2387.3,2045.05
4-36,Uninfected,No_comment,Polygon,12,1433.85,1832.45,1433.85,1832.45,1453.6,1805.75,1504.3,1801.45,1549.35,1812.8,1569.1,1842.3,1569.1,1866.25,1553.6,1886,1529.65,1902.95,1488.8,1909.9,1445.15,1891.6,1428.25,1862.1
4-37,Uninfected,No_comment,Polygon,11,1507.1,1742.3,1525.4,1709.9,1567.65,1687.35,1612.75,1697.3,1642.35,1722.65,1647.95,1759.2,1633.9,1787.45,1609.95,1804.35,1576.15,1809.9,1535.3,1797.3,1509.95,1771.95
4-38,Uninfected,No_comment,Polygon,11,1438.1,1602.85,1418.35,1632.5,1408.5,1676.1,1421.2,1709.9,1452.2,1728.2,1484.55,1729.7,1519.8,1708.5,1533.85,1670.45,1529.65,1625.4,1504.3,1595.8,1463.45,1595.8
4-39,Uninfected,No_comment,Polygon,10,1749.35,1628.2,1722.6,1652.15,1707.1,1694.4,1718.4,1733.85,1750.8,1756.45,1800.1,1759.2,1822.6,1739.55,1833.9,1693,1819.8,1642.3,1784.6,1624.05
4-40,Uninfected,No_comment,Polygon,10,2084.6,1788.85,2052.2,1797.3,2031.1,1824,2029.65,1863.5,2049.4,1900.05,2083.2,1914.2,2133.9,1907.1,2162.05,1881.75,2167.7,1839.55,2138.15,1802.85
4-41,Uninfected,No_comment,Polygon,9,2091.65,1607.15,2053.6,1624.05,2035.3,1660.6,2045.15,1704.3,2087.4,1725.4,2135.3,1722.65,2166.3,1693,2176.15,1646.55,2146.6,1617
4-42,Uninfected,No_comment,Polygon,11,2304.35,1755.05,2338.15,1722.65,2383.2,1718.35,2429.7,1738.15,2445.2,1756.45,2445.2,1783.15,2435.35,1807.1,2404.35,1832.45,2362.1,1840.9,2314.2,1819.8,2298.7,1784.55
4-43,Uninfected,No_comment,Polygon,11,2524.05,1583.2,2504.35,1600.1,2494.5,1625.4,2500.1,1671.95,2525.45,1698.7,2571.95,1709.9,2617,1700.05,2632.5,1673.35,2629.7,1633.85,2607.15,1611.3,2560.7,1590.25
4-44,Uninfected,No_comment,Polygon,11,2498.7,1695.85,2526.9,1678.95,2571.9,1676.15,2608.55,1707.15,2617,1742.3,2615.6,1767.65,2590.25,1794.4,2559.3,1798.7,2524.05,1787.45,2494.5,1756.45,2487.45,1728.2
4-45,Uninfected,No_comment,Polygon,13,2443.8,1815.55,2418.4,1836.75,2405.75,1869.05,2418.4,1901.45,2439.55,1925.4,2467.7,1940.9,2507.15,1947.95,2533.9,1922.65,2553.65,1886,2550.8,1850.75,2526.9,1821.25,2498.7,1805.75,2477.6,1805.75
4-46,Uninfected,No_comment,Polygon,11,2367.7,1638.1,2381.8,1614.2,2408.55,1595.8,2445.2,1600.1,2477.6,1617,2486.05,1649.4,2479,1691.6,2450.8,1716.95,2422.65,1715.6,2390.25,1702.85,2363.5,1673.35
4-47,Uninfected,No_comment,Polygon,12,2379,1538.05,2355.05,1559.2,2343.75,1590.25,2342.35,1622.65,2362.1,1643.7,2398.65,1656.45,2426.85,1649.4,2446.6,1622.7,2460.7,1594.4,2459.25,1560.6,2435.35,1539.55,2409.95,1531.1
4-48,Uninfected,No_comment,Polygon,13,2664.9,1904.35,2633.95,1909.9,2604.35,1936.75,2597.3,1970.55,2611.4,2000.05,2639.55,2016.95,2670.55,2019.85,2670.55,2019.85,2708.6,2016.95,2731.1,1997.25,2745.2,1967.65,2738.15,1935.25,2702.95,1907.1
4-49,Uninfected,No_comment,Polygon,11,2576.2,2035.35,2546.6,2050.75,2525.45,2081.75,2526.9,2115.55,2546.6,2138.1,2579,2156.4,2617,2149.35,2636.75,2128.3,2649.4,2090.2,2639.55,2057.8,2607.15,2038.15
4-50,Uninfected,No_comment,Polygon,11,2721.25,2074.7,2702.95,2088.8,2686.05,2119.85,2690.25,2155,2710,2180.35,2739.55,2194.5,2773.35,2194.5,2793.1,2173.3,2807.2,2140.9,2794.5,2098.65,2769.15,2080.35
4-51,Uninfected,No_comment,Polygon,11,2798.7,1939.5,2776.2,1963.5,2773.35,2005.7,2787.45,2049.35,2812.8,2059.2,2848,2057.8,2871.95,2042.3,2876.2,2008.5,2870.55,1969.15,2850.85,1946.6,2829.7,1940.9
4-52,Uninfected,No_comment,Polygon,11,2794.5,1676.1,2769.15,1688.85,2750.85,1721.25,2748,1757.8,2769.15,1784.55,2802.95,1797.3,2836.75,1795.9,2857.9,1776.1,2870.55,1743.7,2863.5,1711.3,2833.95,1683.15
4-53,Uninfected,No_comment,Polygon,10,2749.45,1533.9,2717.05,1543.7,2702.95,1580.35,2695.9,1631.1,2711.4,1660.6,2739.55,1671.95,2767.75,1660.6,2781.8,1624.05,2787.45,1583.2,2776.2,1545.1
4-54,Uninfected,No_comment,Polygon,11,2631.1,1488.75,2595.9,1488.75,2552.25,1500.1,2532.5,1525.45,2538.15,1556.45,2580.4,1581.8,2638.15,1591.65,2679,1581.8,2688.85,1559.2,2681.8,1526.8,2664.9,1508.55
4-55,Uninfected,No_comment,Polygon,11,2300.1,1442.35,2259.25,1460.6,2224.05,1487.35,2200.1,1531.1,2215.6,1563.4,2250.8,1587.35,2300.1,1591.65,2332.5,1570.45,2362.1,1521.15,2357.85,1476.15,2329.7,1453.55
4-56,Uninfected,No_comment,Polygon,10,2097.3,1422.55,2064.9,1436.65,2048,1478.9,2053.6,1519.75,2087.4,1536.65,2125.45,1540.95,2153.6,1522.6,2167.7,1488.75,2163.5,1457.85,2132.5,1432.5
4-57,Uninfected,No_comment,Polygon,11,1986,1436.65,1956.45,1454.95,1943.75,1494.4,1946.55,1532.5,1966.3,1560.6,2002.9,1574.75,2038.1,1566.3,2064.9,1540.95,2070.5,1505.6,2057.9,1471.8,2029.65,1436.65
4-58,Uninfected,No_comment,Polygon,12,3439.7,2241.15,3412.6,2249.55,3399.05,2283.45,3402.35,2315.75,3432.95,2339.4,3432.95,2339.5,3473.55,2342.8,3473.55,2342.85,3502.45,2329.2,3510.85,2291.9,3500.75,2256.3,3473.55,2244.55
4-59,Uninfected,No_comment,Polygon,11,3256.55,2242.85,3226.1,2266.5,3217.65,2310.55,3226.1,2358.05,3253.25,2375,3283.75,2383.55,3309.2,2380.1,3338,2356.35,3344.8,2319.05,3334.6,2274.95,3307.5,2252.95
4-60,Uninfected,No_comment,Polygon,11,3282.05,2113.9,3254.95,2130.85,3244.75,2168.15,3251.55,2207.25,3275.2,2227.6,3314.25,2237.65,3351.55,2229.2,3373.6,2205.55,3375.3,2166.45,3354.95,2130.85,3317.65,2112.25
4-61,Uninfected,No_comment,Polygon,11,3768.6,2183.45,3738.1,2198.7,3719.45,2236,3729.6,2264.8,3758.35,2300.4,3793.95,2315.75,3827.95,2307.2,3848.2,2288.55,3853.35,2252.95,3841.5,2212.25,3802.5,2185.1
4-62,Uninfected,No_comment,Polygon,11,4073.75,2127.5,4043.25,2141.05,4027.9,2176.65,4034.75,2219.05,4060.2,2256.3,4102.55,2269.9,4138.15,2269.9,4156.8,2251.25,4173.75,2222.5,4155.05,2171.65,4114.45,2134.35
4-63,Uninfected,No_comment,Polygon,11,3872,1991.95,3843.2,2020.7,3836.4,2059.65,3851.65,2095.25,3892.35,2115.7,3938.05,2110.55,3970.35,2086.8,3980.5,2047.9,3968.65,2013.9,3929.65,1991.95,3902.45,1990.25
4-64,Uninfected,No_comment,Polygon,11,3571.95,1910.5,3614.35,1910.5,3670.2,1920.75,3685.55,1944.4,3678.75,1980,3646.55,2012.3,3622.8,2030.95,3582.05,2032.55,3551.6,2013.9,3539.75,1978.3,3546.45,1941.1
4-65,Uninfected,No_comment,Polygon,12,3671.9,1902.1,3649.95,1908.8,3624.5,1941,3621.1,1983.3,3644.85,2008.8,3677.05,2024.05,3722.75,2027.55,3749.95,2008.9,3763.5,1975,3755.05,1937.7,3724.45,1908.8,3700.8,1903.8
4-66,Uninfected,No_comment,Polygon,11,3326.15,1896.95,3290.55,1905.5,3258.25,1927.45,3246.45,1958.05,3256.55,1988.45,3280.35,2007.1,3322.75,2012.3,3365.05,1993.65,3378.7,1961.35,3378.7,1925.75,3353.25,1902.1
4-67,Uninfected,No_comment,Polygon,10,3080.25,2042.7,3036.25,2068.15,3022.7,2112.25,3042.95,2136.05,3082,2158,3122.7,2159.7,3158.3,2141.05,3168.4,2108.85,3158.3,2074.95,3121,2054.6
4-68,Uninfected,No_comment,Polygon,12,3387.15,1841,3354.95,1852.85,3343.1,1891.85,3351.55,1925.65,3378.7,1954.55,3412.6,1976.7,3441.4,1973.3,3463.45,1951.15,3473.55,1924.15,3463.45,1893.55,3431.25,1869.9,3410.9,1852.85
4-69,Uninfected,No_comment,Polygon,13,3461.75,1774.95,3437.95,1793.6,3426.15,1829.2,3427.85,1857.95,3451.6,1879.95,3483.8,1896.95,3524.5,1895.25,3548.2,1876.6,3560.1,1847.85,3560.1,1812.25,3543.05,1786.75,3516,1769.8,3488.9,1769.8
4-70,Uninfected,No_comment,Polygon,12,3000.6,1761.35,2966.7,1769.85,2944.65,1802.05,2948.05,1841.05,2965,1871.55,2993.85,1891.9,3026.05,1900.35,3054.85,1890.2,3076.9,1868.15,3082,1834.25,3063.35,1798.65,3024.35,1776.6
4-71,Uninfected,No_comment,Polygon,11,3061.65,1681.6,3043,1696.95,3022.65,1730.85,3027.75,1768.15,3058.25,1780,3095.55,1773.15,3131.15,1754.5,3148.1,1722.35,3141.3,1686.75,3114.2,1671.5,3083.7,1676.6
4-72,Uninfected,No_comment,Polygon,11,2909.05,1632.5,2883.65,1652.85,2871.75,1693.55,2880.25,1729.15,2909.05,1751.2,2956.55,1749.5,2995.55,1727.45,3012.5,1688.45,3009.1,1649.45,2983.65,1627.45,2946.35,1624.05
4-73,Uninfected,No_comment,Polygon,11,3253.2,1586.75,3224.4,1598.6,3205.75,1625.75,3204.05,1666.35,3215.9,1705.4,3244.75,1720.6,3273.55,1717.2,3304.05,1693.55,3315.95,1659.65,3312.55,1629.05,3290.5,1591.85
4-74,Uninfected,No_comment,Polygon,12,3617.7,1683.3,3583.8,1696.95,3565.15,1732.55,3563.45,1773.15,3588.85,1810.45,3627.85,1829.15,3651.6,1829.15,3683.8,1813.9,3699.05,1781.7,3699.05,1739.3,3673.65,1705.4,3646.5,1691.85
4-75,Uninfected,No_comment,Polygon,12,3838.1,1678.3,3807.55,1695.25,3790.6,1732.55,3797.4,1768.15,3826.2,1798.65,3865.2,1808.75,3904.2,1805.45,3936.4,1783.4,3948.25,1747.8,3934.7,1710.5,3899.1,1686.75,3870.3,1680
4-76,Uninfected,No_comment,Polygon,12,3902.5,1549.45,3873.7,1557.85,3848.25,1576.5,3829.6,1610.4,3836.4,1644.4,3866.9,1661.35,3910.95,1666.35,3948.25,1661.35,3980.5,1639.3,3985.55,1600.3,3972,1569.8,3938.1,1557.85
4-77,Uninfected,No_comment,Polygon,12,4061.85,1469.7,4031.35,1483.35,4016.1,1510.45,4009.3,1542.65,4009.4,1542.5,4022.85,1571.5,4046.6,1586.75,4080.5,1586.75,4111,1573.2,4129.65,1542.65,4131.35,1503.6,4107.6,1478.25
4-78,Uninfected,No_comment,Polygon,11,4124.6,1710.5,4099.15,1720.6,4063.55,1747.8,4051.7,1785.1,4061.85,1820.7,4094.05,1829.15,4144.9,1829.15,4180.5,1807.05,4190.7,1776.6,4189,1737.55,4166.95,1717.2
4-79,Uninfected,No_comment,Polygon,11,4260.2,1683.3,4229.7,1701.95,4214.4,1739.3,4214.4,1780,4236.45,1808.75,4275.45,1829.15,4314.45,1822.4,4341.55,1800.35,4346.65,1749.5,4326.3,1708.8,4295.8,1690.15
4-80,Uninfected,No_comment,Polygon,11,3198.95,1415.45,3165.05,1434.1,3149.8,1469.7,3154.9,1505.3,3180.3,1534.2,3210.85,1540.9,3248.1,1535.9,3287.1,1505.3,3293.9,1468,3271.85,1439.25,3239.65,1417.2
4-81,Uninfected,No_comment,Polygon,11,3392.2,1395.1,3361.7,1417.2,3348.15,1452.8,3360,1483.35,3388.85,1500.3,3429.5,1505.3,3470.2,1490.1,3500.7,1463,3504.1,1425.7,3475.3,1408.75,3436.3,1395.1
4-82,Uninfected,No_comment,Polygon,10,3568.55,1459.6,3527.85,1474.85,3477,1507.05,3458.35,1542.65,3461.75,1579.95,3495.65,1593.45,3531.25,1585.05,3565.15,1559.55,3588.85,1527.4,3592.25,1490.1
4-83,Uninfected,No_comment,Polygon,12,3688.9,1410.45,3665.15,1417.2,3648.2,1454.5,3636.35,1498.6,3634.65,1544.35,3648.2,1569.8,3677.05,1576.5,3707.55,1557.85,3726.2,1518.95,3729.6,1474.85,3726.2,1437.55,3716,1415.45
4-84,Uninfected,No_comment,Polygon,11,3782.15,1334.15,3758.4,1344.25,3729.6,1379.85,3714.3,1407.05,3712.65,1432.5,3738.05,1447.75,3782.15,1429.1,3812.65,1407.05,3824.5,1374.85,3817.75,1344.25,3805.85,1335.85
4-85,Uninfected,No_comment,Polygon,12,3919.45,1339.25,3890.65,1346,3872,1364.65,3849.95,1395.1,3853.35,1427.4,3877.05,1452.8,3912.65,1459.6,3949.95,1452.8,3975.4,1427.4,3982.15,1388.4,3970.3,1359.5,3944.9,1344.25
4-86,Uninfected,No_comment,Polygon,11,3797.4,1449.35,3765.2,1464.7,3743.15,1493.5,3738.05,1525.7,3751.6,1563,3785.5,1573.2,3821.1,1561.3,3851.65,1539.2,3872,1503.6,3861.8,1469.7,3834.7,1451.05
4-87,Uninfected,No_comment,Polygon,11,4197.45,1369.75,4165.25,1381.6,4144.9,1407.05,4146.6,1440.95,4168.65,1471.45,4207.65,1491.8,4246.65,1484.95,4275.45,1457.9,4280.55,1412.15,4268.65,1390.1,4238.15,1371.45
4-88,Uninfected,No_comment,Polygon,12,2300.15,1357.2,2287.2,1392.85,2287.2,1438.55,2302.95,1472.3,2334.3,1490.95,2370.15,1494.35,2407.3,1472.85,2420.15,1435.7,2407.3,1395.7,2383,1361.45,2357.25,1348.55,2320.15,1347.2
4-89,Uninfected,No_comment,Polygon,11,2247.3,1304.35,2208.7,1318.55,2175.85,1352.85,2168.7,1388.55,2187.3,1420,2218.7,1440,2258.7,1440,2303,1412.95,2324.35,1378.65,2314.45,1340.05,2283,1317.2
4-90,Uninfected,No_comment,Polygon,11,2115.85,1222.9,2088.7,1231.4,2071.55,1267.2,2072.9,1307.2,2097.3,1335.7,2131.55,1347.2,2168.7,1341.4,2191.55,1312.85,2198.7,1270.05,2178.7,1235.7,2152.95,1224.25
4-91,Uninfected,No_comment,Polygon,10,1508.65,1391.45,1474.4,1412.85,1460.05,1454.35,1471.55,1488.6,1500.1,1512.85,1535.8,1511.5,1568.7,1495.7,1588.7,1461.5,1587.2,1425.7,1548.7,1392.85
4-92,Uninfected,No_comment,Polygon,11,1652.95,1405.7,1614.3,1428.55,1600.1,1467.2,1614.3,1500,1638.7,1512.85,1672.95,1515.7,1721.45,1504.35,1751.45,1475.7,1750.1,1437.2,1730.1,1411.5,1698.7,1402.85
4-93,Uninfected,No_comment,Polygon,13,1860.45,1331.85,1841.8,1349.45,1823.05,1385.7,1824.15,1417.65,1838.5,1445.05,1861.55,1464.85,1892.35,1465.95,1918.65,1451.65,1934.1,1426.35,1939.6,1389,1927.45,1352.75,1905.55,1327.45,1887.95,1325.25
4-94,Uninfected,No_comment,Polygon,12,1776.95,1271.4,1748.4,1276.9,1728.6,1303.3,1721.95,1349.45,1731.9,1384.6,1748.4,1412.1,1769.2,1418.75,1791.25,1409.9,1804.45,1386.8,1817.55,1348.35,1817.55,1312.15,1801.15,1280.2
4-95,Uninfected,No_comment,Polygon,11,1623.1,1195.6,1600,1205.5,1580.25,1237.35,1579.15,1274.7,1587.95,1305.5,1613.15,1327.45,1646.2,1330.75,1674.75,1317.65,1685.75,1279.1,1680.25,1235.15,1659.3,1206.6
4-96,Uninfected,No_comment,Polygon,12,1891.25,1206.6,1881.35,1227.45,1879.15,1264.9,1895.65,1296.7,1915.35,1321.95,1937.4,1330.75,1965.9,1327.45,1979.1,1311,1986.85,1276.9,1963.75,1234.05,1936.3,1211.05,1912.1,1201.1
4-97,Uninfected,No_comment,Polygon,13,1372.55,1062.65,1403.35,1051.7,1434.1,1052.8,1467.05,1067.05,1491.25,1085.75,1508.85,1112.1,1508.85,1142.9,1494.55,1167.05,1458.3,1179.15,1415.4,1174.75,1367.05,1140.7,1350.6,1105.5,1355,1083.55
4-98,Uninfected,No_comment,Polygon,12,1670.35,1007.7,1711.05,997.85,1750.6,990.15,1774.75,1008.8,1779.15,1050.6,1764.9,1083.55,1735.2,1109.9,1696.75,1118.7,1696.7,1118.65,1663.8,1104.45,1638.5,1067.05,1642.9,1037.4
4-99,Uninfected,No_comment,Polygon,13,1825.3,974.75,1847.3,969.25,1847.2,969.25,1896.75,976.95,1923.15,1003.3,1935.2,1041.8,1922.05,1072.55,1887.95,1091.25,1851.7,1091.25,1819.85,1076.95,1798.95,1051.7,1792.35,1018.7,1801.15,996.75
4-100,Uninfected,No_comment,Polygon,12,2129.75,917.6,2098.95,928.6,2079.2,950.5,2079.2,990.15,2106.65,1035.2,2131.9,1048.4,2166,1050.6,2194.55,1034.1,2214.35,1005.5,2217.65,969.25,2201.15,937.4,2167.1,915.4
4-101,Uninfected,No_comment,Polygon,12,2190.15,1083.55,2162.7,1090.15,2140.7,1116.5,2136.3,1152.8,2146.2,1183.55,2172.6,1209.9,2202.25,1213.2,2231.95,1202.25,2250.6,1170.35,2256.1,1130.8,2238.5,1096.75,2218.75,1085.75
4-102,Uninfected,No_comment,Polygon,13,2309.95,1065.95,2283.6,1096.75,2283.6,1096.75,2277,1139.6,2277,1139.55,2295.65,1170.35,2323.15,1183.55,2352.8,1183.55,2379.2,1165.95,2396.75,1131.9,2385.8,1098.95,2367.1,1071.45,2340.7,1064.85
4-103,Uninfected,No_comment,Polygon,13,2323.15,1205.55,2323.15,1205.55,2292.35,1208.8,2271.5,1245.1,2275.9,1286.85,2302.25,1316.5,2331.95,1333,2364.9,1329.7,2388,1314.3,2398.95,1283.55,2395.65,1247.3,2379.2,1217.6,2350.6,1204.45
4-104,Uninfected,No_comment,Polygon,12,2435.25,1260.45,2471.5,1242.9,2505.55,1242.9,2534.15,1257.2,2551.7,1275.85,2555,1302.25,2540.75,1327.5,2517.65,1342.9,2494.55,1347.3,2461.6,1342.9,2438.55,1328.6,2422.05,1295.65
4-105,Uninfected,No_comment,Polygon,13,2549.5,1341.8,2509.95,1362.6,2494.55,1393.45,2502.25,1433,2525.35,1463.8,2556.1,1472.55,2586.9,1471.45,2616.55,1461.6,2631.95,1428.6,2634.15,1396.75,2620.95,1364.85,2590.2,1341.8,2590.2,1341.8
4-106,Uninfected,No_comment,Polygon,11,2791.6,1500.05,2817.7,1474,2858.25,1459.5,2890.15,1462.4,2920.6,1481.25,2927.85,1513.1,2916.25,1545.1,2895.95,1566.75,2862.6,1575.45,2824.95,1566.75,2793.05,1536.4
4-107,Uninfected,No_comment,Polygon,11,2809,1337.75,2777.1,1362.4,2764.05,1397.15,2771.3,1426.2,2795.95,1449.35,2833.6,1453.7,2872.75,1440.65,2885.8,1404.5,2887.25,1373.95,2862.6,1345,2835.05,1334.85
4-108,Uninfected,No_comment,Polygon,12,2968.4,1300.1,2939.45,1321.8,2933.65,1356.6,2943.8,1395.7,2971.3,1414.65,3007.55,1426.2,3051.05,1417.55,3077.15,1389.9,3087.25,1349.35,3072.8,1318.9,3040.9,1301.55,2998.85,1297.25
4-109,Uninfected,No_comment,Polygon,11,2871.3,1200.05,2898.85,1181.25,2936.55,1179.8,2981.45,1192.8,3000.3,1217.45,3010.45,1249.3,2993.05,1276.85,2962.6,1285.65,2917.7,1284.2,2880,1263.8,2861.15,1234.85
4-110,Uninfected,No_comment,Polygon,11,2708.95,1069.6,2727.8,1045.05,2766.95,1030.55,2804.65,1040.7,2820.6,1063.8,2820.6,1114.55,2806.1,1153.65,2775.65,1166.8,2745.2,1162.45,2717.65,1140.6,2708.95,1095.7
4-111,Uninfected,No_comment,Polygon,12,2633.6,1131.9,2655.35,1107.3,2694.5,1095.7,2730.65,1111.65,2748.1,1140.6,2746.65,1189.9,2711.85,1223.25,2684.35,1230.5,2649.55,1216,2629.25,1191.35,2626.35,1156.65,2626.45,1156.55
4-112,Uninfected,No_comment,Polygon,12,3465.55,1227.6,3422.1,1252.2,3398.9,1287.1,3394.55,1324.7,3407.6,1353.7,3429.35,1363.85,3459.75,1369.6,3501.8,1366.7,3530.8,1343.55,3542.4,1305.9,3535.15,1269.6,3507.6,1237.75
4-113,Uninfected,No_comment,Polygon,12,3597.45,1175.45,3562.7,1187,3532.25,1216,3530.8,1253.65,3552.55,1279.85,3591.65,1290,3633.7,1284.2,3665.6,1266.7,3687.35,1236.3,3683,1205.85,3668.5,1179.8,3633.7,1174
4-114,Uninfected,No_comment,Polygon,11,3477.15,1131.9,3509.05,1118.85,3535.15,1123.2,3556.9,1149.3,3556.9,1149.3,3555.45,1179.8,3535.15,1210.25,3509.05,1220.35,3478.6,1216,3458.3,1197.15,3455.4,1162.45
4-115,Uninfected,No_comment,Polygon,14,3351.05,1069.6,3374.25,1047.95,3404.7,1037.8,3439.5,1045.05,3469.9,1066.7,3472.8,1102.95,3465.55,1139.15,3446.75,1165.35,3417.75,1182.7,3384.4,1182.7,3353.95,1163.9,3339.45,1134.8,3339.55,1134.8,3343.8,1097.15
4-116,Uninfected,No_comment,Polygon,13,3135.1,1107.3,3152.5,1076.85,3152.5,1076.85,3196,1065.25,3233.65,1065.25,3253.95,1092.8,3256.85,1133.35,3243.8,1165.35,3213.35,1189.9,3174.25,1192.8,3145.25,1175.45,3145.25,1175.4,3130.75,1142.05
4-117,Uninfected,No_comment,Polygon,11,1744.95,382.5,1721.95,398.75,1709.8,429.8,1712.5,474.4,1728.75,512.25,1754.4,529.85,1785.5,533.85,1812.5,512.25,1824.7,455.45,1808.45,406.8,1778.75,382.5
4-118,Uninfected,No_comment,Polygon,12,1882.8,332.45,1851.7,337.9,1823.35,360.9,1803.05,393.35,1790.85,432.5,1803.05,458.15,1826.05,466.3,1855.8,460.85,1888.2,446.05,1912.55,420.35,1920.65,387.9,1917.95,350.1
4-119,Uninfected,No_comment,Polygon,12,2017.95,291.9,1976.05,287.85,1949.05,308.2,1936.85,343.3,1939.6,373,1954.45,401.45,1976.05,421.7,2000.4,425.75,2023.4,416.25,2039.6,400.1,2043.65,356.85,2035.55,312.25
4-120,Uninfected,No_comment,Polygon,14,2013.9,204.05,1988.25,227.1,1988.25,227,1989.6,264.9,2000.4,297.3,2024.75,321.55,2050.4,352.8,2081.5,368.95,2107.2,362.25,2120.7,337.9,2118,296,2085.55,260.85,2085.5,260.8,2050.4,209.45
4-121,Uninfected,No_comment,Polygon,11,2096.35,152.75,2076.1,170.3,2072.05,205.4,2088.25,241.9,2116.65,274.4,2143.65,287.85,2168,278.45,2182.85,252.75,2178.8,216.25,2154.5,178.4,2130.1,152.75
4-122,Uninfected,No_comment,Polygon,13,1963.9,446.05,1940.95,455.45,1927.4,487.95,1928.75,525.8,1946.35,573.1,1981.5,605.55,2015.25,596.05,2034.2,573.1,2047.7,540.6,2050.4,504.1,2034.2,467.65,2034.2,467.65,1995,444.7
4-123,Uninfected,No_comment,Polygon,12,1782.8,616.35,1754.4,636.6,1746.3,669,1750.35,704.15,1781.45,736.65,1819.3,751.45,1854.4,744.7,1878.75,719.05,1888.2,677.15,1872,639.3,1840.9,616.35,1813.9,610.95
4-124,Uninfected,No_comment,Polygon,13,2057.15,596.05,2032.85,597.4,2011.2,620.35,2008.5,655.55,2020.65,686.65,2045,710.9,2085.55,731.25,2126.1,735.3,2153.15,717.7,2166.65,692.05,2157.2,655.55,2111.25,619,2078.8,601.45
4-125,Uninfected,No_comment,Polygon,12,2120.7,505.5,2093.65,529.85,2086.9,570.4,2097.7,605.55,2127.45,636.6,2166.65,655.55,2193.7,656.9,2216.65,636.6,2220.7,606.9,2207.2,565,2170.7,517.7,2139.6,502.75
4-126,Uninfected,No_comment,Polygon,13,2223.4,451.4,2199.1,456.8,2176.1,475.8,2172.05,508.2,2177.45,543.3,2199,575.8,2230.15,590.65,2268,597.4,2292.35,581.15,2309.9,539.25,2305.85,493.3,2285.6,466.3,2251.8,452.75
4-127,Uninfected,No_comment,Polygon,13,2353.15,578.45,2322.1,582.5,2293.7,596.05,2272.05,621.7,2266.65,650.15,2274.75,675.8,2288.3,697.45,2318.05,715,2353.15,710.9,2380.2,694.75,2404.55,659.55,2408.6,619,2384.25,582.5
4-128,Uninfected,No_comment,Polygon,12,2539.7,312.25,2576.2,304.1,2612.7,317.65,2635.65,333.8,2643.75,362.25,2643.75,397.4,2619.45,425.75,2572.15,437.95,2535.65,425.75,2508.6,392,2504.55,359.55,2519.4,329.75
4-129,Uninfected,No_comment,Polygon,12,2373.45,152.75,2343.7,164.85,2331.55,190.6,2331.55,228.45,2347.75,260.85,2369.4,282.45,2407.25,294.65,2442.35,275.75,2462.65,247.3,2462.65,201.35,2441,171.65,2403.2,154.1
4-130,Uninfected,No_comment,Polygon,14,2411.3,28.4,2392.35,33.75,2392.35,33.75,2370.75,58.15,2366.7,97.35,2389.65,127.05,2423.45,146,2454.55,151.4,2493.75,139.2,2504.55,105.45,2492.4,66.25,2470.75,43.25,2445.1,33.75,2445,33.75
4-131,Uninfected,No_comment,Polygon,11,2557.25,16.25,2528.9,31.05,2520.75,66.25,2526.15,102.75,2549.15,129.75,2580.25,144.65,2612.7,135.15,2637,102.75,2639.7,64.9,2624.85,36.45,2597.8,24.35
4-132,Uninfected,No_comment,Polygon,12,2591.05,216.25,2564,231.15,2550.5,266.3,2558.6,294.65,2574.75,325.75,2607.25,348.7,2632.9,355.5,2657.3,350.1,2677.55,328.4,2678.9,289.2,2664.05,244.6,2628.9,220.3
4-133,Uninfected,No_comment,Polygon,12,2732.95,208.1,2710,214.9,2692.4,243.25,2692.4,282.45,2707.3,317.65,2735.65,343.3,2758.65,343.3,2787.05,333.8,2803.25,306.8,2808.65,269,2791.1,237.9,2758.65,213.55
4-134,Uninfected,No_comment,Polygon,11,2770.8,95.95,2747.85,117.55,2745.15,155.4,2772.15,193.3,2799.2,220.3,2833,232.5,2862.7,220.3,2880.3,190.6,2874.9,152.75,2838.4,117.55,2799.2,95.95
4-135,Uninfected,No_comment,Polygon,12,2788.4,352.8,2762.7,362.25,2742.45,389.25,2741.1,425.75,2754.6,456.8,2783,481.2,2818.1,498.7,2846.5,490.65,2865.45,464.95,2865.45,420.35,2853.25,379.8,2823.55,356.85
4-136,Uninfected,No_comment,Polygon,12,2711.35,427.1,2738.4,424.4,2766.75,432.5,2787.05,455.5,2789.75,487.95,2776.2,524.45,2751.9,550.1,2722.15,559.6,2685.65,554.15,2660,523.1,2658.65,489.3,2677.55,450.05
4-137,Uninfected,No_comment,Polygon,13,2655.95,582.5,2684.3,573.1,2717.95,575.1,2754.6,592,2766.75,623.05,2766.75,652.85,2750.55,674.45,2723.5,692.05,2695.15,697.45,2666.75,685.25,2641.05,662.25,2631.6,628.45,2642.4,597.4
4-138,Uninfected,No_comment,Polygon,11,2770.8,666.3,2789.75,640.65,2839.75,635.25,2878.95,660.9,2892.45,696.1,2895.15,731.25,2873.55,758.25,2841.1,767.7,2800.55,752.8,2769.45,724.45,2761.35,690.7
4-139,Uninfected,No_comment,Polygon,11,1501.55,797.4,1539.5,771.75,1580.05,767.65,1612.45,791.95,1619.25,829.8,1604.35,871.7,1574.65,898.8,1544.85,913.6,1513.8,900.15,1490.85,873.05,1485.4,831.15
4-140,Uninfected,No_comment,Polygon,12,1581.4,913.6,1612.45,885.25,1655.75,862.3,1697.65,866.4,1731.4,890.65,1734.1,927.15,1716.5,971.75,1682.75,992.1,1638.15,1005.5,1604.35,1001.45,1576,971.75,1567.85,936.65
4-141,Uninfected,No_comment,Polygon,13,1986.85,767.65,1986.85,767.65,2012.5,755.5,2043.65,755.5,2072,769.05,2082.85,797.4,2082.85,837.9,2065.25,867.75,2034.2,875.75,1997.7,873.05,1974.7,847.4,1963.8,805.5,1971.95,786.55
4-142,Uninfected,No_comment,Polygon,13,2139.55,769.05,2165.3,756.85,2195,758.2,2230.15,770.4,2249.1,794.65,2255.75,819.05,2254.5,847.4,2242.3,869,2217.95,879.8,2185.55,882.55,2150.4,866.4,2126.1,840.65,2124.75,802.8
4-143,Uninfected,No_comment,Polygon,13,2300.4,750.05,2326.1,733.9,2363.95,732.55,2392.3,746,2416.7,771.75,2416.55,771.7,2419.4,806.85,2409.9,828.45,2389.6,847.4,2366.65,859.6,2332.9,854.2,2304.45,832.5,2289.65,777.15
4-144,Uninfected,No_comment,Polygon,12,2397.75,885.25,2419.4,866.4,2458.6,848.75,2496.45,848.75,2527.5,862.3,2536.95,896.1,2531.55,920.35,2512.6,940.7,2481.55,955.5,2447.75,962.25,2414,952.8,2390.95,924.45
4-145,Uninfected,No_comment,Polygon,12,2600.45,855.55,2627.55,846.05,2657.25,852.85,2691.05,871.7,2712.7,901.5,2722.1,928.5,2712.7,950.2,2684.25,966.35,2651.85,967.7,2608.6,947.45,2588.35,920.35,2580.25,877.1
4-146,Uninfected,No_comment,Polygon,12,2561.3,997.4,2588.35,985.3,2620.75,989.35,2643.7,1002.8,2662.65,1024.5,2659.95,1048.8,2651.85,1075.9,2630.25,1093.4,2601.8,1104.2,2570.75,1096.1,2542.4,1071.8,2538.35,1032.6
4-147,Uninfected,No_comment,Polygon,11,2818.1,970.4,2791.1,981.25,2772.15,1010.95,2771.05,1041.2,2787.3,1073.65,2817.1,1089.85,2858.65,1090.7,2889.7,1070.45,2901.9,1040.65,2895.1,1001.45,2857.3,974.45
4-148,Uninfected,No_comment,Polygon,11,2861.35,854.2,2839.75,875.75,2827.55,912.25,2839.75,947.45,2869.45,969.05,2899.2,973.1,2927.6,967.7,2947.85,938,2949.2,901.5,2931.6,867.75,2900.55,850.1
4-149,Uninfected,No_comment,Polygon,13,2687,720.35,2658.6,742.05,2658.6,741.95,2646.45,782.6,2662.65,819.05,2691.05,843.35,2727.5,855.55,2761.25,851.45,2784.3,825.85,2792.45,793.3,2781.6,760.9,2747.85,731.2,2718,719
4-150,Uninfected,No_comment,Polygon,12,2941.85,603.65,2941.85,603.65,2918.2,623.65,2907.3,667.3,2912.75,730.95,2938.2,750.95,2970.95,750.95,3010.95,729.1,3027.3,687.3,3016.4,632.75,2980,601.85,2980,601.85
4-151,Uninfected,No_comment,Polygon,11,3141.85,430.95,3112.75,456.4,3101.85,501.85,3114.55,530.95,3141.85,558.2,3178.2,563.65,3216.4,556.4,3241.85,529.1,3241.85,485.45,3212.75,447.3,3180,432.75
4-152,Uninfected,No_comment,Polygon,12,3125.45,578.2,3092.75,596.4,3076.4,636.4,3085.45,681.85,3085.45,681.85,3112.75,714.45,3150.95,723.65,3194.55,716.4,3212.75,683.65,3223.65,638.2,3200,598.2,3156.4,578.2
4-153,Uninfected,No_comment,Polygon,10,3016.4,830.95,2983.65,856.4,2963.65,892.75,2963.65,925.45,2992.75,943.65,3027.3,941.85,3056.4,923.65,3083.65,892.75,3087.3,852.75,3054.55,830.95
4-154,Uninfected,No_comment,Polygon,10,3029.1,1010.95,3005.45,1039.95,3001.85,1078.2,3018.2,1119.95,3047.3,1145.5,3081.85,1147.3,3112.75,1119.95,3123.65,1079.95,3107.3,1043.65,3069.1,1014.45
4-155,Uninfected,No_comment,Polygon,10,3156.4,898.2,3114.55,918.2,3094.55,956.4,3101.85,998.2,3130.95,1019.95,3169.1,1023.65,3207.3,1007.3,3223.65,974.45,3220,930.95,3190.95,907.3
4-156,Uninfected,No_comment,Polygon,10,4151.4,1158.35,4113.2,1178.35,4104.1,1211.05,4116.85,1243.8,4151.4,1265.6,4191.4,1269.25,4233.2,1243.8,4238.55,1205.6,4222.3,1171.05,4184,1160.15
4-157,Uninfected,No_comment,Polygon,11,3995,1152.85,3960.45,1165.6,3940.45,1200.15,3940.45,1245.6,3955,1272.9,3982.2,1292.9,4022.2,1282,4053.2,1251.05,4065.8,1211.05,4060.35,1181.95,4031.25,1165.6
4-158,Uninfected,No_comment,Polygon,10,4058.65,1051.05,4020.45,1072.85,4013.2,1111.05,4029.55,1145.6,4053.2,1160.15,4089.55,1160.15,4133.2,1141.95,4160.4,1105.6,4147.75,1065.6,4107.75,1051.05
4-159,Uninfected,No_comment,Polygon,11,3782.25,1098.3,3818.5,1071.05,3878.55,1054.7,3909.55,1065.6,3918.55,1094.7,3915,1138.35,3882.15,1185.6,3845.9,1196.5,3811.35,1189.25,3782.25,1161.95,3769.45,1125.6
4-160,Uninfected,No_comment,Polygon,10,3893.1,963.75,3864,992.85,3856.8,1023.75,3875,1056.5,3918.55,1076.5,3958.65,1067.4,3987.65,1038.3,3995,998.3,3969.55,971.05,3924.1,963.75
4-161,Uninfected,No_comment,Polygon,11,3247.65,952.85,3269.35,932.85,3309.4,918.3,3334.85,925.6,3349.4,949.2,3362.2,987.4,3362.2,1020.15,3336.75,1049.25,3293.1,1060.15,3249.35,1040.15,3227.65,992.85
4-162,Uninfected,No_comment,Polygon,10,3416.75,914.65,3382.2,931.05,3365.85,960.15,3364,1001.85,3391.3,1027.4,3440.4,1032.85,3480.4,1016.5,3498.6,976.5,3485.85,936.5,3443.95,916.5
4-163,Uninfected,No_comment,Polygon,11,3940.45,778.3,3902.15,798.3,3884,834.65,3884,876.5,3884.05,876.5,3911.35,894.65,3953.1,903.75,4002.2,881.95,4016.75,845.55,4013.2,811,3980.45,787.4
4-164,Uninfected,No_comment,Polygon,10,4131.3,789.2,4093.2,801.95,4069.55,834.65,4062.2,872.85,4076.75,901.95,4113.2,918.3,4160.4,900.1,4191.4,863.75,4193.2,816.45,4165.85,792.85
4-165,Uninfected,No_comment,Polygon,9,3222.2,734.65,3258.55,711,3305.85,711,3333.1,743.75,3334.85,783.75,3316.75,818.3,3278.55,831,3222.2,812.85,3209.45,772.85
4-166,Uninfected,No_comment,Polygon,13,3378.45,747.4,3378.45,747.4,3405.85,729.2,3447.55,723.75,3485.85,743.75,3504.05,772.85,3500.4,807.4,3482.1,834.65,3438.5,845.55,3438.4,845.55,3391.3,825.55,3367.65,792.85,3367.55,792.85
4-167,Uninfected,No_comment,Polygon,9,3182.15,70.9,3160.35,105.45,3158.5,145.45,3178.5,172.65,3214.9,187.3,3256.7,176.4,3278.5,138.1,3269.45,90.9,3225.8,63.65
4-168,Uninfected,No_comment,Polygon,11,3371.25,189.1,3354.9,216.4,3354.9,216.4,3353.1,249.1,3362.15,280.05,3384,298.2,3416.7,303.65,3451.25,294.6,3469.45,267.2,3460.35,218.2,3416.7,185.5
4-169,Uninfected,No_comment,Polygon,13,3396.7,390.85,3369.45,403.7,3349.45,429.15,3342.15,452.8,3344,481.85,3360.35,510.95,3385.8,516.4,3413.1,509.05,3436.7,485.5,3458.55,456.4,3458.55,419.95,3440.35,392.75,3420.35,389.15
4-170,Uninfected,No_comment,Polygon,11,3698.55,203.65,3660.4,201.85,3625.85,223.65,3609.45,256.4,3611.3,289.1,3640.4,318.2,3674.95,323.65,3720.4,310.95,3744.05,285.5,3747.65,250.95,3733.1,218.2
4-171,Uninfected,No_comment,Polygon,12,3696.75,345.5,3722.2,323.65,3760.4,314.6,3800.4,314.6,3824.05,338.2,3833.15,372.75,3824.05,407.3,3824.05,407.3,3791.3,429.15,3745.85,436.4,3696.75,423.7,3682.2,383.7
4-172,Uninfected,No_comment,Polygon,12,3731.3,459.95,3765.75,427.3,3800.3,410.95,3840.4,401.85,3871.3,401.85,3887.7,416.4,3887.7,454.5,3858.6,487.35,3822.2,510.95,3780.4,523.7,3744.05,512.8,3727.65,483.7
4-173,Uninfected,No_comment,Polygon,11,3454.9,592.8,3433.1,614.6,3424,661.9,3438.55,696.45,3473.1,716.45,3520.35,716.45,3553.1,691,3569.45,649.15,3554.9,609.15,3522.2,591,3485.8,585.5
4-174,Uninfected,No_comment,Polygon,12,3767.65,587.35,3725.85,611,3707.65,643.7,3707.65,678.25,3725.85,709.15,3745.85,723.7,3776.75,723.7,3805.85,709.15,3833.15,678.25,3838.6,636.45,3822.2,592.8,3794.95,583.6