193,5312,2988
5-1,Parasitized,No_comment,Polygon,21,1929.75,1954.75,1917,1975,1909,1999.55,1907.05,2025.5,1914.15,2049.05,1926.45,2062.3,1942,2073.15,1953.3,2078.3,1968.9,2072.7,1985.85,2062.75,1995.75,2053.8,2015.05,2036.4,2026.45,2003.8,2027.8,1985.4,2027.8,1961.4,2011.3,1939.65,2002.4,1932.1,1980.7,1930.65,1966.55,1932.55,1950.9,1938.7,1940.05,1945.3
5-2,Parasitized,No_comment,Polygon,38,2219.1,1651.35,2214.65,1665.1,2213.75,1677.9,2215.1,1693.85,2217.3,1704.45,2215.5,1714.65,2213.35,1720.85,2212.9,1727.45,2208.4,1736.75,2195.65,1742.05,2193.4,1750.9,2188.55,1754.45,2181.85,1754.45,2164.65,1753.15,2150.05,1752.25,2141.65,1744.3,2128.75,1736.75,2128.75,1726.6,2117.3,1720.4,2114.65,1711.1,2113.3,1697.4,2119.05,1693.85,2119.9,1685,2119.9,1669.5,2119.9,1658.9,2123.05,1651.35,2124.85,1643.4,2130.1,1631.9,2142.1,1623.9,2146.05,1618.15,2160.65,1612.85,2168.65,1608.9,2182.35,1607.1,2190.7,1613.3,2199.55,1616.4,2208,1619.5,2212,1627.45,2217.3,1636.75
5-3,Parasitized,No_comment,Polygon,25,1609.4,1557.6,1605.25,1573.85,1611,1589.55,1619.9,1606.3,1635.1,1621.5,1650.8,1633.5,1664.9,1639.8,1689.55,1647.65,1705.25,1647.15,1727.25,1644.5,1737.7,1636.15,1741.9,1624.1,1753.4,1616.75,1757.6,1605.75,1751.3,1597.9,1747.65,1580.1,1746.1,1566,1735.05,1548.7,1714.65,1533.5,1698.4,1524.6,1670.15,1514.15,1646.6,1519.9,1630.9,1525.65,1623.05,1534.55,1619.35,1543.45
5-4,Parasitized,No_comment,Polygon,21,1955.55,705.75,1946.65,715.7,1937.75,724.6,1933,737.15,1929.9,757.55,1932.5,783.25,1943.5,800.5,1960.25,814.1,1978.55,823.55,2003.2,822.5,2028.85,815.7,2040.35,804.15,2048.2,786.9,2057.65,763.85,2060.25,740.3,2051.35,720.9,2037.75,710.45,2022.55,702.05,2010.5,695.25,1985.9,695.25,1970.2,698.4
5-5,Parasitized,No_comment,Polygon,35,2868.55,1219.65,2860.8,1226.05,2851.2,1237.9,2840.25,1260.3,2834.3,1279.45,2831.1,1302.7,2834.8,1323.25,2844.35,1339.3,2855.3,1346.6,2875.4,1352.5,2885,1352.95,2893.2,1350.65,2895.95,1354.3,2897.8,1359.8,2905.1,1363.5,2912.4,1363.95,2917.9,1361.15,2922.45,1357.95,2919.25,1343.4,2922.9,1335.6,2935.7,1327.85,2941.15,1316.4,2944.8,1302.7,2949.85,1297.7,2958.05,1300.9,2958.05,1291.8,2948.5,1286.3,2948.5,1267.6,2943.9,1246.1,2933.85,1230.15,2923.35,1219.2,2914.25,1212.8,2902.35,1211.35,2888.2,1211.35,2879.05,1212.35
5-6,Parasitized,No_comment,Polygon,23,3227.05,1035.65,3227.95,1023.75,3232.95,1011.45,3240.3,996.35,3261.75,982.2,3287.3,977.2,3305.1,975.8,3323.85,987.25,3335.25,998.65,3345.3,1015.1,3350.35,1031.55,3347.6,1049.8,3339.85,1067.15,3321.55,1082.2,3303.75,1095.45,3285.5,1095.45,3265.4,1093.65,3255.35,1084.5,3245.3,1076.3,3242.1,1066.25,3239.8,1061.2,3234.35,1055.75,3229.3,1047.5
5-7,Parasitized,No_comment,Polygon,22,3927.6,1173.85,3922.45,1185.5,3921.55,1203.75,3923.4,1223.35,3932.3,1236.45,3946.3,1254.65,3963.6,1269.65,3980.4,1279.9,4000.05,1281.3,4022.45,1280.85,4040.7,1273.35,4070.15,1243.9,4074.8,1221.05,4075.25,1198.6,4072.95,1179.45,4058,1162.15,4033.2,1148.15,4008.9,1139.25,3983.2,1139.25,3957.5,1145.8,3941.15,1157,3937.9,1164.5
5-8,Uninfected,No_comment,Polygon,17,2516.8,2049.6,2520.05,2036.7,2529.2,2016.8,2549.1,2001.2,2570.6,1994.2,2610.35,1997.95,2624.9,2008.7,2636.7,2028.6,2645.3,2052.25,2641.6,2086.7,2622.75,2104.45,2600.7,2117.85,2579.2,2114.65,2557.15,2109.25,2539.45,2099.05,2522.2,2081.3,2517.9,2071.1
5-9,Uninfected,No_comment,Polygon,17,2529.7,1892.05,2537.8,1875.9,2552.35,1863,2570.6,1853.35,2595.3,1848.5,2620.1,1853.85,2638.85,1864.1,2652.9,1882.35,2657.2,1899.05,2656.6,1920.55,2646.95,1945.3,2636.25,1960.35,2611.5,1971.1,2577.6,1970.55,2547.45,1956.55,2534,1936.15,2528.1,1917.85
5-10,Uninfected,No_comment,Polygon,32,2400.15,1966.25,2411.95,1938.85,2422.75,1914.65,2433.5,1906.55,2443.2,1904.95,2444.75,1900.1,2458.2,1902.8,2473.25,1896.35,2480.3,1896.9,2485.65,1902.8,2493.15,1906.05,2501.75,1908.2,2505,1912.5,2516.3,1920,2520.05,1934,2519.55,1949.05,2526,1960.35,2520.05,1970,2520.65,1984,2515.75,1995.8,2506.65,2003.9,2507.7,2013.55,2503.4,2020.55,2489.95,2026.45,2477.05,2034,2451.75,2030.25,2431.85,2032.9,2417.9,2025.4,2411.95,2017.35,2402.3,2008.7,2396.9,2002.25,2397.5,1994.2
5-11,Uninfected,No_comment,Polygon,17,2300.65,2066.25,2302.8,2057.1,2310.4,2039.9,2317.9,2025.4,2329.75,2014.1,2360.9,2012.5,2378.15,2021.65,2388.3,2046.9,2392.1,2066.25,2392.1,2092.6,2386.75,2110.9,2372.2,2125.95,2352.85,2135.6,2332.4,2132.4,2321.15,2121.1,2305.5,2114.65,2300.65,2091
5-12,Uninfected,No_comment,Polygon,16,2718.45,2051.2,2723.8,2031.85,2736.75,2020,2748.6,2014.65,2774.95,2009.8,2798.6,2016.8,2817.4,2033.45,2826.5,2045.3,2831.9,2067.35,2831.4,2096.9,2822.2,2114.65,2798.6,2128.6,2769,2127.55,2746.45,2119.5,2723.8,2101.2,2716.3,2077.55
5-13,Uninfected,No_comment,Polygon,16,2828.65,1894.2,2836.75,1873.75,2844.8,1859.8,2853.45,1850.65,2881.9,1847.4,2895.35,1850.1,2916.3,1860.3,2939.45,1874.3,2949.15,1899.55,2950.2,1921.6,2939.45,1945.25,2923.85,1958.15,2897,1961.95,2875.45,1952.25,2849.15,1942.05,2837.85,1921.05
5-14,Uninfected,No_comment,Polygon,16,2775.95,1919.45,2793.2,1901.2,2802.85,1880.75,2797.5,1852.8,2782.45,1828.6,2758.75,1815.7,2727.6,1817.3,2699.1,1834.5,2689.95,1859.25,2688.85,1886.1,2692.65,1908.15,2706.6,1929.15,2725.45,1938.3,2737.25,1941.5,2756.1,1938.8,2769,1928.6
5-15,Uninfected,No_comment,Polygon,18,2995.9,1899.05,2995.9,1887.2,3006.65,1865.15,3023.35,1847.4,3046.4,1842.05,3064.75,1839.35,3091.6,1847.4,3106.65,1858.15,3116.3,1870.55,3121.15,1894.2,3119,1918.4,3108.8,1938.8,3090,1953.85,3078.15,1960.85,3052.35,1967.85,3034.6,1959.25,3007.15,1943.65,2997.5,1929.15
5-16,Uninfected,No_comment,Polygon,15,2534.6,1746.35,2532.95,1723.25,2541.05,1697.4,2557.15,1673.75,2572.2,1655.5,2591.05,1649.55,2616.3,1649.55,2641.05,1663.55,2653.4,1681.3,2659.85,1713.55,2648.55,1756,2637.3,1775.9,2614.7,1787.2,2589.45,1794.2,2562,1785.05
5-17,Uninfected,No_comment,Polygon,26,2437.8,1845.8,2429.75,1830.2,2419,1818.4,2411.45,1807.65,2412,1793.1,2410.9,1778.6,2416.85,1772.7,2420.05,1761.4,2419.5,1753.35,2435.65,1743.65,2449.1,1735.6,2459.85,1731.3,2467.4,1724.3,2488.9,1730.75,2500.15,1737.75,2509.3,1745.25,2522.75,1752.8,2526.5,1780.75,2526,1797.4,2522.75,1812.5,2515.75,1823.25,2503.4,1838.85,2495.35,1847.45,2483.5,1850.65,2467.4,1845.8,2447.5,1852.8
5-18,Uninfected,No_comment,Polygon,18,2377.6,1663.55,2382.4,1643.65,2390.5,1621.05,2412.55,1606,2434.6,1596.85,2452.85,1596.35,2476,1599,2493.2,1610.85,2508.8,1636.1,2511.45,1651.2,2500.7,1675.9,2492.1,1691.5,2478.65,1701.7,2459.85,1709.8,2444.25,1711.95,2416.3,1704.95,2398.55,1696.9,2387.25,1685.6
5-19,Uninfected,No_comment,Polygon,17,2290.5,1631.8,2279.75,1614.6,2275.45,1590.95,2282.95,1566.25,2295.3,1537.2,2324.35,1518.9,2353.4,1509.75,2382.4,1517.85,2395.85,1526.45,2410.4,1554.4,2409.85,1575.9,2402.85,1589.9,2388.9,1608.7,2372.2,1623.75,2353.95,1633.95,2332.95,1640.95,2321.65,1647.4
5-20,Uninfected,No_comment,Polygon,19,2227.55,1657.65,2234.05,1638.25,2247.45,1616.25,2270.05,1605.5,2294.8,1601.2,2310.4,1607.7,2329.75,1627,2337.8,1641.5,2346.95,1675.9,2343.7,1697.4,2334.55,1708.7,2322.2,1720,2302.85,1730.75,2289.4,1735.6,2264.15,1730.75,2245.85,1723.75,2231.35,1712.45,2226.5,1695.8,2225.95,1675.9
5-21,Uninfected,No_comment,Polygon,29,2645.9,1516.2,2640.5,1525.9,2635.15,1540.4,2616.85,1546.35,2614.7,1557.6,2620.6,1567.3,2622.75,1584.5,2620.6,1596.85,2634.6,1610.3,2641.6,1614.6,2645.9,1620.55,2650.2,1631.3,2657.15,1630.2,2666.85,1636.65,2679.75,1635.6,2699.1,1634.5,2708.25,1627.5,2718.45,1629.65,2723.85,1622.7,2729.2,1600.1,2733.5,1585.05,2727.05,1573.75,2715.8,1550.1,2707.7,1535.05,2698.05,1528.05,2692.65,1518.9,2677.6,1516.2,2665.25,1521.6,2658.25,1516.75
5-22,Uninfected,No_comment,Polygon,17,2294.2,1889.35,2286.7,1862,2290.45,1820.6,2302.25,1801.75,2324.85,1796.35,2349.05,1797.45,2365.7,1802.8,2400.65,1816.3,2419.5,1838.3,2430.25,1863.05,2424.3,1888.3,2411.4,1918.95,2392.05,1931.9,2372.7,1937.25,2344.2,1928.1,2332.9,1915.7,2311.4,1904.45
5-23,Uninfected,No_comment,Polygon,18,2234,2010.9,2218.95,2002.8,2209.25,1978.1,2217.3,1952.3,2228.05,1926.45,2256.05,1910.9,2283.45,1908.2,2300.1,1912.5,2320.55,1923.8,2336.7,1943.15,2351.2,1961.95,2343.65,1986.15,2334.55,1997.45,2318.95,2008.25,2307.65,2023.8,2297.45,2033.45,2278.6,2039.9,2258.2,2032.4
5-24,Uninfected,No_comment,Polygon,15,2171.7,2136.15,2146.95,2118.95,2124.9,2086.75,2128.1,2059.3,2136.7,2034,2160.35,2020.05,2178.1,2011.95,2214.15,2017.9,2241.55,2031.85,2254.95,2050.75,2263.55,2082.45,2259.8,2108.2,2246.95,2125.4,2223.25,2138.85,2198.5,2145.3
5-25,Uninfected,No_comment,Polygon,20,2166.8,2227.05,2173.25,2210.35,2182.4,2188.85,2178.65,2170.6,2173.8,2157.65,2165.75,2146.4,2135.65,2133.5,2121.1,2126,2089.4,2127.05,2071.1,2142.6,2051.75,2161.45,2043.7,2184.55,2049.05,2198.05,2056.6,2209.85,2062.5,2223.25,2072.2,2233.5,2087.8,2241.6,2113.6,2248.05,2138.35,2244.25,2155.55,2238.3
5-26,Uninfected,No_comment,Polygon,14,1954.35,2159.25,1956.05,2137.25,1962.5,2107.1,1972.15,2078.6,1994.2,2063.55,2024.25,2053.9,2046.9,2055.55,2062.45,2062,2071.65,2078.1,2068.4,2107.1,2054.95,2136.65,2030.25,2151.7,2010.85,2163.6,1981.8,2167.35
5-27,Uninfected,No_comment,Polygon,15,1983.45,2387.85,1967.35,2373.3,1959.8,2350.75,1966.8,2315.8,1982.95,2278.7,2004.95,2263.65,2039.9,2256.6,2065.75,2261.5,2081.85,2284.55,2092.6,2312.6,2081.85,2345.35,2067.9,2367.9,2056.6,2381.4,2040.45,2391.1,2020.55,2395.4
5-28,Uninfected,No_comment,Polygon,16,1888.3,2222.15,1910.9,2214.1,1918.95,2203.35,1932.4,2185.6,1938.85,2160.9,1930.75,2122.7,1908.2,2082.4,1885.05,2068.95,1850.1,2070,1828.6,2085.05,1818.95,2110.35,1810.85,2137.2,1813,2168.95,1823.25,2193.15,1836.7,2208.75,1857.1,2221.1
5-29,Uninfected,No_comment,Polygon,16,1687.2,2264.65,1667.85,2254.45,1659.8,2235.6,1662.45,2215.2,1680.75,2186.7,1692.6,2169.5,1730.2,2161.95,1752.25,2159.8,1781.85,2170.55,1805.5,2185.05,1815.15,2209.25,1805.5,2231.85,1788.3,2253.35,1770,2266.25,1742.05,2271.65,1714.65,2271.1
5-30,Uninfected,No_comment,Polygon,15,2273.3,2418.95,2248.05,2412,2229.75,2395.3,2218.95,2367.9,2212,2329.2,2237.25,2286.15,2266.25,2272.2,2284.05,2273.25,2310.4,2279.2,2326.55,2295.3,2337.75,2315.2,2339.9,2347.45,2329.75,2385.65,2320.55,2404.45,2303.95,2415.2
5-31,Uninfected,No_comment,Polygon,14,2322.7,2407.7,2324.85,2426.5,2327,2461.45,2311.95,2488.85,2282.4,2507.15,2250.2,2510.9,2220,2501.25,2196.95,2474.9,2198.5,2446.4,2209.25,2413.05,2231.4,2394.8,2252.45,2382.95,2276.55,2386.7,2304.55,2393.15
5-32,Uninfected,No_comment,Polygon,15,2168.45,2472.2,2176.45,2455.55,2184.55,2427.55,2187.75,2402.3,2182.9,2374.9,2166.8,2354.45,2149.1,2345.3,2117.35,2345.3,2090.45,2366.3,2074.9,2401.75,2073.8,2435.1,2086.15,2466.3,2100.7,2475.45,2120,2482.95,2132.9,2485.65
5-33,Uninfected,No_comment,Polygon,14,2323.8,2645.85,2319.5,2632.4,2318.95,2605.55,2330.8,2577.55,2356.05,2557.15,2380.25,2549.1,2409.3,2558.75,2429.75,2571.1,2445.3,2590.5,2460.9,2617.9,2445.85,2664.7,2418.45,2680.8,2389.4,2688.85,2357.7,2678.1
5-34,Uninfected,No_comment,Polygon,15,2245.85,2668.45,2262,2649.6,2272.75,2621.65,2278.1,2593.7,2266.8,2557.15,2245.3,2536.7,2218.95,2524.9,2184.55,2532.4,2167.35,2555.55,2158.2,2577.05,2156.05,2603.4,2157.15,2631.35,2169.5,2660.4,2185.65,2675.95,2199.6,2678.65
5-35,Uninfected,No_comment,Polygon,15,1929.7,2586.2,1906.05,2578.1,1871.1,2558.2,1858.2,2507.7,1867.85,2487.8,1879.7,2466.8,1898.5,2455,1936.15,2456.05,1961.4,2459.8,1978.6,2475.4,1988.85,2491,1996.35,2524.35,1994.75,2541.55,1985.05,2564.15,1965.7,2578.1
5-36,Uninfected,No_comment,Polygon,12,2114.1,2781.4,2072.15,2762.55,2060.35,2729.2,2057.65,2693.75,2070.55,2668.45,2098,2657.15,2125.95,2651.8,2157.65,2663.6,2176.5,2681.35,2184.55,2722.75,2180.25,2764.15,2143.15,2782.5
5-37,Uninfected,No_comment,Polygon,16,2170.55,2809.85,2178.65,2785.15,2189.95,2750.75,2213.05,2724.9,2250.7,2713.65,2274.35,2716.3,2299.05,2733.5,2327.55,2749.7,2325.95,2768.45,2302.3,2783.55,2270.6,2807.2,2252.85,2827.1,2227.55,2841.6,2209.3,2855.05,2188.85,2855.05,2173.8,2844.3
5-38,Uninfected,No_comment,Polygon,14,2722.25,2621.15,2733,2614.1,2746.95,2603.95,2758.8,2589.9,2767.95,2558.75,2762,2522.75,2746.45,2502.35,2713.65,2495.3,2690.5,2502.35,2667.4,2517.35,2651.8,2538.85,2650.7,2570.55,2655.55,2594.8,2668.45,2609.8
5-39,Uninfected,No_comment,Polygon,13,2616.3,2687.85,2616.85,2671.65,2629.2,2641.05,2653.4,2631.9,2679.2,2629.15,2706.1,2641.55,2719,2665.8,2724.4,2693.7,2709.85,2719.55,2688.9,2736.15,2668.45,2738.3,2650.7,2731.4,2631.9,2717.4
5-40,Uninfected,No_comment,Polygon,13,2528.15,2517.85,2513.1,2539.45,2518.45,2566.85,2524.9,2608.25,2552.85,2639.9,2577.6,2644.25,2609.3,2629.15,2623.3,2602.3,2633.5,2569,2624.9,2533,2608.25,2504.95,2579.75,2491,2542.65,2495.3
5-41,Uninfected,No_comment,Polygon,16,2393.2,2468.45,2408.75,2453.9,2431.35,2443.15,2458.25,2443.15,2487.8,2453.4,2501.25,2472.15,2507.15,2485.6,2505.95,2517.95,2505,2536.7,2489.95,2556.05,2466.85,2565.75,2437.8,2559.25,2418.45,2549.1,2403.95,2535.6,2394.25,2522.15,2388.9,2496.35
5-42,Uninfected,No_comment,Polygon,15,2636.1,2285.3,2636.1,2264.7,2645.1,2234.5,2661.5,2219.75,2685.85,2205.4,2721.85,2203.85,2744.05,2213.9,2765.2,2237.15,2774.7,2269.4,2768.4,2299.65,2750.95,2317.05,2723.95,2328.75,2690.6,2331.3,2668.4,2322.4,2655.7,2312.85
5-43,Uninfected,No_comment,Polygon,15,2522.35,2389.6,2514.95,2376.9,2507,2342.45,2519.7,2309.7,2556.2,2278.95,2579.5,2276.8,2594.85,2282.1,2604.9,2293.3,2619.2,2316.05,2625,2348.85,2619.2,2372.6,2602.75,2394.3,2586.35,2408.05,2561.5,2411.8,2538.75,2404.35
5-44,Uninfected,No_comment,Polygon,16,2428.7,2364.7,2413.85,2363.05,2392.7,2344.6,2381,2322.9,2378.95,2299.05,2390.6,2260.4,2403.8,2235.6,2436.1,2223.95,2460.95,2228.65,2481.6,2237.65,2493.25,2256.2,2503.3,2284.3,2496.95,2324.45,2485.3,2341.95,2468.9,2356.2,2454.1,2362
5-45,Uninfected,No_comment,Polygon,18,2828.7,2173.1,2835.55,2160.95,2858.85,2146.2,2882.15,2139.25,2900.65,2141.9,2916.55,2148.75,2931.9,2158.3,2941.95,2177.35,2941.95,2204.4,2943,2227.6,2931.9,2245.15,2914.95,2259.9,2886.85,2266.25,2858.85,2256.2,2845.1,2246.2,2834.55,2229.25,2825.55,2210.2,2823.95,2195.35
5-46,Uninfected,No_comment,Polygon,16,2857.8,2331.85,2864.15,2314.95,2875.8,2294.3,2899.05,2279.5,2925.5,2278.4,2949.35,2287.4,2972.6,2299.05,2989.5,2322.85,2996.9,2356.2,2990.55,2378.35,2966.8,2401.7,2934,2409.1,2909.6,2406.95,2886.85,2400.1,2872.6,2388.5,2863.6,2372
5-47,Uninfected,No_comment,Polygon,17,2828.15,2381,2817.55,2360.45,2805.4,2339.75,2778.9,2331.35,2752.45,2330.8,2729.75,2344.05,2721.25,2360.45,2713.35,2381.55,2712.3,2403.75,2723.9,2434.5,2737.1,2453.05,2760.45,2461.45,2793.25,2461.45,2806.5,2451.9,2817.55,2440.35,2827.05,2424.45,2830.75,2400.1
5-48,Uninfected,No_comment,Polygon,16,2977.35,2414.4,2967.3,2439.8,2971.5,2464.1,2995.85,2497.5,3019.15,2517.6,3039.8,2525.45,3064.1,2528.15,3081.1,2515.95,3095.85,2498.55,3105.4,2475.25,3099.05,2446.7,3089,2426.6,3068.95,2410.7,3043,2400.6,3014.95,2401.7,2995.85,2402.75
5-49,Uninfected,No_comment,Polygon,18,3037.7,2287.9,3029.25,2279.45,3014.95,2268.35,3005.95,2253.55,2999.1,2233.4,3004.9,2191.6,3020.25,2172.55,3036.65,2160.95,3054.1,2149.8,3081.1,2157.25,3100.15,2166.75,3121.3,2185.25,3132.95,2208.55,3141.45,2240.85,3119.2,2272.6,3103.85,2286.85,3077.4,2292.7,3058.35,2292.15
5-50,Uninfected,No_comment,Polygon,18,2956.25,2091.1,2959.95,2069.9,2973.7,2040.8,2984.8,2027.6,3014.95,2018.05,3042.5,2017.55,3062.6,2028.65,3077.4,2049.8,3084.3,2069.9,3086.4,2086.85,3085.35,2109.1,3063.1,2130.25,3037.7,2142.4,3013.4,2146.65,2993.8,2140.85,2984.3,2129.7,2974.75,2117,2965.25,2108.55
5-51,Uninfected,No_comment,Polygon,18,3113.4,2018.05,3104.4,2031.8,3099.1,2054.05,3103.35,2077.35,3119.75,2108,3138.8,2121.8,3171.6,2127.05,3193.3,2128.65,3222.9,2119.65,3239.3,2097.95,3248.3,2074.7,3244.6,2045.05,3237.75,2024.95,3227.7,2007.5,3208.65,1993.2,3171.05,1988.95,3154.65,1993.2,3141.45,1998.5
5-52,Uninfected,No_comment,Polygon,17,3159.4,2245.05,3153.6,2228.65,3154.65,2202.75,3163.65,2180.5,3177.4,2165.7,3190.1,2157.25,3223.45,2150.4,3247.8,2151.4,3267.9,2160.4,3289.6,2173.1,3301.75,2206.95,3295.95,2241.9,3282.7,2255.65,3254.15,2273.65,3234.05,2281.05,3206.5,2273.1,3185.9,2265.15
5-53,Uninfected,No_comment,Polygon,16,3331.4,2228.65,3327.15,2249.85,3334.55,2282.1,3352.55,2312.25,3367.9,2324.95,3418.15,2320.75,3435.1,2311.75,3454.7,2293.75,3463.65,2267.8,3462.1,2235.55,3447.25,2203.8,3428.2,2189,3406.5,2185.8,3380.05,2191.1,3363.65,2193.2,3353.1,2202.2
5-54,Uninfected,No_comment,Polygon,26,3246.65,2150.85,3252.55,2144.5,3255.2,2131.25,3253.65,2110.7,3269.5,2107.5,3280.6,2108.55,3289.6,2094.3,3300.2,2083.15,3318.7,2086.8,3329.8,2087.35,3338.8,2089,3338.3,2101.15,3337.75,2118.55,3348.35,2136.6,3354.7,2147.15,3353.1,2160.35,3341.45,2171.55,3334.05,2179.95,3332.45,2189.45,3328.25,2202.7,3317.1,2211.2,3306,2211.2,3297.45,2200.65,3286.35,2186.8,3271,2178.4,3255.15,2164.05
5-55,Uninfected,No_comment,Polygon,17,3266.35,1947.7,3274.8,1928.65,3285.9,1911.15,3299.15,1901.6,3320.85,1897.9,3354.15,1907.95,3378.5,1919.65,3395.45,1947.2,3399.15,1967.8,3393.3,1993.7,3379.55,2019.1,3361.55,2028.15,3336.15,2028.15,3310.75,2020.15,3291.7,2012.25,3275.3,2000.55,3267.9,1968.3
5-56,Uninfected,No_comment,Polygon,16,3432.45,2029.65,3434.6,2019.6,3439.35,2002.75,3452.05,1985.8,3469,1973.1,3500.2,1971.45,3527.7,1983.7,3553.1,1995.85,3566.85,2019.1,3562.65,2060.9,3555.75,2077.8,3536.2,2089,3501.25,2091.1,3480.6,2089,3455.75,2072.05,3443.05,2060.4
5-57,Uninfected,No_comment,Polygon,17,3469,2116.45,3475.35,2139.25,3489.1,2157.7,3506,2181.05,3527.2,2188.95,3542,2193.15,3564.25,2188.95,3598.6,2179.95,3610.25,2169.4,3621.9,2147.65,3617.15,2127.1,3608.65,2111.75,3589.1,2091.65,3562.1,2079.45,3527.15,2072.5,3503.9,2086.7,3488.55,2097.45
5-58,Uninfected,No_comment,Polygon,17,3747.85,2167.8,3749.4,2136.6,3751.55,2110.65,3761.6,2100.05,3778,2079.45,3802.35,2061.45,3822.45,2051.9,3835.15,2046.65,3854.2,2055.1,3871.65,2077.85,3872.2,2128.1,3862.15,2156.15,3847.85,2172.55,3832.5,2186.3,3809.75,2196.9,3786.45,2201.15,3771.1,2191.1
5-59,Uninfected,No_comment,Polygon,16,3656.8,2007.5,3652.6,2029.7,3658.4,2049.8,3670.6,2073.1,3688.05,2092.15,3722.95,2094.8,3753.65,2083.65,3776.95,2065.15,3789.65,2036.6,3788.6,2013.3,3779.2,1990.6,3766.9,1970.45,3732.5,1962.5,3710.25,1967.8,3687.5,1976.25,3676.4,1984.2
5-60,Uninfected,No_comment,Polygon,17,3969,2048.25,3978,2029.2,3991.25,2014.45,4009.2,2005.45,4039.9,2002.8,4060.55,2004.9,4086.5,2015.5,4107.65,2029.2,4119.8,2049.9,4120.85,2077.35,4111.35,2101.2,4099.7,2113.3,4071.65,2121.3,4038.85,2120.25,4011.35,2110.75,3985.95,2099.05,3974.85,2083.7
5-61,Uninfected,No_comment,Polygon,16,3829.3,1973.65,3825.05,1962.55,3824,1941.9,3835.15,1921.25,3849.4,1905.4,3875.85,1895.9,3913.95,1901.15,3934.6,1910.15,3951.55,1932.4,3956.85,1959.9,3949.4,1989.55,3935.65,2010.7,3915.55,2018.65,3877.45,2021.3,3860.55,2014.95,3843.6,1999.05
5-62,Uninfected,No_comment,Polygon,18,3822.95,1789.5,3827.7,1769.95,3839.9,1753.55,3862.65,1742.45,3884.85,1740.3,3901.25,1744,3916.1,1748.8,3935.65,1763.05,3947.85,1782.1,3952.05,1806.45,3952.05,1831.3,3932.5,1854.6,3899.15,1867.85,3883.3,1866.25,3864.25,1860.4,3848.9,1849.3,3838.85,1838.75,3830.35,1828.7
5-63,Uninfected,No_comment,Polygon,16,3646.75,1881.6,3640.4,1874.7,3628.25,1860.95,3617.1,1836.1,3618.7,1803.8,3635.1,1777.9,3663.15,1764.1,3687.5,1759.35,3707.6,1767.85,3730.35,1780.55,3746.25,1795.85,3756.3,1819.15,3746.25,1855.65,3733.55,1872.6,3710.8,1881.6,3687.5,1884.75
5-64,Uninfected,No_comment,Polygon,16,3599.15,1623.85,3604.95,1606.95,3626.1,1581,3640.95,1570.95,3665.3,1565.15,3684.85,1567.25,3708.65,1583.65,3721.35,1608,3728.75,1637.1,3727.2,1660.9,3715,1682.05,3688.55,1701.1,3664.2,1704.8,3641.45,1696.35,3617.65,1679.4,3606.55,1660.9
5-65,Uninfected,No_comment,Polygon,17,3496.5,1735,3501.25,1722.8,3506.55,1696.35,3508.15,1679.95,3516.05,1657.75,3542.5,1642.9,3565.25,1632.85,3573.2,1631.8,3584.3,1648.75,3599.65,1677.3,3615.55,1702.15,3620.3,1731.3,3605.5,1756.7,3586.95,1769.9,3562.1,1781,3524,1772.55,3508.15,1761.95
5-66,Uninfected,No_comment,Polygon,20,3483.25,1753.5,3484.3,1740.8,3486.95,1719.1,3492.8,1691.05,3495.95,1670.45,3493.3,1651.9,3482.2,1637.6,3465.8,1628.1,3442.5,1626,3415,1640.8,3398.6,1656.65,3383.25,1697.4,3378.5,1723.85,3381.15,1747.7,3392.8,1765.15,3404.95,1775.2,3426.65,1783.65,3442,1781.55,3457.85,1776.25,3468.95,1767.8
5-67,Uninfected,No_comment,Polygon,16,3527.7,1574.65,3516.6,1564.6,3510.25,1540.25,3510.25,1520.7,3521.85,1501.1,3534.55,1485.75,3559.95,1474.65,3597.6,1477.3,3615.55,1482.05,3631.95,1495.3,3645.7,1516.95,3645.7,1545.55,3634.05,1559.85,3610.3,1575.2,3587.55,1583.65,3560.5,1581.55
5-68,Uninfected,No_comment,Polygon,15,3318.75,1543.95,3322.9,1527.55,3338.3,1505.35,3386.45,1483.1,3417.1,1470.4,3467.35,1473.6,3482.25,1482.6,3488,1499,3490.65,1515.4,3480.05,1538.15,3453.15,1554,3406.5,1571.45,3374.8,1574.65,3359.95,1575.7,3335.6,1566.2
5-69,Uninfected,No_comment,Polygon,17,3311.3,1408.5,3318.15,1381,3326.65,1369.35,3347.25,1356.65,3367.9,1348.7,3383.75,1357.2,3394.35,1369.35,3410.75,1385.75,3418.2,1404.8,3416.05,1429.65,3404.4,1446.6,3389.6,1458.75,3370.05,1469.35,3344.15,1471.45,3324.5,1460.9,3317.65,1445.55,3312.85,1430.2
5-70,Uninfected,No_comment,Polygon,16,3197.5,1639.75,3205.45,1618.6,3217.6,1599.5,3237.2,1591.1,3257.3,1593.15,3279,1601.15,3300.7,1618.05,3311.8,1640.8,3317.6,1670.4,3310.2,1693.2,3292.2,1709.6,3274.2,1718.6,3245.65,1713.3,3226.6,1708,3213.9,1696.4,3201.2,1669.9
5-71,Uninfected,No_comment,Polygon,18,3130.3,1614.9,3130.85,1596.9,3127.1,1580.45,3117.05,1555.65,3095.4,1536.6,3062.05,1527.05,3029.75,1533.95,3012.85,1545.5,3005.4,1571.5,3007.55,1592.65,3020.25,1616.5,3035.6,1632.35,3055.15,1643.45,3072.6,1650.85,3089.55,1650.35,3102.8,1648.75,3118.65,1637.65,3127.65,1626
5-72,Uninfected,No_comment,Polygon,15,3093.8,1486.85,3091.65,1473.6,3099.6,1444,3107,1428.1,3128.2,1413.3,3151.45,1403.75,3180.55,1412.25,3196.45,1424.95,3207.55,1441.35,3216,1465.1,3210.75,1494.8,3184.25,1524.95,3159.95,1532.9,3137.2,1527.05,3110.7,1511.2
5-73,Uninfected,No_comment,Polygon,18,3141.95,1856.15,3170.5,1858.85,3186.9,1850.35,3201.15,1837.65,3213.35,1811.7,3221.25,1792.65,3214.95,1764.6,3208.05,1747.15,3195.35,1733.4,3178.4,1721.75,3153,1722.3,3132.4,1731.8,3110.2,1743.45,3096.95,1772,3093.8,1791.05,3097.5,1817.55,3110.75,1837.65,3119.7,1845.55
5-74,Uninfected,No_comment,Polygon,16,3318.15,1831.8,3327.15,1816.45,3347.8,1799.55,3383.7,1793.2,3416.5,1797.4,3444.55,1806.4,3469.5,1817,3481.1,1838.7,3481.65,1860.9,3473.15,1882.6,3448.85,1899,3418.65,1909.6,3385.9,1907,3353.6,1894.8,3331.4,1870.95,3318.7,1849.3
5-75,Uninfected,No_comment,Polygon,17,2531.3,1425.45,2512.8,1427.6,2478.95,1433.4,2459.9,1447.15,2448.25,1460.9,2444.6,1476.8,2447.2,1498.5,2462.05,1518.05,2489,1528.65,2516.55,1527.05,2535.6,1527.05,2552.5,1514.9,2565.2,1500.6,2576.8,1486.3,2573.65,1449.8,2565.2,1438.7,2540.85,1422.3
5-76,Uninfected,No_comment,Polygon,16,2530.25,1437.05,2524.95,1420.2,2524.95,1393.2,2534,1367.25,2552.5,1355.1,2566.75,1349.8,2581.1,1347.7,2604.35,1361.95,2620.25,1377.85,2633.95,1395.3,2642.45,1422.3,2629.25,1440.3,2614.9,1454.55,2594.3,1459.35,2564.05,1459.3,2549.25,1452.4
5-77,Uninfected,No_comment,Polygon,17,2468.9,1268.85,2475.25,1249.25,2490.05,1237.65,2513.35,1226,2536.1,1220.7,2556.75,1229.7,2575.8,1244,2584.8,1259.3,2586.35,1293.7,2584.25,1318.6,2568.9,1338.15,2542.45,1351.4,2517.05,1350.85,2497.5,1344,2481.05,1332.85,2472.1,1316.45,2471,1294.25
5-78,Uninfected,No_comment,Polygon,18,2603.3,1255.6,2600.65,1279.45,2599.05,1305.35,2611.25,1322.8,2622.9,1336.6,2633.95,1347.15,2655.15,1351.9,2675.75,1349.8,2696.95,1336.6,2707,1328.65,2716.55,1311.2,2722.35,1286.85,2713.35,1259.3,2702.8,1239.2,2688.45,1228.65,2662.05,1221.75,2637.65,1226,2623.95,1234.45
5-79,Uninfected,No_comment,Polygon,20,2882.15,1396.35,2892.2,1387.35,2905.45,1376.25,2930.3,1374.65,2939.3,1377.3,2949.35,1379.95,2958.3,1385.8,2972.1,1394.25,2983.2,1412.75,2990.65,1433.95,2983.7,1469.4,2973.65,1480.5,2951.45,1487.4,2931.35,1491.6,2912.3,1483.15,2887.4,1469.9,2877.9,1455.1,2871,1439.75,2875.3,1418.05,2880.05,1410.1
5-80,Uninfected,No_comment,Polygon,18,2726.05,1193.2,2725,1204.3,2719.2,1232.35,2725.55,1255.65,2735.6,1292.15,2756.75,1311.2,2778.95,1312.75,2793.25,1311.2,2814.4,1299.55,2822.35,1286.3,2826.6,1263.05,2837.15,1245.55,2836.65,1214.35,2827.1,1191.6,2812.85,1178.35,2785.85,1168.85,2756.75,1177.85,2746.1,1182.1
5-81,Uninfected,No_comment,Polygon,17,2592.65,1039.2,2598.55,1025.45,2611.25,1014.35,2635.05,1005.9,2654.6,1003.75,2686.9,1010.1,2705.95,1022.8,2715.45,1039.2,2724.45,1068.85,2718.65,1092.65,2705.4,1114.35,2684.8,1123.85,2658.85,1127.05,2635.05,1123.35,2611.25,1110.65,2592.65,1094.25,2591.15,1072.55
5-82,Uninfected,No_comment,Polygon,21,2328.7,1264.05,2349.85,1256.7,2356.2,1245.55,2364.15,1239.2,2385.3,1233.35,2408.6,1241.3,2423.95,1248.2,2434.55,1257.7,2452,1299,2454.1,1313.8,2439.3,1347.15,2420.25,1357.2,2398.55,1360.35,2379.5,1352.4,2359.4,1345.55,2345.65,1336,2340.35,1331.25,2330.8,1324.4,2328.7,1312.75,2322.35,1299.5,2326.05,1284.7
5-83,Uninfected,No_comment,Polygon,20,2331.85,1354.55,2328.7,1362.5,2323.35,1369.3,2319.15,1382.55,2318.65,1403.25,2313.35,1426,2317,1444.5,2340.35,1474.15,2349.8,1479.45,2360.95,1481.5,2379.5,1472.55,2399.05,1461.95,2405.4,1438.7,2410.15,1407.45,2396.9,1373.6,2389.55,1360.4,2378.95,1363.55,2360.95,1365.15,2346.1,1362.5,2338.75,1353.45
5-84,Uninfected,No_comment,Polygon,17,2198.5,1342.9,2199.55,1331.8,2204.35,1311.7,2212.25,1303.25,2227.6,1294.25,2251.95,1290,2273.65,1292.65,2288,1300.05,2305.95,1316.45,2312.3,1338.7,2305.4,1363.05,2288.45,1382.1,2264.65,1388.95,2238.75,1386.85,2228.65,1385.25,2213.35,1375.75,2204.35,1359.35
5-85,Uninfected,No_comment,Polygon,19,2290.05,1137.6,2277.9,1174.65,2277.35,1190,2273.65,1215.95,2285.8,1232.85,2297.45,1241.35,2318.1,1237.65,2328.7,1237.65,2343.5,1231.3,2353.55,1222.3,2362.55,1212.25,2366.25,1202.7,2371.55,1176.25,2371,1142.9,2362,1129.7,2346.15,1122.3,2322.85,1117.5,2311.75,1124.9,2297.45,1132.35
5-86,Uninfected,No_comment,Polygon,16,2130.25,1329.7,2156.75,1329.7,2177.9,1319.1,2194.3,1289.5,2201.7,1268.3,2196.4,1233.4,2185.3,1219.65,2164.1,1203.25,2140.3,1199,2109.6,1204.8,2098,1213.8,2083.2,1235.5,2078.95,1249.25,2078.95,1268.85,2088.45,1295.3,2095.9,1306.95
5-87,Uninfected,No_comment,Polygon,16,2021.3,1068.25,2050.4,1050.85,2064.15,1020.6,2064.15,984.7,2055.65,953.95,2045.6,941.25,2029.75,925.45,1995.9,918.5,1961.5,927.5,1942.45,943.9,1922.35,978.8,1919.65,1011.6,1929.75,1034.45,1953,1067.75,1969.4,1073.05,1994.8,1073.6
5-88,Uninfected,No_comment,Polygon,17,1948.25,1228.05,1974.2,1221.2,1989.5,1211.7,2003.8,1197.95,2013.85,1180.95,2018.1,1158.2,2011.2,1133.3,2000.1,1116.4,1981.6,1098.45,1960.4,1084.1,1925.5,1089.45,1898.5,1108.5,1882.1,1126.45,1878.95,1162.5,1881.05,1182.6,1891.65,1201.1,1907,1215.35
5-89,Uninfected,No_comment,Polygon,14,2095.35,982,2089.55,963.45,2093.75,940.7,2115.45,910.1,2139.8,901.1,2185.3,905.25,2209.65,921.15,2221.8,941.85,2237.15,969.8,2228.15,995.8,2209.1,1020.6,2183.2,1032.3,2149.3,1030.65,2122.35,1021.15
5-90,Uninfected,No_comment,Polygon,16,2024.45,1097.85,2046.65,1087.3,2059.35,1081.45,2060.4,1065.05,2068.9,1051.35,2104.85,1046.55,2119.7,1056.05,2132.9,1068.75,2139.25,1105.35,2139.25,1124.4,2128.7,1146.6,2108.6,1161.35,2082.1,1173.05,2051.95,1164.05,2037.15,1151.35,2027.1,1125.45
5-91,Uninfected,No_comment,Polygon,32,1772.05,1053.5,1771,1043.95,1773.65,1033.85,1761.45,1026.45,1765.15,1016.9,1771.5,1007.9,1775.2,994.2,1780.5,985.7,1799.05,985.15,1807.5,985.15,1828.65,975.15,1839.8,979.95,1843.5,990,1859.9,986.3,1864.65,995.2,1879.45,999.5,1884.75,1007.9,1887.4,1022.8,1895.85,1019.1,1903.25,1030.15,1905.4,1041.3,1900.65,1063.55,1907.5,1068.25,1899.55,1078.3,1889.5,1087.3,1870.45,1102.7,1859.9,1105.85,1840.3,1100,1822.3,1099,1802.2,1093.15,1789,1079.95,1774.15,1069.3
5-92,Uninfected,No_comment,Polygon,17,1633.95,986.25,1629.7,969.35,1632.3,943.95,1640.3,923.3,1657.7,909,1678.9,903.2,1709.6,900,1734.4,904.8,1748.2,912.2,1764.1,932.8,1774.65,953.45,1768.85,977.8,1751.4,1003.2,1730.75,1018.55,1701.65,1023.85,1682.1,1023.85,1655.6,1016.95
5-93,Uninfected,No_comment,Polygon,18,1540.3,1154.05,1521.25,1148.2,1508.55,1132.85,1494.25,1112.25,1486.3,1083.65,1499,1053.5,1513.85,1033.4,1541.85,1024.9,1558.3,1023.85,1582.1,1032.35,1595.3,1039.2,1608,1051.9,1621.25,1075.2,1625.5,1097.95,1619.65,1119.65,1606.95,1139.75,1597.45,1150.3,1569.9,1157.75
5-94,Uninfected,No_comment,Polygon,17,1423.35,997.4,1414.9,979.4,1403.75,954,1412.75,923.85,1427.05,909.05,1439.75,897.4,1463.05,892.65,1490,894.2,1511.7,906.4,1526.55,929.7,1536.6,955.6,1537.1,986.8,1530.25,1001.1,1516.45,1014.35,1491.6,1021.2,1470.45,1022.8,1448.2,1012.75
5-95,Uninfected,No_comment,Polygon,18,1463.6,830.2,1459.35,821.2,1460.95,797.4,1472.55,780.45,1485.25,767.25,1509.6,751.35,1532.9,741.3,1557.25,731.25,1564.1,726.5,1598.5,737.6,1609.6,751.35,1609.6,772,1598.5,791.05,1584.2,810.1,1568.35,825.45,1541.35,837.6,1509.6,850.3,1483.7,853.5
5-96,Uninfected,No_comment,Polygon,15,2020.75,658.25,2020.75,639.15,2029.15,613.3,2048.2,589.95,2078.95,577.85,2109.05,579.9,2138.75,591.05,2154.1,625.4,2158.85,653.45,2138.75,688.9,2120.2,705.9,2095.85,716.95,2067.25,716.4,2040.85,703.7,2028.15,682
5-97,Uninfected,No_comment,Polygon,20,2154.1,745,2160.95,728.05,2168.35,711.65,2194.3,698.4,2207.55,701.05,2218.05,702.1,2230.25,698.95,2249.8,719.6,2265.7,746.55,2272.05,759.25,2266.8,768.25,2264.7,778.85,2257.8,800,2239.3,813.25,2208,812.7,2191.15,807.4,2174.7,794.2,2163.55,780.95,2164.15,769.3,2157.8,762.95
5-98,Uninfected,No_comment,Polygon,15,1948.75,588.9,1942.95,570.9,1938.75,545.5,1945.1,519.55,1954.1,489.4,1965.7,468.25,1992.7,458.2,2030.25,469.85,2054.05,495.25,2056.2,528.55,2054.55,561.95,2038.75,594.7,2011.2,616.45,1992.7,625.4,1975.25,619.65
5-99,Uninfected,No_comment,Polygon,16,1901.15,768.25,1913.3,749.2,1922.85,728.6,1917.55,697.35,1906.45,672.5,1886.35,657.75,1865.15,651.9,1834.5,652.4,1802.75,666.65,1786.35,697.9,1790.55,716.95,1798.45,740.75,1811.15,755.05,1827.05,766.15,1840.3,775.65,1873.65,775.65
5-100,Uninfected,No_comment,Polygon,16,1687.4,615.35,1682.6,594.2,1683.1,565.15,1691.1,540.2,1701.15,526.5,1725.5,519.05,1752.5,525.4,1771,547.6,1782.65,568.8,1794.8,612.15,1790.05,639.15,1776.3,665.1,1762,675.65,1744.55,671.45,1722.85,661.4,1697.45,636
5-101,Uninfected,No_comment,Polygon,16,1974.15,387.3,1976.8,397.85,1977.85,426.45,1997.45,446,2023.35,462.4,2050.9,461.35,2072.05,455,2091.1,446,2102.75,435.95,2093.75,430.65,2085.8,422.2,2079.45,404.75,2064.65,394.7,2038.25,387.3,2013.3,394.15,1990.55,389.95
5-102,Uninfected,No_comment,Polygon,24,1904.3,438.1,1910.15,420.6,1911.7,395.75,1904.85,377.25,1884.2,360.3,1860.95,343.9,1836.6,349.7,1811.7,356.6,1803.25,368.25,1792.15,388.85,1792.65,400,1786.3,411.1,1790.55,421.15,1799,428.05,1801.15,441.8,1806.95,448.15,1814.35,447.6,1827.6,456.05,1850.35,459.75,1871.5,463.5,1873.65,455,1881.05,448.65,1887.4,451.85,1892.15,449.2
5-103,Uninfected,No_comment,Polygon,17,2145.6,403.15,2152.5,386.2,2156.7,361.9,2163.6,342.3,2181.6,333.3,2201.15,328,2226.55,328,2262.55,347.6,2278.4,378.3,2281.05,413.2,2273.15,442.3,2256.2,454.5,2236.1,456.6,2206.45,456.05,2185.8,460.3,2166.75,447.6,2155.65,434.35
5-104,Uninfected,No_comment,Polygon,14,2140.85,353.4,2138.75,330.65,2129.2,297.3,2117.05,274.05,2073.65,264.5,2040.85,271.95,2026.55,291.5,2020.75,317.95,2020.2,348.65,2032.9,365.6,2063.05,386.2,2090.6,393.1,2113.35,384.1,2122.85,377.75
5-105,Uninfected,No_comment,Polygon,16,2167.85,510.05,2173.65,495.2,2187.95,479.35,2220.2,471.95,2233.45,470.9,2260.45,484.65,2276.85,500,2294.3,522.75,2298.55,554.5,2286.35,567.7,2266.25,582,2242.95,584.1,2217.05,582.55,2193.75,573.55,2183.7,560.85,2174.7,540.7
5-106,Uninfected,No_comment,Polygon,15,2308.05,654,2300.15,630.2,2305.4,601.6,2318.1,574.65,2342.95,561.4,2365.7,556.1,2386.4,566.15,2414.95,587.35,2432.4,607.95,2443.55,637.6,2430.85,679.95,2407.5,698.45,2384.25,710.1,2349.3,699.5,2322.9,683.1
5-107,Uninfected,No_comment,Polygon,27,2401.7,456.1,2411.2,443.4,2428.75,434.4,2445.1,432.85,2460.45,432.85,2467.85,429.1,2471,435.45,2474.2,443.4,2498.55,459.8,2505.45,483.1,2509.1,504.8,2509.65,530.2,2508.1,547.1,2497.45,549.75,2493.75,559.3,2495.95,578.85,2485.85,576.75,2467.35,570.95,2450.4,573.05,2428.75,557.7,2420.75,543.95,2404.35,530.2,2404.85,521.2,2396.95,509,2397.45,499.5,2400.15,487.35,2396.45,476.75
5-108,Uninfected,No_comment,Polygon,18,2653.6,746.6,2670,742.3,2689.55,737.6,2705.95,724.9,2717.6,710,2726.6,692.6,2728.75,674.1,2723.45,647.65,2714.95,630.1,2698.05,617.4,2671.05,610.55,2643.55,620.6,2627.15,634.4,2614.45,655.5,2611.25,673.05,2609.15,697.3,2618.15,717.5,2629.25,735.95
5-109,Uninfected,No_comment,Polygon,18,2710.75,808.95,2704.9,791.05,2705.45,767.15,2713.9,745.45,2726.6,727,2748.85,714.85,2761.55,710.6,2776.35,711.65,2800.7,723.85,2820.25,735.95,2834,760.35,2836.65,782.05,2828.75,815.3,2815.5,837.05,2789.05,846.6,2767.35,849.25,2744.6,844.4,2726.6,833.9
5-110,Uninfected,No_comment,Polygon,18,2482.15,765.65,2482.15,748.1,2482.15,725.4,2495.9,703.15,2519.2,688.4,2539.3,685.75,2553.6,685.75,2571.05,690.95,2586.4,701.6,2602.8,723.85,2613.9,743.4,2611.8,775.15,2602.8,801.1,2584.25,815.3,2549.9,824.85,2522.35,821.2,2505.95,810.1,2493.25,798.45
5-111,Uninfected,No_comment,Polygon,17,2460.95,910.15,2463.05,891.6,2473.1,866.2,2493.7,843.45,2510.7,839.75,2552.5,846.65,2567.25,853.5,2580.5,862.5,2595.85,885.25,2601.7,910.65,2590,935.55,2576.25,958.8,2548.2,968.85,2518.6,973.05,2496.9,960.35,2480,947.1,2469.95,933.9
5-112,Uninfected,No_comment,Polygon,16,2724.4,996.9,2736.1,996.9,2750.9,988.4,2772.55,977.85,2784.75,972.5,2809.65,976.2,2822.35,979.9,2836.6,992.1,2848.3,1011.65,2854.1,1036.05,2846.7,1058.3,2831.35,1068.8,2795.9,1076.2,2768.85,1068.8,2744.55,1052.95,2733.95,1037.05
5-113,Uninfected,No_comment,Polygon,17,2339.25,887.9,2338.75,910.15,2348.25,937.05,2366.2,956.65,2392.15,964.05,2414.9,960.35,2431.85,951.35,2448.2,937.05,2449.85,920.2,2449.25,900,2439.75,881.55,2424.95,866.7,2411.75,856.15,2389.5,850.3,2374.2,856.15,2361.5,866.2,2356.15,873.55
5-114,Uninfected,No_comment,Polygon,27,2350.9,875.2,2334.5,867.75,2329.7,856.15,2327.05,844.45,2317,834.95,2312.25,823.3,2306.45,812.2,2313.8,804.3,2317,795.8,2318.6,785.25,2337.65,777.8,2351.95,770.9,2366.2,769.4,2371,774.6,2383.15,783.1,2408.05,789.95,2418.1,802.2,2418.6,810.65,2432.35,822.25,2427.6,837.1,2435.05,847.65,2432.35,866.2,2432.9,876.8,2421.25,884.8,2410.15,887.95,2385.8,882.65,2370.45,880
5-115,Uninfected,No_comment,Polygon,38,2886.9,788.35,2895.35,780.45,2911.75,774.1,2921.3,780.45,2929.75,777.8,2936.65,784.15,2944.05,792.65,2950.4,793.65,2954.65,799.5,2961.5,820.1,2956.75,830.15,2967.85,838.65,2974.75,855.55,2972.6,867.2,2980,878.3,2987.95,884.65,2986.35,899.5,2982.15,904.8,2991.65,918.55,2985.85,930.25,2978.45,938.65,2975.25,948.7,2962.05,946.1,2943,943.95,2927.65,933.9,2923.4,922.25,2909.1,910.05,2908.05,896.3,2906.5,891.6,2895.35,886.25,2896.95,878.3,2893.8,867.75,2889.55,859.25,2882.15,840.8,2882.65,829.1,2876.3,816.95,2881.6,810.6,2887.95,804.75
5-116,Uninfected,No_comment,Polygon,15,3152,1038.1,3144.6,1054,3144.6,1081,3156.25,1115.45,3170,1143.95,3185.35,1156.1,3216.1,1157.25,3226.6,1150.9,3236.65,1137.65,3240.9,1113.25,3232.95,1084.7,3220.25,1058.3,3207.05,1037.05,3191.15,1027,3167.35,1024.9
5-117,Uninfected,No_comment,Polygon,18,3030.85,1066.7,3022.35,1079.4,3012.85,1102.75,3002.8,1128.65,3010.2,1160.9,3020.25,1179.45,3044.6,1192.7,3081.7,1190,3099.1,1183.15,3115.5,1167.75,3127.15,1156.1,3137.7,1136.55,3141.95,1114.85,3138.25,1090.55,3111.8,1064.65,3087.45,1054,3056.3,1050.8,3043,1055.1
5-118,Uninfected,No_comment,Polygon,17,2911.25,1148.2,2895.4,1135.5,2875.8,1114.3,2867.85,1096.9,2867.85,1069.35,2874.75,1041.3,2893.3,1023.3,2918.15,1013.3,2942.5,1010.6,2965.25,1017.5,2982.75,1030.2,2994.85,1061.45,2999.6,1082.55,2988.5,1107.95,2973.2,1127.55,2961,1139.7,2932.4,1148.2
5-119,Uninfected,No_comment,Polygon,19,3024.5,1054,3037.7,1066.2,3053.05,1072.5,3073.15,1074.15,3085.35,1063.55,3098.55,1049.75,3110.8,1036.05,3114.45,1011.15,3106,979.9,3102.25,956.65,3090.1,940.25,3066.8,931.25,3048.3,931.75,3020.25,937.6,3009.15,947.1,3000.15,967.2,2997,991.55,3000.15,1018,3005.95,1042.4
5-120,Uninfected,No_comment,Polygon,15,3204.95,1256.15,3199.1,1233.4,3206.5,1206.4,3236.7,1189.95,3263.65,1181.55,3289.6,1187.9,3310.75,1207.45,3321.85,1226.5,3328.75,1242.9,3326.65,1270.95,3314.45,1291.05,3290.15,1304.3,3250.45,1309.05,3230.35,1300.6,3217.1,1282.55
5-121,Uninfected,No_comment,Polygon,24,3207.6,1289.4,3214.45,1297.4,3220.3,1313.3,3212.35,1323.35,3194.35,1333.4,3184.3,1341.35,3181.65,1352.95,3161,1358.8,3124,1352.45,3098.6,1350.25,3091.15,1336.05,3087.45,1315.95,3096.45,1295.3,3107.05,1283.65,3120.25,1276.7,3132.95,1264.6,3142.5,1255.1,3152,1253.5,3178.5,1256.15,3188.55,1255.6,3194.35,1263.5,3203.9,1265.15,3211.8,1272,3211.8,1283.05
5-122,Uninfected,No_comment,Polygon,17,3337.75,1147.65,3331.4,1162.5,3333,1197.4,3340.9,1222.2,3353.6,1246.6,3367.9,1259.85,3385.35,1269.35,3409.7,1268.85,3427.15,1262.5,3442.5,1248.75,3452.55,1224.9,3459.45,1193.1,3444.65,1159.85,3433,1146.1,3414.45,1134.45,3394.35,1126.5,3362.1,1128.1
5-123,Uninfected,No_comment,Polygon,16,3529.85,1070.9,3531.95,1053.45,3544.65,1038.1,3564.75,1030.7,3586.45,1030.7,3608.15,1038.1,3625.05,1052.95,3639.3,1082.05,3642.55,1099.5,3635.15,1119.6,3618.75,1137.6,3597.05,1143.95,3571.65,1145,3553.65,1131.75,3530.35,1102.65,3527.15,1084.7
5-124,Uninfected,No_comment,Polygon,24,3509.2,1100.55,3505.5,1075.7,3504.9,1057.7,3495.95,1043.95,3480.1,1034.95,3456.3,1023.3,3435.1,1022.75,3413.4,1029.7,3395.9,1040.25,3391.2,1053.45,3386.95,1064.05,3390.15,1087.85,3390.15,1096.9,3396.5,1105.3,3401.8,1114.85,3416.05,1122.3,3425.6,1126.5,3435.1,1135.5,3447.8,1143.4,3457.85,1141.3,3469.5,1140.75,3480.1,1143.4,3493.3,1134.95,3501.25,1125.4
5-125,Uninfected,No_comment,Polygon,18,3649.4,1138.65,3643.6,1154.55,3643.6,1178.35,3647.85,1197.9,3662.1,1218.6,3682.2,1229.15,3697.05,1230.7,3716.05,1225.95,3737.25,1220.15,3751,1206.9,3761,1188.9,3767.95,1169.85,3766.35,1147.1,3757.35,1121.2,3744.15,1105.3,3718.75,1095.25,3691.75,1100.05,3676.95,1109
5-126,Uninfected,No_comment,Polygon,20,3685.4,1278.35,3695.45,1260.35,3704.95,1251.35,3719.25,1242.35,3737.25,1232.3,3766.35,1227,3777.45,1230.7,3798.1,1239.2,3812.4,1249.25,3825.1,1264.6,3832.5,1276.25,3834.1,1293.15,3828.2,1305.85,3817.15,1318.05,3798.65,1329.65,3779.05,1341.3,3753.65,1346.05,3722.95,1341.3,3701.25,1335.5,3689.65,1319.6
5-127,Uninfected,No_comment,Polygon,17,3829.85,1279.45,3844.65,1268.8,3878.5,1261.95,3906.55,1263.05,3934.6,1269.4,3957.35,1288.95,3966.85,1306.9,3968.45,1336,3962.65,1354.55,3943.55,1366.7,3917.65,1380.45,3893.3,1394.3,3861.6,1391.1,3828.75,1372.55,3817.65,1348.7,3812.9,1322.8,3819.25,1293.7
5-128,Uninfected,No_comment,Polygon,22,3709.7,1474.7,3708.65,1455.15,3717.65,1424.4,3727.2,1409.55,3733.55,1385.75,3743.05,1365.1,3758.9,1357.2,3774.8,1350.85,3807.05,1342.95,3810.25,1353.5,3816.6,1367.25,3828.75,1385.75,3846.75,1397.45,3851,1417.5,3852.6,1432.9,3844.1,1449.25,3826.65,1465.65,3802.85,1483.65,3776.9,1502.15,3765.25,1513.8,3743.05,1513.8,3725.05,1506.95
5-129,Uninfected,No_comment,Polygon,26,3874.25,1450.3,3878,1466.2,3879.05,1484.7,3869.5,1497.95,3868.45,1505.35,3876.35,1511.15,3884.85,1521.75,3877.45,1525.5,3881.7,1537.1,3886.95,1541.9,3883.25,1552.95,3886.95,1567.8,3898.1,1570.5,3911.85,1569.9,3916.1,1576.25,3919.25,1611.7,3930.35,1611.15,3943.05,1602.15,3959.45,1589.55,3969,1574.15,3972.15,1541.3,3961.6,1506.95,3947.8,1475.7,3920.85,1459.85,3903.4,1448.8,3882.7,1442.45
5-130,Uninfected,No_comment,Polygon,18,3907.1,1446.6,3904.45,1424.4,3921.3,1412.75,3929.85,1396.35,3950.45,1385.25,3971.65,1387.35,3984.35,1390.5,3988.05,1403.8,3998.05,1413.85,4006.55,1431.8,4006.05,1460.35,4002.3,1491.05,3992.8,1509.65,3964.75,1514.8,3941.45,1515.9,3921.3,1506.9,3914.4,1493.65,3910.75,1475.15
5-131,Uninfected,No_comment,Polygon,20,4021.35,1405.35,4031.45,1385.75,4049.35,1373.05,4075.85,1365.1,4099.15,1368.9,4122.9,1385.75,4134.6,1405.35,4142,1427.05,4143.6,1458.3,4136.2,1483.65,4133.55,1514.35,4123.5,1529.7,4113.95,1536.05,4100.2,1537.6,4085.95,1528.1,4076.95,1518.55,4058.9,1509.05,4033.55,1490.6,4024.55,1467.85,4024,1440.25
5-132,Uninfected,No_comment,Polygon,13,3957.9,1072.55,3959.5,1048.2,3972.7,1020.7,4003.4,1005.85,4032,1000.05,4064.8,1011.15,4086.5,1031.25,4096,1056.15,4092.3,1091.6,4072.7,1116.45,4032.5,1129.15,3997.6,1122.25,3973.75,1111.7
5-133,Uninfected,No_comment,Polygon,17,3950.5,1038.65,3953.65,1020.7,3945.2,1005.85,3930.4,990,3892.8,988.4,3873.75,992.1,3859.5,1003.75,3846.8,1018.55,3836.2,1048.2,3836.2,1075.7,3850.5,1100.6,3876.95,1114.85,3891.75,1115.4,3904.45,1111.15,3918.2,1103.2,3931.45,1089.45,3941.5,1070.4
5-134,Uninfected,No_comment,Polygon,15,3717.65,1082.6,3702.35,1063,3692.8,1026.45,3701.25,995.8,3712.9,975.7,3742,963,3769.55,957.2,3797.55,963.55,3818.2,975.7,3828.8,1013.8,3827.2,1044.5,3817.15,1069.35,3804.45,1088.95,3779.6,1096.85,3751.55,1093.65
5-135,Uninfected,No_comment,Polygon,18,3546.25,1001.1,3540.4,981.5,3535.1,960.9,3539.35,931.25,3546.75,913.8,3558.95,901.1,3571.1,892.65,3589.6,885.2,3614.5,888.4,3635.65,899,3645.7,921.2,3652.05,945,3645.2,970.95,3637.75,987.35,3626.15,1002.7,3602.3,1009.05,3586.45,1012.2,3566.85,1010.65
5-136,Uninfected,No_comment,Polygon,15,3756.8,873.55,3754.15,848.7,3766.85,813.75,3790.15,788.95,3822.95,777.25,3846.2,776.25,3857.85,781.5,3882.7,795.3,3890.15,830.25,3887.5,858.2,3868.95,882.1,3851.5,894.8,3824.5,902.65,3800.2,902.15,3775.85,892.6
5-137,Uninfected,No_comment,Polygon,16,3499.65,881.55,3489.6,864.55,3480.6,842.85,3485.9,808.55,3502.3,773.55,3529.25,752.4,3555.7,742.35,3575.3,740.8,3586.95,742.85,3600.7,753.5,3611.3,779.95,3601.75,818.55,3589.6,850.8,3567.35,867.75,3539.3,883.1,3519.75,887.9
5-138,Uninfected,No_comment,Polygon,17,3691.7,623.8,3679.55,640.75,3668.95,673.6,3666.3,702.2,3676.35,730.7,3708.1,760.4,3735.1,758.75,3759.45,747.15,3784.85,733.85,3796.5,709.55,3807.6,683.15,3807.6,650.8,3798.05,622.3,3783.8,604.25,3762.1,594.7,3735.65,600.55,3722.4,606.4
5-139,Uninfected,No_comment,Polygon,21,3809.2,548.15,3808.7,533.85,3809.2,514.25,3823.5,511.1,3829.3,501.05,3846.75,500.5,3879.05,497.85,3901.8,497.85,3943.1,551.85,3948.9,558.7,3945.2,580.95,3940.95,602.65,3938.3,614.8,3913.95,623.8,3888.6,627,3864.75,624.35,3838.85,616.4,3824.55,605.3,3810.25,587.8,3794.4,569.3,3788.55,550.25
5-140,Uninfected,No_comment,Polygon,16,3823.4,667.7,3837.75,650.8,3857.8,642.3,3880.05,640.25,3896.45,638.65,3919.2,643.95,3935.65,651.35,3952.05,685.75,3947.75,711.15,3938.8,733.35,3911.3,749.25,3876.35,755.6,3845.1,749.75,3822.35,731.75,3815,721.2,3812.85,702.15
5-141,Uninfected,No_comment,Polygon,30,3444.05,643.4,3457.25,654.5,3469.5,663,3465.75,674.1,3476.3,685.2,3486.9,683.1,3494.35,692.1,3512.8,698.95,3522.4,694.75,3527.65,702.65,3541.95,706.9,3553.05,700.55,3576.3,695.8,3585.85,697.4,3595.35,683.1,3595.9,675.15,3609.7,665.65,3613.9,653.45,3601.2,639.7,3591.65,624.9,3586.35,611.65,3569.95,612.7,3556.2,603.7,3543.5,606.85,3532.45,597.9,3509.1,592.1,3486.35,592.6,3472.65,604.25,3464.65,616.95,3448.85,628.05
5-142,Uninfected,No_comment,Polygon,15,3537.2,339.7,3553.1,310.05,3573.75,286.75,3612.95,276.2,3634.6,276.2,3659.45,291.55,3671.6,311.65,3673.2,343.9,3661.1,373,3631.4,395.8,3607.1,406.9,3580.1,407.95,3556.25,396.3,3534.05,376.2,3534.6,352.9
5-143,Uninfected,No_comment,Polygon,16,3518.15,325.95,3510.3,307.4,3490.15,284.65,3457.3,280.4,3426.65,291.55,3410.75,308.45,3399.15,330.7,3396.45,355.55,3407.05,387.3,3422.95,412.7,3449.45,419.05,3464.2,417.95,3491.25,410.6,3502.85,393.15,3511.3,376.75,3520.85,347.6
5-144,Uninfected,No_comment,Polygon,14,3397,260.85,3384.85,234.4,3367.9,210.05,3344.15,202.65,3304.4,209,3284.3,222.7,3270,242.35,3268.95,279.35,3282.7,311.1,3327.15,333.85,3342.5,331.75,3365.8,322.25,3377.4,309,3390.65,288.35
5-145,Uninfected,No_comment,Polygon,16,3180.05,397.35,3178,375.15,3182.7,345,3195.95,314.8,3218.7,303.2,3245.2,302.65,3271.1,305.8,3287,323.8,3300.7,348.7,3306.05,376.75,3296.5,404.25,3281.1,427.5,3264.25,442.85,3240.4,450.3,3220.25,440.75,3197.05,424.35
5-146,Uninfected,No_comment,Polygon,15,3035.6,469.85,3038.25,442.9,3044.6,418.5,3064.15,404.8,3093.25,399.45,3121.3,394.7,3152,405.3,3174.2,419.05,3185.35,444.95,3175.8,478.35,3149.85,494.75,3126.05,507.45,3101.7,506.95,3070,496.3,3052,485.7
5-147,Uninfected,No_comment,Polygon,18,3207.55,604.2,3196.95,618,3189.55,648.65,3188,680.9,3198.55,703.75,3213.4,723.85,3242.5,735.4,3268.95,731.75,3286.95,722.7,3299.1,711.15,3312.85,698.95,3320.8,673.55,3324.5,646.05,3318.65,618.55,3303.85,597.35,3273.15,583.1,3253.6,583.1,3234,587.3
5-148,Uninfected,No_comment,Polygon,16,3271.1,857.7,3276.35,835.5,3295.4,815.3,3308.6,798.95,3331.95,792.6,3352,795.25,3361,795.75,3381.1,805.3,3400.15,824.35,3408.65,862.45,3404.4,890.5,3389.6,918.55,3343,938.65,3309.2,934.45,3288.5,920.15,3275.3,900.55
5-149,Uninfected,No_comment,Polygon,15,3157.8,886.3,3154.65,858.75,3136.7,832.85,3100.15,816.45,3072.1,814.85,3041.95,828.6,3020.25,844.4,3018.15,868.8,3017.05,887.85,3028.15,902.7,3055.15,921.75,3083.75,931.25,3112.85,931.8,3130.8,925.45,3143.05,914.3
5-150,Uninfected,No_comment,Polygon,40,3467.7,1245.15,3464.85,1234.45,3466.9,1225.85,3474.25,1224.65,3477.95,1218.1,3477.55,1211.15,3496,1208.65,3505.4,1206.6,3513.6,1200.85,3524.65,1204.15,3527.15,1214,3540.25,1216.05,3547.65,1221.35,3546,1232,3553.35,1238.2,3559.5,1246.75,3556.25,1256.6,3565.25,1266.05,3564.85,1277.5,3571.4,1286.95,3571.8,1301.75,3571.4,1312.35,3577.95,1318.1,3570.6,1331.2,3567.3,1340.2,3570.15,1355.85,3547.65,1358.65,3541.05,1364.8,3529.85,1376.2,3509.9,1378.35,3506.65,1366.05,3505.8,1358.25,3495.15,1352.9,3474.25,1336.95,3477.95,1321.75,3470.15,1314.8,3462.4,1307.85,3468.95,1292.65,3459.9,1261.95,3461.55,1256.6
5-151,Uninfected,No_comment,Polygon,16,3746.45,1644.6,3745.05,1613.15,3752.1,1589.65,3768.05,1579.3,3786.85,1574.65,3807.95,1579.8,3828.15,1592,3846.45,1612.2,3855.85,1646,3853.05,1677.9,3841.8,1701.85,3824.4,1710.3,3807.05,1713.15,3775.6,1701.4,3754.9,1680.25,3747.9,1665.7
5-152,Uninfected,No_comment,Polygon,19,4037.1,1718.3,4029.1,1725.8,4019.2,1744.6,4013.65,1771.8,4019.2,1795.75,4034.7,1818.3,4048.8,1839.4,4077.95,1850.2,4095.75,1849.25,4114.1,1841.75,4138,1833.8,4146.9,1813.6,4152.15,1788.7,4143.7,1757.25,4131,1727.7,4116.4,1709.35,4097.65,1708.9,4066.15,1708.9,4059.6,1708.9
5-153,Uninfected,No_comment,Polygon,15,3602.25,2331.25,3606.05,2302.75,3616.25,2273.75,3631.3,2253.3,3650.65,2240.95,3674.85,2231.25,3707.1,2236.1,3720,2245.25,3732.9,2274.8,3727,2313.5,3712.5,2339.85,3686.7,2359.75,3658.2,2371.05,3638.85,2368.9,3613.55,2354.9
5-154,Uninfected,No_comment,Polygon,20,3723.25,2356.55,3720,2343.1,3731.85,2330.7,3742.05,2323.2,3744.2,2312.45,3763.05,2304.4,3783.45,2296.3,3787.75,2288.8,3792.05,2308.15,3803.35,2319.45,3820.55,2337.15,3833.45,2367.8,3834.55,2399,3824.85,2411.9,3807.65,2417.3,3784,2411.9,3760.35,2397.4,3752.8,2392,3743.15,2394.15,3733.45,2382.35
5-155,Uninfected,No_comment,Polygon,18,3466.25,2295.75,3479.7,2277.5,3493.1,2269.95,3517.3,2268.35,3541.5,2273.2,3556.55,2285.55,3571.6,2300.05,3580.2,2319.45,3588.8,2349.55,3576.45,2382.35,3561.95,2392,3531.85,2395.25,3511.95,2389.85,3494.2,2387.7,3478.05,2376.4,3463,2358.15,3456.55,2343.1,3460.85,2315.15
5-156,Uninfected,No_comment,Polygon,14,3439.35,2467.8,3445.25,2442.55,3460.85,2421.05,3485.6,2413.5,3515.7,2411.9,3535.05,2411.9,3561.4,2428.05,3574.3,2451.7,3571.1,2485.05,3558.7,2516.75,3524.85,2539.85,3503.85,2533.95,3473.75,2526.95,3454.95,2515.15
5-157,Uninfected,No_comment,Polygon,15,3571.15,2535.05,3580.3,2516.75,3592.6,2494.7,3621.1,2479.1,3651.2,2473.75,3674.35,2479.65,3697.5,2491.5,3709.3,2518.9,3709.3,2552.8,3700.7,2584.5,3673.85,2602.8,3638.9,2614.05,3607.2,2609.25,3585.1,2583.4,3573.85,2566.2
5-158,Uninfected,No_comment,Polygon,15,3388.8,2613.55,3383.4,2591.5,3391.5,2563.55,3401.15,2550.65,3416.75,2537.2,3451.15,2532.35,3472.7,2539.35,3492.05,2559.25,3505.4,2590.4,3506,2615.7,3492.55,2645.8,3468.35,2658.7,3442.3,2659.75,3428.05,2654.95,3407.6,2640.95
5-159,Uninfected,No_comment,Polygon,17,3269.45,2657.6,3264.05,2644.7,3253.85,2619.45,3258.7,2603.85,3262.45,2582.85,3271.05,2562.45,3290.95,2553.3,3305.45,2546.85,3324.85,2546.3,3343.1,2560.3,3357.6,2577.5,3368.4,2598.4,3364.6,2629.1,3357.6,2657.6,3335.6,2674.8,3315.7,2681.8,3295.25,2678.55
5-160,Uninfected,No_comment,Polygon,14,3109.75,2593.6,3108.15,2570.5,3119.45,2547.9,3148.5,2528.55,3179.1,2526.95,3210.3,2537.7,3226.95,2550.55,3238.8,2578.05,3243.1,2606,3230.75,2639.3,3206,2651.15,3187.75,2653.85,3157.1,2646.25,3135.05,2637.15
5-161,Uninfected,No_comment,Polygon,16,3023.2,2753.3,3028.55,2719.95,3039.9,2702.2,3064.1,2680.15,3086.7,2671.55,3114.6,2669.9,3139.3,2683.35,3152.25,2702.7,3159.2,2724.75,3154.9,2752.7,3143.1,2779.65,3116.25,2799,3088.85,2809.2,3063,2806.5,3044.7,2796.25,3027.5,2779.65
5-162,Uninfected,No_comment,Polygon,16,2849.05,2931.15,2832.25,2908.7,2817.45,2868.4,2825.1,2835.75,2841.4,2816.35,2865.9,2801.05,2897.55,2797,2921.5,2802.6,2939.4,2814.85,2954.7,2838.3,2964.4,2872,2950.6,2901.6,2938.35,2920.95,2916.95,2934.25,2900.6,2941.4,2879.15,2938.85
5-163,Uninfected,No_comment,Polygon,19,2529.15,2762.85,2519.45,2776.6,2501.6,2794.5,2490.9,2811.3,2487.35,2835.8,2488.4,2858.75,2488.4,2878.15,2501.6,2901.1,2522.05,2916.4,2557.75,2922.55,2580.2,2910.3,2598.05,2887.35,2610.3,2867.95,2614.4,2839.9,2603.2,2813.85,2590.4,2789.9,2570,2777.65,2558.75,2768.45,2548.55,2761.3
5-164,Uninfected,No_comment,Polygon,25,1614.25,2356.15,1610.75,2337.85,1616.8,2330.2,1625.5,2329.7,1626.05,2321,1634.15,2316.95,1641.35,2304.7,1654.05,2300.6,1661.25,2290.9,1681.6,2290.4,1699.55,2288.35,1714.85,2301.1,1735.75,2314.4,1738.8,2336.3,1732.65,2358.25,1727.1,2366.95,1730.65,2382.2,1713.3,2391.95,1707.2,2403.65,1698.5,2419,1678.6,2422.05,1650.5,2418.4,1625.05,2410.8,1617.4,2399.1,1610.75,2379.7
5-165,Uninfected,No_comment,Polygon,19,1532.2,2040.35,1537.3,2024.55,1546.45,2009.3,1567.4,1993.95,1583.2,1984.75,1608.2,1986.3,1635.75,1998.05,1655.15,2011.3,1662.8,2034.75,1660.75,2066.9,1655.15,2089.35,1642.9,2106.2,1616.35,2123.55,1585.25,2127.1,1570.95,2123.55,1546.45,2111.3,1537.3,2095.5,1529.65,2077.1,1531.15,2058.25
5-166,Uninfected,No_comment,Polygon,36,1654.65,1966.45,1660.25,1958.3,1660.75,1950.05,1679.65,1938.85,1686.25,1932.2,1691.9,1925.65,1703.1,1927.1,1710.25,1920.55,1730.15,1920.55,1735.75,1927.1,1749.55,1925.65,1756.7,1929.2,1767.4,1934.75,1775.05,1932.2,1786.8,1947.5,1790.85,1959.75,1801.6,1964.85,1804.15,1978.65,1808.75,1987.9,1802.1,2008.25,1791.9,2016.45,1792.9,2028.15,1777.6,2028.65,1769.95,2036.85,1750.55,2041.9,1732.2,2036.85,1725.55,2035.8,1706.15,2037.9,1699.05,2029.65,1692.4,2031.2,1681.15,2025.1,1676.6,2015.9,1668.9,2009.75,1663.3,2001.1,1659.25,1990.45,1652.6,1981.2
5-167,Uninfected,No_comment,Polygon,19,1720.95,1822.05,1727.1,1806.7,1737.3,1790.35,1756.15,1778.7,1782.2,1769.5,1800.55,1769.5,1812.8,1774.6,1828.1,1779.15,1839.85,1788.4,1850.05,1801.15,1857.2,1820.45,1856.7,1846.05,1844.45,1870.5,1820.95,1886.85,1793.95,1892.95,1766.9,1888.85,1744.45,1876.6,1729.15,1862.8,1722.5,1847.05
5-168,Uninfected,No_comment,Polygon,34,2018.45,1799.05,2024.55,1791.4,2028.15,1790.9,2028.65,1774.05,2048,1770.5,2050.05,1758.25,2061.8,1755.1,2072,1754.15,2084.25,1750.6,2098.05,1745.5,2103.65,1740.35,2110.8,1743.45,2112.8,1751.1,2126.1,1747.5,2132.2,1753.15,2132.7,1764.85,2140.9,1766.35,2150.6,1777.1,2148.05,1787.3,2154.65,1803.6,2150.6,1817.35,2134.75,1827.6,2126.55,1846,2121,1854.65,2103.65,1853.15,2096.5,1855.2,2071.5,1857.2,2060.8,1854.65,2057.2,1850.05,2047,1851.05,2038.35,1843.45,2032.7,1832.75,2030.15,1825.6,2023,1814.35
5-169,Uninfected,No_comment,Polygon,17,1609.75,1722,1605.65,1705.7,1620.95,1679.1,1648,1665.3,1673.5,1658.75,1704.15,1661.3,1730.65,1671,1753.6,1694.45,1756.15,1728.15,1751.6,1753.65,1735.75,1774.05,1712.8,1789.35,1683.7,1797,1648,1787.85,1630.15,1776.1,1614.35,1756.2,1611.25,1736.3
5-170,Uninfected,No_comment,Polygon,16,1382.45,1664.85,1378.2,1642,1379.8,1619.1,1393.6,1594.65,1410.1,1577.1,1449.45,1574.45,1474.45,1585.05,1501.6,1608.45,1514.9,1635.6,1521.25,1667.5,1513.3,1701,1496.25,1715.4,1472.85,1728.7,1436.15,1722.3,1414.9,1710.6,1395.2,1689.85
5-171,Uninfected,No_comment,Polygon,24,1325.55,1499.95,1322.35,1484,1320.75,1461.15,1326.6,1452.1,1335.1,1443.6,1342.55,1434.55,1356.9,1427.6,1368.1,1420.15,1376.6,1423.9,1386.15,1422.85,1397.85,1418.6,1407.45,1427.1,1415.4,1431.35,1437.75,1439.85,1441.5,1456.35,1448.4,1473.9,1443.6,1506.35,1429.8,1526,1413.3,1536.1,1390.95,1544.1,1373.4,1543.05,1361.7,1533.45,1349.45,1526.5,1337.25,1521.25
5-172,Uninfected,No_comment,Polygon,18,1493.6,1414.85,1486.15,1430.8,1479.8,1444.1,1481.4,1462.2,1487.25,1488.8,1497.85,1506.35,1519.65,1517.5,1547.35,1526.5,1574.45,1522.85,1592,1513.25,1602.65,1502.6,1611.7,1489.85,1623.95,1460.05,1615.95,1432.95,1600.5,1409,1575,1397.85,1532.95,1395.15,1517.55,1397.85
5-173,Uninfected,No_comment,Polygon,17,1841.45,1437.8,1839.85,1419.15,1843.55,1392,1862.7,1372.85,1888.25,1362.3,1922.3,1363.3,1945.15,1364.4,1963.8,1384.55,1972.85,1412.8,1968.55,1443.65,1959,1460.7,1942.5,1480.3,1922.85,1494.7,1893.05,1494.7,1877.1,1487.8,1863.25,1478.2,1849.95,1464.9
5-174,Uninfected,No_comment,Polygon,18,1822.85,1256.45,1836.1,1239.9,1846.75,1229.25,1870.15,1225,1886.65,1227.1,1909,1235.1,1922.3,1244.75,1938.25,1254.85,1944.65,1278.2,1939.85,1306.45,1934,1326.1,1912.2,1339.4,1888.25,1345.75,1867.5,1345.25,1848.35,1335.1,1828.7,1322.85,1818.05,1301.6,1818.55,1281.45
5-175,Uninfected,No_comment,Polygon,16,1427.65,1245.7,1434.55,1224.45,1447.35,1207.95,1469.65,1201.05,1495.2,1205.3,1512.25,1212.75,1531.9,1223.9,1546.25,1253.15,1554.8,1268.6,1551.6,1298.9,1540.4,1315.4,1513.8,1328.15,1491.5,1324.45,1462.75,1314.35,1446.25,1297.3,1435.65,1274.45
5-176,Uninfected,No_comment,Polygon,24,1414.9,1242,1411.15,1235.6,1400,1231.35,1393.6,1223.9,1379.8,1230.3,1354.8,1242,1342.55,1250.5,1330.3,1261.15,1325,1266.45,1323.4,1285.6,1318.1,1295.7,1320.2,1311.15,1323.95,1323.35,1320.75,1337.2,1335.1,1346.8,1346.8,1348.9,1359.05,1359.55,1376.6,1365.95,1393.1,1362.75,1404.25,1351.05,1413.8,1329.25,1421.25,1298.9,1417,1266.45,1412.25,1255.8
5-177,Uninfected,No_comment,Polygon,18,2712.5,367.6,2719,346.45,2730.15,329.95,2746.05,319.4,2778.95,317.05,2791.95,322.3,2816.6,336.45,2830.75,352.9,2837.75,373.55,2837.75,398.85,2831.95,424.1,2814.3,447.65,2788.4,461.2,2762.45,455.9,2737.15,444.15,2723.65,430.55,2714.3,412.35,2710.15,391.2
5-178,Uninfected,No_comment,Polygon,17,2649.5,197.65,2667.8,174.65,2692.5,157.65,2723.65,152.95,2743.1,165.3,2761.95,177,2779.6,197.65,2781.95,219.95,2776.05,253.5,2764.3,279.4,2736.05,295.9,2711.95,298.25,2686.65,289.95,2672.5,280.6,2663.1,269.4,2653.1,247.65,2647.2,229.4
5-179,Uninfected,No_comment,Polygon,15,2457.75,355.9,2468.4,335.25,2501.25,314.7,2526.55,309.4,2555.45,311.75,2569.55,321.2,2584.85,340.6,2595.45,364.1,2587.8,389.4,2576.55,410.55,2548.4,429.4,2515.4,429.4,2489.55,421.2,2464.85,408.85,2454.85,388.85
5-180,Uninfected,No_comment,Polygon,17,2383.6,278.25,2385.95,261.75,2387.8,243.5,2402.45,217.65,2415.45,207,2444.25,201.15,2479.55,197.65,2507.2,204.65,2520.15,213.5,2528.9,230.6,2527.8,261.15,2514.85,288.8,2484.25,304.1,2452.5,317.05,2435.45,321.2,2409.55,310.6,2390.75,295.25
5-181,Uninfected,No_comment,Polygon,28,2384.25,235.9,2375.45,231.75,2362.45,227.65,2373.1,214.1,2378.95,200,2376.6,186.45,2367.8,173.5,2391.9,161.15,2389.55,148.8,2404.85,141.7,2422.45,115.85,2436.6,111.15,2443.1,121.7,2468.9,118.2,2478.4,128.2,2473.65,144.65,2494.25,157.65,2508.9,170,2491.25,187.65,2485.95,198.3,2489.45,224.15,2458.3,227.65,2460.05,239.45,2449.45,247.65,2422.4,247.65,2417.7,245.3,2400.65,245.3,2386.6,241.15
5-182,Uninfected,No_comment,Polygon,17,2713.7,520.6,2721.95,506.55,2734.3,489.45,2766.05,476.5,2793.1,474.75,2817.25,483.6,2835.45,502.4,2849.6,527.1,2852.55,552.4,2846.05,582.4,2832.55,603.55,2807.25,624.2,2783.1,627.1,2755.45,625.9,2733.7,610.6,2714.8,586.55,2709,554.2
5-183,Uninfected,No_comment,Polygon,14,2629.5,442.95,2636.65,458.9,2644.3,498.25,2637.8,525.9,2627.2,548.25,2610.75,562.95,2574.85,568.25,2546.05,558.25,2530.7,539.45,2520.75,508.9,2518.4,472.4,2541.9,440,2573.1,435.95,2592.5,434.15
5-184,Uninfected,No_comment,Polygon,15,2581.85,456.45,2584.8,438.25,2589.55,420,2603.1,398.3,2631.35,381.2,2656.65,378.85,2674.3,385.95,2693.7,400,2704.8,421.25,2712.5,460,2696.05,498.9,2663.1,514.15,2632.4,517.6,2613.05,507.6,2593.65,495.25
5-185,Uninfected,No_comment,Polygon,16,2271.9,324.15,2277.8,300,2291.9,283.55,2308.4,272.35,2337.2,265.9,2353.7,271.2,2376.05,285.9,2388.4,305.9,2392.5,332.35,2389.6,361.2,2367.8,382.35,2339,394.7,2315.45,392.35,2299,383.6,2280.75,368.85,2273.1,345.3
5-186,Uninfected,No_comment,Polygon,12,2143.7,84.75,2145.45,100.6,2153.7,129.4,2173.1,154.1,2194.25,165.35,2230.15,170.6,2244.85,162.95,2252.5,147.7,2254.85,121.75,2251.35,97.65,2227.8,81.15,2193.1,65.9
5-187,Uninfected,No_comment,Polygon,16,2810.75,216.5,2791.95,197.7,2787.25,170.6,2801.35,131.75,2816.05,113.55,2834.3,101.2,2854.3,97.05,2869,98.8,2885.5,107.05,2897.85,120.05,2908.45,151.2,2909.6,172.35,2900.2,197.05,2889,210.65,2862.55,224.15,2844.9,226.5
5-188,Uninfected,No_comment,Polygon,17,2919,198.85,2924.9,174.7,2933.7,144.7,2946.1,127.7,2967.25,115.9,2988.45,113.55,3006.65,120.05,3021.95,131.75,3036.1,159.4,3036.65,194.1,3020.8,225.35,3006.1,246.5,2989,260.65,2967.25,263.55,2950.8,257.05,2931.95,242.35,2923.15,223.55
5-189,Uninfected,No_comment,Polygon,14,2750.2,92.95,2752.55,62.95,2746.05,36.45,2727.25,15.3,2691.35,6.45,2654.9,12.4,2627.25,27.1,2617.8,54.75,2615.45,77.65,2629.6,106.45,2648.4,131.75,2687.25,145.35,2734.3,132.4,2747.85,116.45
5-190,Uninfected,No_comment,Polygon,21,3233.15,38.8,3225.5,44.65,3203.7,55.85,3195.5,61.7,3199,74.1,3197.85,87,3191.35,97.6,3195.5,109.95,3204.9,117,3205.5,131.15,3224.35,139.95,3237.85,145.25,3238.4,161.75,3255.5,161.75,3262,161.75,3283.7,167,3295.5,158.2,3300.2,139.95,3320.2,132.3,3327.3,112.9,3326.1,87
5-191,Uninfected,No_comment,Polygon,16,1965.25,1491.4,1968.55,1473.95,1982.05,1453.15,2001.5,1440.4,2030.3,1431.7,2061.9,1440.4,2084.7,1454.45,2100.1,1472.55,2102.15,1493.45,2096.75,1535,2077.35,1554.5,2055.2,1563.25,2025,1562.55,1994.8,1552.45,1973.95,1537.05,1965.9,1514.9
5-192,Uninfected,No_comment,Polygon,18,2123.65,1496.75,2124.3,1486.65,2137.75,1469.9,2153.2,1457.15,2188.1,1447.1,2213.6,1446.4,2232.4,1459.8,2246.5,1473.25,2257.9,1497.45,2255.15,1521.55,2243.1,1546.45,2225.65,1563.25,2200.2,1573.25,2169.95,1575.3,2147.8,1564.6,2131.65,1552.45,2119.6,1535.7,2118.9,1512.85
5-193,Uninfected,No_comment,Polygon,18,1770.6,1629,1771.25,1604.2,1774.65,1582.65,1783.3,1563.9,1795.45,1547.75,1815.55,1534.3,1838.4,1528.35,1864.55,1532.35,1882,1541.05,1893.45,1552.45,1904.85,1572.65,1914.25,1606.15,1900.8,1633.7,1878.65,1657.8,1859.85,1671.25,1830.35,1675.25,1804.15,1668.6,1786.05,1657.15