175,5312,2988
4-1,Parasitized,No_comment,Polygon,20,2857.95,2769.65,2849.4,2784.5,2844.65,2802.05,2844.65,2824.95,2851.05,2852.05,2860.1,2868.55,2884.5,2881.85,2906.85,2890.35,2934.5,2892.5,2955.8,2887.25,2970.2,2876.55,2981.9,2856.4,2983.5,2833.5,2980.8,2809,2972.8,2793.55,2959.5,2779.25,2935.6,2769.1,2919.1,2764.85,2897.8,2761.65,2873.4,2765.95
4-2,Parasitized,No_comment,Polygon,24,3748.85,2045.15,3749.4,2053.1,3754.7,2064.3,3760.55,2070.7,3760.55,2084.5,3761.6,2094.6,3766.95,2099.95,3769.6,2106.85,3774.4,2118.55,3793.55,2131.3,3816.4,2138.75,3841.4,2140.9,3868.55,2129.7,3885.05,2108.45,3888.2,2088.25,3885.55,2066.95,3875.45,2050.45,3864.8,2038.75,3849.9,2030.25,3826,2027.05,3803.6,2028.15,3785.55,2034,3769.05,2034.5,3756.85,2037.15
4-3,Parasitized,No_comment,Polygon,25,3532.95,1427.65,3544.1,1392,3569.65,1367.55,3584.55,1357.95,3608.45,1352.65,3630.25,1352.1,3648.35,1356.9,3661.15,1364.9,3670.15,1379.75,3676.55,1393.6,3677.6,1404.25,3680.25,1415.4,3684.55,1429.25,3686.1,1444.15,3680.25,1462.2,3665.4,1477.65,3643.55,1486.15,3617.5,1491.5,3599.4,1491.5,3583.45,1488.8,3570.15,1488.3,3563.8,1482.95,3557.4,1469.15,3549.95,1456.9,3540.4,1445.2
4-4,Parasitized,No_comment,Polygon,19,2775.5,363.8,2758.5,372.35,2744.1,389.9,2737.7,409.55,2736.65,437.75,2741.95,461.15,2755.8,473.95,2772.25,479.8,2790.95,479.25,2813.25,470.75,2831.35,461.15,2838.75,446.8,2847.3,430.85,2849.95,414.35,2844.1,392.55,2836.65,377.1,2827.65,365.95,2812.7,362.25,2799.95,360.65
4-5,Parasitized,No_comment,Polygon,26,2306.35,749.8,2301.05,757.8,2296.15,766.65,2297.95,781.3,2305.5,797.3,2315.7,816.9,2329.5,831.55,2360.15,841.35,2389.05,851.95,2414.4,853.35,2432.6,855.55,2441.5,855.55,2455.7,851.55,2466.85,842.25,2474.4,837.35,2465.5,827.55,2456.6,816.9,2441.95,804.45,2433.95,793.3,2416.6,779.5,2406.8,768.45,2389.5,759.5,2369.95,750.25,2353.95,747.1,2337.5,747.1,2317.95,747.1
4-6,Uninfected,No_comment,Polygon,17,1618.05,2072.25,1624.3,2045.95,1637.15,2013.5,1654.2,1994.95,1693.35,1980,1733,1972.75,1765,1976.4,1800.6,2002.65,1814,2019.7,1820.15,2042.9,1812.9,2067.1,1796.9,2083.6,1772.75,2089.25,1738.65,2085.15,1684.05,2088.25,1657.8,2092.9,1625.3,2082.55
4-7,Uninfected,No_comment,Polygon,17,1664.5,2132.05,1667.05,2111.95,1673.2,2103.2,1682,2096.5,1706.75,2096.5,1746.95,2098.55,1769.6,2103.2,1778.95,2109.9,1791.25,2132.05,1795.4,2147.5,1788.2,2167.65,1773.25,2182.6,1741.8,2189.3,1712.9,2190.3,1691.25,2180,1674.75,2167.65,1668.6,2153.2
4-8,Uninfected,No_comment,Polygon,16,1500,2148.05,1489.15,2132.55,1482.5,2110.9,1488.2,2090.8,1501.6,2076.4,1516.55,2067.6,1534.05,2058.35,1548.45,2054.7,1572.75,2061.45,1591.8,2082.05,1593.85,2104.75,1587.15,2129.5,1577.9,2144.95,1565.5,2155.75,1549,2163,1520.1,2161.95
4-9,Uninfected,No_comment,Polygon,16,1435.1,2041.35,1430.45,2017.6,1430.95,1994.4,1441.3,1972.75,1453.6,1955.75,1479.95,1943.4,1496.9,1940.3,1517.5,1949.05,1528.9,1958.85,1538.7,1992.35,1535.6,2020.7,1525.75,2038.75,1511.4,2053.2,1494.35,2060.4,1477.35,2067.6,1454.15,2061.95
4-10,Uninfected,No_comment,Polygon,18,1923.25,2115.05,1928.35,2098.05,1946.45,2076.9,1973.2,2069.15,2007.8,2067.1,2040.3,2071.25,2058.3,2085.65,2067.6,2108.35,2072.75,2124.85,2057.25,2148.55,2053.7,2153.7,2042.3,2173.3,2017.1,2186.7,1985.65,2191.35,1963.45,2182.6,1939.75,2171.75,1931.5,2157.85,1924.8,2141.85
4-11,Uninfected,No_comment,Polygon,18,2043.9,2031.55,2066.05,2025.35,2076.9,2012.45,2099.55,1995.45,2118.1,1991.35,2156.8,1993.9,2186.7,2010.4,2202.65,2037.7,2210.9,2067.1,2210.35,2090.3,2195.4,2108.35,2170.7,2119.7,2132.05,2121.75,2108.35,2114,2093.85,2102.65,2080,2077.95,2067.1,2060.9,2053.1,2047.5
4-12,Uninfected,No_comment,Polygon,19,2071.75,2157.85,2061.35,2178.95,2060.9,2201.1,2065.05,2225.35,2075.35,2242.9,2103.7,2259.9,2129.45,2262.5,2155.75,2259.9,2180.45,2258.35,2200.1,2250.6,2205.25,2240.3,2206.25,2208.85,2205.75,2183.6,2195.95,2161.95,2177.4,2150.1,2156.2,2144.95,2133.05,2141.85,2107.25,2142.9,2089.25,2147
4-13,Uninfected,No_comment,Polygon,16,1679.45,2221.75,1695.45,2208.35,1722.25,2199.6,1751.65,2197,1783.1,2204.75,1805.25,2220.2,1817.6,2239.8,1822.8,2267.65,1813.5,2287.2,1793.9,2303.7,1768.15,2314.05,1746.5,2314.05,1709.9,2302.7,1687.2,2290.85,1676.4,2266.6,1674.85,2243.9
4-14,Uninfected,No_comment,Polygon,20,1739.8,2463,1735.65,2442.9,1740.3,2417.15,1750.1,2379.5,1758.35,2363.5,1767.6,2351.65,1777.95,2344.45,1791.35,2337.75,1805.25,2337.25,1831.55,2343.4,1844.45,2357.85,1851.65,2387.75,1844.45,2414.05,1836.7,2445.5,1825.85,2477.45,1805.25,2505.3,1787.2,2513.55,1767.6,2506.85,1747,2497.55,1738.75,2478.45
4-15,Uninfected,No_comment,Polygon,16,1844.45,2463.5,1854.75,2443.95,1861.45,2417.15,1868.15,2387.75,1885.65,2369.2,1911.95,2360.4,1953.7,2355.25,1970.2,2364.55,1985.65,2396,1981.55,2433.1,1972.25,2460.45,1948.05,2471.75,1923.3,2477.45,1894.45,2475.9,1856.3,2480,1847,2472.8
4-16,Uninfected,No_comment,Polygon,18,1943.9,2300.1,1964,2271.25,1972.25,2261.45,1994.45,2252.7,2025.9,2257.35,2047.55,2264.55,2062.5,2271.25,2072.3,2278.45,2093.4,2314.05,2097.55,2346,2089.8,2365.05,2066.1,2378.45,2035.15,2382.1,2006.3,2374.85,1986.2,2360.95,1970.7,2339.3,1959.9,2321.75,1952.15,2313.5
4-17,Uninfected,No_comment,Polygon,17,2183.1,2301.15,2176.9,2317.65,2159.4,2339.3,2147.55,2372.25,2149.1,2406.3,2159.4,2423.3,2172.3,2433.6,2202.7,2444.95,2243.4,2440.85,2270.75,2425.9,2280,2401.65,2281.55,2371.75,2276.4,2354.75,2267.15,2336.2,2250.65,2317.1,2225.4,2306.8,2198.55,2302.15
4-18,Uninfected,No_comment,Polygon,18,1864.55,2604.75,1845.45,2596,1831.55,2563,1845.95,2518.65,1854.75,2508.85,1877.4,2502.15,1894.45,2493.4,1907.3,2487.75,1921.75,2482.6,1946.5,2491.85,1959.4,2502.15,1966.6,2527.95,1966.6,2552.7,1959.9,2572.3,1950.1,2591.85,1935.65,2602.7,1914,2612.5,1893.4,2611.45
4-19,Uninfected,No_comment,Polygon,18,2329.5,2706.85,2320.25,2684.7,2316.7,2656.35,2323.85,2628.5,2333.65,2613,2354.25,2590.85,2369.2,2581.6,2394,2573.85,2424.9,2571.25,2448.6,2582.1,2463.1,2606.85,2459.95,2639.3,2452.7,2662,2432.15,2684.15,2409.4,2699.65,2388.3,2708.9,2363.05,2707.35,2333.2,2702.2
4-20,Uninfected,No_comment,Polygon,15,2308.45,2732.1,2310.95,2724.9,2312,2694.45,2290.9,2664.05,2256.3,2642.9,2239.35,2640.35,2214.55,2647.55,2201.15,2670.75,2199.6,2693.95,2208.9,2728.5,2225.95,2742.95,2253.25,2753.75,2279,2755.8,2291.35,2747.55,2299.15,2741.4
4-21,Uninfected,No_comment,Polygon,19,2050.1,2775.9,2049.1,2750.15,2034.15,2723.35,2024.85,2702.7,2030,2683.15,2042.4,2665.6,2062.05,2654.25,2089.3,2649.1,2110.95,2649.6,2126.4,2652.7,2138.25,2666.1,2156.3,2699.65,2163.6,2730.05,2166.6,2746,2163.6,2773.35,2152.75,2787.8,2138.25,2799.65,2124.35,2805.8,2088.25,2802.75
4-22,Uninfected,No_comment,Polygon,19,2672.3,2742.9,2681.6,2725.4,2684.65,2703.75,2693.45,2694.45,2712.55,2688.3,2738.3,2689.8,2758.4,2692.9,2794,2716.65,2813.05,2740.9,2823.9,2765.05,2830,2786.7,2825.9,2804.25,2804.25,2821.3,2773.9,2828.5,2746,2820.25,2717.15,2809.95,2701.7,2785.15,2688.75,2767.65,2678.5,2753.25
4-23,Uninfected,No_comment,Polygon,18,2417.1,2815.6,2417.6,2790.8,2427.95,2772.8,2454.2,2759.9,2473.8,2753.75,2501.15,2762,2526.9,2770.75,2547.55,2792.4,2563.5,2805.75,2573.3,2833.65,2572.25,2848.05,2563.5,2859.4,2535.15,2871.25,2510.95,2877.4,2485.6,2874.35,2463.95,2865.6,2441.85,2849.05,2427.35,2832.1
4-24,Uninfected,No_comment,Polygon,20,2506.3,2580,2498,2592.85,2491.85,2604.25,2485.6,2635.15,2492.3,2661.95,2503.15,2682.05,2517.1,2692.4,2537.15,2696.5,2555.25,2698.55,2580,2699.1,2597.55,2689.8,2608.35,2679,2617.65,2665.6,2627.45,2646,2625.3,2622.3,2616.1,2595.45,2600.6,2568.65,2570.7,2554.7,2552.7,2554.7,2531.5,2559.9
4-25,Uninfected,No_comment,Polygon,21,2940.35,2686.75,2946.55,2670.2,2969.75,2654.8,2989.3,2646.05,3010.95,2639.35,3031.1,2640.9,3048.1,2643.95,3064.05,2651.15,3082.65,2661,3099.1,2673.35,3118.2,2687.75,3117.7,2706.35,3110.45,2734.7,3095.5,2749.65,3068.2,2759.4,3010.45,2757.9,2985.2,2752.2,2976.95,2741.85,2969.75,2731.6,2955.8,2722.8,2944.5,2707.85
4-26,Uninfected,No_comment,Polygon,39,2752.7,2540.85,2757.85,2555.8,2755.3,2568.2,2743.45,2573.35,2746,2581.6,2752.2,2588.75,2746,2599.1,2750.15,2608.85,2759.95,2616.1,2754.75,2623.8,2757.35,2629,2765.1,2634.2,2773.85,2642.4,2786.2,2648.55,2791.9,2648.55,2802.2,2659.95,2812.5,2656.3,2817.65,2649.6,2822.8,2647.6,2832.6,2647.6,2835.2,2639.35,2840.35,2631.6,2850.65,2623.8,2852.2,2618.65,2862,2611,2860.45,2603.25,2856.35,2593.9,2850.65,2583.65,2855.8,2578.5,2858.9,2570.75,2848.6,2554.25,2848.6,2538.75,2838.8,2532.1,2825.4,2523.35,2816.1,2518.7,2800.65,2521.3,2791.35,2519.7,2780.05,2530.05,2763.55,2536.25
4-27,Uninfected,No_comment,Polygon,18,3120.8,2636.15,3129.05,2626.35,3137.3,2602.7,3145.55,2590.85,3158.4,2580,3181.1,2576.35,3198.65,2575.35,3232.15,2593.4,3251.2,2613.5,3275.95,2642.4,3285.75,2668.15,3288.35,2689.3,3267.7,2696.5,3228.55,2692.85,3200.2,2687.7,3167.2,2672.75,3141.95,2660.4,3124.9,2648
4-28,Uninfected,No_comment,Polygon,19,3167.2,2732.55,3171.85,2723.3,3179.05,2710.4,3180.1,2695.95,3195,2697.55,3206.35,2705.25,3213.05,2710.4,3231.1,2711.45,3230.6,2727.9,3236.8,2739.25,3249.15,2756.8,3261.5,2774.85,3260,2792.9,3248.65,2808.9,3229.05,2822.8,3206.9,2819.7,3194.5,2811.45,3183.7,2788.25,3171.3,2759.9
4-29,Uninfected,No_comment,Polygon,19,3041.4,2845,3036.75,2821.8,3048.1,2787.25,3064.05,2771.8,3080.05,2767.15,3089.3,2765.6,3101.7,2757.9,3127.45,2750.65,3154.25,2759.95,3168.2,2787.25,3179,2812,3190.35,2829.55,3190.85,2851.7,3175.85,2863.05,3151.2,2874.4,3130.55,2886.75,3097.55,2887.25,3075.35,2882.1,3059.95,2870.8
4-30,Uninfected,No_comment,Polygon,20,3394.5,2490.85,3406.4,2484.65,3421.85,2478.45,3443,2468.15,3469.25,2461.95,3488.35,2476.4,3511.55,2488.75,3527.5,2497,3539.9,2511.45,3547.6,2535.15,3544,2566.6,3534.75,2585.7,3514.65,2601.15,3486.8,2606.3,3457.4,2602.15,3449.7,2571.75,3444.5,2560.95,3429.55,2540.85,3408.95,2521.25,3403.8,2503.7
4-31,Uninfected,No_comment,Polygon,18,3303.8,2527.45,3310,2546,3313.6,2567.1,3317.2,2589.8,3332.15,2620.2,3366.7,2638.25,3388.85,2641.35,3408.45,2636.2,3421.85,2629.5,3435.25,2614.55,3438.85,2591.35,3431.65,2562.5,3418.25,2539.3,3397.1,2524.85,3377,2513,3356.9,2510.95,3344,2514.55,3323.4,2519.7
4-32,Uninfected,No_comment,Polygon,21,3268.75,2504.25,3257.9,2487.75,3243.5,2471.25,3237.3,2459.4,3233.15,2443.4,3229.55,2425.9,3233.7,2407.85,3245.05,2393.4,3265.15,2383.6,3284.2,2380.5,3305.85,2391.35,3331.65,2392.9,3338.35,2386.7,3339.35,2398.55,3347.6,2405.75,3361.55,2413,3371.85,2422.8,3380.1,2447,3375.95,2475.9,3371.85,2487.75,3359.45,2493.9
4-33,Uninfected,No_comment,Polygon,20,3505.85,2364,3500.7,2375.35,3494,2388.25,3470.3,2400.1,3461.55,2418.15,3463.6,2442.35,3482.15,2458.35,3505.35,2469.2,3515.65,2472.8,3543.5,2471.25,3554.3,2463.5,3562.05,2449.6,3569.25,2428.45,3570.8,2417.1,3579.05,2397.5,3572.9,2386.7,3566.2,2379.5,3548.65,2375.35,3526.5,2370.7,3518.25,2363
4-34,Uninfected,No_comment,Polygon,15,3735.25,2417.6,3720.3,2410.4,3704.3,2401.65,3697.1,2382.55,3699.7,2361.95,3712.05,2338.3,3738.35,2323.8,3759.5,2316.05,3798.15,2312.5,3827,2331,3834.75,2365.55,3824.45,2383.6,3802.25,2400.1,3784.25,2411.95,3758.95,2416.1
4-35,Uninfected,No_comment,Polygon,14,3566.7,2268.15,3572.85,2253.7,3584.75,2234.6,3601.75,2222.75,3630.6,2219.15,3651.25,2228.95,3668.75,2252.15,3672.9,2284.65,3663.6,2307.8,3650.7,2318.65,3633.2,2321.75,3602.75,2319.7,3582.65,2305.8,3570.3,2287.2
4-36,Uninfected,No_comment,Polygon,21,3550.2,2275.9,3560,2258.85,3558.45,2248.55,3543.5,2235.2,3519.25,2219.65,3495.55,2217.1,3470.3,2224.85,3458.95,2233.6,3454.8,2253.7,3456.35,2278.5,3465.15,2296.5,3467.7,2313.5,3474.95,2326.4,3493.5,2331,3514.1,2338.75,3543.5,2343.9,3550.7,2345,3547.6,2321.75,3558.95,2310.95,3561,2306.8,3556.4,2287.2
4-37,Uninfected,No_comment,Polygon,16,3738.85,2223.8,3736.8,2205.3,3751.75,2184.1,3777.5,2168.7,3802.8,2166.1,3828.55,2168.7,3850.7,2179.5,3869.8,2208.35,3872.9,2253.7,3859.5,2272.25,3834.25,2290.85,3807.95,2298.55,3778.05,2290.85,3758.45,2280.05,3746.1,2268.15,3738.85,2246
4-38,Uninfected,No_comment,Polygon,17,3911.55,2087.25,3902.25,2104.25,3897.1,2129.5,3908.45,2157.35,3920.85,2180,3934.75,2192.4,3957.95,2203.2,3977.55,2209.4,4009.5,2203.2,4027.55,2191.35,4038.35,2173.85,4036.8,2151.65,4036.8,2123.3,4020.85,2099.6,3984.75,2081.05,3954.85,2072.3,3934.75,2066.6
4-39,Uninfected,No_comment,Polygon,15,4006.9,2047,4014.15,2032.6,4028.05,2024.35,4050.2,2014.55,4066.2,2008.35,4096.6,2014.05,4122.4,2037.75,4129.1,2056.8,4102.8,2114.55,4082.7,2116.6,4063.1,2113.5,4041.95,2105.8,4030.1,2098.55,4017.2,2087.25,4010.5,2071.75
4-40,Uninfected,No_comment,Polygon,19,3778.55,1899.1,3797.6,1885.1,3816.7,1874.3,3829,1864.5,3860.45,1860.35,3890.35,1865.05,3918.25,1882,3933.65,1911.9,3939.9,1938.75,3929.05,1975.85,3911,1998,3888.35,2008.3,3866.7,2014.5,3835.7,2009.85,3822.3,1998,3800.65,1984.6,3790.4,1960.9,3782.15,1939.25,3778.55,1919.65
4-41,Uninfected,No_comment,Polygon,16,3626.95,1873.75,3636.7,1891.8,3638.3,1917.1,3642.45,1933.05,3653.8,1951.65,3673.3,1982.55,3697.55,1992.4,3730.05,1985.7,3743.95,1973.8,3754.3,1958.3,3762.05,1933.05,3752.75,1898,3732.15,1877.9,3702.25,1866.05,3677,1868.6,3653.25,1873.75
4-42,Uninfected,No_comment,Polygon,21,3531.65,1931.55,3524.4,1943.95,3517.2,1960.45,3514.65,1974.3,3513.1,1997.05,3524.95,2014.55,3540.4,2039.8,3555.35,2053.15,3574.45,2064.55,3589.4,2073.3,3629.05,2076.4,3656.4,2074.3,3674.45,2065.05,3684.25,2055.3,3690.95,2040.8,3684.75,2006.8,3664.65,1979,3633.7,1951.65,3607.95,1940.3,3581.65,1930.55,3551.75,1922.3
4-43,Uninfected,No_comment,Polygon,22,3513.6,1933.1,3513.1,1920.75,3521.35,1914.05,3528.55,1904.2,3528.05,1883.55,3516.2,1853.2,3500.7,1830.5,3471.35,1811.9,3423.9,1806.8,3402.75,1808.35,3375.95,1816.05,3354.85,1830,3352.25,1857.35,3356.9,1882.05,3368.25,1906.25,3394,1944.4,3415.15,1955.25,3439.9,1958.9,3452.75,1949.55,3460,1943.95,3484.2,1942.85,3499.7,1938.75
4-44,Uninfected,No_comment,Polygon,24,3148.3,2173.5,3158.1,2166.5,3163.2,2153,3155.75,2136.25,3174.35,2134.85,3188.3,2126,3212.05,2120,3238.1,2122.3,3253.9,2130.2,3269.7,2147.45,3276.7,2168.3,3297.65,2188.8,3306.95,2204.15,3310.65,2230.2,3301.35,2244.15,3279,2254.85,3260.4,2258.15,3243.2,2252.55,3230.2,2239.5,3218.1,2226.95,3199,2220.45,3179,2210.2,3168.3,2195.3,3159.5,2186
4-45,Uninfected,No_comment,Polygon,18,3104.15,2290.2,3110.2,2270.65,3116.7,2248.8,3125.05,2230.65,3141.8,2222.8,3154.85,2219,3178.1,2224.65,3204.6,2233.5,3220.9,2252.55,3235.75,2276.25,3233.45,2301.35,3227.85,2320,3217.65,2331.15,3193,2345.1,3165.55,2352.55,3134.85,2342.8,3123.65,2333.95,3112.05,2314.85
4-46,Uninfected,No_comment,Polygon,20,3075.75,2297.65,3086.95,2281.85,3096.25,2258.6,3102.3,2235.3,3095.3,2209.75,3075.3,2186,3051.1,2165.55,3037.15,2162.3,3018.1,2163.25,2996.25,2175.3,2973.9,2191.6,2965.05,2201.35,2959.95,2217.2,2958.1,2244.65,2969.7,2268.3,2984.6,2292.1,2998.1,2300.9,3021.8,2308.3,3034.85,2309.75,3051.6,2311.6
4-47,Uninfected,No_comment,Polygon,17,2879,2046,2884.6,2038.6,2894.85,2031.15,2909.7,2023.65,2930.2,2025.55,2953,2037.65,2964.6,2056.25,2976.25,2084.65,2969.7,2106,2962.3,2118.15,2943.65,2128.8,2916.25,2130.2,2898.1,2122.8,2884.15,2111.6,2873,2095.8,2869.7,2076.75,2876.25,2059
4-48,Uninfected,No_comment,Polygon,21,3080.4,2054.35,3080.4,2056.75,3072.5,2071.15,3073,2083.25,3080.4,2085.1,3088.8,2094.85,3103.65,2108.8,3117.65,2119,3141.8,2120,3160.4,2117.2,3179.95,2108.8,3199,2092.1,3203.2,2077.65,3206.45,2053,3196.25,2031.6,3174.35,2011.15,3152.5,2007.45,3132.5,2013.95,3116.25,2021.85,3101.35,2033.95,3091.6,2043.25
4-49,Uninfected,No_comment,Polygon,18,3281.35,2113,3297.15,2102.3,3309.25,2092.1,3325.55,2085.55,3342.3,2084.15,3364.6,2091.15,3382.3,2102.8,3393.9,2113,3413.9,2138.6,3412.5,2176.25,3401.35,2196.25,3387.85,2208.3,3360.9,2210.2,3329.25,2204.15,3314.85,2194.35,3295.3,2173.95,3282.3,2152.55,3278.1,2140.9
4-50,Uninfected,No_comment,Polygon,26,2897.65,2460.4,2894.85,2446,2892.05,2433,2896.25,2419.95,2901.35,2412.05,2903.2,2402.75,2913.9,2394.35,2929.25,2384.15,2936.7,2376.7,2949.75,2373.45,2963.2,2371.6,2977.65,2371.6,2988.35,2380.4,3000.9,2386.95,3013,2391.6,3022.3,2399.95,3027.85,2409.25,3035.75,2419.5,3033,2438.55,3031.6,2448.8,3031.6,2463.2,3017.15,2474.35,3003.2,2484.6,2978.55,2489.25,2948.35,2487.85,2912.05,2472.05
4-51,Uninfected,No_comment,Polygon,22,2920.9,2365.55,2921.35,2355.75,2929.25,2334.85,2929.25,2310.2,2926.45,2283.65,2912.5,2263.2,2893.45,2253.45,2874.4,2248.3,2849.75,2241.35,2826,2244.6,2818.55,2251.1,2811.1,2270.65,2801.8,2291.1,2786.95,2316.7,2782.75,2338.1,2787.85,2346.95,2798.55,2354.35,2808.8,2362.75,2824.6,2368.3,2847.85,2370.65,2873.45,2373.45,2893.9,2371.6
4-52,Uninfected,No_comment,Polygon,24,2441.85,2413.45,2446.5,2406,2453.95,2393.9,2458.6,2375.3,2458.6,2369.25,2486.95,2370.65,2498.6,2371.1,2523.7,2371.6,2550.2,2379.05,2574.45,2386.95,2594.85,2397.15,2606,2411.1,2608.35,2432.05,2612.55,2456.25,2608.35,2476.7,2600.9,2486.45,2566.5,2493.9,2536.25,2502.3,2507.45,2496.25,2485.15,2488.35,2474.85,2471.6,2466.95,2444.6,2452.55,2428.8,2447.45,2423.2
4-53,Uninfected,No_comment,Polygon,21,2414.45,2416.25,2390.65,2412.05,2369.8,2421.35,2356.25,2432.5,2350.65,2450.2,2350.2,2472.5,2348.85,2486.45,2355.3,2506,2365.15,2523.2,2388.35,2542.75,2403.25,2550.65,2424.6,2552.5,2436.25,2548.8,2449.3,2543.7,2459.05,2532.05,2465.15,2516.7,2466,2500.4,2462.8,2480.4,2445.55,2456.7,2437.65,2438.1,2424.15,2423.7
4-54,Uninfected,No_comment,Polygon,19,2262.8,2217.65,2269.3,2202.3,2268.85,2186.95,2276.25,2168.35,2284.2,2160.4,2301.4,2158.55,2326.95,2163.2,2360,2173,2386.95,2186,2404.65,2216.7,2415.8,2233.45,2413.5,2245.1,2399.55,2252.05,2378.15,2256.7,2349.3,2254.4,2325.1,2254.85,2303.25,2248.35,2284.65,2240.4,2276.25,2231.6
4-55,Uninfected,No_comment,Polygon,18,2659.1,1956.25,2658.15,1938.15,2671.6,1930.2,2677.2,1917.65,2684.6,1901.35,2699.95,1891.6,2713.45,1902.3,2723.7,1924.2,2731.6,1959.95,2742.8,1987.4,2754.45,1995.3,2749.8,2016.7,2737.2,2031.15,2719.1,2033,2707.9,2026.95,2692.55,2000.9,2680.45,1990.2,2666,1979.05
4-56,Uninfected,No_comment,Polygon,18,2627.45,2077.2,2626,2099.05,2632.05,2110.2,2641.85,2117.65,2661.85,2136.25,2693.9,2152.05,2723.7,2156.25,2752.1,2153.5,2777.2,2151.6,2801.85,2136.25,2807.9,2127.9,2790.2,2113,2779.1,2094.85,2765.15,2079.5,2743.25,2065.15,2706.95,2056.7,2675.3,2062.3,2655.8,2071.6
4-57,Uninfected,No_comment,Polygon,17,2698.6,2041.35,2693.45,2028.85,2678.15,2006,2660.9,1990.2,2649.25,1966.95,2638.15,1948.35,2615.8,1939.95,2588.8,1950.65,2565.15,1963.7,2554.85,1999.05,2556.25,2020.5,2564.15,2031.15,2579.95,2042.8,2606,2053.95,2626.95,2061.85,2666.5,2053.5,2684.6,2047.4
4-58,Uninfected,No_comment,Polygon,18,2709.25,1871.2,2720.9,1873,2735.3,1863.25,2755.3,1852.55,2774.85,1846.5,2818.55,1856.25,2845.55,1867.9,2860.45,1892.05,2872.1,1912.05,2887.9,1932.05,2872.55,1938.6,2849.8,1943.7,2816.25,1954.4,2784.6,1951.6,2758.15,1941.35,2734.85,1920.9,2725.55,1897.65,2711.6,1878.15
4-59,Uninfected,No_comment,Polygon,17,3026.45,1756.25,3023.7,1777.15,3011.6,1798.1,2999.5,1833.45,2995.3,1855.75,3004.15,1881.35,3033,1898.1,3063.7,1906.45,3085.55,1904.6,3103.7,1893.45,3120.4,1877.65,3131.1,1853.9,3133,1831.1,3113.45,1806,3084.15,1791.6,3055.75,1774.85,3046.95,1765.05
4-60,Uninfected,No_comment,Polygon,16,3084.15,1721.8,3090.65,1711.1,3106,1702.75,3130.65,1699.5,3154.85,1706.45,3174.4,1719.5,3193,1744.15,3198.1,1762.3,3188.35,1790.2,3169.75,1806.95,3146,1810.2,3125.1,1804.15,3103.7,1792.05,3086.45,1773.9,3077.65,1752.5,3073.9,1736.25
4-61,Uninfected,No_comment,Polygon,22,2891.6,1769.25,2882.75,1780.4,2868.8,1790.2,2866,1811.1,2862.3,1828.8,2868.8,1848.8,2875.3,1864.15,2892.05,1879.05,2906.45,1888.35,2929.25,1888.35,2945.55,1882.3,2966.45,1877.65,2973.9,1870.2,2980.4,1851.6,2981.35,1828.8,2985.1,1811.1,2975.3,1795.3,2968.8,1781.8,2956.7,1774.4,2941.8,1766.95,2923.2,1765.05,2903.7,1762.3
4-62,Uninfected,No_comment,Polygon,18,2806.45,1703.2,2822.75,1688.8,2853,1672.5,2885.55,1663.7,2918.55,1662.3,2944.15,1670.2,2958.55,1682.3,2969.25,1700.4,2993,1721.35,3005.55,1731.6,2987.85,1737.15,2969.75,1744.15,2938.1,1754.85,2905.55,1759.05,2873,1755.3,2852.05,1746,2826,1726.45,2810.2,1712.5
4-63,Uninfected,No_comment,Polygon,17,3182.3,1810.65,3191.6,1799.5,3208.35,1786.45,3233.45,1775.3,3253.45,1775.3,3270.65,1779.95,3291.1,1789.25,3310.2,1811.1,3316.25,1832.5,3318.55,1860.4,3292.05,1874.4,3265.1,1880.9,3242.3,1881.8,3218.55,1871.1,3196.7,1858.1,3187.85,1837.65,3182.3,1820.9
4-64,Uninfected,No_comment,Polygon,19,3282.3,1643.7,3271.1,1609.25,3254.4,1578.1,3226.95,1559.95,3199.95,1548.8,3166.95,1546,3130.2,1553.45,3102.75,1562.3,3091.6,1570.2,3095.3,1579.5,3106,1596.7,3123.7,1623.2,3149.25,1638.55,3173.45,1641.85,3208.35,1636.7,3228.35,1638.55,3250.65,1644.15,3265.1,1646.5,3280.45,1651.15
4-65,Uninfected,No_comment,Polygon,17,3153.9,1683.7,3153.9,1669.75,3162.75,1653.45,3184.15,1645.55,3211.1,1645.1,3241.8,1651.6,3267.85,1659.5,3284.6,1679.5,3287.4,1700.45,3276.25,1727.4,3255.8,1739.05,3231.1,1744.6,3203.2,1735.3,3187.85,1715.3,3177.65,1704.6,3167.4,1698.55,3157.15,1693
4-66,Uninfected,No_comment,Polygon,16,3312.95,1462.25,3333.45,1448.3,3354.8,1421.35,3372.95,1410.2,3413.9,1417.6,3432.95,1427.85,3444.6,1445.05,3451.1,1464.6,3443.2,1492.95,3433.45,1510.2,3420.4,1519.95,3389.7,1524.6,3366.9,1522.25,3343.65,1512.05,3333.45,1496.25,3318.1,1477.15
4-67,Uninfected,No_comment,Polygon,18,3389.75,1336.7,3398.1,1313.9,3416.7,1305.1,3445.5,1297.2,3469.25,1290.2,3498.1,1292.55,3512.5,1299.5,3538.55,1320.45,3545.5,1342.75,3541.85,1374.4,3531.15,1399.5,3513.45,1415.8,3484.15,1424.6,3460.45,1422.3,3432.5,1413,3419.5,1399.5,3399.95,1376.25,3391.15,1351.6
4-68,Uninfected,No_comment,Polygon,17,3355.3,1219,3377.2,1201.8,3397.6,1185.55,3415.8,1179,3443.7,1184.6,3467.4,1194.35,3492.05,1208.35,3503.2,1230.65,3504.6,1251.1,3494.85,1268.8,3475.3,1283.7,3455.8,1285.05,3422.25,1280.9,3379.05,1271.1,3360.45,1264.15,3356.7,1253,3353.45,1238.55
4-69,Uninfected,No_comment,Polygon,19,3391.55,1156.25,3381.3,1172.05,3367.9,1193.9,3345.1,1209.7,3318.55,1217.15,3298.1,1211.6,3278.55,1195.3,3260.9,1182.75,3262.25,1176.7,3270.2,1169.25,3277.6,1155.3,3285.55,1136.7,3296.7,1126.45,3306.9,1119,3327.4,1119,3338.55,1124.6,3346.5,1133.45,3357.2,1133.45,3371.15,1139.5
4-70,Uninfected,No_comment,Polygon,16,3462.75,1127.4,3471.55,1103.7,3482.75,1076.7,3509.25,1065.55,3534.4,1062.75,3552.55,1071.6,3564.15,1083.7,3572.55,1106.95,3576.7,1130.65,3571.55,1156.7,3559.05,1177.65,3529.75,1194.35,3503.7,1195.3,3488.35,1188.35,3475.3,1178.1,3464.6,1156.7
4-71,Uninfected,No_comment,Polygon,17,3569.75,1231.1,3580.85,1213.45,3594.85,1195.75,3620.45,1184.6,3640.85,1181.8,3670.2,1189.25,3696.7,1205.05,3708.8,1225.55,3718.1,1249.7,3714.85,1284.6,3700.85,1308.8,3671.55,1316.25,3646.5,1315.3,3618.1,1306,3601.35,1293.45,3587.4,1270.65,3572.05,1244.6
4-72,Uninfected,No_comment,Polygon,14,3232.55,1003.2,3241.85,980.45,3257.2,969.25,3283.25,966,3301.85,966.95,3328.35,986.5,3338.6,1007.85,3340.5,1027.85,3331.15,1055.8,3304.15,1068.35,3283.25,1069.75,3266,1061.35,3246.95,1048.35,3235.85,1026.95
4-73,Uninfected,No_comment,Polygon,18,3142.75,1093.95,3146.95,1076.7,3154.85,1058.6,3166.05,1047.9,3188.3,1038.05,3212.95,1039,3230.2,1048.8,3243.7,1069.3,3256.75,1097.6,3260.45,1129.7,3251.6,1154.35,3230.7,1172.95,3206.05,1181.85,3180.9,1172.95,3163.7,1164.6,3149.25,1152.55,3138.6,1133.95,3138.6,1112.55
4-74,Uninfected,No_comment,Polygon,27,3132.1,1111.15,3133.95,1094.85,3143.25,1071.15,3152.95,1052.55,3162.75,1037.2,3173.45,1027.4,3188.8,1012.95,3200.45,992.05,3208.8,968.3,3207.4,948.3,3192.95,936.7,3176.25,930.65,3155.8,939,3142.75,955.8,3136.2,977.65,3127.9,1002.3,3124.6,1031.6,3123.7,1050.65,3114.4,1061.85,3106.05,1078.05,3094.4,1105.05,3090.65,1127.4,3099.05,1140.9,3108.3,1148.3,3124.15,1145.05,3130.7,1139.95,3130.7,1125.55
4-75,Uninfected,No_comment,Polygon,17,3085.1,1118.05,3073.95,1110.65,3052.95,1113.95,3031.15,1122.7,3016.75,1132.55,3006.05,1155.3,3000.45,1179.95,3007.45,1201.35,3018.6,1218.05,3043.7,1231.6,3063.25,1230.2,3082.75,1227.9,3095.3,1218.05,3106.05,1205.55,3112.95,1181.35,3116.75,1155.8,3108.4,1129.25
4-76,Uninfected,No_comment,Polygon,18,3089.75,1074.35,3076.25,1083.25,3052.55,1093.4,3027.45,1099,2994.4,1101.85,2977.6,1087.9,2968.3,1070.2,2936.25,1062.7,2928.8,1049.7,2929.75,1017.2,2928.3,1006.5,2938.6,994.35,2958.6,988.8,2986.5,988.3,3021.4,996.25,3057.2,1011.6,3075.8,1035.8,3085.55,1056.7
4-77,Uninfected,No_comment,Polygon,18,2806.95,1020.4,2814.4,1033.95,2820.9,1058.6,2829.3,1074.35,2860.9,1085.05,2885.55,1085.05,2919.5,1083.65,2932.95,1073.95,2942.3,1056.25,2941.4,1034.35,2933.45,1012.55,2921.4,999.5,2900.9,995.3,2890.65,1000.9,2880.45,1010.2,2865.1,1019,2840.9,1022.3,2824.15,1020.4
4-78,Uninfected,No_comment,Polygon,40,2925.55,888.8,2930.65,878.1,2941.85,876.7,2961.4,878.55,2966.05,865.55,2972.1,859.95,2984.15,862.75,2991.15,868.35,3001.4,866,3014.85,870.2,3019.95,880.45,3032.55,875.3,3045.1,879.95,3040.9,892.05,3054.4,895.3,3058.6,903.7,3059.95,911.15,3071.6,915.8,3074.85,928.8,3066.95,937.65,3070.2,945.55,3065.55,957.15,3049.75,963.2,3046.95,972.5,3036.75,978.1,3023.25,968.8,3017.2,975.8,3004.15,981.35,2986.5,970.65,2971.15,969.75,2962.8,965.1,2964.6,954.4,2951.6,950.2,2936.75,951.15,2942.3,939.05,2937.2,933,2932.1,929.75,2935.8,917.15,2934.4,906.95,2926.95,900.9
4-79,Uninfected,No_comment,Polygon,18,2765.1,918.1,2766.5,896.7,2770.65,875.8,2787.9,863.2,2809.3,858.1,2830.65,858.1,2850.2,868.35,2879.95,884.6,2898.1,907.4,2909.75,936.7,2899.95,960.45,2887.45,975.3,2871.6,980.9,2849.75,982.75,2822.8,978.1,2806.95,969.25,2782.8,952.05,2771.6,938.1
4-80,Uninfected,No_comment,Polygon,19,3065.55,848.35,3071.15,826.95,3088.8,807.4,3111.6,799.95,3129.3,796.7,3143.7,798.1,3161.4,803.7,3176.75,815.8,3188.3,829.25,3199.05,853,3196.75,882.75,3187.9,901.8,3166.5,915.3,3140.9,923.2,3122.3,921.35,3098.6,911.6,3086.5,898.1,3076.75,883.2,3068.8,866.95
4-81,Uninfected,No_comment,Polygon,19,3206.95,783.65,3213.45,763.65,3223.65,743.65,3239,731.6,3257.65,724.65,3279.95,728.85,3295.75,736.25,3316.7,751.15,3326.95,774.35,3328.35,793.95,3319,828.35,3304.15,846.95,3287.4,856.7,3266.95,860,3243.65,853.5,3228.8,845.05,3218.55,835.8,3210.65,821.85,3202.3,800.9
4-82,Uninfected,No_comment,Polygon,17,3197.65,749.3,3211.6,736.25,3219,719.5,3221.35,691.6,3214.35,660.9,3197.15,642.75,3166.95,631.6,3137.15,639,3111.6,653.5,3094.85,677.2,3087.4,701.35,3095.3,731.15,3108.35,751.6,3123.7,762.75,3135.3,768.35,3158.1,770.2,3182.3,762.3
4-83,Uninfected,No_comment,Polygon,17,2986,800,3003.7,787.4,3013.45,763.25,3016.25,738.15,3003.2,700.4,2985.05,684.65,2956.7,680.9,2939,687.4,2918.1,701.35,2904.6,719,2895.75,743.65,2893.9,766.95,2903.7,789.3,2913.9,803.65,2935.3,810.65,2953.9,814.35,2973,809.3
4-84,Uninfected,No_comment,Polygon,17,3396.25,854.35,3403.65,839.5,3423.65,820.4,3449.25,808.85,3472.5,802.3,3500.4,806,3521.8,814.85,3538.55,845.55,3541.8,871.6,3526.45,897.65,3504.15,919.5,3474.85,931.15,3448.8,932.55,3421.35,923.25,3407.85,911.6,3397.65,895.35,3395.75,877.2
4-85,Uninfected,No_comment,Polygon,16,3446.95,733.45,3446.5,713.9,3454.85,678.1,3468.8,655.3,3491.15,646,3521.4,637.65,3545.55,643.7,3563.7,655.8,3576.75,669.75,3583.7,694.85,3578.1,714.85,3564.15,735.8,3539.05,746.95,3506.5,755.3,3487.4,756.25,3471.15,749.25
4-86,Uninfected,No_comment,Polygon,18,3279.5,644.15,3280.45,627.85,3276.25,603.7,3279.5,583.2,3293.95,564.6,3316.75,548.8,3345.55,539.05,3363.7,533.9,3387.9,540.45,3402.75,557.65,3412.55,581.85,3418.6,605.55,3412.1,635.8,3393.45,663.7,3369.25,672.05,3339.95,678.1,3316.75,672.05,3292.95,660.45
4-87,Uninfected,No_comment,Polygon,17,3211.15,483.7,3217.6,460.9,3233.45,446,3257.2,432.05,3283.7,418.55,3310.2,411.15,3340.45,416.25,3353.45,422.3,3377.2,445.55,3389.25,466.5,3386.95,494.85,3366.05,519.05,3332.1,530.65,3301.85,534.85,3262.25,534.85,3232.95,526,3221.4,513.9
4-88,Uninfected,No_comment,Polygon,21,3677.15,442.75,3676.7,463.2,3670.65,486,3659.95,513.9,3655.3,518.1,3665.5,524.15,3679.5,539.5,3698.55,557.65,3717.6,565.55,3744.15,573,3769.7,568.35,3789.7,565.05,3823.65,561.35,3839.95,565.05,3832.05,550.65,3812.95,524.6,3795.3,492.05,3783.2,473.9,3718.55,451.6,3707.85,451.6,3692.5,450.65
4-89,Uninfected,No_comment,Polygon,17,3460.45,308.35,3467.9,330.7,3472.55,350.7,3480.9,384.15,3500.45,409.75,3526.95,424.65,3546.5,438.1,3561.4,445.1,3583.25,443.3,3609.3,435.35,3625.1,410.25,3623.25,384.65,3610.2,348.35,3577.2,317.65,3553,298.65,3502.8,287.95,3473.95,298.1
4-90,Uninfected,No_comment,Polygon,16,3406.5,416.3,3405.55,430.25,3406.05,454.4,3413,481.4,3439.5,511.65,3474.85,527.45,3500.9,530.25,3528.8,525.6,3551.6,503.7,3557.65,475.8,3537.65,449.3,3511.6,426.05,3480.9,407.95,3454.4,400,3424.65,396.3,3413.95,403.3
4-91,Uninfected,No_comment,Polygon,19,3154.85,358.1,3156.25,342.75,3155.3,322.3,3169.75,306.55,3189.75,297.25,3205.1,285.1,3230.2,284.65,3253.45,293.45,3268.8,311.15,3277.2,333,3284.15,355.8,3278.55,377.25,3277.2,388.8,3271.6,399.55,3254.85,405.1,3240.45,411.65,3212.55,411.65,3187.85,402.3,3167.85,385.1
4-92,Uninfected,No_comment,Polygon,18,3191.15,251.15,3179.95,209.75,3159.95,183.7,3135.8,168.35,3117.65,160,3080.9,160.45,3047.45,169.35,3033.9,185.6,3026,204.15,3022.3,218.1,3026,246.55,3036.25,274.4,3053,302.3,3076.7,314.4,3099.1,321.9,3150.2,314.4,3175.25,301.85,3193,276.3
4-93,Uninfected,No_comment,Polygon,20,3194.45,211.65,3201.35,226.05,3213.9,251.15,3234.85,273.45,3251.6,280.45,3269.75,292.1,3280.45,306.05,3286.5,311.15,3305.1,302.3,3334.45,281.9,3350.65,268.8,3360.9,260.45,3378.1,248.35,3370.2,232.1,3356.25,204.65,3336.25,174.9,3302.3,170.25,3266.5,175.35,3237.65,187.95,3217.65,205.6
4-94,Uninfected,No_comment,Polygon,18,2822.3,252.55,2837.2,227.9,2848.8,202.3,2864.15,185.1,2883.7,181.85,2907.45,187.4,2930.65,196.7,2948.8,206.95,2960.5,222.3,2975.3,250.2,2978.6,263.25,2976.7,274.85,2960.9,291.15,2927.45,304.6,2896.25,314.4,2853.95,313.95,2837.65,294.85,2828.8,273.95
4-95,Uninfected,No_comment,Polygon,20,2878.6,136.25,2882.3,116.7,2905.55,102.75,2928.8,100.45,2962.8,102.75,2994.45,95.3,3014.85,93.95,3028.35,96.7,3047.9,103.25,3057.65,113,3061.85,132.55,3053.5,153,3035.8,162.75,3022.3,172.05,2996.7,183.7,2965.15,186.95,2938.6,181.35,2917.2,173.95,2894.45,165.55,2882.8,152.55
4-96,Uninfected,No_comment,Polygon,16,2883.7,432.1,2879,415.35,2891.1,387.95,2914.85,365.6,2941.8,359.55,2966.45,361.9,2992.5,373,3001.8,383.3,3017.65,415.8,3019.5,439.05,3008.8,458.1,2979.95,473,2948.8,477.25,2918.55,475.8,2906.95,465.1,2890.65,449.3
4-97,Uninfected,No_comment,Polygon,20,2563.7,320.45,2581.35,312.6,2583.2,286.55,2594.85,264.65,2603.7,254,2624.6,236.3,2634.35,224.65,2662.3,219.05,2689.25,219.55,2700.9,225.6,2714.85,236.3,2726,249.35,2728.8,268.8,2719.5,289.75,2709.7,315.35,2686.95,344.15,2655.75,358.65,2619.05,367,2596.25,358.65,2580.4,344.15
4-98,Uninfected,No_comment,Polygon,20,2365.55,220.45,2377.6,202.3,2387.4,186.95,2399.5,167.4,2419.95,153.45,2438.1,149.25,2444.15,155.3,2449.25,169.25,2458.55,176.25,2474.85,185.1,2488.3,199.95,2501.35,231.1,2506.45,258.1,2491.1,278.1,2471.1,293.9,2451.6,300.9,2418.55,296.7,2393.9,288.35,2364.6,270.2,2361.35,229.75
4-99,Uninfected,No_comment,Polygon,15,2326.45,420.9,2325.55,399.5,2334.35,361.35,2345.05,340.45,2363.2,333,2394.85,332.5,2419,334.4,2437.6,353,2452.05,378.55,2459.95,404.6,2453.9,442.3,2429.25,458.55,2399.5,469.75,2372.05,462.3,2344.6,447.4
4-100,Uninfected,No_comment,Polygon,15,2216.7,429.25,2203.65,413.9,2192.95,383.7,2185.55,358.55,2188.8,332.05,2203.2,309.75,2241.35,297.15,2275.75,288.35,2301.8,298.55,2318.1,325.55,2320.9,356.25,2316.7,392.5,2308.3,420.9,2281.8,435.3,2256.25,440.9
4-101,Uninfected,No_comment,Polygon,19,2164.15,282.75,2153.9,259.05,2145.05,233.9,2152.05,206,2158.55,199.5,2167.4,190.65,2184.15,187.4,2205.55,186.45,2221.8,183.2,2229.7,194.4,2241.35,203.7,2262.75,213.9,2272.5,223.7,2278.55,239.05,2279.95,260.9,2272.05,276.7,2251.6,286.95,2221.8,297.15,2190.65,294.4
4-102,Uninfected,No_comment,Polygon,15,2078.55,448.8,2077.6,432.5,2099.5,401.35,2110.65,386.95,2142.3,378.55,2168.3,385.1,2180.4,407.4,2186.45,429.25,2187.4,451.6,2177.15,475.75,2156.7,497.15,2116.7,497.65,2099.95,492.05,2089.7,474.85,2082.3,465.1
4-103,Uninfected,No_comment,Polygon,16,2233.9,548.3,2226,526,2220.4,503.25,2222.75,478.6,2231.55,462.3,2251.1,455.3,2280.4,452.55,2317.6,453.4,2350.65,465.55,2371.55,492.95,2377.15,530.65,2368.3,556.25,2344.6,573.4,2318.1,581.85,2287.4,576.7,2252.5,564.65
4-104,Uninfected,No_comment,Polygon,20,2296.7,594.85,2330.2,586.95,2355.3,578.55,2377.15,570.65,2381.35,555.3,2395.3,546,2418.55,550.2,2441.35,565.55,2462.75,584.15,2478.55,612.95,2488.8,634.85,2490.2,647.4,2478.55,657.15,2452.05,666.45,2441.35,670.65,2418.1,673.45,2407.85,680.9,2386.95,673.45,2337.65,643.2,2307.85,611.6
4-105,Uninfected,No_comment,Polygon,19,2402.75,701.35,2411.1,687.4,2430.2,677.15,2440.4,668.8,2454.35,655.75,2475.75,643.65,2498.1,639.5,2519.5,646.95,2533,658.1,2544.6,691.6,2544.15,717.65,2526.45,732.5,2499.95,735.3,2474.85,751.1,2456.25,766.45,2436.25,765.55,2418.1,752.95,2406.45,732.05,2402.3,711.1
4-106,Uninfected,No_comment,Polygon,17,2578.55,611.1,2595.3,603.2,2612.05,600.9,2639.5,606.95,2653,613.45,2672.5,627.4,2684.6,648.8,2689.7,669.25,2683.65,696.25,2672.05,714.85,2653.9,728.8,2627.85,731.1,2602.75,724.6,2576.7,710.65,2566.45,686.95,2557.65,664.6,2565.55,630.65
4-107,Uninfected,No_comment,Polygon,20,2079.95,576.7,2088.35,566.95,2099.5,546,2107.4,528.3,2120.9,521.35,2140.9,528.3,2170.2,532.05,2193,541.8,2206,565.05,2218.55,595.3,2209.7,627.85,2190.2,655.75,2175.3,666.95,2150.2,672.95,2130.65,665.55,2126,653.9,2112.5,646.45,2102.75,635.75,2096.25,619,2090.2,600.9
4-108,Uninfected,No_comment,Polygon,19,2197.65,885.05,2168.3,873,2155.75,842.3,2158.1,808.3,2173,783.2,2190.65,760.4,2201.35,745.05,2221.8,740.4,2246.45,743.65,2256.7,755.3,2261.8,769.7,2274.85,779.5,2283.2,796.7,2289.7,820.4,2284.6,853.45,2266.45,865.55,2248.3,868.8,2228.8,873,2214.35,883.2
4-109,Uninfected,No_comment,Polygon,18,2041.35,840.4,2031.1,820.9,2026.45,786,2033.45,758.55,2045.55,743.2,2067.85,731.6,2090.65,726,2103.65,719,2121.8,716.25,2144.6,714.85,2151.6,719.5,2149.7,738.55,2147.4,772.05,2147.4,808.3,2134.35,829.7,2116.7,838.1,2082.3,840.9,2063.2,849.25
4-110,Uninfected,No_comment,Polygon,14,1873.9,819.95,1873.45,846.45,1874.85,867.85,1888.3,897.15,1915.75,926.45,1939,935.3,1963.2,934.85,2000.4,933.9,2021.35,929.25,2019,915.75,2005.55,885.55,1982.75,853.9,1949.25,833,1911.1,819.5
4-111,Uninfected,No_comment,Polygon,16,2217.65,1014.35,2201.35,998.1,2189.8,986.45,2191.2,933.9,2209.3,903.65,2240.9,892.05,2264.2,889.7,2289.8,898.55,2303.7,925.55,2321.35,953.9,2338.15,967.4,2329.8,983.65,2320,992.5,2312.55,1009.7,2277.65,1021.8,2246,1025.05
4-112,Uninfected,No_comment,Polygon,19,2310.2,932.95,2322.8,908.8,2352.55,894.85,2376.25,892.95,2392.55,900.4,2408.35,910.2,2415.85,928.3,2413.5,955.3,2398.15,988.3,2381.9,999.5,2362.3,1004.6,2345.55,999.5,2332.55,988.3,2318.05,981.8,2297.2,974.35,2281.3,964.1,2271.55,949.7,2283.65,944.6,2300.9,937.6
4-113,Uninfected,No_comment,Polygon,19,2037.25,971.6,2046.95,948.3,2056.7,927.4,2081.9,912.5,2104.65,903.2,2125.55,906,2140.9,914.35,2158.15,926.45,2164.65,952.5,2163.7,973.9,2164.2,983.65,2172.05,997.15,2184.65,1010.65,2182.3,1021.35,2153,1023.2,2129.3,1024.6,2103.7,1020.9,2070.7,1011.1,2052.55,1002.3
4-114,Uninfected,No_comment,Polygon,15,2045.1,1102.75,2051.6,1086,2066.95,1072.55,2097.65,1066.5,2131.15,1073.45,2146.95,1081.35,2160.9,1106.5,2172.55,1124.6,2171.6,1159.05,2154.4,1174.4,2123.7,1180.45,2100.9,1184.15,2073.45,1166.5,2058.55,1151.6,2047.4,1123.7
4-115,Uninfected,No_comment,Polygon,15,1886,1196.7,1903.25,1173.9,1930.2,1163.25,1977.2,1168.35,2005.1,1178.1,2033,1190.2,2053.45,1206.5,2060.9,1219.95,2055.8,1232.05,2041.85,1245.55,2017.65,1252.55,1979.95,1252.55,1944.6,1248.35,1912.55,1239.95,1895.3,1229.75
4-116,Uninfected,No_comment,Polygon,27,1852.55,1063.25,1856.7,1050.65,1856.25,1042.3,1845.55,1026.95,1845.1,1009.75,1860.45,1004.15,1843.7,991.15,1844.6,977.2,1854.85,965.55,1864.6,950.2,1879.05,945.1,1891.6,954.4,1892.55,964.15,1907.9,968.35,1913.45,975.8,1915.8,987.4,1926.5,1005.1,1912.05,1013,1928.8,1027.4,1934.85,1044.15,1924.6,1051.15,1926,1059.5,1923.7,1072.05,1912.55,1093.9,1893.9,1098.6,1880.45,1088.35,1869.25,1081.85
4-117,Uninfected,No_comment,Polygon,16,2175.8,1187.4,2182.75,1168.35,2197.2,1159.05,2217.65,1150.65,2252.05,1159.95,2269.25,1167.9,2289.25,1177.2,2303.2,1201.35,2305.55,1222.3,2296.25,1246,2275.3,1265.1,2253.9,1270.2,2221.85,1265.1,2193,1249.75,2179.05,1229.25,2175.8,1208.35
4-118,Uninfected,No_comment,Polygon,14,1765.55,1299.95,1771.1,1279.5,1785.1,1265.55,1804.6,1256.7,1840.9,1259,1866.45,1266.95,1884.15,1278.1,1901.35,1292.95,1912.05,1317.15,1905.55,1337.6,1893,1346,1849.25,1344.15,1824.6,1336.7,1793.45,1326
4-119,Uninfected,No_comment,Polygon,15,1762.9,1473.05,1768.9,1457.3,1770.45,1422.3,1764.4,1403.5,1785.65,1398.35,1810.1,1390.3,1839.55,1383.2,1873.05,1395.4,1889.25,1420.75,1890.3,1457.8,1879.65,1487.75,1865.35,1501.95,1830.9,1515.1,1816.7,1517.7,1792.25,1508.05
4-120,Uninfected,No_comment,Polygon,17,1637.55,1381.7,1643.65,1366.55,1663.95,1349.2,1694.4,1337.55,1718.3,1342.6,1739.55,1357.85,1750.25,1378.65,1753.3,1411.15,1749.2,1448.7,1748.2,1470.1,1729.95,1489.3,1707.1,1500.5,1686.25,1497.45,1665,1488.8,1646.15,1465.95,1630.45,1445.65,1624.9,1411.15
4-121,Uninfected,No_comment,Polygon,17,1532.45,1562.4,1524.35,1534,1539.55,1498.95,1557.35,1486.25,1586.85,1484.25,1609.6,1483.75,1638.55,1493.9,1655.8,1505.55,1672.05,1527.4,1687.8,1555.8,1692.35,1569,1673.6,1578.2,1646.7,1592.35,1626.9,1599.45,1595.9,1598.5,1569.5,1596.95,1546.75,1582.7
4-122,Uninfected,No_comment,Polygon,18,1487.55,1215.85,1490.8,1205.5,1502.8,1188.1,1510.4,1172.35,1509.25,1163.1,1539.15,1163.65,1574,1171.25,1595.7,1182.7,1612.05,1199.55,1630.5,1215.3,1640.3,1238.1,1627.8,1260.95,1613.1,1270.75,1587.55,1282.15,1556,1281.55,1518.55,1276.15,1498.95,1259.3,1487.55,1241.4
4-123,Uninfected,No_comment,Polygon,13,1355.5,1366.4,1365.25,1344.6,1382.1,1325.1,1411.45,1314.2,1435.4,1310.95,1464.75,1320.75,1478.85,1338.65,1489.2,1374.55,1489.2,1391.95,1474.5,1406.05,1442.95,1421.3,1399.5,1424.55,1366.35,1403.9
4-124,Uninfected,No_comment,Polygon,14,1372.35,1552.25,1378.85,1522.9,1403.3,1500.1,1433.2,1488.7,1458.75,1490.3,1483.25,1497.4,1503.35,1516.95,1513.65,1544.1,1507.7,1563.7,1496.8,1585.95,1474.5,1597.95,1441.9,1607.15,1403.3,1595.75,1383.2,1577.8
4-125,Uninfected,No_comment,Polygon,13,1719.65,1621.8,1727.25,1595.2,1746.8,1568.55,1775.1,1559.3,1808.3,1570.7,1827.25,1582.15,1840.3,1610.4,1841.95,1644.65,1830,1668.55,1807.15,1684.3,1786.5,1693.55,1748.45,1684.85,1732.75,1669.65
4-126,Uninfected,No_comment,Polygon,12,1555,1834.3,1535.45,1801.7,1538.7,1762.05,1549.55,1738.1,1576.75,1724.55,1603.35,1708.25,1640.9,1707.1,1655,1722.95,1663.15,1763.1,1655.55,1805.5,1623.5,1837.6,1596.85,1844.15
4-127,Uninfected,No_comment,Polygon,14,1375.1,1938.75,1353.9,1927.3,1358.25,1876.75,1371.8,1845.8,1399,1830.55,1421.3,1818.65,1452.8,1817,1478.9,1826.2,1496.3,1850.15,1506.05,1879.5,1497.9,1906.7,1470.75,1931.65,1440.85,1947.95,1399,1945.3
4-128,Uninfected,No_comment,Polygon,15,1839.8,1867,1824.55,1842.55,1821.3,1809.9,1830,1778.4,1841.95,1763.15,1869.7,1755.55,1896.85,1757.75,1922.4,1773.5,1936.55,1796.85,1942.5,1822.95,1940.35,1850.15,1928.95,1867,1900.1,1883.85,1876.75,1886,1854.45,1877.3
4-129,Uninfected,No_comment,Polygon,14,1671.85,1893.6,1664.8,1861,1668.6,1831.1,1684.9,1809.9,1700.65,1799.6,1721.85,1793.05,1744.15,1794.15,1766.95,1807.2,1784.9,1824.6,1796.85,1852.3,1790.9,1883.85,1774.55,1901.25,1749.05,1913.75,1721.85,1916.45
4-130,Uninfected,No_comment,Polygon,14,1974.6,1901.2,1978.95,1875.15,1990.9,1840.35,2021.35,1824.6,2056.65,1826.75,2078.95,1836.55,2093.1,1858.3,2102.85,1881.1,2095.25,1922.4,2086.55,1944.7,2063.75,1958.3,2032.75,1959.4,2008.3,1949.6,1994.7,1937.65
4-131,Uninfected,No_comment,Polygon,12,2138.75,1800.1,2136,1779.45,2153.4,1752.85,2189.3,1741.4,2223,1742.45,2256.65,1757.15,2275.15,1782.2,2286.05,1808.8,2275.7,1831.65,2243.65,1851.2,2204.5,1853.85,2168.6,1844.7
4-132,Uninfected,No_comment,Polygon,14,1997.4,1714.8,1996.9,1693.05,2007.2,1664.25,2020.25,1647.4,2055.6,1639.25,2077.85,1646.85,2105.6,1654.95,2127.35,1668.6,2140.9,1705.55,2130.6,1730,2107.75,1747.4,2074.6,1757.7,2039.3,1754.45,2005.6,1738.65
4-133,Uninfected,No_comment,Polygon,14,1983.85,1555,1989.25,1545.2,2000.15,1527.8,2022.95,1516.95,2050.15,1519.1,2076.25,1527.25,2099.05,1540.85,2114.3,1554.45,2119.7,1597.4,2094.7,1617.5,2058.85,1621.25,2027.85,1619.15,2004.5,1602.3,1988.75,1574
4-134,Uninfected,No_comment,Polygon,12,2125.7,1625.6,2126.8,1613.7,2141.45,1593.05,2161.55,1585.45,2196.9,1583.25,2216.45,1593.6,2242,1612.6,2243.1,1643.6,2231.7,1656.65,2189.3,1672.4,2162.1,1665.85,2135.5,1653.35
4-135,Uninfected,No_comment,Polygon,21,2389.3,1582.7,2384.95,1597.35,2375.7,1618,2375.7,1627.8,2376.25,1649.55,2371.9,1660.4,2383.85,1660.95,2399.6,1666.95,2424.6,1675.65,2444.7,1684.35,2471.35,1687.6,2489.85,1682.7,2511.6,1672.35,2523,1663.65,2528.95,1652.8,2523.55,1637.05,2500.7,1624,2480.05,1606.05,2452.9,1590.85,2420.25,1581.05,2397.45,1583.8
4-136,Uninfected,No_comment,Polygon,15,2277.85,1707.7,2282.2,1685.4,2303.95,1659.35,2332.75,1649,2360.5,1656.05,2383.85,1669.1,2396.9,1695.75,2400.15,1719.65,2391.45,1750.65,2381.15,1765.3,2361,1778.35,2321.35,1774,2303.4,1766.4,2287.1,1750.1,2277.85,1727.8
4-137,Uninfected,No_comment,Polygon,18,2265.9,1606.05,2271.35,1588.2,2294.7,1561.5,2326.25,1545.75,2347.45,1535.45,2367,1529.5,2381.7,1527.3,2410.5,1530,2427.9,1543,2433.3,1564.2,2425.7,1572.35,2396.35,1576.7,2382.25,1585.4,2373,1609.85,2350.15,1631.05,2333.3,1640.9,2305.6,1641.4,2280.6,1631.6
4-138,Uninfected,No_comment,Polygon,15,2227.9,1569.65,2209.4,1559.9,2198.55,1532.15,2191.45,1504.45,2195.25,1478.35,2207.75,1460.95,2234.95,1449.5,2257.75,1447.35,2276.25,1455.55,2294.8,1466.95,2307.3,1499.55,2303.95,1529.45,2294.2,1550.65,2282.8,1561.5,2263.2,1571.3
4-139,Uninfected,No_comment,Polygon,14,2073,1412.6,2086,1377.8,2102.35,1360.4,2139.3,1351.7,2162.65,1357.1,2183.85,1364.75,2199.05,1376.15,2214.3,1412.6,2213.75,1433.25,2196.9,1464.75,2182.2,1477.8,2130.05,1496.85,2105.6,1484.35,2084.4,1468.55
4-140,Uninfected,No_comment,Polygon,13,2337.65,1388.1,2345.8,1357.15,2358.85,1338.7,2396.35,1332.15,2431.15,1347.4,2448.55,1368.6,2461.6,1396.8,2454.5,1442.45,2426.25,1464.25,2398,1467,2372.45,1456.65,2355.05,1440.85,2342.55,1417.45
4-141,Uninfected,No_comment,Polygon,13,2438.75,1514.2,2445.3,1491.4,2467.55,1477.3,2500.2,1472.95,2529,1479.5,2549.1,1500.7,2560.5,1527.85,2558.35,1561.55,2544.75,1582.7,2511.05,1586.55,2474.65,1584.9,2460.5,1569.15,2445.3,1540.85
4-142,Uninfected,No_comment,Polygon,14,2561.05,1628.4,2555.6,1599.05,2564.3,1566.4,2577.35,1547.4,2603.45,1544.65,2631.15,1546.85,2657.8,1557.7,2679.55,1591.4,2683.35,1619.7,2676.8,1647.4,2658.35,1666.4,2624.1,1675.1,2591.5,1663.7,2580.05,1654.45
4-143,Uninfected,No_comment,Polygon,14,2529.5,1365.25,2531.7,1395.2,2544.75,1423.4,2567,1442.95,2599.65,1456.6,2627.35,1457.1,2663.2,1448.45,2693.1,1426.7,2698.55,1414.2,2684.4,1387.05,2655.05,1368.55,2634.4,1359.3,2601.25,1354.9,2568.65,1350.1
4-144,Uninfected,No_comment,Polygon,16,3003.45,1410.95,3001.3,1389.25,2999.1,1362.6,3029,1349.55,3070.85,1341.95,3101.3,1345.2,3121.4,1353.9,3141.5,1365.85,3173.05,1379.45,3176.3,1390.3,3160.55,1406.05,3141.5,1426.75,3110,1442.5,3069.25,1447.95,3046.95,1442.5,3013.8,1428.9
4-145,Uninfected,No_comment,Polygon,16,2827.9,1434.35,2828.45,1411.5,2838.25,1383.8,2849.65,1367.5,2871.95,1358.25,2903.45,1353.9,2927.35,1361.5,2952.9,1381.6,2970.85,1411.5,2981.7,1435.95,2989.35,1455,2985.55,1469.65,2949.1,1479.45,2914.85,1482.15,2871.4,1471.85,2839.3,1459.35
4-146,Uninfected,No_comment,Polygon,15,2358.3,1173.4,2367.5,1129.4,2371.85,1104.95,2393.6,1095.7,2411.5,1090.25,2438.7,1098.4,2467,1115.8,2480.55,1136.45,2491.45,1164.7,2494.15,1172.85,2484.9,1182.65,2461.5,1197.3,2433.3,1198.4,2404.5,1195.15,2376.2,1187.55
4-147,Uninfected,No_comment,Polygon,23,2578.65,879.4,2581.55,872.3,2593.75,859.65,2603.4,848.75,2618.95,839.5,2629.05,833.2,2633.65,825.65,2629.45,812.6,2627.8,800.45,2626.95,784.9,2632,779.4,2653.85,783.6,2672.35,790.75,2689.15,805.05,2700.9,839.15,2700.9,881.1,2689.55,905.05,2655.95,932.85,2629.45,937,2611,932.35,2600.05,926.05,2589.95,911,2578.2,886.55
4-148,Uninfected,No_comment,Polygon,17,2473.15,766.8,2470.65,789.9,2479.05,807.55,2498.8,827.75,2523.6,842.05,2543.35,847.05,2571.9,850.45,2600.9,848.75,2615.2,827.75,2622.75,817.65,2617.7,798.35,2602.15,774.4,2585.35,763.05,2558.9,752.55,2536.2,750.05,2511,754.65,2503,756.3
4-149,Uninfected,No_comment,Polygon,17,2933.15,622.45,2920,606.2,2910.35,584.05,2910.35,557.1,2917.25,533.2,2935.25,507.6,2951.15,495.5,2970.2,492.7,2990.25,499.65,2999.95,510.35,3009.3,535.95,3014.5,559.15,3014.15,591.35,3003.05,627.3,2986.1,640.45,2965,644.25,2947.7,636.65
4-150,Uninfected,No_comment,Polygon,21,3385.25,216.7,3396.4,196.4,3411.55,185.25,3433.4,172.1,3478.1,177.65,3494,186.45,3503.2,201.15,3512.7,219.5,3516.35,245,3511.15,268.1,3504.75,282.05,3486.45,285.25,3471.7,293.6,3451.35,310.35,3437.4,310.75,3417.5,302.35,3392.8,282.85,3388.4,264.5,3392,248.2,3397.2,242.2,3392.8,231.45
4-151,Uninfected,No_comment,Polygon,16,3806.15,724.1,3814.7,699.5,3832.3,666.9,3861.95,640.75,3880.55,632.65,3900.65,640.2,3925.25,643.7,3948.9,651.8,3968.5,671.9,3976.5,715.65,3968.5,734.75,3940.35,757.3,3914.2,761.35,3881.05,756.8,3848.4,752.75,3825.25,740.75
4-152,Uninfected,No_comment,Polygon,18,3652.4,584.9,3650.9,607.1,3646.35,627.7,3637.8,640.2,3649.35,648.75,3668.95,659.3,3697.1,686.5,3718.2,699.5,3746.85,705.1,3767.45,708.55,3808.7,695.05,3819.75,668.35,3816.7,655.85,3798.1,637.7,3762.45,619.1,3747.35,599.5,3718.7,584.4,3692.1,576.45
4-153,Uninfected,No_comment,Polygon,17,3859.4,955.25,3833.8,954.75,3811.15,941.2,3792.1,922.1,3783.1,902,3777.55,877.9,3777.55,838.2,3794.6,819.6,3813.7,809.05,3839.8,808.05,3860.9,816.6,3879.5,830.15,3901.1,860.3,3911.75,893.95,3904.65,918.6,3895.1,940.2,3884.05,949.25
4-154,Uninfected,No_comment,Polygon,17,3913.2,951.75,3929.25,942.7,3962.45,928.65,3984.55,921.1,4020.2,922.1,4042.35,929.15,4061,936.2,4083.55,953.25,4095.65,967.35,4098.1,981.9,4080.6,993.45,4066.95,1013.05,4042.85,1026.65,3996.65,1023.1,3967.45,1016.6,3942.35,1001,3925.25,975.9
4-155,Uninfected,No_comment,Polygon,21,3731.3,1053.8,3740.35,1040.25,3748.4,1021.15,3771.5,1007.05,3790.6,1005.55,3809.7,1004.05,3828.8,1002.55,3837.35,1001.55,3853.9,1009.55,3869.5,1016.1,3878.55,1030.7,3881.05,1048.25,3870.5,1064.35,3843.85,1079.4,3822.75,1085.45,3812.7,1096.5,3798.15,1093,3779.55,1093.5,3757.95,1091,3751.9,1076.4,3742.85,1066.85
4-156,Uninfected,No_comment,Polygon,19,3620.65,1083.45,3641.25,1067.85,3657.4,1058.8,3685,1053.8,3705.6,1055.3,3724.7,1060.85,3732.3,1073.9,3739.75,1081.95,3748.35,1091,3755.35,1104.55,3749.8,1129.2,3737.8,1151.3,3728.75,1171.4,3706.1,1186.45,3692.1,1188.45,3663.45,1172.4,3645.8,1156.3,3630.2,1132.2,3622.75,1111.1
4-157,Uninfected,No_comment,Polygon,14,3382.5,1047.25,3378.5,1024.65,3382,1009.05,3397.1,988.95,3418.7,973.9,3443.9,964.35,3472.95,966.85,3496.1,979.4,3506.15,990.9,3507.65,1019.6,3490.6,1041.75,3471.45,1054.75,3444.4,1061.35,3428.25,1065.3
4-158,Uninfected,No_comment,Polygon,18,3781.65,1354.7,3796.75,1328.3,3811.35,1316.5,3834.95,1305.65,3857.15,1298.6,3881.2,1299.55,3899.6,1301.4,3930.25,1312.25,3940.6,1323.1,3954.3,1350.45,3962.8,1374.05,3946.75,1397.65,3919.85,1417,3881.65,1429.7,3852.9,1425.5,3822.7,1414.15,3801,1398.6,3789.2,1376.9
4-159,Uninfected,No_comment,Polygon,15,4018.45,1340.55,4047.7,1329.25,4067.5,1317.95,4089.7,1313.2,4108.1,1323.6,4129.75,1343.4,4140.15,1358.5,4149.1,1373.6,4136.4,1415.55,4118,1430.2,4089.2,1431.15,4059.5,1422.15,4035.45,1409.9,4019.85,1382.55,4016.1,1357.55
4-160,Uninfected,No_comment,Polygon,21,3695.35,1388.65,3693,1402.35,3695.8,1422.15,3701.55,1442.85,3703.35,1457.55,3712.35,1466.5,3726.05,1481.1,3735.9,1491.05,3749.6,1491.05,3760.9,1495.3,3780.3,1499.05,3791.15,1493.4,3800.55,1478.25,3809.5,1455.2,3819.9,1433.95,3821.75,1422.65,3798.65,1407.55,3779.3,1391.5,3759.05,1386.3,3739.7,1373.55,3717.05,1372.65
4-161,Uninfected,No_comment,Polygon,16,4069.4,1552.8,4065.15,1534.9,4072.7,1503.7,4093.95,1475.95,4118,1461.8,4140.65,1456.1,4159.55,1460.85,4181.25,1471.7,4195.9,1502.35,4197.25,1526.9,4184.55,1559.45,4160.95,1578.8,4146.3,1590.55,4129.35,1595.75,4096.8,1588.65,4077.5,1581.15
4-162,Uninfected,No_comment,Polygon,15,3924.15,1615.55,3929.35,1587.25,3950.1,1552.85,3973.2,1543.85,3997.75,1541.5,4028.85,1551.4,4053.4,1576.9,4063.3,1602.35,4070.4,1634.9,4057.15,1664.6,4027.95,1681.6,3993,1681.6,3964.7,1672.65,3947.75,1657.55,3939.25,1638.7
4-163,Uninfected,No_comment,Polygon,18,4061.85,1743.4,4062.8,1716.55,4070.35,1688.25,4083.1,1668.4,4107.6,1650,4149.6,1645.3,4171.3,1647.2,4192.5,1657.1,4210.45,1674.1,4225.55,1701.9,4226,1731.15,4213.3,1767,4194.4,1786.8,4168,1800.05,4136.4,1803.8,4104.3,1796.7,4084.05,1785.4,4071.75,1768.9
4-164,Uninfected,No_comment,Polygon,22,3917.05,1770.3,3927.9,1753.35,3937.35,1726.45,3940.15,1709.45,3963.75,1708.05,3993.45,1708.05,4021.3,1716.55,4035.9,1725.5,4055.25,1757.1,4064.2,1773.6,4074.1,1797.2,4088.75,1813.7,4098.2,1823.6,4096.75,1830.2,4076,1832.1,4055.25,1840.1,4026.5,1847.65,3992.5,1842,3963.75,1832.1,3949.1,1819.35,3941.6,1795.3,3921.75,1775
4-165,Uninfected,No_comment,Polygon,17,3626.5,1783.55,3619.4,1763.25,3617.5,1736.35,3636.4,1711.35,3658.55,1700.5,3674.55,1693.9,3701,1688.25,3732.1,1697.65,3750.05,1720.3,3762.8,1749.1,3754.8,1776.9,3742.5,1795.8,3723.65,1807.1,3695.8,1814.2,3676.95,1811.35,3652.4,1803.8,3637.35,1792.95
4-166,Uninfected,No_comment,Polygon,15,4224.6,1216.05,4198.15,1234.45,4161.85,1242,4132.15,1236.35,4106.7,1227.85,4081.2,1206.15,4072.2,1185.85,4072.7,1152.4,4077.9,1134,4090.15,1127.4,4114.25,1121.7,4147.2,1123.15,4177.45,1136.35,4198.6,1145.3,4208.05,1150.95
4-167,Uninfected,No_comment,Polygon,18,1481.2,944.35,1499.5,922.2,1526.55,902.7,1557.9,891.35,1583.35,882.2,1606.05,882.2,1634.1,886.55,1650.85,907.05,1661.15,933,1653.05,969.2,1629.3,995.75,1604.9,1010.3,1578.45,1017.85,1556.8,1011.4,1534.15,999.5,1519.5,992.5,1504.4,985.95,1493.05,972.5
4-168,Uninfected,No_comment,Polygon,17,1403.3,973.55,1413,959.5,1436.25,951.9,1459.5,958.45,1484.4,969.2,1503.4,984.9,1523.85,1014.1,1539.5,1037.3,1544.9,1062.75,1535.8,1091.4,1520.1,1104.9,1495.2,1111.9,1473.55,1103.8,1441.2,1081.7,1417.35,1060.05,1404.9,1036.25,1400.1,1004.9
4-169,Uninfected,No_comment,Polygon,15,1801.65,747,1807.1,726.5,1822.75,709.7,1848.15,698.9,1876.8,706.5,1891.95,709.7,1909.8,722.7,1923.3,745.4,1924.4,784.85,1909.25,799.45,1885.45,802.15,1857.9,815.7,1824.4,812.45,1811.95,802.7,1800.6,787.6
4-170,Uninfected,No_comment,Polygon,15,1723.85,602.15,1730.85,585.95,1743.3,561.6,1772.5,541.6,1800.05,535.15,1828.15,537.3,1848.15,551.9,1861.7,574.6,1877.35,599.45,1884.9,614.6,1874.1,632.95,1838.95,641.6,1814.65,643.25,1781.15,637.85,1747.05,631.4
4-171,Uninfected,No_comment,Polygon,17,1947.65,488.65,1936.3,501.1,1936.3,521.1,1944.4,537.85,1963.8,550.3,1981.1,558.95,2001.7,566.5,2031.4,567.05,2053.6,558.4,2070.9,549.75,2083.35,541.65,2082.75,530.85,2066.05,508.1,2031.4,495.7,2002.25,484.9,1970.85,474.05,1949.2,473
4-172,Uninfected,No_comment,Polygon,21,1966.5,454.05,1955.75,437.3,1939.5,426.5,1915.75,394.05,1901.15,383.8,1866.55,379.45,1846.55,384.35,1833.55,397.85,1825.5,420,1820.55,445.95,1820.05,468.65,1827.6,488.1,1839.55,504.35,1857.35,511.9,1879.5,517.3,1899.5,510.3,1911.45,493.55,1920.55,479.45,1927.65,470.3,1936.8,463.25,1948.15,462.7
4-173,Uninfected,No_comment,Polygon,22,2039.5,152.95,2036.3,167,2039.5,195.15,2049.25,205.95,2050.9,224.85,2059,239.45,2054.7,252.45,2067.65,261.6,2073.6,267,2075.15,285.95,2084.95,289.75,2090.35,295.65,2101.7,310.25,2121.7,305.4,2132.5,296.2,2139.55,280,2136.85,255.15,2124.35,224.3,2113.6,195.15,2102.75,171.35,2079,153.5,2057.9,145.4
4-174,Uninfected,No_comment,Polygon,18,1970.9,359.45,1966.05,348.1,1976.3,322.7,1994.7,315.65,2010.35,324.3,2031.45,334.05,2038.5,356.2,2030.4,381.1,2024.95,388.65,2023.35,403.8,2031.45,420.5,2007.65,429.75,1982.8,435.7,1958.5,429.2,1946.05,411.9,1948.2,389.75,1956.85,372.95,1969.3,368.1
4-175,Uninfected,No_comment,Polygon,16,2236.85,132.45,2252.55,104.85,2270.9,85.95,2304.9,80,2328.75,92.95,2349.3,116.75,2370.4,147.05,2380.65,175.15,2359.5,196.2,2346.05,210.3,2330.35,218.95,2303.9,218.4,2282.25,210.3,2263.35,197.85,2250.35,174.05,2243.3,156.2