182,5312,2988
3-1,Parasitized,No_comment,Polygon,31,1574.9,1740.2,1568.85,1755.8,1567.85,1771.35,1568.85,1787.45,1578.4,1804.05,1593,1814.6,1613.6,1827.65,1626.15,1833.7,1635.2,1834.7,1644.25,1839.2,1652.25,1835.7,1660.8,1835.7,1675.4,1838.2,1678.4,1831.65,1686.45,1824.15,1690.95,1817.1,1695.5,1810.05,1699.5,1806.55,1706.05,1800,1702.5,1780.4,1700,1761.8,1694,1745.25,1683.45,1737.2,1680.4,1733.15,1672.9,1726.65,1656.3,1723.6,1638.2,1723.6,1622.6,1721.1,1600,1722.6,1587.95,1727.15,1583.95,1730.65
3-2,Parasitized,No_comment,Polygon,38,1512.85,1192.8,1515.95,1201,1513.35,1208.25,1506.15,1220.1,1497.9,1233,1501.5,1240.7,1507.2,1244.3,1511.3,1252.05,1524.7,1260.8,1534,1268.55,1555.1,1281.95,1579.85,1289.7,1591.7,1288.15,1598.4,1285.55,1614.4,1281.45,1622.15,1268.55,1623.15,1263.9,1630.4,1258.75,1631.4,1252.05,1629.35,1237.6,1631.4,1231.45,1628.85,1223.7,1631.95,1213.9,1632.95,1203.1,1627.8,1196.9,1625.75,1187.6,1617,1178.85,1609.25,1172.15,1590.7,1164.95,1578.3,1163.4,1566.45,1157.75,1556.65,1157.75,1550.5,1162.9,1542.25,1166.5,1531.95,1164.45,1528.3,1171.15,1525.75,1178.85,1520.6,1185.55
3-3,Parasitized,No_comment,Polygon,24,3147.35,1298,3141.55,1306.9,3127.45,1315.8,3119.6,1323.15,3118.05,1333.6,3120.1,1351.95,3123.2,1374.95,3133.15,1398.55,3143.1,1413.7,3159.35,1421.55,3175.1,1427.35,3195.5,1428.4,3207,1426.8,3226.35,1419.5,3233.75,1411.1,3244.15,1394.85,3246.25,1380.75,3245.75,1363.95,3234.75,1340.4,3226.35,1326.3,3213.3,1314.25,3197.05,1305.35,3174.55,1297.5,3157.3,1295.9
3-4,Parasitized,No_comment,Polygon,27,3138,577.05,3134.4,596.45,3128.85,616.85,3126.3,638.25,3126.3,655.1,3135.95,674.5,3145.2,686.75,3171.2,700,3188,701.55,3202.35,697.45,3216.55,689.3,3220.65,678.05,3232.9,672.95,3245.15,667.85,3256.85,661.25,3259.45,649,3256.35,635.2,3248.75,632.15,3242.6,628.6,3238,616.35,3235,600.5,3225.75,578.05,3211,562.25,3192.05,555.6,3176.3,555.1,3164.05,560.2,3146.7,566.35
3-5,Parasitized,No_comment,Polygon,20,3836.6,1185.4,3823.1,1195.5,3811.9,1215.7,3811.3,1228.05,3814.7,1248.85,3836.6,1270.2,3848.95,1289.85,3874.8,1307.3,3901.2,1316.3,3916.95,1312.3,3931.55,1301.1,3945.05,1287.05,3946.7,1269.6,3947.25,1250.5,3936.05,1233.15,3918.05,1218.5,3907.4,1207.3,3892.2,1193.8,3875.9,1183.7,3857.4,1179.15
3-6,Uninfected,No_comment,Polygon,18,1802.7,1897.25,1812.9,1864.35,1834.9,1834.2,1852.7,1822.6,1881.4,1819.85,1904.75,1826,1925.3,1834.2,1935.55,1848.6,1944.45,1866.4,1954.75,1890.4,1955.4,1906.85,1940.3,1923.25,1909.55,1939,1869.75,1950.65,1839.65,1956.15,1828.7,1946.55,1813.65,1930.1,1802.7,1917.1
3-7,Uninfected,No_comment,Polygon,17,1593.1,2169.15,1586.95,2148.6,1595.85,2123.25,1605.45,2098.6,1621.9,2086.95,1639,2080.1,1668.45,2080.1,1691.75,2085.6,1706.8,2102.7,1713.65,2126,1715.7,2143.1,1706.1,2165.7,1691.05,2188.3,1665.05,2199.3,1635.6,2204.75,1615.05,2201.35,1605.45,2189.7
3-8,Uninfected,No_comment,Polygon,18,1718.45,2204.1,1719.15,2178.05,1728.05,2163.65,1744.5,2152,1769.8,2145.85,1794.5,2149.95,1808.85,2159.55,1822.55,2173.25,1844.5,2204.1,1846.55,2226,1835.6,2243.8,1821.2,2257.5,1796.55,2267.1,1780.75,2266.4,1759.55,2257.5,1742.45,2249.3,1728.05,2232.15,1724.55,2224.6
3-9,Uninfected,No_comment,Polygon,18,1775.3,2078.75,1779.4,2091.05,1781.4,2106.8,1793.1,2128.75,1807.5,2149.3,1825.3,2166.4,1841.05,2175.3,1871.9,2181.45,1885.6,2181.45,1913.65,2171.2,1928.75,2157.5,1939.7,2128.05,1926,2094.5,1904.75,2068.45,1876,2056.15,1843.1,2056.15,1818.45,2055.45,1797.2,2064.35
3-10,Uninfected,No_comment,Polygon,18,1589.7,1986.95,1594.5,1967.8,1610.9,1955.45,1631.4,1947.25,1650.65,1945.85,1684.2,1951.35,1698.6,1963,1712.95,1975.3,1722.55,1991.05,1721.9,2007.5,1715.7,2029.4,1702,2043.1,1671.9,2058.2,1646.55,2058.2,1618.45,2050.65,1604.05,2043.8,1592.45,2028.75,1589,2010.95
3-11,Uninfected,No_comment,Polygon,15,1880.1,1969.85,1910.2,1952,1939.7,1939,1973.25,1940.4,2008.2,1956.8,2028.75,1980.8,2039,1992.45,2037.65,2012.3,2029.4,2032.85,1999.95,2043.8,1960.2,2038.3,1931.4,2031.45,1907.5,2017.1,1897.9,1994.5,1887.65,1980.1
3-12,Uninfected,No_comment,Polygon,17,1943.8,2048.6,1947.2,2064.35,1946.55,2091.75,1944.5,2119.15,1958.2,2147.25,1980.75,2160.25,2011.6,2164.35,2043.8,2154.1,2064.35,2143.1,2076.65,2126,2078.05,2100.65,2067.7,2064.35,2054.75,2044.5,2024.55,2045.15,2002.7,2056.15,1980.1,2054.1,1960.85,2046.55
3-13,Uninfected,No_comment,Polygon,20,2162.3,2078.75,2158.85,2096.55,2150.65,2117.8,2149.25,2143.1,2150.65,2169.85,2157.5,2191.05,2168.45,2208.2,2179.4,2217.1,2193.1,2215.7,2206.1,2204.1,2208.85,2189,2215.05,2171.9,2221.9,2159.55,2226.65,2144.5,2226.65,2125.3,2233.5,2103.4,2221.9,2080.8,2205.45,2068.45,2186.25,2067.8,2174.55,2071.2
3-14,Uninfected,No_comment,Polygon,17,2012.95,2263,2011.6,2241.75,2019.8,2218.45,2031.4,2199.95,2067.05,2183.55,2082.85,2177.35,2113.65,2178.05,2132.85,2186.25,2145.15,2201.35,2148.6,2222.55,2144.5,2240.4,2130.8,2262.3,2105.45,2274.6,2084.2,2279.4,2067.05,2284.2,2044.5,2283.55,2026.65,2277.35
3-15,Uninfected,No_comment,Polygon,18,2223.9,2187.65,2217.05,2200.65,2212.3,2222.55,2219.8,2240.4,2232.85,2255.45,2246.5,2273.25,2263.65,2285.6,2290.35,2299.3,2319.15,2292.45,2330.1,2282.85,2340.35,2267.8,2339.65,2239,2332.15,2213,2320.5,2187.65,2302,2173.25,2263.65,2164.35,2247.2,2173.95,2238.3,2179.4
3-16,Uninfected,No_comment,Polygon,24,2042.4,1948.6,2053.35,1941.05,2061.6,1932.85,2063.65,1919.85,2071.9,1918.45,2088.25,1928.75,2102,1928.75,2134.9,1939,2152.7,1949.95,2168.45,1957.5,2188.3,1958.2,2189.7,1970.5,2188.3,1984.2,2179.4,2010.25,2167.7,2026,2148.6,2039,2128.75,2045.15,2103.35,2047.25,2087.65,2045.15,2074.55,2032.85,2060.85,2015.7,2055.45,1993.8,2046.5,1972.55,2043.1,1960.95
3-17,Uninfected,No_comment,Polygon,19,1666.4,1870.5,1674.55,1852.7,1689,1837.65,1709.55,1821.9,1722.55,1812.3,1755.45,1807.5,1783.5,1818.45,1796.55,1837.65,1802,1856.8,1794.5,1886.95,1789,1907.5,1789.7,1923.95,1772.55,1938.3,1749.25,1950.65,1726.65,1952,1703.35,1942.45,1679.4,1926.7,1668.45,1901.35,1665.7,1886.25
3-18,Uninfected,No_comment,Polygon,18,1375.3,1845.15,1382.15,1821.9,1395.1,1808.2,1419.15,1796.55,1459.55,1790.4,1485.6,1800.65,1506.1,1817.8,1517.7,1832.85,1528.05,1857.5,1529.4,1873.95,1515.05,1894.5,1498.6,1906.8,1464.35,1913.65,1444.45,1912.3,1417.05,1908.2,1400.65,1898.6,1386.25,1878.75,1376.65,1852
3-19,Uninfected,No_comment,Polygon,19,1397.2,2018.45,1384.9,2004.75,1379.4,1982.15,1386.95,1952,1397.9,1937.65,1404.75,1922.55,1414.35,1923.95,1430.1,1927.35,1457.5,1932.85,1480.75,1931.45,1498.6,1937.65,1523.25,1957.5,1536.25,1989.7,1534.9,2013.65,1515.7,2030.1,1493.8,2045.85,1456.1,2054.75,1428.05,2052,1411.6,2037.65
3-20,Uninfected,No_comment,Polygon,15,1846.5,2538.3,1847.9,2513,1860.2,2482.85,1893.1,2467.8,1920.5,2456.8,1958.15,2458.85,1984.9,2475.3,1991.05,2500.65,1989,2524.55,1975.3,2542.45,1941.75,2564.35,1903.35,2577.35,1882.15,2578.05,1867.05,2568.45,1852,2554.75
3-21,Uninfected,No_comment,Polygon,18,1660.2,2239,1654,2267.05,1654,2310.2,1654.75,2341.75,1666.4,2367.8,1682.15,2386.25,1705.45,2391.05,1731.4,2387.65,1749.25,2378.75,1765.7,2367.8,1781.4,2347.9,1789,2317.8,1789,2298.6,1775.3,2282.15,1756.1,2269.15,1725.95,2256.15,1704,2251.35,1670.5,2240.4
3-22,Uninfected,No_comment,Polygon,17,1917.05,2406.8,1912.95,2382.85,1926.6,2353.35,1942.4,2337.65,1974.55,2323.25,2002.7,2321.2,2019.75,2328.75,2030.75,2343.1,2036.25,2361.6,2039,2379.4,2037.65,2402.7,2021.2,2431.4,1994.5,2443.8,1977.35,2452,1946.5,2448.6,1928.7,2439,1922.55,2425.3
3-23,Uninfected,No_comment,Polygon,17,2015,2541.75,2019.1,2520.5,2024.55,2498.6,2031.4,2476.7,2047.9,2458.85,2064.35,2447.25,2088.25,2438.3,2108.85,2447.25,2126.6,2461.6,2139,2487.65,2141.75,2513.65,2128.7,2541.05,2108.85,2559.55,2091.05,2572.55,2053.35,2576,2036.95,2569.85,2026.6,2560.2
3-24,Uninfected,No_comment,Polygon,18,1927.35,2691.75,1920.5,2674.55,1912.25,2658.2,1911.6,2634.9,1915.7,2612.3,1928.7,2597.25,1949.95,2582.15,1961.6,2577.35,1984.9,2581.45,1997.9,2591.75,2005.45,2604.75,2016.4,2624.55,2025.3,2646.5,2015,2667.7,2000.65,2685.6,1970.5,2697.25,1952,2703.35,1934.9,2697.25
3-25,Uninfected,No_comment,Polygon,16,2056.8,2308.85,2048.6,2325.3,2047.9,2349.95,2051.35,2376,2065.7,2407.5,2084.2,2420.5,2117.05,2426.7,2137.65,2420.5,2176.6,2393.8,2189,2368.45,2180.1,2335.6,2169.75,2310.95,2149.25,2296.55,2128.05,2290.4,2089,2293.8,2075.3,2298.6
3-26,Uninfected,No_comment,Polygon,17,2219.75,2527.35,2227.35,2495.15,2228.7,2467.05,2247.15,2450.65,2269.75,2439.7,2293.8,2437.65,2319.1,2448.6,2343.8,2465.7,2351.3,2485.6,2353.35,2527.35,2345.15,2550.65,2331.4,2565.7,2311.6,2577.35,2284.2,2578.75,2259.55,2575.3,2239,2557.5,2230.1,2547.25
3-27,Uninfected,No_comment,Polygon,18,2384.9,2386.25,2393.8,2367.05,2410.85,2351.35,2434.9,2341.05,2473.25,2339,2497.15,2348.6,2506.8,2365.7,2517.05,2386.95,2517.7,2415.7,2509.55,2441.05,2497.15,2467.05,2482.15,2481.4,2452.7,2484.2,2428.05,2481.4,2402.7,2468.45,2390.3,2447.25,2383.45,2422.55,2382.15,2406.8
3-28,Uninfected,No_comment,Polygon,15,2667.1,2493.1,2665.75,2458.2,2676.7,2423.25,2689.7,2401.35,2710.25,2386.25,2741.1,2380.8,2765.1,2389,2786.95,2405.4,2799.35,2439,2796.55,2478,2781.5,2506.8,2758.9,2527.35,2727.4,2530.8,2709.6,2527.35,2682.2,2513.65
3-29,Uninfected,No_comment,Polygon,15,2730.1,2318.45,2724,2297.15,2719.15,2275.3,2735.65,2252.7,2752.05,2238.3,2780.85,2235.5,2810.95,2247.9,2834.9,2264.3,2846.55,2297.9,2845.2,2328.65,2831.5,2349.95,2802.05,2363.65,2779.45,2358.85,2763.05,2348.55,2746.55,2336.95
3-30,Uninfected,No_comment,Polygon,17,2610.25,2308.25,2597.9,2301.4,2583.55,2289.7,2569.85,2267.1,2573.95,2240.4,2584.9,2218.5,2606.15,2205.45,2643.1,2200,2668.45,2199.35,2687.65,2210.25,2699.3,2218.5,2710.95,2243.9,2704.75,2271.95,2695.85,2290.4,2669.85,2301.4,2652.7,2311.65,2638.35,2312.3
3-31,Uninfected,No_comment,Polygon,15,2424.65,2234.25,2430.8,2205.45,2443.8,2180.85,2465.05,2167.1,2497.25,2160.95,2517.8,2168.5,2542.45,2185.65,2556.15,2217.8,2560.95,2253.4,2551.35,2280.2,2527.35,2295.9,2497.25,2302.75,2473.95,2293.15,2452.7,2284.25,2434.9,2264.45
3-32,Uninfected,No_comment,Polygon,14,2597.25,2140.4,2604.1,2099.35,2625.3,2076.7,2655.45,2065.1,2693.1,2062.3,2720.5,2077.4,2739,2101.4,2752.7,2143.9,2745.2,2167.8,2708.2,2186.3,2676,2194.55,2648.6,2189.05,2626,2180.85,2602.7,2157.6
3-33,Uninfected,No_comment,Polygon,15,2464.35,2107.6,2449.95,2091.75,2440.4,2063,2440.4,2026.7,2448.6,1987.7,2465.05,1965.75,2493.15,1958.9,2539.7,1963.7,2558.9,1979.45,2575.3,2015.75,2573.95,2047.95,2563,2076,2543.1,2101.4,2516.4,2115.75,2480.8,2117.1
3-34,Uninfected,No_comment,Polygon,15,2758.85,2043.1,2753.35,2075.95,2756.8,2112.25,2771.15,2134.2,2796.5,2152,2816.4,2154,2833.45,2154,2860.2,2147.15,2875.95,2132.8,2887.6,2102.7,2888.3,2067.7,2875.95,2047.15,2852,2034.2,2828,2028,2791.05,2028
3-35,Uninfected,No_comment,Polygon,15,2854.75,1969.1,2860.85,1953.35,2878.65,1937.65,2906.05,1923.9,2934.2,1919.75,2967.7,1935.5,2989,1956.8,2995.85,1989.65,2989,2020.5,2973.25,2036.25,2943.1,2051.35,2906.8,2054.75,2887.6,2040.3,2858.15,2019.75,2852.7,1993.1
3-36,Uninfected,No_comment,Polygon,15,3014.3,2060.85,3020.5,2036.95,3036.95,2014.3,3061.6,2002.7,3092.35,1995.85,3123.9,1999.95,3145.15,2015.05,3160.2,2038.25,3160.2,2072.55,3144.45,2095.85,3118.45,2110.85,3086.95,2119.1,3067.05,2117.05,3047.9,2109.55,3026.6,2097.15
3-37,Uninfected,No_comment,Polygon,16,2997.9,1917.05,3003.35,1889.65,3023.25,1867.7,3051.3,1856.8,3087.6,1854,3125.95,1870.5,3140.3,1892.35,3145.85,1924.55,3140.3,1955.4,3125.3,1973.9,3089,1986.25,3052.7,1996.5,3026.6,1986.95,3008.15,1972.55,2999.2,1953.35,2995.85,1934.2
3-38,Uninfected,No_comment,Polygon,18,3057.45,2267.05,3056.8,2244.5,3076.6,2207.45,3094.45,2193.8,3121.15,2185.5,3158.1,2190.3,3174.6,2195.85,3186.95,2206.05,3202.7,2221.8,3209.55,2244.5,3204.75,2265.05,3193.1,2291.05,3173.9,2308.2,3145.15,2322.55,3122.55,2323.9,3096.5,2319.75,3073.9,2307.45,3061.6,2289
3-39,Uninfected,No_comment,Polygon,19,3334.85,2191.05,3341.05,2175.3,3352.7,2158.85,3376.6,2145.85,3391.05,2142.35,3416.4,2143.8,3445.15,2154,3462.25,2173.25,3468.45,2195.85,3471.8,2221.8,3472.55,2253.35,3475.95,2271.15,3464.3,2276.6,3441.7,2268.45,3408.1,2260.85,3387.6,2261.6,3359.55,2249.95,3345.15,2236.95,3334.2,2217.05
3-40,Uninfected,No_comment,Polygon,17,3155.45,1953.4,3147.9,1930.1,3157.5,1904.75,3170.5,1889.7,3185.55,1871.2,3195.85,1865.1,3210.25,1869.15,3228.7,1877.4,3259.55,1894.55,3278.7,1923.25,3275.95,1952.7,3267.1,1971.95,3245.85,1995.2,3218.45,2002.7,3197.15,2002.7,3182.15,1993.15,3170.5,1982.85
3-41,Uninfected,No_comment,Polygon,18,3287.65,1906.85,3315.7,1884.25,3345.85,1861.6,3360.25,1853.4,3373.25,1852.7,3397.15,1863.7,3410.85,1881.5,3420.5,1899.35,3422.55,1926.7,3409.55,1948.6,3391.75,1967.1,3374.6,1978.05,3353.4,1982.15,3328.7,1980.1,3308.15,1967.8,3299.95,1954.1,3288.3,1935.65,3286.95,1922.6
3-42,Uninfected,No_comment,Polygon,21,3204,1817.8,3213.65,1794.55,3239,1771.95,3257.5,1762.3,3273.95,1758.25,3288.3,1757.5,3311.6,1760.95,3342.4,1771.2,3358.85,1790.4,3363.65,1811.6,3364.35,1830.1,3357.5,1847.25,3347.15,1850.65,3328.05,1862.3,3308.15,1873.25,3284.9,1880.8,3269.1,1880.8,3254.75,1876.7,3224.6,1867.1,3207.5,1841.75,3204,1828.05
3-43,Uninfected,No_comment,Polygon,17,3052,1809.55,3052,1780.8,3063.65,1760.25,3078.05,1736.95,3106.1,1725.3,3122.55,1722.6,3141.05,1725.3,3156.1,1734.9,3173.95,1752.7,3182.8,1776.7,3180.8,1804.1,3169.75,1824.65,3153.35,1839.7,3121.85,1854.1,3093.8,1851.4,3075.95,1840.4,3061.6,1826
3-44,Uninfected,No_comment,Polygon,22,3068.45,1741.05,3052,1750.65,3040.3,1774.65,3025.3,1792.5,3012.95,1808.25,2990.3,1816.4,2957.5,1822.6,2931.45,1810.95,2913.65,1791.05,2899.25,1767.1,2892.4,1745.85,2879.4,1726,2899.25,1726.7,2909.55,1717.1,2939,1702.7,2955.45,1697.9,2974.6,1695.2,2997.9,1695.2,3014.35,1702.05,3040.3,1718.45,3054.75,1730.8,3067.15,1739.75
3-45,Uninfected,No_comment,Polygon,19,2804.75,1649.35,2813.65,1634.9,2826.6,1620.55,2853.35,1608.9,2881.45,1602.7,2900.65,1608.25,2916.4,1621.2,2933.45,1645.2,2954.75,1661.6,2958.85,1663.05,2943.8,1678.05,2933.45,1696.55,2904,1713,2872.55,1725.3,2846.5,1728.05,2826.6,1720.55,2812.3,1708.9,2804,1695.2,2797.9,1673.95
3-46,Uninfected,No_comment,Polygon,18,2660.85,1726,2671.2,1718.45,2681.45,1698.6,2699.95,1695.2,2723.95,1695.2,2749.95,1697.25,2774.55,1708.25,2789.65,1721.95,2802.7,1736.95,2802.7,1760.95,2793.8,1780.1,2782.8,1795.2,2757.5,1799.35,2734.9,1797.25,2711.6,1791.05,2695.15,1782.85,2673.25,1769.15,2658.2,1742.5
3-47,Uninfected,No_comment,Polygon,18,2658.2,1850,2660.2,1868.45,2671.2,1897.25,2680.8,1918.45,2714.35,1945.2,2731.45,1952.05,2749.95,1953.4,2769.1,1948.6,2784.9,1941.05,2796.5,1932.85,2799.25,1902.05,2791.05,1876,2774.55,1859.55,2750.65,1839.7,2732.15,1834.9,2703.35,1828.8,2684.9,1836.3,2673.95,1839.7
3-48,Uninfected,No_comment,Polygon,19,2914.3,1572.6,2915.7,1550,2930.1,1521.95,2943.75,1498.6,2963.65,1484.9,2989.65,1478.8,3011.6,1480.1,3038.3,1501.4,3049.95,1525.35,3054,1551.4,3050.6,1571.2,3036.95,1594.55,3022.55,1613.05,3001.25,1628.8,2977.35,1628.8,2954,1628.8,2936.95,1619.9,2928,1606.2,2921.8,1597.3
3-49,Uninfected,No_comment,Polygon,19,2860.85,1401.4,2859.55,1378.8,2872.55,1356.85,2889.65,1350.65,2918.45,1341.75,2949.2,1345.25,2969.1,1352.1,2986.95,1364.35,3002,1378.8,3012.9,1409.6,3008.1,1434.9,2997.15,1452.05,2973.25,1461,2949.95,1467.1,2922.55,1461,2891.7,1451.4,2880.1,1441.1,2868.45,1427.4,2861.6,1415.1
3-50,Uninfected,No_comment,Polygon,22,2571.8,1467.85,2584.2,1460.25,2591.7,1437.65,2597.9,1427.4,2625.3,1415.1,2643.8,1408.9,2672.55,1401.4,2714.3,1410.25,2730.75,1423.3,2746.5,1439.7,2760.85,1455.45,2775.95,1473.3,2773.9,1482.85,2755.4,1494.5,2726.6,1500.65,2704.75,1516.45,2686.95,1523.95,2666.4,1524.7,2636.25,1519.9,2607.45,1506.85,2595.15,1491.75,2582.15,1479.45
3-51,Uninfected,No_comment,Polygon,17,2614.3,1654.15,2607.45,1634.9,2600.65,1619.15,2608.1,1599.35,2619.1,1584.9,2631.45,1574.7,2654,1566.45,2682.8,1565.1,2697.9,1576,2712.9,1587.65,2729.4,1620.55,2725.95,1649.35,2719.75,1666.45,2691.05,1682.85,2663.65,1688.4,2641.05,1684.9,2627.35,1675.35
3-52,Uninfected,No_comment,Polygon,17,2720.5,1273.25,2723.25,1255.45,2724.6,1236.3,2737.65,1215.75,2749.95,1201.4,2769.15,1193.15,2789,1184.25,2807.5,1188.35,2820.5,1199.35,2829.4,1221.2,2830.8,1245.2,2826.7,1273.95,2813.65,1297.9,2799.3,1312.3,2770.5,1320.55,2748.6,1318.45,2734.2,1308.25
3-53,Uninfected,No_comment,Polygon,18,2620.5,1352.05,2606.8,1348.6,2585.6,1340.4,2569.85,1321.95,2559.55,1297.25,2570.5,1266.4,2585.6,1250.65,2606.15,1244.5,2629.4,1237.65,2643.8,1237.65,2669.15,1247.25,2687.65,1261.6,2703.4,1279.45,2713,1300.65,2699.95,1321.95,2690.4,1338.35,2671.9,1350,2647.25,1355.45
3-54,Uninfected,No_comment,Polygon,18,2836.95,1252.7,2834.2,1272.6,2837.65,1287.65,2852,1309.55,2870.5,1323.95,2889.7,1330.1,2917.75,1334.9,2939.7,1330.1,2959.55,1330.1,2970.5,1317.1,2982.15,1291.75,2989,1279.45,2972.55,1263.7,2952.7,1244.5,2928.75,1232.15,2893.8,1230.8,2871.9,1238.35,2857.5,1246.55
3-55,Uninfected,No_comment,Polygon,21,3003.4,1295.2,3011.6,1278.8,3032.15,1262.3,3047.9,1252.7,3069.85,1247.9,3095.15,1249.35,3116.4,1260.95,3127.35,1276.7,3131.45,1291.75,3128.05,1304.1,3120.5,1315.1,3113,1328.05,3114.35,1350.65,3104.05,1363.7,3088.3,1369.9,3063.65,1374.65,3042.45,1371.2,3029.4,1367.1,3013,1352.7,3005.45,1337.65,2999.95,1313.05
3-56,Uninfected,No_comment,Polygon,18,2942.45,1122.6,2930.8,1139.7,2925.3,1162.3,2932.15,1193.8,2949.3,1212.3,2973.25,1225.3,2989,1235.65,3016.4,1240.4,3045.15,1246.55,3058.2,1234.9,3059.55,1223.25,3058.85,1192.5,3046.55,1156.85,3031.45,1131.5,3004.75,1113.7,2986.25,1108.9,2962.3,1114.35,2954.05,1115.75
3-57,Uninfected,No_comment,Polygon,19,3100.65,1110.25,3107.5,1093.15,3123.95,1077.4,3143.1,1063.7,3165.05,1063.7,3178.05,1067.8,3197.2,1072.6,3212.3,1095.85,3223.95,1114.35,3223.25,1137.65,3220.5,1157.5,3217.75,1173.95,3207.5,1193.15,3184.9,1207.5,3153.4,1203.4,3141.05,1198.6,3119.85,1184.9,3108.2,1163.7,3097.9,1141.75
3-58,Uninfected,No_comment,Polygon,17,2993.8,1017.8,2991.75,997.25,2999.25,965.1,3008.2,945.9,3020.5,936.3,3042.4,922.6,3059.55,919.85,3071.9,922.6,3089,935.65,3101.35,954.8,3097.15,984.9,3091.05,1015.1,3080.8,1030.8,3065.05,1045.9,3042.4,1053.4,3022.55,1047.95,3009.55,1042.5
3-59,Uninfected,No_comment,Polygon,17,2986.95,837.65,2990.35,814.45,3001.35,788.35,3012.95,771.95,3035.55,760.95,3060.85,755.45,3077.35,765.75,3089,793.15,3094.5,822.6,3087.65,868.5,3079.4,884.25,3065.05,895.2,3049.25,900.7,3023.95,893.15,3004,877.4,2996.5,867.8,2989,858.2
3-60,Uninfected,No_comment,Polygon,17,3270.5,1042.5,3269.15,1026.7,3280.1,991.75,3301.35,971.3,3329.4,963,3347.15,965.75,3370.5,975.35,3389.65,982.85,3399.25,1011.65,3401.35,1030.15,3395.85,1056.15,3380.8,1075.35,3352,1095.9,3328.05,1098.6,3305.45,1093.85,3282.8,1087,3273.25,1067.8
3-61,Uninfected,No_comment,Polygon,16,3235.55,1206.15,3234.9,1182.2,3243.8,1161.65,3267.75,1141.75,3295.85,1130.8,3322.55,1132.2,3339.65,1141.75,3357.5,1152.75,3368.45,1174.65,3367.1,1202.75,3358.2,1219.15,3323.95,1246.55,3300.65,1250,3273.25,1245.9,3249.95,1234.9,3240.3,1223.95
3-62,Uninfected,No_comment,Polygon,17,2782.85,937.65,2789,913.7,2785.55,887.65,2797.9,876,2819.8,863,2844.5,856.85,2871.9,861.65,2890.35,879.45,2904,902.75,2912.3,939.7,2899.95,958.9,2885.55,978.8,2869.15,987.65,2841.05,992.5,2815.05,988.35,2805.45,978.05,2794.5,959.6
3-63,Uninfected,No_comment,Polygon,18,2596.5,839.7,2602,830.8,2620.5,817.8,2643.8,814.45,2665.7,819.85,2689,831.5,2704,850.7,2714.35,882.85,2708.2,905.45,2693.8,926,2673.95,941.1,2656.1,941.1,2636.25,936.3,2616.4,925.35,2605.45,911.65,2595.15,893.85,2591.75,873.3,2593.8,856.85
3-64,Uninfected,No_comment,Polygon,18,2463.65,838.35,2503.35,849.35,2519.8,853.4,2539.7,863,2556.8,875.35,2569.8,887.65,2584.9,907.6,2599.25,939.05,2604,961.65,2604.75,975.35,2591.05,980.8,2561.6,978.05,2528.05,977.4,2490.35,957.6,2475.3,933.55,2469.8,907.6,2468.45,878.15,2462.95,864.45
3-65,Uninfected,No_comment,Polygon,19,2852.7,780.8,2870.5,767.1,2885.55,754.8,2918.45,741.75,2929.4,737.65,2949.25,745.9,2970.5,755.45,2983.5,771.95,2991.05,788.35,2982.85,798.6,2979.4,816.45,2976.65,838.35,2969.15,851.35,2940.35,859.6,2908.2,863,2880.1,856.85,2864.35,840.4,2852,819.15,2845.85,795.9
3-66,Uninfected,No_comment,Polygon,17,3594.45,866.45,3605.4,838.35,3620.5,808.2,3650.65,787,3680.1,776,3708.85,778.8,3723.9,791.1,3732.8,808.9,3732.15,843.15,3721.8,873.95,3706.05,893.85,3684.85,910.25,3656.8,921.3,3628,920.55,3612.9,908.25,3603.35,895.2,3593.1,882.85
3-67,Uninfected,No_comment,Polygon,18,3506.2,777.4,3510.3,756.2,3519.9,738.35,3536.3,721.3,3547.95,711.65,3565.75,702.05,3587.7,706.2,3601.4,713.05,3612.3,723.3,3618.5,740.45,3616.5,771.95,3613.05,792.5,3604.1,810.25,3569.15,834.25,3557.5,842.5,3528.8,835,3516.5,826,3506.85,815.1
3-68,Uninfected,No_comment,Polygon,17,3365.1,747.95,3365.75,721.95,3375.35,695.2,3390.45,674.65,3409.65,666.45,3427.4,663.05,3452.05,671.3,3463.7,685.65,3475.35,715.1,3476,745.9,3477.4,765.1,3465.75,783.6,3443.15,806.85,3430.2,805.55,3410.3,802.75,3393.9,791.1,3378.05,778.8
3-69,Uninfected,No_comment,Polygon,18,3281.5,595.2,3293.15,581.5,3317.15,562.4,3332.2,553.4,3351.4,553.4,3378.8,554.15,3395.2,570.55,3408.25,588.35,3413.7,628.8,3404.1,652.05,3377.4,669.25,3352.8,682.2,3333.6,687,3302.05,679.45,3287.7,667.1,3274,654.8,3271.2,628.8,3271.2,614.45
3-70,Uninfected,No_comment,Polygon,18,3272.6,904.1,3277.4,881.5,3285.65,860.25,3299.35,850.7,3319.15,843.85,3347.3,844.5,3365.75,847.3,3403.45,860.25,3417.8,885.65,3424,906.85,3421.95,930.15,3408.25,947.95,3384.9,957.6,3361.65,954.8,3333.6,948.7,3309.65,939.7,3291.1,929.45,3281.5,921.3
3-71,Uninfected,No_comment,Polygon,20,3434.9,941.1,3442.5,918.5,3452.05,900,3477.4,878.15,3497.3,865.75,3526,858.9,3556.85,858.9,3567.8,864.45,3578.8,882.85,3590.45,907.6,3596.55,923.3,3593.9,943.15,3584.9,960.25,3562.3,966.45,3541.75,976,3518.5,987,3494.55,997.95,3474.65,992.5,3446.55,978.15,3445.2,961.65
3-72,Uninfected,No_comment,Polygon,17,3521.2,1005.55,3514.35,1023.95,3515.1,1051.35,3530.2,1082.85,3554.8,1100.75,3572.6,1108.9,3597.25,1113.05,3629.45,1109.6,3654.1,1098.7,3666.5,1081.5,3671.95,1063.05,3668.5,1034.25,3651.4,1007.6,3628.8,989.05,3589.05,977.4,3568.5,975.35,3545.2,986.3
3-73,Uninfected,No_comment,Polygon,20,3663.7,988.35,3676.75,969.25,3691.75,954.1,3714.35,954.1,3727.4,956.2,3757.5,968.5,3782.2,978.8,3793.15,997.25,3801.4,1032.85,3794.55,1047.25,3784.9,1071.3,3787.7,1080.8,3782.85,1085,3759.65,1079.45,3738.35,1077.4,3712.3,1069.9,3693.9,1060.95,3680.85,1048.7,3667.15,1026.75,3660.95,1006.85
3-74,Uninfected,No_comment,Polygon,19,3887.6,1097.95,3895.15,1077.4,3902,1061,3915,1047.95,3927.35,1037.65,3951.3,1026.75,3981.45,1018.5,4011.6,1034.25,4032.15,1056.2,4036.95,1086.95,4028.7,1117.85,4020.5,1132.2,4010.25,1146.55,3991.7,1156.2,3960.9,1157.5,3932.15,1157.5,3915.7,1151.35,3900.65,1137.65,3890.3,1119.15
3-75,Uninfected,No_comment,Polygon,22,4002,1315.1,4002.7,1292.5,4007.5,1269.15,4019.1,1249.35,4036.95,1231.55,4052.7,1219.9,4076.6,1217.85,4102,1218.5,4125.95,1230.1,4140.3,1251.4,4153.4,1279.45,4152,1295.9,4141.7,1306.2,4119.1,1326.75,4106.8,1354.15,4102.7,1380.8,4108.85,1395.9,4106.8,1402.75,4091.7,1402.75,4066.4,1392.5,4039,1367.1,4015,1342.5
3-76,Uninfected,No_comment,Polygon,17,4116.4,1347.3,4110.25,1367.85,4108.8,1400.65,4112.9,1420.55,4132.15,1448.6,4146.55,1463.05,4167.1,1473.95,4189,1469.9,4207.5,1466.4,4221.2,1451.4,4227.35,1424.7,4220.5,1397.3,4206.05,1369.9,4192.4,1352.75,4176.6,1339.7,4147.2,1331.55,4134.2,1334.25
3-77,Uninfected,No_comment,Polygon,16,3886.95,1394.5,3887.6,1377.4,3897.15,1354.15,3914.35,1336.95,3940.3,1328.8,3972.55,1329.45,3995.15,1343.8,4010.9,1359.6,4019.1,1387.65,4019.75,1419.15,4006.05,1439.05,3977.35,1444.5,3952.7,1450.65,3921.85,1444.5,3904.05,1432.2,3893.1,1416.4
3-78,Uninfected,No_comment,Polygon,15,3693.8,1324.7,3695.85,1306.85,3704.75,1285.65,3721.2,1267.1,3742.4,1250,3762.25,1245.2,3786.95,1245.2,3818.45,1257.5,3836.25,1278.05,3843.1,1327.4,3832.15,1356.2,3781.45,1390.45,3756.8,1390.45,3724.6,1376,3705.4,1356.85
3-79,Uninfected,No_comment,Polygon,19,3543.8,1184.9,3554,1174.7,3573.95,1165.1,3631.45,1165.1,3652.7,1177.4,3667.1,1195.2,3675.3,1229.45,3674.6,1247.95,3661.6,1275.35,3647.9,1289.05,3627.35,1300,3606.05,1297.3,3590.3,1283.6,3580.8,1276.75,3566.4,1271.2,3547.15,1258.9,3534.2,1244.5,3528.05,1226,3539.65,1189.05
3-80,Uninfected,No_comment,Polygon,18,3471.2,1286.3,3468.45,1256.85,3469.75,1231.55,3482.15,1208.25,3496.5,1195.2,3512.25,1186.3,3531.45,1184.25,3556.1,1199.95,3566.4,1213.7,3574.55,1241.1,3579.4,1270.55,3574.6,1297.3,3562.9,1316.4,3546.5,1325.35,3530.1,1328.05,3515.7,1327.4,3498.6,1319.15,3487.65,1304.8
3-81,Uninfected,No_comment,Polygon,22,3302,1291.75,3309.55,1263.7,3327.35,1250.65,3346.5,1245.2,3364.35,1245.2,3386.25,1245.9,3410.85,1256.85,3424.6,1267.1,3434.2,1276.75,3449.95,1293.8,3463.65,1307.5,3486.25,1322.6,3497.15,1330.8,3486.95,1339.7,3456.8,1346.55,3436.95,1354.8,3406.1,1358.25,3378.7,1359.25,3356.1,1356.85,3334.9,1345.2,3322.55,1332.85,3305.45,1310.25
3-82,Uninfected,No_comment,Polygon,19,3577.35,1439.7,3576.6,1418.5,3584.9,1399.35,3598.55,1377.4,3619.75,1361.65,3642.4,1356.85,3669.75,1363.7,3684.2,1366.4,3699.25,1377.4,3726.6,1411.65,3724.6,1442.5,3716.4,1464.35,3704.75,1482.85,3691.05,1495.9,3671.2,1504.8,3633.45,1497.3,3614.35,1496.55,3593.8,1483.6,3586.25,1473.95
3-83,Uninfected,No_comment,Polygon,36,3406.8,1391.75,3409.55,1376,3418.45,1368.5,3442.4,1365.1,3455.4,1359.6,3481.45,1358.9,3485.55,1351.4,3495.15,1356.2,3505.4,1350,3511.6,1363.05,3518.45,1356.85,3526.6,1352.75,3533.45,1367.1,3543.1,1366.4,3550.65,1369.9,3554.75,1382.2,3562.9,1389.7,3572.55,1402.05,3566.4,1412.3,3565,1420.55,3567.75,1439.7,3555.4,1445.9,3540.3,1452.75,3532.8,1462.3,3523.25,1470.55,3507.5,1465.75,3497.15,1459.6,3463.65,1461,3463.65,1452.05,3453.4,1448.6,3444.5,1453.4,3437.65,1445.2,3436.25,1433.6,3423.95,1433.6,3412.25,1426,3412.9,1408.25
3-84,Uninfected,No_comment,Polygon,18,3699.35,1707.5,3696.6,1731.4,3694.55,1757.5,3702.8,1780.75,3715.1,1794.5,3732.2,1807.5,3754.1,1812.9,3776,1808.2,3797.25,1796.5,3806.2,1783.45,3810.3,1756.8,3810.95,1731.4,3801.4,1702,3789.7,1683.45,3774,1675.95,3747.25,1681.4,3732.2,1686.25,3721.2,1691.75
3-85,Uninfected,No_comment,Polygon,16,3595.2,1805.4,3594.55,1824.55,3599.35,1843.8,3614.35,1871.2,3633.55,1894.5,3652.8,1910.2,3686.3,1926.6,3704.8,1936.95,3726,1930.1,3725.35,1912.25,3719.15,1880.75,3704.1,1854,3689.7,1830.75,3668.5,1813.65,3640.4,1796.5,3606.85,1797.15
3-86,Uninfected,No_comment,Polygon,21,3392.5,1773.25,3396.55,1783.45,3408.25,1814.35,3417.8,1845.1,3450,1874.55,3472.6,1887.65,3502.05,1897.15,3519.85,1897.15,3534.25,1895.15,3560.95,1893.1,3575.35,1893.8,3584.25,1893.8,3569.85,1871.9,3557.5,1838.25,3539.05,1804.75,3517.15,1781.4,3489.05,1773.9,3459.65,1773.9,3432.2,1770.5,3417.8,1770.5,3402.8,1771.9
3-87,Uninfected,No_comment,Polygon,20,3919.85,1743.8,3908.9,1761.6,3904.1,1778.05,3901.4,1801.35,3903.45,1822.55,3913,1837.65,3930.85,1854.75,3955.45,1866.4,3982.85,1871.2,4005.45,1872.55,4021.95,1860.85,4036.95,1845.85,4048.6,1828.75,4053.45,1808.85,4045.2,1783.45,4033.55,1757.5,4017.8,1742.45,4003.45,1732.8,3961.65,1728.05,3944.55,1733.45
3-88,Uninfected,No_comment,Polygon,16,3561.65,1678.05,3556.85,1695.85,3553.45,1711.6,3554.8,1739.65,3569.85,1759.55,3591.75,1782.15,3623.25,1789.65,3653.45,1784.2,3669.85,1771.2,3680.1,1753.35,3682.85,1722.55,3671.95,1684.9,3660.3,1669.1,3632.2,1658.2,3591.1,1658.85,3578.8,1667.05
3-89,Uninfected,No_comment,Polygon,20,3732.85,1478.05,3734.9,1494.45,3733.55,1518.45,3741.75,1545.1,3755.45,1560.2,3770.55,1573.25,3793.15,1586.25,3821.2,1590.3,3848.6,1589.65,3876.7,1580.75,3891.1,1571.2,3908.25,1558.2,3914.35,1538.25,3900,1508.85,3871.2,1478.05,3834.9,1467.05,3813.7,1467.05,3794.55,1463,3765.75,1464.35,3754.8,1470.5
3-90,Uninfected,No_comment,Polygon,20,4022.6,1463.65,4018.5,1479.4,4012.3,1491.05,4010.3,1515.7,4017.8,1535.6,4039.75,1550.65,4054.1,1563.65,4087.7,1573.9,4109.55,1574.55,4129.45,1582.15,4143.15,1584.9,4142.5,1572.55,4150,1554.75,4144.55,1520.5,4132.85,1492.45,4112.3,1469.1,4093.8,1459.55,4062.3,1456.15,4040.4,1454,4030.85,1458.2
3-91,Uninfected,No_comment,Polygon,18,3358.9,1491.05,3367.8,1515.05,3362.3,1532.15,3369.85,1556.8,3367.15,1580.1,3369.15,1621.9,3378.75,1630.8,3403.45,1636.95,3418.45,1632.15,3445.2,1621.2,3456.85,1606.15,3469.85,1581.5,3469.85,1554.75,3464.35,1525.3,3451.35,1510.95,3414.35,1500.65,3387.7,1494.5,3368.45,1487.65
3-92,Uninfected,No_comment,Polygon,21,3319.15,1546.55,3308.9,1556.8,3295.85,1578.05,3291.75,1605.45,3298.6,1623.25,3310.3,1643.1,3336.3,1679.4,3358.9,1694.55,3380.85,1707.5,3406.85,1710.25,3427.4,1712.3,3439.7,1705.45,3444.55,1689.7,3445.2,1665.75,3429.45,1634.9,3418.45,1606.1,3406.85,1582.15,3386.95,1569.85,3372.6,1558.15,3360.3,1547.9,3343.15,1543.1
3-93,Uninfected,No_comment,Polygon,19,3241.35,2624.85,3250.75,2594.85,3257.8,2578.95,3271.35,2568.4,3294.3,2565.45,3316.05,2568.95,3331.35,2579.55,3338.4,2594.25,3352.55,2618.95,3360.15,2641.9,3357.8,2670.15,3360.15,2693.1,3350.15,2702.5,3329.6,2706.05,3305.45,2701.35,3279.6,2697.2,3259,2682.5,3245.45,2665.45,3241.35,2651.35
3-94,Uninfected,No_comment,Polygon,19,3399.6,2637.8,3388.4,2646.6,3380.75,2660.15,3386.05,2684.85,3392.55,2711.35,3411.35,2736.65,3428.4,2750.15,3451.95,2759.55,3466.05,2760.15,3481.35,2760.75,3493.7,2750.75,3504.9,2740.75,3515.5,2725.45,3513.1,2688.4,3506.65,2666.05,3496.05,2641.9,3475.45,2630.75,3456.05,2627.2,3422.55,2631.9
3-95,Uninfected,No_comment,Polygon,16,3089,2630.15,3094.25,2616.05,3097.8,2603.1,3122.5,2587.8,3151.35,2584.25,3172.5,2596.6,3190.15,2618.4,3200.15,2643.1,3199,2668.4,3183.7,2694.25,3160.75,2707.2,3121.35,2709.55,3093.1,2700.15,3086.05,2685.45,3083.1,2672.5,3083.1,2658.4
3-96,Uninfected,No_comment,Polygon,18,3002.5,2846.65,2989.55,2839,2980.75,2824.85,2976.05,2798.4,2984.25,2773.1,2998.4,2753.7,3015.45,2743.1,3046.6,2730.75,3075.45,2730.15,3095.45,2731.35,3110.75,2748.4,3114.25,2770.15,3109,2795.45,3094.25,2813.7,3076.05,2820.15,3061.9,2826.65,3043.7,2844.3,3021.9,2850.15
3-97,Uninfected,No_comment,Polygon,18,2966.6,2587.2,2960.15,2606.05,2954.25,2633.7,2954.25,2653.7,2956.05,2688.4,2972.55,2705.45,2985.45,2720.15,3004.85,2728.4,3037.8,2729,3057.2,2716.6,3071.9,2697.2,3069,2668.4,3061.9,2647.2,3052.5,2623.7,3039,2607.8,3018.4,2596.6,2990.75,2587.8,2973.1,2585.45
3-98,Uninfected,No_comment,Polygon,19,3007.2,2521.9,3010.2,2507.8,3025.45,2494.85,3049,2488.95,3080.15,2487.8,3095.45,2492.5,3107.2,2503.65,3122.5,2525.45,3129.55,2545.45,3125.45,2571.9,3115.45,2583.7,3104.25,2588.4,3091.9,2601.9,3076.05,2611.9,3053.7,2604.85,3033.7,2593.7,3021.9,2583.1,3010.75,2560.15,3008.4,2546.6
3-99,Uninfected,No_comment,Polygon,18,2827.2,2566.05,2837.8,2547.8,2845.45,2536.05,2871.3,2533.1,2900.75,2536.6,2918.4,2547.2,2928.4,2560.75,2941.9,2588.4,2941.9,2618.4,2936.05,2642.5,2924.25,2662.5,2912.5,2677.8,2883.65,2684.85,2862.5,2683.1,2834.85,2668.4,2822.5,2645.45,2812.5,2620.75,2815.45,2584.25
3-100,Uninfected,No_comment,Polygon,18,2760.15,2582.5,2718.95,2587.2,2696,2598.95,2674.85,2621.3,2671.9,2641.35,2667.8,2664.25,2673.65,2687.8,2684.85,2704.25,2696.65,2720.75,2718.35,2729,2737.8,2724.25,2752.5,2713.1,2773.1,2694.25,2787.2,2675.45,2796.6,2654.85,2799.55,2630.15,2792.5,2608.95,2784.25,2596.05
3-101,Uninfected,No_comment,Polygon,20,2844.85,2949,2824.85,2935.45,2810.75,2924.3,2794.25,2906.05,2783.1,2879,2778.95,2852.5,2773.65,2827.8,2775.45,2813.1,2777.8,2805.45,2795.45,2802.5,2817.2,2813.1,2838.35,2821.35,2870.75,2845.45,2891.3,2863.1,2911.9,2884.3,2923.1,2904.85,2933.1,2920.75,2935.45,2936.05,2928.4,2946.05,2858.4,2957.25
3-102,Uninfected,No_comment,Polygon,17,3294.2,2439.95,3306.9,2419,3329.8,2396.55,3353.65,2386.85,3380.5,2384.35,3416.15,2394.1,3434.65,2410.2,3446.35,2434.6,3441.45,2465.9,3419.5,2478.5,3395.15,2489.25,3372.2,2500.95,3345.9,2507.85,3326.35,2505.35,3311.2,2492.15,3299.5,2472.7,3294.65,2459
3-103,Uninfected,No_comment,Polygon,18,3136.55,2383.85,3129.2,2402.9,3129.75,2430.7,3138.5,2445.8,3162.95,2467.25,3174.15,2475.55,3217.05,2485.8,3226.3,2483.85,3234.15,2482.4,3241.95,2474.6,3249.75,2452.65,3249.75,2430.2,3240.45,2405.3,3225.3,2385.8,3201.95,2364.35,3177.5,2361.4,3157.5,2364.85,3148.8,2369.7
3-104,Uninfected,No_comment,Polygon,20,2973.6,2403.85,2973.6,2389.7,2982.4,2372.15,2997.05,2354.6,3023.35,2345.3,3046.3,2343.35,3066.85,2345.8,3083.35,2354.1,3097.05,2365.8,3111.7,2394.6,3121.95,2433.15,3117.05,2456.55,3099.05,2470.2,3083.9,2473.15,3057.05,2479,3024.9,2475.55,3006.3,2464.85,2995.55,2451.2,2984.35,2427.25,2976.55,2413.15
3-105,Uninfected,No_comment,Polygon,21,3339.05,2545.3,3351.2,2528.25,3373.15,2514.6,3406.3,2505.8,3420.45,2497.05,3431.7,2493.15,3441.4,2492.15,3466.85,2502.9,3482.95,2511.2,3495.55,2532.15,3501.4,2557.05,3498.5,2579,3490.75,2601.9,3473.15,2611.65,3440.45,2618,3418.05,2618.5,3393.6,2617.05,3372.2,2607.75,3356.1,2591.2,3348.25,2578,3339.05,2560.95
3-106,Uninfected,No_comment,Polygon,16,3826.15,2069.4,3826.15,2044.1,3833.4,2022.4,3852.65,2003.75,3891.15,1992.9,3918.35,1998.3,3953.9,2017.6,3968.95,2039.9,3977.3,2071.2,3968.95,2098.9,3956.3,2114.6,3923.75,2123.6,3897.2,2125.45,3868.35,2115.2,3845.45,2103.15,3831,2089.9
3-107,Uninfected,No_comment,Polygon,19,3855.7,2175.45,3861.05,2157.95,3868.95,2144.1,3894.25,2138.7,3917.15,2139.3,3937,2142.9,3954.5,2149.55,3967.15,2160.95,3980.4,2177.25,3989.95,2194.1,3996,2220.6,3991.25,2240.5,3981.55,2259.8,3950.25,2278.45,3909.85,2274.85,3889.4,2261.6,3864.1,2238.1,3858.65,2221.8,3854.4,2200.75
3-108,Uninfected,No_comment,Polygon,18,3558.65,2095.9,3555.65,2072.4,3561.1,2052.55,3571.85,2035.05,3584.5,2023,3597.85,2009.75,3623.15,2006.75,3653.85,2013.35,3670.05,2024.8,3682.1,2042.3,3691.2,2070.6,3687.55,2100.75,3679.15,2115.2,3662.85,2133.85,3637,2147.1,3609.9,2147.1,3588.2,2135.05,3570.1,2123
3-109,Uninfected,No_comment,Polygon,16,4002.6,1998.9,3981.55,2015.8,3982.15,2042.3,3984.6,2070.6,3989.95,2098.3,4009.9,2121.2,4023.75,2130.85,4059.9,2136.9,4084.6,2131.45,4102.7,2103.75,4121.35,2050.75,4114.15,2023.6,4096.65,2001.95,4080.95,1983.25,4053.3,1978.45,4029.8,1977.25
3-110,Uninfected,No_comment,Polygon,17,3697.1,716.45,3697.7,699.4,3710.2,667.65,3718.7,653.45,3735.75,646.6,3763,655.15,3784.05,668.75,3808.45,698.9,3816.45,723.3,3821.55,756.25,3811.9,784.1,3797.7,797.2,3768.15,797.2,3738.6,790.35,3719.25,771,3704.5,748.9,3697.1,732.4
3-111,Uninfected,No_comment,Polygon,17,3678.35,716.45,3684.05,692.65,3689.7,673.3,3688.6,659.1,3678.95,635.8,3655.65,606.8,3616.45,582.95,3583.45,564.75,3567,571.6,3551.65,605.65,3553.95,632.95,3573.25,652.25,3592.55,678.45,3609.6,698.9,3628.35,706.25,3643.15,711.4,3652.2,713.65
3-112,Uninfected,No_comment,Polygon,24,3626.1,538.05,3634.05,527.25,3636.9,514.2,3647.1,496,3664.15,487.5,3679.5,479.5,3700.5,481.8,3718.7,487.5,3728.95,507.4,3748.8,540.95,3767.55,563.65,3769.25,584.1,3767.55,598.3,3760.75,612.5,3747.7,619.3,3733.45,629.55,3713.6,635.2,3695.4,628.45,3682.9,610.2,3668.7,591.45,3642.55,581.8,3634.6,575,3636.9,564.2,3635.2,556.25
3-113,Uninfected,No_comment,Polygon,17,3736.9,451.15,3754.5,443.75,3779.5,448.25,3813,463.05,3828.35,485.2,3838,511.4,3841.45,553.45,3837.45,581.25,3826.1,599.4,3804.5,601.15,3784.05,589.75,3777.2,570.45,3763,538.65,3751.65,520.45,3739.7,493.75,3732.35,478.95,3728.35,463.05
3-114,Uninfected,No_comment,Polygon,20,3485.2,331.25,3487.45,308.5,3499.4,283.5,3519.85,267.05,3537.45,257.95,3558.5,253.95,3578.35,253.4,3596,255.1,3607.9,261.35,3630.05,277.85,3644.85,309.65,3646.55,338.05,3635.75,361.35,3611.9,381.8,3590.3,393.75,3560.2,396,3524.4,390.9,3503.35,381.25,3496.55,371.6,3492.55,357.95
3-115,Uninfected,No_comment,Polygon,18,3345.4,330.1,3345.4,307.95,3351.1,289.75,3361.9,277.85,3377.25,269.3,3414.15,273.85,3433.5,290.35,3451.1,310.2,3461.9,324.4,3480.05,357.4,3485.75,380.1,3483.5,400.55,3472.1,410.2,3440.85,410.8,3413.05,399.4,3394.3,388.05,3375.55,371.6,3356.2,356.8
3-116,Uninfected,No_comment,Polygon,26,3294.85,481.25,3305.05,464.75,3309.6,452.85,3313.05,448.3,3312.45,438.65,3321,426.7,3328.95,422.15,3336.9,415.35,3352.8,407.95,3372.1,402.25,3383.5,405.65,3401.1,411.35,3417.55,419.3,3429.5,427.85,3435.2,432.4,3440.3,444.3,3439.15,472.7,3435.75,487.5,3426.1,501.7,3402.8,516.45,3392,527.85,3358.5,534.65,3330.65,534.65,3315.85,535.2,3301.65,525.55,3289.75,498.85
3-117,Uninfected,No_comment,Polygon,17,3087.45,348.3,3095.4,324.4,3108.5,305.1,3126.65,293.75,3154.5,290.35,3173.8,291.45,3205.65,306.8,3228.35,333.5,3238.6,366.45,3236.9,406.25,3222.1,428.4,3198.8,443.75,3166.45,450,3128.95,441.45,3113.05,430.1,3097.1,396.6,3088.05,376.7
3-118,Uninfected,No_comment,Polygon,16,2963.6,434.95,2972.75,410.25,2987.25,390.95,3010.35,380.65,3037.25,374.8,3060.9,382.8,3081.85,396.3,3099.1,430.2,3104.45,477.45,3091,504.85,3072.8,524.8,3037.25,526.35,2992.15,517.3,2974.9,497.9,2965.75,474.2,2959.3,455.45
3-119,Uninfected,No_comment,Polygon,17,2904.95,557.6,2921.1,543.05,2933.45,515.15,2938.3,483.4,2926.45,454.85,2899.6,426.95,2879.7,422.65,2843.15,424.2,2816.25,441.4,2802.25,467.75,2801.2,493.6,2804.4,523.7,2820,548.4,2838.3,559.75,2858.75,564.55,2880.25,565.6,2888.3,562.4
3-120,Uninfected,No_comment,Polygon,17,2946.35,588.75,2956.6,565.6,2975.95,550.1,3001.75,541.95,3024.35,540.9,3051.2,545.2,3077.55,558.1,3094.75,589.35,3095.85,616.75,3078.1,641.5,3058.75,655.4,3035.6,663.55,3002.8,661.85,2972.7,653.85,2959.25,641.5,2948,628,2944.2,608.15
3-121,Uninfected,No_comment,Polygon,23,2561.4,694.1,2561.95,677.5,2560.35,663.55,2552.3,649.55,2563.55,637.65,2572.75,629.05,2583.5,622.6,2596.9,619.95,2627.05,618.3,2637.75,612.45,2661.45,617.8,2674.35,630.75,2683.45,650.55,2688.85,670.45,2689.9,689.8,2673.8,725.35,2650.2,742.05,2620.05,745.75,2608.2,745.75,2607.1,719.4,2595.3,717.25,2581.85,712.95,2568.95,707.55
3-122,Uninfected,No_comment,Polygon,16,2115.15,582.8,2091,570.95,2080.2,547.3,2076.45,513.45,2075.4,484.95,2083.45,463.95,2095.8,448.4,2115.7,436.55,2137.75,436.55,2156.05,446.75,2172.7,458.05,2191.5,491.95,2192,545.15,2179.7,567.2,2164.1,580.1,2141.5,588.7
3-123,Uninfected,No_comment,Polygon,20,2204.4,594.6,2203.85,575.25,2210.3,546.75,2218.9,524.7,2238.8,505.85,2256.55,497.85,2273.2,493.55,2294.2,495.7,2315.15,506.45,2333.45,518.25,2345.25,544.6,2351.7,568.25,2344.2,589.7,2330.2,609.65,2315.15,627.9,2291.5,636,2264.1,637.1,2245.8,631.7,2218.4,613.95,2212.45,605.9
3-124,Uninfected,No_comment,Polygon,24,1988.25,626.8,1998.45,612.35,1999.55,603.2,2014.05,600,2033.4,598.9,2046.85,600,2069.45,607,2085.05,612.35,2101.7,623.6,2111.9,633.85,2123.2,647.3,2134.5,666.05,2136.65,697.3,2131.8,715.6,2118.35,739.2,2093.65,750.55,2074.3,752.1,2044.7,735.5,2034.5,723.1,2027.5,702.7,2017.3,683.85,2009.25,661.3,2000.1,648.9,1989.85,641.4
3-125,Uninfected,No_comment,Polygon,30,1923.2,513.35,1928.05,498.35,1919.45,489.25,1925.9,475.25,1928.6,467.2,1929.1,454.3,1937.2,439.25,1951.7,437.6,1956,429.5,1966.2,421.95,1980.2,420.9,2013.55,425.2,2031.25,434.95,2048.5,457.5,2058.7,481.7,2061.4,490.3,2055.45,500,2057.1,520.4,2051.7,533.85,2057.1,546.75,2038.8,550.45,2025.35,559.15,2016.75,566.65,2006,562.9,1995.25,571.5,1978.05,569.9,1970,565.05,1955.45,555.9,1942.55,540.3,1926.45,527.4
3-126,Uninfected,No_comment,Polygon,35,1879.1,699.95,1885.05,690.85,1879.65,680.1,1876.95,663.9,1891.5,660.2,1883.4,644.1,1902.25,638.7,1926.45,634.95,1938.8,622.5,1947.95,627.4,1956,636.55,1963.5,633.25,1976.95,640.3,1974.8,652.7,1981.25,658.05,1994.15,661.3,1994.15,669.9,1999.55,678.5,2010.3,688.7,2016.2,707,2022.65,717.75,2011.4,732.25,2019.45,741.95,2009.75,746.25,1995.8,752.7,1986.1,762.9,1974.8,761.3,1960.3,750.55,1942.55,741.95,1922.65,737.05,1903.3,735.5,1902.25,724.2,1904.4,714.5,1893.65,712.85,1878.55,717.2
3-127,Uninfected,No_comment,Polygon,19,1635.55,530.65,1644.7,555.9,1665.7,586.55,1683.95,609.15,1714.6,623.15,1735.6,631.2,1768.9,638.7,1792.55,645.7,1805.5,644.1,1813.5,637.65,1822.7,624.2,1828.05,611.85,1818.4,588.7,1795.8,560.2,1766.25,541.95,1730.7,529.55,1701.15,519.35,1672.65,514.5,1656.5,519.35
3-128,Uninfected,No_comment,Polygon,18,1697.9,698.95,1696.35,680.65,1699.6,657,1717.35,648.95,1728.1,644.65,1766.75,652.15,1790.95,657,1807.05,661.3,1823.2,681.2,1832.35,697.3,1830.75,723.15,1822.7,744.65,1800.6,762.9,1778.55,765.05,1758.75,759.7,1730.25,750,1711.35,741.95,1701.7,721
3-129,Uninfected,No_comment,Polygon,19,1711.9,879.6,1697.95,871.55,1680.75,850.55,1678.05,831.2,1680.75,812.4,1687.2,790.35,1696.3,782.8,1704.95,776.35,1715.7,771.55,1739.35,771.55,1766.2,779.6,1787.75,785.5,1801.7,801.1,1811.4,824.75,1810.85,850.55,1802.8,871,1778.05,881.75,1757.6,889.8,1735.05,889.3
3-130,Uninfected,No_comment,Polygon,18,1861.9,939.3,1873.2,921,1882.85,903.25,1896.3,892.5,1926.4,882.3,1947.4,878,1964.6,891.95,1979.1,905.95,1988.25,925.3,1994.15,954.35,1993.6,984.45,1978.05,1004.35,1964.05,1014.55,1940.4,1018.35,1910.8,1009.7,1893.1,986.6,1879.1,965.65,1869.4,950.05
3-131,Uninfected,No_comment,Polygon,21,1850.6,938.2,1857.6,925.85,1850.6,906.5,1832.3,888.2,1817.25,887.65,1793.05,893.6,1771.55,904.35,1746.3,922.6,1738.25,938.75,1740.4,961.35,1743.05,987.7,1746.3,1004.35,1763.5,1021,1775.85,1030.7,1793.6,1033.9,1813.5,1031.25,1836.65,1019.95,1850.05,1004.35,1857.6,987.7,1858.65,965.65,1852.75,954.35
3-132,Uninfected,No_comment,Polygon,16,1861.9,766.15,1880.7,750.05,1894.7,744.65,1915.65,745.75,1945.25,753.8,1964.6,764.55,1980.2,795.2,1983.4,816.15,1973.2,843.6,1958.15,858.1,1924.25,859.7,1898.45,854.35,1879.1,838.2,1867.25,824.25,1855.45,802.7,1852.2,781.75
3-133,Uninfected,No_comment,Polygon,20,2006,932.35,2010.85,916.15,2022.65,902.2,2029.65,889.3,2037.15,876.4,2045.8,878,2057.05,883.35,2089.85,888.8,2111.35,900.05,2127.5,930.7,2133.95,959.7,2127.5,982.3,2116.2,1003.8,2100.1,1017.25,2072.65,1024.8,2050.6,1021,2036.65,1014.05,2016.75,995.2,2006.55,980.7,2007.6,950.6
3-134,Uninfected,No_comment,Polygon,18,1516.2,883.9,1524.25,865.65,1518.85,844.65,1536.05,840.9,1541.45,832.3,1542,816.15,1557.6,814,1587.15,822.6,1623.7,833.9,1638.25,858.65,1648.45,882.85,1648.45,911.35,1636.1,939.3,1614.05,963.5,1579.1,962.4,1548.45,957.55,1535.55,944.15,1517.25,919.4
3-135,Uninfected,No_comment,Polygon,16,1507.55,922.6,1479.6,894.15,1447.9,880.15,1412.95,880.15,1387.15,890.95,1377.45,908.1,1376.9,926.4,1384.45,942,1394.15,950.05,1407.55,978,1419.4,997.35,1445.2,1005.95,1478,1007.05,1498.95,997.9,1519.95,977.45,1522.1,959.7
3-136,Uninfected,No_comment,Polygon,19,1455.95,773.15,1449.5,750.55,1453.25,726.9,1473.7,705.4,1505.4,693.05,1538.2,687.65,1562.95,700.05,1575.3,715.6,1587.7,730.15,1599,758.1,1605.45,789.3,1599,818.3,1578.55,824.75,1560.25,831.2,1540.9,823.7,1515.65,818.85,1496.3,822.1,1468.3,813.5,1457.05,789.8
3-137,Uninfected,No_comment,Polygon,20,1851.2,1031.75,1857.65,1057,1854.4,1081.2,1856.55,1108.1,1876.45,1126.9,1895.25,1136.05,1923.25,1146.25,1950.1,1159.7,1982.9,1164.55,1986.15,1165.1,1977,1146.25,1983.45,1133.9,1992.6,1101.65,1993.65,1076.35,1972.7,1050,1953.85,1036.05,1925.9,1031.2,1902.8,1031.2,1879.7,1032.3,1856.55,1028
3-138,Uninfected,No_comment,Polygon,17,1766.05,1105.9,1764,1082.25,1757.1,1055.65,1738.9,1036.45,1714.3,1034.5,1698.05,1044.35,1687.7,1066,1683.25,1084.75,1691.15,1121.2,1690.6,1151.25,1697.55,1173.4,1720.15,1190.65,1739.9,1190.15,1750.2,1180.8,1760.05,1160.1,1765,1140.9,1764.55,1122.65
3-139,Uninfected,No_comment,Polygon,15,1641.4,1230.55,1641.85,1223.15,1645.85,1202,1656.6,1186.7,1679.8,1184.25,1693.55,1191.65,1701.95,1200.5,1705.95,1213.8,1707.9,1228.55,1713.75,1234.5,1707.4,1244.85,1695.05,1255.65,1675.9,1263.55,1662.6,1259.1,1643.8,1249.25
3-140,Uninfected,No_comment,Polygon,20,1760.05,1211.8,1769.5,1196.55,1801,1183.75,1824.65,1186.7,1854.2,1194.6,1879.35,1206.9,1897.55,1228.55,1908.85,1246.3,1920.65,1264.55,1922.15,1279.8,1912.3,1290.65,1890.1,1306.4,1866.05,1313.3,1833.05,1313.3,1798.5,1299.5,1776.8,1282.75,1762.6,1263.55,1756.2,1250.25,1751.7,1238.45,1752.2,1226.6
3-141,Uninfected,No_comment,Polygon,16,1770.4,1130.05,1777.3,1113.3,1804.45,1092.1,1829.05,1083.75,1851.75,1081.3,1871.8,1091.85,1891.05,1103.15,1904.35,1129.25,1908.85,1154.7,1904.45,1182.25,1885.7,1198.05,1854.6,1207.4,1836.8,1202.45,1803.35,1190.15,1789.7,1172.4,1776.4,1142.35
3-142,Uninfected,No_comment,Polygon,42,1960.1,1184.25,1962.05,1176.85,1973.85,1173.9,1980.75,1168,1986.25,1156.15,1991.65,1146.8,2003,1144.85,2006.9,1140.9,2013.35,1133,2022.15,1133,2028.55,1136.45,2038.45,1126.6,2048.3,1126.6,2056.2,1137.95,2066.95,1135.95,2076.4,1138.4,2083.7,1145.3,2099,1147.8,2104.45,1158.65,2112.85,1170.95,2123.65,1184.75,2109.4,1201.5,2100.95,1211.8,2106.45,1224.15,2094.05,1232.5,2088.65,1238.45,2091.15,1245.8,2074.4,1252.2,2063.55,1245.35,2057.1,1251.75,2047.8,1259.6,2035,1246.3,2031.55,1247.8,2021.7,1242.35,2000.05,1234.5,1988.2,1238.45,1973.85,1235.95,1967.45,1226.6,1968,1218.25,1958.15,1210.4,1947.8,1201.5,1953.65,1193.65
3-143,Uninfected,No_comment,Polygon,18,2111.35,1207.9,2139.95,1186.2,2152.2,1172.9,2176.4,1173.4,2196.6,1188.2,2212.85,1204.45,2219.75,1223.7,2224.1,1242.35,2222.65,1268.5,2210.8,1290.15,2195.1,1302.45,2165.5,1308.85,2130.1,1303.45,2122.15,1294.1,2117.2,1270.45,2116.3,1244.85,2110.3,1230.55,2105.35,1218.7
3-144,Uninfected,No_comment,Polygon,17,2219.75,1112.8,2237.4,1087.2,2266.55,1083.25,2301.5,1094.6,2323.2,1113.3,2333.95,1130.55,2335.95,1159.6,2330.5,1180.8,2319.75,1201,2304.4,1212.3,2274.35,1218.7,2244.85,1211.35,2223.2,1195.1,2213.35,1175.35,2211.35,1158.65,2211.35,1142.35,2211.35,1131.55
3-145,Uninfected,No_comment,Polygon,18,1981.3,1244.85,1966.55,1254.2,1957.65,1270.5,1951.25,1294.1,1957.65,1317.75,1968,1343.35,1991.65,1362.15,2011.35,1371.45,2048.75,1381.3,2080.75,1375.85,2108.85,1371.95,2115.3,1359.6,2112.85,1329.55,2093.6,1297.1,2076.85,1277.4,2040.85,1257.65,2019.75,1251.25,1998.05,1245.4
3-146,Uninfected,No_comment,Polygon,18,1829.05,1467,1821.7,1448.3,1820.15,1427.1,1833.05,1397.55,1848.75,1386.2,1872.95,1379.3,1888.65,1378.9,1910.8,1383.8,1925.6,1392.2,1944.35,1402.95,1959.1,1426.1,1963.5,1445.85,1959.1,1468,1937.95,1488.7,1912.3,1498.55,1888.2,1497.05,1863.1,1491.15,1842.9,1486.2
3-147,Uninfected,No_comment,Polygon,29,1817.2,1506.9,1815.8,1503.45,1810.85,1480.3,1814.8,1456.65,1816.3,1444.35,1813.3,1433.5,1809.4,1423.15,1814.8,1412.8,1804.95,1401,1785.7,1391.65,1766.05,1383.8,1752.2,1390.15,1732.55,1383.8,1720.7,1385.75,1721.2,1396.55,1719.75,1410.85,1714.3,1432.05,1706.45,1455.7,1701.5,1470.95,1707.4,1479.3,1710.85,1492.6,1717.75,1504.45,1731.05,1503.45,1745.85,1509.85,1761.1,1521.7,1766.95,1517.3,1781.75,1515.8,1787.7,1511.85,1797.55,1504.95
3-148,Uninfected,No_comment,Polygon,16,1720.7,1377.4,1715.8,1365.6,1703,1336.45,1671.9,1324.65,1636,1321.2,1601,1333,1585.2,1350.8,1569.5,1381.3,1572.95,1414.3,1591.6,1440.4,1619.75,1451.75,1650.75,1458.15,1677.35,1452.3,1698.5,1441.4,1709.85,1424.2,1717.2,1399.05
3-149,Uninfected,No_comment,Polygon,17,1797.55,1590.15,1797,1572.45,1803.9,1544.35,1812.3,1529.1,1828.55,1516.25,1852.2,1509.35,1881.75,1512.4,1901,1519.25,1920.15,1543.35,1919.75,1562.1,1911.35,1585.8,1898.05,1602.5,1876.8,1617.75,1853.25,1627.1,1829.6,1628.6,1814.3,1620.75,1803,1608.9
3-150,Uninfected,No_comment,Polygon,17,2073.4,1643.85,2060.1,1634.45,2050.75,1615.25,2044.85,1589.15,2049.25,1560.6,2065,1534.95,2083.25,1526.1,2119.7,1520.7,2147.8,1527.1,2165,1541.85,2177.35,1555.15,2187.7,1583.75,2181.75,1605.4,2169.45,1626.6,2148.3,1642.85,2126.6,1652.2,2096.05,1654.2
3-151,Uninfected,No_comment,Polygon,16,2045.3,1767.95,2041.85,1741.35,2036.45,1709.85,2026.6,1680.8,1999.5,1655.15,1974.4,1648.25,1959.6,1654.65,1941.4,1667.95,1937.45,1702.95,1942.35,1737.9,1947.3,1750.75,1958.6,1765.5,1971.45,1778.8,1981.75,1786.2,2011.35,1785.7,2026.1,1784.25
3-152,Uninfected,No_comment,Polygon,17,1905.9,1749.25,1916.75,1737.9,1923.15,1721.15,1905.4,1695.55,1889.15,1678.3,1860.1,1664.5,1834.95,1656.15,1808.85,1663.55,1784.25,1680.8,1776.35,1691.1,1785.2,1715.75,1797.55,1734,1818.2,1748.25,1839.9,1753.7,1851.7,1755.65,1865.5,1754.65,1887.2,1751.7
3-153,Uninfected,No_comment,Polygon,30,1723.65,1721.15,1737.45,1721.15,1746.3,1718.7,1762.05,1715.75,1772.4,1698.5,1772.9,1675.85,1795.55,1662.05,1805.9,1634.45,1795.55,1619.7,1780.8,1606.9,1775.35,1593.6,1761.1,1586.2,1754.2,1581.25,1733.5,1583.75,1714.75,1586.7,1701,1597.05,1689.65,1609.85,1680.3,1616.75,1667.95,1634,1665,1646.3,1664.05,1658.1,1656.15,1666,1662.55,1678.3,1664.55,1688.65,1673.9,1700.5,1683.25,1704.9,1681.75,1715.25,1691.15,1717.75,1702.95,1718.7,1708.35,1722.65
3-154,Uninfected,No_comment,Polygon,20,2217.25,1958.65,2220.7,1938.45,2223.65,1920.7,2238.9,1902,2248.75,1891.65,2265.5,1883.25,2287.2,1887.2,2306.4,1901,2319.7,1916.25,2330.55,1943.35,2330.55,1959.6,2333.5,1976.85,2326.6,2001,2316.75,2014.3,2298.05,2023.15,2276.35,2022.2,2261.6,2021.2,2242.85,2010.85,2231.55,1992.6,2222.65,1971.95
3-155,Uninfected,No_comment,Polygon,18,2109.85,1875.85,2120.2,1868.95,2129.55,1850.25,2137.95,1831.55,2143.85,1805.4,2145.3,1778.35,2138.4,1750.75,2127.6,1737.45,2097.05,1731.05,2077.85,1740.4,2066,1757.65,2058.6,1779.3,2049.75,1807.9,2045.8,1829.05,2048.25,1861.1,2060.1,1874.4,2083.25,1884.25,2092.1,1885.7
3-156,Uninfected,No_comment,Polygon,21,2161.1,1813.8,2153.2,1827.1,2143.85,1850.75,2134,1875.85,2136.45,1904.95,2144.85,1917.25,2160.1,1929.55,2171.9,1940.4,2196.05,1946.8,2209.85,1943.85,2237.95,1935.5,2255.15,1921.75,2269.95,1902.05,2279.3,1880.3,2283.75,1855.2,2277.35,1835.45,2251.25,1826.6,2228.1,1823.15,2201.95,1814.8,2187.2,1807.4,2176.85,1806.9
3-157,Uninfected,No_comment,Polygon,21,2159.6,1795.55,2166,1781.3,2177.35,1766,2183.75,1740.9,2196.05,1726.1,2218.7,1716.25,2243.35,1716.25,2262.55,1720.7,2278.35,1729.05,2296.55,1749.25,2308.85,1767,2320.7,1789.65,2335.45,1806.9,2350.25,1814.3,2339.9,1817.75,2315.75,1821.2,2285.2,1831.55,2244.35,1831.55,2199,1818.7,2171.9,1805.4,2157.15,1801
3-158,Uninfected,No_comment,Polygon,23,2359.75,1786.55,2367.45,1800.8,2375.2,1809.75,2391.85,1821.55,2409.35,1827.65,2433.3,1834.55,2456.9,1828.45,2480.45,1815.45,2489.4,1789,2490.65,1754.05,2479.25,1728.05,2459.35,1707.3,2431.3,1693.9,2402.4,1682.1,2391.85,1688.2,2383.3,1696.75,2367.45,1708.5,2356.9,1717.45,2350.4,1726.4,2350.4,1735.35,2356.9,1746.75,2359.75,1759.35,2357.3,1774.8
3-159,Uninfected,No_comment,Polygon,28,2507.7,1725.2,2503.25,1736.15,2498.75,1751.2,2497.15,1772.75,2495.5,1791.85,2503.25,1810.15,2511.35,1821.15,2521.5,1828.45,2537.4,1835.75,2553.25,1837,2562.15,1834.55,2569.9,1828.85,2581.3,1828.85,2591.45,1824.8,2590.2,1815.85,2595.9,1808.5,2602,1802.45,2609.75,1789,2615,1774.8,2610.55,1759.35,2608.5,1747.95,2598.35,1739.4,2592.65,1726,2586.15,1719.9,2568.7,1714.6,2545.9,1707.7,2529.25,1709.75,2518.7,1715.45
3-160,Uninfected,No_comment,Polygon,24,2287.8,1661,2284.55,1643.15,2286.6,1623.6,2295.15,1605.75,2304.5,1593.9,2317.9,1586.6,2338.25,1580.95,2346.75,1578.9,2358.15,1575.65,2375.2,1579.35,2392.7,1587.05,2402.45,1595.2,2410.2,1605.75,2415.45,1633.8,2407.75,1656.1,2394.75,1670.35,2381.3,1678.9,2373.6,1687.05,2360.6,1692.7,2346.35,1699.6,2329.3,1697.15,2311.4,1690.25,2304.9,1684.55,2297.55,1676.85
3-161,Uninfected,No_comment,Polygon,29,2439.45,1649.65,2445.15,1646.4,2443.1,1634.15,2446.75,1620.75,2458.55,1615.1,2461.8,1602.85,2469.95,1597.15,2480.9,1593.5,2489.85,1589.45,2503.65,1591.95,2528.45,1594.75,2541.9,1599.65,2553.65,1606.95,2567.9,1615.45,2574.4,1624.45,2582.15,1639.9,2587.4,1652.05,2586.2,1662.6,2580.5,1682.1,2574.4,1696.4,2559.75,1702.85,2526.85,1706.1,2503.65,1706.5,2479.7,1700.45,2466.7,1699.25,2448.8,1691.5,2443.9,1683.8,2441.05,1674.45,2441.05,1666.75
3-162,Uninfected,No_comment,Polygon,16,2311.65,962.75,2313.1,944.9,2327.5,929.4,2368.6,911.55,2400.95,903.8,2437.25,911.05,2455.1,923.15,2467.6,940.55,2478.25,961.8,2470.05,984,2455.55,999,2416.9,1009.6,2385.5,1017.85,2360.35,1011.55,2331.85,1001.9,2317.85,984.5
3-163,Uninfected,No_comment,Polygon,17,2419.3,1017.85,2410.6,1031.85,2411.65,1051.15,2418.35,1068.55,2431.85,1085.45,2451.7,1100.9,2469.05,1110.6,2488.4,1122.65,2518.85,1122.65,2531.4,1108.65,2542,1086.9,2537.25,1056,2528.05,1038.1,2510.2,1014.95,2479.7,1003.35,2456,1008.15,2436.7,1012.05
3-164,Uninfected,No_comment,Polygon,24,2218.3,862.8,2226.05,845.4,2234.75,828.5,2242,823.2,2260.8,825.1,2279.65,828.95,2300.45,828.95,2308.65,824.15,2323.55,822.2,2335.7,830.4,2342.45,840.1,2345.85,864.7,2346.35,884.5,2340,900,2321.7,909.15,2311.05,918.35,2291.25,928.5,2271.4,938.15,2250.2,941.5,2234.75,935.3,2221.7,926.05,2215.9,906.25,2211.55,888.9,2215.4,878.7
3-165,Uninfected,No_comment,Polygon,18,2466.15,327.95,2476.3,308.65,2495.15,292.75,2521.7,284.5,2541.05,282.6,2562.75,289.35,2575.8,299.05,2592.25,325.05,2597.55,346.85,2591.75,370.05,2577.25,393.25,2556.95,412.55,2525.1,418.35,2506.75,414,2486.45,405.8,2470.5,387.4,2463.25,368.05,2463.25,351.65
3-166,Uninfected,No_comment,Polygon,17,2360.85,390.8,2351.65,422.7,2350.2,449.25,2357.95,476.3,2369.05,491.8,2389.8,509.65,2416.9,517.85,2443.95,509.65,2464.2,485.5,2475.8,451.65,2469.05,420.75,2462.75,403.4,2452.65,383.05,2440.55,372.95,2416.9,368.05,2387.4,375.8,2381.6,379.7
3-167,Uninfected,No_comment,Polygon,19,2241.05,211.15,2260.85,187.9,2273.35,178.3,2290.35,167.15,2313.45,166.65,2340.5,172.95,2361.3,183.55,2381.65,210.15,2394.7,242.55,2401.4,266.65,2396.1,275.4,2372.9,284.1,2355.5,287.9,2327,287,2312,280.65,2288.35,270.55,2275.35,260.85,2259.85,243,2245.9,220.3
3-168,Uninfected,No_comment,Polygon,16,2447.75,128,2454.05,107.75,2465.65,87.9,2501.4,74.4,2514.9,72.45,2548.25,78.75,2569,90.8,2587.45,115.95,2582.05,151.7,2568.55,172.95,2543,184.1,2513.95,189.9,2482.55,192.25,2468.55,187.45,2456.45,170.05,2449.7,155.6
3-169,Uninfected,No_comment,Polygon,18,2578.75,198.05,2599,181.2,2622.65,166.65,2648.25,159,2671.9,159.4,2698.05,168.1,2713.95,183.1,2723.65,196.6,2737.15,226.15,2737.6,244,2724.65,265.2,2703.3,276.3,2675.85,277.3,2650.25,274.4,2622.65,263.3,2611.6,244.9,2598.5,225.1,2588.35,209.7
3-170,Uninfected,No_comment,Polygon,16,2127.5,101.95,2125.55,116.4,2118.8,133.35,2116.4,164.25,2123.15,199.05,2144.4,207.25,2174.35,203.85,2201.4,201.95,2228,195.65,2247.3,179.2,2258.9,155.55,2269.55,131.9,2271.45,119.8,2263.25,96.6,2240.55,75.4,2222.65,67.65
3-171,Uninfected,No_comment,Polygon,23,2746.35,63.7,2751.7,47.8,2760.35,27.55,2770.1,12.05,2810.2,1.95,2842.5,8.15,2858.45,15.45,2878.8,26.5,2896.65,38.1,2921.7,59.9,2927.5,70.55,2919.8,85.5,2911.1,97.1,2907.3,118.8,2905.3,142.5,2896.65,147.3,2888.85,146.35,2863.8,141,2841.6,128.5,2814.95,105.25,2792.3,93.25,2769.05,83.05,2753.65,80.65
3-172,Uninfected,No_comment,Polygon,21,2686,91.75,2698.55,106.75,2707.7,133.3,2719.35,157.45,2729.95,173.4,2745.9,196.1,2756,210.1,2802.4,209.65,2829.95,196.1,2859.9,189.85,2871,192.75,2869.05,171.95,2862.8,154.55,2840.55,140.55,2816.9,121.7,2790.85,102.85,2766.65,87.9,2748.3,79.7,2735.8,77.75,2713.5,85,2695.65,85
3-173,Uninfected,No_comment,Polygon,20,2936.2,52.65,2937.25,69.55,2934.75,88.85,2924.6,105.75,2922.25,123.65,2916.4,142.95,2914.95,161.8,2922.7,187.9,2934.35,203.85,2950.25,210.1,2966.15,213.5,2991.3,215.9,3017.4,197.55,3031.4,173.9,3033.3,137.65,3028.95,112.05,3020.8,82.6,3005.85,54.55,2980.2,45.85,2952.65,43.95
3-174,Uninfected,No_comment,Polygon,21,3039.6,57,3041.05,70,3042,88.85,3044.45,110.6,3046.85,141.5,3046.35,172.45,3054.1,198.05,3066.65,222.2,3091.3,237.15,3117.35,229.95,3126.6,223.15,3131.45,202.4,3126.6,176.8,3119.35,153.6,3113.05,133.8,3115.95,114.95,3118.35,91.3,3107.7,64.7,3093.7,52.65,3071.95,50.2,3052.2,51.65
3-175,Uninfected,No_comment,Polygon,20,3138.15,84.5,3136.7,91.75,3133.8,107.2,3134.75,128.95,3138.7,147.8,3147.35,172.45,3158.45,190.8,3171.95,203.35,3193.2,209.65,3222.25,202.4,3235.25,192.75,3244.9,175.35,3247.35,159.4,3245.4,139.1,3236.7,116.9,3217.9,96.6,3202.4,85.95,3187.4,78.7,3174.45,73.9,3160.85,76.8
3-176,Uninfected,No_comment,Polygon,15,1802.5,366.9,1818.85,340.7,1843.2,311.05,1894.95,298.85,1917.6,301.2,1938.05,322.1,1961.8,347.75,1961.8,380.85,1950.2,402.95,1923.45,423.3,1906,437.25,1872.25,440.75,1849.6,440.2,1812.95,411.1,1799.05,379.1
3-177,Uninfected,No_comment,Polygon,16,1495.95,1647.4,1501.15,1624.85,1511.55,1608.1,1535.25,1601.7,1575.1,1600.55,1605.8,1610.95,1630.05,1635.25,1637.6,1660.7,1634.1,1678.55,1622.5,1695.35,1590.2,1710.4,1567.05,1717.35,1535.8,1712.1,1516.75,1703.45,1502.3,1679.1,1495.4,1657.8
3-178,Uninfected,No_comment,Polygon,17,1395.95,1609.25,1379.75,1591.9,1362.45,1570.5,1350.85,1543.9,1346.8,1509.8,1361.8,1482.05,1374.55,1451.45,1388.4,1423.1,1393.6,1419.65,1397.7,1443.35,1402.85,1480.35,1415.05,1520.2,1430.05,1561.25,1441.6,1588.4,1442.15,1606.35,1424.85,1615,1405.2,1614.45
3-179,Uninfected,No_comment,Polygon,15,1350.3,1475.15,1342.15,1447.95,1339.9,1422.5,1372.85,1407.5,1395.95,1411.55,1432.35,1423.1,1474.55,1467.6,1495.95,1500.55,1508.65,1527.1,1504,1530.6,1467.65,1523.1,1436.95,1516.15,1390.7,1505.25,1373.4,1497.65,1359.55,1483.85
3-180,Uninfected,No_comment,Polygon,16,1377.45,1197.1,1375.7,1162.45,1389.6,1142.2,1420.25,1131.25,1435.85,1129.5,1463,1132.95,1484.4,1145.15,1498.35,1170.95,1504.05,1200,1494.2,1228.35,1480.35,1254.95,1458.4,1260.15,1437,1255.5,1415,1245.15,1387.3,1232.4,1378.05,1209.85
3-181,Uninfected,No_comment,Polygon,17,1315.6,1333.55,1313.85,1303.5,1311.55,1290.2,1321.95,1262.45,1334.1,1250.35,1346.8,1234.75,1364.75,1235.9,1380.9,1243.95,1406.35,1253.75,1420.8,1274.6,1434.1,1307.55,1424.85,1334.1,1411.55,1352.05,1382.65,1360.7,1364.75,1359.6,1347.95,1352.05,1333.5,1344
3-182,Uninfected,No_comment,Polygon,14,2187.95,2730.65,2181,2744.5,2163.6,2755,2140.4,2766.6,2101,2767.75,2065.05,2771.2,2014.05,2738.7,2009.4,2724.85,2012.9,2709.75,2037.25,2697,2054.6,2684.2,2094.05,2668,2128.85,2679.6,2160.15,2697