149,5312,2988
2-1,Uninfected,No_comment,Polygon,17,1656.65,1272.15,1634.7,1286.2,1617.5,1303.4,1609.75,1322.15,1608.2,1350.3,1620.7,1367.5,1637.9,1378.4,1653.45,1386.25,1675.4,1386.25,1698.85,1378.4,1717.6,1362.8,1726.9,1351.85,1728.55,1322.15,1723.85,1292.45,1719.15,1275.25,1705.1,1269,1678.45,1269
2-2,Uninfected,No_comment,Polygon,21,1212.8,1495.65,1194.05,1506.55,1179.9,1539.4,1178.35,1567.5,1186.15,1586.25,1201.85,1601.9,1214.35,1608.15,1230,1614.4,1250.3,1615.95,1265.95,1612.85,1284.7,1606.6,1303.45,1598.8,1309.7,1580,1314.4,1562.85,1308.15,1526.9,1297.2,1514.4,1286.25,1501.9,1273.75,1497.2,1251.8,1490.95,1236.25,1490.95,1226.8,1490.95
2-3,Uninfected,No_comment,Polygon,18,2039.55,1300.25,2022.35,1314.35,2012.9,1329.95,2009.85,1351.85,2014.55,1378.4,2027.05,1394.05,2042.6,1406.55,2064.55,1411.25,2092.7,1411.25,2108.3,1398.75,2125.5,1390.9,2131.75,1367.5,2127,1334.65,2108.3,1304.95,2095.8,1297.15,2073.85,1289.35,2059.8,1289.35,2053.6,1290.9
2-4,Uninfected,No_comment,Polygon,15,1675.4,895.5,1653.45,917.35,1648.85,937.7,1650.4,959.55,1658.2,984.6,1683.15,998.65,1709.8,1009.6,1737.85,1006.45,1764.5,989.25,1773.85,968.95,1777,945.5,1769.1,922.05,1755.1,908,1722.3,889.25,1689.4,884.55
2-5,Uninfected,No_comment,Polygon,19,1526.95,784.55,1517.55,795.45,1509.75,806.4,1503.5,822.05,1501.85,843.9,1509.75,865.8,1530.05,892.35,1545.7,900.2,1567.5,903.3,1587.9,900.2,1605,892.35,1623.75,875.2,1630,850.15,1628.45,825.15,1620.7,804.85,1606.65,787.65,1584.75,778.3,1559.75,772.05,1541,773.6
2-6,Uninfected,No_comment,Polygon,20,1756.6,504.8,1736.35,506.35,1722.3,518.85,1709.8,528.2,1703.55,543.85,1698.85,570.4,1703.55,590.75,1716.05,607.95,1737.85,620.45,1758.25,623.55,1775.35,625.1,1792.55,623.55,1809.8,615.75,1822.3,592.3,1827,567.3,1828.55,539.15,1816.05,514.15,1805.05,512.6,1787.85,504.8,1775.35,504.8
2-7,Uninfected,No_comment,Polygon,19,1680.1,757.95,1664.45,772.05,1659.7,790.8,1659.7,804.85,1658.2,825.15,1673.85,845.5,1686.35,856.4,1700.4,867.35,1717.6,872.05,1744.1,867.35,1764.5,847.05,1769.1,831.4,1772.3,818.9,1767.6,795.45,1759.8,776.7,1748.85,759.55,1734.8,745.45,1712.9,742.35,1691,745.45
2-8,Uninfected,No_comment,Polygon,20,2005.1,1065.85,1989.55,1075.2,1977.05,1086.15,1964.45,1101.8,1962.9,1119,1961.4,1137.75,1970.8,1159.6,1984.85,1172.1,2003.6,1183.05,2028.6,1186.2,2055.1,1186.2,2070.8,1167.45,2080.2,1147.1,2083.3,1123.65,2083.3,1108.05,2073.85,1090.85,2064.55,1078.35,2052.05,1070.55,2041.1,1065.85,2022.35,1065.85
2-9,Uninfected,No_comment,Polygon,22,2116.05,986.15,2102.05,981.45,2086.45,976.75,2075.5,978.3,2058.3,984.6,2052.05,992.4,2044.25,1003.35,2044.25,1026.75,2048.85,1039.3,2059.8,1058.05,2073.85,1073.65,2095.8,1083.05,2111.45,1089.3,2128.55,1090.85,2152,1081.45,2159.9,1070.55,2163,1059.6,2164.5,1037.7,2158.25,1018.95,2147.4,1009.6,2141.15,1000.2,2130.2,992.4
2-10,Uninfected,No_comment,Polygon,24,1375.35,964.25,1358.15,965.8,1342.45,972.05,1333.15,979.9,1325.25,989.25,1314.4,1008,1325.25,1042.4,1333.15,1061.15,1344,1070.55,1359.7,1084.6,1384.7,1097.1,1400.35,1100.25,1422.15,1097.1,1444.1,1084.6,1451.85,1073.65,1456.6,1058.05,1456.6,1040.85,1448.8,1028.35,1436.3,1014.25,1422.15,997.1,1415.9,992.4,1406.6,984.6,1400.35,979.9,1392.45,972.05
2-11,Uninfected,No_comment,Polygon,21,1459.65,923.65,1431.6,928.3,1412.85,937.7,1404.95,951.75,1403.4,968.95,1403.55,981.35,1408.25,1001.75,1420.75,1018.9,1434.8,1026.75,1452,1034.6,1465.9,1036.15,1483.1,1034.6,1498.8,1026.75,1503.5,1017.4,1508.1,998.65,1509.75,986.15,1509.75,967.4,1505.05,950.2,1497.25,942.4,1483.1,933,1480.05,929.9
2-12,Uninfected,No_comment,Polygon,16,1505.05,1039.3,1486.3,1047.1,1472.25,1058.05,1467.55,1073.65,1459.65,1098.65,1472.25,1128.35,1491,1136.15,1503.5,1144,1520.6,1150.25,1547.25,1145.55,1570.7,1128.35,1576.95,1108.05,1575.3,1084.6,1564.45,1061.15,1547.25,1048.65,1533.2,1037.7
2-13,Uninfected,No_comment,Polygon,18,1989.55,586.05,1972.35,597,1959.85,600.1,1948.9,609.5,1942.65,623.55,1937.95,637.6,1937.95,656.4,1942.65,670.45,1950.4,686.05,1975.4,701.7,2000.4,712.65,2030.1,706.4,2055.1,684.5,2055.1,667.3,2056.75,632.95,2042.6,612.6,2027.05,592.3,2009.85,584.5
2-14,Uninfected,No_comment,Polygon,20,2184.9,540.75,2161.45,543.85,2150.5,553.25,2136.45,565.75,2131.75,581.35,2130.2,600.1,2130.2,611.05,2130.2,632.95,2138,648.55,2150.5,661.05,2169.2,668.9,2187.95,668.9,2209.9,661.05,2219.2,653.25,2227.1,636.05,2230.15,612.6,2228.65,590.75,2216.15,572,2206.7,556.35,2198.95,551.65
2-15,Uninfected,No_comment,Polygon,19,2187.95,750.15,2170.75,770.45,2161.45,786.1,2161.45,807.95,2161.45,833,2172.4,851.75,2192.7,865.8,2212.95,870.5,2228.65,870.5,2248.9,861.1,2259.9,851.75,2269.3,837.65,2270.85,812.65,2270.85,795.45,2266.15,770.45,2248.9,756.4,2236.4,747,2220.85,740.75,2203.65,740.75
2-16,Uninfected,No_comment,Polygon,19,2309.85,886.1,2292.65,897.05,2277.1,915.8,2269.3,929.9,2269.3,951.75,2273.9,970.5,2289.6,983,2303.6,993.95,2317.75,997.1,2339.55,998.65,2361.5,992.4,2374,976.75,2378.7,964.25,2374,937.7,2366.2,923.65,2356.8,908,2347.35,895.5,2336.5,890.8,2327.1,889.25
2-17,Uninfected,No_comment,Polygon,19,2317.75,757.95,2303.6,768.9,2295.85,784.55,2286.4,800.15,2286.4,825.15,2302.1,847.05,2322.35,858,2338.05,861.1,2353.6,861.1,2380.25,856.4,2389.55,850.15,2399,843.9,2402.05,823.6,2403.7,803.3,2397.45,787.65,2383.3,778.3,2361.5,770.45,2347.35,762.65,2333.3,762.65
2-18,Uninfected,No_comment,Polygon,18,2313.05,487.6,2294.3,504.8,2286.4,525.1,2280.15,548.55,2283.35,568.85,2294.3,589.15,2319.3,601.7,2338.05,606.35,2364.55,601.7,2381.8,593.85,2391.2,578.25,2399,564.15,2400.5,547,2403.7,521.95,2397.45,506.35,2377.05,486.05,2353.6,486.05,2333.3,482.9
2-19,Uninfected,No_comment,Polygon,17,2477.15,579.8,2461.45,586.05,2445.9,604.8,2438,626.7,2438,654.8,2442.75,676.7,2459.95,686.05,2478.7,697,2502.15,693.9,2520.9,690.75,2536.55,676.7,2545.9,661.05,2547.4,634.5,2545.9,609.5,2534.9,590.75,2519.35,581.35,2506.85,578.25
2-20,Uninfected,No_comment,Polygon,16,2642.8,639.2,2624.05,657.95,2614.6,682.95,2613.05,703.25,2617.8,722,2627.1,739.2,2641.25,750.15,2664.7,747,2686.5,742.35,2699,722,2708.45,698.55,2702.2,676.7,2694.4,654.8,2680.25,645.45,2670.95,636.05,2660,634.5
2-21,Uninfected,No_comment,Polygon,18,2622.5,503.2,2602.1,507.9,2589.6,518.85,2577.1,534.45,2570.85,548.55,2566.15,568.85,2567.8,600.1,2581.85,620.45,2606.85,632.95,2631.8,628.25,2653.75,618.85,2667.75,609.5,2678.75,592.3,2689.7,565.75,2689.7,550.1,2680.25,534.45,2666.25,512.6,2644.3,504.8
2-22,Uninfected,No_comment,Polygon,17,2800.65,564.15,2781.9,570.4,2772.45,579.8,2753.7,600.1,2744.4,628.25,2742.8,651.7,2750.65,678.25,2763.15,689.2,2781.9,695.45,2802.15,686.05,2820.9,675.15,2833.4,653.25,2836.6,632.95,2836.6,615.75,2836.6,598.55,2828.8,582.9,2819.4,575.1
2-23,Uninfected,No_comment,Polygon,15,2522.4,933,2494.35,947.05,2484.95,962.7,2477.15,979.9,2477.15,1004.9,2481.85,1025.2,2497.45,1040.85,2517.7,1050.2,2542.8,1050.2,2569.35,1040.85,2585,1004.9,2586.55,979.9,2578.75,959.55,2563.1,948.65,2550.6,939.25
2-24,Uninfected,No_comment,Polygon,19,2705.25,867.35,2677.2,872.05,2658.45,879.85,2644.3,893.95,2639.7,909.55,2638.05,929.9,2650.55,956.45,2667.75,967.4,2683.45,976.75,2706.9,979.9,2724,976.75,2738.15,970.5,2750.65,962.7,2758.45,942.4,2764.7,920.5,2763.15,898.6,2747.45,879.85,2733.45,872.05,2724,868.95
2-25,Uninfected,No_comment,Polygon,24,2914.75,661.05,2892.8,661.05,2877.25,668.9,2858.5,679.8,2842.85,695.45,2835.05,709.5,2831.85,722,2828.8,740.75,2828.8,756.4,2835.05,772.05,2845.9,787.65,2863.1,800.15,2892.8,806.4,2908.5,806.4,2933.5,790.8,2947.5,784.55,2955.3,756.4,2955.3,734.5,2953.75,715.75,2947.5,706.4,2944.45,693.9,2941.3,684.5,2938.2,672,2936.55,667.3
2-26,Uninfected,No_comment,Polygon,20,2845.9,1004.9,2833.4,1011.15,2822.55,1023.65,2806.9,1045.55,2803.8,1056.45,2803.8,1078.35,2805.35,1100.25,2819.4,1115.85,2827.15,1125.25,2849.1,1131.5,2864.75,1134.6,2881.85,1134.6,2905.3,1123.65,2916.3,1112.75,2927.25,1090.85,2928.8,1058.05,2916.3,1031.45,2894.35,1014.25,2880.35,1004.9,2863.1,1001.75
2-27,Uninfected,No_comment,Polygon,18,2767.85,1133.05,2756.9,1145.55,2736.5,1159.6,2731.9,1179.95,2727.2,1203.4,2734.95,1228.4,2747.45,1240.9,2772.45,1253.4,2794.4,1251.8,2810.05,1247.15,2828.8,1229.95,2839.65,1212.75,2841.3,1187.75,2831.85,1154.95,2817.85,1137.75,2808.4,1133.05,2794.4,1131.5,2783.4,1131.5
2-28,Uninfected,No_comment,Polygon,18,2366.2,1323.7,2344.3,1336.2,2336.5,1351.85,2328.6,1370.6,2328.6,1390.9,2331.8,1405,2345.8,1419.05,2370.8,1431.55,2383.3,1436.25,2403.7,1437.8,2425.5,1434.7,2444.25,1420.6,2452.15,1400.3,2452.15,1370.6,2438,1347.15,2422.45,1331.55,2406.75,1325.3,2378.7,1320.6
2-29,Uninfected,No_comment,Polygon,18,2728.7,1315.9,2708.45,1339.35,2702.2,1358.1,2699,1378.4,2703.75,1400.3,2725.65,1420.6,2752.2,1431.55,2774.1,1433.1,2802.15,1420.6,2816.3,1409.65,2822.55,1395.6,2825.65,1375.3,2824.1,1356.55,2814.65,1331.55,2803.8,1320.6,2778.7,1308.1,2758.45,1308.1,2741.2,1311.2
2-30,Uninfected,No_comment,Polygon,20,2910.05,1261.2,2894.35,1259.65,2869.35,1261.2,2855.35,1275.25,2847.55,1295.6,2845.9,1325.3,2855.35,1350.3,2872.55,1375.3,2894.35,1383.1,2919.45,1389.35,2935.05,1383.1,2949.05,1373.75,2958.5,1365.9,2961.55,1351.85,2961.55,1328.4,2961.55,1311.2,2955.3,1297.15,2947.5,1284.65,2939.75,1272.15,2927.25,1264.35
2-31,Uninfected,No_comment,Polygon,14,2136.45,1464.35,2103.55,1473.75,2080.2,1487.8,2072.3,1512.8,2070.8,1540.95,2080.2,1561.25,2114.5,1580,2138,1578.45,2166.15,1567.5,2186.45,1551.9,2183.25,1515.95,2180.2,1495.65,2170.75,1480,2152,1473.75
2-32,Uninfected,No_comment,Polygon,18,2581.85,1361.2,2556.85,1370.6,2545.9,1378.4,2533.4,1389.35,2520.9,1414.35,2516.15,1440.95,2520.9,1469.05,2531.85,1486.25,2545.9,1503.45,2578.75,1515.95,2597.5,1517.5,2627.1,1497.2,2647.5,1478.45,2653.75,1442.5,2656.8,1415.9,2642.8,1394.05,2624.05,1375.3,2614.6,1365.9
2-33,Uninfected,No_comment,Polygon,16,2428.7,1506.55,2417.75,1517.5,2416.2,1536.25,2416.2,1553.45,2427.15,1572.2,2439.65,1589.4,2452.15,1600.35,2481.85,1617.55,2511.45,1611.3,2524.05,1590.95,2525.6,1573.75,2516.15,1545.65,2491.2,1515.95,2481.85,1506.55,2466.2,1498.75,2455.2,1498.75
2-34,Uninfected,No_comment,Polygon,15,2353.95,351.9,2337.3,368.6,2326.2,396.35,2324.35,440.8,2352.1,464.9,2387.3,479.7,2424.35,477.85,2448.4,455.6,2455.85,431.55,2457.7,409.3,2454,376,2439.15,359.3,2420.65,350.05,2400.25,344.5,2387.3,344.5
2-35,Uninfected,No_comment,Polygon,15,1907.65,259.3,1887.25,268.55,1870.6,290.8,1868.75,311.15,1872.45,337.1,1889.1,368.6,1903.9,376,1933.55,383.4,1957.65,379.7,1972.45,361.15,1981.7,344.5,1985.4,309.3,1976.15,287.1,1955.8,270.4,1935.4,261.15
2-36,Uninfected,No_comment,Polygon,17,2515.1,381.55,2496.6,394.5,2481.75,416.75,2474.35,446.35,2474.35,470.45,2483.6,490.8,2494.7,505.65,2515.1,514.9,2554,509.35,2563.25,501.9,2572.5,488.95,2585.45,468.6,2587.35,450.05,2578.05,413.05,2565.1,394.5,2550.3,383.4,2539.15,383.4
2-37,Uninfected,No_comment,Polygon,16,2692.9,324.15,2665.1,331.55,2657.7,340.8,2644.75,366.7,2644.75,392.65,2655.85,414.9,2670.65,431.55,2692.9,440.8,2709.55,437.1,2724.4,433.4,2733.65,426,2735.5,416.75,2742.9,390.8,2742.9,359.3,2728.1,340.8,2704,326
2-38,Uninfected,No_comment,Polygon,15,2891.05,387.1,2865.15,407.45,2852.15,431.55,2848.45,451.9,2852.15,474.15,2861.45,490.8,2874.4,505.65,2896.6,513.05,2913.3,511.2,2933.65,503.8,2948.45,488.95,2961.45,466.75,2959.6,431.55,2950.35,413.05,2929.95,388.95
2-39,Uninfected,No_comment,Polygon,15,2911.45,257.45,2887.35,263,2876.25,277.85,2865.15,307.45,2867,335.25,2879.95,355.6,2898.45,364.85,2922.55,368.6,2952.2,359.3,2965.15,353.75,2983.65,300.05,2970.7,288.95,2957.75,274.1,2941.05,261.15,2924.4,251.9
2-40,Uninfected,No_comment,Polygon,16,2985.5,611.2,2970.7,618.6,2959.6,631.55,2955.9,651.95,2946.6,655.65,2948.45,677.85,2961.45,700.1,2979.95,726,2996.65,731.6,3031.8,724.15,3048.5,694.55,3048.5,670.45,3039.2,635.25,3033.65,626,3022.55,618.6,3002.2,607.5
2-41,Uninfected,No_comment,Polygon,15,3085.55,550.1,3061.45,570.45,3057.75,587.1,3054.05,611.2,3063.3,642.7,3079.95,663.05,3098.5,672.3,3122.55,668.6,3146.65,650.1,3154.05,631.55,3157.75,607.5,3148.5,577.85,3133.7,563.05,3118.85,550.1,3109.6,550.1
2-42,Uninfected,No_comment,Polygon,13,3031.8,776.05,3004.05,796.4,2994.8,809.35,2987.35,829.75,2992.9,864.9,3020.7,881.6,3042.95,890.85,3089.25,877.9,3102.2,855.65,3102.2,824.2,3091.1,794.55,3076.25,783.45,3054.05,774.15
2-43,Uninfected,No_comment,Polygon,16,2974.4,1477.95,2957.75,1494.6,2950.35,1513.15,2950.35,1542.75,2967,1572.4,2989.2,1579.8,3015.15,1585.35,3031.8,1581.65,3052.2,1572.4,3072.55,1544.6,3067,1515,3055.9,1503.9,3035.5,1494.6,3022.55,1487.2,3011.45,1479.8,2979.95,1472.4
2-44,Uninfected,No_comment,Polygon,15,1407.45,1668.7,1374.2,1674.15,1357.45,1692.75,1340.9,1718.7,1337.15,1737.2,1340.9,1757.6,1383.45,1787.25,1411.15,1794.65,1435.35,1792.8,1464.95,1781.65,1485.35,1752.05,1485.35,1727.85,1477.95,1698.35,1446.45,1681.55,1431.65,1674.15
2-45,Uninfected,No_comment,Polygon,14,1605.7,1659.45,1570.55,1681.55,1563.1,1702.05,1555.7,1722.3,1555.7,1737.2,1559.4,1757.6,1587.1,1789.1,1646.45,1777.95,1676,1759.45,1685.25,1729.8,1689.05,1707.6,1683.4,1683.5,1670.55,1663.15,1652,1655.75
2-46,Uninfected,No_comment,Polygon,16,1587.1,1800.2,1563.1,1803.9,1548.2,1814.9,1542.65,1833.55,1538.95,1853.9,1538.95,1876.15,1561.25,1894.65,1588.95,1901.95,1613.15,1900.1,1635.25,1896.5,1644.6,1879.85,1659.45,1863.05,1659.45,1835.4,1631.55,1805.75,1613.15,1803.9,1590.8,1803.9
2-47,Uninfected,No_comment,Polygon,17,1429.75,2022.45,1416.8,2035.4,1407.45,2050.2,1400.15,2068.75,1398.3,2083.45,1403.75,2105.8,1422.35,2118.75,1448.2,2129.75,1483.5,2129.75,1500.05,2118.75,1518.65,2098.35,1524.25,2072.45,1522.4,2050.2,1501.9,2024.3,1481.65,2015.05,1455.6,2013.2,1442.75,2015.05
2-48,Uninfected,No_comment,Polygon,16,1390.9,2189.1,1376.05,2198.4,1361.15,2211.35,1350.15,2228,1344.6,2248.4,1342.75,2263.1,1342.75,2281.7,1355.7,2294.7,1372.35,2303.95,1401.9,2307.65,1426.05,2291,1446.45,2274.3,1451.9,2250.25,1450.05,2224.2,1439.05,2211.35,1418.65,2200.25
2-49,Uninfected,No_comment,Polygon,17,1507.55,2244.7,1481.65,2272.45,1479.8,2296.55,1477.95,2322.45,1487.2,2337.3,1496.35,2346.55,1507.55,2359.4,1544.5,2365.05,1563.1,2355.7,1587.1,2335.45,1602,2318.75,1605.7,2292.85,1600.15,2268.65,1577.95,2242.85,1555.7,2239.15,1538.95,2235.4,1522.4,2239.15
2-50,Uninfected,No_comment,Polygon,17,1907.5,2239.15,1889.1,2250.25,1866.75,2259.5,1861.2,2298.4,1861.2,2314.95,1863.05,2331.75,1876.1,2350.25,1896.5,2370.6,1918.7,2376.2,1950.1,2372.45,1966.85,2363.2,1985.4,2342.85,1989.1,2300.25,1976.15,2264.95,1957.5,2248.4,1944.65,2241,1927.95,2241
2-51,Uninfected,No_comment,Polygon,14,1555.7,1916.85,1546.35,1918.7,1514.95,1933.55,1503.75,1953.8,1498.2,1983.55,1529.8,2028,1552,2040.85,1609.4,2042.7,1635.25,2026.15,1650.15,1996.4,1642.75,1966.9,1629.7,1942.8,1611.25,1929.85,1577.95,1922.45
2-52,Uninfected,No_comment,Polygon,15,1744.6,1676,1731.55,1692.75,1722.3,1709.45,1718.7,1733.5,1729.7,1757.6,1753.9,1774.25,1789.05,1787.25,1807.6,1774.25,1827.95,1761.3,1833.5,1740.95,1839.05,1722.3,1839.05,1698.35,1822.3,1674.15,1805.75,1666.85,1774.15,1661.3
2-53,Uninfected,No_comment,Polygon,15,1898.35,1602,1874.25,1600.15,1855.65,1609.45,1840.95,1626.1,1835.35,1653.9,1840.95,1685.35,1859.35,1715,1881.65,1737.2,1916.85,1733.5,1939.1,1718.7,1946.4,1698.35,1946.4,1674.15,1946.4,1653.9,1935.4,1633.4,1927.95,1620.55
2-54,Uninfected,No_comment,Polygon,18,2120.6,1609.45,2096.5,1624.25,2083.45,1635.25,2072.45,1657.6,2070.6,1681.55,2074.3,1709.45,2090.85,1733.5,2116.9,1746.5,2140.95,1748.35,2166.9,1737.2,2181.6,1726,2189.1,1713.15,2196.5,1698.35,2198.35,1676,2198.35,1663.15,2185.3,1635.25,2166.9,1620.55,2155.75,1613.15
2-55,Uninfected,No_comment,Polygon,12,1822.3,1890.95,1802.05,1911.3,1790.9,1928,1783.5,1948.25,1783.5,1974.3,1800.2,1998.25,1835.35,2009.45,1859.35,1989.1,1876.1,1955.75,1874.25,1924.3,1863.05,1903.8,1846.5,1883.55
2-56,Uninfected,No_comment,Polygon,15,1820.45,2040.85,1803.9,2052.05,1792.75,2065.05,1783.5,2079.85,1785.35,2098.35,1794.65,2116.9,1816.75,2129.75,1839.05,2129.75,1864.9,2126.15,1876.1,2105.8,1879.8,2085.3,1879.8,2065.05,1859.35,2048.35,1846.5,2040.85,1835.35,2039
2-57,Uninfected,No_comment,Polygon,12,2022.45,2142.8,1998.25,2157.65,1990.85,2172.35,1990.85,2196.55,2016.85,2229.85,2046.4,2253.95,2070.6,2255.8,2100.2,2248.4,2113.2,2205.8,2105.75,2172.35,2085.3,2148.4,2040.85,2135.3
2-58,Uninfected,No_comment,Polygon,14,1901.95,1929.85,1885.4,1942.8,1879.8,1961.3,1872.4,1979.85,1866.75,2000.1,1866.75,2024.3,1890.95,2053.9,1920.55,2046.5,1948.25,2031.7,1965,2002.05,1974.25,1979.85,1974.25,1951.95,1961.3,1944.65,1939.1,1935.4
2-59,Uninfected,No_comment,Polygon,13,1950.1,2039,1929.8,2059.5,1920.55,2083.45,1918.7,2116.9,1940.95,2131.6,1965,2142.8,1996.4,2129.75,2016.85,2115.05,2031.7,2083.45,2028,2059.5,2003.8,2029.85,1981.7,2026.15,1957.5,2029.85
2-60,Uninfected,No_comment,Polygon,17,2196.5,1918.7,2163.2,1939.1,2157.65,1959.45,2153.9,1983.55,2153.9,1998.25,2170.6,2018.75,2183.45,2033.55,2203.95,2039,2222.35,2039,2253.95,2029.85,2270.5,2009.45,2278,1990.85,2278,1966.9,2263.1,1942.8,2244.65,1922.45,2226.05,1915,2209.5,1915
2-61,Uninfected,No_comment,Polygon,14,2329.85,2042.7,2309.4,2057.65,2292.85,2074.3,2289.1,2094.65,2287.25,2122.45,2307.65,2146.5,2320.5,2153.95,2339.15,2159.5,2353.85,2159.5,2389.15,2144.65,2402,2111.35,2402,2081.6,2383.6,2053.9,2353.85,2040.85
2-62,Uninfected,No_comment,Polygon,14,2418.75,2229.85,2402,2237.25,2381.7,2259.5,2376.15,2278,2376.15,2302.1,2389.15,2326.15,2403.85,2339.15,2441,2342.85,2459.5,2339.15,2479.9,2320.6,2487.3,2289.15,2483.6,2261.35,2465.05,2242.85,2442.85,2229.85
2-63,Uninfected,No_comment,Polygon,14,2183.45,2341,2165.05,2359.4,2144.65,2376.2,2142.8,2405.7,2155.75,2433.6,2181.6,2444.6,2218.65,2441,2242.8,2431.75,2255.8,2411.35,2257.65,2385.45,2255.8,2368.75,2237.25,2353.85,2224.2,2348.4,2203.95,2348.4
2-64,Uninfected,No_comment,Polygon,14,1829.8,2526.2,1796.5,2526.2,1789.05,2542.75,1770.45,2566.95,1770.45,2592.85,1787.2,2620.65,1813.05,2642.85,1842.8,2650.3,1874.25,2661.4,1901.95,2637.3,1913.05,2598.4,1901.95,2565.1,1870.55,2539.05,1850.2,2531.75
2-65,Uninfected,No_comment,Polygon,15,1966.85,2520.65,1946.4,2535.35,1933.55,2555.85,1927.95,2579.9,1927.95,2598.4,1940.95,2624.35,1953.8,2644.7,1998.25,2639.15,2022.45,2629.8,2042.7,2607.7,2048.25,2579.9,2042.7,2552.1,2018.7,2526.2,2001.95,2522.5,1990.85,2518.8
2-66,Uninfected,No_comment,Polygon,14,2176.05,2489.15,2152.05,2500.25,2137.15,2518.8,2129.75,2540.9,2127.9,2572.5,2144.65,2598.4,2166.9,2611.4,2200.2,2616.95,2226.05,2607.7,2242.8,2581.65,2248.4,2550.25,2233.55,2505.8,2203.95,2489.15,2192.8,2489.15
2-67,Uninfected,No_comment,Polygon,13,2307.65,2291,2279.85,2302.1,2274.2,2322.45,2268.65,2353.85,2274.2,2389.15,2294.7,2420.65,2326.15,2426.2,2357.55,2411.35,2374.3,2387.3,2379.85,2353.85,2374.3,2316.8,2353.85,2294.7,2329.85,2291
2-68,Uninfected,No_comment,Polygon,11,2333.55,2485.45,2303.95,2502.1,2296.55,2520.65,2292.85,2552.1,2309.4,2576.2,2326.15,2587.2,2374.3,2572.5,2391,2544.7,2396.55,2513.25,2383.6,2485.45,2348.4,2474.35
2-69,Uninfected,No_comment,Polygon,12,2498.3,2478.05,2479.9,2490.9,2452,2516.95,2448.3,2546.55,2452,2576.2,2487.3,2596.55,2526.2,2589.05,2553.95,2568.8,2561.35,2552.1,2550.25,2515.1,2528.05,2481.75,2511.35,2478.05
2-70,Uninfected,No_comment,Polygon,15,2637.2,2485.45,2622.5,2498.3,2607.65,2518.8,2603.95,2537.2,2600.25,2561.4,2607.65,2578.05,2624.35,2594.7,2650.25,2605.85,2677.95,2605.85,2702.15,2589.05,2709.55,2566.95,2716.85,2540.9,2707.7,2518.8,2681.65,2485.45,2652.1,2479.9
2-71,Uninfected,No_comment,Polygon,13,2166.9,2696.6,2152.05,2709.55,2127.9,2729.9,2126.15,2752.15,2122.45,2778.05,2139,2807.6,2168.75,2820.65,2203.95,2820.65,2222.35,2802.15,2240.95,2766.85,2239.1,2737.35,2220.5,2698.45,2200.2,2691
2-72,Uninfected,No_comment,Polygon,13,2865,2574.35,2828.05,2585.35,2820.65,2602.15,2807.6,2631.65,2807.6,2657.7,2828.05,2689.15,2850.3,2702.15,2881.75,2705.85,2911.4,2689.15,2922.5,2666.95,2922.5,2624.35,2909.45,2596.55,2889.2,2578.05
2-73,Uninfected,No_comment,Polygon,12,2718.7,2150.25,2696.55,2159.5,2668.8,2185.4,2659.55,2211.35,2668.8,2242.85,2700.25,2257.65,2739.15,2252.1,2770.55,2246.55,2791.05,2215.05,2789.15,2185.4,2768.7,2165.05,2733.6,2159.5
2-74,Uninfected,No_comment,Polygon,13,2826.2,1981.7,2789.15,1992.7,2776.2,2015.05,2763.15,2040.85,2770.55,2072.45,2792.9,2089,2820.65,2090.85,2853.9,2085.3,2872.5,2066.9,2881.75,2048.35,2876.2,2018.75,2866.95,1998.25,2848.45,1985.4
2-75,Uninfected,No_comment,Polygon,14,2666.95,1781.65,2642.85,1794.65,2624.35,1813.05,2620.65,1835.4,2618.8,1855.65,2629.8,1879.85,2644.7,1896.5,2674.25,1905.65,2705.85,1892.8,2722.4,1876.15,2731.75,1848.35,2731.75,1820.55,2711.4,1796.5,2687.3,1787.25
2-76,Uninfected,No_comment,Polygon,13,2363.1,1563.15,2337.25,1565,2328,1572.4,2313.1,1587.1,2296.55,1613.15,2300.25,1639.05,2324.3,1670.55,2352.1,1681.55,2387.3,1672.4,2416.9,1650.2,2426.15,1626.1,2424.3,1590.8,2409.4,1577.95
2-77,Uninfected,No_comment,Polygon,11,2455.7,1635.25,2428,1663.15,2418.75,1687.2,2418.75,1720.45,2446.45,1744.65,2478.05,1753.9,2505.8,1742.8,2526.2,1720.45,2528.05,1689.05,2515.05,1657.6,2494.6,1642.75
2-78,Uninfected,No_comment,Polygon,13,2559.5,1607.6,2546.45,1618.7,2535.35,1633.4,2531.75,1659.45,2540.9,1696.5,2553.95,1722.3,2592.75,1735.35,2624.35,1722.3,2641,1690.9,2650.25,1668.7,2639.05,1633.4,2616.95,1602,2585.35,1594.6
2-79,Uninfected,No_comment,Polygon,13,2702.15,1635.25,2679.8,1646.45,2670.55,1663.15,2659.55,1692.75,2655.85,1718.7,2661.4,1755.75,2689.15,1777.95,2731.75,1772.3,2754,1746.5,2759.55,1724.15,2757.7,1696.5,2748.45,1661.3,2726.1,1640.9
2-80,Uninfected,No_comment,Polygon,14,2841.05,1633.4,2811.3,1637.1,2783.6,1663.15,2781.75,1694.65,2779.9,1716.85,2794.75,1735.35,2822.5,1735.35,2842.9,1737.2,2874.35,1733.5,2889.2,1716.85,2892.9,1696.5,2892.9,1666.85,2879.9,1653.9,2861.3,1642.75
2-81,Uninfected,No_comment,Polygon,14,2809.45,1746.5,2778.05,1752.05,2766.85,1770.45,2761.3,1796.5,2761.3,1816.75,2774.25,1842.8,2796.6,1859.35,2829.9,1863.05,2853.9,1855.65,2879.9,1844.65,2892.9,1809.45,2885.5,1764.9,2870.65,1759.45,2846.6,1755.75
2-82,Uninfected,No_comment,Polygon,13,2996.5,1863.05,2972.55,1868.7,2963.25,1883.55,2955.75,1901.95,2961.4,1924.3,2976.25,1944.65,3009.55,1965,3040.95,1965,3059.55,1948.25,3067,1931.7,3063.3,1900.1,3048.45,1883.55,3028.1,1866.85
2-83,Uninfected,No_comment,Polygon,14,2950.2,1970.6,2929.95,1981.7,2905.75,2015.05,2902.05,2042.7,2915.1,2065.05,2939.2,2083.45,2966.95,2092.8,2987.35,2079.85,3007.7,2063.2,3016.95,2040.85,3018.85,2009.45,3000.2,1979.85,2985.5,1966.9,2978.1,1966.9
2-84,Uninfected,No_comment,Polygon,16,2833.6,2270.5,2818.7,2270.5,2798.45,2270.5,2776.2,2283.6,2763.15,2303.95,2755.85,2324.3,2752.15,2350.25,2757.7,2376.2,2781.75,2396.55,2811.3,2403.85,2844.75,2394.7,2863.15,2379.9,2881.75,2350.25,2879.9,2329.9,2870.65,2291,2857.6,2279.85
2-85,Uninfected,No_comment,Polygon,14,3052.15,2096.5,3035.4,2103.95,3013.25,2126.15,3004,2148.4,3007.7,2177.9,3016.95,2202.1,3039.1,2220.5,3057.7,2222.35,3092.9,2218.65,3115.15,2200.25,3126.15,2170.6,3122.55,2129.75,3109.6,2113.2,3090.95,2107.65
2-86,Uninfected,No_comment,Polygon,17,3029.95,2350.25,3015.1,2365.05,2998.35,2370.6,2989.1,2398.4,2987.35,2420.65,2992.8,2444.6,3007.7,2463.2,3029.95,2476.2,3044.65,2481.75,3076.25,2478.05,3090.95,2463.2,3105.85,2448.3,3115.15,2415.05,3115.15,2385.45,3094.75,2361.25,3072.55,2348.4,3052.15,2348.4
2-87,Uninfected,No_comment,Polygon,14,3105.85,2224.2,3089.1,2239.15,3068.85,2250.25,3061.4,2270.5,3057.7,2296.55,3072.55,2324.3,3089.1,2348.4,3117,2353.85,3144.75,2348.4,3167,2329.9,3172.45,2300.25,3170.6,2268.65,3161.45,2244.7,3135.4,2216.9
2-88,Uninfected,No_comment,Polygon,14,2952.05,1640.9,2942.8,1657.6,2935.5,1679.7,2942.8,1711.3,2965.1,1726,2985.5,1733.5,3020.7,1726,3040.95,1711.3,3040.95,1683.5,3029.95,1650.2,3016.95,1633.4,3000.2,1629.7,2981.8,1626.1,2970.65,1627.95
2-89,Uninfected,No_comment,Polygon,12,3118.85,1563.15,3079.85,1572.4,3054,1588.95,3044.65,1611.3,3044.65,1644.6,3065.15,1674.15,3083.55,1696.5,3128,1689.05,3146.6,1663.15,3157.75,1639.05,3161.45,1607.6,3148.45,1588.95
2-90,Uninfected,No_comment,Polygon,14,3209.6,1588.95,3191.05,1605.75,3176.15,1627.95,3170.6,1650.2,3172.45,1674.15,3172.45,1698.35,3198.45,1702.05,3237.35,1689.05,3254.05,1681.55,3278.1,1653.9,3285.5,1633.4,3279.95,1607.6,3268.75,1590.8,3252.2,1585.25
2-91,Uninfected,No_comment,Polygon,12,2366.8,2689.15,2350.25,2694.75,2344.7,2711.4,2326.15,2728.05,2314.95,2748.45,2307.65,2776.2,2341,2804,2385.45,2805.85,2416.9,2778.05,2418.75,2737.35,2416.9,2711.4,2402,2692.9
2-92,Uninfected,No_comment,Polygon,14,3159.6,1733.5,3142.9,1753.9,3128,1776.1,3120.7,1809.45,3126.15,1831.7,3144.75,1853.9,3170.6,1865,3205.9,1865,3231.8,1846.5,3239.2,1809.45,3233.65,1779.8,3222.45,1759.45,3213.3,1746.5,3187.35,1733.5
2-93,Uninfected,No_comment,Polygon,16,3087.25,2670.55,3068.85,2670.55,3061.4,2681.75,3039.1,2711.4,3037.25,2731.75,3052.15,2757.7,3065.15,2778.05,3083.55,2785.5,3096.6,2787.35,3122.55,2787.35,3142.9,2772.5,3150.3,2748.45,3148.45,2722.4,3142.9,2704,3117,2676.1,3107.7,2674.25
2-94,Uninfected,No_comment,Polygon,15,3189.2,2739.2,3178,2741.05,3163.3,2752.15,3154.05,2772.5,3144.75,2787.35,3129.85,2805.85,3131.7,2842.9,3155.9,2866.95,3192.9,2881.8,3231.8,2870.65,3244.8,2848.45,3261.35,2824.35,3246.65,2774.35,3228,2759.55,3216.9,2755.85
2-95,Uninfected,No_comment,Polygon,11,2203.05,2841.85,2182.55,2846.4,2162.1,2860.05,2146.2,2885.05,2150.75,2916.85,2178.05,2957.8,2214.4,2955.5,2250.8,2932.8,2262.15,2907.75,2262.15,2866.85,2228.05,2841.85
2-96,Uninfected,No_comment,Polygon,12,2330.35,2873.65,2312.15,2894.15,2303.05,2932.8,2307.6,2966.9,2332.6,2978.25,2357.65,2980.55,2382.65,2969.15,2398.55,2946.4,2405.4,2916.85,2398.55,2889.6,2380.35,2866.85,2350.8,2862.3
2-97,Uninfected,No_comment,Polygon,13,2455.4,2787.3,2428.1,2787.3,2409.9,2798.65,2394,2816.85,2394,2839.55,2405.4,2871.4,2434.95,2889.6,2471.3,2887.3,2496.3,2866.85,2505.4,2846.4,2507.7,2825.95,2494.05,2798.65,2487.2,2794.1
2-98,Uninfected,No_comment,Polygon,16,2498.6,2614.5,2494.05,2628.15,2478.15,2639.5,2475.85,2669.05,2489.5,2700.9,2503.15,2712.25,2525.85,2716.8,2550.9,2710,2578.15,2687.25,2589.55,2664.5,2591.8,2644.05,2589.55,2625.85,2575.9,2605.4,2559.95,2594.05,2550.9,2594.05,2537.25,2596.3
2-99,Uninfected,No_comment,Polygon,11,2698.65,2828.2,2671.35,2839.55,2660,2853.2,2650.9,2880.5,2657.75,2907.75,2687.3,2939.6,2714.55,2939.6,2748.65,2928.25,2769.15,2896.4,2764.6,2848.65,2737.3,2832.75
2-100,Uninfected,No_comment,Polygon,14,2878.25,2814.55,2857.8,2830.45,2839.6,2839.55,2837.35,2857.75,2837.35,2889.6,2846.45,2912.3,2871.45,2935.05,2896.45,2939.6,2935.1,2925.95,2944.2,2898.7,2946.45,2871.4,2944.2,2841.85,2937.35,2825.95,2914.65,2821.4
2-101,Uninfected,No_comment,Polygon,15,3003.3,2778.2,2976,2782.75,2966.95,2803.2,2964.65,2828.2,2962.4,2850.95,2976,2882.75,2989.65,2896.4,3019.2,2896.4,3037.4,2896.4,3064.7,2878.2,3076.05,2860.05,3078.35,2828.2,3066.95,2798.65,3039.7,2782.75,3021.5,2778.2
2-102,Uninfected,No_comment,Polygon,11,3258.95,2650.75,3230.95,2672.75,3222.95,2704.8,3238.95,2730.8,3272.95,2756.8,3302.95,2760.8,3330.95,2738.8,3346.95,2710.8,3344.95,2682.75,3320.95,2652.75,3294.95,2642.75
2-103,Uninfected,No_comment,Polygon,15,3399,2566.75,3378.95,2582.75,3368.95,2598.75,3358.95,2626.75,3360.95,2654.75,3378.95,2682.75,3427,2696.75,3455,2692.75,3477,2676.75,3497,2648.75,3497,2626.75,3487,2600.75,3465,2578.75,3443,2570.75,3425,2566.75
2-104,Uninfected,No_comment,Polygon,17,3382.95,2716.8,3364.95,2730.8,3346.95,2754.8,3346.95,2778.8,3350.95,2810.8,3374.95,2838.8,3401,2846.8,3425,2848.8,3455,2842.8,3477,2818.8,3485,2796.8,3489,2772.8,3473,2740.8,3463,2726.8,3445,2712.8,3423,2708.8,3413,2708.8
2-105,Uninfected,No_comment,Polygon,18,3511,2468.7,3491,2478.7,3471,2498.7,3465,2522.75,3475,2554.75,3493,2584.75,3511,2590.75,3545,2588.75,3563,2576.75,3577.05,2574.75,3601.05,2564.75,3609.05,2550.75,3615.05,2530.75,3615.05,2510.7,3601.05,2484.7,3579.05,2464.7,3549,2462.7,3525,2464.7
2-106,Uninfected,No_comment,Polygon,15,3599.05,2578.75,3573.05,2590.75,3553,2604.75,3543,2616.75,3539,2640.75,3537,2666.75,3551,2694.75,3573.05,2716.8,3609.05,2712.8,3631.05,2698.75,3645.05,2684.75,3649.05,2662.75,3635.05,2620.75,3623.05,2596.75,3605.05,2566.75
2-107,Uninfected,No_comment,Polygon,14,3290.95,2150.6,3274.95,2154.6,3252.95,2166.65,3246.95,2178.65,3234.95,2216.65,3234.95,2236.65,3244.95,2264.65,3262.95,2292.65,3298.95,2292.65,3324.95,2260.65,3334.95,2234.65,3338.95,2202.65,3328.95,2176.65,3308.95,2150.6
2-108,Uninfected,No_comment,Polygon,14,3320.95,1796.5,3304.95,1812.55,3284.95,1818.55,3268.95,1840.55,3260.95,1858.55,3264.95,1892.55,3282.95,1914.55,3304.95,1926.55,3340.95,1916.55,3364.95,1896.55,3376.95,1870.55,3389,1844.55,3378.95,1810.55,3348.95,1786.5
2-109,Uninfected,No_comment,Polygon,19,3252.95,1950.55,3246.95,1958.55,3238.95,1974.55,3234.95,1996.6,3234.95,2022.6,3240.95,2044.6,3260.95,2062.6,3280.95,2078.6,3318.95,2088.6,3350.95,2084.6,3372.95,2070.6,3386.95,2052.6,3386.95,2020.6,3378.95,1988.6,3348.95,1960.55,3324.95,1946.55,3296.95,1938.55,3280.95,1938.55,3270.95,1938.55
2-110,Uninfected,No_comment,Polygon,16,3427,2092.6,3409,2102.6,3393,2110.6,3389,2124.6,3384.95,2146.6,3384.95,2172.65,3397,2188.65,3421,2208.65,3439,2208.65,3459,2212.65,3487,2196.65,3503,2182.65,3505,2152.6,3497,2124.6,3473,2106.6,3453,2096.6
2-111,Uninfected,No_comment,Polygon,16,3485,1972.55,3449,1990.6,3435,2012.6,3427,2036.6,3429,2060.6,3455,2080.6,3483,2092.6,3509,2098.6,3523,2090.6,3533,2080.6,3541,2068.6,3545,2056.6,3549,2032.6,3543,2008.6,3519,1984.55,3509,1980.55
2-112,Uninfected,No_comment,Polygon,17,3629.05,1864.55,3601.05,1888.55,3587.05,1912.55,3587.05,1938.55,3595.05,1970.55,3611.05,1992.6,3639.05,2000.6,3673.05,2008.6,3703.05,1996.6,3723.05,1978.55,3737.05,1958.55,3737.05,1938.55,3733.05,1912.55,3711.05,1882.55,3683.05,1872.55,3653.05,1866.55,3645.05,1866.55
2-113,Uninfected,No_comment,Polygon,11,3281,1699.95,3248.95,1707.5,3226.3,1722.6,3226.3,1750.9,3245.15,1790.5,3267.8,1805.5,3307.4,1797.95,3331.95,1771.65,3339.5,1750.9,3326.3,1720.6,3305.55,1703.75
2-114,Uninfected,No_comment,Polygon,12,3448.95,1590.55,3420.65,1596.2,3392.35,1611.3,3377.25,1628.15,3379.1,1662.2,3388.55,1696.2,3413.1,1709.4,3458.35,1701.85,3484.8,1675.45,3503.65,1645.25,3492.3,1603.75,3475.35,1588.65
2-115,Uninfected,No_comment,Polygon,11,3496.1,1705.5,3458.35,1715.05,3424.4,1732.05,3422.5,1756.55,3439.5,1779.2,3492.3,1797.95,3520.6,1792.4,3548.9,1779.2,3558.35,1756.55,3547.05,1726.35,3528.15,1713.05
2-116,Uninfected,No_comment,Polygon,13,3665.9,1732.05,3622.5,1752.8,3607.4,1782.95,3605.55,1805.5,3616.85,1826.25,3631.95,1843.35,3654.6,1850.9,3681,1850.9,3718.75,1833.8,3730.05,1815.05,3731.95,1777.2,3713.05,1748.9,3690.45,1739.6
2-117,Uninfected,No_comment,Polygon,14,3809.3,1788.65,3786.65,1794.3,3748.9,1822.6,3743.25,1849,3741.35,1873.55,3745.15,1901.85,3773.45,1926.25,3811.2,1933.8,3848.9,1915.05,3864,1892.4,3869.65,1858.45,3856.45,1824.5,3835.7,1799.95,3818.75,1794.3
2-118,Uninfected,No_comment,Polygon,12,3273.45,1384.85,3237.6,1401.85,3224.4,1424.5,3213.1,1475.45,3230.05,1503.75,3258.35,1530.15,3307.4,1520.6,3333.85,1499.85,3345.15,1475.45,3347.05,1450.9,3333.85,1418.85,3318.75,1401.85
2-119,Uninfected,No_comment,Polygon,13,3305.55,1213.2,3275.35,1237.7,3275.35,1260.35,3273.45,1286.65,3299.9,1320.7,3345.15,1339.6,3382.9,1328.25,3396.1,1307.4,3401.75,1284.9,3394.2,1258.35,3377.25,1230.05,3356.5,1218.85,3330.05,1209.4
2-120,Uninfected,No_comment,Polygon,14,3362.15,1481.1,3348.95,1501.85,3333.85,1520.6,3330.05,1543.35,3343.25,1571.65,3360.25,1594.3,3401.75,1596.2,3430.05,1581.1,3452.7,1566,3452.7,1532.05,3445.15,1499.85,3424.4,1481.1,3399.85,1469.8,3388.55,1475.45
2-121,Uninfected,No_comment,Polygon,11,3475.35,1371.55,3443.25,1390.55,3435.7,1407.4,3431.95,1435.7,3437.6,1466,3464,1483,3514.95,1488.65,3548.9,1462.25,3552.7,1430.15,3545.15,1396.2,3522.5,1383
2-122,Uninfected,No_comment,Polygon,13,3543.25,1243.35,3509.3,1256.55,3494.2,1269.8,3475.35,1296.2,3475.35,1314.95,3481,1335.8,3507.4,1356.55,3545.15,1369.8,3581,1352.8,3599.85,1328.25,3607.4,1301.85,3599.85,1269.8,3579.1,1250.8
2-123,Uninfected,No_comment,Polygon,14,3748.9,1313.2,3722.5,1318.85,3701.75,1335.8,3682.9,1354.7,3677.2,1388.65,3690.45,1416.95,3711.2,1435.7,3741.35,1439.6,3765.9,1437.7,3799.85,1422.6,3814.95,1384.85,3809.3,1345.25,3777.2,1313.2,3764,1311.3
2-124,Uninfected,No_comment,Polygon,16,3796.1,1630.15,3771.55,1643.35,3764,1666,3762.1,1694.3,3773.45,1716.95,3797.95,1743.35,3828.15,1752.8,3856.45,1754.65,3881,1748.9,3899.85,1733.9,3909.3,1703.75,3896.1,1673.55,3873.45,1647.15,3854.55,1645.25,3830.05,1630.15,3809.3,1630.15
2-125,Uninfected,No_comment,Polygon,14,3890.4,1532.05,3871.55,1545.25,3852.7,1558.45,3841.35,1579.2,3843.25,1603.75,3864,1626.35,3892.3,1637.7,3926.25,1635.8,3945.15,1624.5,3960.25,1611.3,3965.9,1590.55,3964,1567.9,3937.6,1550.9,3918.7,1541.45
2-126,Uninfected,No_comment,Polygon,11,3914.95,1162.25,3884.75,1169.8,3865.9,1181.1,3856.45,1205.65,3850.8,1233.95,3881,1258.35,3913.05,1267.9,3952.7,1264.1,3973.45,1245.25,3975.35,1199.95,3950.8,1169.8
2-127,Uninfected,No_comment,Polygon,14,4054.55,1137.6,4026.25,1154.7,4003.65,1179.2,3997.95,1222.5,4016.85,1254.7,4056.45,1264.1,4094.2,1264.1,4120.6,1262.25,4137.6,1241.5,4152.7,1222.5,4154.55,1207.5,4139.45,1175.45,4114.95,1160.35,4081,1145.25
2-128,Uninfected,No_comment,Polygon,15,4052.7,1366,4028.15,1373.55,4013.05,1383,4001.75,1405.65,3994.2,1432.05,3999.85,1462.25,4024.4,1490.55,4052.7,1499.85,4084.75,1501.85,4099.85,1486.75,4113.05,1466,4120.6,1439.6,4111.15,1401.85,4094.2,1379.1,4079.1,1371.55
2-129,Uninfected,No_comment,Polygon,13,4181,1371.55,4152.7,1390.55,4143.25,1407.4,4137.6,1435.7,4143.25,1469.8,4156.45,1481.1,4184.75,1479.2,4211.15,1473.55,4235.7,1466,4250.8,1452.8,4258.35,1428.25,4245.15,1381.1,4213.05,1369.8
2-130,Uninfected,No_comment,Polygon,14,4156.45,1628.15,4139.45,1639.6,4126.25,1664.1,4113.05,1694.3,4122.5,1718.8,4147,1739.6,4167.75,1750.9,4199.85,1750.9,4218.7,1737.7,4237.6,1716.95,4237.6,1679.2,4226.25,1643.35,4199.85,1632.05,4173.45,1632.05
2-131,Uninfected,No_comment,Polygon,14,3814.95,2390.5,3788.55,2409.25,3777.2,2426.35,3769.65,2458.4,3779.1,2484.85,3803.65,2516.9,3830.05,2528.25,3860.25,2530.1,3905.5,2515,3916.85,2490.5,3924.4,2460.3,3909.3,2420.7,3877.2,2399.95,3852.7,2390.5
2-132,Uninfected,No_comment,Polygon,11,2121.9,215.2,2106.75,224.3,2091.6,233.4,2073.4,269.8,2082.5,294.05,2103.7,324.35,2131,327.35,2179.5,318.3,2194.65,269.8,2188.6,242.5,2164.35,221.3
2-133,Uninfected,No_comment,Polygon,11,2728.15,30.3,2713,60.6,2697.85,84.85,2694.8,121.25,2719.05,145.5,2749.35,157.6,2776.65,148.55,2797.85,118.2,2806.95,66.7,2791.8,30.3,2755.45,21.2
2-134,Uninfected,No_comment,Polygon,12,3167.7,209.15,3146.45,212.2,3113.1,227.35,3101,245.55,3097.95,275.85,3097.95,309.2,3137.35,345.55,3164.65,354.65,3207.1,333.45,3222.25,294.05,3219.2,236.45,3191.95,212.2
2-135,Uninfected,No_comment,Polygon,10,3482.95,312.2,3446.55,330.4,3446.55,372.85,3467.8,415.3,3510.2,424.35,3555.7,406.2,3573.85,375.85,3564.8,336.45,3540.55,312.2,3510.2,306.15
2-136,Uninfected,No_comment,Polygon,11,3246.5,418.3,3219.2,442.55,3207.1,469.85,3201,509.25,3222.25,542.6,3258.6,554.7,3291.95,542.6,3319.25,515.3,3319.25,478.95,3288.95,430.45,3267.7,424.35
2-137,Uninfected,No_comment,Polygon,14,3664.8,536.55,3640.55,548.65,3621.25,560.5,3610.85,587.55,3604.6,614.65,3619.15,650.1,3637.9,666.75,3667.1,670.9,3700.45,656.35,3725.45,625.05,3735.85,595.9,3731.7,558.4,3702.5,535.5,3694.2,533.4
2-138,Uninfected,No_comment,Polygon,12,3227.45,656.35,3208.7,673,3200.35,695.9,3198.3,716.75,3202.45,745.9,3227.45,768.85,3262.9,770.9,3289.95,748,3304.55,723,3304.55,687.6,3267.05,656.35,3248.3,654.25
2-139,Uninfected,No_comment,Polygon,15,3394.15,639.65,3367.05,648,3346.2,662.6,3329.55,681.35,3327.45,706.35,3335.8,733.4,3362.9,748,3387.9,756.35,3406.65,756.35,3429.55,750.1,3454.55,735.5,3469.15,712.6,3473.3,670.9,3452.5,654.25,3425.4,641.75
2-140,Uninfected,No_comment,Polygon,12,3183.7,791.75,3156.6,802.2,3129.55,825.1,3123.3,843.85,3123.3,866.75,3133.7,889.7,3162.85,912.6,3217.05,912.6,3248.3,891.75,3260.8,858.45,3239.95,810.5,3200.35,795.95
2-141,Uninfected,No_comment,Polygon,12,3098.3,916.8,3075.35,931.35,3069.1,958.45,3073.25,987.6,3096.2,1018.85,3129.55,1027.2,3171.2,1023.05,3196.2,1000.1,3198.3,968.85,3179.55,933.45,3150.35,912.6,3129.55,914.7
2-142,Uninfected,No_comment,Polygon,17,3348.3,829.25,3308.7,850.1,3277.45,875.1,3262.9,906.35,3262.9,950.1,3283.7,977.2,3317.05,979.3,3339.95,975.1,3360.8,960.55,3373.3,945.95,3381.65,925.1,3385.8,900.1,3373.3,883.45,3367.05,866.75,3367.05,848,3362.9,835.5,3356.65,835.5
2-143,Uninfected,No_comment,Polygon,12,3402.5,770.9,3383.75,787.6,3373.3,804.25,3364.95,827.2,3375.4,856.35,3400.4,883.45,3429.55,893.85,3462.9,885.5,3479.55,856.35,3485.8,827.2,3469.15,800.1,3442.05,773
2-144,Uninfected,No_comment,Polygon,13,3562.9,735.5,3537.9,735.5,3512.9,743.85,3504.55,758.4,3498.3,783.45,3498.3,808.45,3512.9,845.95,3535.85,860.5,3575.4,852.2,3602.5,829.25,3608.75,806.35,3602.5,773,3596.25,754.25
2-145,Uninfected,No_comment,Polygon,14,3829.6,783.45,3802.55,791.75,3783.75,806.35,3777.5,835.5,3773.35,862.6,3787.95,887.6,3825.45,895.95,3848.35,893.85,3871.3,889.7,3892.1,868.85,3900.45,837.6,3892.1,806.35,3875.45,787.6,3848.35,783.45
2-146,Uninfected,No_comment,Polygon,13,3835.85,923.05,3804.6,935.55,3794.2,956.35,3781.7,983.45,3783.75,1010.55,3796.3,1033.45,3815.05,1052.2,3852.55,1056.4,3900.45,1031.35,3910.85,1000.1,3912.95,960.55,3896.3,937.6,3871.3,925.1
2-147,Uninfected,No_comment,Polygon,11,3658.75,885.5,3633.75,904.25,3619.15,916.8,3602.5,945.95,3604.6,975.1,3642.1,1004.3,3683.75,1006.35,3715,979.3,3721.25,948.05,3715,914.7,3685.85,887.6
2-148,Uninfected,No_comment,Polygon,12,3529.6,952.2,3512.9,966.8,3494.15,989.7,3479.55,1020.95,3485.8,1054.3,3510.85,1077.2,3558.75,1089.7,3583.75,1070.95,3602.5,1045.95,3604.6,1004.3,3579.6,966.8,3550.4,960.55
2-149,Uninfected,No_comment,Polygon,14,3387.9,1056.4,3369.15,1062.65,3354.55,1083.45,3350.4,1110.55,3356.65,1150.15,3390,1175.15,3417.05,1179.3,3444.15,1166.8,3462.9,1141.8,3469.15,1114.7,3454.55,1087.65,3437.9,1064.7,3423.3,1056.4,3415,1056.4