243,5312,2988
1-1,Parasitized,No_comment,Polygon,12,1833.95,1772.65,1808.9,1755.15,1796.4,1721.4,1807.65,1685.15,1833.95,1663.9,1883.95,1661.4,1920.2,1668.9,1949,1686.4,1947.75,1711.4,1923.95,1736.4,1903.95,1761.4,1862.7,1772.65
1-2,Parasitized,No_comment,Polygon,13,1428.9,1673.9,1392.65,1663.9,1372.65,1637.6,1356.35,1601.45,1358.85,1573.95,1383.9,1565.2,1410.15,1562.7,1446.4,1553.95,1482.65,1565.2,1502.7,1591.45,1500.2,1616.45,1491.45,1646.35,1461.4,1668.9
1-3,Parasitized,No_comment,Polygon,15,1508.95,1568.95,1492.7,1541.45,1498.95,1516.4,1517.7,1495.15,1538.95,1476.4,1558.95,1465.15,1581.45,1457.65,1608.95,1463.9,1616.45,1493.9,1620.2,1526.4,1613.95,1562.7,1592.7,1582.7,1570.2,1601.45,1546.45,1608.95,1511.45,1587.7
1-4,Parasitized,No_comment,Polygon,10,2599,1710.15,2587.75,1681.4,2584,1635.2,2630.25,1615.2,2664,1612.7,2702.75,1630.2,2725.25,1677.65,2715.25,1711.4,2682.75,1742.65,2647.75,1745.15
1-5,Parasitized,No_comment,Polygon,13,2690.25,1613.95,2677.75,1593.95,2677.75,1563.95,2692.75,1537.7,2715.25,1523.9,2746.55,1513.9,2776.55,1523.9,2812.8,1552.7,2827.8,1583.95,2816.55,1617.7,2791.55,1637.6,2752.8,1647.65,2716.5,1640.1
1-6,Parasitized,No_comment,Polygon,14,2291.5,1086.4,2320.25,1107.65,2351.5,1108.9,2371.5,1093.9,2380.25,1062.6,2377.75,1027.6,2351.5,993.85,2312.75,986.35,2271.45,1000.1,2261.45,1020.1,2247.7,1052.6,2255.2,1085.15,2272.7,1095.15,2289,1093.9
1-7,Parasitized,No_comment,Polygon,13,3610.4,2097.65,3625.4,2121.4,3650.4,2131.45,3679.2,2130.2,3701.7,2115.15,3715.45,2088.9,3704.2,2039,3672.95,2011.45,3625.4,2007.7,3586.65,2025.25,3577.9,2046.5,3577.9,2074,3607.9,2093.9
1-8,Parasitized,No_comment,Polygon,16,3762.95,1203.8,3754.2,1173.9,3756.7,1140.15,3775.45,1123.9,3795.45,1115.15,3811.7,1106.35,3832.95,1085.1,3847.95,1077.6,3867.95,1093.85,3881.7,1118.9,3904.15,1146.4,3902.9,1180.15,3895.4,1210.05,3865.45,1217.55,3834.2,1226.35,3790.45,1220.05
1-9,Parasitized,No_comment,Polygon,13,3681.65,887.55,3660.4,865.05,3661.65,836.3,3675.4,803.8,3697.9,773.75,3717.9,786.3,3764.15,791.3,3782.9,810.05,3785.4,840.05,3791.65,857.55,3765.4,881.3,3725.4,897.55,3690.4,896.3
1-10,Parasitized,No_comment,Polygon,11,2451.5,703.85,2409,695.1,2385.25,673.85,2370.25,630.05,2357.75,608.8,2376.5,592.55,2416.5,585.05,2459,576.3,2497.75,610.05,2512.75,651.3,2495.25,686.35
1-11,Parasitized,No_comment,Polygon,11,2640.25,451.25,2616.5,415,2617.75,377.5,2641.5,331.25,2660.3,321.2,2712.8,329.95,2731.55,351.25,2746.55,373.75,2756.55,413.75,2734.05,430,2707.8,445
1-12,Uninfected,No_comment,Polygon,11,3132,1879.35,3096.65,1858.7,3085.65,1826.95,3091.75,1801.3,3113.7,1783,3130.8,1757.4,3163.7,1759.9,3214.95,1786.7,3219.8,1830.65,3205.15,1867.15,3157.6,1880.65
1-13,Uninfected,No_comment,Polygon,12,3196.65,1759.9,3171,1746.45,3147.85,1719.6,3142.95,1684.25,3161.2,1653.8,3184.45,1642.75,3223.4,1645.2,3249.1,1659.9,3260.05,1692.75,3266.15,1730.55,3260.05,1752.55,3234.45,1767.15
1-14,Uninfected,No_comment,Polygon,10,2975.9,1775.7,2933.2,1763.5,2916.05,1734.3,2916.05,1695.2,2946.55,1670.8,2985.65,1661.05,3022.25,1662.3,3050.3,1695.2,3047.85,1722.1,3025.9,1759.9
1-15,Uninfected,No_comment,Polygon,10,2908.8,1914.8,2879.55,1887.9,2875.85,1844,2899.05,1818.45,2927.1,1804.95,2964.9,1804.95,2988.1,1826.95,2996.55,1869.6,2989.3,1895.2,2957.6,1903.75
1-16,Uninfected,No_comment,Polygon,10,2911.25,1983.1,2916.05,1963.5,2941.75,1928.15,2982,1914.8,3021,1923.3,3041.75,1956.2,3042.9,1991.6,3022.25,2029.45,2984.35,2036.7,2945.4,2024.5
1-17,Uninfected,No_comment,Polygon,10,3025.9,2120.85,3013.7,2086.7,3024.6,2050.1,3061.25,2019.65,3106.4,2030.6,3130.8,2062.3,3130.8,2114.75,3123.45,2152.55,3095.4,2157.5,3047.85,2141.65
1-18,Uninfected,No_comment,Polygon,10,3202.75,2012.3,3167.3,1987.9,3156.4,1950.1,3161.2,1914.8,3178.35,1898.95,3206.4,1891.55,3240.55,1898.95,3269.75,1945.25,3268.6,1973.3,3239.3,1997.65
1-19,Uninfected,No_comment,Polygon,10,3250,1398.8,3233.05,1375.6,3231.55,1331.05,3260.75,1291,3288.45,1281.85,3337.7,1286.35,3348.5,1311.05,3352.15,1356.55,3337.7,1389.45,3306.95,1403.3
1-20,Uninfected,No_comment,Polygon,10,3370.05,1504.9,3351.55,1486.4,3360.8,1448,3385.4,1421.8,3419.25,1409.5,3454.65,1421.8,3473.15,1455.7,3473.15,1489.55,3445.45,1517.25,3413.1,1521.8
1-21,Uninfected,No_comment,Polygon,10,3416.2,1364.95,3385.4,1343.3,3379.25,1312.55,3386.95,1274.05,3426.95,1252.5,3476.2,1251,3505.45,1274.05,3513.15,1318.7,3496.2,1363.3,3457.75,1374.1
1-22,Uninfected,No_comment,Polygon,9,3547,1341.75,3545.45,1303.4,3551.6,1264.85,3585.45,1248,3616.25,1248,3643.95,1281.85,3643.95,1334.05,3625.45,1349.45,3594.7,1357.15
1-23,Uninfected,No_comment,Polygon,9,3548.55,1443.35,3551.6,1414.15,3577.75,1386.45,3619.3,1383.3,3660.85,1404.85,3676.25,1424.85,3671.65,1471.05,3647,1477.2,3591.6,1478.7
1-24,Uninfected,No_comment,Polygon,10,3493.15,1563.35,3500.85,1538.75,3516.2,1504.9,3557.75,1494.1,3617.8,1511.1,3639.3,1544.95,3640.85,1594.15,3622.4,1618.75,3576.25,1621.85,3530.05,1595.65
1-25,Uninfected,No_comment,Polygon,10,3457.75,1745,3434.65,1720.3,3426.95,1688.1,3440.8,1660.4,3465.45,1644.9,3511.6,1655.7,3525.45,1677.25,3531.6,1712.6,3522.35,1738.8,3494.65,1748
1-26,Uninfected,No_comment,Polygon,9,3519.3,1661.9,3542.35,1648.05,3565.45,1646.55,3591.6,1648.05,3616.25,1672.6,3623.95,1706.45,3607,1735.7,3570.05,1743.5,3527,1732.65
1-27,Uninfected,No_comment,Polygon,10,3448.5,1866.5,3416.2,1848.1,3416.2,1806.55,3420.8,1780.35,3448.5,1771.2,3477.75,1771.2,3517.75,1789.55,3527,1814.2,3517.75,1844.95,3485.45,1864.95
1-28,Uninfected,No_comment,Polygon,12,3311.55,1737.3,3293.1,1721.85,3283.85,1688.1,3279.25,1651.05,3288.45,1623.35,3311.55,1608,3340.8,1608,3370.05,1644.9,3388.5,1674.25,3380.8,1714.15,3354.65,1738.8,3322.3,1741.85
1-29,Uninfected,No_comment,Polygon,10,3163.8,1628.05,3128.45,1612.7,3105.35,1572.65,3129.95,1514.1,3156.15,1495.75,3200.75,1501.8,3230,1521.8,3234.6,1569.5,3225.4,1612.7,3186.9,1623.35
1-30,Uninfected,No_comment,Polygon,10,3056.1,1538.75,3028.4,1512.6,3025.35,1463.35,3049.95,1438.7,3073.05,1423.35,3113.05,1429.5,3129.95,1451,3133.05,1491.05,3120.75,1526.45,3079.2,1544.95
1-31,Uninfected,No_comment,Polygon,12,2968.4,1574.15,2994.55,1560.3,3011.5,1538.75,3011.5,1503.4,2991.5,1483.4,2962.25,1474.1,2939.15,1477.2,2909.9,1503.4,2908.4,1547.95,2919.15,1571.15,2943.75,1577.2,2968.4,1575.65
1-32,Uninfected,No_comment,Polygon,10,2848.35,1766.5,2806.8,1751.15,2780.65,1706.45,2789.9,1668.1,2820.65,1646.55,2846.85,1649.55,2876.05,1672.6,2896.05,1701.95,2899.15,1731.15,2885.3,1754.15
1-33,Uninfected,No_comment,Polygon,12,2822.2,1900.35,2791.45,1878.8,2759.1,1848.1,2759.1,1805.05,2771.4,1780.35,2794.5,1775.7,2826.8,1778.85,2859.15,1795.7,2868.35,1815.75,2866.85,1846.6,2863.75,1877.3,2846.85,1900.35
1-34,Uninfected,No_comment,Polygon,11,3285.4,2034.25,3282.3,1997.3,3299.25,1958.85,3330,1946.5,3377.7,1965.05,3405.4,2003.45,3410.05,2040.45,3397.7,2066.65,3365.4,2082,3326.95,2074.3,3290,2041.95
1-35,Uninfected,No_comment,Polygon,10,3413.1,1940.35,3443.9,1922,3476.2,1920.35,3513.15,1928.05,3539.3,1952.7,3536.2,1986.55,3511.6,2020.4,3454.65,2028.1,3434.65,2009.6,3414.65,1958.85
1-36,Uninfected,No_comment,Polygon,13,3754.75,2117.35,3736.25,2097.35,3736.25,2052.8,3757.8,2015.75,3783.95,2000.4,3814.75,1992.75,3845.5,1994.25,3860.9,2034.25,3876.3,2068.15,3859.35,2094.35,3822.45,2109.7,3797.8,2117.35,3779.35,2126.55
1-37,Uninfected,No_comment,Polygon,12,3876.3,2006.6,3897.85,1985.05,3925.55,1963.55,3953.25,1952.7,3977.85,1946.5,4020.95,1951.2,4057.9,1978.9,4040.95,1995.75,4013.25,2020.4,3987.1,2028.1,3950.15,2034.25,3894.75,2021.95
1-38,Uninfected,No_comment,Polygon,10,3540.85,2174.25,3497.75,2160.4,3485.45,2109.7,3500.85,2078.85,3534.7,2071.15,3584.25,2073,3610.1,2109.7,3613.15,2140.4,3602.4,2169.75,3571.6,2181.95
1-39,Uninfected,No_comment,Polygon,11,3254.6,2183.6,3213.05,2165.05,3194.6,2134.25,3191.5,2100.4,3211.55,2075.8,3236.15,2066.65,3277.7,2068.15,3306.95,2094.35,3313.1,2126.55,3306.95,2161.95,3276.15,2174.25
1-40,Uninfected,No_comment,Polygon,13,2708.35,1951.2,2685.25,1938.85,2657.55,1922,2645.25,1906.5,2648.3,1875.8,2666.8,1849.6,2702.2,1844.95,2740.65,1857.25,2766.8,1875.8,2765.25,1895.8,2759.1,1905,2752.95,1935.85,2743.75,1958.85
1-41,Uninfected,No_comment,Polygon,9,2583.7,1857.25,2556,1831.1,2552.9,1788.05,2571.4,1755.7,2616,1751.15,2657.55,1780.35,2668.3,1820.4,2656,1841.9,2623.7,1858.8
1-42,Uninfected,No_comment,Polygon,10,2479.05,1897.3,2449.8,1886.5,2417.5,1863.45,2414.4,1815.75,2435.95,1783.4,2499.05,1775.7,2532.9,1803.4,2545.2,1848.1,2540.6,1877.3,2509.8,1892.65
1-43,Uninfected,No_comment,Polygon,10,2423.65,1728,2397.5,1701.95,2406.7,1641.9,2423.65,1615.7,2460.6,1604.9,2509.8,1618.75,2525.2,1654.25,2512.9,1700.3,2486.75,1732.65,2446.75,1732.65
1-44,Uninfected,No_comment,Polygon,10,2337.5,1718.8,2314.4,1703.45,2285.15,1671.1,2285.15,1626.55,2300.55,1604.9,2334.4,1603.35,2369.8,1618.75,2391.35,1646.55,2391.35,1689.6,2365.2,1708
1-45,Uninfected,No_comment,Polygon,12,2375.95,1592.65,2348.25,1580.3,2329.8,1555.65,2325.15,1524.9,2337.5,1491.05,2360.55,1478.7,2382.1,1477.2,2420.55,1492.55,2445.2,1523.45,2446.75,1575.65,2425.2,1594.15,2397.5,1598.85
1-46,Uninfected,No_comment,Polygon,10,2448.25,1509.6,2428.25,1471.05,2426.75,1429.5,2468.3,1389.45,2506.75,1387.95,2528.3,1400.3,2543.7,1431,2540.6,1468.05,2519.05,1501.8,2489.8,1512.6
1-47,Uninfected,No_comment,Polygon,10,2160.5,1641.9,2108.2,1632.7,2068.2,1585,2088.2,1544.95,2122.05,1509.6,2160.5,1511.1,2199,1531.1,2214.35,1557.3,2215.9,1597.2,2205.15,1624.9
1-48,Uninfected,No_comment,Polygon,11,2175.9,1738.8,2166.65,1709.6,2182.05,1658.75,2203.6,1648.05,2229.75,1646.55,2266.7,1664.9,2275.9,1711.1,2277.45,1741.85,2257.45,1766.5,2234.4,1771.2,2200.5,1761.85
1-49,Uninfected,No_comment,Polygon,12,2155.9,1889.65,2145.1,1863.45,2145.1,1826.55,2177.45,1791.2,2228.2,1789.55,2251.3,1805.05,2275.9,1840.4,2275.9,1878.8,2255.9,1908.15,2225.15,1914.2,2189.75,1912.65,2168.2,1902
1-50,Uninfected,No_comment,Polygon,11,2092.8,1783.4,2071.25,1772.65,2055.85,1748,2054.35,1720.3,2060.5,1691.1,2080.5,1678.75,2108.2,1675.75,2152.8,1698.75,2162.05,1746.5,2151.3,1772.65,2126.65,1788.05
1-51,Uninfected,No_comment,Polygon,11,1978.95,1829.55,1940.45,1811.1,1914.3,1786.5,1922,1758.85,1946.6,1729.65,1972.8,1717.3,2009.7,1721.85,2045.1,1751.15,2048.2,1781.85,2026.65,1815.75,2005.1,1832.75
1-52,Uninfected,No_comment,Polygon,12,1825.05,1564.95,1780.4,1541.8,1768.1,1520.25,1777.35,1481.9,1795.8,1469.55,1831.2,1451,1854.3,1440.35,1889.7,1452.55,1900.45,1483.4,1895.85,1515.75,1874.2,1548.05,1849.65,1565.05
1-53,Uninfected,No_comment,Polygon,11,2045.1,1517.25,2005.1,1494.1,2003.55,1452.55,2020.5,1420.35,2051.25,1403.3,2083.55,1406.5,2112.8,1431,2135.9,1441.85,2138.95,1486.4,2106.65,1503.4,2068.2,1517.25
1-54,Uninfected,No_comment,Polygon,11,2149.75,1398.8,2146.65,1357.15,2145.1,1326.4,2160.5,1317.2,2205.15,1309.55,2232.85,1318.7,2252.85,1344.9,2254.4,1381.8,2229.75,1414.15,2205.15,1420.35,2177.45,1415.65
1-55,Uninfected,No_comment,Polygon,11,2186.65,1289.55,2182.05,1264.85,2189.75,1220.3,2215.9,1207.95,2234.4,1206.45,2265.15,1217.1,2283.6,1238.65,2288.25,1283.35,2266.7,1307.9,2234.4,1307.9,2202.05,1298.7
1-56,Uninfected,No_comment,Polygon,11,2348.25,1304.85,2335.95,1291,2342.1,1254.05,2355.95,1235.65,2375.95,1227.95,2403.65,1227.95,2455.95,1254.05,2463.65,1295.7,2442.1,1331.05,2405.2,1343.3,2371.35,1331.05
1-57,Uninfected,No_comment,Polygon,12,2491.35,1258.65,2457.5,1244.8,2440.6,1207.95,2428.25,1181.75,2435.95,1160.2,2485.2,1137.2,2514.45,1134.05,2556,1152.55,2572.9,1186.4,2566.75,1224.8,2540.6,1248,2516,1258.65
1-58,Uninfected,No_comment,Polygon,9,2583.7,1317.2,2577.55,1272.5,2586.75,1237.15,2617.55,1221.8,2646.8,1223.3,2691.4,1263.35,2694.5,1300.2,2672.95,1323.4,2643.7,1338.75
1-59,Uninfected,No_comment,Polygon,9,2660.65,1198.65,2626.8,1158.75,2625.25,1109.4,2657.55,1083.3,2700.65,1080.15,2740.65,1098.65,2754.5,1140.2,2739.1,1177.1,2714.5,1195.6
1-60,Uninfected,No_comment,Polygon,11,2765.25,1258.65,2777.6,1221.8,2800.65,1186.4,2826.8,1167.9,2860.7,1175.6,2886.85,1210.95,2880.7,1255.65,2866.85,1289.55,2837.6,1311.05,2803.75,1303.4,2774.5,1286.35
1-61,Uninfected,No_comment,Polygon,12,2762.2,1483.4,2759.1,1444.85,2774.5,1401.8,2794.5,1381.8,2823.75,1384.95,2854.5,1411,2869.9,1444.85,2863.75,1478.7,2856.05,1503.4,2831.45,1521.8,2797.6,1520.25,2772.95,1497.25
1-62,Uninfected,No_comment,Polygon,12,2922.25,1163.25,2922.25,1140.2,2946.85,1111,2966.85,1092.5,2999.15,1086.3,3022.25,1097.15,3040.7,1120.2,3043.8,1149.4,3036.1,1181.75,2997.65,1197.1,2951.45,1190.95,2937.6,1177.1
1-63,Uninfected,No_comment,Polygon,11,3131.5,1280.2,3119.2,1246.35,3117.65,1210.95,3139.2,1189.45,3157.65,1181.75,3190,1181.75,3214.6,1195.6,3230,1227.95,3230,1251,3210,1277.15,3166.9,1291
1-64,Uninfected,No_comment,Polygon,13,3273.1,1258.65,3259.25,1232.5,3251.55,1183.25,3273.1,1163.25,3291.55,1146.35,3310,1137.2,3333.1,1137.2,3363.85,1157.1,3385.4,1194.1,3390.05,1224.8,3360.8,1252.5,3339.25,1263.35,3311.55,1264.85
1-65,Uninfected,No_comment,Polygon,11,3417.75,1187.9,3426.95,1137.2,3448.5,1117.2,3490.05,1114,3531.6,1127.85,3545.45,1161.75,3553.15,1195.6,3547,1220.3,3519.3,1238.65,3482.35,1241.8,3440.8,1215.6
1-66,Uninfected,No_comment,Polygon,11,3313.1,1092.5,3288.45,1092.5,3259.25,1072.5,3245.4,1038.6,3245.4,1001.75,3268.45,975.55,3290,961.7,3320.8,964.75,3366.95,995.55,3366.95,1035.6,3348.5,1070.95
1-67,Uninfected,No_comment,Polygon,10,3202.3,992.45,3213.05,955.5,3191.5,914,3174.6,895.5,3140.75,897.15,3116.1,921.65,3116.1,952.5,3120.75,984.75,3148.45,1010.9,3174.6,1004.75
1-68,Uninfected,No_comment,Polygon,11,2679.1,1012.45,2652.95,990.9,2646.8,949.35,2660.65,918.65,2689.85,906.3,2722.2,904.8,2752.95,938.65,2757.55,975.55,2757.55,1004.75,2732.95,1021.75,2689.85,1026.3
1-69,Uninfected,No_comment,Polygon,12,2446.75,1095.55,2437.5,1063.3,2445.2,1034.1,2465.2,1009.4,2502.15,1003.25,2528.3,1003.25,2565.2,1023.25,2582.15,1063.3,2569.85,1092.5,2546.75,1101.7,2516,1107.85,2483.65,1107.85
1-70,Uninfected,No_comment,Polygon,12,2052.8,1300.2,2029.7,1301.75,1977.4,1278.7,1966.6,1234.15,1982,1204.8,2005.1,1190.95,2028.15,1178.75,2058.95,1187.9,2091.25,1218.65,2094.35,1254.05,2086.65,1280.2,2071.25,1294.05
1-71,Uninfected,No_comment,Polygon,11,1906.6,1441.85,1880.45,1428,1871.2,1395.65,1871.2,1364.95,1895.85,1335.6,1949.7,1318.7,1989.7,1326.4,2003.55,1361.75,2006.65,1397.15,1982,1426.5,1952.75,1444.85
1-72,Uninfected,No_comment,Polygon,17,2229.75,1189.45,2211.3,1175.6,2189.75,1143.25,2189.75,1118.7,2182.05,1091,2195.9,1074,2214.35,1063.3,2234.4,1063.3,2262.05,1092.5,2279,1101.7,2305.15,1118.7,2322.1,1135.55,2329.8,1170.95,2317.45,1190.95,2295.95,1203.25,2263.6,1198.65,2240.55,1190.95
1-73,Uninfected,No_comment,Polygon,12,2057.4,1120.2,2043.55,1101.7,2034.35,1063.3,2042,1035.6,2071.25,1010.9,2091.25,1004.75,2128.2,1018.6,2145.1,1041.8,2149.75,1074,2142.05,1111,2120.5,1129.4,2085.1,1131.05
1-74,Uninfected,No_comment,Polygon,14,2212.85,1014.1,2191.3,1007.9,2169.75,994.05,2169.75,975.55,2195.9,952.5,2243.6,934,2274.4,920.15,2297.45,912.45,2322.1,921.65,2332.85,940.15,2320.55,955.5,2289.75,975.55,2255.9,990.9,2243.6,1001.75
1-75,Uninfected,No_comment,Polygon,11,2383.65,998.6,2360.55,975.55,2351.35,938.65,2363.65,903.3,2400.55,884.8,2420.55,881.65,2463.65,909.35,2474.45,946.35,2465.2,972.55,2437.5,1000.25,2419.05,1003.25
1-76,Uninfected,No_comment,Polygon,12,1917.4,1215.6,1882,1192.6,1862,1169.4,1865.05,1146.35,1878.9,1109.4,1898.9,1095.55,1931.25,1097.15,1966.6,1117.2,1983.55,1146.35,1983.55,1174.05,1969.7,1200.25,1946.6,1207.95
1-77,Uninfected,No_comment,Polygon,11,1795.8,1214.1,1754.25,1210.95,1732.7,1195.6,1723.5,1174.05,1732.7,1141.7,1765.05,1117.2,1794.25,1114,1832.75,1137.2,1838.9,1169.4,1826.6,1204.8,1811.2,1212.5
1-78,Uninfected,No_comment,Polygon,14,1843.5,1280.2,1829.65,1266.35,1821.95,1244.8,1834.3,1214.1,1852.75,1204.8,1895.85,1217.1,1932.75,1230.95,1943.55,1251,1955.85,1268,1960.45,1287.9,1955.85,1304.85,1928.15,1311.05,1888.15,1309.55,1871.2,1297.2
1-79,Uninfected,No_comment,Polygon,13,1732.7,1446.4,1717.35,1428,1714.25,1401.8,1718.85,1377.15,1735.8,1360.25,1755.8,1351.1,1791.2,1352.6,1825.05,1357.15,1854.3,1380.3,1854.3,1411,1828.15,1432.55,1794.25,1458.7,1757.35,1457.2
1-80,Uninfected,No_comment,Polygon,10,1671.15,1357.15,1617.3,1358.75,1585,1318.7,1572.7,1284.85,1575.75,1261.85,1623.45,1255.65,1658.85,1254.05,1711.2,1291,1709.65,1315.6,1692.7,1341.75
1-81,Uninfected,No_comment,Polygon,12,2741.65,2298.1,2719.35,2259.25,2715.85,2220.4,2731.1,2194.55,2756.95,2173.35,2788.8,2176.9,2817,2200.4,2827.55,2235.7,2827.55,2273.4,2817,2295.75,2779.3,2306.3,2745.25,2305.2
1-82,Uninfected,No_comment,Polygon,11,2727.6,2398.1,2724,2375.8,2741.65,2354.55,2772.3,2336.9,2807.55,2334.55,2827.55,2351.05,2835.85,2373.45,2840.55,2409.85,2822.9,2436.95,2793.5,2446.35,2747.6,2432.25
1-83,Uninfected,No_comment,Polygon,14,2869.95,2452.25,2832.3,2461.7,2805.25,2487.55,2797,2527.6,2799.35,2558.15,2825.2,2581.65,2853.5,2587.55,2881.75,2587.55,2907.65,2567.55,2931.1,2536.95,2927.65,2498.15,2915.75,2469.9,2894.7,2458.1,2868.8,2453.4
1-84,Uninfected,No_comment,Polygon,11,2998.25,2392.2,2979.4,2368.7,2973.5,2327.5,2997,2298.1,3021.75,2285.2,3057.05,2292.2,3081.8,2319.25,3091.2,2348.7,3090,2374.55,3065.3,2396.95,3027.65,2401.65
1-85,Uninfected,No_comment,Polygon,12,2871.15,2305.2,2851.15,2274.55,2851.15,2225.15,2878.15,2186.35,2904.1,2182.75,2951.1,2198.05,2975.9,2218.05,2987.65,2253.35,2978.25,2287.55,2952.35,2315.75,2915.8,2315.75,2885.25,2311.05
1-86,Uninfected,No_comment,Polygon,13,2780.55,2108.65,2740.55,2102.75,2713.45,2067.5,2715.85,2054.5,2729.95,2028.6,2744,1998.05,2771.15,1988.6,2808.8,1987.45,2833.5,2006.25,2837.05,2053.35,2831.15,2072.15,2812.25,2094.5,2786.45,2102.75
1-87,Uninfected,No_comment,Polygon,12,2587.5,2180.4,2591.1,2142.75,2619.35,2113.4,2651.1,2100.45,2691.05,2103.95,2717,2126.3,2724,2156.9,2712.3,2193.35,2681.7,2222.8,2649.95,2229.85,2602.8,2214.55,2588.75,2198.05
1-88,Uninfected,No_comment,Polygon,12,2453.4,2323.95,2441.65,2291.05,2442.85,2271,2453.4,2248.65,2485.2,2226.3,2509.9,2226.3,2547.55,2248.65,2562.85,2281.6,2558.15,2312.2,2541.65,2335.8,2501.6,2341.65,2472.25,2334.55
1-89,Uninfected,No_comment,Polygon,11,2485.2,2206.3,2460.5,2187.5,2458.15,2158.05,2475.8,2116.85,2498.15,2109.8,2535.8,2108.65,2562.85,2123.95,2580.5,2167.45,2573.45,2198.05,2555.8,2207.5,2515.8,2212.2
1-90,Uninfected,No_comment,Polygon,14,2495.8,2467.55,2498.15,2498.15,2505.2,2514.65,2519.25,2521.65,2536.9,2524,2564.05,2522.85,2585.15,2509.95,2601.7,2474.65,2602.8,2453.4,2598.15,2425.15,2566.4,2415.75,2529.85,2425.15,2505.15,2436.95,2493.45,2460.45
1-91,Uninfected,No_comment,Polygon,14,2595.8,2419.3,2606.4,2396.95,2642.85,2381.65,2653.4,2376.95,2674.65,2381.65,2705.25,2392.2,2719.35,2421.7,2721.65,2449.9,2717,2473.4,2697,2477,2668.75,2484,2648.75,2498.15,2621.7,2498.15,2600.5,2472.25
1-92,Uninfected,No_comment,Polygon,13,2494.6,2640.5,2480.5,2605.2,2491.05,2578.2,2512.25,2554.6,2539.3,2551.1,2564.05,2551.1,2582.85,2538.15,2609.9,2549.9,2625.2,2582.9,2615.8,2607.55,2584.05,2640.5,2553.45,2653.45,2507.55,2652.3
1-93,Uninfected,No_comment,Polygon,11,2388.7,2698.15,2352.2,2665.2,2345.1,2631.15,2355.75,2592.25,2385.15,2572.25,2424,2568.75,2451,2586.4,2466.3,2637,2459.3,2669.95,2429.9,2691.1,2408.7,2700.5
1-94,Uninfected,No_comment,Polygon,10,2308.7,2540.5,2282.8,2515.8,2279.2,2472.25,2293.4,2445.2,2316.9,2424.05,2360.4,2422.8,2396.95,2451.05,2402.8,2494.65,2379.3,2533.45,2335.75,2544
1-95,Uninfected,No_comment,Polygon,11,2186.3,2412.25,2154.55,2406.4,2134.55,2381.65,2126.3,2320.5,2132.2,2287.55,2155.65,2280.45,2192.2,2281.6,2227.5,2305.2,2232.2,2338.15,2232.2,2380.45,2219.25,2402.8
1-96,Uninfected,No_comment,Polygon,13,2269.85,2191,2248.65,2165.1,2241.55,2147.45,2239.25,2101.6,2251,2080.45,2273.4,2061.55,2311.05,2060.45,2335.75,2076.85,2352.2,2112.15,2353.4,2148.7,2346.35,2181.65,2312.15,2195.7,2289.85,2199.3
1-97,Uninfected,No_comment,Polygon,10,2382.75,2141.6,2358.1,2091,2366.35,2061.55,2385.15,2028.6,2416.95,2030.95,2442.85,2034.5,2462.85,2066.3,2456.95,2102.75,2440.45,2135.75,2418.05,2143.95
1-98,Uninfected,No_comment,Polygon,12,2078.05,2085.1,2039.15,2095.75,2015.7,2075.7,2007.45,2046.25,2016.8,2016.85,2038.05,1995.65,2080.4,1986.25,2107.4,1995.65,2122.7,2026.25,2123.95,2053.35,2098,2079.25,2076.85,2088.65
1-99,Uninfected,No_comment,Polygon,12,1888.6,2153.4,1875.65,2127.45,1875.65,2087.45,1894.5,2065.15,1926.25,2056.85,1955.65,2056.85,1982.75,2069.8,1996.85,2103.95,1989.8,2133.4,1967.45,2161.6,1927.45,2166.35,1903.9,2159.25
1-100,Uninfected,No_comment,Polygon,11,1863.9,2347.5,1827.35,2331.05,1815.65,2281.6,1829.7,2249.9,1854.45,2223.95,1892.15,2218.05,1928.6,2226.3,1950.9,2253.35,1948.55,2286.3,1940.35,2321.6,1900.3,2351.05
1-101,Uninfected,No_comment,Polygon,12,1921.55,2453.4,1917.95,2426.4,1933.25,2393.45,1948.55,2382.8,1993.35,2371.1,2021.5,2378.1,2043.9,2420.45,2043.9,2442.8,2025.1,2475.75,2007.45,2487.55,1973.3,2487.55,1929.8,2473.4
1-102,Uninfected,No_comment,Polygon,13,1858,2576.95,1856.85,2552.25,1862.65,2513.45,1882.65,2495.75,1908.6,2493.4,1941.55,2493.4,1983.85,2500.5,1994.5,2531.1,1988.6,2560.55,1968.55,2593.5,1935.6,2604.05,1893.3,2600.55,1872.1,2585.2
1-103,Uninfected,No_comment,Polygon,12,2058.05,2556.95,2048.65,2533.45,2055.7,2500.5,2071,2474.65,2096.9,2457,2127.45,2448.7,2159.25,2448.7,2180.4,2473.4,2170.95,2507.6,2135.7,2553.45,2091,2571.1,2068.65,2568.75
1-104,Uninfected,No_comment,Polygon,10,2604.05,2724.05,2581.7,2697.05,2585.15,2652.3,2601.7,2634.65,2639.35,2618.2,2678.15,2619.35,2688.7,2648.8,2692.3,2695.8,2666.4,2724.05,2632.3,2734.7
1-105,Uninfected,No_comment,Polygon,12,2965.3,2691.1,2950,2658.15,2950,2615.85,2971.15,2593.5,3005.3,2588.75,3031.2,2592.25,3060.6,2614.6,3068.85,2653.45,3073.55,2682.85,3054.65,2707.6,3028.85,2711.1,2998.25,2706.4
1-106,Uninfected,No_comment,Polygon,12,3111.2,2687.6,3091.2,2666.45,3086.5,2626.4,3097.1,2594.6,3132.4,2579.3,3166.5,2579.3,3195.9,2599.35,3205.35,2629.9,3206.45,2672.3,3185.35,2689.95,3147.7,2699.4,3127.65,2699.4
1-107,Uninfected,No_comment,Polygon,11,3113.55,2526.35,3084.15,2485.2,3078.25,2455.75,3088.85,2419.3,3106.5,2396.95,3138.2,2386.35,3171.15,2395.75,3195.9,2427.55,3198.3,2479.35,3186.45,2504,3154.75,2526.35
1-108,Uninfected,No_comment,Polygon,11,3260.65,2426.4,3237.1,2391.1,3227.7,2364,3233.6,2331.05,3257.05,2302.85,3279.45,2294.55,3314.75,2319.25,3330,2367.5,3320.65,2398.1,3311.25,2421.7,3292.35,2429.9
1-109,Uninfected,No_comment,Polygon,11,3126.5,2366.35,3112.4,2341.65,3105.25,2294.55,3122.9,2259.25,3162.95,2229.85,3199.45,2232.25,3231.2,2269.9,3225.35,2307.55,3213.55,2347.5,3194.75,2367.5,3158.25,2372.2
1-110,Uninfected,No_comment,Polygon,11,3346.55,2172.2,3340.65,2136.9,3351.25,2111,3386.55,2091,3427.75,2089.8,3457.15,2108.65,3471.25,2140.4,3465.4,2169.85,3432.45,2192.2,3395.9,2205.15,3360.6,2187.5
1-111,Uninfected,No_comment,Polygon,12,3386.55,2336.9,3427.75,2318.15,3452.45,2306.3,3496,2305.2,3532.4,2312.2,3547.7,2328.7,3559.55,2361.65,3534.75,2398.1,3488.9,2409.85,3433.6,2409.85,3406.55,2388.75,3387.75,2355.8
1-112,Uninfected,No_comment,Polygon,11,3433.6,2473.4,3448.85,2432.25,3479.45,2420.45,3514.75,2416.95,3568.95,2428.75,3579.55,2455.75,3580.7,2488.7,3552.4,2509.95,3517.1,2519.3,3486.55,2518.15,3443.05,2492.3
1-113,Uninfected,No_comment,Polygon,13,3440.7,2596.95,3452.45,2573.45,3476,2553.45,3503.05,2538.15,3533.65,2538.15,3563.05,2555.8,3571.3,2586.4,3567.7,2609.9,3566.6,2634.65,3551.3,2651.15,3500.7,2657,3466.5,2652.3,3439.5,2618.2
1-114,Uninfected,No_comment,Polygon,12,3321.85,2626.4,3314.75,2607.55,3307.65,2578.2,3328.9,2544,3355.95,2536.95,3394.8,2545.25,3415.9,2569.9,3427.75,2601.7,3426.55,2632.25,3410.1,2651.15,3374.8,2654.65,3346.55,2648.8
1-115,Uninfected,No_comment,Polygon,15,3433.6,2721.7,3433.6,2694.65,3451.25,2669.95,3467.75,2665.2,3501.8,2666.45,3530.05,2669.95,3560.7,2677,3574.8,2702.9,3577.2,2725.25,3560.7,2746.4,3537.15,2752.35,3512.45,2762.9,3483.05,2770,3447.75,2752.35,3434.8,2732.35
1-116,Uninfected,No_comment,Polygon,11,3292.35,2758.2,3292.35,2729.95,3303,2700.5,3325.3,2680.5,3357.15,2672.3,3388.9,2681.75,3414.8,2709.95,3418.3,2741.7,3405.4,2777,3362.95,2793.5,3324.2,2793.5
1-117,Uninfected,No_comment,Polygon,12,2982.9,2847.6,2955.85,2826.45,2945.25,2787.6,2961.8,2742.9,2985.25,2729.95,3019.4,2728.75,3044.1,2732.3,3073.55,2761.7,3072.35,2808.8,3055.9,2833.5,3019.4,2854.7,2997.05,2854.7
1-118,Uninfected,No_comment,Polygon,10,2791.1,2800.55,2748.75,2787.6,2747.6,2738.2,2759.35,2697,2813.45,2667.6,2846.4,2667.6,2865.25,2694.65,2867.6,2739.35,2849.95,2775.85,2827.6,2794.65
1-119,Uninfected,No_comment,Polygon,10,2614.6,2871.15,2580.55,2842.9,2578.15,2811.15,2594.6,2757,2621.65,2748.75,2655.8,2748.75,2691.1,2773.5,2695.8,2809.95,2691.1,2840.55,2672.25,2864.1
1-120,Uninfected,No_comment,Polygon,12,2818.2,2966.45,2804.05,2935.85,2807.6,2901.75,2837,2864.1,2866.45,2857.05,2892.3,2862.9,2914.65,2873.5,2925.25,2898.2,2924.15,2940.6,2902.9,2973.55,2868.8,2981.75,2835.85,2980.6
1-121,Uninfected,No_comment,Polygon,11,3032.35,2970,3012.4,2938.2,3012.4,2894.7,3031.15,2866.45,3057.05,2857.05,3086.45,2855.85,3112.35,2880.55,3119.4,2920.55,3112.35,2950,3086.45,2964.1,3057.05,2965.3
1-122,Uninfected,No_comment,Polygon,12,3153.55,2937.05,3139.4,2904.1,3139.4,2871.15,3154.7,2847.6,3179.45,2835.85,3210,2838.2,3234.8,2855.85,3250.1,2887.65,3250.1,2918.2,3225.3,2947.65,3192.35,2951.15,3171.2,2948.8
1-123,Uninfected,No_comment,Polygon,11,2406.35,2925.3,2408.75,2900.55,2421.65,2868.8,2459.35,2845.25,2488.7,2845.25,2524,2866.45,2528.7,2900.55,2525.2,2924.1,2485.15,2952.35,2447.5,2953.5,2414.55,2931.15
1-124,Uninfected,No_comment,Polygon,11,2340.5,2922.95,2298.05,2914.7,2282.8,2880.55,2282.8,2844.1,2301.6,2815.85,2338.15,2802.9,2374.55,2804.1,2399.25,2829.95,2402.8,2866.45,2392.2,2902.9,2362.8,2919.4
1-125,Uninfected,No_comment,Polygon,13,2311,2789.95,2287.55,2773.5,2273.35,2745.25,2275.7,2714.65,2295.7,2685.25,2325.2,2680.5,2356.9,2691.1,2374.55,2708.75,2395.75,2725.25,2398.1,2757,2389.85,2781.7,2363.95,2785.25,2325.2,2786.45
1-126,Uninfected,No_comment,Polygon,11,3731.3,2642.85,3730.15,2597,3753.7,2573.5,3786.6,2566.4,3824.3,2575.85,3843.05,2595.85,3861.95,2635.8,3853.7,2664.1,3825.4,2679.4,3789,2686.45,3751.3,2666.45
1-127,Uninfected,No_comment,Polygon,11,3630.1,2671.1,3600.65,2655.8,3584.25,2621.7,3578.35,2587.55,3607.7,2556.95,3638.3,2553.5,3678.3,2568.75,3696,2592.25,3694.85,2624.1,3673.6,2658.15,3657.2,2662.9
1-128,Uninfected,No_comment,Polygon,10,3896,2542.9,3869,2520.55,3866.65,2482.85,3894.9,2445.2,3936,2440.5,3965.5,2458.15,3986.6,2494.65,3986.6,2531.1,3958.4,2549.9,3932.55,2552.25
1-129,Uninfected,No_comment,Polygon,11,3798.4,2447.55,3765.45,2424.05,3753.7,2389.9,3764.2,2353.45,3786.6,2334.55,3813.7,2333.45,3847.75,2340.5,3872.5,2361.65,3877.25,2394.6,3867.75,2417,3833.7,2444.05
1-130,Uninfected,No_comment,Polygon,10,3646.6,2398.1,3613.65,2374.6,3618.3,2324,3643,2293.4,3674.85,2287.55,3713.65,2289.9,3744.2,2319.3,3746.55,2355.8,3732.5,2388.75,3691.25,2400.45
1-131,Uninfected,No_comment,Polygon,11,3487.75,2291.05,3460.7,2271.05,3452.45,2241.6,3458.3,2207.5,3481.8,2185.15,3519.45,2181.65,3564.25,2196.95,3568.95,2235.75,3571.3,2267.55,3551.3,2289.9,3530.05,2294.55
1-132,Uninfected,No_comment,Polygon,11,3760.75,2302.85,3740.75,2280.5,3733.65,2238.1,3753.7,2188.65,3789,2172.2,3826.65,2169.85,3863.05,2195.7,3870.15,2236.95,3864.3,2285.2,3830.1,2306.35,3771.35,2311.05
1-133,Uninfected,No_comment,Polygon,10,3919.6,2286.35,3887.8,2239.3,3887.8,2198.05,3901.95,2159.3,3938.4,2152.2,3983.15,2160.4,4007.85,2201.65,4007.85,2241.6,3983.15,2275.75,3941.95,2289.9
1-134,Uninfected,No_comment,Polygon,15,3996,2329.8,4025.5,2306.35,4050.15,2300.5,4082,2315.8,4096.1,2345.15,4098.4,2373.45,4090.15,2404.05,4086.7,2431.05,4065.45,2453.4,4023.15,2461.7,3984.25,2438.1,3967.85,2393.45,3983.05,2368.6,3996,2349.8,3997.1,2333.35
1-135,Uninfected,No_comment,Polygon,10,4043.15,2174.55,4027.85,2145.1,4032.5,2106.35,4053.75,2080.45,4091.4,2074.5,4126.7,2086.3,4139.65,2122.75,4124.35,2160.4,4103.05,2175.7,4060.8,2181.65
1-136,Uninfected,No_comment,Polygon,12,4151.35,2035.7,4178.45,2056.85,4210.25,2066.3,4247.9,2049.85,4265.55,2025.15,4272.55,1995.7,4263.2,1966.25,4231.4,1949.8,4189,1954.55,4160.8,1978.05,4145.4,2012.15,4145.4,2034.45
1-137,Uninfected,No_comment,Polygon,11,4163.15,1914.5,4144.35,1907.45,4136.05,1889.8,4151.35,1860.4,4176.05,1831,4216.1,1827.4,4245.55,1842.75,4271.45,1867.4,4270.2,1906.3,4237.25,1923.95,4190.25,1926.3
1-138,Uninfected,No_comment,Polygon,9,4085.45,1859.2,4037.2,1829.75,4044.3,1761.5,4072.5,1742.75,4127.8,1736.85,4158.4,1752.15,4178.4,1782.75,4167.85,1811,4132.55,1855.7
1-139,Uninfected,No_comment,Polygon,11,3983.15,1742.75,3958.4,1732.15,3940.75,1709.8,3930.2,1682.7,3926.6,1645.05,3954.9,1622.65,3987.85,1618,4016.1,1633.3,4033.75,1679.2,4031.4,1713.3,4009,1735.65
1-140,Uninfected,No_comment,Polygon,12,3937.25,1534.4,3930.2,1521.45,3897.25,1503.8,3885.4,1472.1,3904.3,1440.3,3932.55,1420.25,3968.95,1416.8,3994.85,1433.2,4013.7,1469.75,4011.4,1494.45,3996.05,1514.45,3958.45,1531
1-141,Uninfected,No_comment,Polygon,10,4066.7,1483.8,4046.65,1452.1,4051.4,1417.9,4084.35,1384.95,4123.1,1376.75,4157.3,1382.6,4176.05,1408.55,4174.95,1441.5,4145.45,1475.6,4084.35,1495.6
1-142,Uninfected,No_comment,Polygon,11,3746.55,1641.55,3714.85,1642.65,3671.25,1628.6,3659.55,1600.35,3665.4,1567.4,3691.25,1539.1,3723.1,1523.8,3752.5,1526.2,3793.7,1553.3,3794.8,1587.35,3768.95,1620.35
1-143,Uninfected,No_comment,Polygon,10,3811.35,1574.4,3827.75,1552.05,3871.35,1548.55,3904.3,1556.75,3921.95,1585.05,3918.35,1616.8,3892.5,1629.75,3863.05,1615.65,3832.45,1601.5,3810.1,1581.5
1-144,Uninfected,No_comment,Polygon,10,4142,1719.2,4173.7,1730.95,4204.3,1732.15,4213.7,1723.85,4211.35,1683.9,4212.6,1666.25,4183,1649.75,4143,1661.45,4123,1676.75,4136.05,1708.55
1-145,Uninfected,No_comment,Polygon,9,4213.7,1666.25,4234.95,1662.7,4267.9,1668.6,4278.5,1694.5,4271.4,1727.45,4244.3,1750.95,4213.7,1738,4211.45,1705.05,4210.25,1674.5
1-146,Uninfected,No_comment,Polygon,11,3726.55,1494.45,3700.7,1472.1,3690.15,1436.8,3699.55,1400.25,3728.9,1377.95,3766.55,1373.25,3804.25,1392.05,3820.75,1426.2,3816.05,1459.15,3796.05,1487.4,3754.8,1499.15
1-147,Uninfected,No_comment,Polygon,11,3900.7,1374.4,3884.3,1343.8,3889,1306.15,3919.6,1276.7,3951.3,1272.05,3991.3,1276.7,4017.2,1307.35,4019.55,1347.3,4006.6,1379.1,3964.25,1395.6,3924.3,1396.75
1-148,Uninfected,No_comment,Polygon,10,3772.45,1353.25,3756.05,1321.45,3752.5,1281.4,3768.95,1260.3,3800.75,1242.6,3831.35,1242.6,3857.2,1268.5,3856.05,1316.7,3841.95,1354.4,3805.4,1364.95
1-149,Uninfected,No_comment,Polygon,11,3750.15,1279.05,3723.1,1286.15,3677.2,1283.8,3650.1,1247.35,3638.3,1219.1,3653.6,1169.65,3684.25,1156.75,3726.55,1161.45,3746.55,1192.05,3773.7,1242.6,3761.85,1267.35
1-150,Uninfected,No_comment,Polygon,10,4136.05,1290.85,4089.05,1277.95,4054.85,1246.1,4052.5,1208.45,4074.85,1179.1,4111.4,1166.15,4149.05,1170.85,4184.3,1212.05,4182,1253.2,4160.75,1280.3
1-151,Uninfected,No_comment,Polygon,11,3571.3,1146.1,3547.7,1110.8,3533.65,1075.5,3548.95,1044.9,3578.35,1034.35,3616,1035.45,3652.5,1050.75,3659.55,1091.95,3643,1130.8,3613.65,1146.1,3576,1148.45
1-152,Uninfected,No_comment,Polygon,11,3547.7,1043.7,3514.75,1027.25,3500.7,994.3,3504.15,960.15,3526.55,937.8,3572.4,934.25,3587.7,949.55,3603,999.05,3608.95,1018.95,3594.8,1030.75,3563.05,1036.6
1-153,Uninfected,No_comment,Polygon,10,3736,988.4,3716,961.35,3721.85,915.4,3750.15,903.7,3789,898.95,3812.45,917.75,3823.05,941.35,3810.1,974.3,3792.45,994.3,3761.85,994.3
1-154,Uninfected,No_comment,Polygon,12,3869,994.3,3840.7,960.15,3836.05,917.75,3856.05,909.55,3884.3,888.4,3925.45,886.05,3950.2,903.7,3965.5,943.7,3965.5,987.25,3944.25,1008.4,3907.8,1011.95,3874.9,1000.15
1-155,Uninfected,No_comment,Polygon,11,3832.45,862.55,3812.45,842.5,3813.7,807.2,3837.2,771.9,3866.65,761.25,3913.65,773.05,3931.3,798.95,3932.55,843.65,3910.2,861.3,3859.6,873.1,3845.4,868.4
1-156,Uninfected,No_comment,Polygon,13,3708.9,778.9,3701.9,754.25,3681.9,720.1,3712.5,696.6,3752.5,671.85,3797.15,664.8,3836.05,682.45,3837.2,717.75,3829,747.2,3809,778.9,3771.35,793.05,3718.1,786.35,3713.4,782.8
1-157,Uninfected,No_comment,Polygon,11,3391.25,919,3373.6,894.25,3360.6,847.15,3393.55,811.85,3431.2,803.65,3477.15,815.45,3497.1,853.1,3497.1,886.05,3486.5,908.4,3455.9,924.85,3413.55,927.2
1-158,Uninfected,No_comment,Polygon,11,3541.8,890.75,3510.1,858.95,3511.25,816.6,3543.05,777.75,3571.3,771.9,3608.95,782.5,3639.55,807.2,3647.75,847.15,3643,878.95,3600.65,896.6,3556,897.75
1-159,Uninfected,No_comment,Polygon,14,3371.25,762.45,3372.4,745.95,3352.35,737.75,3347.65,715.4,3365.3,689.5,3399.5,663.65,3433.55,664.8,3475.95,682.45,3475.95,706.05,3480.7,742.45,3471.2,764.85,3435.9,789.55,3402.95,789.55,3381.85,774.25
1-160,Uninfected,No_comment,Polygon,12,3518.35,743.6,3487.75,707.15,3487.75,670.7,3512.45,617.75,3545.4,602.45,3578.35,610.7,3599.55,633.05,3601.9,677.75,3598.35,718.95,3577.15,738.95,3544.2,748.35,3527.75,743.6
1-161,Uninfected,No_comment,Polygon,12,3647.75,688.35,3632.45,675.35,3619.55,641.25,3625.35,603.6,3667.75,569.55,3695.95,570.65,3723.1,588.3,3763.1,613.05,3757.15,636.55,3732.5,664.8,3691.25,688.35,3659.55,697.75
1-162,Uninfected,No_comment,Polygon,11,3565.35,545.95,3551.3,520.05,3553.65,480.05,3585.35,444.75,3667.75,444.75,3683.05,462.4,3688.9,498.9,3673.6,525.95,3650.1,543.6,3611.3,554.15,3599.55,554.15
1-163,Uninfected,No_comment,Polygon,12,3248.9,728.35,3224.1,703.7,3227.7,667.15,3245.35,626,3283,602.5,3314.75,593.05,3342.95,607.15,3350.05,633.1,3348.9,678.95,3326.55,710.7,3294.75,731.9,3272.35,731.9
1-164,Uninfected,No_comment,Polygon,11,3188.8,846.05,3177.1,820.2,3183,777.8,3212.4,753.05,3247.7,749.55,3275.95,761.3,3292.35,783.65,3295.95,827.25,3278.3,853.1,3231.25,862.55,3205.35,861.35
1-165,Uninfected,No_comment,Polygon,12,3079.45,797.8,3068.85,778.95,3061.8,730.7,3067.6,701.35,3094.75,681.3,3134.75,675.4,3167.7,684.8,3185.35,736.65,3175.9,778.95,3153.5,807.25,3119.45,811.9,3093.55,803.65
1-166,Uninfected,No_comment,Polygon,12,3125.3,642.45,3111.2,618.9,3115.95,574.2,3138.2,542.45,3167.7,530.65,3191.2,530.65,3217.1,554.2,3226.5,606,3217.1,642.45,3190.05,661.3,3152.4,663.65,3135.85,650.75
1-167,Uninfected,No_comment,Polygon,11,3058.25,733.05,3022.95,740.1,2991.2,741.35,2970,714.25,2942.95,675.4,2979.45,621.3,3024.15,615.45,3059.45,634.2,3072.35,669.5,3073.55,695.4,3064.2,720.15
1-168,Uninfected,No_comment,Polygon,11,2935.85,848.4,2904.1,827.25,2878.15,782.5,2895.8,748.35,2924.1,740.1,2971.15,743.65,3000.6,760.15,3027.65,802.5,3025.3,829.55,3004.1,849.55,2961.8,856.6
1-169,Uninfected,No_comment,Polygon,10,2797,916.65,2765.25,888.4,2755.85,862.55,2769.95,829.55,2805.25,809.6,2858.25,814.25,2891.15,843.7,2892.35,886.05,2858.25,902.5,2814.65,911.9
1-170,Uninfected,No_comment,Polygon,11,2740.55,806,2712.3,781.3,2692.3,756.65,2692.3,709.55,2708.7,677.75,2742.9,677.75,2782.9,701.35,2817,744.85,2807.55,774.3,2790,791.95,2761.7,798.95
1-171,Uninfected,No_comment,Polygon,11,2851.15,668.4,2826.45,654.25,2820.55,608.35,2833.5,569.55,2866.45,550.65,2898.15,545.95,2934.7,570.7,2940.6,609.5,2932.35,637.8,2897.05,664.8,2868.8,669.5
1-172,Uninfected,No_comment,Polygon,11,2804.1,1029.65,2776.95,999.05,2775.85,948.45,2791.15,922.5,2834.7,921.35,2860.5,923.75,2899.4,947.25,2907.65,977.8,2895.8,1014.35,2867.6,1035.5,2826.45,1035.5
1-173,Uninfected,No_comment,Polygon,10,3035.9,942.5,3004.1,923.75,3000.6,886.05,3018.25,853.1,3044.15,824.9,3069.95,820.2,3105.3,837.85,3119.45,875.5,3101.8,920.15,3064.15,939
1-174,Uninfected,No_comment,Polygon,10,2631.1,735.4,2591.1,727.2,2568.75,698.95,2566.4,666.05,2594.65,633.1,2632.3,634.2,2662.9,648.4,2682.9,678.95,2668.8,710.7,2649.95,727.2
1-175,Uninfected,No_comment,Polygon,12,2532.2,616.55,2514.65,583.6,2514.65,548.3,2531.1,510.65,2555.8,489.5,2592.25,488.3,2628.75,503.6,2660.5,541.25,2653.4,577.75,2629.95,613.05,2582.9,627.15,2547.55,626
1-176,Uninfected,No_comment,Polygon,11,2741.65,563.6,2715.85,521.25,2718.2,480.05,2751.15,442.4,2798.2,435.35,2831.15,450.65,2851.15,481.3,2857.05,513,2842.85,547.2,2807.55,565.95,2759.3,575.4
1-177,Uninfected,No_comment,Polygon,12,2820.55,418.9,2805.25,396.55,2800.55,361.2,2825.2,327.15,2854.7,309.5,2890,309.5,2920.6,334.15,2926.45,371.8,2925.3,409.45,2900.55,440.05,2867.6,444.75,2838.2,437.7
1-178,Uninfected,No_comment,Polygon,11,2954.7,415.4,2940.6,384.75,2953.5,335.35,2986.45,316.5,3027.65,314.15,3053.55,333,3053.55,369.45,3045.3,407.1,3018.25,434.2,2982.95,444.75,2966.4,429.45
1-179,Uninfected,No_comment,Polygon,10,3027.65,474.2,2988.8,481.3,2968.8,520.1,2973.55,563.6,2997,591.85,3026.5,591.85,3055.9,577.75,3066.5,537.75,3067.6,501.3,3034.65,477.7
1-180,Uninfected,No_comment,Polygon,11,3168.8,430.7,3158.25,400.05,3159.45,349.45,3195.95,320.05,3232.4,311.85,3258.3,325.9,3278.3,361.2,3278.3,397.75,3261.8,429.45,3231.25,450.65,3180.65,437.7
1-181,Uninfected,No_comment,Polygon,11,3400.65,495.35,3391.3,458.95,3407.75,414.2,3443.05,387.1,3481.8,389.45,3516,411.8,3541.9,451.85,3539.5,494.25,3500.7,529.55,3456,534.25,3415.95,515.35
1-182,Uninfected,No_comment,Polygon,12,2756.95,315.35,2728.75,289.5,2717,251.8,2728.75,207.1,2760.55,165.9,2820.55,161.2,2861.75,184.7,2873.5,227.1,2866.45,280.05,2838.2,302.4,2802.9,318.85,2773.5,321.2
1-183,Uninfected,No_comment,Polygon,10,2414.6,538.9,2395.7,504.8,2412.25,450.65,2444,427.1,2485.2,421.25,2522.85,430.7,2532.2,469.5,2521.65,502.45,2498.15,538.9,2442.85,545.95
1-184,Uninfected,No_comment,Polygon,10,2393.45,395.4,2366.35,364.75,2364,322.45,2388.7,290.6,2428.75,282.4,2488.7,302.4,2509.9,335.35,2498.15,381.25,2468.7,398.9,2421.65,402.4
1-185,Uninfected,No_comment,Polygon,10,2293.4,764.85,2331.05,741.35,2374.6,733.05,2412.25,750.7,2426.4,784.9,2420.5,823.65,2384,833.1,2332.25,833.1,2306.35,810.75,2284,781.3
1-186,Uninfected,No_comment,Polygon,12,2204,754.3,2185.15,713.05,2198.1,673.1,2232.2,655.45,2271.05,651.85,2307.55,666.05,2320.5,699,2320.5,728.35,2299.3,749.6,2280.45,770.7,2254.6,778.95,2219.3,768.35
1-187,Uninfected,No_comment,Polygon,11,2126.3,843.7,2132.2,809.6,2164,774.3,2209.85,778.95,2235.75,801.3,2249.9,834.25,2239.3,873.15,2206.3,893.15,2172.2,894.3,2136.9,877.85,2126.3,861.35
1-188,Uninfected,No_comment,Polygon,11,2001.55,864.85,1989.8,828.4,1992.2,789.6,2015.7,764.85,2053.35,761.3,2094.55,782.5,2116.9,833.1,2113.4,861.35,2076.9,893.15,2034.5,894.3,2020.4,880.2
1-189,Uninfected,No_comment,Polygon,11,2093.35,554.2,2078.1,528.3,2072.2,501.3,2099.25,458.95,2134.55,447.15,2168.7,456.55,2192.2,481.3,2194.55,516.6,2184,551.9,2142.8,567.2,2111,563.6
1-190,Uninfected,No_comment,Polygon,10,1987.45,509.55,1963.95,489.5,1961.6,429.5,1996.9,402.4,2036.85,400.05,2072.2,414.2,2076.9,441.3,2071,474.25,2056.9,504.8,2013.35,523.6
1-191,Uninfected,No_comment,Polygon,9,2239.3,406,2211.05,338.85,2267.55,330.65,2313.4,333,2334.6,355.4,2346.35,384.75,2338.15,413.05,2307.55,434.2,2273.4,434.2
1-192,Uninfected,No_comment,Polygon,10,1881.55,762.5,1848.6,750.7,1819.2,717.75,1816.85,675.4,1838.05,648.4,1885.1,641.3,1925.1,669.55,1933.3,710.7,1916.85,753.05,1902.75,762.5
1-193,Uninfected,No_comment,Polygon,9,1653.3,926.1,1618,902.5,1602.7,860.2,1613.3,813.1,1653.3,806,1688.6,822.55,1716.85,860.2,1708.55,907.2,1687.4,922.5
1-194,Uninfected,No_comment,Polygon,10,1676.8,1039,1675.65,1014.35,1680.35,966.1,1698,936.65,1738,928.45,1774.5,943.75,1800.35,986.05,1778,1041.35,1736.85,1068.45,1696.8,1062.6
1-195,Uninfected,No_comment,Polygon,10,1987.45,1053.15,1953.35,1048.45,1925.1,1015.5,1934.5,968.4,1953.35,949.6,1995.7,943.75,2029.85,960.15,2040.4,995.45,2029.85,1028.4,2014.55,1047.3
1-196,Uninfected,No_comment,Polygon,12,1678,1037.8,1649.75,1043.7,1627.4,1081.35,1626.2,1117.9,1635.65,1143.75,1665.05,1168.5,1689.75,1157.85,1715.65,1139.05,1739.2,1090.8,1732.05,1061.3,1700.3,1058.95,1678,1041.35
1-197,Uninfected,No_comment,Polygon,10,1557.95,1102.6,1523.85,1089.6,1500.3,1040.2,1510.9,1007.25,1552.05,983.75,1598,982.55,1634.45,1004.9,1628.55,1035.5,1606.2,1076.65,1585.05,1106.1
1-198,Uninfected,No_comment,Polygon,9,1454.4,1272.05,1437.95,1210.8,1472.05,1167.25,1509.75,1159.05,1552.05,1168.5,1568.55,1195.5,1570.9,1242.6,1541.5,1276.7,1481.5,1288.45
1-199,Uninfected,No_comment,Polygon,10,1765,1325,1740.3,1302.65,1740.3,1266.1,1757.95,1239.1,1795.6,1239.1,1820.35,1257.9,1836.8,1288.45,1839.15,1320.3,1816.8,1341.4,1783.85,1340.3
1-200,Uninfected,No_comment,Polygon,10,1387.3,1516.8,1376.7,1487.35,1386.1,1448.5,1421.4,1422.6,1459.1,1413.25,1494.4,1428.55,1497.9,1466.15,1488.5,1502.65,1460.25,1534.4,1414.35,1532.1
1-201,Uninfected,No_comment,Polygon,10,1560.3,1607.35,1560.3,1633.3,1576.75,1681.55,1626.15,1705.05,1663.85,1703.9,1701.5,1669.7,1709.7,1626.2,1690.9,1583.8,1654.4,1567.4,1605,1573.25
1-202,Uninfected,No_comment,Polygon,11,2654.65,2066.25,2640.55,2053.35,2627.6,2021.55,2626.4,1990.95,2642.9,1962.7,2666.45,1952.15,2698.2,1954.5,2721.7,1974.5,2732.35,2005.1,2714.7,2036.85,2700.55,2062.75
1-203,Uninfected,No_comment,Polygon,10,2561.7,2094.5,2518.15,2092.15,2498.15,2061.55,2492.3,2021.55,2509.95,1987.45,2544.05,1973.3,2587.55,1983.85,2609.95,2016.8,2609.95,2056.85,2589.95,2091
1-204,Uninfected,No_comment,Polygon,13,2400.5,2018,2391.1,1998,2378.1,1970.95,2385.2,1936.85,2408.75,1909.75,2442.85,1900.35,2473.45,1914.45,2499.3,1918,2509.95,1960.35,2500.5,1989.8,2469.9,2021.55,2444.05,2021.55,2421.65,2020.4
1-205,Uninfected,No_comment,Polygon,9,2278.1,2018,2249.9,2006.25,2227.5,1980.35,2234.6,1934.5,2266.35,1918,2316.95,1932.1,2333.4,1961.6,2333.4,1993.3,2320.5,2013.3
1-206,Uninfected,No_comment,Polygon,12,1971,1830.95,1973.35,1856.8,1995.7,1901.55,2028.65,1930.9,2054.55,1933.3,2085.1,1915.65,2111,1881.55,2103.95,1852.1,2092.2,1818,2056.9,1806.2,2020.05,1818.95,1983.9,1830.95
1-207,Uninfected,No_comment,Polygon,11,1891,1985.1,1892.15,1953.3,1921.55,1912.1,1958.05,1912.1,1992.2,1922.7,2012.2,1954.5,2012.2,1993.3,1989.8,2020.4,1952.15,2026.25,1916.85,2020.4,1901.55,1994.5
1-208,Uninfected,No_comment,Polygon,10,1762.7,2027.45,1740.35,1994.5,1746.25,1954.5,1776.8,1922.7,1830.95,1920.35,1858.05,1939.2,1868.6,1975.65,1853.3,2008.6,1827.4,2023.9,1789.8,2026.25
1-209,Uninfected,No_comment,Polygon,11,1775.65,1896.8,1752.15,1879.15,1741.5,1849.75,1752.15,1815.65,1787.45,1799.15,1829.75,1796.8,1872.15,1812.05,1882.75,1828.55,1874.5,1869.75,1853.3,1888.6,1814.5,1893.35
1-210,Uninfected,No_comment,Polygon,9,1645.05,1966.2,1627.4,1929.75,1625.05,1885.05,1660.35,1854.45,1708.55,1859.15,1735.65,1883.9,1735.65,1930.9,1720.35,1958,1676.8,1967.45
1-211,Uninfected,No_comment,Polygon,11,1510.9,1820.35,1476.8,1801.5,1475.6,1750.9,1488.55,1714.45,1532.1,1700.3,1565.05,1712.1,1589.7,1739.2,1596.8,1766.2,1590.9,1789.8,1568.55,1819.15,1537.95,1826.2
1-212,Uninfected,No_comment,Polygon,11,1363.8,1774.5,1337.95,1753.25,1341.45,1720.3,1356.75,1692.1,1388.5,1679.15,1419.1,1690.85,1446.2,1720.3,1445,1747.4,1435.6,1773.25,1400.25,1786.2,1379.1,1783.85
1-213,Uninfected,No_comment,Polygon,10,1345,1914.45,1317.9,1875.7,1330.85,1823.85,1374.4,1807.45,1416.75,1805.05,1448.5,1836.8,1447.35,1878.05,1433.2,1911,1395.6,1919.2,1363.8,1923.9
1-214,Uninfected,No_comment,Polygon,9,1359.1,2048.6,1368.5,2027.45,1407.35,2016.8,1441.5,2027.45,1461.5,2055.7,1459.15,2088.65,1426.2,2114.5,1379.1,2114.5,1363.8,2082.8
1-215,Uninfected,No_comment,Polygon,11,1570.9,2074.5,1539.15,2052.1,1529.75,2007.45,1559.15,1961.6,1583.85,1952.15,1629.75,1959.2,1655.6,1983.85,1666.25,2020.4,1655.6,2041.55,1627.4,2056.85,1600.35,2078.05
1-216,Uninfected,No_comment,Polygon,9,1615.65,2133.4,1616.8,2102.7,1637.95,2067.5,1672.1,2062.75,1707.4,2078.05,1727.4,2112.15,1720.35,2159.25,1686.25,2176.9,1635.65,2165.1
1-217,Uninfected,No_comment,Polygon,9,1553.25,2271,1513.25,2247.5,1503.8,2207.45,1522.65,2166.3,1561.5,2152.15,1608.55,2172.15,1632.1,2215.7,1614.45,2252.2,1592.1,2269.85
1-218,Uninfected,No_comment,Polygon,11,1689.75,2560.55,1655.55,2514.65,1657.9,2492.3,1694.45,2464,1723.8,2457,1758,2453.4,1798,2479.35,1802.7,2529.95,1779.1,2567.55,1742.7,2576.95,1712.1,2576.95
1-219,Uninfected,No_comment,Polygon,10,1672.1,2420.45,1650.9,2385.15,1648.55,2352.2,1675.55,2309.85,1702.7,2298.1,1749.75,2309.85,1778,2342.85,1776.75,2387.5,1749.75,2421.7,1703.85,2428.75
1-220,Uninfected,No_comment,Polygon,14,3663.8,917.1,3638.55,909.6,3610.4,915.6,3586.7,923,3574.85,930.4,3565.5,954.85,3571.4,983,3574.35,1006.7,3601.05,1020.05,3638.55,1022.15,3668.25,1026.7,3683,1004.5,3691.95,983.75,3690.4,946.7
1-221,Uninfected,No_comment,Polygon,12,3069.65,524.45,3046.95,508.25,3032.15,480.1,3032.6,456.3,3068.25,413.35,3097.8,405.95,3142.25,420.65,3157.05,457.8,3149.65,494.85,3128.9,524.45,3105.2,524.45,3090.4,530.4
1-222,Uninfected,No_comment,Polygon,12,2860,1175.7,2854.15,1197.9,2839.35,1215.7,2823.05,1223.1,2796.3,1229.05,2771.95,1220.8,2757.05,1183.75,2766,1145.25,2786.75,1123,2816.3,1117.1,2838.6,1124.5,2854.9,1146.7
1-223,Uninfected,No_comment,Polygon,10,3111.95,1793.85,3075.5,1775.1,3039.1,1784.2,3013.65,1809.65,3013.65,1862.4,3039.1,1893.3,3070,1898.75,3111.85,1880.55,3121.05,1853.85,3130.15,1819.3
1-224,Uninfected,No_comment,Polygon,9,3548.35,1762.35,3511.95,1771.45,3494,1790.1,3486.75,1817.35,3511.95,1864.2,3542.9,1880.55,3588.35,1856.95,3612,1818.75,3597.45,1773.25
1-225,Uninfected,No_comment,Polygon,13,3367.95,1644.6,3351.6,1662.8,3320.65,1662.8,3284.3,1662.8,3257.35,1635.05,3250.1,1600.5,3257.35,1571.4,3275.55,1555,3302.8,1545.9,3331.9,1545.9,3359.2,1562.3,3375.55,1584.1,3377.4,1618.65
1-226,Uninfected,No_comment,Polygon,12,4185.6,1655.5,4178.3,1673.7,4167.4,1708.25,4132.15,1718.7,4112.15,1726,4075.8,1700.5,4068.5,1671.4,4079.4,1636.85,4106.7,1616.85,4130.35,1609.6,4150.35,1609.6,4170.35,1625.95
1-227,Uninfected,No_comment,Polygon,14,4048.5,1544.1,4030.3,1511.35,4012.15,1493.2,4002.7,1490.8,3979.05,1490.8,3949.95,1501.7,3931.75,1521.7,3930.3,1553.2,3939.4,1589.55,3966.65,1598.65,3993.95,1600.5,4012.15,1607.75,4021.9,1600.7,4032.15,1580.5
1-228,Uninfected,No_comment,Polygon,14,3893.9,1644.15,3870.25,1675.05,3866.65,1709.6,3879.35,1747.8,3904.8,1771.45,3922.5,1770.75,3953.8,1770.75,3971.2,1751.6,3981.4,1725.3,3981.4,1694,3974.45,1664.4,3955.3,1647,3937.9,1640.05,3910.3,1640.3
1-229,Uninfected,No_comment,Polygon,20,4198.3,1973.05,4191.35,1997.4,4184.4,2025.25,4167,2040.8,4148.6,2057.75,4138.15,2066.45,4094.7,2064.7,4070.35,2057.75,4040.75,2049.05,4023.35,2029.9,4006.75,2020.45,3998.05,2013.5,4010.2,1996.1,4041.5,1985.65,4058.15,1970.8,4077.3,1962.1,4101.65,1955.1,4110.35,1955.1,4138.15,1951.65,4171.2,1951.65
1-230,Uninfected,No_comment,Polygon,9,4145.15,2186.45,4138.15,2238.65,4110.35,2256.05,4061.65,2257.8,4032.05,2216.05,4040.75,2177.75,4058.8,2155.4,4093.6,2155.4,4123.15,2162.35
1-231,Uninfected,No_comment,Polygon,13,3988.6,2308.25,3980.55,2272.45,3957.9,2255.05,3937.05,2246.35,3921.4,2246.35,3902.25,2256.8,3887.7,2266.5,3875.5,2283.9,3875.5,2311.7,3887.7,2355.2,3936.4,2372.6,3965.95,2360.4,3981.6,2336.05
1-232,Uninfected,No_comment,Polygon,16,3171.05,2188.2,3174.5,2162.1,3174.5,2151.7,3174.5,2143,3164.1,2125.6,3155.4,2109.95,3144.95,2108.2,3128.55,2101.65,3111.15,2101.65,3086.8,2108.65,3079.8,2120.8,3067.65,2145.15,3066.65,2172.55,3092.75,2203.85,3122.35,2212.55,3146.7,2205.6
1-233,Uninfected,No_comment,Polygon,15,2926.5,2489.3,2905.8,2489.25,2888.4,2489.25,2871,2477.65,2866.45,2454.55,2866.15,2437.2,2867.3,2409.3,2884.7,2390.75,2909.05,2379.15,2941.6,2375.75,2961.3,2391.9,2982.1,2420.9,2983.25,2449.9,2982.1,2468.45,2955.5,2489.3
1-234,Uninfected,No_comment,Polygon,14,3898.15,2048.7,3874.9,2044.1,3845.2,2048.95,3823.15,2066.35,3822,2086.05,3822.8,2113.65,3836.7,2131.1,3859.9,2148.45,3881.85,2153.05,3903.95,2147.25,3927.15,2126.4,3934.1,2112.55,3935.25,2090.45,3929.45,2066.1
1-235,Uninfected,No_comment,Polygon,18,2860.4,2077.75,2838.45,2073.15,2821.2,2067,2802.65,2072.8,2791.05,2078.6,2785.15,2097.15,2781.55,2119.55,2785.1,2136.95,2792.05,2160.15,2831.4,2194.9,2860.4,2200.7,2882.7,2196.3,2889.65,2189.35,2901.05,2177.5,2906.85,2154.35,2906.85,2130,2895.25,2106.8,2883.65,2091.7
1-236,Uninfected,No_comment,Polygon,15,2306.25,2315.4,2299.2,2329.4,2274.85,2338.7,2251.75,2339.85,2228.05,2328.75,2217.6,2321.8,2206,2300.95,2205.35,2271.45,2213.4,2247.1,2234.35,2230.8,2252.9,2218.05,2286.45,2222.75,2303.85,2248.15,2311.95,2280.7,2315.45,2298.05
1-237,Uninfected,No_comment,Polygon,15,2124.2,2031.4,2111.75,2034.1,2095.45,2045.7,2082.65,2066.65,2078.9,2089.3,2083.55,2109.1,2089.35,2135.8,2124.2,2147.35,2158.9,2147.35,2178.7,2125.35,2200.65,2096.3,2205.35,2066.2,2193.7,2045.35,2176.3,2032.6,2160.15,2031.4
1-238,Uninfected,No_comment,Polygon,15,2207.6,2131.15,2187.9,2125.35,2167.1,2124.2,2153.1,2124.2,2135.8,2131.15,2119.65,2142.75,2113.7,2158.95,2112.6,2184.45,2118.4,2216.95,2141.6,2236.6,2170.5,2247.1,2211.15,2228.55,2234.35,2200.7,2236.6,2183.3,2228.55,2155.5
1-239,Uninfected,No_comment,Polygon,18,2549.65,2415.2,2542.2,2432.75,2529.45,2449,2512.05,2466.35,2483.65,2477.8,2460.45,2477.8,2432.55,2472.05,2416.4,2455.8,2414,2433.75,2402.4,2399,2414,2367.65,2432.55,2344.5,2460.45,2346.75,2485.95,2357.25,2518.35,2361.9,2529.95,2361.9,2547.4,2379.25,2553.2,2396.65
1-240,Uninfected,No_comment,Polygon,15,1932.1,1088.7,1930.5,1109.35,1917.35,1123.8,1891.15,1136.9,1858.65,1134.6,1799.65,1101.8,1776.05,1071.65,1789.05,1036.2,1799.65,1010,1819.3,1003.45,1845.45,996.85,1873,998.2,1894.1,1006.05,1917.6,1032.3,1925.55,1055.9
1-241,Uninfected,No_comment,Polygon,14,2076.3,1313,2048.85,1319.55,2030.4,1344.45,2022.65,1365.45,2022.65,1398.25,2028.05,1420.15,2060.85,1431.95,2087.05,1437.2,2106.65,1425.4,2127.55,1411.35,2134.1,1386.45,2127.55,1364.15,2114.35,1327.4,2102.65,1320.85
1-242,Uninfected,No_comment,Polygon,13,1911.15,1529.4,1898,1529.4,1872.25,1536.15,1851.3,1541.3,1834.25,1555.75,1828.4,1574,1827.2,1596.3,1852,1621.25,1886.2,1640.9,1924.15,1634.35,1951.7,1614.7,1963.5,1581.9,1950.5,1541.25
1-243,Uninfected,No_comment,Polygon,17,2973.5,1581.8,2964.5,1562.3,2944.8,1554.4,2921.2,1550.5,2906.6,1550.4,2887,1556.95,2868.65,1568.75,2854.25,1580.55,2841.1,1587.05,2841.1,1593.7,2860.7,1622.55,2880.45,1653.95,2906.6,1660.6,2928.9,1660.6,2952.5,1659.25,2978.75,1629.1,2985.3,1600.25