166,5312,2988
3-1,Uninfected,No_comment,Polygon,20,2701.85,2200.9,2709.1,2187.35,2723.55,2172.85,2726.3,2163.8,2738.05,2165.15,2757.05,2164.25,2782.4,2167.9,2810.9,2185.55,2824.05,2203.2,2830.8,2235.75,2825.85,2261.55,2815.9,2275.1,2787.85,2295.05,2762.05,2305.45,2731.7,2302.25,2711.35,2292.75,2698.25,2271.05,2693.25,2245.7,2693.25,2227.15,2696.4,2210.85
3-2,Uninfected,No_comment,Polygon,20,2843.95,2177.85,2850.7,2160.65,2867,2138.9,2887.85,2126.25,2917.7,2120.8,2948,2126.25,2971.1,2142.1,2983.75,2160.65,2991.45,2181.9,2991.45,2196.85,2981.05,2214.5,2972,2232.6,2957.95,2251.15,2931.25,2260.65,2905.5,2257.95,2880.15,2252.05,2864.3,2242.55,2849.8,2224.9,2844.85,2204.55,2843.95,2191.4
3-3,Uninfected,No_comment,Polygon,17,2903.65,2385.5,2910.4,2366.5,2924.9,2349.75,2940.75,2340.25,2962.45,2333.5,3000.05,2337.55,3024.45,2362.45,3037.1,2385.95,3033.5,2412.2,3021.75,2441.15,3005.9,2462,2975.15,2470.6,2953.4,2469.7,2930.35,2461.1,2911.8,2445.7,2901.85,2422.6,2900.45,2401.35
3-4,Uninfected,No_comment,Polygon,19,2774.65,2340.7,2765.6,2357.45,2762.9,2392.3,2764.7,2415.85,2773.35,2436.65,2790.5,2450.2,2819.45,2459.75,2846.6,2451.6,2868.4,2437.1,2883.75,2411.75,2890.55,2385.5,2889.15,2357.45,2878.3,2333.5,2860.65,2314,2844.35,2301.8,2811.35,2300.45,2804.1,2309.05,2789.6,2321.25,2783.25,2326.7
3-5,Uninfected,No_comment,Polygon,18,2669.7,2558.85,2682.85,2533.95,2699.55,2515.4,2720.85,2504.1,2739.4,2501.85,2762.9,2505,2780.55,2514.5,2794.6,2533.05,2801.8,2559.3,2804.1,2583.3,2788.25,2610.45,2765.2,2630.8,2737.15,2639.85,2713.15,2638.95,2692.35,2630.8,2677.85,2618.55,2670.1,2601.85,2667.45,2578.75
3-6,Uninfected,No_comment,Polygon,17,2757.5,2679.65,2771.05,2646.2,2783.7,2634.4,2809.1,2621.75,2826.75,2617.2,2842.5,2624,2856.55,2633.95,2881.5,2667.9,2885.55,2690.05,2885.1,2715.4,2868.8,2738.1,2848,2748.9,2823.95,2752.95,2794.6,2745.25,2777.4,2734.85,2765.6,2718.6,2757.05,2700.95
3-7,Uninfected,No_comment,Polygon,18,2939.85,2685.55,2944.85,2674.25,2962,2660.2,2978.75,2654.75,2999.6,2652.05,3023.05,2655.7,3042.55,2670.6,3055.25,2694.6,3058.4,2716.3,3057.05,2745.25,3044.4,2771.05,3030.35,2786,3000.5,2783.75,2966.1,2771.95,2950.25,2757.05,2937.15,2738.95,2933,2719.05,2935.3,2705.45
3-8,Uninfected,No_comment,Polygon,19,3088.75,2631.7,3083.3,2664.75,3077.4,2676.95,3075.15,2703.65,3073.35,2731.25,3072.45,2755.25,3077.4,2780.6,3093.7,2795.05,3118.15,2803.65,3147.55,2801.8,3164.3,2790.1,3186.5,2758.4,3184.65,2725.8,3176.95,2693.2,3157.5,2672.9,3141.7,2662.95,3122.2,2643.9,3105.05,2630.8,3094.6,2628.1
3-9,Uninfected,No_comment,Polygon,17,2961.15,2853.9,2962.95,2831.75,2977.4,2814.1,2994.15,2807.25,3022.65,2804.6,3051.65,2808.2,3074.7,2821.75,3090.55,2839.85,3099.6,2855.3,3096.9,2879.2,3080.6,2901.4,3058.4,2910.45,3034,2913.2,3013.6,2907.75,2990.1,2898.7,2967.9,2884.65,2961.15,2868.85
3-10,Uninfected,No_comment,Polygon,20,3315.85,2715.85,3324,2703.65,3340.7,2691,3361.1,2686.45,3386.4,2678.35,3401.4,2677.4,3423.1,2681.95,3443.05,2697.75,3456.6,2719.55,3463.35,2741.2,3465.2,2762,3454.75,2784.65,3439.4,2799.6,3414.95,2805.5,3384.2,2806.35,3351.6,2793.7,3331.65,2778.75,3318.55,2763.85,3311.8,2750.25,3310.45,2731.7
3-11,Uninfected,No_comment,Polygon,22,3273.3,2581.9,3270.6,2595.95,3268.3,2613.15,3259.25,2629.5,3252.05,2645.75,3256.15,2668.8,3267.85,2686,3293.25,2694.15,3312.25,2692.4,3328.1,2681,3344.85,2672.9,3365.2,2664.75,3381.9,2657.95,3392.35,2639.85,3394.15,2611.8,3391.9,2587.35,3377.85,2568.8,3349.3,2551.15,3326.3,2548.9,3302.75,2554.75,3285.95,2565.2,3281.9,2571.05
3-12,Uninfected,No_comment,Polygon,18,3497.3,2622.65,3500.45,2600.9,3508.6,2581,3529.45,2570.15,3553.85,2565.6,3581.9,2569.25,3607.7,2576.95,3624.9,2590.05,3635.75,2609.95,3639.85,2633.05,3636.65,2656.55,3624.9,2672.85,3602.3,2685.1,3575.15,2689.15,3548.45,2684.15,3516.75,2668.8,3503.2,2647.95,3501.4,2635.3
3-13,Parasitized,No_comment,Polygon,20,3116.9,2559.75,3127,2539.15,3143.4,2523.25,3162.45,2516.9,3192.65,2518.5,3212.2,2525.45,3230.75,2538.65,3246.55,2559.25,3252.9,2579.9,3251.85,2601.55,3243.95,2628.55,3233.85,2644.45,3216.4,2655.55,3193.15,2661.9,3171.95,2658.25,3150.85,2646,3131.8,2631.8,3117.45,2615.35,3113.75,2599.45,3110.55,2578.3
3-14,Parasitized,No_comment,Polygon,19,3045.5,2425.95,3037.05,2443.35,3033.3,2462.4,3038.65,2488.35,3048.2,2505.8,3064.6,2521.15,3084.1,2526.95,3106.4,2525.45,3122.75,2515.35,3133.3,2504.2,3148.2,2497.85,3165.05,2480.45,3163.55,2462.95,3149.2,2434.9,3133.85,2412.15,3110.55,2399.45,3090,2396.85,3068.75,2401.55,3055.55,2412.15
3-15,Parasitized,No_comment,Polygon,21,3010,2204.2,3000.5,2211.1,2991,2224.35,2983.05,2234.95,2977.75,2249.2,2979.35,2266.65,2986.75,2285.7,3001.55,2303.2,3022.2,2321.15,3042.3,2326.95,3072.45,2322.25,3087.25,2311.65,3098.9,2299.5,3107.9,2283.65,3110.05,2260.9,3102.1,2231.8,3091,2215.4,3075.65,2203.2,3057.1,2196.35,3038.05,2195.2,3017.95,2198.4
3-16,Parasitized,No_comment,Polygon,18,3379.9,2391,3372.5,2410.55,3368.2,2438.6,3371.9,2474.6,3381.45,2505.8,3398.95,2529.05,3414.8,2537.55,3449.75,2538.05,3471.9,2530.65,3497.85,2513.75,3504.75,2494.15,3504.75,2458.15,3485.7,2424.85,3470.35,2407.4,3438.6,2392.55,3420.05,2391,3402.65,2387.3,3386.75,2385.15
3-17,Parasitized,No_comment,Polygon,19,3331.2,1763.45,3351.85,1743.35,3365.05,1730.1,3383.55,1723.8,3401.55,1719,3423.25,1726.95,3438.05,1730.1,3448.1,1741.25,3462.95,1761.85,3469.3,1788.35,3464,1812.65,3449.7,1836.45,3426.95,1852.35,3404.75,1857.65,3373,1852.35,3348.65,1841.75,3333.3,1826.4,3327.5,1802.6,3326.45,1775.65
3-18,Parasitized,No_comment,Polygon,19,3220.1,1690.45,3221.65,1719,3235.45,1747.6,3253.95,1760.8,3274.05,1765.55,3292.55,1768.2,3313.75,1762.95,3331.2,1747.6,3346.55,1731.2,3359.25,1710,3357.1,1677.75,3346.55,1657.65,3332.8,1641.25,3316.4,1629.6,3283.55,1624.85,3266.65,1631.7,3253.95,1648.65,3239.15,1668.2,3232.25,1675.65
3-19,Parasitized,No_comment,Polygon,19,3131.2,1556.6,3127.5,1577.2,3137,1611.1,3148.65,1634.35,3173,1659.2,3191.5,1668.2,3208.95,1670.85,3225.9,1665.05,3242.85,1650.25,3256.6,1629.6,3262.95,1611.6,3257.65,1583.55,3247.6,1556.6,3231.7,1535.4,3211.6,1522.7,3180.95,1521.65,3159.25,1525.9,3147.6,1533.85,3141.75,1539.65
3-20,Parasitized,No_comment,Polygon,23,2858.2,1376.25,2857.35,1353.3,2863.5,1333.95,2880.25,1315,2899.25,1303.1,2925.2,1296.05,2952.05,1296.95,2968.8,1303.55,2982.95,1314.1,2994.35,1330.85,2999.65,1344.05,2994.8,1362.55,2984.65,1385.9,2981.15,1404.85,2980.25,1420.3,2979.35,1432.2,2958.7,1444.5,2929.15,1448.9,2904.9,1444.5,2885.95,1435.25,2877.2,1418.5,2869.25,1400.9,2863.5,1392.95
3-21,Parasitized,No_comment,Polygon,18,2725.2,1443.2,2738.45,1419.4,2745.5,1402.65,2757.8,1389.45,2773.65,1381.1,2792.6,1378.85,2820.75,1383.3,2845,1390.75,2863.05,1415.9,2867.9,1447.15,2863.05,1467.4,2839.3,1492.1,2809.3,1503.55,2785.1,1508.85,2756.9,1504.85,2739.25,1495.6,2727.8,1480.65,2726.5,1463
3-22,Parasitized,No_comment,Polygon,19,2405.35,1158.2,2404.9,1178.85,2397.85,1203.5,2392.6,1217.2,2382.85,1250.7,2388.15,1285.5,2400.45,1301.8,2423.8,1316.8,2452.5,1322,2472.3,1314.15,2485.55,1299.6,2496.05,1280.65,2499.65,1251.1,2495.2,1234.8,2484.15,1218.5,2457.8,1199.6,2446.75,1180.15,2426.95,1160.4,2414.15,1157.7
3-23,Parasitized,No_comment,Polygon,21,2332.65,1026.45,2344.1,1010.15,2346.75,992.95,2380.25,969.15,2403.15,966.95,2440.6,968.75,2462.15,975.35,2485.5,991.2,2493.45,1013.2,2489.5,1037.9,2482.9,1054.65,2485.5,1070.05,2479.35,1078,2464.35,1082.85,2443.65,1086.8,2416.8,1092.95,2387.7,1099.15,2365.7,1096.5,2350.25,1084.6,2339.7,1068.75,2334.45,1051.55
3-24,Parasitized,No_comment,Polygon,16,3823.3,1383.85,3873.3,1354.2,3886.7,1357.45,3908.95,1369,3935.8,1377.8,3951.05,1395.85,3957.55,1417.65,3962.65,1444,3952.45,1475.05,3918.65,1497.75,3888.55,1504.2,3864.5,1496.8,3836.25,1480.6,3819.1,1450.5,3811.7,1419.95,3816.35,1398.2
3-25,Parasitized,No_comment,Polygon,17,3228.35,1307.45,3237.65,1289.4,3264,1267.15,3281.15,1256.05,3309.85,1250.5,3331.15,1254.65,3351.5,1262.05,3362.65,1279.2,3365.4,1297.7,3362.15,1319,3344.6,1347.25,3314.95,1370.4,3286.7,1373.65,3254.3,1368.55,3233.95,1354.2,3226.05,1341.25,3225.6,1328.75
3-26,Parasitized,No_comment,Polygon,17,3181.6,950.55,3166.35,965.3,3158.45,989.9,3157.55,1017.15,3170.05,1032.5,3184.85,1049.65,3196.9,1065.3,3217.25,1076.5,3251.05,1070,3267.75,1057,3277.45,1033.85,3277.45,1000.55,3271.9,982.9,3260.8,953.35,3244.1,938.05,3217.75,932.95,3198.75,939.4
3-27,Parasitized,No_comment,Polygon,16,2827.95,400.5,2817.65,422.65,2814.55,460.3,2818.65,487.15,2834.15,519.05,2853.2,540.2,2891.35,556.25,2905.8,545.4,2927.95,516.5,2941.85,484.6,2940.3,448,2929.5,415.45,2914.05,396.9,2893.95,387.6,2875.35,384.5,2855.25,387.6
3-28,Parasitized,No_comment,Polygon,16,3633.6,284.55,3611.6,314.5,3594.8,329.45,3571.45,348.6,3553.7,377.1,3539.65,417.75,3548.6,437.35,3565.85,450.9,3593.9,459.8,3622.85,456.05,3651.8,437.35,3674.7,405.15,3684.5,376.15,3688.75,336.45,3675.2,307.45,3650.4,286.45
3-29,Parasitized,No_comment,Polygon,16,2163.45,708.9,2174.25,687.3,2190.25,676.1,2216.05,664.75,2241.4,670.4,2270.5,687.8,2285.5,716.4,2284.55,754,2270.5,777.45,2252.65,794.8,2223.55,810.85,2193.5,803.75,2167.65,782.6,2159.2,756.3,2156.85,737.55,2160.65,722.05
3-30,Parasitized,No_comment,Polygon,22,2694.4,1916.8,2679.75,1932.3,2673.7,1949.6,2674.6,1973.7,2687.55,1997.85,2707.75,2018.15,2740.1,2025.4,2765.1,2021.6,2790.95,2008.2,2801.3,1991,2810.8,1964.25,2812.95,1942.7,2805.2,1925.85,2790.95,1910.8,2768.55,1902.15,2750.45,1900.4,2737.95,1893.5,2728.45,1888.35,2714.25,1888.35,2703.95,1891.8,2696.6,1900.4,2694.9,1906.95
3-31,Parasitized,No_comment,Polygon,18,1814.95,2390.35,1826.1,2362,1838.2,2335.95,1878.7,2318.25,1899.15,2316.85,1927.55,2327.1,1944.75,2346.15,1951.7,2375.45,1949.4,2407.1,1932.65,2432.7,1912.15,2449.45,1882.85,2459.2,1859.15,2453.6,1843.35,2443.85,1824.75,2427.55,1815.4,2416.4,1807.05,2408.95,1808.9,2401.5
3-32,Uninfected,No_comment,Polygon,16,2152.95,2415.9,2162.5,2396.9,2183.7,2381.95,2212.7,2368.35,2237.55,2367.45,2259.25,2376.95,2270.6,2393.7,2280.6,2420.4,2274.2,2448.45,2262.5,2471.1,2234.9,2487.85,2192.75,2500.05,2177.8,2493.25,2159.7,2482.4,2146.2,2459.35,2148.45,2433.55
3-33,Uninfected,No_comment,Polygon,16,2033.9,2290.55,2015.8,2313.15,2002.7,2328.55,1998.6,2360.25,2005.9,2384.65,2027.2,2405.5,2050.25,2413.6,2079.6,2410,2102.25,2400.95,2119.05,2385.1,2123.55,2361.15,2117.7,2325.85,2110.4,2297.8,2092.35,2278.3,2061.95,2272.45,2047.95,2279.25
3-34,Uninfected,No_comment,Polygon,15,2276.05,2481.5,2294.15,2457.95,2326.3,2434.9,2353,2430.8,2385.95,2442.6,2397.35,2460.25,2406.85,2485.55,2403.6,2518.15,2389.2,2537.6,2374.7,2550.3,2347.1,2559.35,2320.4,2551.2,2304.1,2538.95,2279.65,2515,2275.6,2497.35
3-35,Uninfected,No_comment,Polygon,18,2352.6,2249.6,2338.95,2292.75,2322.25,2312.45,2315.85,2332.05,2320.15,2361.15,2333.8,2386.75,2358.15,2404.35,2382.1,2410.75,2408.6,2406.9,2435.1,2390.65,2447.05,2365.85,2450.45,2336.75,2445.75,2314.6,2438.1,2294.9,2408.6,2280.8,2390.15,2266.7,2365.45,2246.15,2358.6,2240.65
3-36,Uninfected,No_comment,Polygon,16,2334.65,2293.65,2317.55,2292.75,2302.6,2288.05,2285.95,2276.55,2278.25,2250.85,2285.1,2222.7,2312.85,2196.2,2359.85,2196.65,2401.3,2194.05,2416.7,2199.6,2433.8,2213.7,2438.5,2232.1,2438.1,2253.9,2421,2268.8,2386.3,2273.95,2355.55,2291.45
3-37,Uninfected,No_comment,Polygon,17,2168,2194.5,2160.3,2214.15,2156,2235.5,2159,2258.15,2165.4,2277.4,2183.8,2295.8,2209.45,2305.2,2236.35,2300.85,2256.45,2282.55,2267.15,2243.65,2264.55,2220.1,2254.75,2198.75,2240.65,2181.25,2223.05,2171.4,2204.3,2168.85,2183.35,2176.1,2176.95,2182.1
3-38,Uninfected,No_comment,Polygon,20,2008.1,2131,1996.45,2151.2,1986.6,2166,1981.65,2187.5,1985.25,2226.05,1994.2,2237.75,2019.8,2242.2,2041.75,2254.35,2062.4,2256.55,2089.3,2244,2106.8,2218.9,2109.45,2195.6,2106.8,2190.2,2082.1,2180.35,2062.4,2162.4,2052.05,2144.9,2052.5,2117.1,2051.15,2109.05,2038.6,2114.4,2018.9,2122.05
3-39,Uninfected,No_comment,Polygon,18,1910.35,2205,1896.9,2229.2,1894.65,2254.35,1900.05,2281.7,1916.65,2301.85,1931.9,2310.4,1948.95,2324.75,1970.45,2326.95,1984.8,2321.6,2004.55,2307.25,2021.6,2278.55,2023.8,2259.25,2011.65,2234.55,1993.75,2202.7,1971.8,2181.7,1954.3,2180.8,1933.7,2186.6,1922,2194.7
3-40,Uninfected,No_comment,Polygon,17,2062.85,2092.45,2069.55,2082.55,2076.75,2073.15,2096.45,2065.55,2111.7,2064.65,2133.7,2071.8,2152.95,2087.5,2166.85,2110.8,2173.15,2135.05,2166.85,2157.9,2151.65,2172.7,2116.65,2179.9,2090.2,2171.8,2065.1,2148.5,2057.9,2131.45,2056.55,2116.2,2059.7,2103.65
3-41,Uninfected,No_comment,Polygon,18,1916.2,2042.2,1909.9,2058.35,1908.1,2080.35,1914.4,2105.9,1929.65,2126.95,1957.45,2137.3,1982.55,2138.2,2004.55,2130.1,2032.75,2119.8,2052.95,2101.4,2059.7,2070.9,2054.75,2044.9,2037.7,2018.45,2014.4,2009.9,1980.3,2010.35,1949.8,2012.6,1927.4,2023.8,1919.8,2032.8
3-42,Uninfected,No_comment,Polygon,18,2142.2,1995.55,2141.3,2026.95,2153.85,2055.65,2167.3,2086.15,2183.9,2105,2196.9,2114.85,2219.8,2120.7,2249.4,2114.4,2269.1,2095.6,2281.25,2070.9,2289.3,2050.75,2281.25,2022.05,2262.4,2003.2,2240.4,1988.85,2217.1,1979.45,2186.6,1982.55,2169.1,1990.65,2148.5,1989.3
3-43,Uninfected,No_comment,Polygon,16,2274.05,2127.85,2276.75,2107.25,2287.05,2087.5,2310.4,2074.5,2336.4,2063.3,2369.1,2068.2,2393.8,2077.65,2426.1,2101.85,2432.8,2126.95,2431,2167.8,2407.7,2180.35,2372.7,2182.55,2328.3,2184.8,2302.3,2180.35,2283.45,2160.6,2279,2148.05
3-44,Uninfected,No_comment,Polygon,15,2273.9,2706.3,2290.7,2686.95,2315.1,2671.4,2340.7,2668.45,2369.3,2678.55,2377.7,2694.5,2388.6,2723.1,2383.15,2750,2361.3,2777.3,2334.85,2790.3,2303.75,2791.55,2284,2779.4,2270.95,2763.4,2265.1,2741.55,2268.05,2726.45
3-45,Uninfected,No_comment,Polygon,14,2135.7,2787.35,2136.95,2749.55,2144.9,2721.4,2160.9,2689.45,2181.05,2689.45,2205,2695.75,2231.9,2714.7,2251.65,2742.85,2262.15,2771.4,2257.95,2805,2237.35,2827.3,2203.75,2842,2146.2,2821.8,2136.1,2809.65
3-46,Uninfected,No_comment,Polygon,17,2202.05,2566.35,2186.1,2584.45,2178.95,2618.05,2186.95,2655.45,2210.45,2682.35,2230.65,2686.95,2253.3,2686.55,2281.9,2673.95,2309.2,2663,2323.05,2635.7,2329.35,2605,2323.05,2578.95,2298.7,2556.3,2279.35,2544.1,2259.2,2539.05,2234,2540.75,2214.65,2552.5
3-47,Uninfected,No_comment,Polygon,18,2509.9,2006.95,2522.4,1983.4,2541.15,1971.65,2561.75,1964.65,2579.4,1964.3,2599.25,1972,2618.75,1988.2,2627.95,2008.05,2631.9,2030.45,2625.35,2054,2613.6,2072.75,2592.25,2085.6,2565.45,2089.65,2542.65,2084.5,2526.8,2073.85,2511.75,2055.1,2507.35,2038.95,2508.05,2024.95
3-48,Uninfected,No_comment,Polygon,17,2482.35,1854.75,2465.8,1870.9,2456.25,1893.7,2454.4,1923.5,2465.05,1942.25,2481.95,1958.4,2502.55,1966.85,2520.95,1963.95,2542.65,1959.5,2561.75,1946.65,2581.25,1926.05,2582.35,1902.55,2576.8,1877.15,2558.45,1855.5,2540.45,1846.3,2519.1,1841.85,2491.15,1844.8
3-49,Uninfected,No_comment,Polygon,20,3117.6,1582.65,3091.5,1596.3,3072.05,1622.05,3059.55,1651.05,3059.9,1669.4,3066.15,1687.05,3073.5,1715.4,3081.2,1740.8,3107,1758,3138.6,1766.9,3158.05,1763.55,3173.6,1760.5,3187.85,1747.4,3195.55,1723.15,3191.9,1686.7,3172.4,1668.7,3143.7,1650.65,3131.2,1626.4,3127.15,1603.65,3126.8,1584.15
3-50,Uninfected,No_comment,Polygon,18,2962.1,1710.25,2979.4,1698.85,2991.9,1691.9,3015.4,1684.9,3038.2,1684.9,3061,1691.15,3064.65,1706.55,3070.2,1742.6,3072.05,1774.2,3062.1,1811.35,3055.1,1822.75,3033.4,1818.3,3007.35,1811.7,2985.65,1801.4,2970.55,1787.05,2956.6,1766.15,2951.45,1745.15,2956.6,1722.05
3-51,Uninfected,No_comment,Polygon,16,3363.9,1479.15,3363.15,1510.85,3371.65,1549.85,3378.15,1595.8,3385.95,1616.65,3413.35,1630.2,3446.15,1627.5,3465.45,1615.9,3481.65,1592.75,3486.3,1568.75,3481.25,1540.95,3467.75,1513.15,3445.4,1494.25,3407.5,1480.7,3379,1474.15,3358.5,1467.65
3-52,Uninfected,No_comment,Polygon,20,3251.5,1501.55,3251.2,1516.3,3250,1540.2,3259.25,1564.55,3270.5,1590.05,3280.1,1612.4,3297.45,1612,3317.55,1623.6,3334.95,1628.95,3355,1620.15,3360.45,1605.45,3360.45,1579.6,3361.2,1540.2,3353.85,1513.15,3340.7,1488.05,3316,1478.05,3284,1477.65,3256.95,1459.85,3250,1475.7,3251.95,1486.55
3-53,Uninfected,No_comment,Polygon,19,3192.45,1398.45,3169.65,1419.75,3165.4,1434.4,3164.65,1455.25,3173.95,1483.85,3190.15,1503.9,3217.2,1515.45,3232.6,1514.35,3246.95,1507.4,3265.35,1493.85,3281.2,1474.15,3298.65,1462.55,3305.95,1451.8,3308.3,1427.1,3301.35,1402.7,3283.55,1390.75,3261.2,1383.8,3234.55,1384.55,3208.7,1388.8
3-54,Uninfected,No_comment,Polygon,17,3653.75,1550.8,3638.75,1567.45,3628.75,1596.65,3635,1628.3,3651.25,1652.05,3667.9,1666.65,3693.75,1666.65,3719.55,1663.7,3744.55,1656.2,3764.15,1646.65,3770,1622.05,3774.55,1591.65,3758.75,1560.8,3739.55,1544.15,3717.9,1537.9,3684.15,1537.45,3669.55,1540.8
3-55,Uninfected,No_comment,Polygon,18,3488.75,1643.7,3488.3,1626.2,3492.05,1613.3,3501.65,1597.9,3515.8,1585.8,3536.25,1581.65,3567.9,1584.95,3587.5,1596.65,3603.3,1612.05,3614.15,1631.2,3620.8,1657.45,3615.8,1681.65,3603.75,1699.95,3586.25,1711.65,3558.75,1713.7,3513.75,1692.9,3501.25,1678.3,3491.25,1659.15
3-56,Uninfected,No_comment,Polygon,21,3643.75,1724.15,3651.65,1698.7,3668.75,1688.3,3695.8,1682.9,3720,1682.9,3732.9,1676.2,3745.8,1667.9,3768.3,1664.55,3785.8,1669.55,3804.15,1680.4,3810.8,1708.7,3790.8,1746.65,3766.25,1769.55,3750.4,1784.55,3730,1798.7,3708.75,1796.65,3683.3,1794.15,3666.25,1784.15,3650.4,1768.3,3643.75,1750.4,3642.9,1744.15
3-57,Uninfected,No_comment,Polygon,18,3760.2,1795.6,3767.7,1778.3,3789.35,1758.85,3805.8,1739.4,3830.5,1726.1,3865.05,1721.7,3885.85,1733.2,3898.2,1752.65,3909.75,1777.9,3916.4,1805.75,3900.9,1840.7,3878.35,1856.65,3856.2,1870.8,3831,1877.9,3792.5,1868.15,3769.5,1847.4,3759.75,1823,3759.75,1809.3
3-58,Uninfected,No_comment,Polygon,17,4050.55,1878.3,4047.25,1860.85,4053.85,1838.2,4083.55,1811.3,4105.75,1798.1,4140.15,1793.4,4171.75,1803.3,4191.1,1816.05,4204.3,1833.5,4209.5,1862.75,4199.15,1886.8,4181.65,1902.8,4155.25,1913.65,4118,1921.2,4093.45,1917,4069.9,1907.55,4054.3,1894.8
3-59,Uninfected,No_comment,Polygon,17,4088.25,2020.3,4084.5,1999.5,4087.8,1976.4,4100.05,1954.7,4127.9,1944.35,4158.1,1928.75,4184.05,1924.05,4207.15,1935.85,4230.75,1956.15,4245.85,1981.6,4242.5,2013.7,4223.2,2047.65,4206.65,2067.45,4173.2,2078.3,4134.5,2071.7,4107.15,2058.5,4097.25,2039.15
3-60,Uninfected,No_comment,Polygon,20,3109.9,1876.9,3116.35,1863.5,3127,1849.15,3139.5,1841.25,3153.4,1834.35,3176.1,1832.95,3196,1834.35,3216.35,1844.5,3229.8,1857,3238.15,1871.35,3241.85,1896.85,3236.3,1922.75,3218.7,1945.45,3193.7,1959.8,3170.05,1963.5,3142.75,1958.4,3124.7,1945.45,3110.8,1927.85,3107.55,1910.7,3105.7,1896.35
3-61,Uninfected,No_comment,Polygon,17,3118.2,2061.65,3119.6,2042.65,3128.4,2016.3,3152,1998.7,3176.55,1990.8,3200.15,1992.65,3221,2001,3246.9,2021.4,3256.2,2040.8,3258.5,2074.15,3245.05,2100.1,3217.3,2121.4,3191.85,2129.25,3151.55,2125.1,3135.8,2108.4,3122.4,2089.45,3119.6,2077.4
3-62,Uninfected,No_comment,Polygon,16,3600.7,2072.3,3603.9,2046.85,3616.4,2032.95,3650.7,2018.6,3680.75,2019.55,3711.3,2028.35,3730.8,2049.65,3739.1,2074.65,3735.85,2103.35,3724.75,2125.55,3695.6,2143.6,3665,2151.05,3637.3,2140.85,3615.5,2124.15,3601.65,2103.35,3599.3,2090.4
3-63,Uninfected,No_comment,Polygon,18,2828.85,1964,2813.1,1987.6,2805.25,2016.3,2807.1,2043.6,2816.35,2062.15,2833.5,2083.9,2863.1,2093.15,2891.35,2095,2918.2,2084.8,2938.1,2070,2951.1,2043.15,2954.8,2005.2,2949.7,1984.8,2937.65,1965.85,2916.35,1948.25,2884.9,1942.2,2864.5,1944.05,2846.45,1952.4
3-64,Uninfected,No_comment,Polygon,15,3237.35,2382.25,3246.05,2363.85,3267,2348.55,3292.45,2341.9,3314.45,2340.9,3357.75,2356.2,3375.7,2375.1,3378.9,2403.7,3367.15,2439.45,3350.7,2458.25,3321.55,2467.95,3292.45,2460.3,3256.75,2445,3238.9,2422.05,3234.3,2396.5
3-65,Uninfected,No_comment,Polygon,16,1945.5,2651.05,1950.55,2626.25,1963.85,2601.05,1983.6,2585.9,2010.65,2577.15,2040,2574.9,2061.1,2586.35,2079.45,2616.15,2081.75,2659.3,2066.15,2691.4,2038.65,2711.6,2009.75,2722.6,1977.15,2714.8,1959.25,2703.35,1948.7,2685.9,1946.4,2671.2
3-66,Uninfected,No_comment,Polygon,19,1747.9,2072.35,1744.75,2053.1,1746.85,2028.6,1763.5,2010.4,1788.5,2000.5,1808.85,1994.75,1845.8,2009.35,1863.5,2028.1,1873.95,2047.9,1883.3,2069.25,1887.45,2101.55,1874.45,2132.25,1847.9,2146.35,1814,2148.95,1796.85,2142.15,1782.25,2129.65,1769.75,2108.3,1761.45,2099.45,1751.5,2085.9
3-67,Uninfected,No_comment,Polygon,17,1639,2141.65,1639,2118.7,1651.5,2101.55,1670.25,2090.1,1697.35,2083.3,1718.7,2083.85,1747.9,2095.8,1759.35,2115.1,1768.2,2145.3,1769.75,2172.9,1754.6,2197.35,1729.15,2205.7,1702.6,2205.2,1674.95,2202.6,1651.5,2184.85,1640.6,2170.8,1639.55,2155.2
3-68,Uninfected,No_comment,Polygon,20,1977,1815.95,1980.85,1802.5,1995.3,1788.55,2022.7,1779.4,2049.15,1778.45,2072.2,1789.05,2094.8,1808.25,2103,1832.8,2102.05,1864.05,2091.45,1890.95,2069.35,1903.95,2051.05,1914.05,2034.25,1916.45,2025.1,1906.35,2008.75,1895.75,1991.95,1881.35,1979.9,1867.9,1974.15,1855.85,1971.75,1839.05,1973.65,1827.5
3-69,Uninfected,No_comment,Polygon,16,1890,1912.6,1912.1,1895.3,1936.15,1887.6,1958.25,1890,1984.25,1899.15,2006.85,1909.25,2032.3,1928.45,2041.45,1955.4,2035.7,1974.6,2018.85,1993.85,1993.85,1997.2,1967.4,2001.05,1935.2,2002,1906.35,1986.65,1891.9,1959.25,1887.1,1932.3
3-70,Uninfected,No_comment,Polygon,17,2236.65,1890,2228.5,1915.95,2229.45,1944.35,2242.4,1969.35,2260.2,1989.05,2277.05,1996.25,2299.15,1993.85,2321.25,1987.6,2332.8,1975.6,2342.45,1956.35,2344.35,1932.3,2337.6,1909.25,2323.2,1890,2305.9,1878.45,2291,1872.7,2266.45,1876.55,2253,1880.85
3-71,Uninfected,No_comment,Polygon,24,2054,1621.1,2070.9,1600.55,2094.65,1589.6,2112.9,1590.5,2133.45,1590.05,2153.55,1605.55,2165.85,1621.55,2172.25,1637.1,2164.5,1667.2,2155.85,1692.8,2146.7,1717.45,2138.95,1744.4,2134.35,1769.95,2142.15,1786.4,2133.45,1784.15,2113.35,1771.35,2089.6,1748.95,2068.15,1719.3,2054.9,1698.75,2061.75,1685.95,2063.6,1669.95,2058.1,1651.25,2054.45,1643,2053.55,1633.45
3-72,Uninfected,No_comment,Polygon,15,1955.35,1625.65,1945.3,1640.3,1943.05,1668.15,1954.45,1692.35,1975,1711.05,1995.55,1717.45,2019.75,1715.15,2038,1704.65,2053.1,1688.25,2051.7,1656.25,2043.5,1631.6,2024.75,1612.4,1998.3,1609.7,1978.2,1612.9,1966.75,1618.35
3-73,Uninfected,No_comment,Polygon,17,1785.5,1551.25,1768.6,1577.7,1770.85,1610.6,1785,1641.2,1800.1,1651.25,1832.95,1659.45,1862.2,1659.45,1885.05,1649.4,1900.1,1638,1907.85,1606.95,1907.4,1579.1,1899.2,1560.35,1884.1,1543.9,1867.7,1534.35,1848.95,1527.5,1826.1,1529.3,1810.6,1533.4
3-74,Uninfected,No_comment,Polygon,17,2157.25,1553.95,2160.4,1539.8,2170.45,1524.75,2185.6,1511.95,2205.15,1505.1,2218.45,1502.85,2249.95,1517.45,2265.45,1533.4,2275.5,1559,2273.25,1593.7,2259.55,1610.6,2244.05,1623.85,2218,1632.05,2189.65,1625.2,2171.9,1610.6,2157.7,1591.85,2153.55,1568.15
3-75,Uninfected,No_comment,Polygon,17,2310.2,1622,2301.55,1646.2,2304.25,1675.9,2315.25,1708.8,2337.15,1724.75,2351.8,1730.25,2379.2,1728.4,2401.6,1717.9,2419.8,1706.05,2432.15,1685.95,2437.65,1659.45,2430.8,1632.5,2414.3,1613.35,2396.95,1598.25,2369.15,1593.25,2344,1598.7,2327.1,1609.7
3-76,Uninfected,No_comment,Polygon,16,2422.1,1538.45,2415.75,1560.35,2421.15,1595.55,2443.55,1633.45,2463.7,1643.5,2494.3,1646.2,2524.85,1638.45,2542.25,1617.9,2550.9,1584.55,2543.1,1559.9,2530.35,1538,2515.3,1524.3,2497.45,1515.15,2473.25,1508.3,2450.4,1513.8,2439,1520.65
3-77,Uninfected,No_comment,Polygon,18,2552.65,1490.05,2560.9,1478.65,2578.7,1470.4,2603.35,1465.85,2625.25,1469.5,2655.85,1481.35,2668.65,1499.65,2675.5,1526.15,2670,1547.6,2655.4,1568.6,2637.15,1581.4,2617.05,1586.4,2591.95,1584.1,2572.75,1575,2554.95,1552.15,2547.2,1527.5,2544.9,1516.1,2550.4,1504.65
3-78,Uninfected,No_comment,Polygon,20,2619.8,1332.95,2611.1,1336.6,2595.6,1349.85,2587.85,1377.7,2589.2,1405.1,2602,1428.85,2616.15,1443.95,2634.4,1448.5,2652.65,1461.75,2675.05,1473.15,2689.65,1469.95,2710.65,1461.3,2711.6,1446.2,2721.65,1424.3,2726.2,1396,2720.25,1362.2,2701.55,1339.8,2670.95,1322.45,2652.2,1320.15,2635.75,1326.55
3-79,Uninfected,No_comment,Polygon,19,2760.45,1584.6,2769.55,1566.75,2779.15,1550.35,2794.7,1543.95,2812.05,1542.55,2820.7,1537.1,2841.75,1537.55,2865,1542.1,2887.85,1557.65,2898.35,1597.35,2897.45,1623.4,2886.95,1649.9,2857.7,1667.25,2822.1,1673.65,2798.35,1668.15,2772.75,1650.35,2760,1628.85,2754.5,1604.2,2755.85,1594.6
3-80,Uninfected,No_comment,Polygon,17,2991.05,1423.85,2998.35,1397.3,3005.2,1373.6,3016.65,1355.75,3028.5,1344.85,3046.3,1338.4,3071.45,1338.4,3091.05,1348.5,3110.25,1370.9,3119.4,1400.1,3117.55,1436.2,3097,1463.6,3065.5,1481.35,3031.25,1485.9,3010.7,1477.3,2997.9,1461.75,2991.05,1442.6
3-81,Uninfected,No_comment,Polygon,17,3058.2,1076.75,3065.95,1055.3,3083.75,1037.95,3103.45,1030.15,3127.6,1028.3,3148.6,1036.1,3174.2,1064.4,3186.5,1087.25,3190.15,1108.65,3179.65,1139.7,3150.9,1156.6,3123.95,1159.85,3093.8,1153.4,3072.35,1143.4,3060.5,1119.65,3055,1100.95,3055.9,1090.45
3-82,Uninfected,No_comment,Polygon,19,2900.65,1158.45,2908.4,1141.15,2929.9,1125.15,2956.35,1113.3,2975.55,1107.8,2997,1112.3,3018,1127.85,3031.25,1145.2,3037.2,1164.9,3033.55,1189.1,3014.35,1217.4,2997.9,1232.45,2973.7,1241.6,2954.55,1239.8,2934,1234.75,2918,1224.25,2901.15,1202.8,2897.45,1184,2897.9,1174.45
3-83,Uninfected,No_comment,Polygon,23,2856.35,1048.45,2859.55,1071.75,2864.1,1098.2,2870.95,1113.75,2887.85,1121,2902.5,1127.45,2913.9,1121,2927.15,1109.65,2942.65,1101.4,2957.3,1095.45,2971.9,1094.1,2985.15,1082.7,2994.25,1066.2,2994.7,1042,2987.85,1021.95,2974.65,1005.5,2956.8,997.25,2935.4,991.35,2918.9,990.4,2910.7,997.25,2898.85,1012.75,2886.05,1026.95,2867.75,1039.75
3-84,Uninfected,No_comment,Polygon,21,3019.85,1237.05,3027.6,1218.25,3039.5,1198.2,3051.8,1181.8,3064.6,1173.55,3085.6,1169.9,3106.6,1172.15,3119.85,1176.3,3135.35,1182.65,3148.15,1194.1,3157.3,1214.65,3156.4,1244.8,3145.4,1269,3135.35,1283.55,3117.55,1293.65,3092,1300.9,3072.35,1303.7,3049.05,1295.5,3034.95,1284.05,3025.8,1269.85,3021.2,1256.15
3-85,Uninfected,No_comment,Polygon,20,3387.45,1055.75,3393.85,1041.65,3404.35,1032,3414.85,1024.3,3423.55,1007.8,3435.9,997.75,3452.75,986.4,3476.05,979.55,3498,983.2,3513.95,992.75,3524.9,1019.65,3534.5,1052.1,3527.65,1075.9,3511.2,1101.85,3469.65,1128.35,3447.75,1130.2,3421.7,1121.05,3399.35,1101.85,3387.95,1087.75,3382.45,1072.65
3-86,Uninfected,No_comment,Polygon,17,3281.05,1190.9,3275.1,1173.6,3285.2,1141.6,3302.5,1118.8,3345.9,1101.45,3376.95,1104.65,3394.3,1114.65,3417.2,1142.55,3422.6,1173.15,3415.35,1202.35,3401.15,1220.2,3381.1,1237.1,3363.7,1242.95,3334,1241.6,3314.45,1232.95,3296.1,1221.95,3286.55,1205.55
3-87,Uninfected,No_comment,Polygon,18,3368.3,902.8,3376.5,872.2,3378.8,852.55,3397.05,832,3412.15,823.35,3436.3,814.2,3462.8,811.9,3499.85,825.15,3516.75,850.75,3519.95,878.6,3513.95,904.15,3495.7,933.4,3464.65,948,3432.7,953,3406.2,948.45,3380.6,939.8,3367.8,926.55,3366.05,915.6
3-88,Uninfected,No_comment,Polygon,16,3318.5,914.65,3296.1,928.35,3286.1,951.65,3287.45,996.85,3297.1,1026.1,3310.8,1048,3335,1055.75,3367.4,1052.1,3384.75,1044.8,3397.05,1031.55,3408.5,992.75,3410.75,958.05,3402.05,924.25,3385.15,903.7,3367.8,898.2,3344.05,900.5
3-89,Uninfected,No_comment,Polygon,16,3326.7,889.55,3308,893.2,3282.4,891.85,3259.15,876.3,3239.1,848.9,3231.8,812.35,3245,775.85,3274.2,758.95,3297.1,752.1,3317.15,753,3344.05,763.5,3356.4,780.85,3366.05,812.85,3357.35,844.35,3347.25,868.1,3340,882.7
3-90,Uninfected,No_comment,Polygon,19,3525.4,956.2,3534.1,933.4,3545.95,910.55,3563.25,903.7,3593.4,909.2,3616.7,919.25,3635,943,3658.25,964.9,3665.6,990.45,3664.25,1017.85,3649.1,1051.2,3634.5,1063.55,3604.4,1072.2,3570.1,1069.95,3551.4,1057.6,3539.1,1036.15,3530.85,1005.55,3525.8,985.45,3523.6,971.3
3-91,Uninfected,No_comment,Polygon,17,3662.8,802.3,3652.75,811.9,3645,835.2,3646.35,867.15,3656.4,893.65,3675.15,915.55,3699.8,924.25,3734.05,927,3754.15,916.95,3770.1,897.75,3777.9,873.55,3775.15,847.05,3766.45,811.45,3746.35,794.1,3732.65,785.4,3705.25,784.95,3682.45,789.55
3-92,Uninfected,No_comment,Polygon,17,3579.25,544.35,3594.75,534.75,3618.95,527.9,3645.9,529.25,3673.75,542.05,3692,555.3,3701.15,585.45,3695.2,622.4,3678.8,648.9,3657.3,660.75,3628.55,663.5,3602.05,654.4,3578.75,635.65,3564.15,615.55,3558.7,593.2,3560.5,571.25,3567.8,553.45
3-93,Uninfected,No_comment,Polygon,18,3398.85,690,3421.25,672.65,3435.4,664.45,3465.05,657.1,3486.05,661.25,3510.75,673.55,3523.5,685.45,3530.35,713.75,3528.1,748.45,3518.95,767.65,3502.95,785.9,3481.95,792.75,3449.55,793.2,3418.95,789.55,3400.2,776.75,3392.9,758.05,3389.25,740.7,3391.1,711.9
3-94,Uninfected,No_comment,Polygon,15,3374.2,544.35,3381.95,579.05,3396.1,611.9,3423.5,637.95,3444.95,641.15,3470.55,642.5,3494.3,632.45,3515.75,610.1,3520.3,577.65,3511.65,553,3498.4,532,3473.75,519.2,3435.85,515.55,3399.75,520.1,3376.45,528.8
3-95,Uninfected,No_comment,Polygon,15,3713.95,524.7,3730.85,490.45,3750.5,468.95,3782.45,459.85,3803.9,458.45,3824.9,459.4,3853.25,473.1,3873.35,497.75,3877.45,534.75,3868.3,566.7,3852.3,587.25,3813.05,587.25,3766.45,579.5,3737.25,560.75,3716.7,535.2
3-96,Uninfected,No_comment,Polygon,17,3698.9,656.2,3708.5,637,3719.9,615.55,3748.2,601.4,3779.25,600.05,3813.95,612.35,3833.15,620.1,3850.05,648,3850.05,675.85,3838.15,703.25,3813.05,722.4,3782.45,732.45,3757.35,734.75,3731.75,728.8,3712.15,715.1,3699.8,695,3697.05,679.95
3-97,Uninfected,No_comment,Polygon,18,3341.9,339,3349.4,321.65,3365.15,301.6,3395.05,272.05,3407.65,272.85,3426.55,282.3,3451.35,302,3464.35,324.05,3471.85,357.1,3469.1,389.4,3448.6,411.45,3413.55,423.25,3389.55,423.25,3369.1,415.35,3352.15,405.9,3343.9,391.35,3338.35,373.65,3339.15,352.75
3-98,Uninfected,No_comment,Polygon,20,3484.85,300.4,3490.35,287.4,3507.25,268.5,3519.5,257.9,3543.1,257.9,3565.95,260.25,3582.85,272.45,3590.35,294.1,3586,313.8,3587.6,332.3,3592.25,351.05,3598.55,372.7,3580.85,386.85,3555.25,382.55,3534.85,392.95,3504.9,391.75,3493.9,378.75,3488.75,359.45,3481.7,335.05,3478.95,316.55
3-99,Uninfected,No_comment,Polygon,17,3273.8,231.1,3281.3,215.35,3297.4,198.45,3324.6,187.4,3368.3,185.85,3384.05,193.7,3397.8,209.45,3408.45,224.8,3407.65,249.6,3392.3,272.05,3367.9,295.3,3338.75,312.6,3306.1,309.85,3284.8,301.2,3273.4,283.45,3267.9,264.95,3271.05,245.7
3-100,Uninfected,No_comment,Polygon,20,2972.65,392.15,2962,414.95,2957.3,436.25,2956.5,457.9,2959.65,477.95,2969.5,492.55,2984.05,502,2998.25,501.6,3019.9,498.85,3034.45,491.75,3046.25,484.65,3070.3,476.8,3084.45,461.05,3093.9,440.55,3095.1,413.4,3079.75,384.65,3054.9,371.25,3024.2,363.4,3003.8,369.3,2986,378.35
3-101,Uninfected,No_comment,Polygon,18,2983.7,392.55,2970.25,389,2941.9,385.45,2918.7,366.15,2906.55,329.9,2911.2,295.3,2937.6,261,2961.65,251.95,2990,248.4,3015.2,251.95,3032.5,264.95,3045.1,279.9,3049,309.05,3049.85,335.05,3036.8,351.6,3030.95,367,3019.9,379.2,3001,387.85
3-102,Uninfected,No_comment,Polygon,17,3144.7,479.15,3147.45,460.25,3158.45,438.6,3180.5,424.8,3197.1,415.35,3218.7,415.35,3240.35,425.6,3260.1,443.3,3270.75,466.15,3268.3,505.15,3258.85,522.85,3242.75,538.2,3210.9,551.2,3189.95,551.2,3167.2,539.4,3154.6,525.2,3145.5,498.45
3-103,Uninfected,No_comment,Polygon,18,2993.4,552.35,3000.9,532.7,3011.15,520.1,3031.65,511.8,3067.1,502.35,3086.3,495.65,3108.8,501.2,3130.1,516.95,3143.05,537.4,3147.8,561.45,3135.95,592.15,3113.9,609.05,3093.45,618.9,3059.15,622.05,3035.15,618.9,3016.3,610.65,3003.3,598.05,2992.65,579.95
3-104,Uninfected,No_comment,Polygon,18,2895.85,692.15,2912.4,666.15,2926.95,646.85,2952.95,633.45,2975.35,629.95,2997.4,637.8,3013.15,648.45,3027.75,672.85,3031.3,705.55,3024.6,729.95,3006.5,752.75,2976.95,766.95,2942.7,768.1,2924.6,762.6,2907.25,746.1,2892.3,729.15,2888.75,714.6,2891.1,706.3
3-105,Uninfected,No_comment,Polygon,19,2798.6,626.8,2795.45,632.3,2789.95,648.85,2792.3,672.45,2801.75,691.75,2811.6,703.15,2835.6,709.05,2854.1,707.9,2873.4,700.8,2889.55,677.55,2897.8,661.45,2903.3,644.5,2902.55,614.95,2890.35,597.65,2869.05,587.4,2849.75,587.4,2830.5,598.45,2817.5,605.15,2811.6,611.8
3-106,Uninfected,No_comment,Polygon,20,3090.35,771.65,3095.45,750,3105.3,732.3,3128.15,714.2,3145.45,705.55,3166.7,706.7,3192.7,716.55,3210.45,734.25,3218.7,751.15,3222.65,774.8,3226.55,798.45,3218.3,818.55,3205.3,835.45,3183.65,845.7,3154.1,850.8,3129.7,843.35,3114.35,832.7,3100.6,815,3091.5,799.25,3089.15,787.8
3-107,Uninfected,No_comment,Polygon,19,2669.05,733.9,2657.2,757.5,2645.8,776,2632.8,786.25,2629.65,811.85,2635.95,839,2656.45,867.35,2676.9,878.4,2697.8,883.5,2721,878.4,2739.5,867.35,2752.9,844.55,2761.55,820.9,2760.75,791.75,2751.3,760.3,2738.75,740.6,2719.45,728,2696.6,723.65,2678.1,726.4
3-108,Uninfected,No_comment,Polygon,19,2787.95,935.5,2790.3,913.85,2801.7,894.55,2817.45,879.95,2850.55,874.05,2868.65,877.2,2883.6,887.85,2904.9,904.4,2915.9,927.2,2918.65,954,2915.5,972.1,2899.75,995.35,2882.05,1010.6,2857.85,1017.65,2832.25,1014.6,2812.45,1001.8,2796.15,987.3,2785.15,963.05,2785.15,943.65
3-109,Uninfected,No_comment,Polygon,19,2907.7,856.6,2914.1,837.35,2926.95,820.05,2943.05,801.6,2976.35,788.4,2996.85,785.95,3012.9,788.4,3031,796.8,3041.8,815.65,3051.05,833.3,3045.45,863.1,3031.4,895.15,3008.1,908,2982.4,916.05,2955.05,920.05,2933,915.25,2919.75,902,2911.3,891.15,2908.1,874.75
3-110,Uninfected,No_comment,Polygon,18,2673.95,980.7,2665.9,995.15,2659.9,1021.7,2663.1,1048.2,2677.95,1074.35,2691.25,1096.4,2714.5,1101.6,2736.6,1098.8,2754.3,1091.15,2776.35,1071.1,2786.4,1048.6,2786,1016.85,2778.4,991.95,2761.1,973.9,2743.45,961.85,2723.35,957.4,2700.85,961.45,2690,968.25
3-111,Uninfected,No_comment,Polygon,21,2549.45,1122.1,2558.7,1111.65,2571.15,1105.2,2583.2,1091.15,2590.8,1079.5,2602.05,1071.1,2614.9,1065.85,2640.6,1069.05,2663.5,1079.5,2674.75,1095.6,2682.4,1115.65,2682,1147.8,2671.15,1168.25,2658.7,1185.55,2642.65,1194.8,2610.5,1196,2578.75,1200,2562.3,1190.75,2551.45,1172.3,2545.45,1146.6,2548.25,1132.5
3-112,Uninfected,No_comment,Polygon,18,2209.8,1335.4,2214.5,1308.55,2231.95,1294.9,2254.9,1284.7,2283.45,1289,2311.95,1296.6,2330.25,1306,2344.75,1318.75,2353.65,1343.85,2355.75,1369.85,2342.6,1397.9,2323.9,1418.3,2299.6,1426,2261.3,1423.85,2237.45,1417.05,2217.05,1395.75,2208.6,1379.15,2204.75,1354.55
3-113,Uninfected,No_comment,Polygon,21,2193.2,1329.85,2199.6,1316.25,2202.6,1307.25,2192,1290.25,2173.65,1269.85,2147.75,1253.25,2124.7,1248.95,2100,1251.95,2081.3,1259.6,2068.55,1279.15,2061.3,1291.1,2069.4,1320.45,2079.15,1334.05,2096.6,1354.55,2109,1371.15,2120.45,1378.3,2142.6,1382.6,2165.6,1377.9,2184.75,1365.55,2193.2,1352.85,2193.65,1337.45
3-114,Uninfected,No_comment,Polygon,22,2134.9,1140.5,2129.85,1152.8,2126.85,1171.95,2130.3,1193.7,2135.75,1209.8,2138.75,1222.15,2149,1234.55,2166,1243,2182.15,1251.1,2200,1251.55,2216.2,1246,2230.65,1236.6,2242.15,1222.15,2242.15,1209.8,2248.95,1194.55,2252.8,1173.25,2246.45,1146.85,2233.2,1123,2212.35,1113.65,2189.8,1113.25,2166.45,1120,2149,1127.7
3-115,Uninfected,No_comment,Polygon,22,2273.2,1179.65,2282.6,1168.1,2305.6,1160,2328.6,1157.1,2341.75,1160.85,2357.5,1171.1,2366.05,1183.85,2372.8,1201.3,2375.75,1220.85,2372.8,1244.3,2374.5,1266,2382.2,1287.7,2390.65,1300.45,2373.2,1294.9,2353.65,1286.85,2320.5,1285.15,2292.8,1278.3,2272.8,1269.85,2260.05,1253.7,2254.5,1233.25,2252.8,1213.7,2262.6,1195.8
3-116,Uninfected,No_comment,Polygon,19,2555.4,1231.55,2544.7,1245.55,2539.65,1261.7,2542.15,1286.85,2553.65,1309,2573.65,1318.3,2590.25,1322.15,2616.25,1318.75,2637.1,1311.55,2657.55,1301.3,2665.55,1286.85,2668.1,1263.45,2669.85,1241.7,2659.6,1224.7,2648.1,1216.6,2632.8,1213.25,2608.55,1211.95,2585.55,1217.45,2574.1,1220
3-117,Uninfected,No_comment,Polygon,21,1999.1,1313.55,1980.7,1339.15,1975.45,1364.25,1976.35,1396.65,1989.45,1422.25,2008.3,1444.95,2028.55,1449.3,2050.75,1451.7,2065.3,1441.55,2083.65,1430.45,2093.75,1421.75,2096.2,1411.15,2102.95,1400,2109.25,1392.3,2101.05,1379.75,2090.85,1353.65,2074.35,1328.4,2044.05,1305.8,2031.45,1293.25,2017.45,1299.05,2006.85,1303.9
3-118,Uninfected,No_comment,Polygon,19,1842.1,1359.9,1840.65,1341.1,1844.5,1313.55,1857.1,1291.8,1873.5,1277.8,1891.4,1266.2,1919.9,1262.8,1943.05,1272,1958.05,1281.15,1968.7,1299.55,1972.55,1330.45,1967.25,1358.45,1960.45,1384.05,1943.55,1408.7,1919.9,1415.5,1893.3,1414.05,1872.55,1405.35,1853.7,1386,1845.95,1375.85
3-119,Uninfected,No_comment,Polygon,16,1660.4,1244.7,1672.6,1215.25,1694.9,1193.9,1718.25,1181.75,1748.7,1182.25,1770.55,1195.45,1785.25,1216.75,1792.9,1250.25,1786.8,1289.85,1766.5,1320.8,1737.05,1334,1702,1335.55,1680.7,1325.9,1663.45,1313.7,1656.35,1290.85,1655.85,1267
3-120,Uninfected,No_comment,Polygon,17,1444.4,1139.9,1433.9,1163.9,1427.4,1186.9,1427.9,1222.4,1441.9,1255.4,1467.4,1281.4,1492.4,1289.4,1515.4,1293.9,1541.4,1285.9,1557.9,1267.4,1569.9,1243.4,1570.9,1216.9,1563.4,1191.4,1541.4,1167.9,1513.9,1153.4,1490.4,1140.4,1458.4,1135.4
3-121,Uninfected,No_comment,Polygon,19,1500.9,1006.9,1488.9,1031.4,1479.4,1051.9,1472.4,1078.4,1472.9,1108.4,1484.4,1131.4,1504.3,1148.8,1536.8,1168.8,1564.9,1181.4,1583.9,1183.4,1608.4,1170.9,1619.4,1154.9,1612.4,1119.4,1602.4,1083.4,1592.4,1068.9,1569.4,1055.9,1547.4,1041.9,1534.4,1027.4,1508.4,1004.4
3-122,Uninfected,No_comment,Polygon,17,1620.9,1078.4,1628.4,1061.9,1640.9,1049.4,1657.9,1031.4,1677.9,1026.4,1705.4,1029.4,1731.4,1038.9,1747.9,1062.9,1756.4,1084.4,1750.9,1113.9,1738.9,1141.9,1709.9,1160.9,1682.4,1161.4,1648.9,1152.4,1633.4,1136.4,1622.9,1111.4,1620.4,1097.4
3-123,Uninfected,No_comment,Polygon,18,1524.9,957.9,1523.9,982.9,1534.9,1018.4,1554.3,1044.3,1588.4,1053.4,1614.4,1050.9,1628.9,1044.4,1644.4,1029.9,1653.4,1016.9,1655.9,997.4,1652.4,962.9,1642.4,937.9,1624.9,920.9,1600.9,907.45,1567.9,909.95,1555.4,919.9,1541.4,935.4,1530.9,943.4
3-124,Uninfected,No_comment,Polygon,16,1737.4,903.9,1723.9,921.9,1713.9,946.4,1712.9,984.9,1726.4,1011.9,1753.9,1039.4,1779.4,1043.9,1803.9,1038.9,1829.4,1027.4,1845.9,994.4,1843.4,973.9,1830.9,939.9,1812.4,908.4,1787.9,895.9,1771.4,890.9,1755.9,894.4
3-125,Uninfected,No_comment,Polygon,17,1712.9,849.4,1713.4,821.9,1715.9,787.4,1727.4,771.4,1753.9,754.4,1788.4,750.4,1807.4,757.9,1823.4,767.4,1836.4,783.4,1840.9,812.9,1840.4,840.4,1813.9,862.9,1790.9,881.4,1772.4,884.9,1751.4,885.4,1730.4,874.9,1722.9,868.4
3-126,Uninfected,No_comment,Polygon,16,1707.9,767.4,1711.9,795.9,1704.4,816.9,1706.4,859.9,1701.4,877.4,1683.4,892.9,1657.9,898.9,1613.9,895.9,1593.9,876.4,1574.9,833.9,1585.4,796.9,1602.4,763.4,1622.4,751.9,1652.9,744.9,1684.9,748.4,1701.4,754.9
3-127,Uninfected,No_comment,Polygon,18,1810.8,861.8,1812.4,890.9,1818.4,912.4,1841.9,948.4,1858.9,972.9,1880.4,982.4,1922.4,978.4,1945.9,962.4,1958.4,936.9,1961.9,904.9,1949.4,870.9,1925.9,842.4,1903.4,825.9,1871.9,824.4,1841.3,824.35,1812.8,814.85,1806.8,828.85,1809.8,848.85
3-128,Uninfected,No_comment,Polygon,19,1994.4,975.9,1985.9,991.9,1961.9,1015.4,1955.4,1037.9,1952.4,1071.4,1965.9,1100.4,1981.9,1123.4,1995.4,1138.4,2019.9,1144.9,2043.9,1141.9,2055.9,1133.4,2064.9,1126.4,2074.9,1109.4,2076.9,1084.9,2063.4,1052.9,2048.9,1027.9,2030.9,1007.4,2009.9,977.9,1999.9,969.4
3-129,Uninfected,No_comment,Polygon,20,2047.9,1015.4,2052.4,992.9,2064.9,981.4,2077.4,975.9,2095.9,979.4,2115.4,986.9,2130.9,995.4,2154.9,999.4,2176.9,1014.4,2187.4,1031.9,2194.4,1060.9,2189.4,1079.9,2175.4,1096.4,2146.4,1112.4,2112.4,1116.9,2086.9,1103.4,2069.8,1085.8,2056.3,1068.3,2044.3,1044.3,2045.8,1028.8
3-130,Uninfected,No_comment,Polygon,16,2020.9,752.4,2005.9,767.4,1995.9,787.4,1997.4,815.4,2009.4,843.9,2031.9,864.4,2055.9,868.4,2079.9,860.9,2096.9,851.9,2117.9,839.9,2128.9,812.4,2129.9,787.4,2114.9,758.9,2096.4,747.9,2072.4,742.4,2041.9,743.9
3-131,Uninfected,No_comment,Polygon,19,1897.1,677.25,1890.55,691.95,1886.2,720.85,1896.15,738.35,1911.35,754,1933.15,765.4,1952.55,766.35,1974.85,766.8,1998.05,757.8,2016.1,743.6,2023.65,722.75,2028.4,697.15,2018.45,678.65,2006.1,665.85,1988.1,654,1965.35,645.5,1938.4,649.75,1919.85,655.9,1908.95,663.5
3-132,Uninfected,No_comment,Polygon,20,2071.1,918.95,2071.1,908.05,2080.6,885.3,2102.85,864.9,2126.55,857.8,2140.7,853.05,2162.05,854.95,2182.45,863,2205.2,887.2,2217,911.85,2225.15,940.25,2220.8,967.75,2208.95,988.15,2178.15,993.8,2156.35,984.35,2137,973.9,2122.25,967.75,2100.45,959.7,2085.25,952.6,2072.95,937.4
3-133,Uninfected,No_comment,Polygon,19,2294.75,660.65,2295.25,642.6,2307.55,619.85,2324.15,611.35,2353.05,602.3,2367.75,599,2389.55,593.3,2401.4,609.9,2424.15,632.65,2436.95,658.7,2444.55,699.5,2427.45,722.25,2409.45,735.45,2374.4,739.75,2349.25,740.7,2327,730.3,2310.9,719.4,2298.55,701.85,2291,672
3-134,Uninfected,No_comment,Polygon,24,2258.75,803.3,2249.75,817.55,2251.15,840.25,2259.7,862.55,2268.7,878.65,2283.4,888.15,2307.1,897.15,2326.5,890.5,2340.25,881.05,2351.65,865.4,2370.1,853.55,2377.25,845,2383.4,837.9,2390.5,823.7,2393.8,811.85,2391.9,793.85,2383.4,772.5,2370.1,758.75,2345,751.2,2313.25,756.85,2301.4,762.55,2290.05,775.8,2279.6,789.55,2267.75,798.55
3-135,Uninfected,No_comment,Polygon,18,2491.9,823.2,2495.7,812.3,2504.25,799.5,2523.65,787.65,2552.6,787.2,2575.8,796.65,2594.3,814.7,2599.5,837.9,2605.65,864.45,2596.65,888.6,2583.4,908.05,2556.85,923.7,2539.3,919.9,2518.45,907.55,2501.85,891,2491.45,871.1,2486.7,856.4,2487.65,838.4
3-136,Uninfected,No_comment,Polygon,23,2667.25,431.25,2672.95,397.15,2683.4,378.15,2700.9,362.05,2725.1,351.15,2750.7,347.85,2775.75,355.4,2800.9,379.6,2812.3,401.4,2816.55,420.8,2809.4,441.65,2808.05,467.75,2800.9,484.35,2789.05,502.8,2777.7,507.1,2766.25,499.5,2751.15,490.95,2732.15,489.55,2714.65,489.05,2702.35,481,2694.3,472,2685.3,461.1,2672.5,448.3
3-137,Uninfected,No_comment,Polygon,22,2695.7,523.2,2683.85,546.4,2688.6,572.5,2698.05,592.4,2710.8,614.2,2728.4,627.45,2748.8,633.15,2772,631.25,2781.95,623.65,2793.35,610.85,2803.75,599,2812.3,590,2833.15,578.65,2838.85,563.5,2836,543.1,2825.1,523.65,2807.55,504.2,2790.45,498.55,2767.7,496.65,2741.2,502.8,2726.5,499.95,2711.35,504.2
3-138,Uninfected,No_comment,Polygon,20,2427.95,318,2409.45,320.85,2396.2,334.1,2387.2,364,2394.3,395.25,2409,420.4,2436,432.7,2455.45,433.6,2475.35,426.5,2487.65,415.6,2497.6,401.4,2508.05,390.5,2517.5,379.6,2521.3,356.85,2515.6,331.75,2503.75,307.6,2487.2,298.1,2470.1,299.5,2450.2,306.1,2437.9,312.75
3-139,Uninfected,No_comment,Polygon,21,2483.85,444.5,2494.75,433.6,2509.45,420.85,2516.55,409.5,2525.55,399.95,2536.95,392.85,2554.95,389.55,2574.85,393.3,2589.1,401.85,2604.25,420.85,2612.75,450.7,2608.05,477.2,2597.6,502.8,2581.5,521.75,2559.2,535.05,2525.1,535.5,2508.05,531.75,2490.95,519.9,2480.05,499.95,2475.35,479.6,2476.3,462.55
3-140,Uninfected,No_comment,Polygon,17,2272.45,77.7,2269.2,111.8,2261.1,139.3,2269.65,178.15,2285.75,199.5,2307.05,214.15,2325.55,218.5,2349.7,215.6,2363,206.1,2376.75,198.1,2397.6,185.3,2407.05,172.45,2411.8,152.15,2401.9,120.4,2389.6,102.8,2370.1,81,2345.45,51.65
3-141,Uninfected,No_comment,Polygon,22,2350.65,230.8,2343.1,245.95,2343.1,267.25,2349.7,289.05,2364.4,304.2,2381.45,308.55,2399.5,310.85,2412.8,302.3,2427.45,295.75,2450.65,290.95,2464.9,281.45,2476.75,259.65,2485.25,235.95,2477.2,212.75,2464.9,193.8,2440.7,181.45,2417,183.9,2401.45,193.8,2392.35,205.65,2381.45,215.6,2369.65,217,2359.2,223.65
3-142,Uninfected,No_comment,Polygon,19,2205.15,235.95,2196.65,255.9,2194.25,283.35,2204.7,316.55,2219.85,341.7,2247.85,350.7,2267.8,352.15,2286.2,344.5,2306.1,335.5,2319.4,323.65,2329.8,304.2,2331.25,273,2327.9,253.1,2313.75,227.45,2290,208.55,2261.55,202.8,2238.35,208.55,2221.3,216.55,2213.75,223.2
3-143,Uninfected,No_comment,Polygon,21,2543.1,146.9,2533.6,158.25,2530.75,178.15,2529.35,204.7,2542.15,240.3,2551.15,251.65,2566.85,263.5,2585.75,268.7,2609.9,269.15,2634.6,262.55,2651.15,251.65,2663.95,238.35,2673.9,216.05,2673.9,188.1,2664.9,165.4,2653.05,145.95,2631.7,140.3,2612.35,139.75,2586.7,133.15,2570.55,132.2,2556.9,136.45
3-144,Uninfected,No_comment,Polygon,17,2953.05,54.95,2939.3,86.2,2937.85,122.7,2937.4,154.45,2944.1,183.3,2958.7,206.05,2976.25,217.95,3005.65,229.8,3038.8,240.25,3049.7,230.3,3055,200.45,3050.65,158.7,3044.55,126,3031.25,99,3016.55,80,2993.8,69.6,2965.9,58.2
3-145,Uninfected,No_comment,Polygon,19,3104.2,267.25,3112.3,243.55,3121.8,226,3146.85,215.55,3171.5,212.7,3190.5,218.45,3208.95,231.25,3224.1,258.7,3229.8,298.05,3223.65,316.95,3212.3,330.75,3202.3,350.2,3197.6,354.45,3181,346.85,3156.85,344.5,3137.4,339.3,3119.85,319.4,3109.9,294.75,3105.65,282.35
3-146,Uninfected,No_comment,Polygon,17,1524.7,1711.9,1547.8,1689.85,1579.1,1675,1601.15,1674.45,1628.8,1683.7,1658.05,1699.6,1669.85,1718.55,1680.6,1739.1,1681.65,1775,1669.85,1801.15,1655,1815,1633.95,1820.65,1607.8,1821.65,1570.35,1811.4,1539.05,1792.4,1529.35,1768.85,1522.15,1730.35
3-147,Uninfected,No_comment,Polygon,17,1399.05,1713.45,1387.8,1733.45,1384.7,1753.45,1387.8,1775,1397.5,1791.9,1410.85,1807.8,1429.85,1820.1,1455.5,1830.35,1492.4,1825.75,1511.4,1812.95,1535.45,1780.05,1528.75,1744.15,1514.45,1712.95,1494.95,1695.5,1463.7,1684.2,1438.05,1688.8,1420.1,1694.45
3-148,Uninfected,No_comment,Polygon,25,2368.55,1116.25,2385.3,1111.85,2404,1109.35,2435.05,1105.95,2454.75,1096.55,2479.9,1090.15,2499.1,1088.7,2518.3,1099.1,2530.6,1113.3,2535.55,1129.55,2531.1,1141.9,2535.55,1166.5,2530.1,1190.15,2514.35,1204.45,2493.2,1207.9,2475.95,1202.95,2457.05,1196.15,2437.35,1192.2,2407.3,1190.7,2389.7,1192.7,2379.85,1182.8,2373,1170.45,2363.1,1151.75,2362.15,1131.55,2364.1,1125.15
3-149,Uninfected,No_comment,Polygon,23,2351.8,888.25,2363.1,870,2378.4,853.7,2395.15,840.4,2408.95,832,2432.6,828.55,2457.7,835.95,2465.1,849.75,2470.5,864.55,2473.45,883.3,2482.35,894.1,2493.65,907.4,2498.1,921.2,2490.7,940.45,2478.9,956.15,2461.15,961.1,2442.45,957.65,2420.25,957.65,2393.15,964.55,2367.55,963.6,2353.25,945.4,2346.35,927.1,2343.9,898.05
3-150,Uninfected,No_comment,Polygon,17,2538.5,688.65,2545.9,664.5,2583.85,639.9,2607.45,639.9,2626.7,651.2,2641.45,664.5,2651.3,685.2,2659.2,712.3,2652.8,734,2640,760.1,2623.25,777.85,2604.05,786.7,2577.9,781.75,2558.2,770.95,2544.4,748.75,2536.05,727.1,2536.05,703.95
3-151,Uninfected,No_comment,Polygon,21,2092.85,564.9,2088.05,588,2081.35,600.95,2066.9,612.05,2058.25,626.45,2050.1,651.45,2051.55,676.95,2060.2,701.45,2070.3,716.9,2081.8,726,2101.55,730.8,2116.45,732.7,2140,724.55,2148.65,708.2,2155.4,695.2,2166.9,665.4,2164.05,628.85,2155.4,611.1,2133.75,587.05,2111.6,572.15,2096.25,559.2
3-152,Uninfected,No_comment,Polygon,18,2006.75,463.85,1988.55,487.45,1983.65,509.55,1976.5,533.15,1978.9,559.6,1991.85,580.25,2014.9,596.15,2033.7,598.55,2059.7,592.3,2071.2,577.85,2085.6,563.45,2097.6,533.15,2094.8,505.2,2087.5,490.8,2065.45,471.6,2051.05,460.55,2034.7,452.35,2017.4,452.35
3-153,Uninfected,No_comment,Polygon,19,1863.5,425.45,1850.95,436.5,1839.5,452.85,1831.3,481.7,1835.15,517.3,1847.65,542.7,1871.2,558.65,1894.25,568.75,1921.7,567.7,1943.35,557.65,1956.75,543.25,1961.6,517.3,1968.35,500.45,1976.05,480.75,1966.9,452.85,1951.05,432.2,1934.7,421.1,1913.5,412.95,1886.05,412.45
3-154,Uninfected,No_comment,Polygon,18,2056.25,381.2,2070.7,366.8,2083.7,360.55,2117.4,349,2147.6,344.7,2166.35,348.5,2183.2,355.75,2201.45,384.1,2203.85,411.05,2198.65,436.05,2182.3,457.2,2159.7,471.6,2127.5,476.35,2099.1,472.1,2077.45,459.1,2063.05,440.85,2058.7,420.1,2053.9,400.95
3-155,Uninfected,No_comment,Polygon,22,2097.65,206.7,2085.15,215.35,2065.45,225.95,2057.75,243.7,2053.4,262.95,2049.6,277.85,2043.8,290.85,2037.05,308.6,2043.35,334.1,2055.35,345.65,2074.1,348.05,2091.9,339.9,2127.45,328.8,2143.8,332.2,2164.95,332.2,2177.95,320.15,2187.1,308.6,2182.75,274,2168.8,239.4,2155.85,218.7,2136.6,206.7,2118.4,200.95
3-156,Uninfected,No_comment,Polygon,16,4096.65,1384.95,4113.65,1367.95,4134.5,1351.95,4154.4,1344.65,4172.4,1341.75,4203.95,1347.55,4221.4,1361.15,4231.6,1382.5,4233.05,1412.6,4219.95,1441.25,4202,1456.8,4165.1,1466,4132.1,1465.55,4108.8,1451.95,4099.55,1433.5,4093.75,1396.1
3-157,Uninfected,No_comment,Polygon,16,4101.5,1519.9,4103.95,1497.1,4120.45,1483,4141.3,1479.1,4170.45,1480.1,4196.15,1487.85,4214.15,1500.5,4226.25,1525.25,4225.8,1547.55,4216.55,1567.95,4194.7,1581.55,4170.45,1585.9,4146.15,1584.95,4117.05,1575.7,4104.9,1556.8,4098.6,1536.4
3-158,Uninfected,No_comment,Polygon,17,3805.9,1494.65,3802,1520.9,3799.1,1545.15,3801.1,1578.65,3815.1,1614.1,3828.7,1622.35,3853.45,1625.75,3869,1619.45,3879.2,1607.3,3882.6,1594.65,3882.1,1577.2,3872.9,1553.9,3874.35,1542.25,3869.95,1526.2,3862.2,1508.25,3852,1499.05,3824.35,1492.75
3-159,Uninfected,No_comment,Polygon,16,3863.65,1123.3,3846.65,1132.5,3840.35,1150.95,3835.5,1172.8,3844.7,1199.5,3868.95,1220.85,3892.25,1225.25,3928.2,1219.4,3952.95,1201.45,3965.1,1172.35,3962.65,1149.5,3953.45,1128.15,3934.5,1111.15,3914.6,1106.3,3899.55,1108.75,3882.55,1109.7
3-160,Uninfected,No_comment,Polygon,18,3690.8,1198.05,3699.05,1183,3713.65,1170.4,3736.45,1160.7,3763.15,1156.3,3785.45,1163.1,3805.85,1179.6,3816.55,1195.15,3823.8,1220.4,3818,1247.1,3805.85,1269.4,3782.1,1293.2,3765.1,1297.1,3738.85,1296.6,3717.5,1287.4,3699.55,1267.95,3691.3,1244.15,3685,1218.95
3-161,Uninfected,No_comment,Polygon,20,3845.65,1305.8,3844.2,1289.8,3848.6,1267.95,3857.8,1252.9,3874.8,1243.2,3909.25,1236.9,3934,1237.85,3966.55,1242.25,3985,1257.3,3997.6,1278.15,4005.85,1307.3,4001.5,1332.5,3987.9,1350.95,3963.15,1362.15,3935.5,1361.65,3914.1,1352.45,3898.1,1347.1,3875.75,1342.25,3864.6,1336.9,3849.55,1321.85
3-162,Uninfected,No_comment,Polygon,19,3723.3,1104.85,3727.7,1078.65,3743.7,1057.75,3775.25,1045.15,3797.55,1040.3,3829.15,1040.8,3852.45,1051,3872.85,1062.15,3884,1080.1,3882.05,1096.15,3869.95,1107.3,3851.95,1116.5,3841.3,1128.15,3826.25,1145.65,3805.85,1157.85,3772.35,1157.3,3747.55,1152.9,3730.05,1136.4,3724.25,1120.9
3-163,Uninfected,No_comment,Polygon,17,3848.1,934.45,3835.9,952.45,3831.1,981.55,3840.3,1005.85,3859.2,1029.15,3877.65,1042.75,3900.5,1045.65,3926.75,1039.8,3947.1,1028.65,3964.1,1012.65,3972.35,984.95,3967,956.3,3958.75,934.95,3938.4,917.5,3905.85,907.3,3875.75,916,3856.75,922.8
3-164,Uninfected,No_comment,Polygon,17,4033.55,1011.15,4041.3,983,4057.8,964.55,4082.1,952.9,4099.1,946.6,4121.4,951.45,4135.95,960.7,4151,991.75,4163.15,1021.85,4163.15,1046.1,4152,1074.3,4120.9,1091.75,4084.5,1094.2,4062.65,1090.8,4048.6,1075.75,4038.4,1054.35,4033.55,1033.5
3-165,Uninfected,No_comment,Polygon,16,3881.1,820.85,3891.8,792.7,3907.35,775.7,3935.5,764.55,3981.1,765.05,4013.15,777.65,4030.65,809.2,4034.5,845.6,4021.9,877.2,4002.45,896.1,3978.2,908.75,3953.45,907.25,3925.3,899,3905.4,883.95,3888.4,858.25,3879.65,841.75
3-166,Uninfected,No_comment,Polygon,19,3460.9,1437.65,3475.3,1422.45,3495.3,1413.25,3517.7,1404.85,3542.9,1405.65,3562.5,1414.45,3578.1,1423.65,3590.5,1442.05,3598.1,1466.85,3594.9,1490.45,3578.9,1507.25,3563.7,1516.85,3528.1,1524.45,3501.7,1518.85,3484.5,1508.45,3468.1,1494.05,3456.1,1481.25,3454.9,1462.05,3458.5,1446.05