166,5312,2988
1-1,Uninfected,No_comment,Polygon,21,2675.65,1016.6,2675.65,1000.05,2677.85,980.35,2691.45,962.9,2710.15,952,2727.2,947.2,2744.65,948.45,2763.05,955.95,2776.55,967.7,2788.75,985.2,2795.3,1000.45,2796.7,1023.6,2794.95,1041.1,2791.85,1058.5,2784.45,1072.45,2766.5,1085.65,2741.65,1090.85,2718.05,1086.05,2699.25,1073.4,2682.7,1055.5,2676.55,1037.6
1-2,Uninfected,No_comment,Polygon,19,2545.95,927.95,2540.3,952,2540.3,984.3,2543.35,1005.2,2551.25,1031.9,2562.15,1054.55,2575.65,1065.9,2590.05,1072.95,2608,1075.55,2632.85,1068.15,2653.4,1050.2,2661.3,1036.25,2667.35,1017.95,2658.7,985.2,2648.2,961.15,2638.15,946.3,2605.8,930.15,2576.6,925.35,2553.85,919.25
1-3,Uninfected,No_comment,Polygon,19,2474.85,1075.55,2461.75,1094.8,2457.3,1117.95,2461.75,1144.55,2476.95,1170.8,2488.3,1183,2511.45,1203.05,2534.6,1211.85,2554.7,1209.6,2575.65,1197.35,2594.9,1179.05,2601.45,1148.95,2600.6,1117.95,2586.15,1093.5,2566.95,1075.55,2542.1,1059.35,2525.45,1054.2,2503.15,1058.1,2488.3,1063.8
1-4,Uninfected,No_comment,Polygon,19,2316.7,1029.3,2312.3,1008.3,2315.8,986.05,2333.7,962.45,2356.4,949.8,2387,943.25,2412.75,950.7,2431.55,964.65,2444.2,984.3,2448.55,1006.15,2445.5,1032.35,2435.45,1059,2414.95,1075.55,2389.6,1082.1,2366.9,1077.75,2346.8,1067.7,2331.1,1056.8,2322.8,1046.3,2319.3,1037.15
1-5,Uninfected,No_comment,Polygon,21,2204.85,909.6,2212.3,883,2217.55,865.1,2223.2,855.45,2245.05,849.3,2276.5,845.8,2298.75,852.35,2316.65,860.65,2330.65,881.65,2341.1,903.45,2342.4,928.4,2337.2,946.3,2321.9,966.85,2293.95,985.15,2273,988.2,2245.05,982.05,2227.15,968.1,2214.05,954.6,2212.3,937.55,2202.7,927.5,2197,920.95
1-6,Uninfected,No_comment,Polygon,23,2736.35,745.9,2744.2,732.8,2762.1,717.5,2783.95,710.05,2814.1,708.75,2837.2,711.4,2864.3,716.6,2885.25,720.55,2895.75,739.75,2900.55,762.05,2894.45,785.6,2884.8,805.7,2873.05,814.45,2855.55,814.9,2822.4,818.8,2806.2,824.9,2781.75,830.6,2764.75,830.6,2744.65,822.75,2732,808.35,2727.15,789.55,2726.75,774.25,2731.55,754.6
1-7,Uninfected,No_comment,Polygon,21,2787,836.7,2783.95,853.75,2786.55,879.05,2792.7,903.1,2797.9,920.1,2810.6,934.5,2830.25,946.75,2845.1,952,2870,949.8,2885.7,943.7,2902.75,930.15,2913.65,909.15,2918,885.6,2910.6,858.1,2896.2,836.25,2883.1,828,2859.95,825.35,2833.3,829.7,2810.15,833.65,2795.75,829.7,2779.15,822.7
1-8,Uninfected,No_comment,Polygon,19,2809.65,1062,2810.1,1039.3,2814.5,1017.05,2824.1,995.65,2841.15,978.6,2866.4,969.45,2893.95,964.65,2920.55,972.95,2937.65,986.9,2950.3,1000,2957.3,1030.15,2953.8,1061.6,2944.2,1082.55,2924.5,1098.25,2900.1,1109.6,2873.9,1112.7,2852.5,1109.6,2827.15,1094.75,2817.55,1079.05
1-9,Uninfected,No_comment,Polygon,18,2975.25,820.1,2966.95,804.85,2966.95,776,2975.75,753.75,2987.1,735.4,3011.1,720.1,3038.15,714.9,3063,718.35,3083.15,728.85,3095.8,742.8,3104.05,769.05,3099.75,801.35,3086.15,821.85,3070.45,834.95,3052.55,845.45,3025.95,848.5,3001.95,841.5,2982.65,831.05
1-10,Uninfected,No_comment,Polygon,21,3127.7,704.4,3139.05,690.4,3153.4,679.05,3159.95,673.4,3171.3,665.1,3186.65,664.2,3207.2,669,3223.75,679.5,3239.05,694.35,3246.5,711.8,3252.1,730.15,3246,760.75,3227.7,787.8,3207.55,803.55,3175.7,809.65,3150.4,804.85,3134.25,796.55,3122.4,775.6,3120.25,752,3119.8,732.8,3121.6,718.35
1-11,Uninfected,No_comment,Polygon,18,3151.2,511.35,3156.45,500.45,3172.15,487.75,3185.7,480.8,3202.75,475.95,3225,480.35,3249.45,498.25,3263.85,509.6,3276.55,542.8,3272.15,572.5,3259.5,593.9,3238.55,607,3216.7,610.5,3192.25,608.75,3175.65,595.65,3156,563.75,3145.1,543.65,3143.35,527.5
1-12,Uninfected,No_comment,Polygon,22,3021.05,627.95,3023.7,600.85,3032,579.05,3048.15,562.45,3061.7,553.25,3076.55,546.7,3104.05,543.2,3121.95,547.6,3138.1,556.35,3152.5,579.9,3163.85,600.85,3172.15,622.25,3174.35,641.9,3168.25,655.45,3154.25,663.75,3142.9,673.8,3125.85,687.35,3093.55,693.45,3064.3,688.2,3042.9,675.1,3028.05,656.35,3022.35,638.45
1-13,Uninfected,No_comment,Polygon,18,3297.95,706.15,3292.7,662.9,3296.65,633.65,3309.3,613.1,3332.9,591.7,3362.15,582.55,3387.45,584.7,3409.75,593.45,3425,609.2,3439.85,633.65,3446.4,663.35,3443.35,690.85,3423.7,721.85,3398.8,737.15,3370,744.55,3342.05,743.25,3321.95,737.15,3305.35,723.6
1-14,Uninfected,No_comment,Polygon,17,3647.75,830.15,3644.65,814.8,3646.4,794.35,3657.35,773.75,3670.85,759.85,3691.4,747.2,3715.4,742.8,3740.3,748.5,3759.95,761.6,3779.6,782.55,3789.65,813.05,3781.35,845.85,3752.1,864.2,3713.65,879.05,3684.4,877.75,3664.3,862.05,3651.2,843.25
1-15,Uninfected,No_comment,Polygon,24,3438.3,741.4,3440.6,758.1,3438.3,775.65,3434.25,795.45,3432.9,818,3440.15,841.85,3452.7,859.9,3477.9,879.25,3496.4,886,3514.4,888.25,3534.7,886.45,3557.2,878.35,3572.95,868,3596.85,853.6,3589.7,839.6,3582.9,812.15,3572.5,797.7,3557.65,787.35,3534.25,781.05,3515.3,763.05,3505.4,753.15,3490.15,748.15,3465.3,747.25,3448.2,742.3
1-16,Uninfected,No_comment,Polygon,18,3497.75,1091.4,3498.65,1067.55,3509.45,1050.4,3523.45,1036,3551.8,1023.4,3582,1018,3607.65,1025.2,3626.6,1040.05,3640.55,1059,3645.95,1079.25,3643.2,1100.8,3627.05,1120.7,3600.45,1145.45,3577.5,1156.7,3550.45,1157.15,3521.15,1144.55,3507.65,1131.5,3499.55,1112.15
1-17,Uninfected,No_comment,Polygon,19,3350,944.55,3354.05,927.45,3365.7,908.5,3384.7,895.9,3405.85,889.15,3428.85,888.7,3449.1,888.7,3463.05,892.3,3476.6,901.7,3491.9,920.25,3497.75,940.05,3489.65,968.9,3471.6,992.3,3450.9,1004.45,3423.9,1011.7,3392.35,1009.45,3371.15,999.95,3357.2,982.85,3349.1,962.6
1-18,Uninfected,No_comment,Polygon,23,3707.2,1014.4,3710.4,1033.35,3706.75,1054.95,3701.8,1075.2,3696.85,1095.5,3699.55,1134.25,3708.1,1156.75,3717.6,1160.8,3728.4,1173.4,3740.1,1182,3768.05,1184.25,3792.8,1174.75,3811.3,1155.85,3821.2,1145.05,3827.05,1121.15,3827.05,1094.6,3821.65,1070.7,3812.2,1051.8,3787.4,1037.85,3759,1027.9,3733.35,1017.1,3715.8,1004.5,3709.9,1000.45
1-19,Uninfected,No_comment,Polygon,19,3588.3,1219.35,3586.5,1201.35,3588.75,1183.8,3599.55,1161.7,3618.5,1135.15,3636.05,1113.95,3651.8,1107.2,3676.15,1107.65,3706.75,1113.45,3721.15,1131.5,3719.8,1163.45,3712.65,1191,3700,1213.05,3683.8,1230.6,3662.65,1243.25,3641,1249.55,3616.25,1248.2,3601.35,1239.65,3592.8,1229.25
1-20,Uninfected,No_comment,Polygon,19,3827.05,1351.8,3827.95,1333.8,3835.6,1317.55,3850,1301.35,3864.9,1287.85,3887.85,1277,3923,1274.75,3955.4,1274.75,3983.8,1288.3,3995.95,1307.65,4000.9,1325.65,3995.95,1348.2,3972.1,1373.85,3954.5,1386.5,3933.8,1397.75,3905.85,1402.7,3871.2,1403.6,3843.25,1391.9,3831.1,1373.85
1-21,Uninfected,No_comment,Polygon,17,3629.3,1354.5,3627.05,1336.95,3634.7,1307.65,3648.2,1286.5,3672.55,1269.8,3693.25,1261.7,3728.85,1259.45,3749.55,1269.8,3763.55,1291,3771.65,1312.15,3767.6,1351.35,3755.85,1374.3,3737.4,1394.6,3714.45,1402.7,3689.2,1405.85,3665.35,1400.9,3642.35,1378.35
1-22,Uninfected,No_comment,Polygon,19,3530.2,1461.7,3517.6,1440.55,3511.3,1413.95,3504.05,1391.9,3500.9,1376.55,3513.55,1352.7,3527.95,1340.1,3554.5,1331.05,3573.45,1327.9,3593.25,1336.45,3607.25,1348.2,3617.6,1363.95,3629.75,1379.25,3638.75,1403.6,3637.85,1440.1,3623.45,1466.65,3600.45,1482.85,3581.55,1488.3,3550,1480.15
1-23,Uninfected,No_comment,Polygon,26,3399.55,1505.85,3399.1,1481.95,3408.1,1460.8,3434.7,1441,3449.1,1429.25,3469.85,1425.65,3490.55,1430.6,3502.7,1440.1,3511.75,1452.25,3520.75,1466.65,3532.45,1478.35,3545.05,1489.2,3559.5,1499.55,3570.3,1508.55,3578.4,1514.4,3566.7,1521.6,3549.55,1531.5,3540.1,1540.1,3529.75,1555.85,3523.45,1567.55,3506.3,1576.1,3479.75,1575.2,3447.75,1567.1,3429.3,1555.85,3415.35,1544.15,3404.5,1528.35
1-24,Uninfected,No_comment,Polygon,18,3903.85,1692.5,3892.55,1665.1,3889.25,1631.15,3898.2,1592.5,3914.7,1576.9,3938.75,1567.95,3959.5,1564.65,3981.7,1570.3,4002.9,1583.5,4027.9,1596.25,4042.05,1619.85,4044.4,1650.5,4035,1675.95,4015.15,1693.9,3983.55,1705.2,3961.4,1717,3931.7,1715.1,3914.25,1708.05
1-25,Uninfected,No_comment,Polygon,19,3959.5,1518.9,3966.1,1540.6,3983.55,1564.15,4005.25,1575.5,4019.4,1586.35,4034.05,1596.7,4055.75,1601.9,4076.5,1602.4,4098.2,1591.55,4115.2,1576.9,4123.65,1551.45,4125.1,1533.5,4112.35,1511.35,4087.8,1494.85,4074.15,1483.5,4038.75,1477.4,4009.5,1484,3989.25,1491.05,3971.75,1500.95
1-26,Uninfected,No_comment,Polygon,28,3934.05,1534.95,3937.35,1516.55,3947.7,1497.2,3957.15,1488.7,3953.85,1478.3,3957.6,1457.1,3953.4,1445.3,3943,1436.8,3929.8,1424.55,3923.2,1420.75,3899.15,1418.9,3882.6,1414.65,3872.25,1418.4,3851,1416.05,3846.3,1424.55,3830.75,1432.1,3823.2,1444.35,3822.7,1456.15,3816.6,1474.1,3815.65,1488.7,3821.3,1503.3,3827.9,1523.15,3837.35,1532.1,3862.8,1541.05,3877.9,1545.8,3891.6,1547.65,3901.5,1544.35,3916.1,1541.05
1-27,Uninfected,No_comment,Polygon,18,4072.9,1446.55,4072.4,1431.7,4077.35,1409.9,4087.75,1389.15,4107.55,1375.25,4137.75,1366.35,4163.95,1364.85,4192.7,1368.85,4209.5,1380.2,4219.4,1399.5,4226.35,1427.75,4217.45,1452,4203.6,1474.75,4179.8,1489.65,4151.1,1499.55,4119.9,1496.55,4101.6,1487.65,4079.8,1466.35
1-28,Uninfected,No_comment,Polygon,17,4058.5,1273.8,4066.45,1249.5,4090.2,1228.75,4113.95,1216.85,4146.15,1215.85,4169.9,1226.75,4187.75,1238.15,4201.1,1252,4212.5,1285.15,4213.95,1326.25,4192.7,1346.05,4158.05,1351.5,4123.85,1354,4097.65,1352,4080.3,1335.15,4062.5,1316.85,4057.55,1296.55
1-29,Uninfected,No_comment,Polygon,18,4085.75,1662.9,4084.25,1689.15,4089.7,1718.35,4102.1,1741.1,4121.4,1761.9,4144.65,1770.8,4172.9,1775.75,4195.15,1769.35,4216.45,1754.5,4233.3,1734.2,4243.2,1705,4233.75,1664.9,4217.95,1645.1,4189.7,1626.25,4159.5,1621.8,4130.3,1622.8,4112.5,1634.2,4100.6,1647.55
1-30,Uninfected,No_comment,Polygon,19,3713.45,1922.8,3716.95,1908.45,3725.85,1881.75,3742.2,1852.5,3755.55,1837.65,3786.75,1827.3,3809.5,1830.75,3836.25,1838.15,3847.15,1852.1,3854.55,1870.85,3853.55,1886.7,3855.55,1914.95,3860,1932.25,3848.1,1948.05,3828.8,1964.95,3802.55,1973.3,3760,1974.3,3736.75,1961.95,3714.95,1943.1
1-31,Uninfected,No_comment,Polygon,21,3859.5,1910.45,3858.5,1864.9,3861,1832.25,3872.4,1812.4,3884.75,1801.55,3913.95,1801.05,3944.65,1802.5,3962.5,1812.4,3975.85,1822.8,3989.7,1841.65,4002.6,1868.85,4012.5,1888.65,4012.5,1912.45,4000.6,1943.6,3986.25,1960.45,3960.5,1966.4,3930.8,1965.4,3907.55,1960,3882.75,1948.55,3871.9,1936.2,3862,1923.3
1-32,Uninfected,No_comment,Polygon,20,3624.85,1994.1,3619.9,2013.5,3624.35,2043.2,3638.7,2064.4,3663.45,2085.75,3689.7,2097.1,3715.45,2104,3735.25,2104,3754.05,2102.05,3775.85,2096.6,3787.7,2088.75,3795.15,2073.85,3791.7,2047.6,3782.25,2024.3,3766.45,1997.65,3745.15,1981.75,3721.9,1968.45,3689.2,1965.95,3644.15,1973.8,3635.25,1982.25
1-33,Uninfected,No_comment,Polygon,18,3591.2,2174.8,3588.2,2159.95,3593.15,2134.2,3613.45,2106.05,3628.8,2095.1,3649.6,2091.65,3676.85,2098.15,3708.5,2111,3724.85,2131.75,3734.75,2159.05,3734.25,2192.15,3717.9,2215.4,3693.15,2227.8,3665.45,2236.25,3640.7,2232.75,3619.9,2222.85,3603.55,2208.55,3593.65,2192.65
1-34,Uninfected,No_comment,Polygon,21,3896.65,1977.2,3885.7,1992.6,3882.25,2016.35,3884.7,2045.55,3889.65,2064.4,3898.65,2077.25,3908,2095.55,3916.95,2120.8,3937.25,2133.2,3953.05,2136.15,3975.8,2129.75,3992.65,2118.85,4005.5,2101.5,4014.5,2077.25,4015.4,2048.55,4005.5,2016.35,3991.2,1988.15,3966.45,1971.8,3941.2,1968.35,3921.4,1967.85,3907.05,1970.3
1-35,Uninfected,No_comment,Polygon,20,4003.55,2163.9,3997.15,2144.1,3997.6,2128.25,4005.5,2104.5,4032.3,2087.6,4060.05,2083.2,4081.8,2081.7,4110.45,2090.05,4141.15,2108.95,4155.1,2122.3,4165.9,2138.65,4174.4,2173.8,4159.55,2207.45,4139.75,2219.85,4107.55,2223.3,4081.25,2209.45,4069.95,2194.6,4057.05,2187.15,4037.7,2181.2,4018.4,2174.8
1-36,Uninfected,No_comment,Polygon,18,3344.2,2233.7,3338.2,2207.5,3342.25,2176.8,3352.55,2159.45,3368.4,2145.1,3402.15,2138.15,3428.3,2133.7,3452.15,2142.65,3474.35,2162.45,3486.75,2192.65,3484.25,2219.35,3471.4,2247.1,3458,2264.4,3437.3,2274.8,3409,2277.8,3385.75,2275.3,3360,2259.95,3350.6,2245.6
1-37,Uninfected,No_comment,Polygon,19,3273.35,2019.85,3264,2037.2,3262.45,2062.45,3264.95,2088.65,3275.85,2109.45,3294.2,2125.3,3322.85,2135.7,3347.6,2133.2,3372.85,2126.8,3392.65,2111.95,3404.6,2090.65,3412.05,2058.95,3410.05,2031.75,3394.7,2005,3373.35,1987.2,3343.65,1981.75,3315.95,1990.15,3294.7,1997.1,3284.3,2004.5
1-38,Uninfected,No_comment,Polygon,20,3206.5,1781.2,3215.4,1763.4,3235.25,1746.5,3248.6,1740.1,3277.8,1741.1,3301.55,1748.05,3318.4,1758.9,3329.8,1778.25,3341.65,1803.5,3344.65,1826.7,3348.1,1843.1,3354.05,1854.4,3336.2,1854,3315.9,1858.95,3297.1,1860.9,3258,1864.85,3231.75,1851.95,3216.4,1835.65,3206.5,1814.3,3205.5,1795.55
1-39,Uninfected,No_comment,Polygon,15,3251.05,1944.55,3254.55,1921.8,3264.45,1897,3291.15,1884.65,3314.95,1872.8,3349.1,1866.8,3371.85,1872.8,3387.2,1887.65,3395.15,1913.4,3390.2,1935.65,3376.8,1954,3342.65,1968.35,3306.5,1977.2,3283.25,1974.3,3264.45,1963.4
1-40,Uninfected,No_comment,Polygon,18,2931.75,1926.8,2921.35,1896.6,2922.85,1868.35,2934.2,1847.55,2947.1,1834.75,2960.95,1823.3,3001.05,1815.9,3022.35,1822.4,3038.2,1836.2,3049.55,1856,3054,1879.25,3050.55,1906,3036.2,1926.3,3016.9,1943.6,2996.6,1951.05,2975.8,1950.1,2955.5,1948.55,2940.65,1936.7
1-41,Uninfected,No_comment,Polygon,20,3040.15,1724.8,3047.6,1709.5,3065.9,1692.6,3079.75,1683.7,3098.1,1678.75,3114.9,1678.25,3135.2,1685.7,3154,1697.1,3168.9,1708.45,3175.8,1730.25,3177.3,1761.45,3166.4,1783.7,3152.05,1794.1,3128.8,1801.55,3102.55,1808.45,3080.75,1801.05,3059.45,1789.15,3047.6,1769.85,3040.15,1751.05,3037.2,1736.2
1-42,Uninfected,No_comment,Polygon,17,2664.95,1985.2,2663.45,1965.9,2674.35,1947.55,2693.15,1936.15,2723.35,1930.75,2749.1,1936.65,2767.45,1943.6,2787.2,1962.4,2798.1,1988.15,2795.6,2011.9,2785.7,2026.25,2762.5,2037.15,2738.2,2039.65,2717.9,2032.2,2693.15,2021.8,2677.8,2007.45,2669.9,1995.6
1-43,Uninfected,No_comment,Polygon,20,2678.8,1814.4,2676.8,1835.65,2680.75,1859.95,2689.75,1882.7,2701.55,1900.55,2714.45,1912.9,2739.2,1919.85,2760.45,1920.35,2775.8,1914.9,2788.2,1898.05,2793.65,1873.8,2793.15,1845.6,2789.7,1815.85,2782.25,1797.55,2770.85,1783.7,2745.15,1773.3,2727.35,1774.8,2706,1783.2,2687.7,1795.55,2682.3,1804.5
1-44,Uninfected,No_comment,Polygon,22,2795.6,1940.65,2792.15,1920.35,2799.6,1895.6,2815.9,1881.2,2834.75,1872.8,2854.55,1868.85,2866.9,1867.85,2887.75,1876.75,2902.05,1887.15,2917.95,1905.95,2925.8,1923.3,2933.75,1943.1,2927.8,1967.35,2915.5,1985.7,2901.55,1996.55,2880.35,2006,2866.9,2016.35,2847.65,2018.85,2823.35,2010.45,2811.95,2000.55,2803.55,1982.2,2797.1,1962.9
1-45,Uninfected,No_comment,Polygon,19,1836.15,1964.95,1845.45,1948.4,1859.6,1938.15,1883,1930.8,1905.45,1925.45,1922.05,1921.05,1942.05,1920.1,1954.2,1925.95,1971.3,1946.9,1975.2,1966.45,1971.3,1986.45,1957.15,2007.4,1938.6,2022.55,1920.05,2027.4,1889.35,2027.4,1860.05,2023.5,1845.9,2011.8,1837.15,1993.75,1832.25,1979.1
1-46,Uninfected,No_comment,Polygon,20,1821.05,1857.15,1831.3,1834.25,1844.95,1813.75,1862.5,1806.4,1879.6,1802.05,1900.55,1805.45,1914.7,1811.3,1926.4,1823.5,1934.2,1839.6,1935.7,1863.5,1931.8,1883.5,1925.45,1897.65,1918.1,1908.4,1900.55,1916.65,1882,1921.55,1863,1923,1843,1916.2,1829.35,1907.4,1820.05,1894.7,1819.1,1877.15
1-47,Uninfected,No_comment,Polygon,20,1668.35,1853.25,1680.55,1837.65,1706.9,1824.45,1738.1,1820.55,1767.85,1825.45,1786.9,1839.1,1799.1,1861.05,1802,1881.55,1801.05,1908.4,1794.7,1925.45,1784.95,1936.7,1772.75,1949.85,1755.2,1961.55,1734.2,1967.4,1709.8,1964.95,1679.1,1940.6,1666.4,1924.5,1660.05,1903.5,1659.1,1878.6,1661.05,1866.9
1-48,Uninfected,No_comment,Polygon,19,1787.4,2094.25,1792.75,2069.85,1807.4,2052.3,1827.4,2039.1,1848.35,2035.2,1880.55,2037.65,1902.5,2044.5,1914.7,2055.7,1923,2075.2,1924.45,2100.6,1921.55,2115.2,1908.35,2133.25,1887.4,2154.25,1869.35,2162.05,1844.95,2164.5,1823.95,2160.1,1806.4,2151.3,1792.25,2135.2,1785.45,2116.7
1-49,Uninfected,No_comment,Polygon,20,1508.85,2076.7,1506.9,2058.15,1513.2,2034.25,1529.8,2017.15,1544.95,2004.5,1567.85,1992.8,1589.3,1991.3,1606.9,1994.75,1628.85,2007.4,1633.25,2021.05,1643.95,2046.45,1644.45,2062.55,1636.65,2085,1625.4,2106.45,1610.3,2123.05,1590.3,2132.3,1564.95,2134.75,1545.9,2131.3,1528.35,2120.6,1513.7,2101.1
1-50,Uninfected,No_comment,Polygon,24,1504.45,1837.15,1506.9,1849.35,1502.5,1860.1,1499.55,1883,1501,1908.4,1512.75,1925.95,1529.8,1942.55,1544.95,1951.3,1564.95,1959.6,1580.05,1964,1596.15,1966.9,1620.05,1959.6,1634.7,1949.85,1645.4,1933.75,1646.9,1917.15,1644.45,1895.2,1633.7,1868.4,1613.25,1849.85,1594.2,1844.45,1581.05,1844.95,1561.05,1846.45,1544.45,1844.45,1530.4,1842.6,1518.15,1838.05
1-51,Uninfected,No_comment,Polygon,20,1704.35,2158.05,1700.45,2168.75,1695.05,2182.45,1692.15,2195.1,1693.1,2220,1698,2240.45,1707.25,2255.6,1719,2266.8,1741.4,2274.6,1761.4,2277.55,1782.9,2271.2,1801.9,2254.6,1815.55,2231.7,1819.95,2200.95,1812.65,2178.05,1794.6,2154.6,1771.15,2140.45,1745.8,2136.55,1727.75,2140.45,1717.5,2147.3
1-52,Uninfected,No_comment,Polygon,22,1558.5,2238.05,1562.4,2220.95,1573.6,2198.05,1591.15,2179.5,1608.25,2172.65,1646.8,2168.75,1664.35,2175.1,1679,2188.3,1683.35,2200.95,1680.95,2210.25,1681.4,2223.4,1687.25,2239.5,1696.05,2259.5,1692.15,2285.35,1676.55,2307.3,1660.45,2316.55,1639,2321.45,1613.6,2317.05,1581.9,2299,1567.25,2286.8,1560.45,2271.7,1559.45,2245.85
1-53,Uninfected,No_comment,Polygon,19,1689.65,2391.15,1699.05,2366.85,1710.95,2348.55,1727.75,2332.2,1749.55,2325.3,1781.7,2323.3,1799.55,2330.75,1815.4,2341.15,1827.75,2354.5,1838.65,2376.3,1844.1,2408.45,1835.7,2438.65,1819.85,2459.45,1798.55,2469.35,1769.35,2471.85,1736.2,2463.4,1709.45,2450.55,1699.05,2430.75,1690.15,2409.45
1-54,Uninfected,No_comment,Polygon,18,1885.2,2334.2,1892.1,2320.85,1906.95,2306.95,1922.8,2299.05,1950.05,2297.55,1965.4,2302.5,1981.75,2312.4,1995.1,2331.25,1997.1,2356,1996.6,2380.25,1983.7,2400.55,1962.9,2416.85,1935.2,2417.85,1917.85,2414.9,1896.1,2406,1879.25,2380.75,1875.3,2365.4,1879.25,2348.55
1-55,Uninfected,No_comment,Polygon,17,1847.1,2490.15,1857,2460.9,1879.25,2439.1,1909.95,2431.2,1941.15,2426.25,1968.85,2431.7,1992.65,2447.1,1998.55,2469.3,1994.1,2492.65,1983.2,2513.35,1968.35,2529.75,1934.2,2544.05,1905.5,2548.1,1880.75,2539.1,1873.3,2531.7,1866.9,2515.85,1854.5,2502.05
1-56,Uninfected,No_comment,Polygon,17,2170.85,2299.05,2175.3,2266.85,2184.2,2243.1,2206,2219.35,2235.7,2210.9,2262.45,2211.4,2287.2,2218.35,2307.5,2235.65,2316.4,2254.5,2319.35,2271.8,2311.95,2298.05,2294.1,2324.8,2273.35,2343.1,2240.15,2354.5,2205,2351,2185.2,2341.6,2177.8,2317.35
1-57,Uninfected,No_comment,Polygon,20,2025.3,2338.65,2026.8,2361.9,2034.2,2378.75,2054.5,2390.6,2068.85,2394.6,2101.55,2392.1,2136.7,2374.3,2152.55,2351,2160.45,2321.8,2154,2282.7,2140.15,2256.45,2119.35,2247.55,2099.05,2243.6,2077.8,2247.05,2057.5,2255.45,2038.2,2273.3,2031.25,2290.6,2030.25,2305.45,2030.75,2318.35,2029.25,2327.25
1-58,Uninfected,No_comment,Polygon,16,1973.3,2162.9,1986.7,2132.2,2001.55,2113.4,2030.25,2097.55,2055,2095.55,2079.75,2107.45,2095.6,2128.75,2102.55,2160.9,2102.05,2187.15,2085.2,2221.8,2065.4,2235.15,2045.65,2237.65,2021.35,2235.65,1997.1,2223.8,1982.75,2206.45,1974.3,2184.7
1-59,Uninfected,No_comment,Polygon,20,2254.1,2100.05,2251.05,2113.9,2251.05,2135.2,2248.6,2150.55,2249.6,2169.35,2258.5,2186.2,2278.8,2206,2301.6,2214.9,2326.85,2218.85,2356.5,2206,2374.9,2185.2,2378.8,2149.05,2375.3,2123.8,2362,2104,2346.65,2091.15,2329.35,2085.7,2312,2081.75,2298.6,2078.25,2281.25,2081.75,2264.9,2087.2
1-60,Uninfected,No_comment,Polygon,21,2396.1,2220.35,2396.6,2205.5,2406.5,2176.8,2420.35,2156,2442.2,2142.65,2465,2137.2,2486.7,2137.7,2506,2146.6,2519.95,2163.45,2533.75,2186.2,2538.7,2218.4,2531.75,2249.55,2517.95,2267.9,2503.55,2283.25,2484.8,2288.2,2466.4,2284.2,2448.6,2274.3,2430.75,2265.4,2412,2256,2403.05,2246.6,2398.6,2234.2
1-61,Uninfected,No_comment,Polygon,18,2122.85,2094.1,2111.95,2109.45,2109.05,2124.8,2114,2151.55,2121.4,2174.8,2132.25,2185.7,2156.55,2198.1,2177.8,2198.1,2212,2190.65,2227.3,2174.3,2237.25,2149.05,2237.25,2113.4,2234.75,2089.65,2221.4,2075.8,2199.6,2064.4,2171.9,2060.45,2154.1,2067.4,2135.2,2077.8
1-62,Uninfected,No_comment,Polygon,20,2286.3,1984.35,2297.05,1973.55,2307.85,1961.3,2317.65,1951.5,2333.85,1945.1,2360.3,1942.65,2377.9,1945.65,2397.55,1959.8,2409.8,1976.5,2417.15,2004.45,2414.2,2032.35,2401.95,2053.45,2385.3,2067.65,2363.25,2076,2339.7,2075,2313.25,2066.7,2292.65,2057.85,2279.9,2036.3,2273,2017.65,2277.45,2001.5
1-63,Uninfected,No_comment,Polygon,18,2478.45,1888.75,2468.1,1906.9,2453.45,1925.55,2440.2,1953.45,2436.75,1968.15,2440.7,2008.85,2448.55,2024.05,2462.75,2039.3,2484.3,2050,2503.45,2050,2532.85,2032.35,2546.6,2017.15,2559.8,1991.2,2564.25,1965.7,2556.85,1939.7,2543.1,1923.1,2521.6,1908.85,2496.1,1893.15
1-64,Uninfected,No_comment,Polygon,17,2491.65,1876.95,2488.2,1846.05,2497.55,1822.55,2514.7,1801.45,2552.45,1790.7,2591.65,1794.1,2607.35,1805.4,2624,1825.5,2633.3,1844.6,2635.3,1864.2,2625.95,1887.75,2608.8,1908.3,2584.3,1920.1,2559.3,1920.1,2540.2,1913.7,2515.2,1897.05,2500.95,1888.25
1-65,Uninfected,No_comment,Polygon,21,2605.85,1953.9,2592.65,1973.05,2581.35,1994.1,2571.05,2020.6,2571.05,2045.1,2582.35,2067.65,2590.2,2077.95,2604.4,2093.6,2627.95,2105.4,2654.4,2106.85,2677.95,2096.55,2688.7,2080.4,2696.55,2059.8,2692.65,2038.25,2682.85,2023.5,2659.3,2007.35,2654.4,1993.6,2650.95,1981.35,2637.75,1972.55,2623.5,1963.25,2612.75,1953.9
1-66,Uninfected,No_comment,Polygon,19,2149,1881.4,2159.35,1855.45,2171.05,1838.75,2201.95,1822.05,2240.7,1817.65,2269.1,1826,2300.5,1848.05,2322.55,1872.05,2328.4,1906.4,2323.5,1933.35,2304.9,1950.55,2285.3,1969.15,2257.35,1984.8,2235.75,1984.8,2209.8,1980.9,2185.75,1968.65,2164.7,1948.55,2150.95,1924.05,2147.55,1903.45
1-67,Uninfected,No_comment,Polygon,18,1981.35,1901,1986.8,1884.3,2004.4,1865.7,2018.6,1855.45,2045.6,1848.55,2070.1,1853.95,2089.7,1869.6,2106.35,1889.25,2110.3,1912.75,2107.35,1934.3,2097.05,1962.25,2071.55,1982.85,2047.05,1988.75,2025,1988.25,1994.1,1977.45,1982.85,1958.85,1977.45,1937.75,1980.4,1918.15
1-68,Uninfected,No_comment,Polygon,17,2519.1,1681.85,2528.4,1651,2553.9,1627.45,2579.4,1619.2,2600.95,1618.65,2623,1628,2636.25,1644.6,2645.1,1668.15,2648,1700,2640.15,1726.5,2625.95,1747.05,2603.9,1760.8,2580.85,1761.85,2554.4,1757.35,2535.25,1742.15,2524,1724.5,2521.05,1697.55
1-69,Uninfected,No_comment,Polygon,17,2372.5,1659.35,2380.35,1636.8,2394.1,1620.6,2425,1608.85,2451.45,1610.8,2489.2,1632.9,2503.4,1649.5,2513.2,1672.05,2506.85,1701.5,2494.6,1718.65,2477.45,1731.9,2451.45,1740.7,2427.45,1738.25,2401.95,1727.45,2380.35,1705.9,2373,1685.35,2372.5,1670.6
1-70,Uninfected,No_comment,Polygon,19,2220.05,1624.5,2211.25,1636.3,2201.45,1651,2195.55,1670.1,2194.6,1690.7,2208.3,1725.55,2227.9,1740.7,2253.9,1746.65,2272.05,1740.7,2292.6,1730.45,2310.25,1712.75,2323,1693.15,2325.45,1670.1,2317.6,1640.7,2305.85,1624.5,2288.2,1613.25,2267.15,1608.85,2249,1610.35,2232.8,1613.75
1-71,Uninfected,No_comment,Polygon,18,2449,1597.05,2441.15,1578.45,2438.2,1558.35,2445.05,1531.85,2458.8,1516.7,2479.9,1505.45,2502.45,1501.55,2525.95,1503,2542.6,1508.35,2563.7,1526.95,2577.45,1547.55,2580.35,1575.55,2571.55,1600.55,2554.4,1617.15,2522.55,1628.95,2500,1626.95,2479.4,1619.2,2458.8,1609.3
1-72,Uninfected,No_comment,Polygon,17,2050.5,1507.9,2037.25,1529.9,2033.35,1549.55,2037.75,1578.95,2050,1599.55,2067.15,1613.75,2084.35,1621.65,2113.75,1621.1,2134.8,1611.3,2152.95,1591.2,2161.8,1574.1,2158.85,1544.2,2148.05,1520.1,2136.3,1504.9,2115.7,1494.2,2090.7,1492.65,2063.25,1497.55
1-73,Uninfected,No_comment,Polygon,19,2018.15,1397.05,2020.6,1376.95,2028.45,1363.75,2042.65,1351.95,2069.15,1349.1,2102.45,1356.9,2124.05,1365.7,2145.1,1384.35,2159.35,1409.8,2166.7,1430.45,2169.15,1455.9,2153.45,1477,2140.2,1483.85,2114.25,1488.25,2077.45,1480.9,2053.45,1469.6,2040.2,1453.45,2024.05,1430.9,2018.15,1409.4
1-74,Uninfected,No_comment,Polygon,20,1801,1463.25,1803.45,1442.7,1809.35,1426.55,1819.15,1413.75,1831.9,1404.45,1848.55,1399.1,1874.05,1402.45,1896.6,1413.25,1914.7,1430.9,1929.45,1456.4,1939.25,1475.55,1951,1506.4,1951.5,1513.25,1941.7,1515.75,1928.45,1522.05,1908.85,1527,1880.4,1533.35,1843.15,1522.55,1816.2,1498.1,1802.95,1476
1-75,Uninfected,No_comment,Polygon,17,1692.65,1594.2,1690.7,1569.6,1702,1551,1721.6,1536.3,1740.2,1525,1768.15,1520.65,1796.1,1526.55,1831.9,1556.4,1839.25,1575.55,1834.8,1611.3,1816.7,1629.5,1796.1,1643.65,1767.65,1650,1741.2,1647.1,1722.55,1637.25,1706.4,1622.1,1694.6,1605.45
1-76,Uninfected,No_comment,Polygon,19,1745.05,1313.2,1746.55,1292.6,1757.3,1274,1784.3,1263.65,1827.4,1262.7,1849.5,1257.8,1871.05,1270.05,1891.15,1288.2,1902.4,1319.6,1900.95,1344.6,1891.65,1368.1,1874.5,1385.75,1855.35,1391.1,1835.25,1388.65,1813.2,1388.65,1789.7,1387.2,1769.6,1375.45,1754.4,1357.8,1746.55,1333.75
1-77,Uninfected,No_comment,Polygon,21,2076,1103.9,2073.05,1119.1,2064.7,1136.75,2062.75,1153.9,2071.1,1178.9,2081.9,1189.2,2092.65,1198.5,2110.3,1199,2121.1,1202.45,2140.2,1209.8,2161.3,1212.75,2177,1207.35,2200,1192.15,2209.35,1157.35,2207.85,1134.8,2199.05,1116.65,2175.5,1103.4,2144.6,1097.05,2114.7,1093.6,2098.05,1092.15,2088.25,1094.6
1-78,Uninfected,No_comment,Polygon,18,1887.25,1222.55,1882.35,1206.35,1881.85,1175,1890.7,1148.5,1913.25,1128.9,1936.3,1122.55,1953.95,1124,1975.5,1136.25,2011.8,1158.3,2016.7,1171.55,2022.55,1200,2020.1,1220.55,2002.95,1240.2,1983.35,1253.4,1962.75,1257.85,1935.3,1257.35,1913.75,1252.45,1895.1,1235.75
1-79,Uninfected,No_comment,Polygon,17,2039.25,1228.4,2026.5,1251.45,2023.55,1280.4,2035.3,1306.85,2048.05,1331.85,2067.65,1341.15,2106.4,1348.5,2136.3,1353.4,2157.85,1342.65,2174.05,1324.5,2184.35,1283.3,2175,1253.9,2161.3,1232.85,2131.4,1216.65,2100,1207.85,2075.5,1209.3,2059.8,1215.2
1-80,Uninfected,No_comment,Polygon,26,2081.85,1031.85,2092.65,1037.25,2104.9,1056.85,2114.7,1078.4,2120.1,1086.25,2135.8,1085.75,2154.4,1089.7,2174.05,1098.5,2190.2,1105.4,2211.7,1110.75,2240.2,1094.1,2256.85,1072.55,2267.15,1042.65,2263.25,1010.3,2245.6,989.7,2227.9,976.95,2213.75,971.55,2197.05,978.4,2186.7,988.2,2169.1,985.75,2159.8,983.3,2139.7,989.7,2118.65,1003.4,2100,1016.15,2083.85,1025,2074.5,1025.45
1-81,Uninfected,No_comment,Polygon,20,1951.95,1008.8,1938.25,1031.35,1933.85,1053.9,1937.25,1082.85,1949,1104.9,1967.15,1117.15,1986.3,1127.45,2002.95,1139.7,2013.75,1143.6,2037.25,1141.15,2053.45,1131.35,2064.15,1117.15,2076,1090.65,2085.8,1064.7,2077.45,1031.85,2059.8,1003.9,2037.25,988.7,2008.35,987.25,1985.25,992.15,1966.6,998
1-82,Uninfected,No_comment,Polygon,19,1895.6,904.4,1898.05,877.9,1906.85,861.75,1929.9,846.55,1953.45,838.2,2004.4,849,2026,865.65,2044.15,896.55,2051.5,921.55,2042.65,929.8,2042.15,952.9,2026.95,966.65,2000.5,978.4,1969.15,981.85,1947.05,981.85,1932.85,971.55,1922.55,949.5,1907.35,927.4,1899.05,919.1
1-83,Uninfected,No_comment,Polygon,18,1779.4,974.5,1786.3,944.1,1802.45,925.45,1825,914.65,1858.85,912.7,1882.85,922.5,1898.55,939.2,1920.6,974.5,1924.05,996,1920.1,1024.5,1905.9,1041.1,1888.75,1053.9,1865.2,1061.75,1841.2,1060.75,1804.9,1044.6,1784.8,1026.45,1778.45,1006.85,1778.45,991.65
1-84,Uninfected,No_comment,Polygon,17,2054.9,860.75,2051.5,869.1,2054.9,894.1,2063.25,917.1,2088.25,936.75,2105.4,940.15,2131.85,941.65,2163.25,925.45,2190.7,907.8,2203.45,876.95,2196.6,849.5,2178.45,823.45,2155.9,811.75,2123.55,813.2,2099.5,819.1,2081.85,832.25,2065.7,846
1-85,Uninfected,No_comment,Polygon,18,1613.2,753.4,1602.4,768.6,1596.05,786.75,1597.05,819.6,1607.8,844.1,1628.9,861.75,1653.4,871.55,1679.4,876.45,1707.8,863.7,1720.55,849,1730.85,819.1,1728.4,789.7,1717.6,768.1,1703.4,750.95,1682.35,737.7,1663.7,731.35,1643.1,733.8,1628.4,740.15
1-86,Uninfected,No_comment,Polygon,18,1637.25,960.75,1647.05,921.05,1658.3,901.45,1679.4,889.7,1704.9,885.25,1727.9,891.65,1753.9,912.25,1767.15,939.7,1769.6,967.65,1769.6,994.1,1758.8,1014.2,1743.6,1029.9,1713.2,1039.2,1689.2,1034.3,1664.2,1016.15,1649.95,994.6,1643.6,978.9,1637.7,972.55
1-87,Uninfected,No_comment,Polygon,20,1381.7,1049.2,1374.15,1074.55,1362.45,1097.95,1359.4,1118.8,1368.05,1137.5,1384.8,1156.85,1413.15,1172.1,1434.55,1178.2,1479.2,1171.05,1495.45,1153.8,1510.7,1132.45,1515.25,1109.1,1506.6,1092.85,1507.15,1079.7,1495.95,1061.95,1473.05,1042.6,1445.7,1031.4,1419.3,1028.45,1396.45,1024.85,1389.35,1032.5
1-88,Uninfected,No_comment,Polygon,18,2075.7,556.85,2083.3,532,2103.6,509.15,2126.95,497.45,2152.35,491.85,2178.25,494.9,2197,505.05,2209.15,526.4,2217.3,541.1,2225.95,560.4,2229.5,594.9,2216.3,621.3,2188.9,641.65,2162.45,651.8,2130.5,647.7,2102.6,632,2084.3,605.1,2076.15,576.65
1-89,Uninfected,No_comment,Polygon,17,1915.3,742.15,1917.3,720.8,1926.45,699,1947.25,683.25,1973.1,675.15,1997.5,676.65,2019.8,684.8,2038.65,703.55,2053.85,733.5,2046.75,757.9,2033,779.7,2009.2,794.45,1976.2,800,1949.75,794.45,1932.55,784.25,1922.4,764.5,1917.3,751.8
1-90,Uninfected,No_comment,Polygon,20,1849.8,543.65,1854.35,573.1,1857.9,603.55,1892.95,648.75,1913.2,662.45,1935.05,665.5,1961.4,668,2000.05,652.8,2016.8,632,2033,609.15,2018.35,597.45,1991.4,579.2,1977.2,568.55,1964,558.35,1943.15,548.75,1929,529.45,1914.75,522.35,1890.4,522.85,1875.7,527.9,1859.95,535.55
1-91,Uninfected,No_comment,Polygon,25,1920.85,395.45,1921.9,422.85,1913.75,438.05,1906.6,461.4,1909.2,488.35,1918.85,507.1,1932.55,520.8,1944.75,539.1,1957.4,557.3,1974.7,572.55,1993.45,577.15,2002.6,573.1,2014.8,575.65,2028.5,574.65,2036.1,554.85,2039.15,510.15,2034.05,501,2019.85,488.85,2015.3,476.65,2001.05,466.5,1990.9,457.85,1975.7,437.05,1958.45,418.8,1927.45,387.3,1919.35,385.3
1-92,Uninfected,No_comment,Polygon,18,1919.85,378.7,1920.85,354.3,1933.55,335.55,1952.35,328.4,1974.7,321.3,1997,315.2,2018.85,317.75,2038.65,327.9,2058.95,358.9,2066.55,384.75,2068.1,409.65,2053.85,437.55,2032.55,451.25,2000.55,458.4,1978.2,451.8,1954.3,441.65,1935.55,418.8,1921.3,395.95
1-93,Uninfected,No_comment,Polygon,16,2116.3,268.5,2102.1,293.9,2100.05,325.9,2105.15,354.3,2124.45,378.15,2145.25,387.8,2172.65,387.3,2198.05,382.75,2218.85,368,2234.1,335.55,2235.6,297.45,2222.4,270.05,2205.15,250.75,2173.7,246.7,2149.8,248.2,2132.55,256.85
1-94,Uninfected,No_comment,Polygon,16,2626.5,499.5,2613.8,517.8,2609.2,537.05,2607.2,555.85,2617.8,580.75,2634.1,613.2,2653.9,625.9,2689.45,627.45,2725.45,612.7,2743.25,586.8,2749.35,550.8,2740.65,519.8,2719.9,492.4,2699.6,485.3,2669.65,478.2,2645.75,484.8
1-95,Uninfected,No_comment,Polygon,18,2477.8,600,2485.05,580.2,2503.85,562.3,2524.2,549.25,2544.95,542.55,2563.75,543,2595.7,551.2,2607.25,560.4,2617.9,582.55,2628.55,625.1,2621.25,654.6,2600.95,677.3,2584.5,686.95,2555.55,690.8,2525.65,685.5,2501.9,670.05,2483.6,646.85,2480.2,619.3
1-96,Uninfected,No_comment,Polygon,18,2323.7,570.05,2312.55,583.15,2309.15,601.45,2311.6,631.4,2325.15,651.75,2338.15,664.25,2362.35,676.3,2393.2,675.4,2412.55,668.15,2433.8,652.15,2445.4,631.4,2448.3,607.25,2441.05,575.4,2423.15,553.2,2399,542.55,2371,540.1,2350.25,544.9,2339.1,553.6
1-97,Uninfected,No_comment,Polygon,17,2214.45,507.7,2217.8,483.05,2225.55,458.45,2243.4,438.6,2269.5,427.5,2294.15,429.9,2321.2,442.95,2341,468.55,2346.3,492.25,2343.4,522.2,2330.85,545.4,2305.75,567.6,2285.45,572.45,2257.9,569.05,2233.3,556,2217.8,535.7,2214.9,518.8
1-98,Uninfected,No_comment,Polygon,20,2557.95,265.2,2543.45,285.95,2529.45,301.9,2520.2,314.95,2514.45,336.7,2514.45,368.6,2525.6,390.3,2543.9,413,2565.2,419.8,2590.8,420.75,2617.35,414.95,2638.1,403.35,2657.4,383.55,2665.7,356.5,2666.6,336.2,2652.6,308.7,2637.6,289.35,2617.85,276.3,2596.05,269.55,2568.6,257.95
1-99,Uninfected,No_comment,Polygon,20,2423.65,162.8,2412.5,182.1,2402.9,208.2,2403.3,234.3,2412.05,262.8,2423.65,277.25,2441,293.2,2464.65,302.9,2489.35,306.25,2510.6,300.95,2529.95,287.4,2547.8,261.8,2554.05,239.6,2548.75,198.05,2538.1,172.45,2525.1,154.1,2505.25,139.6,2474.8,136.2,2456.5,140.1,2440.1,148.3
1-100,Uninfected,No_comment,Polygon,20,2788.8,128.45,2787.4,96.6,2808.65,66.65,2840.5,44.9,2870.4,39.1,2910.55,45.85,2939.55,65.2,2951.1,93.7,2955.95,115.9,2950.65,141.5,2941.95,160.85,2922.65,182.6,2905.75,190.3,2881.1,194.15,2860.3,188.85,2849.2,175.35,2841,156.5,2831.35,141.05,2811.05,134.75,2796.05,133.8
1-101,Uninfected,No_comment,Polygon,17,2526.5,128.95,2514.9,113,2505.75,87.9,2512.5,57,2526.5,37.65,2558.35,23.15,2588.85,16.9,2613.95,24.15,2635.2,36.2,2664.2,54.1,2670.95,82.1,2661.3,108.65,2644.85,123.15,2624.05,125.6,2600.9,115.9,2548.75,126.55,2538.1,129.45
1-102,Uninfected,No_comment,Polygon,18,3011.1,23.1,3000,42,2996.6,60.35,2999,90.25,3010.1,112.5,3023.65,131.35,3046.85,146.8,3068.1,152.6,3097.55,148.25,3119.85,134.25,3128.5,113.5,3133.35,90.25,3128,57.9,3114.95,37.15,3097.1,19.3,3074.9,8.1,3042.05,7.2,3027.5,10.6
1-103,Uninfected,No_comment,Polygon,16,3214.4,443.45,3211.5,412.55,3221.65,383.05,3241.95,357.95,3266.6,345.4,3303.3,344.9,3331.35,353.6,3352.6,376.3,3366.1,413.5,3361.3,456,3346.3,484.5,3312.95,500.95,3285.9,504.35,3260.8,496.1,3237.6,478.25,3219.25,460.85
1-104,Uninfected,No_comment,Polygon,15,2792.7,577.75,2772.9,599,2765.15,626.05,2769.5,656.5,2783.95,683.55,2827.45,701.9,2855,702.4,2889.8,694.65,2916.65,674.05,2926,637.15,2916.8,596.6,2890.75,568.1,2863.7,558.4,2837.15,555.5,2818.8,560.85
1-105,Uninfected,No_comment,Polygon,16,2619.7,664.2,2598,689.8,2589.3,719.3,2589.3,752.6,2604.3,781.1,2623.6,795.6,2649.7,802.4,2671.85,796.1,2697.05,778.7,2713,756,2718.25,728.45,2713.95,698.05,2701.85,672.9,2675.8,652.15,2650.2,651.15,2636.65,653.6
1-106,Uninfected,No_comment,Polygon,16,3927.5,826.55,3910.1,842.95,3899,860.85,3889.3,894.65,3899,933.8,3924.1,957.45,3945.35,968.55,3982.55,968.55,4008.65,952.6,4029.4,926.55,4036.2,896.1,4026.05,856.95,4013.45,837.65,3992.2,822.2,3956.95,814.95,3938.1,816.85
1-107,Uninfected,No_comment,Polygon,20,3748.7,866.85,3742.45,894.15,3746.3,921.7,3764.2,942.95,3790.3,958.4,3821.7,960.35,3854.05,949.25,3868.55,931.85,3874.8,906.25,3871.95,876.3,3862.75,854.05,3850.2,840.05,3826.5,823.65,3802.85,817.35,3783.95,813.25,3769.45,807.45,3751.6,814.2,3739.05,824.35,3735.15,840.75,3740,852.8
1-108,Uninfected,No_comment,Polygon,18,4044.9,864.7,4045.85,893.65,4043.45,915.9,4042.45,931.85,4064.7,956,4094.65,968.05,4132.8,965.15,4155.5,955.5,4175.3,932.3,4188.85,899,4195.1,865.15,4180.15,839.1,4166.15,823.15,4134.75,812.05,4104.8,807.2,4079.65,812.5,4068.05,822.2,4059.35,846.35
1-109,Uninfected,No_comment,Polygon,18,4056.95,828.45,4025.1,826.5,4006.25,815.9,3987.45,798.5,3977.25,775.8,3969.5,744.4,3974.85,706.7,3996.55,676.75,4026.05,660.85,4050.7,659.4,4073.4,661.3,4091.25,671.45,4107.7,690.8,4114.95,725.1,4104.8,762.25,4093.2,793.2,4079.2,817.4,4066.15,824.65
1-110,Uninfected,No_comment,Polygon,18,3779.15,591.75,3765.65,611.5,3753.55,642,3750.65,666.55,3752.6,684,3761.8,703.8,3783.05,720.25,3804.75,730.8,3839.05,726.45,3856.95,709.6,3873.85,697.05,3893.65,668.55,3894.15,623.15,3888.85,597.05,3867.1,577.2,3844.4,569.45,3819.75,572.85,3802.35,578.2
1-111,Uninfected,No_comment,Polygon,17,3599.95,570.5,3610.55,554.05,3632.3,536.2,3662.25,529.35,3690.75,537.65,3717.35,559.85,3732.3,593.6,3730.85,627.9,3713.95,653.1,3690.3,677.2,3665.15,679.15,3640.5,672.4,3625.05,658.9,3601.4,645.35,3590.75,624.1,3585.95,603.35,3590.3,584.95
1-112,Uninfected,No_comment,Polygon,17,3506.2,681.55,3499,691.75,3497.55,716.85,3508.65,741.45,3531.85,757.45,3560.35,775.75,3589.3,784.5,3610.55,781.1,3633.3,767.1,3643.4,736.65,3644.4,712,3633.75,686.9,3613,668.55,3590.3,654.05,3550.2,653.1,3522.15,662.75,3515.9,670.5
1-113,Uninfected,No_comment,Polygon,16,3645.85,387.9,3645.45,368.6,3661.85,350.25,3690.3,336.7,3737.7,333.3,3766.2,339.65,3786.45,360.4,3795.6,382.6,3795.15,427.55,3774.85,457.95,3749.75,476.85,3717.85,482.1,3687.4,471.5,3659.85,448.3,3645.85,428.5,3645.85,404.35
1-114,Uninfected,No_comment,Polygon,17,3962.3,1060.5,3971.5,1044,3998.55,1022.45,4024.25,1016,4044.95,1016.9,4067.35,1024.25,4084.4,1038,4093.95,1067.4,4088,1098.05,4067.8,1129.3,4047.2,1148.55,4015.55,1151.8,3990.8,1144.9,3965.05,1123.8,3954.5,1110,3955,1088.5,3961.9,1068.75
1-115,Uninfected,No_comment,Polygon,21,3810.5,1044.9,3822.85,1024.25,3831.6,1007.7,3852.75,989.4,3875.6,986.6,3899,977.45,3915.55,977.95,3933.4,989.4,3940.3,1007.3,3940.3,1036.6,3929.3,1068.75,3914.65,1086.2,3905.5,1106.35,3899.45,1114.65,3884.4,1114.65,3860.5,1114.65,3836.65,1107.3,3825.5,1097.4,3813.6,1090,3805.35,1079.45,3803.95,1058.85
1-116,Uninfected,No_comment,Polygon,19,3068,1278.35,3087.9,1281.4,3109.5,1275.75,3124.3,1264.5,3135.1,1246.75,3151.1,1236.8,3175.35,1233.75,3199.15,1245.45,3216,1265.8,3226.9,1292.2,3224.7,1322.5,3216,1343.3,3197.85,1357.15,3172.75,1366.65,3138.15,1366.25,3110.4,1360.15,3093.5,1348.05,3077.9,1325.1,3068.85,1297.85
1-117,Uninfected,No_comment,Polygon,17,3077.5,1401.7,3074.05,1427.25,3079.2,1453.65,3091.8,1477.05,3119.95,1498.7,3145,1506.05,3172.75,1509.5,3204.8,1493.5,3221.65,1466.65,3227.35,1435.9,3217.75,1406.5,3203.05,1383.55,3175.75,1370.1,3146.3,1363.2,3121.7,1366.25,3098.7,1376.2,3082.7,1390.9
1-118,Uninfected,No_comment,Polygon,16,2765.4,1411.65,2779.25,1392.6,2798.7,1376.15,2829.45,1367.95,2854.15,1371.85,2877.95,1391.75,2891.8,1411.65,2897,1438.1,2892.25,1461.9,2873.6,1482.65,2842.9,1498.25,2812.55,1500.4,2793.1,1491.35,2773.6,1471.4,2764.1,1450.2,2763.65,1431.15
1-119,Uninfected,No_comment,Polygon,20,2646.35,1483.1,2638.55,1506.05,2635.1,1528.55,2641.6,1550.65,2650.25,1566.65,2671.45,1585.7,2688.75,1591.75,2716.45,1592.2,2737.7,1584.85,2752.85,1574.45,2773.6,1555.85,2783.15,1534.2,2784.85,1501.3,2780.1,1484.4,2766.7,1466.2,2746.75,1450.65,2716.9,1446.3,2692.25,1448.9,2669.3,1459.3,2657.6,1468.8
1-120,Uninfected,No_comment,Polygon,16,2906.1,1583.55,2892.25,1597.85,2887.05,1618.2,2888.35,1645.45,2894.85,1670.1,2915.15,1689.15,2934.2,1697.85,2963.25,1699.55,2987.45,1688.3,3004.35,1663.65,3012.15,1632.9,3006.95,1605.6,2988.75,1575.75,2969.3,1564.95,2942.45,1561.9,2925.55,1567.1
1-121,Uninfected,No_comment,Polygon,17,3591.9,1503.1,3570.85,1523.3,3549.3,1547.5,3536.3,1574.85,3543.05,1607.6,3560.05,1625.1,3576.2,1638.1,3613.9,1646.15,3644.4,1639.85,3669.05,1622.85,3684.3,1601.75,3692.8,1574.4,3685.2,1546.6,3673.55,1524.2,3661.85,1502.65,3642.15,1494.15,3622.85,1494.6
1-122,Uninfected,No_comment,Polygon,22,3592.85,1835.85,3582.05,1863.65,3574.45,1897.25,3582.5,1919.25,3600.45,1943.45,3626.9,1957.35,3652.9,1958.7,3675.8,1951.55,3690.6,1939.4,3701.35,1912.95,3714.8,1884.7,3720.65,1865.9,3717.95,1853.35,3712.1,1844.35,3703.6,1836.3,3695.1,1825.95,3682.05,1819.25,3668.15,1809.4,3647.55,1811.6,3626,1809.4,3613.45,1816.1,3603.15,1823.3
1-123,Uninfected,No_comment,Polygon,17,1457.8,1754.75,1470.2,1725.9,1497,1706.8,1520.2,1702.15,1544.4,1702.15,1573.3,1706.8,1599.05,1717.1,1616.6,1735.15,1626.9,1763.5,1620.2,1795.45,1603.2,1820.2,1584.1,1827.45,1534.05,1827.95,1493.35,1824.35,1472.25,1809.4,1459.85,1783.1,1458.85,1766.6
1-124,Uninfected,No_comment,Polygon,19,2943.8,2149.85,2971.95,2131.2,2987.15,2124.75,3012.25,2126.65,3034.7,2132.75,3051.4,2149.85,3060.9,2168.85,3063.6,2192.8,3060.15,2217.15,3051.05,2239.2,3030.9,2255.95,3011.85,2263.55,2988.7,2265.05,2967.4,2258.6,2942.3,2245.3,2928.6,2222.45,2922.5,2197,2928.6,2171.9,2934.7,2161.25
1-125,Uninfected,No_comment,Polygon,22,2846.85,2033.5,2837.7,2053.25,2833.9,2076.85,2838.5,2100.8,2857.85,2127.05,2880.3,2138.05,2908.85,2145.65,2926.3,2141.5,2939.25,2133.5,2952.55,2125.15,2971.55,2115.25,2979.15,2097,2980.7,2074.95,2975.35,2056.7,2963.6,2040.35,2952.55,2029.3,2943.8,2016,2925.95,2008.4,2909.95,2006.85,2888.3,2012.2,2869.3,2019.8,2857.5,2025.1
1-126,Uninfected,No_comment,Polygon,20,2540.35,2506.55,2548,2487.1,2560.9,2468.15,2578,2455.2,2596.65,2451.4,2612.6,2452.15,2637.7,2458.6,2658.65,2472.65,2670.4,2489.05,2673.1,2510.35,2671.95,2535.05,2662.8,2555.2,2644.95,2578,2622.9,2592.1,2594,2594.75,2573.05,2586.75,2555.6,2575,2544.15,2558.65,2538.1,2542.3,2536.55,2516.8
1-127,Uninfected,No_comment,Polygon,21,2675,2590.55,2678,2575.35,2691.7,2556.75,2717.55,2534.3,2739.6,2524.4,2762.45,2523.65,2786.4,2527.85,2805,2539.25,2814.55,2551.4,2820.25,2580.7,2821.35,2608.45,2809.2,2634.7,2787.15,2661.25,2763.95,2679.55,2748,2683.35,2726.3,2681.05,2707.3,2673.45,2683.7,2655.6,2671.55,2636.6,2668.5,2618.7,2670.8,2600.85
1-128,Uninfected,No_comment,Polygon,19,2507.9,2608.75,2496.2,2620.85,2487.65,2632.2,2482.1,2652.1,2480.95,2670.45,2489.95,2685.7,2501.3,2701.3,2516.15,2707.95,2539.55,2710.3,2562.95,2704.05,2579.45,2688.45,2589.2,2672.8,2595,2651.7,2595.45,2632.95,2589.2,2617.7,2577.85,2605.2,2561.4,2595.05,2541.95,2592.7,2524.35,2595.45
1-129,Uninfected,No_comment,Polygon,20,2571.6,2752.1,2574.35,2733.75,2582.15,2709.55,2590.7,2693.5,2605.2,2673.2,2620,2665.75,2642.7,2658.75,2661.8,2659.9,2684.85,2672.4,2703.6,2695.05,2711.1,2720.85,2706.8,2759.55,2695.85,2781,2680.2,2803.3,2657.95,2822.05,2631.8,2825.55,2606,2820.85,2585.25,2813.45,2573.2,2791.55,2568.9,2771.25
1-130,Uninfected,No_comment,Polygon,19,2811.05,2699.35,2820.85,2676.7,2835.7,2662.65,2851.7,2654.8,2880.6,2651.3,2911.05,2659.5,2929.05,2669.65,2948.6,2691.15,2954.45,2715.35,2954.05,2737.25,2944.3,2756.8,2932.15,2772,2900.9,2782.95,2872,2783.75,2846.25,2775.9,2830.2,2766.15,2819.65,2746.25,2812.65,2731.4,2812.25,2713.8
1-131,Uninfected,No_comment,Polygon,19,2920.45,2405.2,2929.45,2397,2943.1,2388.4,2974.75,2385.7,2999.35,2390.75,3013.45,2397.8,3025.15,2407.55,3036.1,2428.65,3043.5,2448.2,3036.85,2466.55,3018.5,2484.9,2999.35,2496.6,2979.85,2503.65,2952.9,2500.15,2928.25,2491.15,2911.1,2472.4,2902.5,2453.65,2901.7,2432.55,2908.75,2418.5
1-132,Uninfected,No_comment,Polygon,19,2881.8,2526.7,2873.6,2576.7,2872.8,2595.05,2892.35,2637.25,2909.1,2647,2932.15,2655.6,2946.65,2657.95,2967.7,2648.2,2984.15,2627.1,2985.3,2612.65,2986.45,2600.55,2985.3,2582.55,2985.3,2550.15,2972,2529.85,2963.8,2518.9,2940.4,2506.4,2923.6,2502.85,2903.25,2510.7,2891.95,2516.95
1-133,Uninfected,No_comment,Polygon,18,2998.2,2540.75,3007.2,2513.05,3026.7,2491.15,3043.1,2474.35,3063.05,2465.35,3089.6,2479.45,3113.05,2511.45,3122.05,2537.65,3122.05,2564.6,3118.5,2588.8,3107.55,2616.95,3080.25,2636.85,3055.25,2638.8,3036.5,2637.25,3018.5,2625.95,3006.4,2607.2,2998.6,2578.25,2996.65,2557.95
1-134,Uninfected,No_comment,Polygon,17,3256.35,2531.4,3283,2516.9,3293.5,2503.6,3303.95,2496.75,3345.9,2498.75,3379.75,2516.5,3395.5,2539.05,3402.35,2571.35,3397.1,2610.05,3376.55,2635.45,3346.3,2648.75,3317.65,2652.35,3286.6,2645.9,3261.6,2626.55,3239.85,2599.55,3239.45,2569.3,3243.85,2544.7
1-135,Uninfected,No_comment,Polygon,19,3148.3,2401.15,3141.05,2421.75,3137,2447.15,3144.75,2476.15,3156,2497.95,3183,2518.1,3209.65,2523.35,3236.2,2520.5,3261.2,2510.85,3281.35,2497.15,3294.3,2484.25,3293.05,2455.2,3286.2,2429,3271.3,2402.8,3251.95,2382.2,3222.9,2373.75,3197.9,2372.55,3173.7,2380.2,3162.4,2389.9
1-136,Uninfected,No_comment,Polygon,17,3411.6,2393.9,3396.3,2414.45,3395.1,2449.15,3405.95,2487.45,3428.55,2506,3450.75,2520.1,3485.8,2525.35,3511.6,2517.3,3536.6,2499.15,3552.75,2478.2,3558.4,2448.75,3549.1,2424.15,3530.55,2399.95,3509.6,2381.4,3485.8,2370.9,3453.95,2372.95,3426.2,2380.2
1-137,Uninfected,No_comment,Polygon,16,3543.45,2567.7,3551.95,2546.35,3564.45,2531.8,3585.8,2523.75,3604.75,2521.35,3625.3,2525.35,3645.9,2538.65,3661.2,2554.4,3668.45,2579,3672.9,2606.8,3659.6,2635.85,3629.75,2649.15,3592.65,2644.7,3567.65,2631.8,3552.35,2611.65,3543.45,2588.25
1-138,Uninfected,No_comment,Polygon,21,3427.4,2624.15,3436.25,2601.6,3453.2,2587.85,3478.2,2581.4,3511.25,2580.15,3530.6,2589.85,3547.1,2602.35,3554.8,2621.75,3565.7,2633.4,3576.6,2643.9,3585.85,2660.05,3580.6,2691.85,3574.55,2702.75,3554,2703.2,3521.75,2702.75,3506.8,2695.5,3492.7,2681.75,3474.15,2670.5,3452.8,2662.85,3437.85,2655.15,3427.8,2641.85
1-139,Uninfected,No_comment,Polygon,21,3358.05,2729.35,3363.7,2710.45,3370.55,2696.75,3380.6,2683,3400.75,2672.15,3419.75,2668.5,3438.25,2668.9,3467.7,2679.75,3485.85,2689.1,3505.6,2708.4,3514.1,2728.2,3516.9,2749.95,3512.45,2772.95,3495.15,2793.9,3474.15,2810.45,3447.15,2818.1,3418.9,2815.7,3387.05,2799.1,3371.75,2780.15,3359.25,2762.45,3356.4,2745.15
1-140,Uninfected,No_comment,Polygon,19,3222.95,2744.3,3210.45,2766.9,3202.35,2787.45,3203.55,2814.45,3210.85,2837.05,3229.8,2856,3251.15,2868.9,3266.9,2874.15,3295.5,2872.95,3319.7,2868.5,3349.95,2852.35,3362.85,2829,3362.05,2792.7,3352.35,2764.85,3339.45,2743.1,3311.25,2727.35,3290.25,2719.7,3261.25,2722.55,3240.25,2729
1-141,Uninfected,No_comment,Polygon,18,3028.55,2812.9,3015.7,2826.15,3008,2843.95,3003.2,2870.95,3005.6,2904.05,3022.15,2925.4,3045.9,2941.1,3066.05,2946.75,3089.85,2945.5,3110,2935.05,3131.45,2915.3,3141.45,2889.05,3140.3,2858.85,3130.2,2830.2,3112.05,2812.9,3093.1,2802.4,3066.45,2798,3042.25,2802.8
1-142,Uninfected,No_comment,Polygon,19,2724.15,2916.95,2724.15,2886.25,2730.6,2864.05,2749.55,2845.95,2769.35,2837.05,2790.3,2832.2,2816.05,2836.65,2836.25,2847.15,2855.2,2868.5,2861.65,2889.9,2858.85,2920.1,2852.8,2949.15,2842.3,2968.95,2822.9,2979.05,2798.75,2983.45,2765.3,2980.6,2746.75,2971.35,2733.45,2957.2,2726.55,2935.85
1-143,Uninfected,No_comment,Polygon,17,2547.7,2969.15,2536.65,2944.5,2532.2,2911.6,2534.6,2885.45,2543.75,2859.65,2559.25,2843.35,2576.65,2831.4,2599.7,2828.3,2626.25,2833.8,2644.15,2843.35,2664.75,2864.8,2679.85,2908.45,2674.75,2946.9,2667.95,2970.35,2650.9,2984.6,2602.45,2981.45,2565.15,2975.5
1-144,Uninfected,No_comment,Polygon,19,2095.1,2689.2,2090.55,2658.9,2096,2633.1,2107.25,2613.2,2124,2595.55,2151.15,2579.7,2180.6,2575.2,2208.2,2579.7,2229.45,2597.35,2243.05,2617.25,2244.85,2643.5,2244.4,2676.55,2232.2,2702.8,2215.9,2721.8,2188.75,2734.45,2165.65,2738.1,2137.65,2730.85,2114.55,2720.45,2101,2703.7
1-145,Uninfected,No_comment,Polygon,19,2589.1,2394.95,2587.3,2374.85,2589.85,2358.05,2600.8,2344.55,2622.3,2328.45,2644.95,2321.5,2670.85,2321.5,2691.3,2329.2,2706.65,2339.4,2720.85,2359.9,2727.45,2377.4,2726.35,2413.2,2708.45,2433.95,2691.65,2446.4,2662.45,2454.05,2640.2,2443.4,2619.4,2439.1,2605.55,2428.9,2593.5,2414.3
1-146,Uninfected,No_comment,Polygon,18,3722.75,2441.5,3729.3,2421,3739.75,2399.6,3748.05,2383.85,3759.4,2373.85,3791.75,2375.15,3817.05,2387.35,3839.8,2400.9,3859.45,2431.05,3865.1,2462.05,3855.05,2495.65,3839.35,2513.55,3811.4,2516.2,3791.3,2517.5,3763.35,2511.4,3748.95,2503.95,3732.8,2486.5,3723.6,2462.9
1-147,Uninfected,No_comment,Polygon,18,3691.75,2608.75,3685.2,2581.7,3689.55,2546.3,3710.1,2525.8,3734.1,2519.25,3779.5,2524.5,3807.9,2531.9,3831.5,2543.7,3854.6,2575.15,3856.35,2599.6,3781.7,2659.85,3774.25,2659.4,3767.7,2648.5,3758.55,2631.9,3745.45,2622.35,3724.5,2617.5,3703.1,2620.1,3689.55,2623.6
1-148,Uninfected,No_comment,Polygon,23,3769.9,2100.85,3752.45,2110.5,3748.05,2116.15,3744.55,2149.8,3749.35,2169.45,3772.1,2193.9,3789.55,2202.6,3808.75,2204.35,3832.8,2196.95,3855.5,2193.9,3885.6,2186,3903.95,2164.65,3916.2,2151.1,3915.3,2127.95,3905.25,2103.5,3893.5,2079.45,3876.9,2065.5,3857.65,2053.7,3825.8,2051.95,3809.65,2060.7,3796.95,2070.75,3789.45,2082.75,3775.9,2097.15
1-149,Uninfected,No_comment,Polygon,18,3782.55,2219.2,3769.45,2238,3764.65,2255,3771.65,2279.9,3788.25,2300.85,3814,2313.1,3839.75,2318.8,3867.3,2314.4,3900.05,2304.35,3918.8,2293.9,3931.05,2276.85,3938.45,2245,3927.1,2213.55,3907.9,2196.95,3875.55,2193,3834.1,2198.7,3804.4,2204.3,3793.05,2211.8
1-150,Parasitized,No_comment,Polygon,21,3256,2346.55,3257.2,2326.95,3265.35,2303.7,3281.7,2279.6,3298.45,2266.95,3319.25,2260,3344.55,2263.7,3363.75,2272.7,3380.05,2287.35,3389.05,2302.9,3394.75,2323.7,3392.7,2353.1,3384.95,2383.3,3369.85,2407.8,3347.8,2420.85,3321.7,2424.9,3300.05,2418.4,3282.5,2402.05,3270.7,2386.95,3260.45,2374.7,3255.15,2361.25
1-151,Parasitized,No_comment,Polygon,19,2354.75,2288.6,2341.65,2313.95,2329.85,2343.75,2332.3,2371.5,2341.25,2387,2358.4,2401.3,2378.4,2410.25,2398.8,2413.1,2424.95,2404.95,2443.7,2394.3,2455.15,2380.85,2465.75,2349.85,2465.75,2326.2,2457.6,2301.3,2435.15,2283.3,2414.75,2274.35,2394.3,2274.35,2372.7,2279.25,2364.95,2282.5
1-152,Parasitized,No_comment,Polygon,21,2262.25,1777,2267.15,1761.4,2277.05,1747.4,2300.9,1735.85,2320.25,1732.15,2349.05,1735.05,2372.95,1740.4,2393.9,1749.85,2411.2,1770.85,2421.5,1804.6,2417.4,1831.35,2401.8,1847.4,2380.75,1858.5,2358.55,1860.55,2335.5,1856.45,2318.65,1847.8,2304.2,1831.35,2284.85,1822.3,2274.15,1814.45,2266.75,1801.7,2262.7,1785.25
1-153,Parasitized,No_comment,Polygon,22,1629.35,1439.1,1627.4,1426.4,1629.85,1410.3,1644,1394.2,1663.5,1382.5,1689.35,1377.15,1712.8,1380.05,1736.2,1389.8,1751.8,1405.9,1765,1425.45,1768.9,1455.7,1762.55,1482,1745.45,1503.5,1720.1,1517.65,1704,1526.9,1682.05,1525.9,1665,1516.15,1658.65,1503.5,1659.15,1492.75,1649.85,1478.1,1640.1,1463,1633.25,1451.3
1-154,Parasitized,No_comment,Polygon,21,1524.5,1452.75,1519.6,1462.5,1521.05,1480.05,1524.95,1486.4,1533.25,1493.75,1539.1,1504.45,1536.7,1519.1,1543.5,1532.25,1562.55,1552.25,1570.85,1558.1,1589.85,1563,1617.15,1562,1645,1552.75,1656.2,1532.75,1651.8,1507.85,1639.6,1477.15,1620.6,1453.25,1601.05,1437.15,1575.2,1428.85,1558.65,1428.85,1537.65,1437.65
1-155,Parasitized,No_comment,Polygon,18,1462.6,1222.1,1457.85,1243.15,1453.65,1272.6,1464.15,1311.6,1478.4,1331.1,1507.35,1348.45,1530.5,1356.9,1556.3,1354.75,1572.6,1343.65,1587.35,1328.45,1597.35,1311.1,1599.95,1284.2,1592.05,1254.75,1572.05,1225.8,1540.5,1209.5,1511.55,1207.35,1491,1210.05,1476.8,1213.65
1-156,Parasitized,No_comment,Polygon,17,1635.75,1067.95,1623.1,1087.35,1618.9,1110.55,1622.05,1139,1633.65,1157.35,1653.1,1174.75,1685.25,1182.6,1710.5,1179.5,1733.65,1164.2,1752.05,1139,1760.5,1116.3,1752.05,1086.85,1739.45,1068.45,1712.05,1054.2,1684.2,1049.5,1661,1051.1,1646.8,1057.95
1-157,Parasitized,No_comment,Polygon,20,1766.8,1136.3,1757.35,1150.05,1740.5,1167.95,1733.1,1183.65,1732.6,1211.1,1739.45,1230.05,1758.4,1243.65,1779.45,1253.65,1816.3,1249.5,1848.4,1237.95,1867.35,1226.3,1872.05,1201.6,1871,1177.95,1861.55,1155.8,1848.4,1134.2,1831,1124.75,1806.8,1124.2,1786.8,1122.1,1776.3,1118.45,1773.65,1125.8
1-158,Parasitized,No_comment,Polygon,20,2410.8,802.35,2401.85,819.4,2392.85,834.55,2392.85,857.3,2399.9,880.55,2413.2,900.9,2427.45,912.75,2458.7,918.05,2479.55,916.6,2506.1,902.35,2526.95,873,2530.3,850.25,2526.5,826.1,2519.4,809.45,2501.85,793.85,2479.55,783.45,2457.3,781.5,2442.6,777.7,2425.05,782.95,2417.5,790.5
1-159,Parasitized,No_comment,Polygon,21,2749.7,134.8,2749.7,145.05,2743.05,158.9,2732.3,171.4,2729.2,189.25,2731.85,204,2739.45,212.95,2751.05,231.25,2761.35,246.4,2782.75,258.05,2810.9,260.7,2836.35,250.9,2851.95,233,2856.85,213.85,2853.75,194.65,2847.95,179.45,2837.25,152.65,2829.2,142.4,2815.55,135.1,2787.65,133.45,2759.1,131.25
1-160,Parasitized,No_comment,Polygon,17,2538.55,129.35,2532.3,145.5,2532.3,159.35,2541.45,209.65,2556.85,244.65,2566.7,257.15,2598.1,272.3,2629.65,275.9,2661.75,262.5,2681.4,228.55,2687.2,196.4,2677.85,163.4,2663.55,141.5,2634.55,118.25,2607.3,115.1,2578.3,112.45,2550.15,120
1-161,Parasitized,No_comment,Polygon,18,3461.3,193,3449.5,208.25,3438.95,227.05,3437.7,252.8,3442.95,278.6,3456.9,302.6,3470,317,3494.05,318.25,3511.5,323.1,3536.4,316.15,3561.75,295.15,3575.25,273.75,3574.85,239.25,3563.05,220.05,3548.65,200.8,3524.6,184.25,3504.5,177.7,3480,182.5
1-162,Parasitized,No_comment,Polygon,19,3942.5,2250.5,3943.4,2234.3,3950.6,2214.9,3962.3,2197.8,3980.35,2185.65,4002.4,2180.7,4033.05,2185.2,4054.65,2195.1,4076.75,2210.4,4092.5,2234.3,4096.55,2262.2,4086.2,2291.95,4066.35,2318.05,4042.95,2327.55,4003.3,2327.55,3981.25,2319.45,3966.35,2308.15,3951.95,2294.2,3942.5,2270.8
1-163,Parasitized,No_comment,Polygon,18,3935.3,1731.6,3932.15,1747.8,3934.85,1771.7,3948.35,1798.7,3965.45,1810.5,3989.35,1826.65,4015.05,1828.5,4038.45,1824.4,4060.5,1815.4,4078.55,1799.15,4089.8,1778.45,4090.7,1749.15,4076.3,1727.55,4059.15,1707.75,4034.85,1696.45,4013.65,1698.25,3987.1,1708.2,3958.25,1721.7
1-164,Parasitized,No_comment,Polygon,18,3453.25,1753.7,3442,1774.85,3437.05,1805.05,3443.35,1834.8,3462.25,1863.6,3483,1876.7,3505.5,1882.55,3533.45,1883,3560,1867.2,3579.85,1845.55,3586.15,1823.5,3587.5,1789.7,3577.6,1760.95,3562.25,1738.4,3542,1729.8,3514.5,1727.1,3486.6,1732.1,3469,1740.65
1-165,Parasitized,No_comment,Polygon,20,3166.75,1539.25,3160,1550.5,3154.65,1570.3,3157.75,1599.15,3170.35,1623.45,3189.3,1638.8,3219.9,1647.35,3248.35,1647.35,3276.3,1647.35,3293.35,1639.7,3302.35,1621.2,3307.3,1596.9,3302.8,1568.95,3285.7,1542.85,3266.3,1525.7,3242.9,1519.85,3229,1515.35,3213.15,1512.2,3195.6,1517.6,3182.6,1524.35
1-166,Parasitized,No_comment,Polygon,20,3036.1,1157.25,3022.15,1173.9,3018.1,1196.9,3017.2,1226.15,3023.95,1251.4,3031.6,1263.1,3046.9,1271.2,3068.1,1275.25,3087.45,1273.45,3107.75,1263.55,3123.95,1250.5,3143.75,1227.05,3151.45,1206.35,3149.2,1180.2,3139.7,1161.75,3127.55,1149.15,3104.6,1136.95,3083.4,1135.6,3060,1139.65,3046.9,1147.35