171,5312,2988
4-1,Uninfected,No_comment,Polygon,18,1742.1,716.3,1751.65,701.9,1767.9,690.4,1790.9,685.65,1819.6,688,1844.45,695.2,1859.8,706.7,1868.85,721.05,1875.1,746.85,1872.7,780.35,1865.05,798.55,1844.45,813.85,1819.6,815.3,1799.5,809.55,1783.7,795.2,1760.25,773.65,1744.95,758.35,1737.75,734.9
4-2,Uninfected,No_comment,Polygon,18,1895.2,721.05,1892.8,732.05,1889.9,756.45,1890.9,781.85,1898.05,801.4,1919.1,815.3,1940.15,822.45,1965.5,823.5,1986.1,819.1,2001.9,806.7,2012.4,789.95,2020.55,770.8,2015.75,740.2,1999,716.75,1970.3,698.05,1944.45,693.3,1922,695.2,1904.3,705.75
4-3,Uninfected,No_comment,Polygon,19,1833.95,876.55,1843.05,856.9,1851.15,843.5,1864.55,833.5,1884.2,826.3,1918.15,833.5,1937.75,842.55,1955.45,853.55,1974.15,873.2,1984.65,894.7,1981.8,920.55,1972.7,935.4,1954.5,946.4,1935.85,955.5,1907.65,962.65,1887.55,957.85,1866.5,947.85,1850.7,933.95,1836.35,900.95
4-4,Uninfected,No_comment,Polygon,17,1670.3,782.75,1662.65,803.8,1666.95,825.8,1678.9,847.85,1702.85,868.9,1724.35,890.4,1748.3,900.45,1771.75,895.2,1784.2,883.7,1795.2,871.3,1802.85,851.2,1796.15,829.65,1777.95,803.35,1759.8,784.65,1730.6,766.95,1710.5,763.15,1687.05,768.9
4-5,Uninfected,No_comment,Polygon,19,2024.85,840.65,2014.3,854.05,2003.8,871.3,1998.55,893.75,2004.75,916.75,2016.25,936.35,2038.75,949.25,2065.5,957.85,2095.65,962.2,2119.6,958.35,2139.2,950.2,2153.55,931.55,2162.65,906.2,2158.35,874.15,2141.1,849.75,2113.85,825.8,2088,813.85,2064.1,815.75,2041.6,825.8
4-6,Uninfected,No_comment,Polygon,16,1719.6,970.3,1727.25,955.95,1741.1,942.55,1761.2,932.05,1776.55,926.3,1811.45,931.55,1832.05,943.5,1844.95,963.6,1850.2,984.2,1841.1,1011,1826.3,1025.35,1797.1,1039.2,1765.05,1039.2,1740.15,1026.8,1724.35,1008.6,1720.05,990.4
4-7,Uninfected,No_comment,Polygon,16,1721.5,1072.7,1710.45,1087.55,1708.1,1111.95,1712.85,1136.85,1730.1,1161.7,1763.1,1172.25,1802.8,1176.55,1830.55,1170.8,1848.3,1156.45,1860.25,1138.75,1860.25,1111.45,1847.3,1078.95,1819.1,1053.55,1778.9,1049.25,1750.65,1049.75,1733.9,1058.85
4-8,Uninfected,No_comment,Polygon,20,1952.6,1096.65,1947.8,1110.05,1937.25,1121.5,1930.1,1135.4,1927.75,1156.45,1934.45,1178.5,1945.9,1199.05,1956.9,1211.95,1974.6,1222.95,1998.5,1227.25,2016.7,1224.85,2038.7,1215.75,2054,1202.9,2063.1,1189.45,2067.4,1161.25,2057.85,1131.55,2043.5,1102.4,2030.55,1093.75,1991.8,1093.75,1970.75,1094.25
4-9,Uninfected,No_comment,Polygon,20,1916.7,979.9,1908.55,994.25,1903.75,1015.75,1905.2,1030.15,1913.85,1048.3,1927.75,1067.95,1947.3,1082.35,1977.95,1086.1,2009.05,1081.85,2033.45,1075.6,2046.85,1058.85,2054.95,1046.4,2058.3,1022,2052.15,999.5,2036.3,974.65,2018.6,960.75,1992.75,953.1,1974.1,952.15,1951.15,957.95,1926.25,969.85
4-10,Uninfected,No_comment,Polygon,21,1688.95,1208.1,1679.85,1221.95,1675.55,1240.15,1676,1259.75,1684.65,1281.3,1695.65,1294.7,1713.35,1307.15,1744.45,1317.2,1757.85,1312.9,1771.25,1304.75,1785.1,1294.2,1800.4,1283.7,1813.35,1266.45,1814.75,1242.55,1809.05,1217.65,1804.25,1204.25,1786.55,1195.15,1758.8,1188.95,1737.75,1187.5,1711.9,1188,1696.1,1195.65
4-11,Uninfected,No_comment,Polygon,20,1772.7,1288.95,1773.2,1264.05,1779.35,1247.8,1798.5,1231.05,1822.9,1219.55,1843,1214.3,1871.25,1221.5,1895.65,1227.7,1909.5,1234.4,1919.55,1244.95,1924.8,1271.25,1914.75,1291.8,1899.45,1309.05,1874.1,1326.75,1849.7,1344.45,1828.65,1349.7,1808.55,1346.85,1790.35,1334.4,1782.7,1319.55,1775.05,1301.85
4-12,Uninfected,No_comment,Polygon,20,1572.65,1338.25,1580.35,1325.3,1592.75,1310.95,1614.3,1299.95,1640.15,1294.7,1663.6,1296.6,1687.5,1306.65,1711.9,1321.95,1726.75,1340.65,1732.5,1365.05,1724.35,1394.2,1706.15,1421.95,1685.6,1435.85,1653.05,1440.65,1620.5,1433.95,1598.05,1424.85,1584.15,1410.95,1575.05,1392.8,1568.35,1375.1,1570.75,1355.45
4-13,Uninfected,No_comment,Polygon,17,1758.35,1366,1745.9,1386.05,1727.25,1417.15,1721,1438.7,1721.5,1468.8,1735.4,1493.75,1759.8,1512.4,1784.2,1517.65,1811.95,1512.85,1831.55,1503.75,1852.6,1485.1,1860.75,1457.85,1857.85,1431.5,1848.75,1408.1,1825.8,1380.8,1798.05,1369.8,1773.65,1364.55
4-14,Uninfected,No_comment,Polygon,18,2225.95,1272.85,2242.05,1262.25,2264.7,1254.9,2290.45,1256.3,2314.45,1260.9,2331,1269.2,2344.45,1287.6,2352.7,1311.6,2351.3,1342.9,2336.55,1361.8,2320.9,1372.9,2296.9,1378.85,2260.05,1374.25,2235.6,1360.9,2216.75,1342.9,2207.5,1319.4,2209.4,1299.6,2215.85,1283.95
4-15,Uninfected,No_comment,Polygon,19,2095.5,1208.35,2107.05,1194.55,2123.15,1182.1,2148.5,1174.25,2173.85,1172.4,2195.05,1183,2214.95,1206.95,2221.35,1234.15,2215.85,1258.6,2205.65,1283,2188.6,1300.5,2171.55,1309.75,2140.7,1310.65,2120.45,1305.6,2114,1295.45,2096.45,1279.8,2087.7,1262.75,2085.45,1232.3,2089.05,1220.35
4-16,Uninfected,No_comment,Polygon,19,1982.15,1318.5,1986.3,1304.2,2001.55,1290.4,2028.7,1278.85,2055.45,1277.5,2072.95,1281.65,2088.65,1293.6,2107.55,1308.35,2115.35,1318.05,2118.15,1341.1,2108.4,1358.15,2092.8,1373.35,2073.4,1384.85,2053.1,1393.6,2032.45,1391.75,2012.55,1382.55,1996.45,1374.7,1985.85,1356.3,1981.7,1340.15
4-17,Uninfected,No_comment,Polygon,19,2278.45,1435,2288.15,1421.2,2307.05,1406.05,2321.35,1404.15,2342.55,1405.55,2361.9,1412.5,2379.4,1430.45,2393.7,1450.25,2399.65,1472.35,2401.5,1494.05,2391.4,1513.35,2373.85,1528.15,2340.7,1534.55,2318.1,1529.5,2301.95,1518,2286.3,1499.15,2277.1,1485.7,2274.8,1466.8,2278.45,1450.75
4-18,Uninfected,No_comment,Polygon,18,2406.6,1524.95,2420.4,1509.2,2433.3,1500.5,2453.6,1495,2475.25,1497.3,2489.1,1503.75,2508.9,1512.95,2518.6,1523.95,2524.1,1539.2,2523.2,1571,2514.45,1588.95,2493.7,1605.6,2466.5,1617.1,2436.55,1611.6,2412.6,1595,2403.35,1576.95,2398.3,1554.45,2399.65,1535.95
4-19,Uninfected,No_comment,Polygon,18,2071.55,1545.25,2061.4,1564.15,2053.55,1584.4,2057.7,1607.95,2068.3,1629.6,2086.75,1644.35,2108.4,1655.85,2133.3,1659.1,2153.55,1654.45,2169.25,1641.1,2181.7,1621.75,2191.35,1599.15,2187.2,1570.15,2176.15,1548.95,2154.5,1532.35,2135.6,1524.95,2109.3,1527.3,2086.3,1534.65
4-20,Uninfected,No_comment,Polygon,16,2179.35,1647.1,2194.6,1619,2215.3,1603.8,2235.6,1600.1,2267.85,1603.3,2290.9,1611.6,2304.25,1629.15,2318.1,1655.4,2315.35,1689.5,2306.1,1707.45,2283.05,1720.85,2242.05,1726.85,2220.4,1718.55,2198.25,1703.8,2180.75,1686.25,2179.35,1660
4-21,Uninfected,No_comment,Polygon,19,1927.75,1637.85,1942.95,1625.85,1968.75,1619.45,2001,1617.55,2022.2,1626.85,2037.9,1646.15,2044.8,1666.4,2044.35,1700.5,2030.05,1728.15,2011.6,1743.85,1989.05,1743.85,1957.25,1746.65,1926.8,1748.45,1920.85,1740.2,1917.6,1731.4,1910.25,1710.7,1903.8,1689.9,1907,1670.55,1916.2,1649.85
4-22,Uninfected,No_comment,Polygon,17,1913.45,1795.9,1920.85,1779.8,1930.05,1768.75,1948.5,1762.8,1974.75,1760.9,2001.5,1768.25,2014.85,1784.4,2023.15,1807,2028.2,1830.95,2025.9,1857.65,2010.7,1872.4,1988.1,1877.95,1961.4,1881.2,1942.95,1865.05,1929.1,1850.75,1918.05,1830.55,1912.05,1812.95
4-23,Uninfected,No_comment,Polygon,15,2000.55,1763.7,2013,1752.15,2029.15,1748.45,2047.55,1751.2,2063.7,1757.65,2081.2,1773.4,2087.2,1797.3,2081.65,1828.2,2068.75,1838.8,2049.85,1849.4,2028.65,1853.55,2013.4,1843.8,2002.8,1822.15,1997.75,1791.3,1995.9,1772.4
4-24,Uninfected,No_comment,Polygon,18,1975.25,1925.9,1986.3,1906.55,2000.65,1893.65,2020.85,1884.9,2043.05,1876.6,2063.25,1866.45,2086.35,1863.7,2110.8,1871.5,2130.55,1888.55,2143.5,1913.45,2137.9,1945.7,2125,1967.4,2100.6,1979.35,2057.8,1987.65,2022.75,1982.1,2000.65,1976.15,1982.6,1957.25,1976.6,1939.7
4-25,Uninfected,No_comment,Polygon,16,1818.55,1845.7,1806.55,1861.4,1800.1,1884.9,1800.1,1907.45,1810.25,1939.25,1842.95,1965.55,1873.4,1971.05,1915.8,1960,1929.6,1938.35,1942.1,1905.15,1933.3,1878.9,1913,1854.45,1900.1,1838.35,1878.9,1830.5,1855.4,1827.75,1834.2,1830.95
4-26,Uninfected,No_comment,Polygon,17,2151.2,2086.75,2160.45,2064.15,2178.45,2042.05,2199.15,2036.5,2235.1,2035.15,2252.65,2041.15,2265.55,2061.85,2274.25,2086.75,2276.15,2125.9,2262.75,2147.6,2246.6,2161.4,2224.5,2166.95,2201.45,2164.65,2183.5,2157.25,2164.15,2145.3,2150.3,2128.25,2149.85,2109.8
4-27,Uninfected,No_comment,Polygon,18,2149.85,2031.9,2140.6,2013.45,2119,1995.05,2097.3,1993.2,2065.5,1996.9,2033.7,2000.55,2013.9,2005.2,1996.85,2020.85,1993.1,2048.5,2001,2075.7,2014.3,2099.65,2038.75,2117.15,2066.4,2126.85,2089.95,2128.7,2119,2119.95,2137.35,2101.05,2149.4,2078.9,2153.1,2048.5
4-28,Uninfected,No_comment,Polygon,17,2104.75,2232.85,2093.65,2253.6,2086.3,2279.4,2084.9,2313.05,2093.2,2329.2,2113,2344.85,2145.3,2353.6,2170.65,2347.6,2190.9,2337,2205.2,2318.1,2217.2,2292.75,2217.2,2262.8,2211.65,2243.9,2187.2,2226.4,2166,2214.9,2144.8,2215.8,2124.55,2222.25
4-29,Uninfected,No_comment,Polygon,18,1975.7,2233.8,1957.25,2248.05,1944.8,2268.8,1937.45,2290,1936.5,2312.1,1945.25,2335.15,1959.55,2353.15,1972.9,2360.5,2008.85,2357.3,2042.95,2348.55,2060,2334.7,2071.55,2312.6,2071.1,2279.85,2065.55,2260.05,2049.4,2241.15,2034.7,2231.95,2012.55,2224.1,1989.5,2227.8
4-30,Uninfected,No_comment,Polygon,18,1954.95,2421.35,1958.65,2408,1966.95,2390.45,1978.9,2379.85,2001.05,2366.05,2026.85,2361,2054.95,2365.6,2072.45,2375.7,2083.55,2396,2092.3,2424.55,2086.75,2462.35,2068.8,2484.5,2044.35,2495.55,2019.95,2492.3,1995.95,2480.35,1975.7,2465.6,1959.55,2448.55,1953.55,2438.4
4-31,Uninfected,No_comment,Polygon,17,2324.55,2411.1,2341.6,2400.5,2359.2,2394.55,2385.85,2393.15,2413.1,2398.2,2432.4,2419.4,2444.9,2453.5,2443.45,2484.9,2425.1,2515.25,2403.85,2529.6,2372.5,2535.55,2349,2527.3,2324.55,2505.2,2316.8,2483.05,2309.8,2464.6,2305.65,2447.05,2311.65,2427.25
4-32,Uninfected,No_comment,Polygon,17,2221.35,2302.4,2213.05,2316.25,2211.7,2345.7,2217.65,2364.55,2231,2384.85,2259.6,2394.05,2290.45,2400.1,2321.35,2388.1,2346.7,2372.85,2363.35,2355.8,2365.65,2327.25,2358.65,2304.7,2347.6,2291.3,2320.4,2278,2288.15,2275.65,2253.6,2281.6,2237.95,2288.6
4-33,Uninfected,No_comment,Polygon,18,2527.35,2023.15,2502.9,2037.9,2489.1,2048,2479.85,2066,2474.8,2088.6,2473.85,2114.4,2485.4,2136.5,2502,2152.65,2524.55,2168.75,2550.85,2167.85,2579.85,2162.8,2596,2146.2,2605.2,2122.2,2608.45,2095.9,2602.9,2069.7,2582.65,2046.15,2563.75,2034.2,2541.15,2021.75
4-34,Uninfected,No_comment,Polygon,18,2319.05,2227.3,2319.95,2205.65,2327.8,2184.9,2340.7,2170.6,2363.25,2160,2388.15,2149.4,2413.95,2151.25,2437,2160.45,2451.3,2181.2,2455.45,2209.8,2443.9,2234.65,2430.55,2250.35,2408.45,2264.15,2383.55,2270.6,2362.4,2272,2343.45,2264.65,2329.65,2253.55,2324.55,2240.65
4-35,Uninfected,No_comment,Polygon,20,2660.95,1930.05,2661.4,1915.75,2668.8,1893.6,2675.25,1879.8,2695.5,1867.35,2719.95,1863.2,2740.2,1868.25,2760.5,1880.7,2785.4,1908.35,2791.85,1932.8,2791.85,1952.15,2781.25,1977.5,2769.25,1987.7,2749.9,1998.3,2725,2000.55,2702.45,1995.95,2684.45,1988.1,2670.65,1976.1,2662.8,1960.45,2661.4,1944.3
4-36,Uninfected,No_comment,Polygon,19,2527.75,1904.7,2522.7,1930.05,2522.7,1954.9,2532.4,1979.35,2542.5,1997.75,2558.65,2008.35,2584,2018.05,2612.1,2014.35,2625.45,2011.15,2636.05,2001,2647.15,1985.35,2650.35,1959.05,2646.2,1924.05,2638.85,1904.2,2608.9,1881.65,2592.75,1873.35,2565.55,1874.7,2545.3,1883.95,2529.6,1898.7
4-37,Uninfected,No_comment,Polygon,19,2932.85,1900.05,2949.9,1871,2969.25,1850.7,3004.75,1828.6,3031.5,1820.3,3058.7,1824.45,3075.75,1840.6,3080.8,1873.3,3072.5,1912.45,3059.6,1932.35,3043.45,1938.35,3029.65,1941.95,3013.5,1951.65,3002.9,1960.9,2988.65,1968.3,2960.5,1964.55,2945.75,1956.3,2936.55,1940.1,2929.65,1917.15
4-38,Uninfected,No_comment,Polygon,21,3000.15,1975.65,2992.3,1993.65,2991.4,2014.3,3001.55,2037.4,3011.2,2055.8,3024.6,2065.5,3038.4,2073.35,3059.15,2075.2,3079.4,2072.85,3099.25,2065.5,3111.2,2055.8,3120.45,2033.2,3122.3,2003.7,3110.75,1980.2,3093.25,1963.15,3079.4,1952.55,3064.2,1944.25,3045.8,1941.55,3026.4,1947.5,3011.2,1958.1,3007.05,1964.15
4-39,Uninfected,No_comment,Polygon,17,3280.85,1798.7,3281.3,1774.25,3289.65,1760.45,3308.95,1746.6,3340.75,1731.4,3352.75,1743.4,3367.5,1759.05,3381.8,1778.4,3389.15,1804.15,3386.4,1835.05,3372.1,1855.35,3349.5,1870.05,3320,1872.9,3303.4,1863.6,3291,1848.85,3284.05,1827.25,3282.7,1810.6
4-40,Uninfected,No_comment,Polygon,18,3239.9,1728.15,3254.1,1742,3266.55,1765.5,3265.2,1796.4,3262.4,1823.55,3265.2,1843.85,3252.3,1863.2,3231.1,1873.3,3202.05,1874.2,3179.45,1864.6,3155.5,1845.25,3142.6,1818.9,3138.95,1791.75,3147.2,1762.75,3158.7,1743.8,3189.6,1725.85,3212.15,1723.1,3227.4,1724.5
4-41,Uninfected,No_comment,Polygon,18,3153.2,1650.75,3157.8,1624.9,3171.65,1605.1,3197.9,1589.85,3225.55,1584.8,3246.75,1588.95,3268.85,1600.45,3287.3,1614.3,3297.9,1638.3,3302.95,1664.6,3291.9,1691.3,3275.3,1707.45,3249.05,1712.9,3218.7,1713.9,3198.8,1710.2,3175.75,1701.9,3160.55,1684.35,3154.1,1667.3
4-42,Uninfected,No_comment,Polygon,20,3024.6,1732.8,3033.35,1707.85,3051.85,1685.25,3075.35,1668.7,3089.6,1655.75,3103.4,1642.85,3108.5,1652.15,3117.25,1664.05,3130.6,1679.3,3140.75,1692.7,3150.45,1718.95,3151.8,1746.1,3145.05,1765.85,3136.6,1784.4,3112.15,1796.4,3090.5,1799.6,3063.3,1796.4,3043.55,1784.4,3026.9,1765.9,3023.7,1747
4-43,Uninfected,No_comment,Polygon,19,2911.7,1626.35,2916.75,1613.45,2928.75,1599.65,2944.95,1589.05,2966.15,1583.5,3004.4,1584.9,3027.4,1598.25,3040.75,1612.55,3049.05,1631.9,3050.9,1660.95,3042.1,1682.15,3026,1700.55,3002.95,1713.45,2969.3,1717.15,2940.75,1708.85,2923.2,1694.1,2912.6,1677.05,2905.25,1656.8,2905.7,1642.05
4-44,Uninfected,No_comment,Polygon,19,2662.85,1566,2681.8,1547.55,2696.5,1536.05,2724.1,1527.75,2753.15,1531.9,2773.95,1541.55,2787.75,1553.55,2798.8,1578.45,2803.85,1599.15,2802.95,1617.15,2791.4,1637.4,2773.05,1658.15,2745.3,1668.3,2724.6,1668.75,2701.55,1661.85,2681.25,1649.85,2664.2,1631.9,2659.6,1611.15,2660.05,1580.75
4-45,Uninfected,No_comment,Polygon,20,2506.6,1610.25,2495.5,1626.35,2493.2,1646.65,2494.15,1675.2,2505.65,1693.2,2518.55,1707.45,2536.05,1713.45,2552.65,1718.05,2570.2,1711.6,2588.6,1704.7,2609.8,1684.9,2622.7,1659.55,2626.4,1636.05,2621.8,1613.9,2609.8,1595.95,2587.25,1577.05,2564.2,1573.35,2544.85,1579.35,2525.45,1590.4,2518.1,1597.8
4-46,Uninfected,No_comment,Polygon,18,2557.25,1825,2556.35,1802.4,2563.25,1786.3,2574.3,1771.55,2590.9,1760.45,2611.65,1752.65,2638.85,1755.85,2655.45,1764.15,2672.5,1777.5,2680.3,1801.5,2677.55,1831,2665.1,1857.25,2645.75,1870.6,2617.65,1879.85,2596.85,1880.3,2583.55,1870.15,2574.3,1860,2560.05,1841.6
4-47,Uninfected,No_comment,Polygon,17,2403.35,1357.65,2409.35,1331.85,2422.7,1308.8,2444.85,1291.3,2475.7,1283,2503.35,1284.4,2525.95,1296.85,2550.35,1326.8,2554.5,1348.9,2550.85,1381.15,2536.55,1399.15,2511.65,1418.5,2475.7,1422.2,2445.3,1414.35,2425.95,1405.6,2413.5,1393.15,2405.65,1376.1
4-48,Uninfected,No_comment,Polygon,15,2426.35,1178.85,2438.35,1169.15,2463.2,1158.55,2489.95,1158.1,2516.7,1164.55,2533.75,1186.65,2541.55,1208.3,2534.65,1234.6,2514.4,1249.8,2483.05,1259,2459.1,1260.4,2438.8,1250.7,2419.4,1230.95,2414.35,1215.7,2416.7,1195.4
4-49,Uninfected,No_comment,Polygon,18,2255.4,1130.45,2247.1,1149.4,2243.85,1175.15,2247.55,1193.6,2265.05,1214.8,2294.1,1229.5,2321.75,1235.5,2350.35,1227.2,2372.85,1212.45,2383.45,1198.65,2389.5,1176.05,2381.65,1152.6,2369.25,1131.35,2349.85,1118.9,2336.95,1107,2311.6,1105.55,2289,1107.4,2271,1116.15
4-50,Uninfected,No_comment,Polygon,18,2438.35,785.3,2443.4,764.1,2454.95,753.5,2474.7,744.75,2500.05,742.9,2521.75,748.4,2542.05,762.25,2552.15,782.5,2562.75,809.25,2556.8,837.85,2544.35,858.1,2525.45,869.6,2491.75,875.6,2473.8,866.85,2465.1,853.5,2447.05,842.45,2437.45,818.45,2436.05,799.55
4-51,Uninfected,No_comment,Polygon,17,2360,870.1,2351.65,887.15,2347.55,912,2359.55,939.7,2370.15,962.7,2382.15,977.45,2405.65,987.15,2432.3,987.15,2458.65,977.95,2473.8,959.95,2485.3,927.25,2485.3,899.1,2468.25,871.45,2445.25,852.55,2423.15,845.65,2401.5,845.2,2381.65,853.95
4-52,Uninfected,No_comment,Polygon,18,2173.35,751.2,2167.85,729.05,2173.85,703.25,2191.35,681.6,2213.95,669.6,2238.35,669.15,2265.55,669.15,2284.45,679.3,2299.65,708.3,2307.95,730.45,2307.95,752.1,2296.9,782.5,2274.3,803.7,2247.1,811.55,2222.25,807.4,2202.85,794.95,2187.65,774.2,2175.2,753.95
4-53,Uninfected,No_comment,Polygon,17,2152.2,785.3,2147.55,806.5,2153.55,839.2,2166,862.7,2177.05,872.85,2199.65,881.6,2217.6,883.9,2231.45,877.45,2247.1,866.4,2262.8,842.45,2263.7,823.05,2256.75,797.7,2244.75,778.35,2218.95,756.7,2195.45,755.35,2173.35,756.25,2160.45,763.6
4-54,Uninfected,No_comment,Polygon,18,1978.45,589.9,1967.85,600,1962.75,614.3,1957.7,634.6,1963.2,664.55,1974.75,688.5,1992.25,704.65,2022.2,715.7,2049.4,718,2077.05,709.7,2090.9,691.25,2096.4,658.1,2093.2,634.1,2079.35,608.3,2059.55,592.65,2034.2,582.95,1996.85,581.1,1987.2,583.9
4-55,Uninfected,No_comment,Polygon,18,2131.45,551.15,2142.95,536.4,2169.7,518.45,2193.2,513.85,2230.05,522.15,2252.2,531.35,2276.6,556.7,2286.3,582.95,2286.3,606,2277.05,632.3,2249.4,648.4,2225.9,658.55,2190.45,657.6,2164.15,645.2,2144.8,631.35,2131,609.25,2120.85,581.1,2126.85,557.6
4-56,Uninfected,No_comment,Polygon,20,2293.65,615.7,2292.75,639.2,2300.1,665,2311.65,692.65,2327.75,721.2,2340.2,751.2,2360.5,777.45,2366.95,769.15,2374.3,749.35,2395.05,714.75,2410.7,661.3,2414.85,639.2,2418.1,622.15,2403.35,603.25,2375.7,584.8,2362.8,576.05,2345.75,570.05,2321.75,577.45,2309.8,585.75,2304.25,594.5
4-57,Uninfected,No_comment,Polygon,19,2539.75,596.8,2537.45,571,2539.75,545.2,2555.45,524.45,2578.95,508.3,2612.6,500.95,2638.4,499.55,2659.15,506.45,2680.35,520.75,2690.95,546.55,2698.75,574.65,2698.75,603.7,2685.4,635.95,2664.65,650.25,2631.5,659.45,2602,660.4,2583.55,650.7,2566.95,637.8,2549.9,619.85
4-58,Uninfected,No_comment,Polygon,17,2386.25,589.95,2393.65,550.7,2403.8,533.65,2425.45,522.15,2452.2,516.6,2472.95,521.2,2503.35,545.2,2514.9,569.6,2523.65,603.7,2518.1,629.5,2502.45,653,2476.15,665.9,2450.8,671.9,2418.55,659.95,2402.85,646.55,2389.5,627.2,2383.95,612.5
4-59,Uninfected,No_comment,Polygon,19,2949.45,451.15,2957.75,436.85,2975.75,422.55,3001.1,413.8,3029.65,415.65,3053.15,420.7,3072.5,438.65,3086.8,464.95,3090.5,499,3079.9,529,3065.15,546.95,3042.1,559.45,3019.5,568.15,2995.1,564.5,2973.45,558.05,2955.45,541,2943.95,515.15,2941.65,495.4,2944.4,467.2
4-60,Uninfected,No_comment,Polygon,19,2729.2,559,2722.75,574.2,2718.1,596.3,2717.65,617.9,2726.4,643.25,2749.9,660.3,2779.4,670.9,2803.85,668.2,2823.65,656.15,2837,641.95,2843.95,615.2,2843.45,590.8,2841.15,567.75,2830.1,544.65,2814.45,531.8,2790,525.75,2770.65,524.4,2752.2,533.1,2743.95,542.8
4-61,Uninfected,No_comment,Polygon,19,3117.65,810.15,3127.35,799.1,3147.65,788.5,3168.85,776.5,3171.6,770.05,3188.2,776.05,3203.4,784.35,3218.15,797.25,3231.5,824.45,3238.4,856.25,3237.5,878.85,3222.75,901.4,3204.3,917.1,3171.15,918.9,3142.55,911.55,3123.2,894.5,3109.85,867.75,3107.55,845.2,3113.05,822.6
4-62,Uninfected,No_comment,Polygon,19,3093.7,728.6,3107.55,687.55,3120,671.45,3140.7,660.4,3168.85,653,3193.7,655.3,3212.15,668.2,3221.85,681.6,3225.95,702.8,3226.45,726.3,3215.35,747,3188.65,762.7,3172.95,765.45,3158.7,774.2,3136.55,781.6,3117.65,778.35,3104.75,768.7,3096.45,755.3,3094.65,741.05
4-63,Uninfected,No_comment,Polygon,19,2927.8,857.15,2930.55,840.6,2942.1,824.45,2976.65,808.8,3009.35,800.95,3052.25,803.25,3077.6,808.8,3090.5,823.05,3093.25,840.1,3092.3,857.15,3097.4,872.4,3091.4,885.3,3065.15,898.65,3037.95,908.3,2999.7,909.7,2965.15,905.55,2949.9,898.65,2934.25,885.75,2928.25,865.95
4-64,Uninfected,No_comment,Polygon,18,2805.65,735.5,2797.85,750.7,2790.9,771.9,2791.4,796.35,2800.6,821.7,2810.3,837.8,2838.4,852.55,2870.2,848.9,2901.05,837.8,2916.75,822.6,2923.65,801.85,2923.2,779.75,2915.35,752.55,2902.9,735.5,2887.25,721.7,2869.25,712.95,2848.55,715.7,2825.95,720.3
4-65,Uninfected,No_comment,Polygon,18,3460.55,1001,3470.25,985.75,3489.6,967.8,3520,948.9,3538.45,943.85,3564.7,947.05,3584.5,962.25,3592.35,985.3,3585.9,1006.05,3576.25,1025.85,3557.35,1044.75,3543.05,1053.05,3514,1059.95,3496.5,1055.35,3481.75,1050.3,3467,1042,3460.1,1029.1,3462.4,1013.9
4-66,Uninfected,No_comment,Polygon,18,3313.1,987.1,3322.75,967.3,3337.95,955.3,3358.7,947,3379.45,947,3400.2,955.3,3423.25,977.9,3432,1001.9,3437.5,1032.8,3432,1058.15,3418.6,1070.05,3394.2,1079.75,3363.8,1079.35,3342.6,1074.2,3328.75,1065.5,3316.3,1047,3309.85,1016.65,3309.4,1003.7
4-67,Uninfected,No_comment,Polygon,18,3252.25,863.15,3260.55,841.95,3273,821.65,3299.7,811.05,3324.15,809.7,3341.65,812.45,3356.4,818.9,3377.15,843.3,3387.75,869.15,3385.45,890.35,3375.75,915.2,3354.1,934.55,3326.45,942.45,3296.5,947,3273.45,938.25,3258.7,926.3,3248.55,902.3,3249.5,882.5
4-68,Uninfected,No_comment,Polygon,18,3515.4,796.3,3500.2,813.35,3488.65,839.7,3482.7,864.5,3492.35,888.05,3502.5,902.3,3522.8,909.7,3544.9,908.75,3567.95,902.3,3592.35,888.5,3611.25,862.2,3624.15,835.95,3630.15,814.3,3617.25,787.1,3597.9,772.35,3572.55,768.65,3542.6,779.25,3531.05,786.2
4-69,Uninfected,No_comment,Polygon,16,3727.8,779.75,3733.35,758.1,3750.4,737.35,3778.55,722.15,3815.8,718.45,3849.5,723.05,3871.1,734.15,3879,762.7,3877.15,790.8,3865.15,819.85,3845.8,836,3815.8,847.5,3772.5,847.5,3743.05,836.9,3728.75,820.3,3725.55,808.8
4-70,Uninfected,No_comment,Polygon,18,3629.65,640.55,3639.35,619.85,3663.3,590.35,3683.6,574.65,3705.65,567.3,3737.05,572.85,3763.8,588.05,3773,614.3,3778.95,644.25,3767.45,673.75,3745.35,703.25,3724.55,716.6,3697.4,723.55,3671.55,720.75,3651.35,710.15,3638.85,696.35,3631.5,677,3629.15,661.3
4-71,Uninfected,No_comment,Polygon,17,3503.4,515.65,3491.9,544.65,3481.75,559.9,3481.3,591.7,3495.1,621.15,3509.85,647,3530.15,659.4,3563.35,662.65,3589.15,652.05,3605.75,641,3619.55,612,3623.7,582.5,3613.1,548.4,3595.6,528.1,3572.55,515.15,3539.8,506.9,3514,506.9
4-72,Uninfected,No_comment,Polygon,17,3354.55,625.3,3366.1,596.3,3378.5,583.4,3408.5,568.65,3434.3,568.65,3455.5,578.75,3472.1,602.3,3484.5,635.5,3485.45,665.85,3472.1,681.1,3452.7,687.05,3434.3,694.95,3411.7,697.65,3387.75,698.55,3356.85,683.85,3349.5,665.85,3347.2,640.1
4-73,Uninfected,No_comment,Polygon,17,3388.65,406.9,3397.4,388.95,3419.55,369.15,3448.55,353.9,3483.6,358.55,3511.7,371.9,3527.4,395.85,3533.85,421.65,3530.6,453,3522.3,471.45,3503.85,485.7,3456.4,501.4,3421.4,497.25,3402,489.4,3387.3,471,3379.9,449.8,3380.85,426.75
4-74,Uninfected,No_comment,Polygon,17,3258.25,302.75,3250.85,316.6,3245.8,343.8,3259.15,376.95,3280.35,396.8,3310.75,406.45,3342.55,404.15,3365.15,394.45,3387.3,376.95,3393.75,348.85,3384.5,313.8,3366.1,288.95,3339.35,277.9,3316.3,271.9,3299.25,272.8,3283.1,279.7,3271.6,290.3
4-75,Uninfected,No_comment,Polygon,17,3322.75,159.9,3336.15,144.2,3355.95,132.25,3388.2,125.8,3420.95,139.6,3430.6,164.05,3434.3,193.55,3433.35,219.35,3422.3,241.45,3405.7,256.2,3383.6,264.95,3352.7,264.95,3335.2,257.15,3318.6,238.25,3312.15,214.75,3308.95,197.7,3314.45,176
4-76,Uninfected,No_comment,Polygon,15,3502.95,288.45,3514,263.6,3529.7,244.2,3547.2,233.15,3578.1,230.4,3609.9,232.7,3630.6,253.9,3638.45,281.55,3634.3,316.6,3621.85,335.95,3589.15,353.9,3549.05,354.85,3526.45,345.15,3510.8,326.25,3504.35,311.5
4-77,Uninfected,No_comment,Polygon,16,3646.3,368.2,3645.85,342.85,3650.9,318.9,3664.7,300.45,3705.3,286.15,3744.45,285.7,3770.7,297.2,3786.85,326.25,3793.75,354.85,3788.7,382.95,3774.4,403.7,3752.3,417.5,3721.4,422.6,3697.45,416.6,3669.35,404.15,3652.75,386.65
4-78,Uninfected,No_comment,Polygon,15,2820.7,181.25,2834.25,152.3,2855.3,132.2,2882.85,120.5,2914.2,124.3,2941.75,137.3,2967.45,161.6,2976.35,199.95,2964.65,243,2943.15,261.65,2924.95,273.35,2885.2,273.8,2850.15,262.1,2830.05,232.7,2820.25,203.7
4-79,Uninfected,No_comment,Polygon,16,2286.6,180.85,2275.35,204.65,2278.2,238.8,2289.45,270.6,2316.05,292.5,2338.45,302.8,2361.35,305.65,2386.65,295.8,2404.35,278.95,2414.65,253.75,2405.75,202.8,2396.4,173.8,2377.25,156.05,2342.2,143.95,2318.85,150.9,2301.05,163.05
4-80,Uninfected,No_comment,Polygon,26,2295.9,302.35,2270.2,325.25,2257.6,338.8,2256.65,348.15,2254.8,374.8,2249.2,391.6,2246.35,413.1,2255.25,446.3,2263.2,465.45,2275.35,472.45,2291.7,475.7,2308.55,482.25,2320.2,476.2,2323.95,462.15,2333.75,451.9,2348.7,441.6,2349.65,423.4,2347.8,407,2355.75,398.6,2353.85,384.15,2350.6,361.25,2352.45,338.8,2345.45,329.9,2325.35,321.05,2317.4,311.7,2304.3,300.45
4-81,Uninfected,No_comment,Polygon,19,2107.6,311.7,2123.45,288.3,2141.25,271.95,2173,265.9,2195.45,272.9,2216.95,282.7,2236.1,302.35,2244.5,322.45,2242.15,347.65,2234.2,369.65,2227.7,394.4,2212.75,409.85,2189.35,418.7,2165.55,414.95,2140.75,402.35,2123.95,390.2,2109.9,371.5,2102.9,344.4,2105.25,329
4-82,Uninfected,No_comment,Polygon,14,1993.1,215.4,1993.55,235.05,1993.1,259.8,2000.55,282.25,2014.1,303.3,2045.45,318.7,2066.45,314.05,2100.1,297.2,2109.9,278.05,2114.1,256.1,2111.8,240.2,2096.65,219.2,2079.9,193.1,2052.35,180.8
4-83,Uninfected,No_comment,Polygon,21,2026.7,457.1,2042.95,436.45,2065.1,421.2,2085.8,410.8,2099.6,403.45,2114.85,407.9,2143.95,425.15,2157.75,434.5,2165.6,455.2,2165.1,475.4,2163.15,494.05,2149.35,506.4,2135.05,517.25,2122.75,530.55,2096.65,545.35,2063.65,545.8,2041.95,536.95,2033.1,515.7,2024.2,502.95,2023.75,485.25,2025.7,469.45
4-84,Uninfected,No_comment,Polygon,17,1866.6,476.35,1858.7,508.4,1861.15,532.95,1874.45,547.3,1901.05,569.95,1916.35,579.25,1940,581.25,1963.15,572.85,1987.3,556.1,1998.1,539.9,2005.5,510.8,1995.65,481.8,1975.95,465.05,1958.7,449.75,1926.2,443.8,1898.6,450.7,1883.35,462.05
4-85,Uninfected,No_comment,Polygon,19,1748.35,586.15,1758.2,569.4,1773,554.65,1797.1,543.85,1827.65,539.35,1849.85,550.25,1870.05,567.95,1889.25,586.15,1901.05,604.9,1903.55,641.9,1888.75,668.45,1864.1,674.85,1832.6,675.4,1800.05,670.45,1777.4,658.65,1759.7,645.85,1748.35,628.05,1747.35,602,1747.35,593.05
4-86,Uninfected,No_comment,Polygon,19,1609.75,865,1592,886.85,1584.9,913.75,1592.5,947.25,1609.75,974.7,1638.2,985.85,1657.45,988.9,1679.8,985.85,1702.65,969.6,1714.35,955.4,1718.95,928.5,1714.35,909.2,1700.1,887.35,1683.35,871.6,1671.7,854.85,1677.9,837.05,1671.3,830.45,1651.4,845.25,1627,853.85
4-87,Uninfected,No_comment,Polygon,16,1468.1,987.9,1474.2,964.5,1489.45,948.3,1506.7,938.65,1534.1,934.55,1553.9,939.65,1572.7,947.25,1588.45,960.95,1597.55,974.7,1599.6,1003.6,1587.4,1035.1,1561,1050.85,1530.55,1051.35,1499.6,1046.75,1479.8,1029.5,1470.2,1010.7
4-88,Uninfected,No_comment,Polygon,19,1504.15,1085.35,1498.6,1106.65,1497.05,1133.05,1514.3,1164.05,1539.7,1179.75,1557.95,1187.4,1581.85,1182.8,1602.65,1172.15,1611.8,1163,1621.45,1147.8,1630.05,1131.55,1639.2,1119.85,1642.75,1103.6,1627,1082.3,1604.7,1053.85,1577.75,1045.25,1553.4,1048.8,1531.05,1058.95,1517.35,1068.6
4-89,Uninfected,No_comment,Polygon,15,1374.85,1351.8,1379.05,1327.75,1400.5,1304.2,1434,1287.95,1454.95,1276.45,1492.65,1277.5,1511.5,1288.45,1523.05,1304.7,1523.05,1334.55,1509.95,1361.25,1482.7,1388.45,1450.75,1400.5,1407.85,1397.35,1391.1,1385.35,1381.15,1370.65
4-90,Uninfected,No_comment,Polygon,16,1582.7,1501.55,1579.55,1554.45,1586.4,1569.6,1612.05,1584.8,1630.9,1596.3,1659.65,1598.95,1686.9,1587.95,1708.35,1562.8,1717.25,1538.75,1715.7,1518.3,1706.8,1494.75,1685.35,1469.1,1660.7,1460.2,1635.05,1464.4,1607.85,1474.85,1595.3,1490.05
4-91,Uninfected,No_comment,Polygon,17,1859.1,1340.85,1858.6,1370.15,1867.5,1396.85,1898.4,1414.65,1929.25,1415.2,1949.15,1404.2,1963.3,1390.55,1973.25,1365.45,1969.6,1340.3,1959.1,1313.1,1944.45,1296.85,1931.35,1289,1905.15,1275.4,1900.95,1281.15,1892.05,1292.6,1876.35,1312,1861.7,1328.75
4-92,Uninfected,No_comment,Polygon,18,2058.05,1428.8,2062.75,1413.1,2076.9,1396.35,2102.05,1384.8,2123,1382.2,2147.05,1381.15,2171.15,1389.5,2191.55,1410.45,2199.4,1429.3,2203.6,1461.75,2192.6,1485.85,2169.6,1504.7,2145.5,1508.35,2119.85,1505.25,2096.3,1495.8,2076.9,1480.1,2067.5,1465.95,2057.55,1446.6
4-93,Uninfected,No_comment,Polygon,16,2115.65,1808.65,2120.65,1794.05,2138.75,1771.9,2167.4,1761.35,2192.55,1761.35,2225.7,1770.4,2248.3,1795.5,2255.35,1818.2,2256.4,1845.25,2246.8,1869.4,2227.7,1884.45,2190,1895,2159.85,1888.55,2137.3,1874.9,2121.65,1855.8,2114.65,1831.2
4-94,Uninfected,No_comment,Polygon,16,1554.8,1907.05,1564.85,1890.5,1582.35,1875.9,1609.55,1869.9,1641.15,1869.35,1668.85,1876.4,1680.85,1893.5,1686.4,1920.15,1683.45,1945.75,1666.3,1966.35,1642.75,1982.45,1611.5,1991.5,1582.35,1983.95,1559.3,1968.35,1553.8,1941.25,1552.7,1923.15
4-95,Uninfected,No_comment,Polygon,17,1614.6,1747.8,1601.55,1763.35,1597.5,1785.5,1600.55,1807.1,1612.1,1832.2,1630.7,1851.3,1666.85,1864.4,1694.5,1867.4,1719.65,1852.3,1738.2,1830.7,1749.8,1807.6,1744.75,1775.45,1731.2,1750.8,1714.6,1736.75,1692.5,1725.7,1656.3,1725.7,1631.2,1730.7
4-96,Uninfected,No_comment,Polygon,16,1675.4,1974.4,1658.8,1987.95,1643.75,2005.05,1638.7,2031.2,1645.75,2053.3,1660.3,2079.4,1691.5,2098,1731.7,2098,1762.85,2080.95,1775.4,2059.3,1778.9,2033.2,1773.4,2004.05,1761.85,1984.45,1739.7,1971.4,1708.05,1968.35,1689.45,1968.85
4-97,Uninfected,No_comment,Polygon,16,1686.95,2284.45,1701.55,2263.85,1722.15,2250.8,1744.25,2244.25,1776.9,2250.8,1803.05,2262.35,1818.1,2282.95,1825.65,2307.55,1820.05,2339.25,1808.05,2356.8,1777.4,2367.35,1746.75,2365.85,1719.1,2352.3,1698,2338.75,1688.45,2315.1,1684.95,2290.5
4-98,Uninfected,No_comment,Polygon,19,1591.5,2117.15,1578.95,2131.2,1564.35,2149.8,1550.3,2177.4,1547.3,2205.1,1556.3,2224.2,1566.9,2235.25,1592.5,2242.2,1615.1,2248.25,1655.8,2233.75,1682.95,2211.1,1693,2187.95,1696.55,2158.8,1691,2130.7,1679.45,2109.6,1663.35,2097.55,1639.25,2096.05,1621.65,2096.05,1606.05,2104
4-99,Uninfected,No_comment,Polygon,15,1810.1,2184.95,1817.65,2162.35,1846.8,2145.25,1878.95,2137.7,1914.65,2144.75,1941.25,2176.9,1953.3,2208.6,1947.8,2248.8,1928.2,2270.9,1894.55,2283.95,1857.35,2277.45,1833.7,2265.85,1816.15,2245.75,1807.6,2219.65,1810.6,2199.55
4-100,Uninfected,No_comment,Polygon,18,2545.95,2483.9,2539.55,2500.65,2538.5,2525.75,2544.45,2550.4,2556.3,2569.6,2578.95,2587.35,2593.65,2595.7,2610.4,2595.7,2636.6,2587.35,2649.4,2572.55,2659.25,2557.8,2663.6,2531.2,2662.15,2500.65,2647.35,2471.55,2625.75,2454.35,2596.2,2448.9,2571.05,2456.8,2551.8,2466.65
4-101,Uninfected,No_comment,Polygon,17,2601.1,2648.9,2600.05,2625.3,2606.05,2610.5,2620.8,2596.7,2646.45,2590.8,2678.45,2590.8,2696.2,2600.65,2713.85,2612.95,2729.7,2640.05,2734.6,2662.25,2727.15,2690.3,2710.9,2709.5,2690.25,2715.9,2663.6,2715.45,2632.1,2700.15,2610.95,2685.4,2604.55,2667.65
4-102,Uninfected,No_comment,Polygon,16,2770.1,2621.35,2759.2,2637.1,2752.3,2661.75,2759.2,2690.8,2771.55,2712.5,2790.3,2731.7,2811.4,2740.55,2832.15,2744,2862.7,2735.15,2880.45,2719.85,2887.35,2701.15,2882.4,2669.6,2869.55,2639.55,2852.8,2620.35,2819.3,2606.05,2796.15,2606.55
4-103,Uninfected,No_comment,Polygon,17,2921.3,2637.1,2926.25,2616.9,2938,2601.15,2957.3,2589.8,2977.5,2586.85,2996.65,2589.8,3015.9,2600.65,3026.75,2621.35,3036.1,2649.4,3029.2,2685.85,3021.35,2706.55,2996.2,2719.35,2976,2724.8,2941.95,2715.45,2924.7,2705.6,2916.85,2682.4,2918.85,2657.8
4-104,Uninfected,No_comment,Polygon,20,2773.55,2385.35,2783.9,2370.1,2804.6,2351.85,2821.8,2347.4,2845.95,2343.95,2874.55,2348.4,2891.8,2364.15,2907.05,2390.75,2909,2414.9,2905.1,2437.1,2898.2,2459.7,2881.45,2474.5,2849.4,2486.35,2829.7,2490.3,2804.1,2484.4,2781.4,2465.15,2774.55,2447.45,2770.6,2432.15,2769.6,2417.8,2771.1,2401.05
4-105,Uninfected,No_comment,Polygon,20,2981.95,2413.45,2976,2439.05,2979.45,2462.7,2985.85,2481.35,3000.15,2504.1,3013.45,2512.45,3035.15,2517.4,3055.35,2516.4,3078,2508,3087.85,2493.2,3091.3,2471.1,3087.35,2441,3082.9,2420.85,3075.55,2407.5,3065.2,2396.15,3049.4,2386.35,3030.2,2378.95,3003.1,2377.45,2995.7,2383.9,2989.3,2395.7
4-106,Uninfected,No_comment,Polygon,18,3181.55,2148.4,3174.6,2158.8,3171.15,2174.05,3177.05,2201.6,3189.35,2225.8,3205.1,2244.45,3218.5,2260.7,3243.6,2273,3268.2,2273.5,3289.35,2268.1,3306.6,2250.9,3315,2222.75,3305.6,2194.7,3287.9,2172.5,3265.3,2155.35,3245.5,2136.05,3224.35,2129.65,3203.65,2132.15
4-107,Uninfected,No_comment,Polygon,17,3089.35,2215.4,3080.5,2234.6,3070.15,2263.65,3079,2297.7,3103.15,2326.3,3131.7,2337.05,3155.85,2339.05,3172.6,2333.6,3192.8,2323.75,3206.65,2312.95,3212.5,2295.7,3203.65,2263.65,3187.9,2238.05,3169.65,2207,3144.55,2192.7,3126.35,2185.85,3113.5,2192.3
4-108,Uninfected,No_comment,Polygon,21,2683.15,2107.1,2689.3,2087.4,2703.4,2066.75,2724.5,2055,2748,2049.85,2767.7,2051.7,2786.95,2058.3,2802.45,2069.1,2817.45,2082.7,2827.35,2105.7,2832.9,2131.05,2831.55,2155.95,2819.35,2176.6,2801.5,2191.65,2784.15,2197.25,2744.7,2199.6,2715.1,2188.35,2696.8,2172.85,2687.4,2152.2,2679.9,2129.65,2681.25,2117.9
4-109,Uninfected,No_comment,Polygon,21,3700.15,1635.2,3689.55,1643.2,3679.3,1654.3,3671.75,1673.45,3668.15,1690.3,3677.95,1719.2,3689.95,1732.55,3704.6,1742.75,3723.35,1748.1,3757.55,1750.75,3781.55,1743.65,3798,1731.2,3809.05,1712.1,3818,1694.75,3818.45,1673.85,3810,1656.55,3793.05,1638.3,3779.8,1629,3752.2,1622.75,3734.4,1623.2,3714.9,1626.8
4-110,Uninfected,No_comment,Polygon,21,3629.5,1815.65,3632.65,1798.3,3644.15,1784.1,3662.9,1770.75,3686.9,1765,3716.15,1770.3,3737.55,1770.3,3758.4,1773,3776.6,1782.3,3785.55,1803.2,3784.6,1824.1,3772.6,1845.45,3760.2,1852.1,3748.6,1865,3734.9,1876.1,3711.35,1882.35,3687.3,1882.75,3662.9,1875.2,3641.95,1860.55,3631.7,1841.45,3629.1,1831.2
4-111,Uninfected,No_comment,Polygon,20,3553.05,1581.4,3548.65,1593.4,3546.85,1610.3,3548.65,1630.8,3559.25,1645.85,3570,1661.4,3585.1,1669.45,3599.3,1672.55,3620.15,1675.2,3654.45,1657.85,3668.15,1641,3678.4,1613.4,3677.95,1589.4,3669.95,1565.4,3658.9,1548.55,3635.3,1543.2,3611.3,1538.75,3586.45,1540.95,3570,1549.85,3556.65,1564.55
4-112,Uninfected,No_comment,Polygon,19,3834,1584.6,3843.8,1568.1,3862.9,1552.6,3890.9,1543.65,3916.7,1541.4,3946.45,1545.85,3963.8,1555.2,3978,1573.45,3982,1596.6,3981.15,1615.25,3972.7,1644.55,3948.25,1663.65,3930,1670.3,3903.8,1671.65,3874.45,1664.1,3853.15,1652.1,3839.35,1638.3,3831.8,1624.1,3829.1,1607.25
4-113,Uninfected,No_comment,Polygon,20,3706,1490.35,3697.1,1507.2,3692.25,1524.6,3690,1546.35,3697.1,1568.1,3714,1585,3733.1,1595.2,3753.55,1605.05,3779.8,1610.8,3796.7,1611.65,3810.9,1604.1,3824.25,1588.6,3833.1,1566.3,3827.35,1540.15,3814,1513,3797.55,1491.65,3782,1480.15,3754.9,1476.15,3726,1478.35,3718,1478.75
4-114,Uninfected,No_comment,Polygon,16,4202.75,1540.65,4215.85,1526.15,4228.45,1513.05,4262.1,1505.1,4290.15,1509.35,4311.65,1518.65,4327.05,1534.55,4335.5,1554.65,4334.55,1600.45,4316.8,1617.7,4283.6,1628.5,4256.5,1628.95,4223.35,1614,4207.45,1589.7,4202.3,1572.4,4203.25,1554.65
4-115,Uninfected,No_comment,Polygon,16,4183.15,1514,4191.55,1535.45,4195.3,1563.05,4192.5,1596.7,4182.7,1618.2,4164.45,1632.65,4136.4,1649.55,4106.5,1660.2,4090.6,1652.3,4078.45,1621.9,4073.35,1593.4,4080.8,1556.5,4096.25,1534.05,4121,1521.9,4148.1,1514.95,4175.2,1509.75
4-116,Uninfected,No_comment,Polygon,19,4153.75,1620.9,4149.05,1654.65,4157.9,1689.25,4165.85,1725.7,4177.05,1739.7,4205.1,1748.6,4227.55,1754.2,4247.15,1747.2,4274.25,1733.15,4280.8,1703.7,4273.8,1670.5,4268.2,1653.7,4242,1636,4216.3,1624.7,4203.25,1605.55,4183.6,1570.9,4171.45,1576.1,4161.25,1592.45,4157,1605.1
4-117,Uninfected,No_comment,Polygon,18,4014.9,1695.8,4021,1668.2,4031.75,1654.2,4049.05,1641.1,4071.45,1631.25,4093,1627.5,4124.8,1642.95,4137.8,1666.35,4145.3,1702.8,4144.35,1736.45,4132.7,1751.4,4117.7,1769.1,4090.6,1772.9,4064.9,1770.1,4046.25,1755.55,4030.8,1740.15,4018.65,1728.95,4010.25,1716.8
4-118,Uninfected,No_comment,Polygon,18,3759.35,1873.85,3745.3,1896.25,3741.6,1918.7,3749.05,1942.5,3768.7,1965.9,3784.1,1971.05,3810.75,1975.2,3841.6,1968.2,3860.25,1950.45,3868.2,1928.95,3860.75,1897.2,3845.3,1874.3,3818.7,1846.75,3792.05,1826.15,3776.7,1814.25,3770.6,1823.55,3773.9,1842.7,3770.55,1861.2
4-119,Uninfected,No_comment,Polygon,18,3928.05,1795.8,3920.1,1817.3,3925.2,1840.15,3937.85,1861.7,3958.85,1878,3992.5,1882.25,4019.15,1878,4035.95,1868.2,4046.25,1854.2,4055.6,1829.45,4057.95,1808.9,4045.8,1782.25,4029.9,1766.8,4003.75,1754.65,3986.45,1749.05,3964.95,1755.15,3951.4,1764.45,3935.95,1777.55
4-120,Uninfected,No_comment,Polygon,17,4146.7,1832.65,4133.65,1856.95,4124.3,1878,4126.15,1906.55,4130.35,1930.35,4144.85,1952.8,4171,1957.95,4193,1957.5,4213.05,1948.15,4232.7,1927.55,4239.7,1900.9,4240.2,1870.1,4230.35,1844.4,4218.2,1826.6,4203.25,1811.7,4176.15,1812.6,4154.65,1819.1
4-121,Uninfected,No_comment,Polygon,17,3966.8,2077.55,3969.1,2060.25,3985.95,2035.95,4016.8,2013.5,4051.35,2012.1,4070.05,2019.1,4090.15,2030.8,4105.1,2057.9,4109.3,2089.2,4099.5,2110.7,4079.4,2127.05,4050.9,2138.75,4025.65,2142.5,3998.55,2134.55,3978,2126.15,3971.45,2111.15,3969.1,2094.8
4-122,Uninfected,No_comment,Polygon,18,3906.05,1907.45,3895.75,1925.2,3887.35,1945.75,3884.55,1977.55,3890.15,2004.15,3908.85,2024.25,3937.35,2034.05,3964,2035,3977.55,2024.7,3997.15,2011.15,4021.45,1993.9,4031.75,1964,4024.25,1930.35,4013.05,1909.3,3999.05,1900.4,3971.45,1892,3948.1,1888.3,3925.2,1892
4-123,Uninfected,No_comment,Polygon,16,3709.8,2202.3,3723.85,2171,3745.85,2154.2,3772.45,2146.25,3803.3,2147.2,3834.1,2164.95,3844.85,2188.75,3849.55,2216.35,3844.85,2240.65,3827.6,2256.05,3805.6,2269.6,3779.45,2272.4,3747.25,2265.4,3724.8,2251.85,3711.25,2237.85,3707.55,2217.25
4-124,Uninfected,No_comment,Polygon,20,3673.85,2047.2,3667.3,2061.65,3662.2,2084.1,3668.2,2096.7,3675.25,2110.75,3686.95,2120.05,3704.7,2132.7,3721.55,2139.25,3739.75,2142.05,3763.1,2138.75,3787.4,2132.7,3801.9,2122.9,3814.5,2103.7,3816.35,2078.5,3807,2056.5,3786.95,2036.9,3764.5,2023.35,3733.7,2017.25,3705.6,2026.15,3687.4,2033.15
4-125,Uninfected,No_comment,Polygon,17,3927.6,2203.7,3948.15,2189.7,3976.2,2176.6,3998.15,2173.35,4022.95,2182.2,4047.7,2201.85,4057.5,2225.7,4063.55,2247.65,4055.6,2274.3,4030.9,2294.35,3999.1,2306.05,3960.8,2306.5,3937.4,2300,3918.75,2283.6,3908.4,2256.05,3909.8,2233.6,3914.05,2214.45
4-126,Uninfected,No_comment,Polygon,19,3682.25,2352.85,3680.85,2374.35,3684.6,2394.85,3694.4,2411.7,3714.5,2421.95,3737.4,2430.4,3771.5,2429.9,3794.4,2426.2,3808.85,2420.55,3829,2406.1,3844.4,2381.3,3842.55,2354.7,3821.95,2331.3,3802.8,2318.25,3779,2312.2,3750.5,2312.2,3722.9,2317.75,3699.1,2329,3688.8,2339.3
4-127,Uninfected,No_comment,Polygon,18,3666.35,2476.65,3681.8,2461.2,3710.3,2446.7,3737.8,2444.85,3763.5,2447.65,3787.4,2455.15,3807.45,2477.15,3812.65,2499.05,3808.85,2528.05,3799.1,2560.3,3778.5,2576.2,3754.7,2582.3,3726.2,2581.8,3692.05,2572.4,3674.8,2557,3664.05,2531.8,3659.35,2509.8,3661.7,2489.75
4-128,Uninfected,No_comment,Polygon,19,3377.1,2660.25,3382.7,2642.5,3397.2,2626.15,3414.95,2617.25,3438.3,2611.65,3458.85,2614.45,3478,2623.8,3496.25,2646.25,3507.45,2668.2,3510.25,2686.9,3503.25,2709.8,3490.65,2736.4,3474.75,2749.95,3450.45,2755.6,3424.3,2752.75,3400.9,2742.05,3381.75,2717.25,3376.15,2702.75,3374.75,2680.8
4-129,Uninfected,No_comment,Polygon,18,3231.3,2621.45,3244.85,2605.6,3268.7,2595.3,3292.5,2593.45,3318.7,2601.85,3337.85,2615.4,3352.3,2636.9,3362.6,2672.85,3355.1,2702.75,3340.15,2719.6,3315.4,2728.95,3285.5,2730.8,3260.75,2730.8,3237.35,2711.2,3226.6,2698.1,3218.7,2672.4,3219.15,2655.6,3221.5,2635.95
4-130,Uninfected,No_comment,Polygon,18,3151.35,2786.4,3133.6,2806.5,3124.75,2831.3,3119.15,2859.3,3127.55,2876.15,3141.1,2893.9,3166.8,2914,3187.35,2921,3212.6,2925.2,3228.95,2918.65,3242.95,2908.85,3251.85,2879.85,3254.65,2849.5,3249.95,2825.2,3234.1,2805.1,3211.65,2789.7,3190.15,2773.8,3169.15,2774.25
4-131,Uninfected,No_comment,Polygon,18,2567.45,2856.5,2574.8,2836.6,2584.95,2826.05,2607.3,2818.25,2630.5,2816.7,2649.2,2826.4,2666.65,2843.9,2681.3,2868.25,2690.25,2892.65,2685.35,2915.85,2676,2934.2,2640.25,2945.1,2607.3,2940.65,2578.05,2929.25,2559.35,2910.15,2552,2891.05,2555.7,2875.6,2563,2865
4-132,Uninfected,No_comment,Polygon,19,2458.55,2765.85,2471.95,2745.1,2490.65,2729.25,2511.8,2719.9,2536.15,2720.7,2550.4,2731.7,2560.95,2742.25,2574.4,2763,2576,2797.95,2565.85,2825.2,2558.1,2839.4,2545.9,2860.15,2522.75,2864.6,2498.35,2862.6,2482.5,2854.1,2463,2838.2,2453.25,2815.85,2451.2,2793.05,2452.45,2780.05
4-133,Uninfected,No_comment,Polygon,21,2146.85,2563.15,2134.75,2578.65,2128.9,2601.25,2130.55,2619.7,2136.05,2637.65,2151.05,2660.2,2174.9,2668.15,2195.05,2673.65,2213.4,2670.75,2233.9,2661.1,2258.15,2646.9,2269.05,2623.4,2270.7,2601.25,2266.1,2581.2,2252.75,2571.1,2243.1,2549.8,2227.2,2534.3,2201.25,2528.4,2177,2533.9,2159,2544.3,2147.7,2554.8
4-134,Uninfected,No_comment,Polygon,14,2019.65,2745.6,2014.65,2723.8,2020.95,2695.35,2034.75,2677,2053.6,2666.1,2079.15,2659.45,2112.6,2668.15,2136.85,2688.3,2146.85,2716.35,2149.8,2748.95,2140.6,2774.85,2123.9,2787.4,2094.15,2799.2,2019.65,2758.2
4-135,Uninfected,No_comment,Polygon,20,2211.3,2697.5,2220.1,2687,2230.95,2679.95,2246.05,2672.8,2255.3,2663.15,2266.6,2656.5,2284.15,2655.6,2305.45,2662.35,2316.75,2676.6,2324.7,2694.15,2336,2717.15,2333.05,2736,2317.15,2760.25,2290.8,2781.6,2258.65,2794.1,2236.45,2794.6,2211.75,2780.35,2198.75,2756.1,2194.55,2736.4,2202.5,2714.2
4-136,Uninfected,No_comment,Polygon,16,1907.75,2516.95,1892.7,2543.9,1892.7,2571.25,1899.1,2599.15,1916.9,2619.7,1951.6,2631.1,1985.85,2630.65,2010.95,2616.95,2027.9,2593.2,2037.45,2570.8,2037.45,2540.2,2016.45,2514.65,1991.35,2496.4,1954.8,2473.55,1943.85,2479.95,1927.9,2495
4-137,Uninfected,No_comment,Polygon,19,3379.25,1385.5,3392.05,1373.45,3415.8,1362.2,3445.9,1363.85,3465.2,1370.3,3487.3,1388.35,3497.35,1405.2,3507.35,1427.35,3507.75,1447,3491.25,1473.05,3471.25,1485.9,3448.35,1492.75,3415.4,1485.5,3401.75,1465.1,3392.05,1459.8,3376.85,1452.25,3364.8,1433.35,3359.15,1415.3,3366.4,1393.95
4-138,Uninfected,No_comment,Polygon,19,3661.6,1287.9,3653.55,1301.2,3647.5,1322.9,3648.35,1342.6,3657.2,1371.1,3674.85,1387.55,3696.1,1399.15,3719.05,1402,3737.9,1400.4,3760.8,1390.4,3774.05,1378.35,3786.5,1358.25,3790.1,1329.75,3783.65,1305.25,3762.75,1278.75,3743.55,1266.3,3719.05,1265.05,3700.9,1268.7,3686.1,1273.9
4-139,Uninfected,No_comment,Polygon,17,3824.3,1193.9,3824.3,1170.65,3837.45,1145.65,3867.3,1133.8,3894.95,1121.1,3921.7,1121.1,3946.7,1130.75,3960.7,1143.9,3966,1167.15,3965.55,1195.65,3955.9,1221.55,3931.75,1242.6,3895.35,1257.05,3864.65,1260.15,3847.1,1248.3,3832.2,1225.05,3826.05,1210.55
4-140,Uninfected,No_comment,Polygon,18,3877.4,1322.85,3883.5,1302.7,3896.7,1284.25,3924.3,1269.35,3949.75,1264.95,3985.7,1269.35,4010.7,1278.1,4023,1300.5,4026.5,1326.35,4025.2,1347,4012.5,1364.55,4001.95,1376.8,3973,1394.35,3947.55,1397.45,3919.5,1393.05,3896.25,1381.2,3882.65,1365.85,3876.95,1345.65
4-141,Uninfected,No_comment,Polygon,16,4074.7,1301.8,4077.9,1283.7,4086.95,1266.5,4118.65,1245.25,4154.85,1240.25,4179.25,1246.6,4197.35,1265.6,4211.85,1289.6,4216.85,1312.2,4210.95,1342.05,4192.35,1364.25,4155.75,1370.6,4130.85,1367.85,4104.6,1358.35,4081.55,1338,4076.1,1319
4-142,Uninfected,No_comment,Polygon,19,4022.25,1143.45,4035.4,1123.05,4048.05,1106.75,4068.85,1094.1,4099.2,1087.3,4129,1090.5,4149.85,1101.35,4164.8,1115.8,4176.1,1144.8,4180.65,1179.15,4167.05,1210.4,4148.05,1223.5,4119.1,1233,4082.45,1238.9,4058.45,1233.45,4035.85,1214.9,4024.95,1192.75,4018.65,1174.65,4017.3,1163.35
4-143,Uninfected,No_comment,Polygon,18,3964.35,998.65,3952.5,1009.05,3945.35,1028.05,3942.6,1056.55,3943.95,1078.75,3958,1104.05,3972.05,1117.2,3989.2,1119.9,4010.05,1118.1,4024.05,1107.25,4045.8,1095.45,4067.5,1078.3,4077.9,1060.2,4076.55,1023.05,4066.15,1004.95,4045.35,988.25,4020.4,982.8,3990.15,985.05
4-144,Uninfected,No_comment,Polygon,19,3781.95,1028.5,3798.25,1009.95,3816.35,996.85,3836.25,987.3,3853.9,979.65,3889.15,988.7,3912.25,1005.4,3921.3,1029.4,3925.35,1057,3921.3,1082.35,3906.8,1093.65,3886.05,1102.7,3857.95,1112.65,3828.6,1119.45,3809.6,1110.85,3796.9,1100.9,3784.7,1081.9,3776.5,1060.65,3777,1040.25
4-145,Uninfected,No_comment,Polygon,19,3646.7,1089.15,3652.55,1064.25,3658.85,1045.7,3672.9,1030.3,3683.8,1018.55,3707.3,1014.95,3730.85,1024.9,3747.15,1035.3,3761.15,1055.65,3769.75,1085.95,3774.3,1113.55,3765.25,1137.1,3744.85,1155.65,3720.45,1162.9,3694.2,1159.25,3680.6,1151.6,3674.3,1131.2,3667.5,1113.55,3653,1100.45
4-146,Uninfected,No_comment,Polygon,17,3536.75,1127.15,3531.3,1157.45,3531.75,1181.45,3542.6,1210.4,3570.65,1231.2,3600.1,1234.4,3624.05,1231.2,3648.95,1219,3665.25,1195.9,3670.65,1167.85,3663,1142.05,3650.75,1119.45,3635.35,1104.05,3616.35,1090.95,3588.75,1085.5,3565.25,1092.75,3548.95,1105.4
4-147,Uninfected,No_comment,Polygon,15,3450.3,1191.85,3434,1183.25,3417.25,1152.95,3419.1,1117.2,3429.05,1092.75,3441.7,1078.25,3464.35,1068.75,3490.1,1064.25,3513.2,1071.5,3524.5,1083.25,3532.2,1116.75,3522.7,1148.85,3511.4,1171.95,3498.25,1190.05,3474.75,1195.45
4-148,Uninfected,No_comment,Polygon,16,3192,1184.2,3206.5,1159.3,3231.3,1148.5,3255.8,1142.55,3284.7,1147.55,3302.35,1160.2,3320.9,1183.75,3325.9,1206.85,3323.25,1237.1,3308.7,1259.3,3286.55,1272.85,3254.85,1276.1,3232.25,1273.8,3210.1,1261.6,3193.75,1239.45,3188.4,1211.85
4-149,Uninfected,No_comment,Polygon,18,2865.2,1127.65,2882.4,1113.6,2902.75,1106.8,2934.45,1104.1,2958.4,1105.9,2984.6,1117.7,2999.6,1129.45,3006.85,1151.6,3005.5,1176.05,2993.7,1195.5,2972.45,1208.2,2944.85,1218.6,2907.3,1216.8,2882.85,1206.35,2866.1,1193.25,2854.35,1178.3,2849.35,1159.75,2852.55,1141.65
4-150,Uninfected,No_comment,Polygon,18,3466.25,1992.85,3472.7,1971.75,3491.55,1956.75,3516.05,1948.15,3539.65,1946.85,3566.7,1958,3583,1973.05,3592,1988.9,3599.3,2008.3,3601,2035.3,3593.3,2056.8,3571.4,2075.6,3552.1,2086.35,3523.35,2083.8,3497.15,2073.5,3480,2054.15,3467.1,2025.85,3462.8,2010.4
4-151,Uninfected,No_comment,Polygon,15,3421.2,1668.35,3428.05,1637.45,3450.8,1624.55,3484.25,1618.95,3510.45,1626.25,3533.65,1639.55,3547.8,1663.55,3550.8,1687.15,3545.2,1714.25,3527.2,1736.1,3502.3,1743.85,3469.7,1743.85,3441.35,1730.95,3425.05,1705.2,3416.45,1682.9
4-152,Uninfected,No_comment,Polygon,17,4028.05,837.2,4035.7,810.45,4048.85,796.2,4067.4,783.1,4100.2,772.7,4134.1,773.25,4155.95,781.45,4174.5,795.65,4183.25,824.65,4170.15,859.6,4154.3,884.75,4128.05,901.7,4093.1,909.9,4060.3,901.15,4038.45,886.4,4024.25,869.45,4023.15,855.8
4-153,Uninfected,No_comment,Polygon,13,3943.2,671.55,3942.3,636.95,3961.45,602.85,3999.3,586,4043.7,581.8,4093.25,653.8,4093.25,677.15,4080.6,703.3,4045.55,720.6,4001.15,724.35,3975,717.8,3957.25,703.3,3945.1,686
4-154,Parasitized,No_comment,Polygon,22,2152.1,2497.15,2154.15,2479.9,2166.45,2461.95,2186.55,2449.2,2211.95,2443.05,2242.7,2447.95,2269.75,2455.35,2294.75,2475.45,2305.4,2497.95,2310.3,2518.5,2311.1,2539,2304.15,2556.15,2292.7,2559.9,2270.15,2561.95,2256.2,2568.1,2232.5,2574.2,2216.1,2574.6,2192.75,2568.05,2180.85,2556.6,2173.45,2542.25,2161.95,2523.85,2153.35,2512.35
4-155,Parasitized,No_comment,Polygon,20,2331.6,2604.95,2345.95,2582.8,2365.65,2574.2,2388.6,2573,2408.25,2583.25,2426.7,2598.4,2441.05,2630.75,2444.3,2661.9,2437.35,2686.9,2418.1,2713.15,2395.55,2719.3,2368.9,2721.75,2350.45,2713.55,2340.65,2702.9,2331.2,2678.7,2320.95,2668.9,2312.75,2654.55,2311.1,2634.85,2316.85,2625.05,2323.4,2617.25
4-156,Parasitized,No_comment,Polygon,23,2623.85,2398.4,2627.95,2381.6,2633.65,2366.45,2648,2352.5,2666.05,2345.1,2692.3,2342.65,2716.85,2349.2,2738.2,2364.8,2755,2390.6,2756.2,2413.15,2757.05,2436.95,2748.35,2456.2,2731.6,2468.1,2717.7,2472.2,2707.85,2480.35,2698,2486.95,2685.3,2489.45,2667.2,2481.2,2656.2,2470.15,2652.5,2461.15,2639.4,2445.55,2630,2432.85,2623.4,2414.8
4-157,Parasitized,No_comment,Polygon,18,2283.6,2073.8,2285.65,2053.75,2296.75,2032.45,2322.95,2012.35,2344.65,2003.35,2377.9,2006.65,2399.65,2014.4,2416.45,2038.6,2425.8,2062.8,2424.65,2088.15,2412.7,2113.15,2389.4,2137.35,2357.8,2147.15,2326.65,2146.35,2304.95,2139.4,2291,2124.65,2284.05,2104.55,2283.25,2090.65
4-158,Parasitized,No_comment,Polygon,18,2327.1,1832.4,2341,1810.25,2357,1792.65,2377.5,1781.15,2397.15,1774.2,2435.3,1783.2,2453.3,1800.4,2460.7,1818.05,2462.75,1841.4,2453.75,1868.45,2439.8,1885.25,2420.95,1897.95,2398.4,1903.3,2371.75,1901.25,2345.55,1896.3,2333.25,1882.8,2327.1,1857.8,2323.4,1845.1
4-159,Parasitized,No_comment,Polygon,27,3261.15,1457.8,3266.45,1433.2,3278.35,1414.75,3292.3,1402.85,3315.25,1392.6,3338.6,1385.25,3350.1,1383.2,3357.45,1376.65,3366.05,1364.35,3368.95,1370.5,3371.8,1388.5,3381.7,1401.45,3389.45,1410.05,3398.1,1419.9,3404.25,1437.1,3397.2,1449,3396.4,1463.3,3402.15,1488.1,3400.9,1504.1,3389.8,1524.6,3371.4,1536.05,3343.95,1537.7,3315.65,1533.2,3284.45,1516,3266.9,1501.65,3262.8,1483.6,3261.15,1474.2
4-160,Parasitized,No_comment,Polygon,17,4114.3,1398,4131.6,1383.15,4157.35,1373.75,4207.85,1373.25,4235.6,1386.6,4257.35,1410.4,4272.2,1438.1,4275.2,1464.35,4265.85,1490.6,4242.5,1501.95,4210.35,1507.4,4180.15,1502.95,4156.35,1495.55,4130.15,1487.6,4114.3,1456.4,4105.95,1431.15,4108.85,1411.85
4-161,Parasitized,No_comment,Polygon,16,3734.15,879.2,3719.75,890.6,3710.85,911.85,3712.8,937.6,3721.75,968.3,3740.55,988.6,3771.3,995.05,3793.5,992.55,3813.85,978.2,3838.05,952.45,3846.95,926.7,3835.6,900.5,3811.8,871.25,3790.05,861.85,3768.25,863.85,3748.45,868.8
4-162,Parasitized,No_comment,Polygon,19,3798,604.4,3815.3,587.1,3832.15,576.25,3861.35,568.85,3890.05,573.25,3913.35,589.15,3927.7,606.9,3931.65,629.65,3929.2,663.9,3915.3,692.05,3888.1,714.8,3861.35,715.85,3829.65,711.85,3803.95,704.4,3786.6,701.5,3778.7,684.1,3780.65,662.35,3786.1,634.15,3791.55,616.35
4-163,Parasitized,No_comment,Polygon,24,3380.65,748.55,3371.25,767.8,3368.8,786.15,3374.75,811.85,3386.1,829.65,3400.95,842.05,3422.25,846.5,3442.55,848,3464.35,840.05,3482.15,825.75,3488.1,813.9,3495.5,796.55,3501.45,778.75,3500.95,756.45,3490.55,735.1,3470.25,705.95,3456.9,697,3427.8,664.85,3419.85,670.8,3412.95,686.15,3409.4,704.9,3402.95,717.3,3392.55,728.75,3388.6,736.15
4-164,Parasitized,No_comment,Polygon,19,2955.9,716.8,2960.35,695.55,2972.7,675.75,2998.45,660.4,3025.7,655.45,3050.45,654.95,3070.75,664.35,3088.05,689.6,3090.55,709.4,3087.55,726.25,3083.1,737.1,3081.7,757.9,3069.8,775.75,3053.9,786.6,3022.7,786.6,2994,781.65,2974.75,770.8,2959.9,748,2956.95,732.15
4-165,Parasitized,No_comment,Polygon,19,2564,834.65,2572.55,813.05,2588.8,796.85,2608.6,786.45,2631.55,782.4,2657.25,790.1,2677.95,805.4,2686.55,822.5,2693.75,840.55,2691.05,866.65,2680.65,882.85,2672.1,893.7,2651.4,909,2629.3,914.85,2604.1,911.7,2574.8,895.95,2564.45,880.6,2559.95,860.35,2559.05,848.2
4-166,Parasitized,No_comment,Polygon,20,2345.05,1110.85,2341,1091,2345.5,1061.75,2355.85,1045.05,2381.95,1031.1,2411.75,1027.95,2436.05,1032.45,2459.5,1050,2475.2,1068.95,2482,1093.25,2479.7,1126.15,2462.65,1146.4,2433.35,1161.3,2410.85,1159.95,2391.9,1154.05,2380.15,1157,2363.5,1161.05,2343.6,1150.65,2341.8,1133.55,2344.5,1122.8
4-167,Parasitized,No_comment,Polygon,25,2399.1,383.3,2404.95,363.5,2412.2,351.35,2426.15,337.35,2444.65,328.75,2461.3,328.3,2481.55,335.1,2504.95,353.1,2514.9,374.7,2516.25,400.45,2511.3,415.75,2504.5,432.85,2509,444.6,2510.85,462.15,2508.55,470.25,2494.2,472.45,2484.7,473.35,2469,484.65,2451.8,490.1,2434.25,486.05,2412.2,474.7,2396.9,461.25,2389.2,442.35,2389.2,415.3,2392.85,397.3
4-168,Parasitized,No_comment,Polygon,21,3522.2,2250,3536.7,2230.25,3563.35,2215.75,3587.1,2212.9,3616.15,2214.15,3636.7,2225.4,3654.85,2241.55,3669.4,2250.85,3675,2259.7,3668.95,2269.35,3666.15,2280.65,3665.35,2297.2,3647.6,2323,3623.4,2342.35,3608.1,2345.6,3575,2342.75,3552.45,2332.7,3529.85,2312.1,3521.4,2298.4,3516.55,2279.85,3517.35,2261.7
4-169,Parasitized,No_comment,Polygon,20,3321.4,2138.75,3335.1,2114.15,3347.2,2103.25,3371,2091.15,3402.05,2086.3,3423,2092.75,3441.15,2103.25,3458.5,2122.6,3468.15,2141.15,3469.8,2171,3458.1,2200.85,3440.35,2220.6,3422.6,2232.3,3387.5,2235.5,3368.55,2234.3,3352.05,2228.25,3335.9,2210.5,3323.8,2191.95,3318.95,2171.4,3319.35,2156.85
4-170,Parasitized,No_comment,Polygon,20,3433.1,1867.3,3441.15,1845.95,3455.25,1831,3474.6,1819.75,3503.65,1812.45,3520.6,1812.45,3540.75,1824.55,3553.65,1836.25,3562.55,1853.6,3567.75,1880.6,3556.9,1903.6,3539.55,1920.15,3528.25,1926.6,3519,1936.65,3498,1942.7,3477.85,1938.7,3458.1,1932.65,3439.15,1916.1,3431.1,1896.35,3431.5,1883.45
4-171,Parasitized,No_comment,Polygon,17,1432.15,1762.05,1438.65,1739.7,1456.05,1719.6,1483.8,1701.75,1514.2,1699,1544.65,1700.6,1564.2,1715.25,1582.7,1747.9,1585.95,1771.8,1580,1801.75,1560.95,1829.45,1533.8,1841.4,1500.1,1845.75,1475.1,1839.8,1451.7,1822.95,1434.3,1797.95,1430.5,1777.75