155,5312,2988
2-1,Uninfected,No_comment,Polygon,18,2166.7,2110.85,2167.15,2086.95,2172.95,2065.35,2178.8,2048.65,2188.3,2032,2200.9,2022.55,2226.55,2017.15,2245.5,2019.85,2267.1,2032,2282.9,2054.95,2286.9,2081.1,2278.85,2111.75,2264.9,2128.4,2241.95,2137.85,2209.5,2141,2182,2137.85,2163.1,2140.55,2166.25,2125.7
2-2,Uninfected,No_comment,Polygon,19,2162.65,2103.15,2162.65,2078.4,2170.25,2059.5,2169.8,2028.85,2151.8,2014,2120.25,2008.6,2086.5,2014.9,2062.65,2034.25,2049.1,2062.65,2047.8,2104.1,2072.95,2134.7,2096,2151.8,2127.9,2159.05,2159.05,2157.25,2181.55,2159.95,2191.05,2159.05,2186.05,2143.25,2176.55,2126.6,2167.55,2113.1
2-3,Uninfected,No_comment,Polygon,15,2286.5,2129.75,2301.35,2099.1,2317.1,2083.35,2333.35,2068.95,2352.3,2064.45,2379.3,2067.15,2397.3,2083.35,2408.15,2103.6,2407.7,2145.5,2391.9,2172.1,2367.1,2186.95,2338.35,2189.2,2318.45,2180.2,2303.2,2160.85,2290.6,2142.8
2-4,Uninfected,No_comment,Polygon,20,2141.4,2187.85,2147.75,2168.05,2168.45,2160.4,2186.05,2157.2,2203.6,2151.8,2214,2155.45,2222.05,2149.55,2237.85,2149.55,2259.05,2144.6,2273.85,2143.25,2286.5,2157.7,2299.55,2180.2,2303.2,2196.4,2291.5,2223.45,2272.05,2251.4,2239.7,2256.8,2207.7,2241.45,2176.55,2227.05,2152.25,2211.75,2135.6,2197.75
2-5,Uninfected,No_comment,Polygon,19,1881.05,2035.15,1872.55,2054.5,1870.3,2077.5,1880.15,2095.95,1895.95,2117.6,1917.6,2133.8,1944.15,2135.6,1976.1,2132.45,1995.5,2119.4,2017.15,2097.3,2022.95,2077.95,2017.15,2052.25,2009.45,2033.8,1994.6,2027.5,1975.2,2018.95,1953.15,2008.15,1927,2008.15,1897.75,2018.5,1890.1,2024.35
2-6,Uninfected,No_comment,Polygon,20,2094.2,2203.2,2104.1,2226.15,2113.55,2250.05,2119.85,2289.75,2114,2311.35,2116.25,2327.5,2128.45,2341.5,2151.85,2351.4,2175.3,2352.75,2193.75,2350.95,2210.85,2340.2,2224.4,2327.95,2230.7,2302.3,2230.25,2272.1,2220.8,2258.2,2201.4,2245.55,2168.5,2231.1,2151.85,2220.3,2119.85,2201.85,2097.35,2200.5
2-7,Uninfected,No_comment,Polygon,17,2301.85,2227.95,2284.75,2253.65,2273.05,2277.95,2268.55,2296,2279.8,2325.7,2295.1,2342.4,2319.9,2351.85,2336.1,2352.75,2357.7,2348.25,2379.8,2335.7,2395.1,2315.8,2402.3,2274.8,2401.4,2239.75,2382.5,2214.05,2364.45,2203.2,2332.05,2202.75,2316.7,2212.25
2-8,Uninfected,No_comment,Polygon,17,1992.4,2218.5,1980.25,2245.1,1980.7,2272.1,1988.8,2293.3,2001.4,2310.45,2018.95,2324.35,2037.9,2331.6,2059.95,2332.05,2089.7,2329.35,2102.75,2314.9,2114,2275.7,2113.55,2239.3,2099.6,2206.35,2075.3,2194.7,2051.4,2187.9,2026.2,2191.55,2005.9,2202.75
2-9,Uninfected,No_comment,Polygon,16,1756.2,2215.15,1762.3,2184.1,1777.4,2160.45,1795.35,2149.15,1824.6,2138.75,1856.2,2144.45,1878.85,2161.85,1893.9,2193,1894.85,2225.55,1883.05,2257.15,1860.45,2274.2,1834,2281.25,1806.2,2278.4,1784.5,2270.4,1767.95,2252.5,1758.05,2234.55
2-10,Uninfected,No_comment,Polygon,18,1713.75,2016.15,1704.95,2036.8,1702,2059.8,1708.35,2081.9,1725.05,2104.9,1756.9,2125,1773.55,2128.5,1787.8,2133.4,1793.65,2132.85,1796.6,2121.1,1810.35,2107.85,1824.05,2072.55,1825.05,2042.2,1801.5,2006.35,1786.3,1997.1,1766.2,1995.65,1743.2,1998.5,1725.55,2003.9
2-11,Uninfected,No_comment,Polygon,16,1541.2,1884.35,1524.55,1918.6,1518.15,1952.45,1525.05,1992.15,1546.1,2013.3,1565.7,2025.55,1589.25,2026.45,1617.2,2024,1640.7,2011.8,1657.4,1990.75,1667.2,1965.7,1661.8,1931.9,1645.65,1904.45,1622.1,1890.25,1581.4,1882.9,1562.3,1881.9
2-12,Uninfected,No_comment,Polygon,19,1808.85,1906.9,1798.55,1924.5,1797.1,1949.55,1804.45,1972.55,1820.65,1990.75,1843.2,1999.05,1870.65,2005.45,1898.1,1996.05,1913.3,1985.35,1918.65,1972.1,1919.65,1954.45,1920.65,1941.7,1926.5,1929.45,1925.55,1909.8,1913.75,1890.7,1890.75,1880.85,1871.6,1880.85,1853.95,1887.25,1831.4,1894.6
2-13,Uninfected,No_comment,Polygon,17,1947.35,1950.75,1948.85,1923.45,1957.4,1899.55,1971.75,1876.15,1993.8,1866.1,2021.1,1865.6,2039.7,1874.65,2051.2,1895.7,2064.6,1925.45,2074.65,1945.05,2074.15,1975.6,2050.7,2004.4,2023.45,2013.95,1999.5,2009.1,1971.3,2004.4,1952.6,1986.7,1946.9,1967.95
2-14,Uninfected,No_comment,Polygon,21,2039.7,1838.35,2047.85,1817.8,2074.15,1795.25,2103.85,1786.15,2124.95,1791,2145.5,1803.35,2156.45,1817.25,2172.3,1850.25,2180.85,1888.05,2182.8,1923.45,2190.45,1943.1,2185.65,1950.25,2169.85,1946.9,2130.6,1952.7,2107.2,1948.4,2089.5,1939.25,2083.3,1920.6,2073.2,1900.05,2059.3,1880.45,2048.35,1872.8,2040.65,1857.45
2-15,Uninfected,No_comment,Polygon,17,2349.8,1898.6,2355.55,1878.95,2367,1865.55,2381.35,1857.45,2397.15,1851.7,2422.05,1851.2,2445.95,1860.3,2456.5,1870.35,2464.15,1889.95,2467.95,1910.05,2457.45,1937.35,2444.05,1951.7,2422.05,1963.15,2393.8,1962.2,2371.8,1953.6,2356.95,1938.3,2351.7,1921.05
2-16,Uninfected,No_comment,Polygon,18,2197.15,1881.85,2197.65,1899.05,2197.15,1920.6,2199.05,1939.25,2210.55,1961.75,2227.3,1970.85,2245.5,1976.1,2268.9,1978.5,2288.55,1968.45,2315.8,1947.85,2325.85,1926.35,2330.15,1907.2,2316.75,1873.2,2300.5,1856.95,2277.05,1850.25,2234,1860.3,2218.2,1871.3,2203.85,1875.15
2-17,Uninfected,No_comment,Polygon,21,2157.85,1819.25,2148.35,1789.5,2150.25,1763.65,2152.15,1746.4,2150.25,1726.3,2173.7,1733,2194.3,1738.75,2221.05,1740.2,2249.8,1751.7,2269.4,1761.25,2275.15,1780.4,2267.5,1817.25,2258.85,1843.55,2234.95,1851.2,2226.35,1861.25,2222,1873.75,2208.6,1879.95,2190.45,1872.25,2179.45,1868.45,2168.4,1849.8,2159.8,1825
2-18,Uninfected,No_comment,Polygon,18,2177,1689.95,2184.7,1672.7,2198.55,1655.95,2228.65,1644.95,2254.1,1645.45,2282.3,1639.2,2299.05,1637.8,2316.3,1643.55,2332.55,1660.75,2340.2,1687.05,2333,1720.1,2315.8,1740.2,2293.75,1748.8,2262.65,1742.55,2233.5,1735.4,2205.75,1731.55,2190.85,1725.85,2177,1709.55
2-19,Uninfected,No_comment,Polygon,19,2044.05,1607.15,2018.6,1626.8,2010.05,1653.1,2015.25,1681.35,2026.8,1696.15,2030.65,1716.25,2038.3,1737.8,2055.05,1759.3,2082.3,1767,2110.55,1760.75,2131.1,1748.8,2149.25,1724.85,2158.85,1704.75,2161.75,1674.15,2156.4,1646.4,2144.5,1625.35,2117.25,1609.55,2090.45,1599.05,2060.75,1597.1
2-20,Uninfected,No_comment,Polygon,19,2154.55,1574.15,2175.15,1547.35,2184.7,1527.25,2200,1515.3,2227.75,1509.1,2252.1,1511.95,2271.8,1520.55,2287.55,1534.45,2300,1550.7,2305.75,1581.35,2300.9,1610.5,2286.55,1622,2257.9,1627.75,2229.2,1634.9,2206.25,1638.75,2181.85,1635.85,2166.95,1627.75,2154.55,1613.85,2153.6,1594.7
2-21,Uninfected,No_comment,Polygon,19,2047.9,1506.75,2056,1491.35,2058.8,1465.1,2067.4,1446.55,2086.85,1431.65,2107.2,1424.85,2128.85,1425.75,2147.45,1432.55,2164.6,1444.75,2179.1,1468.3,2186.4,1503.15,2176,1521.25,2161.95,1539.8,2149.75,1560.6,2123.05,1568.3,2089.55,1562.4,2066.5,1549.75,2052.9,1528.9,2042.9,1513.1
2-22,Uninfected,No_comment,Polygon,19,1927.5,1406.75,1915.8,1419.4,1907.2,1442.05,1908.55,1472.35,1914.85,1498.15,1929.35,1513.1,1956,1529.85,1973.65,1537.05,1997.7,1534.8,2013.1,1531.2,2026.2,1512.65,2040.7,1478.25,2045.65,1448.4,2042,1424.85,2022.6,1400.85,1995.9,1388.2,1969.6,1386.85,1946.05,1390.45,1934.35,1395.45
2-23,Uninfected,No_comment,Polygon,17,1762.4,1425.3,1748.85,1438.9,1742.95,1463.3,1741.55,1485.05,1749.75,1508.1,1775.55,1536.6,1801.75,1541.15,1827.1,1539.35,1854.65,1527.1,1867.85,1507.2,1878.2,1484.15,1878.2,1456.05,1867.85,1432.1,1845.2,1411.75,1825.3,1405.85,1794.1,1405.85,1776.45,1413.1
2-24,Uninfected,No_comment,Polygon,19,2030.3,1259.25,2014.9,1277.8,2007.2,1294.1,2006.75,1324.85,2014.9,1350.2,2034.35,1371,2057.9,1381.85,2086.45,1384.6,2109.5,1378.25,2123.95,1370.55,2126.25,1351.55,2125.75,1331.2,2130.75,1315.35,2134.35,1299.5,2129.35,1276.45,2116.7,1257,2084.1,1246.1,2057.45,1246.55,2043.4,1249.3
2-25,Uninfected,No_comment,Polygon,17,1970.55,1117.15,1961.95,1131.65,1957.9,1147.05,1957.45,1175.55,1970.55,1197.25,2002.2,1217.6,2022.2,1226.2,2042.05,1223.05,2068.35,1207.65,2081,1187.75,2086,1161.05,2084.1,1139.8,2063.8,1114.9,2044.8,1104.05,2024.4,1099.5,1998.65,1104.5,1982.3,1108.1
2-26,Uninfected,No_comment,Polygon,18,2215.35,1141.6,2220.75,1131.65,2230.25,1119.45,2233.45,1098.65,2237.95,1083.25,2257.85,1071.05,2274.15,1062,2302.2,1061.5,2338.4,1076.9,2357.4,1097.25,2369.65,1134.35,2357.85,1170.55,2323.95,1201.8,2290.45,1209.95,2260.6,1210.85,2238.4,1197.7,2218.95,1179.15,2214.9,1160.6
2-27,Uninfected,No_comment,Polygon,16,2110.8,1015.8,2101.75,1046.6,2105.4,1072.45,2118.5,1097.25,2137.5,1114,2161.95,1124.85,2191.35,1129.4,2209,1129.4,2221.65,1107.7,2230.25,1072.85,2229.35,1040.7,2213.05,1011.75,2193.15,993.65,2169.2,987.3,2148.8,992.3,2125.3,1000.45
2-28,Uninfected,No_comment,Polygon,17,2327.1,972,2319.85,990.95,2322.55,1018.55,2339.3,1057.05,2361.95,1075.6,2388.65,1081.9,2416.25,1081.05,2434.8,1069.65,2453.8,1055.2,2464.2,1033.45,2464.65,1008.2,2457.85,974.65,2437.05,958.35,2411.25,943.45,2381.4,938.95,2349.7,945.25,2335.7,953.9
2-29,Uninfected,No_comment,Polygon,16,2519.85,906.8,2505.85,926.3,2498.6,938.45,2498.15,971.55,2518.5,1006.3,2541.6,1025.85,2563.3,1032.1,2587.75,1029.4,2620.3,1015.35,2642.95,982.8,2647,943.95,2635.25,915.85,2616.25,895.9,2593.15,883.7,2562.85,882.35,2537.5,888.7
2-30,Uninfected,No_comment,Polygon,18,2411.25,798.25,2401.75,802.75,2391.8,818.1,2385.45,843,2390.9,874.2,2401.75,904.05,2425.75,923.05,2444.3,928.95,2470.1,931.2,2488.2,922.6,2511.7,900,2526.65,876.05,2531.6,842.5,2518.5,811.35,2488.2,789.2,2470.1,782.8,2446.1,783.25,2426.65,787.3
2-31,Uninfected,No_comment,Polygon,17,2657.4,982.8,2649.7,1006.3,2639.75,1023.5,2641.1,1057.05,2647.45,1085.95,2662.85,1104.5,2682.75,1119.9,2705.4,1125.85,2727.55,1128.05,2744.3,1122.6,2761.95,1106.3,2772.35,1082.8,2767.35,1051.1,2757.85,1034.4,2730.7,1010.85,2696.8,991.85,2670.55,981.05
2-32,Uninfected,No_comment,Polygon,16,2579.15,1178.65,2572.35,1196.75,2568.3,1218.9,2574.65,1250.1,2589.55,1271,2619.9,1289.55,2648.4,1291.75,2668.75,1280.5,2692.75,1259.65,2704.05,1229.8,2701.8,1199.9,2686.85,1171.85,2666.95,1154.2,2633,1151.05,2605.4,1156.5,2592.75,1169.15
2-33,Uninfected,No_comment,Polygon,15,2974.15,877.8,2967.4,902.75,2953.8,923.5,2942.95,946.15,2946.55,991.4,2968.3,1022.15,2981.85,1026.3,3006.3,1019.9,3025.75,1003.65,3040.7,976.05,3048.35,948.9,3046.1,914.45,3027.1,876.45,3003.1,862.05,2976.45,872.4
2-34,Uninfected,No_comment,Polygon,17,3220.45,1252.5,3236.3,1235.85,3253.65,1226.45,3280.85,1221.55,3300.1,1224.55,3320.1,1235.85,3340.1,1252.5,3349.15,1273.25,3350.65,1304.2,3340.1,1326.8,3322.7,1343.05,3291.8,1349.45,3265,1342.3,3226.5,1318.9,3215.15,1302.65,3211.4,1288.7,3212.55,1268.35
2-35,Uninfected,No_comment,Polygon,19,3181.2,1322.65,3168.4,1340.05,3165.35,1357.4,3165,1380.05,3172.9,1401.9,3189.5,1418.5,3203.1,1428.35,3223.85,1440.8,3243.45,1445.7,3267.25,1438.5,3281.2,1423.05,3293.65,1400.8,3294.4,1382.3,3286.5,1367.95,3275.55,1358.9,3251,1349.85,3232.15,1336.25,3215.55,1323.8,3195.55,1319.65
2-36,Uninfected,No_comment,Polygon,17,3305.6,1137.55,3299.25,1154.45,3297.55,1184,3309.4,1208.05,3331.75,1227.4,3350.3,1240.55,3371.4,1241.75,3394.2,1232.95,3411.5,1212.25,3417.8,1191.6,3410.65,1166.7,3398,1147.25,3377.75,1133.35,3355.35,1128.7,3338.9,1133.35,3324.55,1133.35,3312.35,1129.95
2-37,Uninfected,No_comment,Polygon,18,3354.95,1003.4,3352.4,1025.35,3356.2,1059.5,3362.55,1096.2,3378.6,1114.8,3391.25,1120.65,3413.6,1123.6,3442.7,1120.25,3467.2,1105.9,3484.5,1085.2,3492.95,1051.45,3490.4,1019.8,3479.45,997.9,3454.55,973.85,3431.35,964.95,3401.8,966.7,3379,975.15,3365.9,986.45
2-38,Uninfected,No_comment,Polygon,23,3318.65,933.75,3301.8,942.2,3285.35,958.65,3270.55,970.45,3253.25,983.55,3241,999.15,3232.15,1026.15,3230.45,1056.1,3239.75,1075.1,3256.2,1091.55,3298.85,1112.25,3321.6,1123.2,3335.95,1158.6,3346.1,1168.3,3344.4,1141.3,3338.5,1121.1,3345.25,1108,3351.55,1089,3345.25,1051.05,3341.45,1011.8,3340.6,978.45,3332.6,953.15,3326.25,938.8
2-39,Uninfected,No_comment,Polygon,15,3490.8,874.7,3505.15,848.55,3522.9,833.75,3552.85,827,3579,828.25,3599.65,836.3,3620.35,861.6,3630.5,892.4,3622.45,929.1,3596.7,957.4,3568.45,965.85,3531.3,970.05,3510.65,956.15,3495.05,929.95,3489.55,903.4
2-40,Uninfected,No_comment,Polygon,16,3341,773,3333.4,813.95,3336.8,851.05,3343.1,881,3360,900.85,3389.1,912.25,3425.85,908,3454.1,887.35,3466.75,861.6,3467.6,834.2,3455.35,798.75,3443.95,786.9,3420.35,768.35,3403.05,760.35,3380.25,759.05,3361.25,765.8
2-41,Uninfected,No_comment,Polygon,16,3572.65,675.1,3583.2,655.7,3603.45,641.75,3627.1,632.05,3664.65,635.4,3685.35,647.65,3698.85,665.8,3704.3,693.65,3704.75,724.45,3684.05,758.65,3669.7,770.45,3636.8,777.2,3604.3,772.15,3581.95,750.6,3574.35,727.4,3569.7,697.85
2-42,Uninfected,No_comment,Polygon,19,3894.2,752.3,3893.35,766.65,3889.15,783.55,3881.55,807.6,3879,831.2,3889.15,856.55,3908.1,873,3928.8,884.8,3957.5,887.75,3984.9,872.55,4007.7,840.5,4017.4,803.8,4014.9,765.8,4001.4,744.7,3978.15,725.3,3953.25,719.4,3925,722.75,3906.45,732.05,3896.3,740.05
2-43,Uninfected,No_comment,Polygon,18,3770.15,943.05,3789.15,924.05,3827.1,906.75,3853.7,900.05,3879.85,900.9,3904.35,920.75,3909.4,947.3,3908.95,972.65,3901.4,1000.9,3887.05,1011.85,3863.4,1040.55,3852,1052.4,3837.65,1049.85,3827.55,1038.9,3805.6,1028.35,3784.9,1014.4,3772.7,985.25,3769.3,960.8
2-44,Uninfected,No_comment,Polygon,18,3671.85,887.35,3687.85,898.35,3701.8,910.6,3714.85,916.45,3735.55,924.05,3754.1,948.6,3760,976.85,3758.35,1007.65,3737.65,1031.7,3712.35,1043.9,3677.75,1040.55,3654.1,1028.75,3639.75,1001.3,3635.95,974.7,3635.1,949,3645.25,925.35,3657.05,906,3662.15,893.7
2-45,Uninfected,No_comment,Polygon,18,3688.7,766.25,3680.25,787.8,3668.9,819.9,3667.2,849,3681.1,883.6,3708.1,902.95,3741.45,918.2,3766.75,916.95,3788.3,909.7,3812.75,897.5,3827.1,885.25,3841.05,852.75,3830.05,825.75,3806.45,795.35,3775.2,776.4,3740.6,765.05,3714.05,760.75,3694.2,761.25
2-46,Uninfected,No_comment,Polygon,20,3921.2,914.4,3919.5,925.35,3923.75,948.1,3916.55,967.95,3915.3,988.65,3926.7,1000.5,3940.6,1006.75,3975.2,1011.05,3992.1,1005.5,4022.9,992.85,4045.7,968.45,4060.45,941.35,4056.65,916.05,4047.35,898.35,4027.1,885.25,3998.85,879.8,3979.45,888.2,3968.45,898.35,3946.1,902.55,3934.3,900.5
2-47,Uninfected,No_comment,Polygon,21,3409.8,713.5,3414.45,695.75,3426.3,675.95,3449.05,660.3,3476.45,654.4,3509.35,659.05,3530.5,666.2,3542.7,681,3550.7,699.55,3555,721.5,3563.8,743.85,3571.4,767.5,3568.5,797.05,3554.5,814.35,3522.85,811.35,3495.5,805.45,3466.35,792.4,3455.4,776.75,3436.85,763.25,3417.4,752.7,3408.5,732.9
2-48,Uninfected,No_comment,Polygon,20,3259.15,624.45,3246.55,644.3,3240.6,664.95,3244.8,691.55,3261.3,711.35,3278.15,725.3,3297.95,732.05,3326.7,737.1,3350.35,740.9,3359.15,740.5,3369.3,723.6,3382.4,704.2,3392.5,676.75,3390.35,645.55,3379.4,620.25,3357.9,599.55,3328.35,594.9,3299.65,597.85,3273.05,609.7,3266.3,614.3
2-49,Uninfected,No_comment,Polygon,17,3104.7,627.4,3089.1,642.6,3079,662.45,3070.1,697.05,3079,722.35,3105.15,745.15,3129.2,752.3,3164.2,753.6,3195,740.5,3219.5,726.15,3229.6,705.9,3229.2,668.35,3219.5,634.15,3192.5,616,3168.45,608.45,3135.95,613.5,3115.25,616
2-50,Uninfected,No_comment,Polygon,17,2896.7,651.05,2903.05,669.6,2900.05,688.6,2902.2,717.3,2916.95,751.05,2938.9,770.05,2959.55,776.8,2985.3,775.5,3007.25,770.05,3024.15,744.7,3033.4,714.35,3022.85,683.1,3001.75,649.35,2974.75,637.95,2952.8,634.6,2922.85,643.05,2906.4,648.95
2-51,Uninfected,No_comment,Polygon,18,3224.55,756.1,3206.4,781.45,3195,810.1,3189.1,837.15,3196.7,871.75,3210.65,898.3,3240.15,915.2,3259.15,921.95,3290.4,915.2,3328.35,894.95,3328.8,878.05,3320.35,850.65,3315.7,825.75,3318.25,793.25,3312.75,775.95,3300.1,759.5,3272.65,749.8,3235.55,746.85
2-52,Uninfected,No_comment,Polygon,17,2932.55,468.3,2935.5,493.65,2929.6,515.6,2935.5,559.05,2948.15,589.85,2966.75,615.6,2979.4,629.5,2993.3,625.7,3025.8,618.55,3048.2,601.65,3062.5,567.5,3064.2,531.2,3054.1,509.25,3034.65,483.5,3008.95,468.3,2970.55,461.15,2949,464.55
2-53,Uninfected,No_comment,Polygon,14,2411.45,593.65,2410.2,618.55,2407.25,650.2,2417.8,683.15,2436.35,705.05,2468.45,719,2498.4,714.35,2527.9,697.05,2549.45,671.35,2545.65,646.4,2525.8,609.7,2496.3,589.05,2462.95,581.45,2433,585.65
2-54,Uninfected,No_comment,Polygon,18,2262.1,487.35,2250.7,504.2,2241,529.55,2243.95,554.85,2252.4,583.1,2270.1,602.15,2289.1,617.7,2313.15,621.1,2338.9,615.6,2357.45,602.15,2368,582.7,2369.25,543.45,2360.85,509.3,2343.95,486.05,2328.35,473,2305.15,466.65,2285.7,468.35,2270.55,474.25
2-55,Uninfected,No_comment,Polygon,16,2193.3,645.55,2181.5,663.25,2177.7,686.5,2172.2,705.5,2171.35,732.45,2184.85,748.1,2211.45,756.5,2242.65,757.85,2261.65,746.4,2282.35,717.75,2295.85,691.6,2296.7,665,2285.3,644.75,2260.8,631.2,2234.65,629.15,2214.8,632.05
2-56,Uninfected,No_comment,Polygon,17,2104.25,788.65,2094.55,809.75,2096.25,834.6,2105.55,864.6,2122,881.4,2145.2,893.7,2172.2,900.05,2196.25,896.65,2224.55,884.4,2243.1,859.5,2257.85,835.85,2252.4,806.35,2235.9,783.55,2208.5,772.6,2178.55,765,2148.15,770.05,2116.95,774.3
2-57,Uninfected,No_comment,Polygon,15,1941.4,727.85,1935.05,749.35,1932.55,772.15,1942.25,802.55,1964.6,827.85,2009.35,847.3,2030.45,846,2052.35,840.95,2069.65,816.9,2071.35,798.7,2058.3,773.8,2041,739.7,2016.9,719.45,1985.7,711.85,1959.55,713.5
2-58,Uninfected,No_comment,Polygon,19,2135.75,473.55,2104.05,489.4,2071.85,500.45,2057.35,518.95,2046.75,543.6,2043.65,575.3,2053.8,605.3,2071.85,631.7,2110.2,658.15,2136.65,670.9,2159.1,684.6,2171.85,692.95,2167.05,674.9,2165.7,640.5,2165.7,605.3,2162.2,574.45,2156,528.65,2144.55,496.45,2139.25,481.05
2-59,Uninfected,No_comment,Polygon,16,1696,539.65,1676.9,554.75,1663.35,575.35,1659.8,610.55,1677.4,644.2,1714.1,661.3,1742.75,667.8,1772.9,664.8,1809.05,650.75,1821.65,625.6,1826.65,597.45,1825.15,558.75,1798.5,533.15,1777.4,523.6,1737.2,522.6,1713.1,528.6
2-60,Uninfected,No_comment,Polygon,14,2228.2,247.25,2232.7,271.35,2243.25,308.55,2254.3,348.75,2279.45,364.8,2311.6,375.85,2338.25,373.35,2372.4,351.25,2385.45,321.6,2383.95,288.45,2368.4,253.25,2353.3,240.7,2292,240.2,2245.75,241.7
2-61,Uninfected,No_comment,Polygon,18,2414.85,306.7,2421.1,293.75,2437.6,280.35,2450.55,263.4,2462.6,253.6,2487.65,256.7,2511.3,265.65,2522,282.6,2529.15,312.05,2537.65,338.85,2529.6,371,2514.4,389.75,2491.65,400,2464.4,403.15,2437.2,395.1,2415.75,377.25,2406.35,356.25,2407.7,329.95
2-62,Uninfected,No_comment,Polygon,17,2541.95,229.65,2538.15,258.8,2540.7,296.6,2550,330.9,2569.95,357.15,2597.05,368.55,2623.35,373.3,2646.2,366.9,2666.55,350.35,2678,333.85,2689,320.3,2684.35,283,2669.1,245.3,2638.6,223.7,2609.75,212.7,2585.6,211.85,2556.8,216.05
2-63,Uninfected,No_comment,Polygon,16,2266.55,113.5,2260.2,127.1,2257.2,158.45,2262.3,197.85,2271.2,210.55,2293.25,223.25,2328.4,225.75,2350,219.9,2369.95,205.5,2381.8,179.2,2381.8,144.9,2369.95,116.9,2353,105.45,2327.55,99.95,2294.1,100.8,2272.45,105.9
2-64,Uninfected,No_comment,Polygon,17,2461.05,54.6,2465.7,74.55,2465.7,107.6,2471.65,145.3,2499.6,170.75,2545.35,182.95,2571.2,180.9,2597.05,168.6,2607.25,148.25,2614.85,118.6,2604.25,82.6,2591.15,60.55,2573.75,46.15,2544.95,37.65,2514,40.15,2486.9,48.25,2468.65,52.1
2-65,Uninfected,No_comment,Polygon,17,2839.45,265.25,2836.05,293.65,2836.9,328.35,2847.1,347,2868.7,363.55,2892.45,368.2,2915.75,365.65,2941.6,349.55,2957.25,327.5,2963.6,303.35,2956.4,272.85,2943.3,250.4,2921.25,236.85,2894.55,236,2870.8,244.05,2846.65,251.25,2842.45,255.05
2-66,Uninfected,No_comment,Polygon,16,2932.25,100.4,2957.25,74.55,2975.9,57.6,2996.7,50.85,3026.3,53.35,3048.4,69.9,3064.05,106.75,3062.8,140.65,3049.25,169.45,3028,186.4,3000.05,193.2,2967.4,188.55,2945,177.1,2935.2,155.5,2930.15,138.55,2930.6,113.1
2-67,Uninfected,No_comment,Polygon,16,3031,206.35,3021.7,229.65,3024.25,254.2,3035.2,279.65,3052.15,298.7,3072.95,306.35,3100.9,307.6,3133.55,296.6,3155.1,275,3161.9,231.35,3156.45,205.05,3135.65,174.15,3110.65,167.35,3085.2,170.3,3059.8,179.2,3044.1,190.25
2-68,Uninfected,No_comment,Polygon,16,3314,163.95,3301.75,186.4,3303.45,230.9,3317.45,254.65,3340.35,264.8,3367.45,274.15,3397.9,281.35,3427.2,278.8,3441.2,266.1,3450.1,244.9,3445.8,207.6,3436.95,194.05,3405.55,181.35,3377.2,164.8,3353.85,150.4,3330.95,152.5
2-69,Uninfected,No_comment,Polygon,18,3345.8,52.95,3334.8,66.95,3330.55,94.9,3339.05,119.5,3351.35,133.05,3372.1,141.5,3399.65,150.4,3431.85,168.65,3460.25,201.25,3468.7,211.45,3473.8,191.1,3483.55,173.7,3475.9,131.35,3466.15,108.9,3449.65,98.7,3441.6,85.15,3380.15,56.75,3353.85,47.85
2-70,Uninfected,No_comment,Polygon,18,2643.85,459.45,2627.2,482.4,2620.4,506.3,2617.25,537.4,2630.35,569.3,2644.3,596.35,2664.1,615.25,2686.2,621.6,2713.2,620.7,2732.15,607.2,2745.2,585.6,2751.05,561.25,2750.15,528.8,2739.35,500.4,2729,481.5,2710.05,456.7,2684.4,445.5,2668.15,447.75
2-71,Uninfected,No_comment,Polygon,18,3596.65,536.5,3602.95,517.6,3611.05,499.55,3614.65,485.6,3616.9,475.7,3631.75,477.05,3657,474.8,3677.25,472.55,3698.9,477.5,3721.85,493.25,3734.9,529.75,3735.35,561.75,3713.3,588.75,3688.05,600.05,3657.9,605.45,3631.75,595.95,3614.2,579.3,3599.8,556.35
2-72,Uninfected,No_comment,Polygon,18,3525,380.2,3510.6,410.4,3504.3,439.65,3510.15,469.4,3526.35,496.4,3553.85,504.1,3579.95,500.9,3598.9,487.85,3610.6,477.05,3629.5,464.45,3646.65,444.15,3649.35,415.35,3644.85,388.75,3628.6,366.25,3598.45,354.95,3575.9,356.75,3555.2,362.15,3542.1,369.85
2-73,Uninfected,No_comment,Polygon,18,2929.7,1066.55,2917.7,1076.3,2911.3,1094.35,2907.15,1117.3,2916.9,1141.75,2931.95,1156.4,2950.75,1165.4,2974.8,1169.55,2998.5,1159.4,3016.55,1145.5,3025.55,1125.55,3026.7,1106.4,3021.05,1085.7,3010.15,1066.9,2995.85,1056.4,2976.3,1047.75,2957.9,1050.4,2941.35,1056.75
2-74,Uninfected,No_comment,Polygon,21,3104.1,1440.15,3097.35,1456.75,3093.2,1476.3,3101.5,1505.25,3118.05,1527.75,3141.7,1545.1,3169.55,1556,3197.35,1562,3227.45,1555.55,3241.7,1543.2,3252.6,1506,3248.1,1476.3,3238.7,1463.1,3228.2,1455.25,3213.15,1449.25,3197.75,1443.6,3185.7,1427.05,3169.9,1421,3145.1,1415,3116.9,1424.05,3109.4,1430.45
2-75,Uninfected,No_comment,Polygon,19,2822.55,1462.35,2812.75,1477.05,2809.4,1494.35,2810.15,1512.75,2818,1533.45,2833.05,1550.3,2850,1562,2877.8,1565.4,2907.85,1551.1,2928.55,1532.65,2933.45,1522.5,2933.8,1498.05,2930.8,1479.7,2922.55,1461.6,2907.85,1443.2,2884.2,1437.5,2864.25,1438.35,2839.85,1443.95,2830.45,1450.7
2-76,Uninfected,No_comment,Polygon,17,3288.7,1523.8,3280,1545.55,3281.15,1569.25,3284.35,1595.35,3301.7,1624.6,3328.6,1647.5,3353.1,1665.3,3374.05,1677.55,3383.55,1672,3393.05,1646.3,3402.5,1617.05,3403.3,1577.55,3397.4,1551.05,3379.2,1522.6,3347.2,1510.35,3324.65,1513.1,3304.9,1515.5
2-77,Uninfected,No_comment,Polygon,17,3105.25,1611.55,3106.05,1638.4,3113.95,1660.55,3135.3,1682.7,3172.45,1692.2,3198.55,1693.35,3227,1686.65,3240.05,1677.55,3241.25,1654.25,3234.9,1629.7,3224.65,1594.95,3207.25,1578.35,3178.4,1572,3148.35,1570.85,3129.8,1577.95,3112.4,1596.5,3106.45,1603.25
2-78,Uninfected,No_comment,Polygon,17,3448.35,1405.6,3440.85,1422.2,3429.4,1438,3417.95,1458.55,3416.35,1486.65,3427.05,1506.8,3444,1523.8,3463.4,1530.1,3489.5,1528.55,3514.4,1521,3534.95,1498.1,3544.8,1479.5,3544.05,1457.8,3533.35,1435.65,3513.2,1419.85,3483.55,1412.7,3461,1405.6
2-79,Uninfected,No_comment,Polygon,17,3571.15,1375.7,3558.75,1391.45,3552,1417.4,3556.65,1443.4,3572,1468.85,3593.65,1482.55,3622.6,1488,3646.05,1488,3674.15,1476.15,3697.9,1452.3,3704.75,1424.25,3702.2,1399.55,3686.9,1386.35,3657.9,1374.85,3627.75,1364.25,3604.35,1359.55,3586.05,1364.25
2-80,Uninfected,No_comment,Polygon,18,3598.75,1260.8,3588.1,1285.1,3593.2,1313.95,3611.05,1338.25,3640.45,1348.05,3671.05,1361.65,3695.35,1373.95,3710.65,1378.25,3722.55,1362.95,3735.35,1331.4,3735.75,1293.1,3726.8,1265.05,3711.5,1245.95,3691.95,1228.9,3663,1222.1,3639.6,1225.05,3620,1236.55,3609.35,1247.65
2-81,Uninfected,No_comment,Polygon,17,3953.25,1324.75,3946.7,1352.35,3951.85,1379.45,3963.5,1408.9,3983.6,1429.9,4023.4,1443.45,4055.6,1438.3,4086.4,1421.05,4101.35,1395.35,4107,1371.05,4102.8,1342.05,4089.2,1319.15,4074.8,1305.15,4056.05,1298.15,4021.45,1301.4,3992.05,1305.15,3966.35,1313.55
2-82,Uninfected,No_comment,Polygon,17,3896.25,1168.2,3890.2,1189.25,3885.95,1215.4,3897.15,1250,3910.25,1278.95,3935.95,1288.8,3963.5,1295.3,4004.65,1288.8,4024.8,1274.75,4047.15,1257,4051.35,1231.3,4043.45,1198.6,4026.2,1170.1,3998.55,1151.85,3964.9,1143.9,3931.75,1144.85,3905.6,1156.05
2-83,Uninfected,No_comment,Polygon,19,4159.85,1151.85,4156.5,1165.4,4153.75,1187.4,4148.1,1207.45,4153.75,1238.3,4164.5,1255.6,4184.55,1269.15,4218.2,1274.75,4247.15,1271.05,4267.75,1262.6,4289.7,1241.1,4297.15,1218.2,4292.05,1192.05,4278.5,1167.75,4259.85,1153.75,4228.95,1143.45,4195.3,1148.6,4181.3,1150,4165.9,1145.3
2-84,Uninfected,No_comment,Polygon,16,4170.1,1511.2,4180.85,1482.2,4207.45,1461.65,4239.65,1453.7,4263.55,1453.25,4290.65,1461.65,4306.05,1473.8,4325.2,1507.9,4324.3,1546.25,4306.05,1569.6,4272.85,1591.1,4234.55,1594.35,4199.05,1582.7,4179.9,1568.65,4170.1,1542.95,4170.1,1529.4
2-85,Uninfected,No_comment,Polygon,16,4159.8,1853.7,4163.55,1835.05,4178.05,1810.75,4193.9,1789.7,4216.35,1778.95,4252.8,1778.45,4273.35,1785.05,4297.2,1803.7,4307.5,1830.85,4286,1919.6,4260.3,1939.25,4225.25,1935.5,4193.9,1928.45,4175.7,1913.55,4160.75,1887.35,4158.9,1870.1
2-86,Uninfected,No_comment,Polygon,16,4033.2,1703.25,4021.5,1722.9,4021.95,1763.05,4030.85,1790.15,4058.9,1817.7,4102.35,1828.95,4132.25,1829.4,4159.8,1814.95,4180.35,1787.85,4190.2,1753.25,4179.9,1721.5,4161.2,1693,4128.95,1679.4,4090.65,1678,4064.95,1682.65,4046.25,1692
2-87,Uninfected,No_comment,Polygon,15,4081.75,1948.65,4057,1972.4,4051.85,1993,4058.4,2030.85,4072.9,2058,4097.2,2072.95,4132.7,2077.6,4164.5,2065.9,4188.8,2047.25,4198.6,2012.65,4191.1,1972.95,4172.9,1948.1,4143,1938.35,4117.3,1935.1,4100.45,1937.9
2-88,Uninfected,No_comment,Polygon,16,3731.3,1950.95,3722.9,1968.25,3720.1,1984.1,3727.55,2010.8,3736.9,2035.95,3759.8,2056.1,3813.1,2065.45,3847.65,2057.45,3869.15,2040.2,3882.7,2015.45,3879.9,1980.85,3862.15,1947.25,3838.3,1925.2,3810.75,1916.85,3771.95,1920.55,3749.05,1929
2-89,Uninfected,No_comment,Polygon,15,3780.35,2280.35,3764.95,2308.4,3765.85,2356.55,3780.35,2391.1,3811.2,2407.4,3847.65,2411.65,3878.5,2403.25,3900,2389.2,3915.35,2356.55,3915.35,2317.7,3890.15,2288.3,3859.8,2267.7,3828.9,2256.05,3802.8,2262.15,3786.9,2269.1
2-90,Uninfected,No_comment,Polygon,15,3847.65,2191.1,3857.45,2165.9,3883.65,2148.6,3912.6,2137.85,3946.7,2142.5,3975.2,2155.55,3991.05,2183.65,3997.65,2212.6,3988.75,2256.55,3971,2280.35,3931.3,2288.3,3902.8,2283.65,3865.85,2261.2,3851.4,2235.95,3843.45,2206.55
2-91,Uninfected,No_comment,Polygon,17,3625.7,2326.6,3613.05,2359.35,3614,2387.85,3628,2414.5,3657.45,2435.05,3687.8,2440.2,3716.75,2435.5,3731.75,2425.7,3746.7,2408.4,3754.6,2382.7,3753.2,2354.15,3742.05,2328.05,3729.4,2309.8,3705.1,2299.05,3667.25,2299.05,3646.25,2306.55,3635.05,2314
2-92,Uninfected,No_comment,Polygon,16,3437.85,2310.25,3443.95,2345.3,3453.75,2373.8,3462.6,2410.25,3473.35,2432.65,3504.7,2440.6,3540.2,2437.35,3565.9,2421.9,3577.1,2393.4,3580.85,2363.5,3570.1,2335.95,3554.7,2309.3,3530.85,2298.55,3506.1,2296.7,3469.65,2299.5,3442.55,2302.3
2-93,Uninfected,No_comment,Polygon,18,3421.95,2303.25,3426.65,2333.15,3434.1,2365.4,3445.8,2387.35,3456.55,2406.95,3446.75,2434.05,3431.8,2447.6,3407,2448.1,3385.5,2434.55,3362.15,2412.1,3364.5,2394.35,3356.1,2361.65,3346.25,2334.05,3340.2,2314,3350.95,2293.9,3361.2,2285.45,3392.05,2283.6,3406.1,2291.1
2-94,Uninfected,No_comment,Polygon,18,3367.3,2221,3376.15,2201.85,3382.7,2193.4,3389.7,2176.6,3414,2156.05,3440.2,2152.3,3464.95,2153.7,3489.25,2165.85,3507,2186.9,3509.8,2204.15,3509.35,2215.4,3507,2256.05,3492.05,2276.6,3463.1,2286.4,3430.85,2289.7,3400,2275.2,3377.55,2257.45,3368.25,2235.45
2-95,Uninfected,No_comment,Polygon,17,3518.25,2193.4,3516.35,2228.95,3517.75,2250.45,3525.7,2269.1,3537.85,2286.4,3561.7,2294.8,3586.9,2294.8,3619.65,2285.45,3636.9,2271.9,3644.4,2243.9,3643.95,2219.1,3638.3,2198.55,3622.45,2181.25,3597.2,2164.9,3563.1,2163.05,3543.45,2175.65,3527.55,2182.65
2-96,Uninfected,No_comment,Polygon,17,3207.95,2164.9,3199.05,2188.3,3191.1,2218.65,3196.25,2241.1,3211.7,2265.85,3226.65,2276.6,3264.5,2281.75,3298.6,2277.05,3320.1,2262.6,3334.1,2246.2,3341.6,2213.05,3333.2,2185.95,3313.1,2159.75,3281.8,2142.5,3255.6,2140.15,3234.6,2146.2,3221.05,2153.7
2-97,Uninfected,No_comment,Polygon,18,2877.05,2191.1,2864,2211.65,2859.35,2230.8,2858.85,2256.05,2860.7,2275.65,2879,2288.75,2903.3,2294.8,2929,2296.2,2955.55,2287.8,2977.05,2270.5,2993.9,2248.1,3004.65,2222.4,3001.9,2196.7,2989.2,2176.6,2971.95,2166.8,2942.95,2163.5,2905.55,2170.5,2887.8,2178.95
2-98,Uninfected,No_comment,Polygon,17,2675.2,2237.8,2659.8,2249,2649.5,2275.65,2650.45,2296.2,2657.45,2321,2673.8,2338.75,2698.1,2347.15,2720.5,2348.1,2747.65,2342,2766.3,2328,2778,2309.3,2784.55,2285,2778.45,2264.9,2765.45,2250.9,2745.3,2233.6,2723.8,2225.65,2691.55,2226.15
2-99,Uninfected,No_comment,Polygon,15,2737.35,2169.6,2750.45,2151.35,2776.6,2133.15,2800.45,2122.85,2826.6,2128,2844.8,2139.7,2860.7,2166.3,2861.2,2192.95,2851.85,2222.85,2833.65,2245.3,2806.95,2252.3,2782.65,2244.8,2754.7,2231.25,2736.9,2206.05,2735.95,2186.85
2-100,Uninfected,No_comment,Polygon,18,2798.1,2355.1,2811.2,2332.2,2827.05,2320.05,2850.9,2309.3,2876.15,2303.7,2897.65,2314.45,2914.9,2324.25,2933.65,2342.95,2937.8,2363.5,2933.15,2389.2,2922.85,2410.25,2906.95,2433.15,2883.65,2445.75,2861.2,2445.3,2834.55,2441.1,2813.05,2428.45,2798.1,2403.25,2792.95,2376.15
2-101,Uninfected,No_comment,Polygon,16,2535.95,1991.6,2544.4,2036.9,2551.9,2051.4,2563.5,2068.2,2577.05,2094.85,2588.3,2112.6,2601.35,2125.25,2653.3,2150.95,2664.45,2139.25,2675.65,2117.3,2675.2,2070.55,2662.6,2027.1,2641.15,1992.5,2610.75,1979.9,2570.1,1981.75,2548.55,1986.45
2-102,Uninfected,No_comment,Polygon,16,2466.85,2054.65,2449.5,2078.05,2440.6,2107.45,2442.95,2136.9,2458.85,2158.4,2479,2172.4,2506.95,2179.9,2538.75,2174.75,2556.55,2162.15,2573.8,2140.2,2571,2116.8,2556.55,2078.05,2532.7,2042.05,2517.25,2032.7,2498.1,2034.55,2481.25,2040.65
2-103,Uninfected,No_comment,Polygon,19,2694.85,1996.25,2683.15,2013.1,2679.4,2032.7,2683.15,2058.4,2693.9,2098.6,2705.1,2116.35,2728.45,2131.3,2750.45,2134.55,2772.4,2121,2798.1,2106.55,2810.7,2086.9,2811.65,2046.7,2806.05,2028.95,2792.55,2013.1,2769.6,2001.85,2762.05,1988.5,2741.45,1980.95,2724.75,1981.75,2707.95,1985.05
2-104,Uninfected,No_comment,Polygon,22,2853.7,2052.35,2843.4,2074.3,2842.55,2097.65,2853.7,2127.1,2871,2144.85,2885.5,2155.15,2905.1,2156.55,2925.65,2150.45,2944.4,2150,2969.6,2149.05,2985,2143,2995.3,2129.9,3005.1,2105.6,3000.9,2075.7,2990.6,2060.75,2983.15,2053.25,2966.85,2054.2,2948.1,2052.35,2934.1,2043.45,2904.15,2028.95,2873.8,2034.1,2864.45,2042.5
2-105,Uninfected,No_comment,Polygon,17,3067.25,2160.75,3082.25,2138.3,3099.5,2122.4,3125.2,2113.55,3150.5,2114.95,3172.4,2130.85,3181.75,2150.95,3182.25,2178.5,3171.95,2206.05,3165.45,2228.95,3155.15,2244.4,3122.85,2252.35,3092.5,2244.4,3072.4,2227.1,3065.85,2209.8,3063.05,2191.1,3063.05,2177.1
2-106,Uninfected,No_comment,Polygon,20,3015.85,1924.4,3009.75,1932.3,3004.05,1948.75,3004.4,1973.15,3008,1995.35,3010.15,2017.25,3014.1,2033,3027.35,2046.6,3046.7,2055.25,3066.05,2059.15,3089.35,2052,3107.25,2036.6,3115.5,2017.95,3118.75,1985.7,3114.45,1954.5,3102.95,1928.35,3085.75,1912.55,3066.05,1906.1,3039.9,1907.9,3025.9,1914.35
2-107,Uninfected,No_comment,Polygon,25,3122.3,1924.75,3121.95,1947,3125.9,1962.75,3129.15,1986.75,3132.7,2017.95,3132.7,2039.2,3134.15,2055.3,3153.5,2066,3174.65,2071,3197.25,2068.85,3210.15,2066.35,3219.1,2056.3,3223.4,2041.95,3230.2,2018.65,3227,2001.45,3219.1,1990,3209.8,1981.4,3199.75,1963.85,3192.6,1950.55,3188.3,1938.4,3189.7,1928.35,3184.7,1919.4,3173.6,1912.55,3150.3,1909,3134.5,1912.95
2-108,Uninfected,No_comment,Polygon,19,2885.4,1888.2,2877.85,1906.5,2875,1931.95,2875.7,1965.6,2883.25,1993.2,2915.85,2021.55,2937.35,2034.45,2955.65,2042.3,2977.15,2037.65,2994.35,2028.35,2997.25,2010.4,2995.45,1981.4,2993.3,1959.15,2996.85,1926.9,2989,1898.6,2972.5,1878.5,2940.95,1869.9,2923.75,1870.65,2901.55,1876.35
2-109,Uninfected,No_comment,Polygon,17,2760.6,1886.85,2747.35,1906.15,2743.05,1928.35,2746.65,1952.75,2761.35,1976.4,2781.75,1993.25,2804.7,1999.7,2831.95,1995.4,2851.65,1982.85,2862.8,1963.5,2864.2,1931.25,2855.6,1902.9,2841.65,1887.85,2816.55,1873.9,2795.75,1870.3,2777.85,1872.8,2767.8,1878.55
2-110,Uninfected,No_comment,Polygon,18,3259.25,1669.8,3251.7,1677.7,3243,1701.85,3241.9,1732.05,3253.6,1757.35,3270.55,1784.15,3292.85,1794.3,3323.4,1796.95,3344.15,1792.05,3363.4,1780.35,3370.95,1763,3374.7,1734.7,3366.4,1706,3350.55,1683,3326.8,1663.75,3306.05,1655.85,3283.4,1656.95,3272.1,1660.75
2-111,Uninfected,No_comment,Polygon,17,3102.25,1720,3085.65,1732.8,3073.6,1756.95,3074.7,1785.25,3090.2,1816.95,3112.45,1831.3,3141.5,1835.85,3169.45,1833.95,3189.45,1822.6,3207.15,1799.6,3215.85,1775.45,3213.2,1752.05,3204.55,1733.95,3185.65,1718.1,3164.15,1706.4,3139.25,1706,3120,1708.3
2-112,Uninfected,No_comment,Polygon,16,3197.35,1885.7,3194.7,1901.55,3199.6,1930.25,3210.2,1961.55,3229.05,1991.3,3252.05,1999.25,3274.65,1999.65,3295.45,1992.1,3307.9,1972.45,3311.3,1944.55,3307.15,1915.1,3293.6,1892.1,3274.35,1876.25,3250.55,1867.15,3228.3,1867.55,3207.9,1873.6
2-113,Uninfected,No_comment,Polygon,16,3392.45,1866.8,3381.5,1887.95,3379.25,1912.1,3392.45,1944.95,3407.55,1967.55,3437.35,1983,3460,1988.3,3486.35,1982.65,3511.7,1963,3522.25,1937.4,3524.15,1903.8,3513.6,1881.55,3486.8,1853.25,3466.35,1846.8,3439.25,1845.3,3415.85,1851.7
2-114,Uninfected,No_comment,Polygon,17,3625.2,1628.05,3620.7,1652.7,3622.3,1695.5,3634.65,1724.75,3659.3,1741.2,3679.1,1745.3,3701.75,1744.1,3728.85,1726.4,3737.95,1707.45,3740.4,1684.8,3734.2,1664.25,3725.6,1645.7,3711.65,1635.45,3691.05,1635.45,3668.85,1632.15,3653.95,1623.5,3632.55,1622.25
2-115,Uninfected,No_comment,Polygon,16,2323.4,2583.85,2323.4,2552.15,2341.25,2527.8,2364.35,2516.9,2391.65,2518.2,2414.7,2527.8,2432.55,2553.85,2443.4,2598.65,2434.35,2634.7,2421.25,2659.05,2408.2,2669.5,2389.05,2670,2368.65,2660,2357.75,2643.85,2343.85,2617.8,2329.05,2600.35
2-116,Uninfected,No_comment,Polygon,19,2075.6,2616,2063.85,2647.35,2070.85,2677.35,2086.9,2702.15,2102.1,2711.65,2124.7,2719.05,2143.85,2728.65,2159.05,2735.65,2189.5,2734.35,2214.7,2727.35,2231.7,2721.65,2215.65,2702.15,2205.2,2675.15,2210.35,2643.85,2200,2613.4,2171.7,2592.55,2138.7,2580.35,2108.7,2581.3,2086.9,2595.65
2-117,Uninfected,No_comment,Polygon,15,1576.3,1482.5,1579.35,1519.6,1586.6,1560.85,1603.1,1581.5,1627.85,1594.9,1652.5,1596.95,1676.75,1586.1,1696.9,1568.6,1703.6,1542.8,1698.95,1520.15,1690.7,1500.55,1677.85,1484.55,1646.4,1475.8,1609.8,1476.85,1593.8,1479.4
2-118,Uninfected,No_comment,Polygon,17,1521.15,1472.2,1488.6,1485.1,1457.65,1504.65,1444.85,1525.8,1440.7,1553.65,1450.5,1591.25,1463.9,1610.35,1486.05,1620.65,1520.6,1623.75,1544.25,1615.5,1560.3,1591.25,1569.05,1569.6,1570.05,1550.05,1568.05,1525.8,1564.95,1505.2,1552.5,1485.6,1538.15,1474.25
2-119,Uninfected,No_comment,Polygon,16,1399.45,1351.6,1393.8,1380.95,1395.3,1421.15,1411.8,1452.6,1437.55,1471.15,1476.75,1472.2,1512.9,1465,1544.25,1449,1552.05,1409.8,1543.3,1396.4,1521.65,1383.55,1505.1,1367.55,1490.15,1349,1477.3,1337.15,1448.4,1335.6,1422.6,1342.8
2-120,Uninfected,No_comment,Polygon,13,1332.05,1620.35,1330.45,1663.65,1342.25,1695.2,1360.95,1714.45,1387.7,1723,1424.05,1717.65,1440.65,1698.4,1454.55,1661,1447.05,1616.6,1427.8,1589.3,1405.35,1581.3,1368.45,1581.3,1344.9,1597.35
2-121,Uninfected,No_comment,Polygon,17,1597.55,1225.25,1618.85,1181.7,1657.45,1197.55,1673.3,1221.8,1686.65,1248.55,1707.45,1272.8,1731.7,1288.15,1743.1,1314.9,1731.2,1347.55,1706.95,1366.85,1683.7,1374.3,1653.5,1367.35,1634.65,1353,1631.7,1327.75,1622.8,1296.55,1614.35,1266.35,1598.55,1239.65
2-122,Uninfected,No_comment,Polygon,19,1673.3,1179.25,1681.7,1155.95,1702.5,1140.6,1734.2,1131.7,1758.95,1134.2,1773.8,1147.55,1784.2,1184.2,1791.6,1221.8,1797.05,1255.95,1797.05,1293.1,1798.55,1324.3,1799.05,1330.2,1788.15,1315.35,1765.85,1304.5,1733.7,1279.25,1702.5,1246.05,1688.15,1226.75,1676.25,1206.45,1671.8,1191.1
2-123,Uninfected,No_comment,Polygon,15,1488.15,1267.35,1530.2,1218.35,1561.4,1224.75,1589.15,1235.15,1607.95,1272.3,1616.8,1314.4,1617.35,1346.05,1604,1367.85,1572.3,1382.7,1541.1,1376.75,1517.85,1362.9,1494.55,1343.6,1490.1,1312.4,1491.6,1291.6,1490.6,1281.2
2-124,Uninfected,No_comment,Polygon,15,1336.15,1194.55,1360.9,1184.65,1398.55,1182.2,1427.75,1189.6,1444.55,1202,1467.85,1228.75,1481.7,1252,1490.6,1282.15,1487.65,1297.55,1468.8,1306.95,1430.7,1318.35,1396.55,1318.35,1364.35,1310.9,1323.3,1280.2,1335.15,1196.55
2-125,Uninfected,No_comment,Polygon,16,1440.6,1166.5,1442.75,1190.3,1455.6,1215.6,1471.8,1239.9,1496.8,1242.2,1514.05,1234.95,1544.3,1222.55,1575.75,1218.95,1594.65,1206.5,1603.3,1182.7,1604.4,1162.2,1590.85,1140.55,1574.1,1127.6,1534.65,1126.5,1498.45,1140.55,1465.45,1155.15
2-126,Uninfected,No_comment,Polygon,18,1358.95,1137.85,1354.1,1112.45,1370.3,1091.9,1394.65,1090.3,1415.2,1091.35,1440.05,1088.1,1470.3,1081.65,1490.3,1069.2,1513,1061.1,1530.85,1060.55,1547.1,1076.75,1554.1,1102.7,1542.2,1137.85,1503.85,1156.75,1455.2,1172.95,1419.5,1176.25,1394.65,1169.75,1369.75,1157.85
2-127,Uninfected,No_comment,Polygon,16,1497.55,925.9,1501.6,906.6,1513.8,884.8,1536.15,872.6,1565.15,867,1594.5,875.65,1618.4,896.95,1631.6,915.75,1635.15,952.3,1624.45,983.25,1605.2,1002.55,1572.2,1013.2,1545.8,1008.65,1523.95,990.9,1505.7,970.05,1497.55,948.75
2-128,Uninfected,No_comment,Polygon,14,1562.55,809.15,1565.6,786.3,1584.95,758.4,1615.85,749.75,1656.5,747.2,1687.4,758.9,1705.2,780.2,1714.85,811.7,1701.65,847.75,1670.15,869.55,1631.6,874.15,1595.55,863.95,1574.2,845.7,1566.6,827.95
2-129,Uninfected,No_comment,Polygon,15,2851.25,2645.35,2854.9,2618.4,2875.35,2594.3,2898.7,2581.15,2933.75,2577.5,2961.5,2590.65,2984.15,2609.65,2995.1,2641.05,2994.35,2677.55,2981.95,2706,2955.65,2719.15,2932.3,2725.65,2891.4,2719.9,2865.85,2698,2854.2,2673.15
2-130,Uninfected,No_comment,Polygon,17,2810.95,2836.55,2822.85,2816.9,2844.3,2794.9,2864.55,2785.95,2898.45,2787.15,2927.05,2797.85,2944.9,2815.15,2956.8,2841.9,2956.8,2872.3,2944.9,2903.25,2927.65,2926.45,2891.3,2933,2859.75,2928.85,2831.2,2919.9,2810.35,2898.45,2809.75,2875.25,2805.6,2858
2-131,Uninfected,No_comment,Polygon,16,2633.55,2666.3,2642.5,2650.85,2656.15,2638.35,2679.4,2628.2,2703.8,2624.05,2735.95,2635.35,2751.4,2655,2768.1,2693.1,2767.5,2722.25,2752.6,2743.1,2733.55,2768.1,2693.1,2775.85,2657.35,2768.1,2629.4,2745.5,2621.65,2719.9,2624.6,2688.35
2-132,Uninfected,No_comment,Polygon,15,3185.4,2596.05,3169.9,2630.6,3163.95,2661.55,3175.85,2686.55,3194.9,2707.4,3212.15,2722.85,3237.1,2726.45,3261.6,2719.9,3277.65,2707.95,3291.95,2688.9,3294.9,2664.5,3287.15,2634.75,3258.6,2600.8,3237.1,2586.55,3205,2584.75
2-133,Uninfected,No_comment,Polygon,20,3050.25,2737.75,3054.4,2722.85,3068.7,2707.4,3085.95,2698.45,3112.15,2690.7,3131.2,2688.9,3151.45,2694.3,3172.9,2712.15,3187.15,2734.15,3194.9,2759.15,3196.1,2781.2,3187.75,2809.15,3172.3,2833,3141.35,2848.45,3112.75,2852.65,3081.2,2842.5,3060.95,2827.05,3050.85,2799.65,3043.7,2777.05,3044.9,2754.4
2-134,Uninfected,No_comment,Polygon,18,3328.25,2639.5,3321.1,2656.8,3321.1,2690.7,3325.85,2727,3343.75,2746.05,3359.8,2752.6,3393.15,2749.05,3414.55,2738.95,3430.6,2716.9,3443.15,2693.7,3444.35,2663.3,3433,2634.75,3424.1,2610.95,3414.55,2603.8,3385.4,2610.35,3369.85,2612.15,3355.05,2622.25,3345.5,2630
2-135,Uninfected,No_comment,Polygon,18,3382.45,2532.15,3392.4,2553.1,3401.3,2569.85,3399.2,2595.5,3398.4,2620.15,3408.9,2633.7,3428.3,2646.3,3451.1,2653.1,3478.35,2649.4,3502.35,2637.9,3519.7,2614.35,3527.05,2578.75,3518.15,2546.75,3495.05,2518.45,3471,2510.1,3442.2,2509.05,3412.9,2520.6,3394.05,2525.85
2-136,Uninfected,No_comment,Polygon,16,3250,2537.85,3255.8,2515.9,3266.75,2500.15,3293,2486.6,3317,2484.5,3344.75,2497.05,3363.1,2512.25,3372,2538.35,3376.75,2566.1,3369.9,2587.65,3351.05,2609.1,3332.2,2614.35,3298.7,2616.95,3276.7,2601.75,3259.95,2584.45,3248.4,2565.1
2-137,Uninfected,No_comment,Polygon,17,3636.95,2534.75,3628.6,2557.2,3626.45,2590.8,3639.6,2623.2,3662.05,2642.6,3677.85,2648.85,3702.95,2644.2,3723.4,2638.9,3741.7,2625.85,3757.35,2599.15,3764.15,2578.2,3758.4,2550.45,3745.3,2524.3,3721.8,2505.45,3697.65,2507.55,3668.4,2514.35,3653.7,2522.7
2-138,Uninfected,No_comment,Polygon,18,3119.1,2404.4,3103.4,2423.25,3098.15,2448.35,3107.05,2487.1,3118.05,2508.05,3145.3,2526.9,3167.3,2534.25,3195.55,2533.2,3218.05,2522.2,3233.8,2507.55,3245.3,2486.05,3238.5,2447.3,3229.05,2431.1,3219.65,2411.2,3210.75,2394.45,3192.4,2383.45,3165.2,2379.8,3141.1,2387.1
2-139,Uninfected,No_comment,Polygon,17,2882.95,2488.15,2893.45,2466.15,2909.15,2447.3,2933.75,2437.9,2970.4,2437.4,2997.1,2447.3,3012.3,2463.55,3020.65,2497.05,3020.15,2527.95,3004.95,2549.45,2990.85,2559.9,2958.9,2568.3,2935.35,2564.1,2914.9,2555.2,2896.05,2538.45,2886.65,2525.35,2885.6,2503.85
2-140,Uninfected,No_comment,Polygon,16,2688.65,2413.8,2672.95,2443.65,2674.55,2465.1,2690.25,2496.5,2709.1,2516.4,2735.8,2526.35,2766.7,2528.45,2786.6,2517.45,2810.15,2500.2,2813.3,2466.65,2807.55,2436.3,2790.25,2415.9,2755.7,2385,2726.35,2374,2708.05,2386.05,2694.45,2400.15
2-141,Parasitized,No_comment,Polygon,23,2223.2,2623.75,2231.55,2611.9,2244.35,2600.1,2259.15,2592.65,2274.9,2588.75,2295.1,2588.75,2314.8,2596.1,2321.2,2608.45,2327.15,2619.75,2339.45,2633.05,2350.75,2650.35,2355.2,2674,2350.3,2697.15,2341.9,2713.9,2327.15,2726.15,2303.5,2737.95,2272.4,2737.95,2246.85,2731.05,2226.35,2717.95,2214.8,2693.7,2214.3,2668,2215.8,2648.85,2218.75,2633.6
2-142,Parasitized,No_comment,Polygon,21,2166.55,2584.75,2147.8,2572,2135.5,2559.65,2127.6,2533.6,2129.1,2501.55,2146.35,2478.85,2167,2468.55,2196.6,2468.55,2223.2,2479.9,2244.35,2497.55,2256.7,2509.4,2261.6,2537.45,2262.1,2573.5,2247.25,2583.35,2232.55,2592.65,2219.25,2612.85,2203.2,2641.1,2193.8,2637.2,2182,2625.4,2173.15,2609.15,2169.2,2592.9
2-143,Parasitized,No_comment,Polygon,19,3269.05,2306.35,3255.9,2322.45,3246.15,2343.2,3239.8,2362.7,3236.85,2381.35,3241.05,2403.35,3250.8,2422.85,3258.85,2440.25,3273.7,2453.8,3293.6,2461,3313.1,2463.1,3332.15,2455.9,3346.6,2438.55,3347.85,2409.7,3339.8,2362.7,3330.45,2334.7,3322.4,2319.45,3305.45,2305.5,3290.2,2297.45
2-144,Parasitized,No_comment,Polygon,19,4000.95,1557.45,4014.95,1543,4030.35,1532.1,4051.15,1526.25,4081.95,1528.05,4102.75,1535.75,4118.6,1551.55,4135.8,1574.2,4140.75,1594.55,4138.5,1623.5,4128.1,1644.35,4105,1658.35,4072.9,1662.9,4042.55,1658.8,4019.5,1644.8,4002.75,1626.25,3994.15,1608.15,3992.8,1582.35,3994.15,1569.2
2-145,Parasitized,No_comment,Polygon,20,3641.65,1504.95,3634.85,1515.4,3627.2,1532.55,3623.1,1550.2,3624.9,1569.65,3635.8,1592.3,3651.6,1610.4,3675.15,1619.45,3710.45,1623.05,3732.6,1619.45,3750.7,1605.4,3767.9,1586.4,3768.8,1559.25,3763.4,1537.1,3752.05,1519,3727.65,1500,3707.75,1492.3,3685.1,1490.5,3665.65,1491.85,3656.6,1494.1
2-146,Parasitized,No_comment,Polygon,17,4098,987.4,4105.55,968.35,4121.15,951.75,4138.75,942.2,4170.9,939.2,4195,946.7,4213.1,958.3,4227.65,975.35,4237.2,1001.5,4233.75,1029.15,4222.15,1046.2,4188.45,1094.45,4157.3,1089.95,4128.15,1073.85,4104.55,1051.75,4095,1026.6,4094.05,1009.05
2-147,Parasitized,No_comment,Polygon,19,2652.1,1749.3,2654.9,1730.05,2666.15,1705.65,2682.15,1688.75,2715.95,1671.35,2743.65,1664.8,2766.65,1664.35,2788.25,1674.2,2806.55,1693.45,2818.75,1718.8,2819.2,1750.65,2810.75,1778.9,2793.4,1800.5,2766.15,1812.2,2738.45,1817.85,2706.05,1815.5,2683.05,1808,2667.55,1792.95,2653.95,1764.8
2-148,Parasitized,No_comment,Polygon,21,2151.15,1292.95,2143.15,1301.4,2139.4,1320.65,2137.05,1344.1,2140.8,1361.95,2159.6,1383.55,2177.9,1398.6,2203.25,1408.9,2219.2,1415,2244.55,1420.65,2257.7,1415,2266.65,1406.55,2274.15,1390.1,2281.65,1354.9,2278.85,1327.7,2268.5,1308.45,2253,1290.6,2232.35,1278.85,2204.65,1271.8,2184.45,1274.65,2165.2,1280.25
2-149,Parasitized,No_comment,Polygon,20,2825.35,858.2,2832.4,835.7,2842.75,820.2,2865.25,806.6,2887.35,801.4,2911.25,800.95,2934.75,808.5,2946.5,818.8,2956.35,832.85,2964.35,854.45,2963.4,876.1,2953.55,897.7,2940.85,914.6,2924.9,929.6,2909.4,938.05,2883.55,933.85,2861.05,919.7,2841.8,906.15,2832.4,887.35,2825.35,872.75
2-150,Parasitized,No_comment,Polygon,22,2723.95,959.2,2724.85,936.6,2737.55,914.05,2747.85,903.25,2762.45,894.8,2777.45,890.1,2798.1,891.1,2814.05,896.7,2826.3,906.1,2836.6,916.4,2849.75,930.5,2859.15,939.95,2868.05,955.85,2871.35,977,2861.95,999.55,2841.3,1023.45,2817.85,1032.85,2792.45,1032.4,2765.25,1023.95,2746,1011.25,2732.4,991.55,2724.85,973.7
2-151,Parasitized,No_comment,Polygon,20,1833.25,596.2,1839.9,570.15,1853.65,549.3,1875.45,539.8,1898.2,536.95,1927.05,548.35,1942.75,564,1956.5,585.3,1961.2,611.4,1956.5,640.3,1937.5,659.25,1919.05,667.3,1906.2,677.25,1887.3,684.35,1879.2,677.25,1871.6,660.2,1862.2,653.1,1848.85,644.55,1838.95,630.8,1833.7,611.85
2-152,Parasitized,No_comment,Polygon,19,1748.95,438.85,1757.4,420.35,1764.55,400.95,1776.4,383.4,1791.55,371.55,1812.9,366.35,1835.15,371.05,1854.6,382.45,1873.1,395.7,1888.7,418.45,1893.95,450.7,1887.8,477.7,1869.75,496.2,1844.65,507.1,1816.25,510.4,1789.2,503.3,1766.45,491.95,1752.2,474.85,1747.05,457.35
2-153,Parasitized,No_comment,Polygon,18,2682.35,137.1,2672.35,173.75,2673.3,199.05,2680.95,226.2,2699.05,251.6,2720.35,269.25,2741.6,268.8,2764.25,261.05,2781.85,251.15,2800.4,232.1,2809.95,208.1,2801.35,174.7,2795.9,154.25,2775.1,134.8,2758.4,125.75,2728.5,120.8,2705.85,117.6,2686.85,123.05
2-154,Parasitized,No_comment,Polygon,23,3267,407.65,3257.45,390,3257.95,365.55,3257,347.45,3258.8,327.55,3264.2,309,3276.05,290,3302.7,279.6,3318.5,277.35,3342.5,285.95,3369.65,297.7,3386,317.6,3392.75,338.85,3392.3,367.4,3381,390.45,3371.05,407.65,3355.6,420.75,3332.55,429.8,3320.35,437.95,3298.65,441.6,3286.4,437.5,3279.6,428.45,3273.25,420.3
2-155,Uninfected,No_comment,Polygon,18,2004.15,216.1,1998.65,245.2,1992.6,272.85,1988.1,290.45,1997.65,313.05,2012.2,333.15,2039.85,347.75,2068.5,355.3,2100.65,356.3,2111.7,344.75,2118.75,319.1,2118.75,290.95,2111.2,256.3,2093.6,226.15,2070,204.5,2050.9,193.95,2028.8,197.5,2014.7,205.5